"SampleID","TCGA.FV.A3I0.01A.11R.A22L.07","TCGA.DD.A3A6.11A.11R.A22L.07","TCGA.DD.A3A6.01A.11R.A22L.07","TCGA.BD.A3ER.01A.11R.A213.07","TCGA.CC.5261.01A.01R.A131.07","TCGA.DD.AAVZ.01A.11R.A41C.07","TCGA.DD.AADN.01A.11R.A41C.07","TCGA.DD.A1EB.01A.11R.A131.07","TCGA.LG.A9QD.01A.11R.A38B.07","TCGA.G3.A25T.01A.11R.A16W.07","TCGA.XR.A8TE.01A.11R.A36F.07","TCGA.DD.AACA.01A.11R.A41C.07","TCGA.FV.A4ZQ.01A.11R.A266.07","TCGA.CC.A1HT.01A.11R.A131.07","TCGA.DD.AAD5.01A.11R.A41C.07","TCGA.K7.A5RF.01A.11R.A28V.07","TCGA.DD.AADA.01A.11R.A41C.07","TCGA.MI.A75I.01A.11R.A32O.07","TCGA.DD.AAD0.01A.11R.A41C.07","TCGA.DD.AACN.01A.11R.A41C.07","TCGA.DD.AAW0.01A.11R.A41C.07","TCGA.BC.A10R.11A.11R.A131.07","TCGA.BC.A10R.01A.11R.A131.07","TCGA.DD.AAD3.01A.11R.A41C.07","TCGA.2Y.A9GZ.01A.11R.A39D.07","TCGA.DD.A11B.01A.11R.A131.07","TCGA.DD.AAVU.01A.11R.A41C.07","TCGA.XR.A8TG.01A.11R.A36F.07","TCGA.DD.AADJ.01A.11R.A41C.07","TCGA.G3.A5SJ.01A.11R.A27V.07","TCGA.ED.A66Y.01A.11R.A311.07","TCGA.BC.A112.01A.11R.A131.07","TCGA.FV.A3I1.01A.11R.A22L.07","TCGA.DD.A4NV.01A.11R.A311.07","TCGA.T1.A6J8.01A.11R.A32O.07","TCGA.DD.A1EC.01A.21R.A131.07","TCGA.UB.A7MD.01A.12R.A352.07","TCGA.DD.AACT.01A.11R.A41C.07","TCGA.DD.AACA.02B.11R.A41C.07","TCGA.DD.AACA.02A.11R.A41C.07","TCGA.DD.AADS.01A.11R.A41C.07","TCGA.ED.A7PX.01A.51R.A352.07","TCGA.FV.A23B.01A.11R.A16W.07","TCGA.DD.A4NF.01A.11R.A27V.07","TCGA.FV.A23B.11A.11R.A16W.07","TCGA.DD.AACO.01A.11R.A41C.07","TCGA.G3.A7M7.01A.12R.A352.07","TCGA.CC.5262.01A.01R.A131.07","TCGA.BC.A10U.11A.11R.A131.07","TCGA.G3.A7M8.01A.11R.A33R.07","TCGA.DD.AAEH.01A.11R.A41C.07","TCGA.BC.4073.01B.02R.A131.07","TCGA.DD.A114.11A.12R.A131.07","TCGA.RG.A7D4.01A.12R.A33R.07","TCGA.G3.AAV4.01A.11R.A38B.07","TCGA.DD.AACQ.01A.11R.A41C.07","TCGA.DD.A1ED.01A.11R.A155.07","TCGA.EP.A2KB.01A.11R.A180.07","TCGA.BD.A2L6.01A.11R.A213.07","TCGA.G3.A5SI.01A.31R.A27V.07","TCGA.G3.AAV2.01A.11R.A37K.07","TCGA.GJ.A6C0.01A.12R.A311.07","TCGA.DD.A73D.01A.12R.A32O.07","TCGA.ED.A7XO.01A.11R.A352.07","TCGA.G3.A5SK.01A.11R.A27V.07","TCGA.ED.A8O5.01A.11R.A36F.07","TCGA.2Y.A9GT.01A.11R.A38B.07","TCGA.DD.AAW1.01A.11R.A41C.07","TCGA.CC.A3MB.01A.11R.A213.07","TCGA.ZP.A9CZ.01A.11R.A38B.07","TCGA.G3.A7M6.01A.11R.A33R.07","TCGA.HP.A5MZ.01A.21R.A27V.07","TCGA.G3.A3CG.01A.11R.A213.07","TCGA.FV.A3I0.11A.11R.A22L.07","TCGA.ES.A2HS.01A.11R.A180.07","TCGA.FV.A3I1.11A.11R.A22L.07","TCGA.UB.A7MA.01A.11R.A33R.07","TCGA.KR.A7K2.01A.12R.A33R.07","TCGA.DD.AACP.01A.11R.A41C.07","TCGA.K7.A5RG.01A.11R.A28V.07","TCGA.2Y.A9HA.01A.11R.A39D.07","TCGA.WJ.A86L.01A.12R.A39D.07","TCGA.RC.A6M3.01A.11R.A32O.07","TCGA.DD.A39X.01A.11R.A213.07","TCGA.DD.AADL.01A.11R.A41C.07","TCGA.2Y.A9GU.01A.11R.A38B.07","TCGA.WQ.AB4B.01A.11R.A41C.07","TCGA.DD.AAE9.01A.11R.A41C.07","TCGA.MR.A8JO.01A.12R.A36F.07","TCGA.2Y.A9H1.01A.11R.A38B.07","TCGA.DD.AADK.01A.11R.A41C.07","TCGA.BC.A10U.01A.11R.A131.07","TCGA.DD.AAE1.01A.11R.A41C.07","TCGA.FV.A4ZP.01A.12R.A266.07","TCGA.DD.AAVP.01A.11R.A41C.07","TCGA.DD.A11C.11A.11R.A131.07","TCGA.DD.A4NP.01A.11R.A28V.07","TCGA.DD.A11C.01A.11R.A131.07","TCGA.CC.A9FW.01A.11R.A37K.07","TCGA.DD.A114.01A.11R.A131.07","TCGA.MI.A75E.01A.11R.A32O.07","TCGA.WX.AA46.01A.11R.A39D.07","TCGA.G3.A25X.01A.11R.A16W.07","TCGA.DD.AAW2.01A.11R.A41C.07","TCGA.DD.AAD2.01A.11R.A41C.07","TCGA.5C.A9VG.01A.11R.A37K.07","TCGA.BC.A3KF.01A.11R.A213.07","TCGA.DD.A11D.11A.12R.A131.07","TCGA.G3.A7M9.01A.23R.A352.07","TCGA.2Y.A9H7.01A.11R.A39D.07","TCGA.DD.AAVW.01A.11R.A41C.07","TCGA.BD.A2L6.11A.21R.A213.07","TCGA.DD.A4NB.01A.12R.A266.07","TCGA.PD.A5DF.01A.11R.A27V.07","TCGA.DD.A1EF.01A.11R.A131.07","TCGA.MI.A75G.01A.11R.A32O.07","TCGA.DD.AADW.01A.11R.A39D.07","TCGA.XR.A8TF.01A.11R.A36F.07","TCGA.CC.A5UE.01A.11R.A28V.07","TCGA.DD.A1EL.01A.11R.A155.07","TCGA.5R.AA1C.01A.11R.A41C.07","TCGA.DD.AAD8.01A.11R.A41C.07","TCGA.MR.A520.01A.11R.A266.07","TCGA.G3.AAV5.01A.11R.A37K.07","TCGA.EP.A3JL.01A.11R.A213.07","TCGA.BC.A110.11A.11R.A131.07","TCGA.BC.A110.01A.11R.A131.07","TCGA.DD.AADF.01A.11R.A41C.07","TCGA.XR.A8TC.01A.11R.A36F.07","TCGA.ZP.A9D2.01A.11R.A38B.07","TCGA.ZP.A9CY.01A.11R.A38B.07","TCGA.DD.A1EC.11A.11R.A131.07","TCGA.CC.A8HT.01A.11R.A36F.07","TCGA.ZS.A9CD.01A.11R.A37K.07","TCGA.CC.A3MC.01A.11R.A22L.07","TCGA.DD.A1EB.11A.11R.A131.07","TCGA.LG.A9QC.01A.11R.A37K.07","TCGA.DD.A39X.11A.11R.A213.07","TCGA.CC.A8HU.01A.11R.A36F.07","TCGA.DD.A11D.01A.11R.A131.07","TCGA.DD.A11B.11A.11R.A131.07","TCGA.G3.A25Y.01A.11R.A16W.07","TCGA.K7.AAU7.01A.11R.A38B.07","TCGA.DD.A1EL.11A.11R.A155.07","TCGA.DD.AAD1.01A.11R.A41C.07","TCGA.DD.AACH.01A.11R.A41C.07","TCGA.2V.A95S.01A.11R.A37K.07","TCGA.RC.A7SH.01A.11R.A38B.07","TCGA.CC.A7IE.01A.21R.A38B.07","TCGA.BC.A10Q.01A.11R.A131.07","TCGA.BC.A10Q.11A.11R.A131.07","TCGA.FV.A3R2.11A.11R.A22L.07","TCGA.FV.A3R2.01A.11R.A22L.07","TCGA.RC.A7SB.01A.21R.A352.07","TCGA.5R.AAAM.01A.12R.A41C.07","TCGA.DD.AACX.01A.11R.A41C.07","TCGA.DD.AADQ.01A.11R.A41C.07","TCGA.DD.A1EI.01A.11R.A131.07","TCGA.DD.AAEE.01A.11R.A41C.07","TCGA.GJ.A9DB.01A.11R.A37K.07","TCGA.KR.A7K8.01A.11R.A33J.07","TCGA.DD.A3A3.01A.11R.A22L.07","TCGA.ED.A459.01A.11R.A266.07","TCGA.2Y.A9H5.01A.11R.A38B.07","TCGA.DD.AAE0.01A.11R.A41C.07","TCGA.XR.A8TD.01A.12R.A39D.07","TCGA.DD.A4NR.01A.11R.A311.07","TCGA.CC.A7IG.01A.11R.A33J.07","TCGA.DD.A73B.01A.12R.A32O.07","TCGA.CC.5264.01A.01R.A131.07","TCGA.BC.A5W4.01A.11R.A28V.07","TCGA.RC.A7SF.01A.11R.A352.07","TCGA.DD.A1EE.01A.11R.A131.07","TCGA.BC.A3KG.01A.11R.A213.07","TCGA.DD.A119.01A.11R.A131.07","TCGA.DD.AAEK.01A.11R.A41C.07","TCGA.O8.A75V.01A.11R.A32O.07","TCGA.ED.A7PZ.01A.11R.A33R.07","TCGA.ED.A97K.01A.21R.A38B.07","TCGA.DD.A1EA.01A.11R.A131.07","TCGA.DD.A118.11A.11R.A131.07","TCGA.DD.A118.01A.11R.A131.07","TCGA.DD.A4NG.01A.11R.A27V.07","TCGA.DD.A4NJ.01A.11R.A27V.07","TCGA.DD.AADG.01A.11R.A41C.07","TCGA.K7.A6G5.01A.11R.A311.07","TCGA.BC.A10T.01A.11R.A131.07","TCGA.HP.A5N0.01A.11R.A28V.07","TCGA.FV.A496.01A.11R.A266.07","TCGA.DD.AACV.01A.11R.A41C.07","TCGA.3K.AAZ8.01A.12R.A39D.07","TCGA.CC.A3M9.01A.11R.A213.07","TCGA.UB.A7MF.01A.11R.A33J.07","TCGA.2Y.A9GS.01A.12R.A38B.07","TCGA.DD.A1EK.01A.11R.A213.07","TCGA.DD.AAE6.01A.11R.A41C.07","TCGA.DD.A116.11A.12R.A26B.07","TCGA.MI.A75C.01A.11R.A32O.07","TCGA.DD.A3A4.01A.11R.A22L.07","TCGA.DD.A113.01A.11R.A131.07","TCGA.DD.AACE.01A.11R.A41C.07","TCGA.UB.A7MB.01A.11R.A33R.07","TCGA.ED.A66X.01A.11R.A311.07","TCGA.QA.A7B7.01A.11R.A32O.07","TCGA.EP.A26S.11A.12R.A16W.07","TCGA.G3.A25S.01A.11R.A16W.07","TCGA.G3.A3CI.01A.11R.A213.07","TCGA.DD.A4NE.01A.11R.A27V.07","TCGA.FV.A495.01A.11R.A266.07","TCGA.G3.A25U.01A.11R.A16W.07","TCGA.ED.A4XI.01A.11R.A266.07","TCGA.UB.A7ME.01A.11R.A33J.07","TCGA.DD.A39Y.01A.11R.A213.07","TCGA.LG.A6GG.01A.11R.A311.07","TCGA.DD.A4ND.01A.11R.A266.07","TCGA.CC.5260.01A.01R.A131.07","TCGA.DD.AADU.01A.11R.A41C.07","TCGA.G3.A3CJ.01A.11R.A213.07","TCGA.BD.A3EP.01A.11R.A22L.07","TCGA.DD.AACK.01A.11R.A41C.07","TCGA.DD.A3A5.11A.11R.A22L.07","TCGA.DD.A3A5.01A.11R.A22L.07","TCGA.CC.A123.01A.11R.A131.07","TCGA.DD.AACY.01A.11R.A41C.07","TCGA.UB.AA0V.01A.11R.A38B.07","TCGA.BD.A3EP.11A.12R.A22L.07","TCGA.CC.A7IH.01A.11R.A33J.07","TCGA.BC.A8YO.01A.11R.A37K.07","TCGA.DD.AACI.01A.11R.A41C.07","TCGA.G3.AAV1.01A.11R.A38B.07","TCGA.RC.A7S9.01A.11R.A33R.07","TCGA.2Y.A9H9.01A.21R.A39D.07","TCGA.GJ.A3OU.01A.31R.A38B.07","TCGA.G3.AAV3.01A.11R.A37K.07","TCGA.DD.AAEB.01A.11R.A41C.07","TCGA.EP.A3RK.01A.11R.A22L.07","TCGA.EP.A3RK.11A.11R.A22L.07","TCGA.MI.A75H.01A.11R.A32O.07","TCGA.DD.AAEI.01A.11R.A41C.07","TCGA.G3.A25Z.01A.11R.A16W.07","TCGA.FV.A3R3.01A.11R.A22L.07","TCGA.2Y.A9GW.01A.11R.A38B.07","TCGA.ZS.A9CG.01A.11R.A37K.07","TCGA.ZP.A9D0.01A.11R.A37K.07","TCGA.DD.A4NH.01A.11R.A27V.07","TCGA.DD.AADC.01A.11R.A41C.07","TCGA.DD.AAD6.01A.11R.A41C.07","TCGA.DD.AACD.01A.11R.A41C.07","TCGA.NI.A8LF.01A.11R.A36F.07","TCGA.ZP.A9D4.01A.11R.A37K.07","TCGA.DD.AAE7.01A.11R.A41C.07","TCGA.DD.A39Z.01A.11R.A213.07","TCGA.DD.A39Z.11A.21R.A213.07","TCGA.EP.A2KA.01A.11R.A180.07","TCGA.G3.A3CH.11A.11R.A22L.07","TCGA.G3.A3CH.01A.11R.A22L.07","TCGA.DD.A1EI.11A.11R.A131.07","TCGA.DD.A3A9.01A.11R.A266.07","TCGA.DD.AAC8.01A.11R.A41C.07","TCGA.BC.A216.01A.11R.A155.07","TCGA.DD.AADV.01A.11R.A39D.07","TCGA.DD.AAE2.01A.11R.A41C.07","TCGA.G3.AAV7.01A.11R.A38B.07","TCGA.CC.A9FU.01A.11R.A37K.07","TCGA.DD.A11A.11A.11R.A131.07","TCGA.5C.A9VH.01A.11R.A37K.07","TCGA.WX.AA44.01A.11R.A39D.07","TCGA.BC.A10Y.11A.11R.A131.07","TCGA.BC.A10Y.01A.11R.A131.07","TCGA.DD.A1EG.11A.11R.A213.07","TCGA.DD.A1EG.01A.11R.A213.07","TCGA.DD.A1EE.11A.11R.A131.07","TCGA.2Y.A9GY.01A.11R.A38B.07","TCGA.DD.A119.11A.11R.A131.07","TCGA.DD.A4NO.01A.11R.A28V.07","TCGA.DD.AACW.01A.11R.A41C.07","TCGA.BC.A69H.01A.11R.A311.07","TCGA.DD.A3A8.11A.11R.A22L.07","TCGA.DD.A3A8.01A.11R.A22L.07","TCGA.5C.AAPD.01A.21R.A39D.07","TCGA.ZS.A9CF.02A.11R.A38B.07","TCGA.KR.A7K7.01A.11R.A33J.07","TCGA.2Y.A9H4.01A.11R.A38B.07","TCGA.DD.A3A1.11A.11R.A213.07","TCGA.G3.A6UC.01A.21R.A33J.07","TCGA.CC.A5UC.01A.11R.A28V.07","TCGA.BC.A10T.11A.11R.A131.07","TCGA.DD.AAVR.01A.11R.A41C.07","TCGA.DD.AADO.01A.11R.A41C.07","TCGA.DD.AAVV.01A.11R.A41C.07","TCGA.ED.A627.01A.12R.A311.07","TCGA.ZP.A9CV.01A.11R.A38B.07","TCGA.DD.AADI.01A.11R.A41C.07","TCGA.DD.AACJ.01A.11R.A41C.07","TCGA.DD.A116.01A.11R.A131.07","TCGA.RC.A6M6.01A.11R.A32O.07","TCGA.CC.5263.01A.01R.A131.07","TCGA.G3.A5SL.01A.11R.A27V.07","TCGA.NI.A4U2.01A.11R.A28V.07","TCGA.ED.A82E.01A.11R.A352.07","TCGA.UB.AA0U.01A.11R.A38B.07","TCGA.2Y.A9H3.01A.11R.A38B.07","TCGA.CC.A7II.01A.11R.A33J.07","TCGA.DD.A3A4.11A.11R.A22L.07","TCGA.DD.AACG.01A.11R.A41C.07","TCGA.DD.AAC9.01A.11R.A41C.07","TCGA.DD.AAVX.01A.11R.A41C.07","TCGA.2Y.A9HB.01A.11R.A39D.07","TCGA.RC.A7SK.01A.11R.A352.07","TCGA.DD.AADD.01A.11R.A41C.07","TCGA.EP.A26S.01A.11R.A16W.07","TCGA.DD.A4NN.01A.11R.A28V.07","TCGA.CC.A7IL.01A.11R.A33R.07","TCGA.DD.AAEG.01A.11R.A39D.07","TCGA.ED.A7XP.01A.11R.A352.07","TCGA.DD.A4NA.01A.11R.A266.07","TCGA.BW.A5NQ.01A.11R.A27V.07","TCGA.ED.A5KG.01A.11R.A27V.07","TCGA.RC.A6M5.01A.11R.A32O.07","TCGA.FV.A2QQ.01A.11R.A22L.07","TCGA.DD.A1EH.01A.11R.A131.07","TCGA.2Y.A9H2.01A.12R.A38B.07","TCGA.DD.A1EH.11A.11R.A131.07","TCGA.CC.A8HS.01A.11R.A36F.07","TCGA.G3.A5SM.01A.12R.A28V.07","TCGA.CC.A7IF.01A.11R.A33J.07","TCGA.FV.A2QR.11A.11R.A213.07","TCGA.DD.A73E.01A.12R.A32O.07","TCGA.DD.A39V.01A.11R.A213.07","TCGA.DD.A39V.11A.11R.A213.07","TCGA.CC.A7IK.01A.12R.A33R.07","TCGA.DD.AACC.01A.11R.A41C.07","TCGA.G3.A25V.01A.11R.A16W.07","TCGA.CC.A9FS.01A.11R.A37K.07","TCGA.UB.A7MC.01A.11R.A33R.07","TCGA.BC.A10X.11A.11R.A131.07","TCGA.RC.A6M4.01A.11R.A32O.07","TCGA.BC.A10W.01A.11R.A131.07","TCGA.DD.A39W.01A.11R.A213.07","TCGA.WX.AA47.01A.11R.A39D.07","TCGA.DD.A39W.11A.11R.A213.07","TCGA.G3.A3CK.01A.11R.A213.07","TCGA.ZP.A9D1.01A.11R.A38B.07","TCGA.WQ.A9G7.01A.11R.A37K.07","TCGA.2Y.A9H0.01A.11R.A38B.07","TCGA.DD.A115.01A.11R.A131.07","TCGA.DD.AAE3.01A.11R.A41C.07","TCGA.DD.A73G.01A.22R.A32O.07","TCGA.DD.AACL.01A.11R.A41C.07","TCGA.DD.A3A3.11A.11R.A22L.07","TCGA.BC.A216.11A.11R.A155.07","TCGA.BC.4072.01B.11R.A155.07","TCGA.DD.A4NI.01A.11R.A27V.07","TCGA.DD.A1EJ.01A.11R.A155.07","TCGA.DD.AAW3.01A.11R.A41C.07","TCGA.DD.A1EJ.11A.11R.A155.07","TCGA.BW.A5NP.01A.11R.A27V.07","TCGA.DD.AA3A.01A.11R.A37K.07","TCGA.DD.AADB.01A.11R.A41C.07","TCGA.DD.AAED.01A.12R.A41C.07","TCGA.DD.A11A.01A.11R.A131.07","TCGA.BC.A10S.01A.22R.A131.07","TCGA.KR.A7K0.01A.12R.A33R.07","TCGA.CC.A8HV.01A.11R.A36F.07","TCGA.CC.A3MA.01A.11R.A213.07","TCGA.DD.A4NK.01A.11R.A28V.07","TCGA.DD.A3A7.01A.11R.A22L.07","TCGA.CC.5258.01A.01R.A131.07","TCGA.BC.A69I.01A.11R.A311.07","TCGA.DD.AADM.01A.11R.A41C.07","TCGA.DD.AACF.01A.11R.A41C.07","TCGA.EP.A2KC.01A.11R.A213.07","TCGA.CC.5259.01A.31R.A213.07","TCGA.DD.AACB.01A.11R.A41C.07","TCGA.BC.A217.01A.11R.A155.07","TCGA.G3.AAV0.01A.11R.A37K.07","TCGA.BC.A10Z.01A.11R.A131.07","TCGA.BC.A10Z.11A.11R.A131.07","TCGA.DD.A73C.01A.12R.A33J.07","TCGA.ZS.A9CF.01A.11R.A38B.07","TCGA.G3.A7M5.01A.11R.A33R.07","TCGA.DD.A73F.01A.11R.A32O.07","TCGA.ZS.A9CE.01A.11R.A37K.07","TCGA.ES.A2HT.01A.12R.A180.07","TCGA.ES.A2HT.11A.11R.A180.07","TCGA.DD.A3A1.01A.11R.A213.07","TCGA.DD.AAVQ.01A.11R.A41C.07","TCGA.DD.AACU.01A.11R.A41C.07","TCGA.DD.AADR.01A.11R.A41C.07","TCGA.DD.AACS.01A.11R.A41C.07","TCGA.ED.A8O6.01A.11R.A36F.07","TCGA.EP.A12J.01A.11R.A131.07","TCGA.EP.A12J.11A.11R.A131.07","TCGA.DD.AAVS.01A.11R.A41C.07","TCGA.ED.A7PY.01A.11R.A33R.07","TCGA.DD.AADP.01A.11R.A39D.07","TCGA.4R.AA8I.01A.11R.A38B.07","TCGA.G3.AAV6.01A.21R.A37K.07","TCGA.DD.A4NS.01A.11R.A311.07","TCGA.DD.A113.11A.12R.A131.07","TCGA.DD.A73A.01A.12R.A32O.07","TCGA.DD.AAEA.01A.11R.A41C.07","TCGA.2Y.A9H6.01A.11R.A39D.07","TCGA.DD.AAVY.01A.11R.A41C.07","TCGA.YA.A8S7.01A.11R.A37K.07","TCGA.CC.A9FV.01A.11R.A37K.07","TCGA.DD.A4NQ.01A.21R.A28V.07","TCGA.DD.AACZ.01A.11R.A41C.07","TCGA.DD.AAE4.01A.11R.A41C.07","TCGA.5R.AA1D.01A.11R.A38B.07","TCGA.2Y.A9GX.01A.11R.A38B.07","TCGA.G3.AAUZ.01A.11R.A38B.07","TCGA.2Y.A9GV.01A.11R.A38B.07","TCGA.DD.A4NL.01A.11R.A28V.07","TCGA.FV.A2QR.01A.11R.A213.07","TCGA.DD.AADY.01A.11R.A41C.07","TCGA.BW.A5NO.01A.11R.A27V.07","TCGA.CC.A7IJ.01A.11R.A33R.07","TCGA.2Y.A9H8.01A.11R.A39D.07","TCGA.BC.A10X.01A.11R.A131.07","TCGA.DD.A3A2.11A.11R.A213.07","TCGA.DD.A3A2.01A.11R.A213.07","TCGA.CC.A5UD.01A.11R.A28V.07","TCGA.BC.A10W.11A.11R.A131.07"
"ENSG00000002726.21",3,1358,6,27,27,3,0,10,101,24,27,2,4,660,902,9,2,13,7,63,9,587,15,11,11,535,10,27,2,165,7,7,96,51,36,16,931,1,0,3,32,7,11,32,10,0,25,2,974,9,0,50,333,82,26,1,7,48,477,0,40,136,16,151,1267,7,930,23,5,16,26,108,4,2,334,1359,4,23,2974,19,71,147,12,34,93,1,78,7,8,7,20,345,2,1,107,12,14,31,11,37,267,633,11,4,3,2,20,175,546,16,437,639,24,30,16,270,5,84,30,66,75,16,4,40,221,10,3,3,8,31,10,560,27,6,6,15,37,966,17,171,565,9,874,307,8,16,40,1,34,14,1219,264,82,40,343,0,6,10,8,124,17,0,12,29,1,10,217,8,62,109,154,4,109,39,1,50,9,7,4316,8,341,10,12,23,2,47,10,9,1,15,6,2,5,5130,482,14,4,77,9,9,0,1,9,8,469,14,147,18,21,2,6,33,23,85,70,63,0,135,30,18,17,7,4,6,205,3,271,68,3,73,16,33,82,74,51,206,647,175,690,146,19,16,11,23,17,86,55,0,163,596,1,2,4,7,6,3,5,23,5,1110,10,2244,6,14,3,105,17,1175,1408,13,35,202,124,11,18,3,237,1131,635,41,4,125,10,170,52,95,14,16,1,7,3,3,13,2,4,209,107,172,3690,15,14,7,99,136,111,17,212,34,16,12,68,8,12,5,2,46,6,51,4,216,11,270,1,2,28,8,6,0,29,695,3,5,838,6,10,1041,249,17,2,24,9,6,13,16,101,112,8,8,1,2,684,258,102,33,8,567,2,67,7,6,18,222,6,9,23,262,6,10,19,5,3,30,29,5,17,15,19,195,165,16,4,86,809,29,135,358,37,125,3,0,3353,22,203,20,6,12,761,2300,136,1050,30,1,17,0,39,10,58,18,4,15,88,4,315,13,3,6,55,20,1,357,6,6,0,6
"ENSG00000004846.16",11,1,5986,1,27,12,1,0,1,18,1,0,0,1,30,0,2,1,91,2,6,1,5,0,2,8,1,4,1,0,284,103,4,3,1,7,1,2,0,3,0,10,8,0,0,0,0,1,0,1,0,26,0,0,0,1,13,2,176,0,11,29,0,1,2,1,0,0,5,1,689,66,13,0,1,0,0,4,4,1,13,7,5,0,2,0,129,0,6,1,12,1,1,72,0,0,3,0,6,0,0,0,38,0,24,7,0,0,12,0,1,3,1,1,14,2,56,2,18,163,0,2,0,3,22,0,0,0,1,2,0,0,83,2,8,0,1,0,0,0,0,1,10,1,18,7,223,39,5,7,0,0,2,1,4,0,10,10,1,21,2,194,17,0,1,0,2,72,1,457,3,2,0,11,32,0,86,0,0,0,0,6,1,1,0,1,3,1,0,8,1,10,2,4,2,0,1,0,0,3,0,22,46,9,1,1,3,1,3,0,5,7,18,115,10,5,0,0,257,3,6,2,0,184,0,0,0,0,0,0,1,1,69,0,0,1,0,0,0,141,0,13,151,0,69,256,0,364,2,1,0,4,0,9,0,1,0,0,0,2,7,0,110,3,3,0,3,0,0,0,59,0,190,0,1,3,123,0,0,34,1,1,0,3,0,7,0,1,0,447,3,0,2,0,3,1,761,0,0,9,0,0,2,1,3,9,0,19,0,134,11,1,4,84,257,92,0,5,5,2,2,2,0,1,8,1,6,0,0,0,1,2,3,6,5,0,0,1,0,11,0,1,0,14,399,0,9,2,87,0,1,3,0,52,0,0,8,16,0,3,177,0,0,577,6,1,143,0,0,0,146,7,124,71,5,0,167,0,0,0,0,22,0,6,0,0,8,3,0,21,46,0,0,3,0,0,26,1,13,0,5,0,6,0,4,9176,0,1410,0,4,2,0,0,2,0,0,4,2,13,1,0,0,274,0
"ENSG00000004848.8",1,0,354,0,0,1,0,0,0,149,2,0,7,18,6,0,35,1,0,1,0,0,1,0,0,0,0,0,0,0,0,0,3,0,0,4,5,0,0,0,0,8,0,2,0,1,0,0,0,0,0,1,5,1,0,0,0,0,1,0,1,0,0,0,0,0,0,0,0,1,0,0,0,0,0,0,2,0,2,0,2,0,122,0,2,35,2,0,1,0,2,13,0,0,0,0,0,1,0,14,1,0,20,0,0,14,2,0,7,0,1,0,0,1,2,0,5,0,2,266,0,0,0,0,2,0,0,1,0,3,0,0,0,0,0,0,0,0,0,0,1,0,0,1,1,1,2,1,4,6,0,0,0,0,0,0,0,0,0,1,0,0,1,0,0,1,1,0,0,0,0,1,0,2,0,0,0,0,151,1,0,24,0,0,0,0,1,0,43,0,0,1,0,1,1,0,2,0,0,0,0,13,2,0,0,0,0,0,1,0,1,1,0,0,0,0,0,0,3,0,0,1,0,0,0,0,1,1,0,0,0,0,1,1,0,1,0,0,0,2,22,0,1,1,2,0,0,0,0,1,1,0,1,2,0,1,0,0,0,3,9,6,3,0,1,0,0,0,0,0,0,0,0,0,0,0,0,1,0,1,0,0,0,1,0,0,0,1,1,1,3,1,0,0,0,2,3,4,0,1,0,37,8,0,1,0,0,0,0,1,0,0,0,18,1,35,0,3,1,0,0,0,0,0,0,1,1,1,7,0,17,1,0,2,0,0,0,0,4,0,0,0,3,2,0,0,0,10,1,0,0,0,0,0,0,0,1,0,0,4,0,0,0,0,0,0,0,0,0,0,0,0,1,0,3,0,4,0,0,1,1,1,0,0,2,0,1,21,0,0,0,1,0,0,0,0,6,2,2,0,0,0,21,0,222,23,10,0,0,5,1,0,1,0,0,0,1,5,0,0,0,0,3,0
"ENSG00000005073.6",6,0,0,1,38,0,0,0,0,0,5,10,10,0,3,1,51,0,0,0,0,0,3,0,0,2,0,6,2,0,2,1,0,0,1,0,0,0,1,1,0,0,1,1,0,1,0,2,0,0,0,0,0,2,1,1,0,0,2,0,2,2,0,0,0,1,0,0,0,1,3,0,1,0,0,0,46,3,18,2,0,41,283,1,12,17,11,0,4,2,1,11,17,153,9,0,1,0,17,283,1,1,357,0,1,20,72,0,16,4,0,0,1,1,2,0,3,3,1,0,0,2,1,6,2,0,0,1,5,318,0,0,39,0,0,0,1,0,1,1,0,11,0,0,0,8,43,1,1,0,1,4,0,4,0,1,0,0,3,10,1,45,0,10,2,0,2,76,4,208,33,4,6,119,0,0,0,8,38,0,0,2,73,2,0,0,0,2,0,2,7,303,116,1,4,346,1,2,0,1,0,0,0,14,0,0,0,5,1,0,0,1,1,5,28,0,9,0,4,29,0,0,0,1,0,1,2,15,1,2,85,0,0,3,0,0,0,1,0,0,11,3,2,6,59,10,0,0,0,0,0,1,0,0,0,0,0,17,0,288,5,2,888,18,0,1,14,0,2,0,0,0,1,0,0,0,132,0,23,45,1,3,2,0,0,0,0,0,1,2,0,2,0,0,3,0,8,3,0,1,1,5,4,0,10,0,0,13,0,0,52,1,0,24,0,1,0,3,0,0,2,1,0,9,1,1,1,7,0,0,40,1,1,4,3,0,1,0,2,0,0,0,0,0,62,0,0,9,42,0,2,1,0,1,0,0,1,0,7,1,3,5,3,9,3,0,79,0,9,7,0,344,6,4,1,2,1,0,2,0,0,1,3,2,0,0,3,20,0,1,0,1,0,1,0,1,19,44,51,0,2,1,49,0,38,0,189,0,0,0,0,2,3,1,204,1,9,197,7,1,0,0,10,0
"ENSG00000005187.12",827,1288,25,1563,318,226,121,11,1689,784,1237,1315,356,903,869,2163,86,189,130,329,405,3758,335,612,1759,1196,256,904,215,565,34,811,677,2004,410,599,1149,256,2500,3148,164,98,414,4832,4240,91,461,290,2797,11638,1048,212,2016,896,4223,689,2518,1508,1029,144,975,115,1607,1021,1191,1126,1681,2346,656,341,1800,1007,98,3505,361,4162,2183,78,267,1154,1224,279,211,492,1038,514,203,377,366,195,1179,724,404,37,349,1383,2399,2247,582,362,1132,5288,185,1351,333,1178,1563,2039,992,228,1018,1905,827,198,368,444,139,1348,230,2054,838,501,5580,1207,304,2351,712,217,370,1229,1409,3314,209,326,124,4758,424,3980,583,641,1656,95,541,5142,247,401,51,47,2579,224,2307,2104,759,1472,940,311,522,790,1257,771,32,257,1495,556,1065,395,466,59,1418,505,346,232,754,1804,114,485,870,3557,1248,978,2302,222,549,170,2639,593,3660,1538,438,892,538,48,514,1182,526,678,3677,1205,1758,922,588,862,130,2267,2007,306,4513,493,362,1881,1096,417,661,689,506,1464,210,688,252,5769,2811,896,34,328,1908,2934,2705,1475,25,848,340,746,420,2570,683,495,3413,1132,1069,771,1037,239,3482,556,120,295,900,245,3782,1832,949,37,1116,150,4263,1484,4079,25,200,770,1850,4750,37,286,2744,135,147,3819,1726,3199,234,1384,759,2723,143,535,187,1971,2180,1178,2195,254,918,960,2586,1586,2187,80,61,160,1990,351,30,1261,290,300,141,1862,32,9419,1461,95,278,1979,575,742,641,1225,1631,1260,2166,605,380,230,812,47,755,289,785,1185,118,534,2464,204,1215,275,1543,1945,270,2093,2699,133,1636,517,2355,3905,2176,919,3224,54,5470,4074,109,167,227,1113,462,163,141,2498,2968,174,1518,4264,499,4599,140,78,882,56,5658,1343,511,79,6993,1915,17,1791,811,377,188,702,69,224,732,451,3188,1880,24,3497,540,737,1413,77,1043,489,183,682,1028,745,808,1298,1089,511,38,491,1521,480,2190,3211,950,75,532,694,458,19,219,374,693,1468,959,285,1251,2010,99,107,409,81,212,2458,4585,103,364,2079
"ENSG00000006118.15",7552,8,646,348,1433,132,185,123,84,29734,325,603,1798,4407,2413,97,153,167,102,1536,271,39,403,356,105,75,829,269,122,526,362,957,395,267,346,947,323,51,184,245,80,9781,585,382,216,31,237,615,59,294,75,355,134,155,290,104,152,185,134,88,990,390,39,197,22,1047,121,129,247,203,3166,341,140,27,139,48,2471,137,1105,200,249,69,464,294,268,75,83,80,841,61,643,132,41,476,195,16,169,718,1399,349,582,122,2871,97,298,313,513,71,6201,1287,275,148,561,555,164,60,2347,57,69,477,91,56,65,67,183,35,459,176,169,3769,121,61,641,313,393,46,210,16,87,50,112,1494,4794,151,573,678,146,423,360,18593,100,135,75,139,150,78,59,464,405,1043,287,191,335,467,1586,397,400,7286,149,509,220,79,114,149,277,76,356,240,2669,159,24,951,352,344,136,188,502,378,87,25,50,2310,200,253,155,47,50,110,56,397,49,129,879,175,40,43,83,219,682,73,356,311,219,97,524,14553,159,60,349,431,18,130,123,122,210,82,595,148,78,240,88,202,674,533,53,230,28,184,37,152,388,193,260,97,1114,440,104,164,376,116,174,72,35,120,43,117,102,1072,666,158,239,178,1606,336,49,524,580,86,176,33,364,68,624,52,116,146,1686,51,181,213,283,196,84,75,94,1147,48,243,158,299,1820,93,181,137,552,2226,507,167,165,19429,354,205,5153,162,50,245,83,136,145,89,87,1046,63,390,304,5207,307,1070,411,147,715,8484,38,1380,356,210,1285,1182,636,45,270,151,279,493,149,110,143,483,67,139,55,140,172,2901,195,209,142,506,2355,79,65,3053,122,363,48,78,476,5425,896,24,134,319,200,541,18755,83,183,610,230,97,128,188,52,340,314,100,84,326,173,121,66,226,75,172,145,156,593,187,730,82,745,158,46,540,49,293,239,856,1060,39,69,41,271,24,772,262,664,111,68,536,712,111,79,112,309,70,37,3721,183,296,25,45,7927,90
"ENSG00000006377.11",5,0,0,1,61,112,0,0,1,35,199,0,2,2,0,0,0,0,0,174,0,0,2,0,0,0,32,1,474,1,196,65,0,1,0,0,1,0,0,0,0,104,12,7,0,0,2,0,0,0,0,0,0,68,0,0,0,0,0,0,0,3,0,1,0,91,0,0,7,0,0,1,0,0,0,0,0,0,302,0,11,0,0,0,1,0,0,2,0,0,1,0,35,0,1,0,0,0,320,96,0,0,0,0,0,4,0,0,245,140,0,0,0,0,0,1,39,1,1,277,2,0,2,1,7,0,0,0,0,0,0,0,0,1,0,0,1,0,0,0,0,388,0,0,0,0,8,2,0,1,0,0,0,0,0,0,0,0,0,2,1,18,0,18,116,0,1,14,0,0,39,0,0,14,0,0,1,7,2,0,0,8,0,0,0,0,0,0,0,0,1,53,0,0,0,0,0,0,0,0,0,1,72,0,1,0,0,49,0,0,0,2,0,2,6,0,3,0,0,2,0,0,21,0,1,0,1,33,0,0,0,0,0,2,0,0,0,2,2,0,0,0,4,0,110,143,0,1,2,0,0,0,0,0,3,0,0,0,1,93,0,0,293,88,0,1,38,0,0,0,1,0,0,0,0,1,51,1,0,270,0,61,0,0,0,0,0,0,37,3,0,0,1,0,2,3,8,4,1,6,1,1,202,0,140,0,0,0,0,6,1,0,0,47,0,8,5,94,0,17,15,0,0,321,0,0,0,4,9,0,10,1,0,137,6,1,6,0,115,0,0,0,2,1,1,0,0,1,48,1,0,0,2,146,0,0,329,127,116,0,1,3,13,90,15,0,0,0,5,0,0,0,5,74,0,0,0,2,1,0,0,1,1,0,0,0,52,0,1,0,4,0,0,1,72,0,75,187,1,0,0,0,2,0,0,0,1,0,0,1,0,0,0,1,0,1,0,44,120,0,0,0,482,0
"ENSG00000006606.9",25,0,337,4,356,3,0,0,5,19,1,2,1,19,86,9,13,3,0,0,7,1,10,12,0,1,2,10,1,17,23,8,13,2,2,2,8,5,1,0,0,90,2,0,5,4,2,28,0,21,3,119,2,0,2,6,9,0,5,2,0,23,0,5,0,2,0,1,17,19,45,29,3,0,4,0,14,6,8,0,5,10,331,105,2,4,8,0,26,4,42,10,0,342,8,0,2,5,4,18,6,0,482,0,5,5,3,0,130,0,6,10,20,11,7,2,19,5,7,2,1,6,7,3,20,0,4,1,0,6,8,2,23,22,41,0,1,0,2,0,2,15,16,3,26,12,7,13,5,8,1,4,1,1,5,0,4,24,4,5,9,2,6,84,12,7,10,43,21,16,0,6,2,3,8,1,11,8,6,1,0,0,0,5,2,1,2,3,2,1,1,326,8,11,6,3,0,4,0,9,1,4,21,20,1,1,8,1,5,0,4,7,2,1,8,15,0,1,16,1,1,1,7,51,2,3,0,0,28,2,3,6,21,6,0,5,0,0,4,1,2,18,4,0,111,2,0,4,5,0,1,1,2,153,1,1,4,58,2,36,6,52,347,3,1,10,2,2,1,4,16,1,1,1,3,0,11,1,0,22,0,1,0,2,0,2,1,20,4,190,18,9,21,0,6,9,56,2,19,5,13,9,28,10,1,26,9,0,2,0,1,13,0,315,8,16,1,40,76,6,18,5,2,22,12,3,3,0,5,1,1,6,6,0,6,0,0,83,1,3,0,1,14,32,3,3,8,17,15,1,1,4,1,3,2,5,12,16,2,4,1,11,7,34,33,1,7,4,0,2,3,0,41,11,5,0,0,0,1,1,1,9,0,25,2,3,12,5,1,27,9,1,3,9,1,2,14,7,5,0,3,0,2,0,409,1,69,2,4,20,7,2,0,2,21,0,161,169,35,3,0,0,40,3
"ENSG00000006611.17",19881,67,3,7,696,76,5,0,3,15125,810,8293,1596,860,1573,199,2,17,1902,666,53,46,2385,59,1,0,7,12,0,1289,258,43,2,18,240,2237,2060,0,5,23,0,969,0,8607,96,4,0,5,226,124,0,2321,94,58,4279,0,19,3,0,0,6515,25,3,41,3,16,1,4502,7,54,3754,32,0,57,0,41,2203,21,369,2,928,312,1362,1,10,610,23,19,1165,6,362,557,1,276,6134,15,88,1,3,167,128,3,48,9,257,638,159,42,1077,0,604,96,3375,3,0,1,1898,6,575,7471,558,1,7,0,10,30,76,1,301,1677,23,39,808,1,738,80,1152,37,814,0,59,1487,1599,161,61,3819,18,478,355,7586,51,160,0,26,1,1464,2,91,197,20,1,887,900,133,1572,81,1,163,0,2367,1245,2,310,265,131,15,44,2011,3644,457,19,1,6,25,1833,15,21,0,3,33,0,9,1077,99,47,120,50,3,128,0,7,4,218,4,39,3104,19,4,191,7,93,278,515,5,177,6706,774,0,11,25,30,0,5,460,167,70,815,811,4,13,10,0,38,3991,910,868,80,5977,0,1,1368,13,3087,7,28,35,0,6,667,0,12,0,31,144,80,0,160,8,9483,960,96,51,203,2,34,26,179,71,6,130,7,63,1653,54,2,1,1416,58,609,267,11,1,0,63,7,97,44,0,1,447,593,1,0,7,1117,369,608,292,1,11173,42,115,30,78,178,16,0,126,14,3,594,7,7,63,1194,6172,22,174,4305,16,0,4465,60,1385,37,0,155,11319,1167,49,13434,20,28,15,2321,159,5,1111,0,1022,60,100,2,591,39,5,0,5,47,26,146,2718,2,43,5,71,1,1316,87,139,3,4,6520,617,2345,0,0,95,235,0,0,1171,18,2198,1375,1,24,353,0,8,2,19,0,28,231,161,262,10,0,11,795,851,99,4,6,27,488,32,1016,84,5,1,2,10,425,0,442,172,0,393,60,0,1,6,1,915,2,21,339,419,70,0,5162,71
"ENSG00000006659.13",0,0,0,0,1,0,0,0,0,0,0,0,1,5,0,0,0,0,0,0,0,0,0,0,0,0,0,3,0,0,278,0,0,0,0,0,0,0,0,0,0,20,1,0,0,0,2,0,0,0,0,3,0,4,0,0,0,0,0,0,0,1,0,0,0,0,0,0,0,0,0,1,0,0,0,0,0,0,0,7,1,1,0,0,0,0,0,0,0,0,0,1,65,0,0,0,0,0,3,0,0,0,0,0,0,0,0,0,4881,2,0,0,0,0,0,0,14,0,0,0,0,2,0,0,0,0,0,1,0,0,0,0,23,0,0,0,0,0,0,0,0,26,0,0,0,0,2,1,13,0,0,0,0,1,0,0,0,2,0,0,0,0,0,1,1650,0,4,1,0,6,0,0,0,0,0,0,0,0,1,0,0,0,0,0,0,0,0,0,0,1,0,0,10,0,7,0,0,0,0,2,0,0,0,0,0,0,0,0,0,0,0,0,0,0,1,0,0,0,0,0,0,0,2,0,0,0,0,0,0,0,1,0,0,2,0,0,0,0,0,0,0,0,0,0,1726,1,0,0,0,0,0,1,0,0,0,0,0,0,0,0,0,1,0,0,0,0,0,0,0,0,0,0,40,0,1,0,16,0,0,2,0,3,0,0,0,1,0,0,14,0,0,0,31,0,0,9,2,0,0,6,0,0,99449,0,1,0,0,0,0,0,0,3,0,0,0,0,0,9,0,0,2,0,0,287,0,0,0,0,0,0,0,2,0,0,0,0,0,0,0,0,0,0,0,11,580,0,0,1,185,0,1,1,0,77,0,0,1,0,0,13,0,0,0,19,0,0,0,0,0,0,0,0,0,0,0,0,0,0,0,0,0,0,0,0,0,0,0,0,0,0,1,0,0,0,7,0,0,10,0,0,0,0,0,0,0,0,0,1,0,0,0,1,0,0,0,0,1,1,5,0,0,0,0,0
"ENSG00000006788.14",0,0,0,0,5,10,0,0,0,1,0,0,0,77,0,0,2,0,0,39,7,0,12,0,0,0,0,1,3,1,4,1,1,0,0,0,4,0,1,0,0,5,0,24,1,0,10,0,0,0,1,3,0,3,0,0,0,0,0,0,0,0,0,1,0,95,1,0,0,0,0,1,1,0,0,0,0,0,0,6,12,2,3,69,0,20,0,0,37,0,15,1,0,3,0,0,0,1,0,2,1,4,0,0,2,73,1,0,108,0,11,0,4,0,0,0,95,0,0,0,0,0,0,2,2,0,3,2,12,2,0,0,3,0,1,0,0,0,0,0,0,89,2,0,13,1,0,32,4,1,1,0,0,0,0,0,0,2,0,2,0,9,1,2,8,0,2,1,0,20,0,0,0,10,20,0,0,1,0,0,0,22,0,1,1,0,1,0,0,0,0,78,0,2,0,0,0,1,0,120,0,0,59,26,0,1,1,0,27,0,17,1,0,0,1,0,0,0,0,3,0,0,0,8,0,0,2,0,1,0,12,0,0,0,0,0,0,0,0,0,29,0,0,10,9,0,0,1,0,0,1,1,0,0,0,3,0,71,0,0,12,0,1,0,0,2,2,1,1,0,1,0,3,0,0,3,0,0,0,2,0,1,0,4,0,3,0,12,3,1,0,0,147,0,5,1,32,0,0,1,3,70,1,0,0,0,0,3,0,0,0,56,0,3,0,0,0,4,12,0,9,0,0,1,0,1,1,0,0,0,1,0,1,0,0,2,0,0,0,2,0,4,1,2,0,0,0,134,0,0,0,0,1,10,0,2,35,1,0,0,0,0,0,1,0,0,0,0,0,1,0,1,0,0,0,0,1,0,1,0,0,0,0,6,1,3,6,1,0,0,2,0,1,22,23,0,229,3,0,0,0,0,15,0,0,0,1,16,0,27,0,2,1,2,0,1,2,1,3,3,0,1,0,1
"ENSG00000007306.15",108237,0,1,1,90,1,0,0,0,4097,0,0,0,0,323,10,0,5,0,0,1,0,0,0,0,0,0,0,0,1,7,75,1,0,0,0,0,0,0,0,0,13,0,0,3,0,0,0,57,0,1,6,0,0,0,0,4,0,0,0,0,0,0,0,0,0,0,0,0,0,69,0,0,33,0,1,9270,31,0,23,0,0,0,2,0,0,0,0,0,0,1,0,0,2,0,0,0,0,0,0,4,0,2987,0,1,0,0,1,48,0,4,4,0,0,0,1,6,0,2,0,0,0,1,0,3,0,1,0,0,2,0,2,1,3,8,2,28,0,0,0,1,30,5,0,5,0,70,7,0,165,0,0,0,35,0,0,0,0,0,0,0,0,0,1,738,0,1,29,0,26,0,0,7,0,0,0,8,0,983,0,0,50,0,0,0,0,0,0,1,0,0,1,0,0,0,0,0,0,0,7,0,5,1,0,0,13,0,0,0,0,3,0,1,0,26,23628,0,0,0,0,0,0,0,4,0,10,416,0,0,1,1,0,1,0,0,0,0,0,0,0,69,115,0,0,39,0,0,0,0,0,1,0,0,5,0,0,2,218,0,497,0,1,72,0,1,3,120,6,0,5,0,0,0,1,0,0,1,11,0,0,0,0,0,0,0,0,0,8,1,0,2,2,0,0,10,3,21,1,0,71029,0,0,2,0,0,0,0,0,0,0,0,0,0,2,75,127,0,420,0,44,8,1689,0,0,0,1,0,0,2,0,0,0,1,133,0,2,0,0,0,0,1,0,0,0,0,9,0,0,0,0,19,1,0,0,0,1,2,123,0,0,0,0,0,14,1615,0,0,2,0,0,1,0,0,0,0,0,0,1,0,1,0,1,0,0,35,0,0,0,0,0,12,1,1,0,4,0,0,1,323,16,26,0,0,0,1,0,0,0,0,0,2,0,0,1,0,0,1,2,0,2,0,0,0,0
"ENSG00000007314.12",22,0,334,75,115,96,8,158,127,19,91,137,25,6,101,28,61,49,33,164,48,10,248,105,450,281,21,20,24,18,178,12,56,224,53,66,72,48,106,104,32,19,160,122,16,41,63,36,6,96,107,110,19,53,148,43,211,26,140,90,350,50,179,61,14,116,163,98,34,41,147,456,58,6,124,16,26,102,10,66,229,92,29,43,56,64,62,65,162,31,53,10,25,21,115,9,71,377,16,12,27,14,13,144,38,188,495,12,346,192,190,42,124,17,42,46,82,84,22,30,12,24,80,65,162,14,31,32,184,146,107,30,48,112,54,23,179,5,71,77,15,173,9,10,107,42,6,13,44,13,14,31,50,36,156,103,33,161,198,12,64,28,57,61,19,85,21,19,170,16,3,13,221,63,49,48,65,57,10,74,10,229,31,52,147,62,202,231,60,105,71,2,96,68,42,29,12,19,259,93,20,256,136,46,11,59,183,74,81,451,67,80,11,70,99,16,45,19,83,38,1,70,16,34,51,5,120,27,21,98,93,253,117,179,44,183,12,222,112,57,227,69,224,174,104,24,25,34,302,119,70,32,29,6,16,233,29,65,35,45,105,42,6,64,23,123,45,18,182,17,118,18,8,17,30,63,1,20,219,25,398,57,43,15,168,65,6,255,9,90,28,165,55,160,64,23,11,354,109,29,139,64,20,61,21,52,14,146,46,37,257,59,102,169,108,38,22,37,362,171,172,51,18,184,60,169,6,233,25,14,81,28,154,73,120,24,66,59,126,123,12,121,94,26,27,93,37,76,21,15,6,18,82,196,94,22,41,19,17,6,196,112,120,10,60,248,18,107,115,21,45,119,5,10,74,35,147,7,359,144,70,94,34,47,7,2,100,43,31,20,17,141,14,31,37,35,205,11,93,7,114,9,278,98,15,128,10,18,95,576,63,80,153,198,17,105,31,2,28,15,7,13,22,12
"ENSG00000007372.24",57,0,5,1,27,0,1,1,1,1,5,6,0,7,1,1,0,1,0,2,0,1,83,0,0,123,0,0,0,0,3,115,0,0,0,3,5,0,0,12,0,3,14,47,1,0,0,1,0,1,1,6,1,0,24,1,0,1,0,0,0,13,0,0,0,2,0,29,5,0,327,1,5,0,0,1,3,5,0,98,12,1,65,2,0,50,0,0,14,0,3,11,0,11,1,0,3,0,1,227,1,0,66,0,1,15,6,0,99,0,1,1,7,0,1,7,628,0,0,325,3,0,1,1,1,1,1,0,1,278,1,0,4,0,2,3,3,1,0,0,0,28,1,1,56,1,7,3,1,29,2,4,0,7,0,249,0,9,0,0,1,4,3,1,0,0,50,4,3,11,2,0,8,2,1,1,0,1,5,23,0,240,1,0,0,0,0,1,372,0,2,824,2,1,0,2,0,1,2,14,2,44,1,9,0,3,0,99,0,0,4,1,1,2,0,0,1,1,19,0,3,0,1,199,0,0,0,2,0,18,103,0,0,6,0,15,0,0,1,0,12,0,35,23,9,8,0,8,2,0,7,1,0,0,1,2,0,14,250,5,1,0,340,1,0,0,46,0,0,1,0,0,0,0,1,0,0,0,2,0,0,0,24,0,0,0,0,8,1,1,0,0,0,0,2,0,2,1,0,2,1,3,90,1,0,0,1,8,1,2,3,1,0,62,3,0,16,2,1,9,41,18,0,2,70,1,0,0,55,0,1,2,1,1,10,1,11,1,1,11,1,8,3,16,1,2,0,9,0,0,0,3,0,0,1,1,7,297,1,0,5,2,255,1,0,0,2,0,0,1,3,13,37,1,1,140,0,0,1,0,0,0,0,0,0,0,1,0,0,2,4,0,0,1,0,1,11,0,1,0,0,4,13,1,7,0,1,1,0,0,2,0,0,1,1,1,0,417,6,1,0,1,65,0
"ENSG00000007968.7",66,2,51,32,168,32,176,29,18,359,20,114,268,822,293,31,20,230,140,26,43,6,59,39,89,36,44,203,24,258,162,169,212,59,15,294,77,32,93,76,26,161,114,17,31,42,15,175,10,32,49,399,92,218,23,117,12,73,239,128,7,222,28,318,7,41,76,30,379,225,274,62,31,3,52,7,210,46,290,339,168,364,1009,45,372,55,39,47,63,14,150,199,15,342,16,8,9,151,91,472,44,11,184,34,78,168,159,8,500,50,58,34,21,173,126,23,251,46,493,304,17,159,16,114,136,0,9,136,55,172,42,15,594,34,405,7,24,9,712,22,8,295,160,22,76,888,220,261,71,136,1,13,146,156,30,196,28,185,96,136,137,66,118,65,93,306,266,403,119,1079,22,109,131,744,33,73,72,138,99,104,9,109,24,209,79,64,88,14,32,174,22,526,201,437,44,462,29,115,8,372,33,712,121,831,5,171,185,285,233,263,48,170,318,81,118,262,5,13,82,144,6,146,48,13,13,7,95,356,29,45,196,111,93,137,3,208,6,41,156,81,22,99,26,26,156,82,65,67,28,37,12,115,13,242,7,161,18,40,44,770,329,90,924,166,33,46,200,8,714,8,189,6,504,7,33,47,178,6,26,322,361,258,43,10,5,104,3,53,60,110,42,73,36,17,51,140,1292,28,28,47,237,43,801,21,100,36,16,64,60,287,43,127,112,150,70,104,415,181,11,30,60,236,8,205,119,204,10,34,56,5,264,96,32,98,334,3,166,270,40,42,4,56,44,154,357,153,1,78,244,2,39,485,36,188,29,17,108,213,164,32,97,34,30,114,402,44,92,182,11,70,302,94,25,94,509,22,212,16,34,260,19,244,57,33,42,33,247,69,82,278,162,42,20,72,22,31,99,126,45,7,71,110,37,10,429,36,143,178,78,36,76,197,14,8,70,18,91,483,201,20,2,2,460,7
"ENSG00000008300.17",41,0,17,66,205,159,315,218,111,49,48,122,630,363,1407,124,120,85,225,33,128,24,22,60,471,122,165,301,13,661,23,237,1359,656,99,836,499,18,308,791,137,62,1431,121,53,111,116,56,10,35,165,662,45,286,543,498,62,136,393,276,994,193,556,130,48,102,629,218,1135,334,1731,98,68,13,298,50,588,88,887,557,770,1054,1048,142,156,17,94,68,279,32,94,873,195,243,94,18,111,386,593,923,40,24,499,106,72,1640,97,22,2799,489,117,86,68,417,70,1077,64,71,236,210,317,715,16,373,42,9,13,437,105,1069,83,17,562,296,100,20,55,16,261,446,11,589,801,26,85,1211,139,248,372,53,18,38,217,1019,62,88,582,91,156,869,158,49,147,51,359,282,578,412,150,526,342,207,338,1323,50,132,80,60,463,132,11,310,525,918,111,128,219,89,500,1113,524,438,564,541,81,804,35,196,92,241,16,2159,95,927,13,82,40,994,195,1275,58,120,23,67,662,497,395,116,499,1259,6,338,47,354,24,19,969,2835,28,501,140,2039,78,432,122,639,13,145,105,455,33,225,55,26,189,450,312,119,68,83,81,101,15,305,21,489,70,232,800,226,270,139,732,1835,24,94,150,38,1257,14,392,20,329,7,469,32,425,14,201,311,1323,92,290,13,1771,317,7,75,92,28,51,154,47,766,126,119,1644,99,573,112,370,24,595,22,20,22,58,111,919,962,649,140,309,514,69,254,576,131,177,108,46,171,13,314,681,380,46,290,252,3,425,150,183,502,88,18,414,110,105,190,14,245,111,122,137,62,20,115,183,10,41,2023,501,774,60,32,43,40,106,804,278,361,801,508,791,292,123,293,49,72,202,1527,47,308,1503,308,1170,14,205,753,325,385,356,14,45,156,138,1001,15,473,635,385,14,186,38,51,353,1142,198,8,161,849,85,358,444,29,75,310,21,56,55,210,106,51,132,8,326,158,1274,27,19,216,304,26
"ENSG00000008438.5",0,0,0,2,6,0,0,2,3,2,1,1,1,3,0,2,1,2,0,2,1,3,2,3,1,1,0,3,2,7,3,5,1,9,2,0,3,1,3,1,0,1,4,2,4,0,0,5,9,0,1,7,5,1,0,0,4,0,3,1,4,1,1,3,1,1,2,0,0,2,3,2,0,9,0,3,2,0,1,1,1,2,2,0,3,2,0,2,4,5,0,0,0,0,0,2,0,0,3,0,5,5,2,0,0,6,2,7,15,3,1,4,1,3,0,3,2,3,3,1,0,0,1,3,0,12,18,0,2,0,1,3,5,4,2,4,1,1,0,1,0,4,8,5,0,5,1,1,0,0,10,4,1,2,2,1,1,6,2,7,2,3,2,0,1,3,2,1,1,0,2,2,0,2,1,0,3,1,0,1,4,0,2,4,1,3,5,1,3,1,4,0,1,0,0,0,1,8,2,1,1,4,1,2,18,4,44,0,0,4,1,0,0,2,13,1,2,6,5,10,1,0,0,1,1,8,2,0,0,3,1,3,1,2,0,1,6,0,0,3,1,2,2,0,10,2,1,2,1,3,2,2,1,6,1,0,2,0,3,3,3,1,1,2,10,1,1,4,1,4,1,3,0,7,3,4,0,15,1,1,1,2,0,8,6,0,1,10,1,1,2,3,0,5,0,1,3,1,4,1,0,0,0,12,0,0,0,3,1,1,3,5,0,1,2,1,0,3,0,2,2,4,5,3,1,0,2,1,1,10,5,1,1,2,5,10,0,0,3,1,2,1,0,1,0,1,1,3,0,5,10,8,5,0,2,7,0,1,0,1,3,0,2,1,0,1,1,0,4,0,0,4,1,0,3,1,2,4,0,1,7,1,2,0,0,2,2,0,0,1,0,0,2,0,1,3,1,1,10,16,0,1,4,1,0,1,2,1,0,4,2,0,1,2,0,1,1,4,1,7,4,2,1,20
"ENSG00000008735.14",218,7,114,64,659,244,252,452,281,62,42,73,63,58,2564,58,16,14,59,804,414,20,1275,714,93,334,1430,92,58,1062,110,443,218,154,36,40,738,57,49,48,27,106,44,67,26,56,2111,43,41,26,68,241,83,109,719,46,97,128,115,76,292,406,1053,442,157,1138,196,587,3983,683,380,487,173,20,212,17,2536,166,758,66,971,59,449,428,1727,380,105,23,58,44,1168,272,238,1947,39,4,112,199,1502,813,41,28,1712,152,150,276,496,83,1200,94,992,37,11,10,112,551,503,57,2089,38,148,410,27,134,696,11,17,305,780,4786,151,17,804,113,2960,37,541,10,2694,301,30,1339,296,33,490,2915,504,1765,749,57,16,91,239,2096,97,1809,53,217,226,385,343,1270,1021,559,420,81,104,562,186,1211,218,87,725,114,393,443,512,49,259,51,4,414,147,568,5,370,51,214,158,866,3846,151,2497,1523,65,6352,35,1052,2,962,1,1623,721,90,47,47,82,160,226,612,285,383,1143,3,1271,31,357,116,339,464,10,21,308,1064,32,14,48,635,62,23,300,371,342,11,25,50,11,19,17,1645,45,622,282,45,1610,744,12,579,123,668,29,81,20,865,38,1615,33,608,261,592,457,30,1773,31,62,212,329,40,1321,28,47,28,431,34,267,604,44,40,186,2850,62,292,32,44,769,387,16,48,99,895,133,482,419,8446,1797,134,1707,47,1113,34,605,26,193,126,226,53,32,36,180,71,95,1735,30,1390,123,45,5,52,20,729,438,1345,28,3120,82,600,90,42,79,38,102,24,524,2198,850,18,105,558,47,24,19,147,64,485,833,129,155,1033,220,32,20,1467,303,700,73,56,168,34,1360,170,762,1149,137,847,695,41,185,16,19,42,890,329,20,1445,414,254,102,46,211,0,106,21,206,1057,298,64,1044,2445,447,286,3109,1338,84,437,165,103,681,225,189,23,250,1663,72,34,466,319,399,14,11,25,34,438,14,31,223,1451,359,1460,445,32,13,66,114,84
"ENSG00000010932.17",23,4,12,67,281,124,4,25,3,500,9,20,8,28,6,26,12,109,1497,40,34,184,40,43,15,144,78,240,1802,169,680,118,21,14,162,75,1,142,5,7,84,29,1463,25,107,74,48,54,50,82,404,52,131,9,9,54,20,571,1186,16,6,18,9,745,5,2597,6,0,363,588,3168,78,34,20,228,9,2051,59,153,278,31,397,4,25,734,69,50,2,19,1,824,4,1860,7,5,24,18,7,178,4224,22,5,731,0,331,17,6771,71,1317,71,58,12,265,136,63,3,3295,17,367,23,10,8,353,2,294,33,49,47,392,308,15,23,114,66,36,37,62,6,1067,9,29,1245,27,233,418,190,14,16,68,82,55,32,145,14,135,3,1,303,19,149,23,1,4,291,26,40,1279,52,1937,7363,734,8,194,18,12,10,50,35,32,1,4,11,66,59,16,4,148,2,9,413,14,133,10,54,437,2133,31,2,2,63,5,2178,319,463,16,12,8,2647,61,79,63,39,5,3,2193,174,5,1,29,464,29,26,5,35,25,4,7,1283,58,27,365,6,118,4,4,8,27,7,5,9,6,79,9,34,992,31,1,1,41,33,14,1,4,55,101,4,295,48,4,76,71,447,1103,25,4,47,15,7,241,20,78,7,121,13,317,3481,11,5,6,260,170,27,37,1,7,287,16,13,383,37,231,23,105,18,5,12,63,8,25,2762,496,14,44,35,14,90,1,11,16,66,4,411,20,78,14,196,22,466,254,78,1328,94,13,2520,194,6,25,22,2,20,16,31,43,168,19,20,16,6940,4,4,27,11,127,19,2268,9,5,15,191,6,8,7,12,515,8,16,126,14,84,7,71,4,12,77,170,5,28,20,15,8,2,9,14,7,15,2,17,14,23,351,31,2165,4,45,223,4,427,104,8,1015,656,8,14,175,282,98,27,100,51,53,28,253,11,1,30,17,49,49,9,178,120,225,84,11,29,20,22,6,447,41,9,4,100,104
"ENSG00000011083.9",1,0,3,3,2,2,1,0,2,2,61,37,60,6,0,2,2,7,226,2,2,0,44,2,5,2,2,1,0,3,1,4,1,4,0,12,13,0,1,1,0,8,4,1,2,1,1,1,3,2,2,4,3,188,4,2,4,30,1,0,71,5,3,1,0,1,0,33,3,1,4,8,1,0,0,0,1,2,7,4,27,6,4,3,3,2,3,17,24,0,3,0,8,21,20,0,53,1,140,5,1,1,1,1,1,3,2,1,1,0,4,4,6,12,3,0,1,27,5,74,0,1,0,2,2,3,5,0,14,2,0,0,0,0,1,0,2,0,2,0,0,6,4,2,4,3,10,5,0,0,5,0,0,4,1,1,3,4,8,6,0,4,1,14,0,2,3,7,1,2,0,0,0,0,2,17,2,1,9,29,0,2,1,6,32,1,0,0,0,3,2,75,2,5,1,1,1,2,0,1,1,1,7,14,2,1,0,8,3,1,0,4,2,2,21,3,13,2,7,53,0,1,0,0,3,0,37,1,0,4,2,1,60,9,33,78,0,11,3,0,0,14,117,2,0,6,53,5,15,9,0,0,0,1,0,1,2,1,3,13,0,2,4,6,1,3,2,1,2,1,15,0,0,0,1,24,4,0,16,13,0,396,0,3,4,1,0,2,0,0,1,0,0,1,42,4,0,3,0,4,3,9,3,0,0,1,33,0,1,59,0,3,1,5,0,0,27,9,9,3,2,12,0,2,6,0,2,19,37,1,0,2,5,13,17,1,15,0,86,0,0,31,2,2,1,0,40,2,1,0,0,3,1,27,0,0,5,3,0,1,0,1,7,4,2,14,0,0,32,0,0,113,0,1,2,1,0,3,0,0,2,1,17,1,3,1,7,3,0,0,12,25,0,6,0,3,6,15,1,0,0,2,6,2,0,2,2,0,1,0,2,1,2,3,1,1,0,302,1,1,0,1,0,3
"ENSG00000011332.19",11,1,18,5,6,2,5,3,3,47,4,2,10,17,8,0,1,10,4,2,2,0,13,8,0,2,8,7,9,2,1,6,4,9,1,21,3,2,3,8,1,10,10,1,1,0,13,7,2,3,3,16,0,4,2,2,3,1,6,7,2,22,1,1,2,2,5,2,17,61,12,6,2,0,6,0,9,4,8,10,4,7,9,3,4,4,7,3,7,4,5,11,0,51,3,1,4,3,31,66,6,2,13,0,10,8,10,0,208,17,4,1,4,5,4,7,14,2,5,14,0,0,3,6,4,3,5,5,3,16,2,2,20,6,4,0,3,0,9,3,1,12,11,0,4,23,16,19,9,7,3,2,3,11,6,2,4,17,3,7,9,2,7,2,8,6,7,7,17,16,14,6,4,6,2,2,0,7,12,1,2,17,6,5,0,4,5,0,1,0,1,310,23,7,10,3,2,8,2,52,1,6,5,18,0,12,3,17,8,1,0,10,14,2,6,23,1,3,4,23,0,10,17,2,0,1,5,1,4,6,15,8,5,4,1,12,1,1,7,2,3,7,3,6,13,30,1,2,6,3,3,0,0,11,0,1,1,0,3,5,4,4,7,15,1,5,4,0,15,1,5,0,2,2,5,6,16,0,0,13,15,12,1,2,1,4,0,1,2,6,5,4,2,3,2,8,12,0,2,8,0,4,503,1,16,6,3,3,6,1,1,8,3,3,2,54,3,6,7,5,3,9,0,17,4,10,4,0,4,1,2,5,5,5,4,3,1,8,0,3,0,3,6,6,4,2,0,28,18,1,1,11,1,18,2,0,1,18,5,5,2,10,1,4,9,2,10,4,0,6,5,1,6,1,13,8,8,4,4,3,6,7,2,6,8,5,6,3,2,3,4,0,4,2,0,1,7,105,5,3,3,6,11,1,8,13,2,4,0,5,3,5,4,1,2,0,7,510,10,3,0,0,12,1
"ENSG00000011426.11",204,4,43,128,508,512,72,134,33,643,182,1139,1504,5308,1449,42,94,560,1092,168,209,24,226,216,275,498,159,1148,90,566,1311,880,391,284,56,1158,366,196,484,654,14,837,1389,58,52,41,44,435,17,55,174,2053,166,759,429,303,25,649,851,707,36,1215,187,512,34,562,181,93,3345,879,1128,213,159,5,68,22,912,129,1955,402,667,428,1470,56,701,310,128,206,244,18,364,567,183,133,107,17,18,1452,760,1628,183,40,732,182,306,1303,589,15,3735,565,430,42,202,667,331,138,2424,309,2281,2478,139,390,35,401,383,2,14,201,616,1666,194,21,3333,77,903,32,261,16,1442,140,14,1365,734,68,196,4400,437,380,979,1731,58,15,1076,407,112,883,87,1011,443,463,264,121,1007,360,705,806,743,513,1273,8340,163,204,1081,3635,86,243,158,371,2642,581,42,461,415,1050,195,177,727,48,286,1015,55,4273,522,1327,248,780,72,178,109,1842,241,1177,797,2473,6,334,40,2039,151,600,90,536,1051,490,1063,1475,45,77,273,931,3,181,104,49,58,9,309,2724,51,406,638,270,439,559,21,768,53,146,506,169,94,276,36,125,1416,1182,310,93,309,297,50,230,52,439,23,455,83,93,125,2165,864,542,6179,1482,40,370,364,19,1068,18,492,12,852,18,128,718,308,3,101,480,1967,584,146,15,161,938,7,113,157,303,196,190,87,42,162,1229,6437,324,260,168,607,32,2380,14,279,55,39,188,137,1591,193,833,438,350,575,1729,2977,1079,75,149,1700,783,50,1196,617,502,47,331,134,23,1697,200,117,444,1747,63,427,4114,208,133,2,306,179,1416,1315,409,9,62,468,5,213,2573,144,1582,129,38,1143,599,1540,111,747,56,286,788,2479,223,240,1766,47,192,583,550,80,131,823,39,714,9,187,1280,72,684,305,37,134,129,620,212,381,422,1216,300,30,765,202,334,646,1324,242,15,220,384,100,32,3988,101,1750,1744,104,144,343,184,96,49,322,321,133,5264,820,138,7,34,1407,35
"ENSG00000011465.18",4679,1478,1229,5680,17496,2332,13,1453,2048,8437,4127,605,54,4497,55,20731,3903,288,0,10367,12773,10532,7422,12233,254,2565,45,4195,66,1492,1140,4400,3852,11892,5663,1999,2923,3148,54,663,53,9749,207,282,28605,971,657,9333,13099,2058,3751,3911,15880,314,3,60,4522,71,1350,157,74,285,23,7330,8615,713,1272,278,3144,2205,8086,12470,1212,6992,1333,10039,1843,3314,56,1945,239,113,395,7422,292,125,1981,6,7181,14,6966,163,39,235,414,4999,3986,2528,307,5611,6841,18484,3248,417,7793,3495,683,13412,1523,114,12271,23016,26520,4777,1525,179,4940,132,37,164,59,240,2095,271,3114,8194,13952,28,2000,12833,8466,13029,71,2658,2859,13494,278,10658,1034,869,8079,13121,9190,25537,21047,1882,1309,813,696,2520,9405,12541,126,256,14814,9,0,14525,493,3226,791,29,405,7074,1132,6306,1418,939,79,2089,67,129,180,43,5570,1384,3271,237,13214,10,6257,3399,385,2085,597,4664,16743,10263,482,379,2157,5792,746,3315,202,56,13500,46,713,569,936,447,12480,173,12632,141,3254,1688,10270,503,16803,5326,866,97,14087,10780,16,440,4560,225,4500,1257,204,675,15474,8996,1359,41,297,80,43,456,10811,1000,38,852,10352,488,56,1758,25039,4320,647,4613,1087,723,7,629,2530,225,3250,57,5833,732,9848,4571,16626,5927,165,209,9194,3493,1286,111,16038,4949,1074,15977,453,11733,5081,8097,113,11248,4696,79,430,6697,155,2259,732,58,288,7206,172,3170,9890,9355,226,5129,41345,8664,9944,69,1443,760,1277,804,2609,10846,14017,600,1587,29666,1,4381,674,2107,1451,47,4189,3190,43,2813,5062,5123,754,33780,22767,4550,3943,1589,9489,358,7323,1323,29384,274,375,9541,90,4582,8860,697,230,16260,52,588,172,94,8689,235,3752,1023,118,3332,899,601,58,18157,17347,6339,4484,236,1151,20088,1077,704,144,6,432,4654,2786,1103,5500,1359,138,549,3655,1614,6,2412,13,211,1065,1032,120,13331,4136,174,71,507,510,3915,21818,17,7779,5802,196,281,1265,292,10418,1746,628,1773,1628,970,39364,6003,230,109,8432,15,3879,14014,467,115,1790,28114,17445,2674,375,4214,2177,1011,580,25772,316,26619,13936,3262,40,8633
"ENSG00000011677.13",0,0,0,1,0,0,0,0,0,0,0,0,13,897,166,0,0,267,0,0,0,0,60,3,40,0,0,8,0,269,1,2,56,10,165,0,143,1,0,0,0,0,85,2,1,0,0,48,0,0,0,342,0,14,0,0,0,0,195,0,0,148,1,5,0,1,0,0,0,2,290,0,0,0,0,0,1,1,245,154,176,471,0,0,169,0,0,22,1,0,0,141,0,0,0,0,0,311,209,1,0,0,0,0,0,2,2,0,1314,1,13,0,0,118,0,4,1,21,1,906,1,86,0,4,2,0,14,50,0,26,4,0,350,0,0,0,0,0,6,3,0,2,56,0,1,142,77,0,5,1,2,0,0,218,0,0,0,0,0,241,46,0,1,0,0,156,16,3,1,147,2,0,0,529,0,0,0,368,0,0,0,2,0,1,53,1,260,2,0,435,1,3113,0,67,384,0,0,0,0,0,1,0,0,287,0,121,0,0,0,0,0,2,83,172,0,0,0,0,386,18,0,14,0,0,0,0,0,485,0,0,1,27,0,0,0,17,0,0,0,3,0,0,1,0,0,244,0,0,2,0,0,0,0,23,0,0,0,0,10,2,207,137,0,405,1,2,0,0,42,0,23,0,14,0,0,0,82,0,0,73,11,19,339,0,2,0,1,0,1,0,0,1,0,2,0,176,935,0,0,0,1,0,330,0,6,0,0,1,65,282,0,0,2,0,1,18,215,1,1,130,1,0,1,0,3,0,1,0,31,0,222,0,14,0,2,12,0,0,0,0,0,0,1,0,16,126,6,1,52,0,4,2,0,163,0,0,0,0,1,0,0,17,0,0,1,0,0,0,0,1,1,0,11,125,296,0,147,0,1,1,36,208,0,0,1,3,0,4,2,1,0,0,0,0,0,0,136,38,4,0,0,0,1,0,18,1,2,19,12,0,0,0,0,0,189,0,162,3,1,0,0,0,27,4
"ENSG00000013016.16",334,81,173,378,1070,168,18,192,82,396,229,218,743,906,115,1086,235,154,11,451,429,916,475,331,135,95,50,159,97,92,211,359,369,487,129,264,330,264,114,173,26,391,292,250,1040,34,94,378,251,214,194,268,1907,403,92,46,345,62,145,67,161,420,35,271,305,277,120,87,298,259,1181,588,170,203,88,1617,218,147,73,681,498,300,120,182,135,201,124,60,982,45,611,71,89,14,585,512,426,631,98,500,287,824,353,115,346,494,294,1398,885,188,790,639,682,291,102,73,614,79,68,727,39,62,497,104,246,530,320,81,260,456,235,1038,381,256,434,2104,122,1213,155,80,483,576,240,2823,518,185,81,107,223,230,1068,444,94,107,468,31,26,759,223,259,240,55,139,323,183,361,439,105,358,178,53,52,170,226,128,137,354,232,746,272,725,336,84,158,173,140,603,494,88,29,92,2839,183,295,112,461,1020,28,108,2463,62,86,975,351,1032,65,434,299,309,64,645,415,78,136,874,374,49,48,490,325,182,219,51,288,946,637,706,87,108,109,283,140,626,185,47,302,396,126,139,133,332,242,136,396,252,250,16,95,270,86,312,54,187,71,1183,225,1879,509,188,233,337,332,167,611,1252,480,165,1311,165,970,441,888,444,1226,99,146,119,860,91,295,142,66,84,378,69,263,262,398,102,352,976,137,195,133,241,276,207,96,383,335,574,118,237,1972,44,259,118,169,135,88,149,396,60,1471,361,229,146,629,596,137,498,295,576,194,553,196,403,290,41,968,225,182,558,272,392,1530,73,479,151,142,1207,144,316,66,282,253,121,66,187,385,513,530,229,211,117,1107,201,391,206,13,116,164,225,360,821,141,28,489,82,126,50,114,12,79,457,97,305,215,222,218,45,148,62,196,652,19,372,214,86,64,234,114,699,250,267,175,169,154,1083,444,119,20,259,46,180,650,75,102,84,1035,722,167,199,174,266,153,80,2100,124,1216,582,681,118,757
"ENSG00000019169.10",40,61,37,26,15,0,132,27,5,362,65,60,1621,265,422,2622,73,3,14,398,507,12122,3,19,13,7,2,21,6,80,5,59,112,429,3,164,18,301,22,8,48,27,11,14,4578,4,4,77,2740,19,117,206,7087,21,4,1,520,22,36,4,11,958,2,2602,765,5,6,8,298,74,132,23,0,1094,35,3577,13,1,6,38,42,43,44,15,14,7,4,1,84,6,126,28,2,175,104,2107,184,28,129,191,507,568,125,2,77,24,5,3577,186,5,19,14384,0,214,14,6,10,1,11,15,1,6,31,13,41,4256,2965,19,6,196,406,6770,56,4,4,6131,5,4749,8,0,361,6,107,5515,91,20,18,5,21,5,785,4428,6,16,3425,19,2,465,3,89,78,7,14,21,7,1220,492,9,25,3,17,18,33,9,11,14,176,6,556,74,2700,2,91,2,17,238,30,73,2,5,6,1239,797,131,149,3,2625,48,11,7,0,11,142,4,2130,86,9,6,1131,8,1512,120,1,0,439,36,4,19,3,8,687,2,31,2,1302,2920,80,30,13,7,6,15,542,256,5,87,1069,32,7,7,22,592,25,10,336,101,5,18,7,7,266,3,351,13,2712,35,3559,1,42,30,80,126,102,5,15185,3,7,2492,13,4932,412,5238,1442,10758,2,5,151,2952,12,456,5,143,13,7541,10,252,1527,3,38,70,5622,230,98,24,52,39,200,3,41,14,638,105,104,10110,4,180,7,16,4,11,34,8,1,3,78,235,54,8,1,48,4,19,2576,7,358,1,5306,2,45,2192,13,2736,118,205,9,3498,1,10,60,1,2924,795,5,12,47,4,97,22,975,5013,3338,19,628,56,3,7142,12,24,24,1,1,103,164,0,61,23,1,171,19,24,18,8,5,67,88,174,10,1284,61,10,6,83,40,11,1395,2,11,24,23,0,3,5,1961,10,1,14,21,22,983,1766,10,17,9,6,1798,469,126,196,103,15,335,672,16,85,78,6,12,20,91,3137,4585,1291,7,3118
"ENSG00000019991.18",142,158,61,355,823,294,187,238,209,223,205,158,47,192,3446,1401,286,35,11,822,1107,1987,387,1032,44,487,5,176,10,1688,185,581,196,962,414,167,147,130,32,112,6,297,58,140,2391,61,96,244,2048,234,296,845,1779,27,6,115,521,27,175,21,21,60,8,672,631,180,196,39,276,125,625,758,105,929,99,984,58,179,20,267,163,25,7350,284,79,39,102,18,611,1242,233,43,38,1542,39,668,335,332,40,2237,219,1527,5224,39,311,167,79,1640,215,13,1003,2053,1249,291,96,64,340,13,181,76,27,39,228,65,177,1079,645,15,182,833,661,902,159,159,131,1697,27,554,42,107,935,845,301,2613,1172,3858,1307,35,171,88,1119,899,86,32,727,8,2,1581,41,157,133,11,84,391,47,322,266,40,66,5545,9,65,122,461,261,115,143,26,1150,26,604,139,110,138,38,300,1366,796,48,44,195,141,52,251,51,13,1061,7,69,878,46,139,477,259,1114,49,338,91,281,62,1005,286,359,38,722,204,16,59,245,190,415,45,51,92,1532,1094,227,360,35,109,9362,416,665,45,16,156,828,31,86,111,4258,438,42,254,161,44,10,50,218,75,172,38,452,1739,1125,483,1843,210,77,735,571,386,884,86,5022,201,101,1931,127,1282,293,873,304,1748,186,65,4310,386,44,86,404,24,39,501,47,131,1517,501,24,191,2829,601,397,31,70,1503,11531,89,325,116,1241,38,116,3340,8,182,80,105,87,18,232,141,17,158,339,174,90,630,551,251,398,63,893,39,354,125,1641,52,32,1005,85,241,563,74,38,2382,34,157,72,13,669,55,272,52,56,278,82,38,7213,1125,1924,173,536,231,167,2284,98,15,122,10,79,378,233,47,223,143,11,153,261,72,15,200,2,27,78,99,100,2338,232,83,32,100,43,177,2802,160,342,325,28,38,160,93,779,187,78,88,109,96,1737,990,62,15,588,11,435,1130,5690,103,114,1171,1307,243,59,558,320,76,81,4105,34,2199,549,157,18,1017
"ENSG00000024526.17",28,4,11,52,217,86,107,17,16,88,38,488,652,2135,207,9,38,340,193,21,100,4,61,105,159,97,110,885,31,232,299,170,133,53,16,304,127,66,317,229,17,250,416,24,9,117,13,356,7,24,146,638,87,190,168,204,9,227,724,521,26,498,20,390,15,133,56,19,775,643,666,73,39,0,42,5,444,78,272,378,375,492,591,43,410,323,44,76,58,7,211,200,27,72,32,8,8,904,107,534,109,10,358,58,146,373,307,9,1991,160,114,9,45,437,166,48,605,163,1078,711,75,241,31,60,138,0,11,189,98,344,66,4,1066,32,197,6,35,7,350,37,3,261,333,18,33,1091,329,84,308,242,21,11,311,241,29,293,33,354,117,252,157,82,534,69,99,533,358,467,364,2251,125,147,286,2500,61,48,65,224,549,175,36,236,69,499,64,68,578,14,88,818,25,1444,192,739,162,376,20,77,25,350,89,1065,197,2182,1,166,16,1154,177,329,26,166,887,166,311,138,13,40,75,462,1,199,114,21,20,7,178,1137,21,147,494,153,145,203,30,375,34,27,288,70,48,77,14,94,199,523,131,52,77,123,21,88,32,582,6,172,44,43,18,2380,710,310,1581,501,12,52,292,2,994,6,111,1,344,3,35,159,124,3,39,252,399,233,107,2,58,292,6,74,60,131,46,43,53,32,106,429,2042,64,116,27,242,12,1147,5,265,29,15,87,104,520,69,143,119,185,238,351,1143,176,23,97,202,348,31,457,207,187,7,72,66,4,908,118,21,99,507,22,124,2687,79,41,3,119,46,201,793,416,6,27,319,4,50,627,38,815,28,14,181,448,307,66,204,16,85,274,718,45,59,672,28,117,244,131,57,144,611,17,616,3,45,789,27,447,150,7,42,148,161,54,269,259,281,111,6,130,50,248,335,276,42,2,128,118,32,16,502,15,398,335,186,26,146,143,44,22,191,70,112,1147,297,59,2,20,497,4
"ENSG00000027644.5",10,0,0,5,3,1,0,4,2,1,19,59,16,5,5,1,5,1,32,3,1,2,18,0,0,0,0,13,76,2,3,72,2,0,0,6,4,6,0,1,0,9,3,21,0,0,0,1,1,0,1,3,0,4,1,1,10,0,1,29,1,9,15,1,4,7,3,1,0,11,4,5,1,1,0,0,0,4,34,3,11,19,1,1,2,8,0,0,5,0,26,0,0,1,15,0,5,0,3,33,1,0,1,0,0,6,3,1,1,2,0,2,13,3,6,0,55,0,9,13,0,0,0,0,1,0,0,0,17,72,2,3,0,2,4,0,0,0,7,5,0,63,0,0,7,3,7,0,1,1,1,0,4,0,0,0,0,0,2,3,0,3,1,1,1,0,5,11,25,1,60,0,0,4,0,3,5,6,2,40,0,43,1,2,1,2,9,0,1,4,0,28,2,2,0,6,0,5,0,5,0,2,5,6,2,0,0,5,1,3,5,9,2,0,5,6,1,0,5,0,0,3,0,0,1,0,2,34,1,0,78,0,1,63,0,4,0,2,0,1,12,3,0,17,4,42,1,16,2,8,1,2,2,3,0,5,0,36,6,8,3,0,10,15,0,1,45,2,3,1,4,2,1,1,1,0,0,2,5,42,3,0,0,2,4,2,1,1,0,4,0,0,11,0,5,0,40,3,2,19,10,1,37,0,0,4,0,0,12,3,0,12,0,259,3,3,0,2,5,1,44,4,0,3,16,15,1,14,0,1,4,5,0,0,4,1,1,87,7,33,0,10,1,11,0,0,0,10,1,0,0,1,1,2,1,1,82,20,3,0,2,0,3,6,0,3,1,0,3,2,1,0,2,18,36,0,0,2,2,4,0,4,2,0,2,0,4,3,0,0,0,1,1,1,12,0,5,47,6,0,0,0,42,0,193,2,0,2,3,2,1,1,1,0,2,4,2,1340,1,1,1,1,10,2
"ENSG00000029559.7",154,0,17,4,67,0,10,0,0,409,1,10,0,61,19,0,0,138,0,0,1,0,36,47,23,0,0,28,9,61,72,133,39,0,12,0,41,0,2,15,0,331,0,39,0,0,1,11,0,0,0,65,0,5,4,7,0,1,68,0,0,5,0,6,0,0,15,0,0,5,114,0,30,0,0,1,108,0,27,1,5,34,17,2,14,0,1,61,3,0,4,16,0,30,0,0,0,61,57,8,1,0,12,1,0,0,0,0,29,47,5,0,0,34,0,54,17,0,39,18,0,86,0,1,0,0,1,3,0,48,4,0,5,0,0,0,2,0,2,13,0,16,127,1,0,61,14,22,2,93,0,3,27,10,1,0,0,1,25,39,0,0,0,0,13,2,16,11,0,23,0,59,0,39,0,1,1,18,1,0,0,6,1,67,103,0,14,0,5,37,0,230,0,32,73,21,0,0,0,2,0,1,41,15,0,19,0,10,2,1,0,5,38,0,35,3,0,1,50,0,0,7,3,0,0,0,0,170,0,2,0,0,0,3,0,2,0,1,3,1,12,6,0,0,6,8,1,0,3,0,0,0,0,0,0,0,0,17,6,177,11,8,124,51,0,12,8,0,7,0,18,1,1,0,0,0,8,0,0,4,132,41,8,0,0,8,0,3,0,1,1,0,0,29,0,22,6,0,0,4,1,51,14,0,0,2,0,25,89,15,1,0,10,0,2,447,31,0,0,4,0,306,0,0,0,0,0,0,1,1,20,0,19,0,1,0,1,0,8,0,0,0,0,9,13,11,17,0,0,0,0,54,0,6,0,0,1,8,1,0,50,3,2,3,9871,0,2,4,0,0,0,12,28,2,33,0,15,2,0,95,55,39,0,0,0,2,0,5,0,0,21,1,0,0,0,1,75,63,4,0,0,0,0,1,3414,0,2,12,0,17,6,3,0,0,41,0,12,77,6,0,1,0,0,0
"ENSG00000035499.13",366,10,8,41,425,204,85,7,11,5010,31,362,706,987,1787,24,14,335,172,62,96,15,124,169,76,100,168,363,92,974,623,1273,325,28,48,933,59,35,161,149,1,3660,476,9,32,179,28,283,39,17,85,1689,88,538,52,135,12,293,601,333,6,300,61,183,8,557,44,15,1611,417,1637,116,63,4,198,24,1184,73,695,253,316,102,754,128,411,132,52,79,48,5,220,164,70,110,21,3,0,232,436,316,64,8,443,51,331,311,167,10,1100,396,362,38,27,174,188,39,1627,81,788,683,29,101,12,103,125,3,9,142,163,239,53,9,1275,25,218,12,32,10,395,23,21,1140,1026,43,439,580,525,253,920,2078,8,11,363,200,36,191,71,520,180,174,103,81,245,261,545,227,344,360,340,1492,106,143,129,883,51,76,119,382,618,158,14,107,92,279,29,118,149,6,30,414,24,693,399,727,64,199,29,49,20,418,38,450,410,517,14,259,36,367,104,217,39,200,509,131,483,2943,14,4,73,271,11,109,287,22,32,11,54,627,25,187,805,78,149,100,8,278,12,39,123,67,95,78,5,41,501,291,104,103,47,59,24,75,22,702,26,134,41,15,29,934,364,158,885,572,14,126,222,15,406,18,314,12,1615,21,34,325,222,4,28,105,265,298,70,5,30,507,3,41,183,94,84,55,69,28,35,527,667,64,57,105,741,45,928,12,163,16,8,53,135,348,31,800,197,72,103,1602,1478,336,17,164,377,368,21,455,127,157,55,25,48,16,223,147,117,102,322,48,226,1700,32,42,6,73,46,1952,537,97,4,60,230,3,44,2265,53,644,18,32,770,673,769,68,113,22,62,250,894,21,80,1003,3,78,356,151,90,86,291,10,342,42,10,229,22,402,60,6,87,83,358,117,190,338,523,43,16,332,176,150,125,762,318,34,158,143,106,15,345,24,222,638,82,15,89,92,21,9,60,132,66,511,178,65,22,4,264,13
"ENSG00000036448.10",356,199,117,189,12,14,10,116,186,936,15,34,11,59,9,215,45,8,4,70,107,236,46,14,13,8,18,20,12,82,62,167,16,38,4,43,51,78,29,10,177,256,54,20,334,83,3,11,248,49,98,26,213,12,6,6,197,9,20,2,13,13,9,46,59,25,24,50,78,6,38,31,5,251,73,355,71,106,4,103,14,4,35,228,9,99,13,17,43,88,70,7,5,0,29,53,216,2,3,18,226,358,219,79,96,27,41,286,54,13,24,236,130,12,22,107,173,4,10,22,4,14,101,31,31,139,76,2,11,1116,29,189,5,83,10,226,10,397,16,18,81,397,42,330,93,28,102,71,36,149,96,296,5,35,111,4,76,288,8,26,42,22,8,53,14,23,28,7,348,13,88,101,6,6,77,37,15,9,57,48,225,1838,7,23,14,17,40,238,244,39,4,156,179,12,5,0,277,18,47,21,28,22,16,18,132,18,42,40,64,111,131,149,10,10,76,216,191,7,40,17,183,33,30,306,196,171,27,18,76,67,90,19,29,230,28,20,200,59,16,227,237,14,53,144,8,44,4,110,29,160,71,43,147,39,65,75,311,84,3,10,24,65,13,22,280,26,150,268,20,152,17,162,14,136,55,49,9,84,112,39,1,11,44,671,165,44,240,128,89,53,259,8,110,6,49,6,8,17,177,1494,71,86,8,101,21,118,110,104,12,11,18,55,9,116,160,99,17,44,114,131,24,297,259,81,186,169,829,35,10,179,11,46,67,74,135,232,39,2,282,21,428,365,35,28,5,126,10,71,19,212,307,47,70,110,19,214,3,331,33,24,1184,13,25,6,1712,6,2,11,99,12,5,11,19,47,4,16,5,371,227,9,41,95,58,82,245,167,36,16,29,4,52,104,79,45,23,7,65,7,170,165,10,3,169,43,30,73,9,31,3,130,61,26,57,206,31,104,8,30,17,127,218,88,38,94
"ENSG00000037965.6",0,0,77,0,6,0,6,1,0,0,1,0,2,0,0,0,20,0,0,13,75,0,67,0,1,0,1,0,0,0,0,13,1,2,0,1,1,0,0,0,0,1,1,2,0,0,0,0,1,0,0,1,0,0,0,0,1,0,0,0,0,18,1,0,1,1,0,0,1,0,0,6,9,0,0,0,51,4,0,1,0,0,0,1,0,5,0,0,1,0,0,1,35,0,0,0,0,2,15,0,0,0,7,0,5,14,0,0,207,32,2,0,0,1,30,1,0,1,1,2,0,1,0,5,1,0,0,0,1,128,2,0,4,4,2,0,3,1,0,0,0,2,4,0,22,210,76,2,150,0,2,0,0,1,0,1,2,1,0,0,1,40,0,14,18,0,25,6,0,28,1,0,2,42,0,3,3,0,111,0,0,28,1,0,0,0,113,22,0,0,1,552,31,0,3,0,0,4,0,0,0,0,0,3,0,0,4,0,1,0,0,33,58,0,0,0,2,0,0,2,1,63,0,2,0,0,0,1,0,3,2,0,2,0,3,0,0,1,0,0,78,1,0,108,37,40,0,70,2,1,0,123,0,0,0,2,0,64,0,0,0,0,2,4,0,0,2,1,0,0,0,0,0,0,0,0,10,0,0,7,0,12,0,5,1,0,0,2,9,0,1,1,0,0,363,93,3,0,1,0,0,2,1,0,25,0,0,0,2,0,1,0,1,97,1,0,2,10,0,0,1,0,0,4,0,0,0,0,0,0,2,0,0,13,2,1,0,1,0,0,0,1,2,38,1,75,0,76,0,0,0,1,0,0,0,0,39,3,0,2,2,2,1,1,0,0,0,0,0,0,0,1,34,0,0,0,0,3,0,1,0,1,0,0,0,3,0,2,0,0,86,0,0,0,1,0,1,26,1,1,0,1,53,0,2,0,2,0,0,0,0,0,1,0,0,0,0,156,6,5,0,0,4,2
"ENSG00000040731.10",0,0,3,1,0,0,21,0,0,0,0,0,4,5,8,0,1,1,0,0,0,0,2,0,0,5,0,0,1,0,0,20,0,0,2,0,0,0,0,0,0,4,145,1,0,0,0,0,0,23,0,3,1,0,0,0,0,0,1,0,0,107,0,0,0,1,0,0,3,0,9,2,0,0,0,2,6,0,203,465,1,4,0,1,1,1,0,0,1,0,0,9,3,0,1,0,1,0,459,0,0,0,0,0,0,0,0,0,339,1,0,0,0,0,166,0,2,0,2,0,0,0,0,1,0,0,1,0,4,98,0,1,108,0,0,0,0,0,1,0,0,0,17,0,1,0,0,0,28,0,0,0,0,0,0,0,0,1,0,1,1,0,0,0,0,0,5,3,2,84,0,0,1,9,0,0,0,0,0,0,0,0,0,0,0,0,2,0,1,1,0,0,2201,0,1,0,0,3,0,0,0,0,0,5,2,0,1,1,0,0,0,0,0,18,5,0,1,0,1,0,0,0,0,0,0,0,0,0,0,0,3,0,1,0,0,0,0,0,0,0,0,0,0,1,1,0,0,0,0,0,0,0,0,1142,0,0,0,1,0,4,3,2,135,386,0,0,0,0,0,0,0,0,81,0,1,0,136,0,0,0,4,0,0,0,0,0,0,0,2,1,0,0,1,0,0,3,151,0,0,0,0,0,2830,10,0,1,0,0,2,2,0,0,3,2,1,0,0,0,0,0,1,0,0,198,0,1,0,0,2,0,4,0,0,0,0,0,0,0,0,0,0,0,0,0,29,1,0,1,42,0,0,0,0,16,0,2,0,7,4,0,0,3,0,0,0,0,1,0,0,0,0,0,0,0,11,0,0,0,0,0,0,11,0,0,0,0,0,1,0,0,0,0,0,0,0,0,0,96,0,0,0,0,0,0,4,0,1,179,0,0,0,0,0,0,0,0,0,9,1,1,0,0,1,0
"ENSG00000042062.13",441,87,62,37,527,28,4,138,54,545,85,35,70,3001,7,370,243,23,48,136,143,373,81,194,35,44,4,36,23,29,136,26,113,276,34,43,58,215,24,25,7,960,41,43,631,3,23,22,241,84,75,17,517,27,13,33,165,51,59,8,21,31,112,266,328,60,62,18,64,18,318,69,65,99,41,620,30,98,12,62,66,116,19,49,61,1345,23,12,37,6,399,13,20,22,42,257,309,123,18,39,62,544,3,37,12,30,47,369,103,21,106,896,52,68,27,15,71,23,54,4,16,27,87,20,28,178,119,20,119,209,158,644,25,68,15,624,41,390,33,61,226,264,22,1052,145,21,8,188,23,61,359,851,49,29,222,34,40,154,18,34,67,2,19,99,79,67,67,74,23,25,7,73,37,30,10,29,31,37,143,38,138,741,44,18,331,43,122,315,30,85,86,198,78,65,24,9,542,82,46,25,94,71,70,27,338,29,401,59,96,98,370,130,8,41,121,103,16,26,90,55,256,48,0,108,409,260,151,51,4,3,40,37,84,31,25,33,589,25,10,26,82,57,32,83,78,42,12,14,149,48,77,6,449,12,352,113,443,88,44,47,220,100,6,26,416,68,69,766,126,322,30,244,20,161,96,62,9,150,36,36,76,10,24,134,84,35,116,23,4,44,382,42,20,20,3,10,16,36,904,20680,141,33,129,1167,4,32,36,60,64,44,168,80,30,139,164,553,16,361,44,40,127,126,492,70,61,51,480,87,4,267,54,39,168,65,66,618,77,677,20,13,336,22,30,72,24,28,47,5,88,560,499,63,253,40,48,551,13,5198,22,5,53,29,75,67,81,119,0,13,49,9,30,86,4,21,104,60,52,499,111,62,144,64,180,10,321,29,65,57,8,89,19,83,273,57,34,32,81,14,717,195,11,9,75,17,37,250,6,27,7,88,109,33,289,122,380,48,67,413,63,707,587,145,16,381
"ENSG00000042813.8",2,0,0,0,0,5,0,0,0,0,0,0,0,0,0,0,0,0,0,0,0,1,0,1,0,1,0,0,0,0,0,0,0,4,0,1,0,0,0,0,0,0,0,0,3,0,0,0,1,1,0,1,2,0,0,0,1,0,0,0,3,2,0,1,1,0,0,0,0,0,0,1,1,0,0,2,0,0,0,0,0,0,0,0,0,0,0,0,0,0,0,0,0,0,0,2,0,0,0,0,0,0,0,0,0,0,0,0,2,0,0,0,0,0,0,1,0,0,0,0,0,0,0,0,0,0,0,0,0,0,0,0,0,0,0,2,0,2,0,0,0,0,0,2,0,0,0,0,0,0,3,4,0,6,0,0,0,2,0,0,1,0,0,0,0,2,0,0,0,0,0,0,0,0,0,0,0,0,0,0,1,0,0,0,0,0,0,0,0,0,0,0,0,0,0,0,1,0,0,0,0,1,0,0,1,0,0,0,0,0,1,0,0,0,1,0,0,0,0,0,0,0,0,0,0,0,0,0,0,0,0,0,2,0,0,0,2,0,0,0,0,0,0,0,2,0,0,0,0,0,2,2,0,0,0,0,0,0,0,0,2,0,0,0,5,0,0,3,0,0,0,0,0,1,0,3,0,0,0,1,0,0,1,2,0,0,3,0,0,0,2,0,0,0,1,0,0,0,0,0,0,0,1,1,6,0,0,0,0,0,0,0,0,0,0,0,1,0,0,0,0,10,2,1,0,0,2,0,0,0,0,0,0,0,0,1,0,0,0,0,1,0,0,1,0,0,0,0,0,2,0,0,0,1,0,3,1,0,0,0,0,0,0,0,0,0,0,0,0,0,0,0,0,0,0,0,0,2,0,0,0,0,0,0,0,1,0,0,0,0,0,0,1,1,0,0,0,0,1,0,0,0,0,0,0,0,0,0,0,0,0,0,0,0,0,0,0,0,0,3,2,0,0,1
"ENSG00000043355.12",942,0,0,36,1402,8,307,57,11,346,235,606,577,33,518,41,331,0,249,407,28,3,512,24,402,5,183,434,303,429,1309,530,75,80,6,13,62,37,1564,1457,5,931,1100,225,2,117,209,294,3,0,0,161,2,27,377,196,3,104,1,12,0,784,6,3,10,1504,208,17,29,2,2684,59,311,1,308,0,737,584,391,92,137,964,60,46,622,94,203,4,28,216,145,288,506,285,0,0,0,680,403,459,64,2,297,9,25,87,1251,1,585,640,15,1,7,1728,458,62,1498,518,424,2,2,416,1,282,144,1,2,637,2,1200,240,0,863,85,218,0,22,1,32,146,2,1006,822,3,407,1610,404,34,967,377,1,6,3,113,202,230,299,273,292,261,140,8,31,303,532,13,292,2614,19,714,361,233,380,1420,3,191,296,4,510,189,1,43,289,196,229,3,280,47,74,4,327,293,1043,270,168,1216,3,832,0,12,9,137,194,656,1,52,0,523,202,61,311,40,994,440,221,185,19,14,305,1867,1,172,45,243,2,0,0,766,51,192,16,205,170,60,58,95,0,26,304,1,25,217,4,142,400,333,282,21,66,40,181,371,1,1965,0,7,0,317,2,1910,198,11,824,2158,0,7,204,3,606,4,281,3,1247,0,4,249,557,0,3,99,867,255,319,1,1,7,1,233,41,87,4,383,98,906,95,833,1737,7,29,634,517,44,933,2,159,17,40,488,256,580,33,1,4,394,6,195,168,155,5,305,1025,644,0,1419,149,2,2,117,6,2,23,85,102,4,30,1,11,197,553,11,2,91,399,425,518,136,385,45,117,0,28,185,7,1408,8,2,1196,1200,630,30,411,18,43,1059,663,28,506,3,37,213,3,213,118,50,438,35,670,1,1,539,59,235,126,2,4,515,448,415,225,5,261,20,0,16,1,192,284,848,276,2,360,135,392,0,230,1,129,259,2,12,1,314,0,0,252,384,232,116,694,13,1,76,27,6
"ENSG00000046774.10",0,0,0,86,0,0,3,0,0,1,0,22,0,7337,1039,3,0,34,0,0,0,0,19,678,186,4,0,37,5,42,3,0,630,3256,0,0,1551,18,0,4,2,1,24,363,2,0,6,59,0,1,17,167,0,588,6,35,0,0,0,0,6,169,1,272,17,0,308,773,2,0,6809,0,86,2,1,1,1479,1,9,1088,4326,1111,5,0,290,0,0,2417,0,10,2,6945,159,0,0,1,0,742,85,1,70,0,0,226,0,0,11,0,11496,33,3,0,270,12,0,2566,1,51,1,11335,161,181,0,52,2,0,54,195,0,90,185,0,4653,0,0,0,0,0,69,248,0,0,936,2,0,1,83,0,0,0,0,0,2,235,23,0,108,0,63,38,84,0,35,0,1,3160,74,1,0,1843,244,101,267,11876,0,0,13,989,0,3271,0,1,17,5,39,1,163,1,9,385,0,13,0,526,1347,6,0,0,0,0,13,1,0,8991,0,942,0,0,490,6,0,1,67,78,93,632,0,87,371,4065,0,296,0,19,0,0,3532,8,31,2,0,421,0,10,286,4885,1,1,20,61,0,3,0,0,3,0,1097,0,0,1,7,0,0,16,0,0,0,0,4947,12,2936,3819,233,687,0,0,0,1,6174,1,648,2,256,0,0,0,18,0,0,4274,3320,3902,77,8,3,0,1,0,0,0,1,3,0,1289,8,370,31,0,190,0,0,0,147,0,705,0,0,32,7,233,35,0,37,0,0,0,7291,12,0,18,0,47,0,0,300,0,0,1,1059,1,1296,0,523,0,0,1,0,1,0,0,0,2214,141,0,35,135,15,0,1335,0,8,15,0,995,1,0,3,0,0,1,30,0,333,0,1,1,0,0,0,653,0,3,0,114,8051,106,6479,0,0,102,1786,143,1775,0,0,13,0,1248,576,0,0,0,0,0,0,0,375,622,25,0,4,0,0,8,45,0,91,0,176,0,55,12,0,0,729,0,2614,5,0,0,0,55,2,0
"ENSG00000047617.15",2,0,99,20,15,7,4,34,10,3,121,9,23,706,3,9,123,6,2,7,19,3,69,6,31,13,5,8,10,20,5,5,26,53,21,26,79,9,1,17,13,12,20,1088,22,9,13,9,5,33,19,36,4,305,4,17,39,15,16,3,21,17,7,4,13,18,36,18,17,9,14,561,4,5,14,4,2,4,2,183,1204,43,5,62,9,43,1,20,74,5,25,28,16,6,3,1,18,33,7,6,8,25,24,7,17,12,15,7,189,6,91,23,43,2,18,6,4,5,7,72,1,32,17,4,723,2,58,2,5,13,28,2,13,11,262,1,18,0,10,10,11,17,10,3,12,51,7,10,9,3,5,8,11,6,44,6,16,38,8,33,43,10,1189,13,6,13,25,6,5,11,1,7,34,13,10,8,9,113,7,255,2,15,156,6,32,73,11,53,8,8,13,14,222,181,51,3,4,10,13,25,12,14,20,178,3,11,13,154,735,13,27,8,1,9,8,4,93,9,50,69,3,5,4,31,13,6,19,7,556,40,169,33,176,16,29,193,6,14,1,9,39,9,28,24,14,12,4,300,134,7,7,11,4,8,3,32,3,12,54,44,13,16,9,7,7,38,4,10,28,4,12,3,2,2,70,4,2,1,9,383,6,410,6,7,15,6,1,68,5,301,11,29,8,3,25,3,5,11,105,5,4,25,4,9,73,9,10,15,4,4,18,10,5,54,9,3,74,26,57,3,26,9,6,11,169,18,8,9,4,7,130,16,380,23,19,5,10,13,18,19,4,209,15,0,5,14,31,492,15,7,2,10,37,20,2,6,27,11,7,9,67,49,101,14,5,27,4,2,26,8,28,81,42,27,4,6,47,8,56,26,20,426,6,14,4,7,32,5,8,7,39,19,4,43,15,12,28,6,23,2,2,3,223,6,14,39,52,13,3,35,12,8,33,24,692,7,469,25,7,14,10,10,39,1
"ENSG00000047936.11",2,2,0,6,2,2,0,425,1,1,19,2,0,88,7,10,0,8,187,3,50,2,0,6,48,61,3,99,0,14,1,17,14,377,8,10,68,9,3,8,1,1,1,1,3,2,0,7,1,6,0,24,16,1,0,30,0,0,148,0,2,30,11,23,23,2,15,10,2,4,27,9,29,7,0,1,62,5,1,235,80,136,0,0,49,6,7,1,1,0,19,133,0,0,8,1,0,64,20,4,3,20,0,5,0,1,101,8,96,1,8,1,1,665,4,8,18,3,1,6,1,88,7,1,4,5,0,6,3,129,15,4,33,0,0,0,1,1,4,31,4,13,128,6,1,1,0,0,1,3,5,0,2,143,13,6,0,1,10,183,29,0,2,13,5,62,3,4,25,10,0,3,1,152,0,1,3,7,36,15,2,0,0,1,399,1,479,181,74,31,7,1933,2,19,94,2,8,0,0,3,122,101,7,127,2,0,3,35,0,212,0,5,5,22,15,0,0,3,8,26,1,8,0,0,1,1,16,4,0,2,4,21,1,1,28,0,5,0,42,1,1,15,16,3,9,0,0,1,15,161,0,2,0,0,2,3,6,0,1,21,31,268,36,9,0,3,5,5,92,8,1,0,1,1,26,0,0,2,4,0,19,2,28,1,43,1,0,0,2,1,2,6,1,0,1,30,25,1,882,1,2,0,4,0,0,2,0,64,2,18,25,4,10,1,12,3,2,3,0,33,1,2,2,26,11,0,6,3,1,3,2,0,1,3,8,3,2,0,6,1,4,2,11,4,4,80,181,1,18,1,0,3,255,20,1,4,0,0,36,11,5,3,2,0,0,76,1,120,7,0,1,12,0,1,1,12,199,8,30,13,5,33,143,10,13,2,2,4,7,3,3,0,6,6,10,0,100,6,14,2,2,26,4,0,554,1,4,17,1,4,15,0,36,2,191,0,16,265,9,7,3,170,0,2
"ENSG00000051180.17",114,5,92,45,112,140,238,33,30,585,25,302,424,2028,545,40,23,167,138,38,65,10,55,58,114,79,102,312,63,298,144,138,211,62,33,210,123,38,251,128,69,212,156,29,47,84,27,214,21,43,76,391,95,264,33,111,26,186,268,204,27,172,54,370,29,104,70,41,619,157,300,100,52,8,113,9,391,47,614,273,201,136,294,119,311,41,46,74,76,16,116,115,52,359,27,17,27,270,94,183,71,31,537,35,119,328,184,15,612,143,92,26,50,281,75,68,369,45,559,467,53,165,24,155,135,8,12,203,141,630,43,19,455,37,226,24,53,29,535,14,16,289,215,47,80,542,210,251,223,197,15,12,100,190,38,175,48,344,192,176,123,111,252,116,211,150,383,346,114,981,22,82,144,805,51,63,107,145,269,88,15,86,55,172,69,81,244,22,46,549,38,1007,305,589,54,239,29,97,28,191,43,442,383,536,12,336,26,168,263,195,45,165,374,79,125,344,7,34,100,253,15,188,221,27,30,12,134,205,24,85,142,129,111,165,13,328,24,44,179,85,42,80,37,23,274,236,130,74,55,40,16,79,16,192,26,118,65,64,52,498,568,165,386,293,12,82,121,21,984,17,314,13,691,22,31,161,338,28,16,357,124,327,95,24,44,260,11,67,129,125,46,37,98,27,155,616,644,47,49,114,193,53,796,21,204,39,23,71,129,350,59,244,169,74,99,136,949,228,37,47,148,306,17,231,110,214,30,42,72,16,159,114,56,189,566,22,212,249,67,21,13,81,40,133,600,193,27,80,129,15,75,656,30,542,33,34,192,421,213,27,208,63,33,109,537,13,43,313,27,136,239,88,31,149,604,25,199,20,32,122,62,227,52,32,81,63,281,71,236,201,275,40,23,204,49,76,102,221,45,9,45,75,59,14,355,51,93,537,247,35,97,203,27,8,71,70,136,641,88,54,24,24,594,17
"ENSG00000051341.14",53,4,32,47,149,112,38,45,24,156,18,240,362,900,276,21,27,118,130,29,59,10,61,36,82,86,41,450,20,158,177,143,202,56,22,201,110,24,132,180,6,282,330,18,15,29,17,83,2,33,27,336,114,273,40,96,14,169,315,133,13,235,27,271,9,98,65,20,612,176,463,43,30,3,30,10,397,37,262,422,196,296,543,29,284,96,49,44,49,6,91,73,49,82,13,11,13,370,76,256,42,19,132,22,51,192,159,12,1434,85,133,18,55,264,126,42,527,41,181,445,32,383,23,94,74,2,1,95,217,397,44,7,644,20,161,19,27,8,272,24,7,326,265,48,74,509,157,389,224,93,21,6,147,109,35,192,35,284,121,204,75,24,215,77,71,222,350,264,282,1002,24,74,141,1426,10,78,48,79,548,86,9,95,113,370,71,33,215,10,48,472,17,531,191,512,54,294,27,55,22,200,44,503,173,1201,1,161,35,423,72,308,48,90,171,83,215,243,10,24,63,261,4,88,93,17,23,5,69,902,12,82,150,101,102,140,9,217,21,31,127,53,20,57,12,28,354,295,165,25,58,90,13,34,12,200,10,95,46,20,21,679,490,144,626,217,14,77,107,6,662,7,92,11,276,7,26,162,115,4,18,172,439,135,46,2,81,238,4,20,39,69,38,49,23,10,43,220,973,20,34,47,210,12,432,10,94,16,15,62,100,271,54,172,83,70,158,139,547,225,17,42,134,245,8,904,99,188,8,73,27,5,323,68,44,115,910,9,71,549,39,22,9,70,27,219,249,181,1,42,187,4,34,487,40,482,37,16,145,305,374,59,211,8,51,311,630,17,52,364,9,52,96,144,25,47,339,19,229,3,47,272,23,274,41,12,57,27,127,47,207,201,123,70,10,250,34,94,143,282,55,9,73,129,52,9,245,69,290,238,62,23,113,72,35,22,61,64,64,841,66,28,1,19,461,3
"ENSG00000053108.17",45,0,50,22,60,7,1,10,9,59,17,454,102,64,26,13,9,74,8,9,44,2,25,23,1,1,51,16,2,270,115,53,41,3,31,2668,141,72,43,233,13,31,12,5,4,83,41,84,11,30,2,265,15,58,163,35,138,1,124,17,11,91,0,3,0,12,31,237,701,106,5,49,30,5,23,0,155,150,23,101,137,68,833,112,23,229,65,1,183,26,114,271,3,98,980,1,20,149,7,101,6,1,63,0,196,53,673,10,63,0,52,7,12,116,9,48,17,4,98,32,1,29,6,28,77,1,5,22,5,14,16,0,198,29,275,0,3,0,491,7,4,19,37,13,49,53,67,19,3,6,7,4,5,7,10,24,66,192,56,59,95,336,215,115,8,51,16,70,30,131,22,292,172,14,66,94,55,33,8,2472,0,1223,113,2,104,7,1,46,202,21,95,5,182,86,410,306,3,327,0,166,1,42,14,74,1,103,39,109,42,28,9,105,102,6,59,12,7,1,158,363,2,55,0,145,1,6,3,978,51,346,272,11,54,149,31,20,1,248,462,21,223,78,2,59,38,327,52,182,19,17,0,12,1,194,2,42,2,156,125,328,117,13,150,75,0,83,67,0,26,1,76,4,11,4,12,4,138,0,7,81,4,39,413,1,1,1,1,15,8,136,9,71,1,152,247,30,23,8,41,5,87,21,389,5,28,9,7,21,0,27,46,44,284,255,51,9324,58,9,138,94,5,190,0,113,69,13,12,2309,36,1,9,13,14,17,84,3,9,938,10,123,0,269,263,16,251,9,114,27,0,1,0,1799,0,34,4,16,7,2,7,35,39,12,115,4,5,11,73,2,4,18,6,45,233,58,16,113,46,5,5,4,503,116,23,108,33,156,28,213,11,60,42,824,7,2,3,10,277,19,7,6,6,32,189,1,4,15,96,1,0,67,8,0,17,23,114,3,27,734,371,40,1,13,309,9
"ENSG00000053524.12",30,0,18,77,79,5,3,4,1,37,9,6,20,38,216,4,21,176,6,13,462,21,36,107,1,4,8,307,15,15,7,15,7,114,62,72,16,17,2,9,1,20,14,4,10,4,101,30,4,1,1,819,4,10,1,569,11,2,46,2,1,388,2,8,4,9,8,4,118,59,4,89,312,2,2,1,62,5,7,35,6,377,19,1,217,13,35,1,33,1,233,52,4,3,1,0,4,9,12,38,6,2,50,1,5,9,87,4,46,7,21,64,28,1204,4,11,33,5,13,13,0,171,1,15,11,12,9,1,7,211,19,4,133,66,57,4,5,2,28,137,3,25,49,1,37,352,36,9,7,36,7,4,137,39,20,9,9,577,8,27,39,0,261,13,5,416,41,182,15,159,4,36,6,869,2,7,15,7,21,9,1,32,13,32,1,4,36,20,315,7,4,24,14,56,31,3,4,12,3,56,1,94,26,3413,3,4,12,97,8,11,13,11,26,19,92,28,5,0,91,39,1,3,1,16,5,5,4,39,74,40,24,8,130,4,0,26,1,7,4,21,13,26,2,7,890,22,5,1,4,3,1,10,0,27,3,12,5,21,6,287,7,107,288,8,3,8,58,6,28,1,47,2,6,3,10,3,3,1,3,39,42,5,24,2,1,6,2,4,6,279,19,14,6,2,3,16,233,1,15,50,53,5,4,9,2,15,3,36,3,1,1,4,2,46,25,54,8,38,42,4,18,15,5,46,276,6,6,3,3,7,3,5,27,3,4,4,2,144,3,3,3,4,362,20,903,14,2,2,81,4,2,68,7,8,3,16,7,23,25,3,15,6,8,267,13,3,20,4,6,17,22,1,9,3,92,36,212,13,4,33,0,54,7,40,6,59,6,19,20,43,7,5,1,10,3,10,42,13,16,4,17,26,52,0,96,389,122,24,3,19,97,3,40,6,230,16,56,242,131,13,1,6,4,12
"ENSG00000053747.17",1859,69,1281,185,943,906,1,30,189,1481,8215,30594,5616,662,70,272,85,520,9483,389,1250,346,161,257,526,605,492,426,128,3631,323,1546,540,851,288,4562,2574,121,5286,11855,332,1821,410,35714,989,27,923,625,281,141,329,1006,514,1433,14714,103,3395,41,82,634,8169,1238,1044,331,123,103,243,13909,800,1249,667,759,287,141,127,127,41,155,713,147,6479,196,765,63,553,73,294,2496,508,90,1957,806,474,49,2806,66,2493,1703,3882,869,734,715,152,741,588,2445,1241,167,530,84,905,257,504,385,99,403,2012,1175,1337,11944,1082,90,183,423,548,118,191,445,2191,680,569,327,978,438,560,262,4566,178,1308,289,140,1728,2113,902,475,388,109,500,62,3231,239,111,1398,661,285,1817,263,743,4827,1098,44,468,178,894,184,488,632,139,1237,188,136,28,6104,162,201,2653,1179,2134,11202,4496,134,473,578,2881,2860,388,1565,129,37,265,557,37,48,957,198,195,348,522,320,2550,69,2555,620,450,55,118,93,712,272,1681,323,232,334,116,1061,2641,6494,1324,643,2745,139,431,29,101,256,140,6977,846,65,3768,154,2487,318,8133,671,4799,70,8007,224,436,686,741,5066,1474,1589,996,490,234,1040,2917,117,62,128,128,161,1113,710,124,4862,477,538,218,505,645,206,1139,158,97,575,82,417,135,22,445,991,300,119,80,6010,301,1508,522,718,82,1080,91,77,210,45,156,1003,595,160,1487,8333,388,2410,4669,51,615,365,49,81,117,98,197,119,456,238,3534,8796,549,774,532,1985,2775,3793,420,658,925,502,10122,157,648,868,1626,510,5429,1044,134,5584,128,471,1363,4234,257,5750,1356,4610,555,314,5741,608,254,696,439,350,117,123,13,204,5127,862,834,1038,151,176,695,394,182,778,200,5640,183,2182,1067,88,7,1117,277,1074,1515,105,1182,302,28,251,241,148,1018,677,506,212,260,356,350,840,866,821,532,267,12878,228,1895,482,343,1634,223,1024,242,287,516,568,1276,495,784,1738,28,41,641,1053,350,204,480,874,73,184,223,505,607,49,51,6540,268
"ENSG00000054356.14",50,0,1,1,5,1,0,0,2,9,0,1,10,13,7,1,1,7,9,1,0,0,5,0,2,1,6,1,0,2,2,6,2,0,5,1,6,0,1,0,2,6,2,1,0,0,0,2,2,2,6,38,0,0,2,4,1,1,1,0,0,25,2,1,1,4,0,0,1,0,0,0,1,0,5,0,10,4,174,2,5,4,2,12,5,1,2,1,2,1,1,92,1,23,2,0,0,1,17,1,0,2,16,2,0,0,0,0,104,0,3,1,4,5,0,3,37,0,10,3,1,1,2,6,1,0,2,1,7,2,1,0,9,1,0,0,3,0,11,0,0,9,6,3,1,5,4,3,3,36,8,0,2,6,1,11,0,1,3,1,2,8,13,0,1,1,7,8,0,14,5,0,1,3,1,1,3,34,1,1,0,1,3,1,2,1,4,3,0,3,6,406,7,2,14,10,0,8,3,1,2,5,10,1,0,4,1,0,2,0,1,0,9,1,2,2,0,1,5,0,0,0,1,0,0,1,0,6,0,1,3,1,2,2,0,8,0,0,1,5,0,2,1,0,12,2,0,0,0,0,0,6,0,25,1,0,1,9,1,1,85,0,7,14,1,1,2,0,1,0,4,0,5,0,10,3,6,1,2,9,0,3,0,0,3,1,1,1,7,1,0,1,1,3,1,39,57,2,0,9,1,0,8,2,2,0,5,2,67,0,1,5,11,1,2,25,1,7,0,2,4,3,0,3,0,1,1,1,1,0,2,0,1,2,4,0,3,1,2,4,0,0,0,1,2,0,1,4,5,2,2,3,2,2,1,1,3,9,1,2,0,6,4,1,34,1,1,9,4,1,3,1,1,4,7,1,1,0,0,3,7,0,7,2,0,1,1,1,3,3,3,7,0,6,0,1,1,30,0,0,2,2,3,0,10,5,17,2,2,3,1,1,1,0,2,1,5,10,3,2,2,0,0,6
"ENSG00000055118.16",38,0,74,3,135,2,3,7,13,517,36,4,89,6,220,23,9,3,1,26,231,0,530,4,3,11,1,9,130,11,18904,14,26,11,49,7,2,3,0,0,1,309,63,1,17,1,2,4,26,3,2,7,17,8,2,0,66,6,2,4,11,1,1,11,2,96,4,2,5,6,15,16,4,1,7,11,192,9,169,17,18,6,173,40,1,27,1,1,8,1,1388,27,1,2,33,2,33,4,59,14,10,1,34,0,171,53,2,9,981,125,119,32,2,6,7,6,62,53,46,383,1,1,16,5,3,7,21,2,4,29,4,10,11,7,800,3,13,8,593,1,11,2362,13,16,143,2194,78,4,217,57,5,8,0,5,14,0,0,14,1,8,10,581,74,56,314,12,41,3361,0,7,9,1,1,8,299,2,18,7,421,6,3,156,2,3,2,5,13,42,10,0,8,5,155,3,5,14,5,1,0,1390,0,1,188,3,22,2,160,3,39,0,15,69,44,8,42,144,10,0,12,3,3,1,2,2,16,3,7,5,3,4,7,2,5,9,0,8,9,2,1,1,109,4,6,84,247,187,1,31,4,1,2,7,2,3,2,49,6,4809,0,16,25,3,223,6,15,53,78,9,1,5,13,11,8,4,16,8,629,10,3,11,3,10,1,13,2,7,4,11,13,21,21,10,464,3,685,364,96,4,2,8,12,102,21,13,23,2,1,2,33,5,2,1236,0,1143,28,11,9,1283,6,4,22,206,4,8,14,214,21,7,4,10,8,2,4,31,3,6,0,18,484,16,12,3,3,5451,5,3,1,61,26,3,20,31,18,39,0,18,1102,1778,11,167,23,5,4,483,11,1,1,70,3,4,0,4,2,8,2,2,2,18,1,1,6,2,1,6,10,0,77,11,0,1,128,2,14,124,10,3,13,295,68,10,8,2,15,0,15,99,11,18,1,2,22,3,3,7,0,0,0,20,33,18,6,3,110,9
"ENSG00000055732.13",8,6,769,8,714,24,4,1,5,159,1,2,10,298,0,14,10,645,2,13,22,15,4,5,0,0,19,20,33,37,31,120,22,6,133,6,4,14,0,4,0,255,46,0,21,6,19,28,47,186,0,19,8,3,1,2,2,13,0,24,3,1329,0,2,4,0,2,5,5,1350,3271,57,1,18,0,5,1459,21,9,35,16,14,9,60,384,5,6,1,4,0,25,4,372,11,0,4,0,0,6,713,10,0,215,1,16,6,1036,14,968,446,6,38,3,60,3,1,1809,2,122,13,1,2,426,0,8,8,1,0,49,2205,17,17,355,5,37,8,2,5,63,0,6,631,67,27,90,592,126,10,3,14,5,8,2,85,2,0,6,31,8,111,6,6,75,18,512,18,350,769,1871,2365,3,3,3,524,3,2,233,3,42,0,5,30,4,27,1,2,2,2,4,2,3,62,3,22,83,356,24,2,0,244,0,118,64,196,11,6,472,388,8,2,16,3,7,11,81,12,4,0,16,4,5,2,2,5,28,19,2,412,5,3,414,5,185,6,1,6,12,0,10,0,15,40,2,12,922,89,7,1,6,3,2,98,6,171,14,2,19,24,1,893,9,3,1071,1,11,3,173,13,0,29,35,7,2,8,4,53,40,5,0,10,1,11,1,3,3,11,12,12,12,12,16,3,69,0,3,338,1552,2,5,22,12,7,63,5,6,4,1,1,1,2,8,15,5,465,5,123,1,166,3,0,1,72,8,1680,12,16,13,0,2,13,2,17,6,9,133,33,0,2089,1,0,10,1,5,756,1211,3,6,11,47,3,16,985,1,3,0,10,15,169,71,6,2,7,1,168,5,2,23,7,3,1,10,2,2,2,1,1,2,54,2,2,1,8,0,0,4,81,9,60,13,2,2,2,8,154,39,7,161,5,65,9,6,2,17,0,0,1202,338,8,0,11,13,1,7,5,8,0,5,1236,292,9,13,0,5,16
"ENSG00000056291.17",19,0,0,2,2,2,0,0,1,8,0,1,0,1691,127,6,1,206,0,0,1,0,1,0,644,18,1,79,236,4,1,11,12,0,2,96,0,0,0,1,0,9,11,0,3,0,2,363,0,0,0,173,1,240,0,1,1,5,3,0,0,256,0,118,0,1,0,2,1,1,1030,1,0,0,0,2,55,0,308,28,304,729,9,1,17,4,0,133,159,0,1,14,190,1,4,0,2,11,380,1,0,0,1,0,2,0,0,0,896,96,0,0,56,34,1,151,2,162,0,202,0,19,0,1,2,0,0,409,1,91,4,1,624,0,0,1,2,0,424,1,1,0,4,1,4,2,0,2,1,1,0,1,1,428,0,0,5,2,208,510,417,0,7,1,0,48,2,0,0,970,0,0,1,1112,0,0,0,400,5,2,0,3,233,1,580,0,12,5,4,53,0,18,18,20,301,2,0,10,0,0,5,17,3,3,0,183,0,0,114,0,0,3,5,737,25,1,0,2,1,0,0,22,0,0,0,0,1,3,0,1,0,1,0,1,0,95,0,1,0,0,19,2,1,17,2,0,42,0,0,0,0,0,0,2,1,0,0,0,1,181,332,186,10,1109,0,0,0,0,9,0,233,1,34,0,22,3,5,0,0,236,198,180,195,0,0,10,0,0,1,8,1,0,2,3,2,565,13,0,2,1,0,8,460,0,179,0,1,0,147,1058,0,0,17,1,8,1,1068,16,171,0,0,1,0,0,9,0,6,1,165,0,141,1,0,0,6,2,1,67,7,0,1,0,0,1,419,104,3,0,11,1,2,242,0,198,0,1,1,0,6,0,5,3,1,0,0,8,0,5,3,0,0,0,19,121,1441,0,39,5,18,27,460,7,315,0,1,1,1,0,0,0,0,0,0,0,1,8,169,2,0,0,3,0,5,0,1,0,1,116,8,24,0,50,0,1,586,0,262,13,1,2,0,0,1,0
"ENSG00000057468.7",45,0,1,3,1,0,0,2,2,8,1,5,1,39,3,2,7,5,0,0,1,1,8,14,2,1,1,7,0,9,8,42,57,66,3,2,4,2,1,4,0,1,4,2,1,0,26,3,0,2,0,35,3,6,2,0,0,5,8,6,1,13,0,0,0,9,4,0,9,3,50,29,44,0,0,2,18,4,0,5,7,26,14,4,1,4,8,2,3,0,3,5,4,0,0,0,0,2,1,1,7,0,0,4,3,6,7,3,79,2,3,3,7,7,4,6,0,8,23,24,0,1,1,3,5,1,1,0,15,4,3,5,6,25,2,2,0,2,5,34,0,0,19,0,1,54,4,0,5,7,1,1,3,1,1,2,21,6,3,6,2,1,38,3,1,11,38,2,0,48,6,27,7,1,1,0,10,4,10,2,0,4,1,30,7,1,2,1,1,2,2,2,4,77,4,1,1,4,0,3,5,4,31,4,0,4,2,2,2,1,6,4,14,2,12,17,3,0,17,9,0,0,0,12,2,0,1,3,0,8,1,2,4,1,0,8,1,2,6,77,1,3,0,0,5,1,1,3,7,3,3,1,0,9,0,18,0,4,1,4,18,7,24,7,1,2,1,1,12,0,13,1,6,0,2,0,2,0,0,4,5,2,2,0,3,3,1,0,0,7,1,0,0,1,2,3,56,0,13,9,5,0,3,1,3,1,2,28,3,0,6,1,1,1,33,4,0,5,4,11,5,128,0,3,38,1,3,1,0,0,3,1,6,3,7,2,11,3,1,0,0,2,6,10,1,3,0,1,1,3,0,1,1,7,0,3,9,21,6,12,5,2,1,14,20,26,0,6,0,2,0,1,0,0,25,0,5,2,7,6,3,5,32,2,3,1,0,15,3,62,7,4,0,3,3,1,11,16,7,3,1,19,2,4,5,1,8,6,0,3,3,1,7,3,4,0,9,3,0,8,2,3,31,2
"ENSG00000058335.16",161,0,125,10,106,5,0,2,3,82,3674,2679,2807,38,1,10,9,4,3,17,17,8,8,9,8,4,4,12,4,23,4,14,28,5,23,25,58,5,2,10,6,24,23,6292,11,8,4,19,5,6,9,46,13,28,2029,1,1166,6,6,1,2266,19,2,41,7,6,11,2622,9,16,30,31,4,2,0,13,20,5,30,55,218,18,5,10,7,3,2,12,15,6,65,308,7,0,130,5,6114,17,41,36,15,4,12,3,7,8,59,18,24,10,18,44,15,20,8,2,50,2,3,31,4,6,1,9,5,3,3,148,5,250,6,4,37,8,11,1,4,1,336,4,1,28,58,3,28,6,31,7,14,23,4,12,9,3,59,22,3,9,50,23,127,1,52,12,11,278,20,82,7,15,12,1,32,7,9,13,24,5,40,2807,0,11,11,22,17,13,10,5,2,0,6,853,10,27,25,4,7,14,0,17,7,4,23,6,1,4,9,5,17,5,16,42,4,0,21,110,302,325,24,36,0,3,8,2,2,5,485,17,3,24,10,5,134,369,98,75,0,541,8,6,18,68,118,9,32,7,1,5,6,663,5,1,2,15,12,5,4,4,402,4,8,15,30,26,6,4,12,3,14,12,46,13,9,11,9,51,5,5,169,37,20,188,6,4,2,13,3,17,10,15,38,7,17,4,508,15,15,30,6,39,30,6,7,1,4,14,4,5,4,5,342,28,6,24,21,24,37,107,11,6,6,68,5,58,15,131,19,252,1,1,53,22,85,6,6,1,407,50,75,33,5,3783,4,7,1786,1,9,2,10,9,3,24,11,15,2,5,15,18,43,0,6,4,293,2,228,3,0,12,23,3,8,160,3,256,5,2,4,6,7,14,1,11,5,2,18,5,97,25,2,4,14,500,2,11,5,13,101,42,92,0,6,7,21,9,11,23,13,19,3,19,40,5,7,7,18,1,5,23,1330,8,4,4,3666,8
"ENSG00000060718.22",296,4,33,307,282,0,15,1,5,216,1,4,5,3743,11,6,0,35,5,47,255,11,362,145,1,1,0,158,4,70,21,650,396,53,12,98,3,3,0,76,0,1404,1,0,21,0,42,394,35,8,0,321,5,4,0,0,1,0,8,8,12,87,0,22,0,6,5,0,0,62,43049,191,54,0,0,7,68,23,2,39,5,13,9,7,2,2,131,0,60,1,123,27,2,79,0,0,0,27,26,107,108,21,67,0,283,60,0,3,376,4,354,5,2740,742,22,2,264,0,40,13,1,3,3,7,57,1,18,1,0,493,100,2,110,46,185,6,49,1,1,0,5,198,598,4,107,128,44,18,12,179,55,0,0,15,118,0,0,164,4,197,1,0,11,257,25,49,109,23,0,63,0,6,8,122,83,6,22,39,543,0,0,4,2,64,0,5,111,2,5,3,0,8901,3,41,7,0,4,0,3,11,3,5,1015,319,1,0,3,49,27,2,12,108,24,42,206,99,0,0,198,2,0,4,0,0,8,2,10,3,5,1,12,7,259,185,0,20,1,1,0,90,9,91,0,3,98,24,1,0,99,0,16,1,0,24,1,3,9,40,4,728,79,6,275,6,4,316,33,11,5,3,193,15,1,3,1,0,15,2,0,141,7,7,1,1,1,39,18,77,2,310,63,6,13,0,30,23,107,0,5,103,200,1,163,0,3,174,0,114,13,0,6,43,0,8,37,892,10,7,229,7,39,131,1,3,368,53,33,0,4,1,3,4,87,0,2,25,0,37,0,1,2,0,47,23,25,12,0,4,47,1,13,548,2,6,0,1,3,22,0,0,1,18,37,68,69,6,4,14,0,54,0,9,1,1,17,1,0,10,18,3,6,4,3,29,5,0,23,20,1,2,124,0,3,2,0,86,58,23,445,1,3,8,163,0,167,4,99,6,1,204,957,0,0,2,228,0,2,7777,8,69,2,0,1,29
"ENSG00000063015.20",0,0,1,27,4435,494,24,28,2,6,0,1,11,2,7,0,0,3,14,1104,697,2,889,1459,10,82,29,18,372,3,47449,14,1,8,4,2,0,1,0,3,2,3,19841,1,9,13,0,3,1,1,0,1,4,1,1,3,2,33,0,23,1,6,2,447,3,2,0,6,72,7,554,77,74,0,6,0,1082,41,644,11,19,46,0,0,7,7,115,1,1,0,2638,4,5,8,25,0,7,15,162,3,2,3,3,1,31,1,7,0,88,2231,82,3,2,28,5,4,899,9,1,1,0,2,0,1,44,0,4,18,14,8,9,0,2,124,27,0,2,2,233,25,13,2002,11,7,727,6,7,1742,5,2,0,3,2,76,2,2,2,54,2,4,2,1,294,740,110,179,9,50,5,4,36,2,1,1,3,5,3,1,2,2,0,42,5,11,3,1,5,7,13,47,5,0,14,12,12,3,4,5,0,12,1,22,3429,7,2,8,1,2,16,3,3,3100,1,1,80,2,7,0,76,4,0,7,578,47,3,4,0,2,1,0,5,10,2,1,3,12,0,4,1,52,17,115,2,11,22,323,0,1,21,8,2,3,0,1,1,19,3,4,0,0,57,3,1,857,1,42,69,0,525,0,12,1,3,1,466,20,0,0,3,364,784,0,3,2,3,4,0,2,370,50,12,5,1112,33,83,4,17,0,66,2,40,3,5853,1,0,0,0,5,5,294,1,5737,17,7,2,2,0,199,2,15,1216,25,3,3345,13,131,13,2,14,0,2,403,0,160,5,7,7,3,0,0,0,3,75,5,1,2,3,18,2,1,1,2,8,9,0,2,241,1,80,0,6,4,6,4,6,5,0,13,2,6,71,2,2,3,14,329,14,0,9,677,6,2,5,153,3,6,5475,19,6,7812,606,0,3,56,122,797,69,266,8,0,1,12,46,2,2,7,1,3,1,0,160,4,2,0,6,2723,3,4,79,6,0,4,18,0
"ENSG00000064195.7",15,0,0,0,137,2,0,0,0,1,19,0,130,1,1,2,5,1,0,2,1,1,5,0,1,0,0,1,0,1,224,77,1,0,0,0,35,0,0,0,1,53,0,58,1,0,0,1,7,0,0,5,0,0,1,0,1,0,0,0,12,1,0,2,0,2,0,4,1,2,0,0,1,0,0,0,17,1,25,0,3,2,35,2,0,5,1,0,10,0,6,7,0,1,29,0,3,1,0,1,0,0,62,1,0,2,0,0,30,0,4,1,0,1,0,0,6,0,1,3,0,0,1,0,0,0,2,0,0,0,0,0,0,0,4,12,0,0,0,0,0,52,16,0,1,27,0,0,3,1,7,0,0,1,0,0,0,4,2,1,0,19,1,0,69,0,1,1,1,0,0,0,1,2,1,0,0,3,463,0,0,11,0,1,12,0,5,0,0,0,0,0,1,0,1,1,4,0,0,19,0,0,3,4,0,0,1,0,0,1,4,5,0,0,2,2,1,0,4,0,0,0,0,2,0,0,1,0,0,1,0,0,0,4,1,1,0,37,0,0,5,0,28,3,3,4,0,0,2,0,1,0,0,0,0,0,0,79,17,2,0,0,0,2,0,0,5,2,0,0,0,0,3,0,0,0,0,0,34,1,1,1,0,0,0,0,3,0,0,1,4,0,0,0,14,0,8,12,4,53,0,1,0,0,1,0,0,0,0,0,0,83,0,41,4,8,0,7,1,2,104,3,0,2,0,1,1,12,5,0,101,1,0,0,1,2,0,1,2,8,0,0,2,41,2,0,0,19,0,0,0,27,1,0,4,1,79,8,0,0,0,5,29,0,35,1,0,1,0,0,0,3,1,45,2,0,0,2,0,0,0,2,1,1,3,1,8,1,0,0,1,39,1,0,0,0,2,0,1,1,0,0,16,0,51,0,0,0,0,1,0,0,0,0,0,1,0,16,0,6,0,0,124,7
"ENSG00000064300.9",210,610,151,784,2940,559,9,249,116,1282,776,288,73,24,62,1303,747,35,0,2867,2419,2227,1624,2196,161,112,97,228,68,44,448,683,578,1085,877,46,483,287,239,118,33,197,147,105,2418,159,332,1052,1710,156,332,146,2144,15,211,65,391,81,332,72,40,83,5,757,397,254,264,52,1438,148,1775,1395,464,1128,268,1422,436,982,43,263,137,32,65,1146,84,118,427,18,395,73,1892,106,44,124,314,1031,836,185,81,572,1166,197,295,58,1785,903,188,1840,344,17,2737,2359,3582,619,453,55,1203,22,73,152,13,24,226,253,660,676,1055,88,515,2059,404,2048,16,911,739,1676,57,1291,101,121,604,4916,312,2564,5327,216,40,242,263,306,1863,1222,42,63,622,12,5,2859,191,177,423,19,84,2333,520,568,92,130,39,229,17,21,245,67,1242,256,694,113,753,13,404,481,92,70,101,509,2758,1273,111,38,559,23,134,408,75,144,1534,22,52,74,59,127,2079,64,1060,40,298,390,2264,41,2108,1382,154,78,1532,1450,111,131,845,182,970,115,114,132,1068,991,390,73,48,163,32,40,1330,64,151,224,1012,92,73,202,2800,618,72,536,114,125,27,252,124,73,392,27,1031,145,1324,420,2647,1429,40,257,845,925,66,14,2420,845,300,1529,163,1279,722,822,52,1252,51,59,113,1041,103,106,179,117,97,768,33,221,912,1609,92,690,3694,499,1702,30,499,152,198,136,334,472,1814,110,237,1740,44,625,132,182,238,29,191,976,11,787,881,21,83,4255,4101,684,839,157,907,173,1596,334,1587,143,64,1645,130,461,1324,350,63,3189,287,108,29,107,1413,230,962,210,53,899,244,415,25,1056,636,479,392,123,250,1413,137,194,131,23,62,258,381,322,791,59,39,168,408,414,4,525,21,27,43,294,71,1048,23,198,66,201,96,1223,1745,9,2211,1268,31,36,261,141,1679,466,175,263,52,210,4081,1132,63,19,1810,0,489,695,58,64,205,1654,2331,237,123,291,212,219,59,105,102,2702,1560,315,1126,1338
"ENSG00000064787.13",793,2,18,24,631,346,23,0,11,9,103,8,16,51,7,80,156,2,0,213,237,3,181,190,14,502,48,11,363,36,61,136,582,19,116,108,84,28,3,7,7,48,2784,4,43,44,42,3,57,3,10,796,12,52,2,0,3,463,227,1,0,13,9,50,2,107,18,0,359,7,83,82,15,6,29,12,14,14,430,272,224,13,69,212,100,119,5,7,17,41,505,108,196,85,26,6,1,6,174,12,15,3,9,33,76,17,96,14,596,139,173,46,5,72,211,118,1283,49,2771,157,1,34,0,3,31,1,7,1,194,84,3,4,15,61,42,81,22,18,446,761,20,339,161,81,191,245,87,179,433,24,8,22,13,7,9,7,166,434,108,6,6,48,159,411,1106,7,2738,32,14,49,73,113,20,3,41,21,96,1038,4564,5,2,433,150,119,1,9,1,2,212,15,1,7,133,33,0,4,52,536,1,248,1,6,450,54,3,1097,2,33,7,1,66,987,1708,525,1160,80,18,0,65,68,10,6,182,10,18,16,29,7,124,164,34,0,94,2,0,23,14,0,7,53,663,24,3,37,446,114,1,75,33,0,7,3,21,533,9,20,49,94,4,435,225,27,39,1291,4,387,39,12,1,27,572,35,180,4,23,422,125,2,2,62,9,121,11,9,1,21,8,40,91,23,36,3,37,250,13,124,55,111,0,12,45,50,740,7,100,6,234,3,22,87,17,1200,31,347,73,3059,9,169,11,163,210,36,6,2046,24,35,66,1,22,12,7,120,28,269,42,11,27,131,1,12,9,2,23,103,8,139,152,727,16,9,15,924,23,10,1,44,275,25,409,345,19,11,8,489,15,0,29,565,1,168,15,14,72,8,12,0,4,37,0,25,74,54,39,16,85,40,452,678,283,1,37,0,9,1112,211,91,13,370,398,69,8,12,75,1,6,3,66,753,2,3,64,21,4,8,5,166,59,2,26,54,28,0,7,4
"ENSG00000065325.13",32,5,68,21,56,6,0,4,0,35,9,2,0,803,129,55,3,3,0,15,43,65,7,27,1,1,0,10,0,2,9,159,78,15,3,2,16,7,2,0,0,28,1,0,33,6,1,22,114,2,1,22,36,23,1,2,16,0,5,0,2,1,0,26,12,3,2,1,46,3,8,21,3,68,1,94,5,3,1,28,2,2,7,163,0,12,4,0,1,0,34,1,0,1,2,56,3,1,2,29,19,23,11,0,23,77,0,57,29,0,86,79,138,20,7,1,22,0,1,1,0,8,2,1,0,66,88,0,3,294,19,128,7,8,74,135,95,55,1,3,17,23,166,34,56,19,2,4,10,110,108,52,0,5,30,0,0,162,3,16,1,5,39,48,25,49,6,5,0,32,1,0,4,20,17,2,0,6,33,2,45,60,0,2,4,1,77,8,1,0,5,6,0,237,1,0,94,0,0,4,0,5,54,0,69,2,2,35,31,2,29,148,24,0,178,169,0,0,9,6,42,2,0,2,19,32,1,0,0,0,1,0,59,0,0,0,72,0,0,1,89,15,3,12,7,5,0,0,2,0,5,3,32,4,47,22,54,13,1,4,19,11,3,7,53,33,30,93,1,29,5,33,0,62,35,1,0,58,2,26,1,2,0,16,1,21,67,5,1,25,78,5,8,0,35,6,9,0,15,213,22,12,9,138,7,6,0,3,4,1,28,59,3,54,28,9,0,4,36,2,3,11,55,9,33,4,80,1,5,36,1,9,9,3,3,93,5,6,157,0,70,0,2,6,1,5,1,11,0,56,42,70,3,50,1,141,25,9,0,3,0,2,11,22,146,0,0,7,0,2,1,11,5,2,0,3,0,72,0,0,1,1,0,1,40,2,17,7,0,2,5,0,61,1,2,7,13,4,369,47,1,0,73,0,180,26,8,6,0,26,36,1,2,2,25,0,2,2,11,104,93,10,119,36
"ENSG00000065328.17",58,0,45,38,139,129,137,56,9,194,35,243,600,1832,524,20,21,143,244,46,78,7,145,72,105,83,34,403,46,373,226,313,227,74,36,239,136,11,181,211,11,167,215,24,17,28,12,203,6,59,53,595,141,343,20,82,12,317,349,286,7,280,90,744,9,77,74,31,1530,307,239,43,42,6,26,7,442,37,689,296,400,208,473,95,441,76,32,44,95,10,178,118,59,171,17,9,11,314,224,437,38,24,321,26,80,415,167,5,1955,108,88,14,27,214,201,40,610,60,513,1622,37,100,26,170,98,3,8,301,287,438,42,10,519,28,257,14,62,5,1181,21,19,514,226,45,99,742,184,179,257,192,12,7,119,134,28,186,22,291,183,195,69,68,253,119,98,328,344,373,411,2618,37,94,138,924,29,93,71,163,84,88,11,141,108,277,61,54,297,8,57,970,33,881,337,578,55,230,25,86,24,395,61,636,357,770,2,201,28,326,151,376,26,189,281,87,182,428,1,5,73,353,3,108,116,14,35,9,127,852,13,138,207,147,118,175,25,262,18,42,200,94,33,68,23,44,175,460,252,24,44,79,13,46,3,256,17,157,128,61,40,590,648,195,931,681,22,78,88,5,880,13,179,8,513,7,36,161,321,15,25,226,388,143,97,10,23,391,4,36,78,87,43,50,37,22,53,615,1286,65,49,141,317,20,1207,10,140,21,18,53,138,446,51,310,174,77,95,114,706,267,16,47,161,171,6,561,137,174,20,45,53,9,303,103,50,141,611,21,175,989,54,29,3,84,28,79,532,202,21,54,199,10,58,609,27,925,21,19,232,374,465,29,296,31,28,218,888,32,71,639,21,62,240,119,50,105,702,23,157,2,38,157,30,259,63,18,70,42,186,55,204,221,277,55,23,135,38,89,76,540,51,11,81,100,47,16,481,32,382,603,254,23,166,160,30,18,62,79,79,1283,117,37,5,18,1030,7
"ENSG00000065609.14",6,0,235,0,10,0,0,0,0,2,1,0,510,603,1,14,0,2,0,0,0,1,2,0,0,0,0,1,0,1,0,0,0,0,0,0,1,0,0,0,0,99,0,0,2,0,0,1,2,2,0,3,0,0,0,0,3,0,0,0,0,1,0,0,0,0,0,0,1,2,182,1,0,2,0,0,4,0,0,2,0,1,0,3,1,0,0,0,0,1,18,10,0,10,0,0,0,1,1,4,1,0,1,0,0,0,0,0,65,0,0,1,4,1,2,1,4,0,11,7,0,0,0,0,1,0,5,0,0,263,0,0,1,0,0,0,1,0,2,1,1,0,7,1,9,1,1,0,0,110,1,1,0,0,2,0,0,2,2,0,0,2,1,1,0,0,1,0,0,0,3,0,0,0,1,0,0,0,11,0,0,0,1,0,2,0,0,0,2,0,0,0,0,0,0,0,1,1,0,1,0,0,1,0,1,0,1,0,2,0,0,0,0,0,3,5,0,0,15,0,0,0,0,0,1,0,5,1,0,0,4,0,0,0,0,0,1,0,1,0,0,1,0,0,2,66,0,1,0,0,0,1,0,0,1,0,0,0,0,0,2,0,0,0,0,1,7,3,0,0,1,2,0,0,0,0,6,0,0,0,0,0,1,1,1,0,0,4,3,1,1,0,0,0,0,1,10,0,0,608,0,0,54,0,0,0,0,0,5,0,0,0,4,1,7,0,2,93,2,0,1,52,0,1,1,0,0,1,0,0,25,1,1,0,2,0,1,0,0,0,0,0,0,24,0,0,1,0,25,0,1,0,0,0,1,1,0,227,0,0,1,0,0,1,0,0,2,1,0,0,0,0,0,2,0,0,0,0,0,0,2,1,0,0,2,0,9,0,0,0,0,0,1,0,0,1,43,0,7,0,0,0,1,0,0,172,2,0,0,0,1,1,1,0,0,0,0,3,0,0,0,1,7,1
"ENSG00000066032.18",1,5,22,0,0,19,0,86,23,2,751,1402,46,1,0,14,5,2,2497,161,136,0,3,4,0,2,0,2,1,0,3,35,0,52,1,1,11,0,6,27,0,1,1,7754,51,0,0,0,0,44,0,3,18,49,5574,0,1615,181,0,18,9080,0,0,20,25,5,2,6129,2,0,4,22,0,0,0,0,1,3,755,100,722,1,0,23,6,7,0,744,1,1,46,305,26,0,804,0,7222,1,2659,3,0,1,3,364,2,124,0,3,99,0,12,2,25,1,15,3,28,142,8,7992,1101,0,5,12,300,0,8,39,2,14,6,1,1,6,3,1,155,0,0,74,1,16,0,51,2,0,1,0,0,0,0,0,0,466,1,917,587,21,794,7,0,11,2841,2,4,0,1,1,1,80,679,0,7,0,3,246,18,437,21,1979,0,4,9,0,1969,4,2,0,0,20,120,0,0,0,5,1,3,12,0,0,14,18,0,9,3,1,1,0,17,0,48,0,3,29,6,0,2260,951,1,4,1,0,4,1,0,0,8501,1,0,894,1,20,0,4490,124,1067,2,2324,2,102,17,30,6466,10,10,165,8,703,117,333,0,7,0,0,9,37,0,1,7132,0,23,89,221,19,0,0,0,1,0,3,0,3,0,0,36,243,3,0,2264,1833,0,354,1,1,5,50,1,0,3,8,15,443,56,9,486,0,0,370,40,3,0,2,93,3,1,1,199,5,11,284,2200,4,16,2,1260,3,853,2,3,1,8,0,0,46,537,6,49,181,3459,1,782,1,17,79,161,0,1,0,3775,360,10,632,1,5,6,0,1007,2,1,4,0,6,102,39,0,0,44,20,3,0,76,0,1401,30,4,5,7,0,2252,0,26,2525,34,745,4,1,1,0,14,0,4,0,48,14,25,1,7,7,3,4,32,608,23,0,27,2,1294,411,109,0,0,914,7,32,0,1,52,1,1,2,8,1,0,61,0,64,0,6,1,4,0,58,3966,1
"ENSG00000066230.12",25,1,6,7,208,80,0,36,35,129,13,87,24,25,55,7,192,10,78,12,1724,15,32,14,56,11,5,54,3,20,176,16,18,26,9,13,9,1900,38,79,1,120,31,39,15,1,15,2,9,33,6,11,19,11,25,26,21,118,7,17,46,8,14,7,7,9,43,14,480,155,157,546,6,3,1,7,447,53,5,26,50,14,94,1127,11,79,4,16,84,0,916,26,2,0,3,2,22,14,15,8,6,19,2,10,963,423,21,14,97,16,928,10,26,6,62,10,57,23,5,7,0,13,5,43,26,7,2,3,132,33,25,12,11,15,3105,9,84,7,663,15,6,103,95,16,335,17,146,47,15,42,4,16,14,4,18,7,16,26,29,152,6,815,349,981,387,12,66,31,36,100,19,17,149,72,182,9,111,12,36,19,1,71,47,95,30,7,26,10,14,32,13,7,67,29,3,458,8,17,6,500,8,124,2057,102,4,5,10,151,7,29,679,99,10,6,7,98,5,4,15,25,3,9,0,960,22,4,108,36,5,39,52,37,14,31,3,15,3,3,3,6,818,133,48,2656,243,66,4,19,21,59,0,3,11,42,14,10,4,251,19,16,39,12,10,16,4,1771,23,17,37,10,8,13,3,4,52,26,1,1,303,7,34,5,5,0,62,4,3,388,0,341,20,8,5,13,7,11,33,14,18,662,202,104,17,7,3,8,9,44,35,23,37,164,40,1247,2648,189,29,20,115,26,8,159,12,10,12,30,2,50,4,10,13,6,8,7,129,7,249,40,8,10,4,5,76,368,3,5,11,103,4,1,3,48,19,9,1,10,72,139,11,9,15,8,15,288,41,53,33,121,6,2,17,67,1,6,38,6,22,7,12,41,13,14,40,53,29,6,20,15,3,5,570,27,5,371,33,4,13,10,66,10,33,6,352,13,60,27,9,13,0,31,27,1,17,140,9,2,4,17,1028,47,4,9,16,3
"ENSG00000066279.18",81,9,72,249,2167,1447,323,879,41,325,155,1025,2352,3238,1462,81,583,691,1178,381,678,20,282,348,434,848,735,2671,214,344,1826,1340,1610,313,68,722,882,597,764,921,34,536,3034,123,66,218,91,950,18,111,515,1873,449,999,586,568,34,2232,1565,1555,98,1437,266,1179,50,1898,252,148,2867,1226,1194,339,225,8,95,42,1213,385,1656,1429,435,1010,1247,225,1187,1673,209,209,253,20,1150,481,722,343,93,31,24,3331,1015,2354,616,80,2292,342,640,2352,643,56,3662,1922,759,70,177,889,911,209,5792,600,1974,3776,385,1370,162,960,776,12,23,924,1987,1984,214,26,2830,122,2003,51,371,25,1364,177,29,1643,655,133,519,6060,925,702,1384,803,68,17,846,690,149,2213,185,1695,434,907,454,492,1252,961,563,1383,1450,1425,1539,8488,373,461,2165,13012,284,493,612,467,698,1501,53,692,976,1707,213,324,1773,294,624,2714,84,4005,1725,2895,351,1310,114,495,83,1822,337,1303,1664,6381,22,738,85,3546,720,569,266,872,1297,838,1299,519,104,342,273,1265,18,449,349,96,109,33,821,6261,137,702,2608,802,791,1131,89,1377,75,230,786,191,128,387,66,523,2462,3483,249,134,198,327,62,485,98,2052,54,749,307,241,332,9320,3857,386,6553,2886,29,648,1055,26,3232,34,858,37,1281,30,553,1786,610,5,142,481,4837,1486,231,9,933,1855,15,399,408,828,126,437,250,171,368,1450,5551,323,905,75,2045,59,1541,31,883,146,99,429,469,2339,379,2998,492,951,1642,552,2033,1625,89,349,3864,621,66,5146,1405,591,45,306,483,14,3412,523,195,1094,4021,111,787,6984,402,207,25,658,327,1504,2124,1321,33,257,856,4,122,1757,200,1265,245,50,1386,1563,1671,320,733,56,596,1637,3054,274,331,5095,109,755,1039,812,283,463,1345,134,950,9,1815,2046,158,1860,619,46,150,206,2016,283,901,1489,1424,549,77,1804,704,1287,598,1207,309,23,245,550,226,168,1720,44,1810,1642,636,104,443,391,96,75,912,2013,221,2041,604,210,40,190,2198,47
"ENSG00000066405.13",3,1,3,2,14,0,0,0,0,25,0,1,1,45,7,1,2,0,0,30,1,1,1,2,8,2,2,5,0,22,52,1,3,3,4,0,6,0,0,1,0,46,24,0,2,0,2,5,6,0,1,6,4,1,0,0,1,0,2,1,1,9,47,1,0,9,2,0,10,6,122,3,1,1,1,1,2740,2,92,780,23,7,25,0,16,0,0,1,3,2,7,21,0,0,0,1,1,4,1,5,8,1,9,1,2,1,1,5,1348,11,4,4,4,8,0,2,57,0,23,20,0,2,0,1,5,0,0,5,0,707,5,1,144,2,2,2,37,0,1,0,1,66,19,0,5,18,53,2,7,2,0,1,4,53,3,0,0,2,3,23,5,0,2,23,776,2,7,8,0,973,0,1,3,8,1,3,5,4,1719,3,0,1,3,48,0,1,4,4,1,1,0,5,5,16,8,1,1,0,0,7,0,9,7,23,1,0,1,9,2,1,0,1331,5,766,10,57,0,0,9,1,0,0,0,0,2,3,0,1,1,5,16,1,22,2,0,47,0,0,9,33,2,3,1,1,31,6,0,1,1,0,1,2,0,237,0,0,2,0,1,64,26,1,36,1,0,12,5,1,2,4,35,0,8,1,4,3,3,0,0,0,5,114,0,0,0,6,1,1,1,12,5,1,4,0,2,41,286,0,4,31,5,0,1534,1,13,0,1,1,2,3,0,1,2,2,4,6,1202,31,5,0,32,23,0,44,0,2,2,0,2,0,0,4,1,0,10,3,24,11,1,3,2,1,17,6,8,3,0,2,23,0,0,7,2,30,1,1,16,91,10,1,15,1,1,38,25,0,0,6,2,27,1,0,8,0,123,0,1,4,0,3,2,2,1,1,0,3,2,36,58,1,4,0,1,1,2,1,1,8,21,3,53,1,6,0,15,7,6,6,4,3,21,1,0,0,3,0,5,7,4,5,2,0,4,1
"ENSG00000067798.16",39,5,340,154,602,485,82,15,36,37,55,33,45,120,42,96,521,2266,244,149,194,21,164,470,53,161,1,478,794,39,5617,63,59,254,63,20,242,33,3,26,11,534,210,178,200,16,11,537,31,47,506,2327,134,8,28,49,157,263,257,137,105,2742,8,31,65,71,21,382,480,418,2121,188,746,8,18,32,37,36,22,282,56,69,146,64,32,41,25,15,265,8,88,53,1613,2,20,25,266,84,8,668,219,45,44,52,90,97,129,63,744,76,232,90,681,52,19,691,1633,12,4,7,26,349,33,20,44,18,85,3,69,149,770,36,332,24,33,37,26,7,195,109,72,211,103,95,216,82,128,23,28,52,15,47,1254,454,210,7,2,208,27,628,360,5,21,101,18,117,48,1014,272,22,1,274,117,6619,59,214,40,11,176,38,7,118,41,42,147,41,243,145,513,29,25,467,9,58,672,2,55,0,12,621,46,871,154,26,24,561,72,85,61,100,164,71,5,59,1742,229,23,77,115,967,4,38,52,105,85,17,513,39,2,23,479,25,201,71,184,91,17,84,12,47,518,73,295,61,11232,8,3,12,43,331,23,31,37,58,21,49,99,70,11,3559,146,419,4255,40,119,70,46,115,124,27,73,43,32,34,294,1635,21,9,304,15,293,29,9,25,79,156,16,144,4,162,318,78,70,5,18,4,4314,81,35,122,1595,15,23,71,9,58,9,1497,15,6,705,83,62,2110,86,387,15,690,1008,41,80,36,36,177,1136,49,127,345,73,41,35,16,113,27,22,51,57,18,23,3,17,90,237,15,887,289,17,4,1722,37,84,61,57,34,42,74,18,27,5068,2,22,45,80,4258,41,34,429,559,189,206,25,68,121,10,91,45,1571,28,123,911,7,587,16,34,66,2,62,60,12,52,37,196,115,36,12,60,701,15,606,48,188,31,176,34,100,731,1031,13,11,731,1033,35,66,121,1311,32,1374,632,232,180,18,31,206,33
"ENSG00000068366.20",2361,125,707,34041,29037,36217,7832,6875,10888,2205,15687,568,29837,5695,4369,684,33470,13705,67,20431,12681,719,14229,25400,2618,17449,3860,20855,11887,745,22909,3271,47229,20870,16513,25653,9331,6972,20622,8176,42,8638,43501,630,4749,3542,12394,30218,1568,7200,1790,2685,45778,16205,194,25632,5325,30532,454,73,7732,3730,3110,892,212,20568,8734,365,32435,17156,3864,50623,54703,411,332,581,2489,7045,5469,12854,8131,13266,7312,348,1831,5768,6631,2818,1945,6473,15790,192753,25790,2795,1376,257,436,3861,63598,5955,37357,465,2474,128,15056,60516,15048,9589,4848,71877,18555,1319,949,10792,21949,31539,28287,2789,31768,35849,144,15697,18356,13439,16105,2297,1997,2887,42990,10138,24178,471,13846,43917,13362,726,3958,867,1025,8155,1125,25280,16025,3270,19643,12849,66503,39152,63269,1390,2719,426,8682,2106,406,299,12326,33280,1670,8340,1109,17423,198,39487,2184,917,43693,18173,377,53839,41,22450,328,36275,17995,3583,25499,5106,4129,6607,473,3706,18838,4919,240,112345,1064,5341,20010,1390,18285,11213,5489,8831,2437,10679,304,14566,56086,10724,2874,167,87038,15715,1197,22616,12429,5097,2087,190,12946,21173,331,14632,41528,1618,108,79,20318,176857,360,1789,11821,1927,458,6158,666,4866,5982,307,18929,9023,15937,1111,84,8164,1738,1598,1087,5738,9643,29451,1118,6407,26972,7086,8406,1780,303,494,3568,17205,495,8674,391,1325,400,18116,4653,37489,6058,20053,19052,29576,3610,22935,25254,523,639,424,23103,331,5622,392,60303,40779,6484,214,125,3651,4487,20028,257,684,1265,16463,498,20460,23216,27373,2362,106168,7639,7922,1124,8148,11577,387,675,4617,12382,5645,684,524,4913,3809,169,38842,8717,18987,1234,19375,11071,2624,17696,23516,23270,31969,1149,914,53250,2501,243,7501,1942,110,1711,795,2487,919,1006,26219,31358,2066,212,736,107,8061,3582,8930,1216,325,27559,15194,3255,662,359,4611,7321,354,2459,18090,6396,47852,3655,709,41546,862,36036,49982,1709,8035,3955,64529,2726,137,9546,159165,1902,3487,146,17038,11435,5377,3190,6881,13685,1048,471,3447,2137,17255,9667,47591,22152,16798,44673,31816,3703,27973,25391,181,1058,25948,7470,18382,463,12677,2458,6380,32377,3196,20957,111,5031,1702,13797,100944,550,2430,10304,365,351,17331,7577,4679,10815,3312,22371,1162,604,412,1272,668
"ENSG00000068489.13",199,12,195,110,615,263,318,117,35,875,43,913,1083,4027,1084,46,96,472,262,145,193,59,193,136,173,184,286,605,99,359,1019,944,385,110,54,414,179,65,1166,638,80,389,587,44,93,324,48,420,42,35,130,1294,158,910,139,180,54,1089,585,664,82,581,179,299,43,330,82,81,1574,876,636,157,69,5,206,37,755,99,984,444,435,472,415,194,306,281,123,125,140,70,277,329,117,1270,88,17,49,325,339,1280,128,47,1644,79,226,695,420,40,1949,206,210,195,92,328,241,67,1752,157,1630,1476,57,168,37,258,259,15,37,437,381,934,80,59,736,36,485,73,54,38,1353,31,19,961,487,104,147,1468,393,844,820,1219,42,43,465,609,84,661,122,658,290,232,441,261,676,181,650,652,552,2283,560,3001,152,147,253,1072,144,169,218,491,434,387,36,365,109,449,105,92,486,61,312,745,54,4443,576,803,152,609,43,172,66,543,166,1031,558,1029,42,1005,83,981,562,559,128,304,1514,232,349,661,69,106,159,441,14,242,970,41,51,25,176,1620,94,355,639,137,482,226,62,509,48,145,431,303,102,160,24,68,730,1306,263,98,151,148,27,303,52,2573,54,215,85,269,138,1221,696,293,1659,1006,105,165,293,62,952,35,344,39,1007,52,160,456,1158,17,60,313,785,890,103,92,57,651,24,139,419,233,142,102,195,162,342,977,3367,175,177,81,537,84,2575,86,862,76,37,99,156,586,86,761,282,176,256,518,1546,519,45,166,598,705,59,1119,369,817,74,162,252,49,912,266,106,102,638,84,186,1552,93,58,39,206,53,616,923,449,29,322,666,33,151,1249,103,665,37,68,660,854,928,131,432,147,168,755,2437,52,672,1304,48,212,193,324,397,238,1054,86,618,29,100,643,39,413,161,66,79,192,563,134,266,389,550,149,29,348,200,187,200,1234,159,32,92,288,129,44,869,130,432,560,298,101,203,295,86,36,266,159,220,4432,222,151,40,48,1923,80
"ENSG00000068985.5",0,0,0,0,0,0,5,0,0,0,0,4,2,2388,93,0,0,4,0,0,0,0,0,0,0,0,0,2,1,2,0,0,35,10,2,0,734,0,0,0,1,0,0,0,0,0,0,12,0,0,0,452,0,57,4808,8,1,4,1,0,1,168,0,3,0,0,0,0,2,0,3205,0,0,1,0,0,0,0,31,116,3148,134,8,0,6,0,0,18967,0,0,0,43,0,0,2,0,0,4,1,0,0,0,1,1,1,0,0,0,927,1,0,0,0,6,0,69,0,2,13,19557,0,23,0,0,1,0,0,5,0,1,0,0,1365,0,0,0,0,1,6,0,0,1,7,2,0,55,1,0,0,3,0,0,0,5,0,0,0,0,2,2,1,0,22,0,5,61,11,1,0,382,0,0,1,26,0,0,0,9,0,1,0,0,0,3,45,1,1,1,0,82,0,5,0,6,4,0,0,0,0,0,0,0,0,19519,0,8,0,0,14,0,0,0,250,1,0,4,3,0,63,37,0,1,21,0,0,0,3,1,4,4,0,0,0,4,2,6,0,5,0,1,0,0,1,0,0,46,9,0,2,0,0,0,0,2,1,0,0,0,58,2,13,32,0,1,0,0,0,0,10,0,34,0,197,0,0,0,2,0,0,10,7,19,0,0,2,0,0,0,0,1,16,1,0,2,4,175,8,0,0,0,0,1,0,1,20516,0,0,3,0,1993,0,0,2,1,5,0,36,2,1,1,0,0,1,0,3118,0,1,0,88,0,400,0,0,0,1,0,0,0,0,0,0,4,0,1,88,1,0,0,235,0,5,5,0,468,1,0,0,0,11,1,791,0,0,0,0,0,0,0,0,0,0,8,0,34,1867,1,5062,1,0,1,8,1978,0,0,0,0,0,2,0,0,1,1,0,0,0,0,5,311,5,0,0,1,0,0,2249,35,71,1166,3,0,0,0,0,0,0,0,195,1,0,0,1,0,3,0
"ENSG00000069011.16",361,1,121,6,782,30,209,0,30,344,0,692,1000,893,1106,2,37,1050,1,29,0,3,637,4,0,175,29,5,26,308,80,165,5,2,8,2617,2,4,993,750,3,1714,353,7,2,105,56,0,6,0,1,296,1,120,1,7,3,498,0,1,699,939,0,10,0,14,2,20,122,551,810,97,37,0,0,4,1220,24,643,65,136,14,1402,5,8,541,3,3,273,13,449,25,6,1049,5,0,1,2,851,1346,3,0,1717,1,4,220,61,0,1071,249,244,0,1,0,155,10,282,0,11,1065,0,0,7,1,19,0,5,3,6,863,1,0,658,177,1518,28,18,2,4,12,0,1731,842,4,144,4289,1030,944,215,538,11,26,1325,82,0,1,40,67,441,331,14,25,236,285,437,4,36,3407,20,95,0,11,435,74,54,4,339,473,836,7,0,2211,478,0,1,9,3,0,32,1,1,1214,1339,1,5,0,35,6,2,393,0,4,57,83,0,4,6,161,9,0,96,418,2883,2,586,71,213,1,4,0,0,1,0,73,0,0,3,431,23,1071,1394,12,272,516,0,9,0,1,2,3,199,143,12,225,1401,46,147,76,197,11,8,0,1,137,0,112,0,130,3,1099,4,3,2122,2211,0,112,397,3,82,10,7,2,11,0,12,4,695,0,229,491,91,63,391,0,1,3,4,66,0,762,2,138,373,2,1203,630,892,4,1,300,697,489,1856,0,4,1,291,58,0,220,1,1032,0,618,21,2048,418,128,18,8,132,628,0,1537,24,3,1,870,602,0,6,6,2,129,76,4,22,1258,0,14,2,31,45,972,28,114,0,1151,593,0,35,1526,0,33,2,6,221,1360,649,45,1,8,111,218,897,5,214,1,430,50,43,1,379,55,1,30,0,0,3,107,0,16,9,11,1,428,65,1,39,15,459,52,1,114,14,112,5,1533,1,1,13,11,274,0,1760,114,292,1,0,61,26,8,1,4,0,0,1,2446,132,55,0,0,1769,3
"ENSG00000069018.19",120,0,0,0,13,3,0,0,0,15,1,0,0,1,2,0,2,0,0,2,0,1,0,1,0,0,1,2,1,0,37,4,2,0,1,0,1,0,0,0,0,5,2,1,0,0,0,0,1,0,0,3,0,1,0,0,1,0,0,0,0,0,0,0,0,0,0,0,2,1,3,2,1,0,0,0,11,0,0,3,1,3,7,1,0,1,0,0,6,0,3,1,1,0,0,0,0,0,0,1,0,0,7,0,3,1,0,0,17,3,0,0,2,0,1,0,4,0,3,0,0,2,0,1,2,0,0,0,0,0,0,0,0,0,1,0,0,0,0,0,0,9,16,0,3,0,6,11,0,5,0,2,0,0,0,0,0,5,0,2,0,0,1,2,1,0,3,1,0,0,1,0,1,0,0,0,1,2,3,1,0,1,0,1,0,0,5,0,0,0,0,0,3,2,0,0,0,1,0,1,0,1,4,6,0,2,1,0,0,0,0,4,1,3,22,26,0,0,0,0,0,0,0,0,0,0,0,0,0,0,3,0,0,0,0,2,0,0,0,1,1,1,0,1,5,0,0,0,1,0,0,0,0,0,0,0,0,5,0,4,0,0,0,0,0,1,0,2,0,0,1,0,0,0,2,2,0,0,0,0,0,0,0,0,0,0,0,1,0,0,0,0,0,0,5,0,2,0,0,1,0,1,26,0,1,0,0,0,0,0,0,10,0,1,0,0,0,5,1,1,1,45,0,2,0,0,0,0,0,0,1,0,0,1,0,0,0,1,1,1,0,0,0,29,1,0,0,2,0,0,0,46,1,0,0,0,1,15,2,5,2,0,0,2,1,0,0,0,0,1,1,6,0,1,0,1,0,0,0,0,0,1,0,0,0,0,2,1,1,0,1,0,0,2,1,0,1,0,0,0,0,0,4,0,0,0,0,2,0,1,2,0,0,1,0,0,0,55,3,1,0,0,0,1
"ENSG00000069482.7",1,0,0,1,1,1,1,2,0,206,2,0,2,5,0,2,2,4,1,4,24,1,19,0,0,0,1,4,2,2,0,0,0,3,0,11,0,0,0,0,0,9,2,0,3,0,2,0,5,7,0,4,0,15,0,0,7,0,0,0,5,2,0,1,1,2,0,0,0,2,1,3,0,0,0,0,19,1,7,8,5,2,2686,76,1,0,0,0,583,2,186,0,0,1,1,0,1,2,1,12,2,0,1,2,193,40,0,2,104,0,6,1,4,350,4,0,3,0,6,0,1,0,12,0,3,2,3,0,4,3,1,0,2,2,14,0,0,0,1,0,0,33,0,0,0,0,1,1,567,0,0,0,0,2,7,0,0,10,0,1,0,324,0,0,16,10,12,3,1,1,0,3,0,0,312,0,1,2,99,0,1,6,0,0,1,0,2,0,1,0,0,0,2,0,0,0,0,1,0,0,0,0,106,5,3,0,2,0,0,0,4,23,3,8,5,0,1,0,8,0,1,0,18,0,1,5,1,1,0,2,0,0,123,3,0,0,1,0,0,4,69,3,0,3,13,0,0,129,1,0,1,0,0,0,0,0,0,22,265,8,0,0,1,5,4,0,2,1,3,5,117,0,3,0,0,0,4,0,0,1,0,37,0,1,0,70,2,6,262,4,8,0,1,0,26,454,11,0,99,2,2,13,41,1,12,3,0,0,5,0,4,24,0,8,19,10,1,1,4,1,3,2,0,12,0,2,14,0,1,0,0,0,0,17,4,0,0,4,0,25,0,3,1,686,0,0,2,61,12,2,51,588,0,2,0,0,6,75,3,0,0,2,0,3,3,7,0,157,0,1,0,8,0,6,0,0,0,6,0,0,1,1,0,22,6,0,4,0,0,1,108,0,0,46,3,0,0,3,2,0,1,2,4,0,0,0,0,0,0,13,5,0,1,0,2,0,7,0,3,5,0,0,17,3
"ENSG00000069812.11",35,2,2,6,24,11,0,7,74,407,9,1,5,58,39,2,3,10,1,26,154,1,9,3,4,5,2,3,2,47,69,67,11,113,4,59,15,42,16,10,12,192,4,2,9,1,19,16,1,7,0,81,9,1,4,1,9,0,2,3,1,244,0,25,0,10,2,2,33,10,13,47,6,0,4,1,21,5,7,3,31,1863,232,43,15,1,5,32,40,3,667,14,3,174,4,0,2,4,15,19,23,1,25,8,64,4,9,1,63,7,24,25,8,24,12,2,59,8,14,17,8,1,1,5,32,1,16,4,17,13,11,4,6,20,44,11,3,2,7,19,4,39,95,5,20,22,17,127,9,143,2,2,3,41,4,6,27,8,1,21,97,380,95,32,6,40,33,40,2,30,3,4,130,2,50,7,260,6,145,9,2,10,33,231,4,19,19,14,6,3,6,38,5,10,205,1,7,54,1,13,2,7,48,14,0,2,10,16,7,1,25,193,50,1,14,146,2,0,3,21,0,11,4,0,7,2,3,13,3,12,5,5,314,5,1,2,1,1,3,3,8,93,14,3,142,10,0,89,8,4,3,14,0,181,1,9,2,113,5,73,12,3,51,4,3,26,12,5,2,1,41,1,4,2,0,0,21,2,9,45,4,5,2,3,2,16,2,5,2,36,46,3,15,0,22,12,130,4,15,70,40,2,26,10,10,7,0,6,1,4,88,46,1,256,7,856,8,11,19,4,56,59,0,4,66,5,23,3,9,1,9,2,4,8,6,1,2,14,0,6,1,1,42,688,3,5,2,4,15,4,22,43,3,10,7,1,5,26,11,5,4,17,8,683,168,7,21,5,6,8,7,3,6,3,382,9,6,9,8,18,2,8,77,12,6,5,85,13,0,6,12,4,3,10,1,13,21,6,26,0,9,3,38,2,22,3,10,4,8,60,34,6,4,8,794,4,352,172,0,10,0,18,4,5
"ENSG00000070019.5",13,1,2,8,4,5,1,0,2,9,1,2,2,30,2,2,5,6,0,13,14,6,34,40,7,16,4,6,0,8,10,53,180,492,2,1636,74,9,1,0,0,10,12,4,11,4,706,8,2,2806,0,8,1,223,0,15,3,31,16,0,1,1151,0,2,4,6,5,0,52,2,30,183,1,8,0,5,2498,240,9,244,244,359,1321,165,20,3,0,36,276,2,7,14,28,81,1,7,3,1,5,713,0,6,269,0,4,32,2,2,1508,18,20,3,765,2,51,0,61,0,26,1016,5,25,4978,8,109,1,31,6,61,55,3,4,1007,16,429,4,0,2,1055,0,9,3,63,14,4,16,8,2,11,4,13,8,6,12,25,2,6,269,2,6,8,1,1691,149,6,170,623,2,48,6963,6,3,1,5,0,2,4,359,24,20,2,12,1,0,0,3,11,6,734,72,3,2,0,23,689,0,7,5,1450,2,0,25,5,1446,5,61,3546,29,61,1,2,4,2,52,87,10,2,1,178,499,4,1,49,576,6,2,10,1,280,95,29,0,1188,2,0,258,2,7,5,249,12,3,10,9,24,5,21,0,4,4,0,1,1,18,9,3,17,56,155,220,13,1251,1281,15,10,16,8,2,47,3,20,7,910,5,1,17,361,2,4,547,601,707,10,1,0,21,7,3,7,58,3,6,0,5,2,32,32,1,10,7,3,3,33,9,88,4,6,57,0,21,5,16,0,265,11,2,210,35,1648,1,38,1,1,7,332,0,0,0,1,6,0,8,559,35,15,16,4,10,1,14,9,5,41,4,1897,9,4,3,98,2,51,9050,2,151,0,2,5,0,115,3,932,10,1,33,16,6,0,54,5,77,0,15,153,1,168,1,867,0,0,7,20,11,155,671,9,1,7,8,52,1,31,11,4,3,5,16,241,301,3,5,2,8,16,0,18,0,1285,104,5,264,2,3,6,5,98,0,138,7,10,7,4,0,4,4
"ENSG00000070985.13",3,0,0,1,0,1,17,0,0,18,7,2,1,5,4,0,3,2,1,1,0,0,1,1,14,0,2,0,1,0,11,0,3,0,1,1,7,0,0,2,0,3,4,2,0,0,0,0,1,0,0,5,0,0,0,1,0,0,1,1,2,4,1,2,0,6,1,0,0,2,9,0,0,1,0,0,0,1,9,1,7,6,5,1,1,2,0,132,2,0,16,1,0,0,1,0,1,1,1,2,0,0,0,0,1,3,0,1,52,1,14,2,0,0,1,6,5,0,3,21,0,1,0,0,2,1,1,7,8,0,1,0,10,1,3,0,1,0,2,0,0,1,0,0,5,6,0,0,13,0,2,3,0,1,0,0,0,3,0,2,28,4,2,0,0,11,3,0,1,0,2,0,75,6,2,7,0,13,3,1,1,1,0,1,2,0,2,0,0,2,1,1,2,1,2,2,0,0,0,3,3,1,1,13,0,7,0,2,0,0,2,2,9,0,34,2,0,0,1,3,1,0,0,1,2,1,0,1,0,1,0,3,0,3,0,8,1,0,0,0,1,0,0,9,2,0,0,0,0,0,3,1,1,0,0,13,1,2,2,11,6,0,1,2,0,1,2,1,18,0,1,0,2,0,2,23,7,0,0,2,0,0,0,0,1,0,0,0,0,2,0,0,0,1,2,17,0,1,0,4,1,0,37,0,4,0,1,0,1,3,102,8,2,2,1,3,9,1,0,1,11,2,1,5,4,12,1,2,5,0,53,1,1,18,1,1,0,2,0,1,1,0,0,4,9,1,0,0,1,1,1,18,4,5,0,1,0,5,7,0,1,0,2,2,0,2,0,28,0,0,0,3,1,9,101,0,4,2,1,1,1,121,0,0,1,2,4,2,1,1,3,1,0,0,3,0,9,19,7,1,0,1,0,0,2,1,1,1,0,2,0,4,0,0,1,1,0,1,2,0,0,0,528,0
"ENSG00000071539.14",202,4,42,57,144,136,272,30,27,443,35,557,586,4833,1079,23,19,223,248,98,178,16,105,81,73,80,266,552,63,283,185,355,305,79,93,188,279,56,402,297,11,598,303,42,31,41,78,267,13,37,52,484,81,598,78,104,16,342,300,223,49,245,52,278,28,199,54,45,1234,575,921,112,58,8,22,10,484,62,731,413,768,159,410,232,298,76,189,62,92,19,231,123,99,344,25,6,26,284,303,229,80,30,799,77,295,426,183,19,2786,167,102,39,73,327,111,100,555,145,1077,1415,41,253,32,324,345,10,16,171,303,1823,48,9,1034,52,554,18,85,15,523,30,7,574,246,28,108,696,184,188,499,637,20,9,273,300,60,301,188,1771,349,264,109,143,729,75,259,266,481,391,307,2863,102,214,235,475,47,198,158,244,318,161,13,102,171,409,51,73,367,30,47,1166,51,3815,343,606,61,807,28,131,56,320,54,279,413,794,6,340,29,300,182,267,47,305,1309,134,133,478,46,88,125,311,5,116,150,36,21,3,107,817,37,402,147,156,221,166,27,444,19,68,226,144,55,110,28,30,277,1307,222,90,57,53,21,107,23,316,15,172,46,89,165,520,692,140,3163,575,19,133,134,21,541,15,318,8,822,10,140,239,516,11,42,320,245,352,91,6,91,871,20,70,150,429,95,68,63,48,162,1051,1444,95,97,258,391,29,3014,27,411,39,26,78,198,363,52,328,422,141,198,352,1619,361,47,116,156,506,21,549,210,205,22,107,68,14,321,128,73,125,562,31,210,1145,36,62,7,93,87,589,670,304,30,85,393,5,83,498,47,567,51,31,365,1205,404,75,226,60,94,234,1297,65,95,865,29,88,340,174,75,140,515,30,326,10,62,161,54,261,96,33,54,120,168,118,452,122,573,58,14,181,52,168,171,481,84,12,98,184,59,26,499,68,380,796,78,73,130,155,25,10,141,96,56,2328,259,68,8,30,1548,24
"ENSG00000071991.9",12,66,19,69,49,124,0,22,82,19,325,10,0,479,71,239,101,4,0,228,133,426,60,154,139,109,0,186,0,457,3,21,7,112,59,0,17,18,0,5,1,60,2,8,247,7,0,18,918,42,42,865,147,115,0,1,87,0,42,1,2,6,0,148,71,9,17,2,17,5,821,37,9,171,42,113,4,55,201,185,17,522,0,28,1,3,12,0,1,0,22,2,6,0,12,47,83,39,3,22,25,97,329,3,9,92,2,156,36,7,186,703,17,10,0,2,83,246,0,2,0,8,27,76,2,306,262,60,158,263,14,181,29,13,8,183,0,65,440,11,69,198,307,195,413,5,2,2,2,1,234,226,0,2,123,0,1,143,2,66,16,0,0,37,5,78,107,2,0,178,0,0,0,287,20,20,17,7,61,2,84,43,1,9,0,53,327,144,0,199,41,0,0,22,18,0,93,0,11,3,12,20,20,615,266,113,65,6,42,2,74,15,0,32,338,32,0,0,4,0,79,29,2,15,245,155,28,420,0,0,1,6,25,34,1,5,55,2,0,3,988,23,6,89,68,3,0,2,15,2,48,1,97,1,120,123,152,15,1,2,69,58,19,36,406,9,15,416,142,226,114,69,17,171,0,4,55,17,4,3,92,0,2,82,3,4,147,132,0,13,318,179,86,1,9,164,10,20,59,13,70,1,7,231,2,3,1,7,138,104,104,32,0,46,27,5,113,3,12,30,165,9,207,7,59,38,490,7,3,184,17,30,29,18,1,470,0,0,0,1,127,0,41,4,1,84,5,6,3,215,348,8,148,535,34,181,1,4,0,0,4,34,19,3,21,59,0,0,65,1,0,22,0,51,305,17,1241,192,48,27,36,42,14,19,257,89,65,80,1,0,4,9,215,16,34,11,281,25,478,149,1,0,80,0,13,4700,3,0,36,4,59,33,0,150,13,29,128,761,0,263,123,28,0,214
"ENSG00000072041.17",0,0,0,1,1,0,0,0,0,0,0,0,3,291,1874,0,0,338,0,0,0,0,11,7,0,0,0,0,0,0,5,1,0,5,1,0,1,0,0,0,0,1,5,0,0,0,1,0,0,0,0,3120,0,5,0,0,0,0,0,0,10,336,0,0,0,0,0,0,0,0,8,0,0,0,0,0,1,3,0,8,0,0,623,4,5,0,0,0,4,0,1,37,0,2,0,0,0,0,2,0,0,3,0,0,0,1,0,0,1550,0,0,1,0,0,0,0,0,0,0,1,0,0,0,41,0,0,1,0,0,1,0,0,10,0,16,0,1,0,2,1,0,0,3,0,0,386,0,0,0,14,1,0,0,1,1,0,0,0,0,3,2,0,3,1,0,4,2,0,0,120,0,0,0,72,0,0,0,0,0,0,0,0,0,0,0,1,0,0,55,0,0,1218,0,0,3,0,4,0,0,0,0,0,0,3,0,15,0,0,0,0,0,0,0,2,1,0,0,0,9,0,0,0,0,0,0,0,0,0,0,0,0,0,0,0,0,0,0,0,0,0,0,0,0,0,4,1,1,0,0,0,0,2,0,263,0,0,0,1,0,22,2,0,1435,25,0,0,1,0,0,0,0,0,81,0,0,0,0,0,0,0,2,1,0,1,1,1,0,0,0,1,1,0,0,0,0,75,3377,0,0,1,0,0,1413,0,0,0,0,0,0,0,5,0,0,7,638,9,0,0,0,0,0,0,0,5,0,1,0,0,0,0,1,0,0,0,0,0,0,0,0,0,2,0,3,9,0,0,0,0,165,0,0,0,0,0,0,2,1,0,2,0,0,1,0,0,0,0,0,8,1,0,0,0,6,0,11,0,0,1,0,0,1,0,1,0,0,1,0,0,0,0,0,0,0,0,1,0,1,5,8,0,1,0,0,0,3,169,0,0,0,2,4,0,1,0,0,0,1,1044,0,0,0,0,0,1
"ENSG00000072571.20",77,9,20,92,285,255,138,119,92,454,56,733,1425,3159,601,51,56,367,564,59,287,12,74,167,447,221,218,1243,53,461,975,407,683,144,49,306,506,122,482,421,16,229,659,78,41,111,39,420,14,66,178,1071,161,890,492,148,26,685,1001,641,64,808,126,495,32,308,144,85,1213,860,134,212,134,9,37,23,428,114,498,648,693,326,878,150,630,295,70,106,128,19,604,257,129,89,65,15,42,1219,385,446,255,41,164,126,566,948,551,27,1734,282,360,37,83,470,159,88,347,278,1555,2216,145,209,82,734,224,8,10,389,393,801,165,14,777,59,713,25,277,16,551,125,13,579,715,75,197,2655,914,363,466,568,33,15,631,563,102,649,157,652,608,637,442,259,796,189,173,546,800,407,1333,2399,159,271,706,1487,99,204,238,411,469,648,49,243,201,1182,316,98,819,33,156,1320,47,923,273,1530,185,532,77,145,60,1026,233,799,585,2451,6,287,56,1314,286,760,98,354,1484,652,351,316,106,55,167,907,18,510,75,65,36,17,339,1892,32,538,608,546,355,512,35,612,74,146,460,315,58,183,46,122,248,2063,153,117,236,272,62,143,79,697,28,563,103,69,97,1922,1164,504,1889,377,26,213,208,25,1473,24,338,9,404,20,119,356,394,9,280,369,951,570,359,5,117,711,13,218,57,245,107,226,72,64,242,1160,2305,281,219,81,724,27,759,22,363,68,75,235,467,804,219,536,506,640,815,452,2568,380,55,240,251,245,33,360,770,511,26,173,105,13,1174,366,111,140,887,41,566,2217,253,103,12,290,109,309,1135,906,20,69,544,6,110,1096,102,626,70,36,337,761,258,77,328,37,248,312,796,154,102,1186,80,393,771,453,45,135,811,19,915,4,136,984,114,599,406,25,133,207,460,302,512,543,374,311,26,263,128,187,633,413,89,15,329,164,88,37,618,47,938,661,203,74,232,170,108,82,322,177,210,526,616,72,16,36,1723,18
"ENSG00000073067.14",29,0,2,3,6,8,6,2,5,205,59,7,2,3,701,1,1,0,1,31,29,0,5,1,7,8,9,7,13,54,331,14,3,5,0,4,2,2,12,12,4,15,45,12,3,22,4,6,0,1,0,8,2,29,2,3,3,36,3,3,9,1,11,0,2,29,3,2,3,1,33,3,0,2,3,1,46,17,421,6,19,20,9,18,2,1,0,3,9,0,30,7,8,97,4,1,15,2,15,1,3,4,71,4,14,37,20,2,89,70,46,3,1,0,21,1,39,18,5,40,1,1,0,7,4,10,0,1,35,14,1,5,6,3,7,1,3,1,32,0,3,51,38,2,31,5,39,13,41,153,0,3,7,9,4,1,4,9,17,4,0,32,9,24,475,5,13,9,2,43,16,9,9,5,5,1,35,50,148,14,0,1,6,8,6,3,3,1,2,11,8,4,18,2,0,35,3,6,2,27,1,7,17,5,1,6,3,1,10,2,28,42,9,1,3,49,0,6,4,5,0,1,30,3,4,3,8,9,1,7,11,3,1,19,7,3,2,4,4,4,10,3,24,2,25,61,0,32,3,9,6,25,0,11,2,22,2,4,12,54,5,2,9,42,2,11,4,5,20,3,2,1,14,2,7,8,20,0,12,3,41,28,2,3,17,14,1,7,32,2,3,2,11,4,40,12,3,10,0,122,8,1,68,1,10,3,27,6,0,106,14,18,11,6,7,15,39,41,5,5,46,65,2,33,9,22,3,7,6,2,10,0,1,102,16,0,6,25,39,1,0,14,1,559,5,0,0,18,7,1,3,8,6,53,5,1,152,65,75,1,1,1,4,29,25,5,5,23,4,9,5,17,0,5,13,3,11,4,1,29,1,3,9,2,10,0,69,4,1,8,102,8,4,42,17,14,9,385,14,8,4,4,42,9,1,0,2,3,1,1,3,5,1,4,0,7,1,11,38,4,0,1,16,1
"ENSG00000073111.14",343,10,17,116,1704,685,26,449,69,583,194,1374,1399,3861,327,174,47,569,1814,410,370,33,296,378,684,305,117,1311,145,845,2018,925,859,480,323,749,520,130,817,793,0,998,970,157,119,8,87,406,40,248,73,1630,461,1325,359,839,69,644,784,1164,282,1217,351,1640,28,430,353,586,3269,1897,1478,183,134,45,27,53,1081,62,1494,1780,1364,155,870,199,1324,194,3,189,136,6,423,432,273,58,118,66,67,2778,571,2756,232,161,396,289,389,1121,854,49,4950,776,307,105,166,693,1221,168,4162,229,1470,2119,402,250,128,423,270,22,40,179,694,1397,213,71,629,131,1608,150,122,50,1823,64,145,2649,510,229,565,6118,438,105,292,513,77,33,834,542,197,742,29,1170,534,921,123,95,1144,388,161,902,740,1192,1957,5643,175,220,904,5245,14,349,341,441,517,571,35,660,316,1219,574,135,727,147,279,1967,245,1980,2710,1822,331,783,96,186,181,1991,380,5124,862,9461,157,267,90,1841,183,2330,246,532,1185,456,723,2027,29,19,354,1461,32,525,22,190,237,84,616,5353,5,482,567,532,363,815,3,1011,87,152,864,307,228,226,184,214,799,823,292,12,106,726,73,48,29,552,109,1319,606,166,588,1087,2370,796,2260,2078,74,326,433,76,3363,66,834,61,1046,76,146,1290,551,245,248,1264,868,206,528,8,243,483,22,131,22,412,345,196,78,101,156,1471,5292,236,135,1152,1996,35,1686,146,56,81,59,205,291,2135,690,1370,546,632,509,397,2766,932,119,202,819,986,59,1209,365,360,84,805,42,37,1553,227,148,429,3909,200,1127,4436,377,13,81,396,143,114,1712,585,61,29,623,23,121,2137,145,2731,164,112,692,1754,1378,10,833,169,143,378,1786,181,6,3204,60,205,1013,401,12,198,1112,46,2560,16,311,752,130,884,429,39,282,149,524,867,202,2299,577,660,191,1152,44,469,492,897,472,31,294,142,181,107,935,238,450,1791,46,179,482,163,130,60,401,544,323,3344,784,498,43,88,1346,41
"ENSG00000073670.14",53,1,100,8,33,196,0,16,8,379,18,55,41,8,98,3,200,17,36,23,32,6,15,11,139,464,23,21,4,8,8,12,11,33,6,121,11,10,5,12,3,15,30,23,9,12,10,17,5,4,15,19,6,16,14,66,9,57,23,22,40,15,128,12,10,21,9,9,8,50,17,13,6,4,11,8,107,31,10,25,27,23,29,31,16,160,4,4,28,3,50,5,73,6,12,4,53,7,113,26,5,11,31,5,18,238,67,4,105,137,225,17,19,4,141,2,29,35,11,8,3,17,7,13,4,17,5,7,182,101,5,11,12,10,16,4,15,1,62,4,6,87,20,5,37,22,7,27,35,241,6,13,6,26,8,6,11,23,23,16,28,21,6,29,13,74,27,271,22,79,30,3,15,133,22,3,28,41,20,12,1,48,7,14,9,8,45,16,19,8,15,43,134,9,3,8,10,13,3,332,19,15,61,55,5,9,10,29,28,14,36,45,6,10,41,250,7,6,16,10,0,7,14,16,8,3,7,28,1,4,28,9,13,14,13,4,4,10,3,10,37,5,14,118,75,86,3,5,11,36,8,3,9,5,4,24,5,14,28,31,33,8,11,96,2,134,401,12,14,10,1,6,6,4,10,1027,16,11,23,13,85,27,2,5,80,15,4,25,3,4,25,4,25,16,92,30,24,8,24,55,26,149,39,11,12,4,5,11,13,5,53,335,18,178,24,157,12,30,6,13,23,69,5,499,4,39,7,37,2,2,9,10,5,50,40,7,37,79,9,1,5,11,6,457,35,5,8,94,15,1,7,119,13,9,3,14,38,152,7,12,23,1,13,26,138,11,17,212,5,1,3,24,4,16,157,5,16,12,10,27,33,16,24,6,2,4,49,31,82,15,50,36,2,186,131,7,19,47,33,9,2,2,108,10,11,28,6,3,3,16,8,13,24,13,9,6,10,77,904,9,5,3,39,7
"ENSG00000073754.6",0,81,61,8,14,85,1401,256,185,164,768,456,5272,256,12,3119,1087,6,141,1150,200,9971,6,84,297,777,319,10,24,5,2,3,1,647,0,15762,2369,616,69,32,77,1,409,40,3663,4,2,467,1324,545,2606,22,4837,1246,2537,12,1636,129,340,119,87,19,67,1188,1990,143,1683,450,485,116,148,373,227,947,131,2692,6,0,90,1516,407,19,2,16,7,328,15,99,4193,29,13,7,442,116,591,1940,1790,136,14,85,379,2827,69,67,209,695,5,2575,9,149,72,10953,6,4,276,113,146,696,6,1824,6,54,55,281,384,2413,1622,25,77,242,727,5725,5,107,21,4686,126,2965,3,0,497,341,24,5285,194,57,317,3,391,0,879,5701,80,204,3188,62,220,544,293,9,551,529,3,53,21,266,798,6,55,14,6,169,393,98,188,122,403,0,181,1521,2804,576,16,312,211,394,505,138,3,266,124,19,17099,16,81,24,3494,13,27,36,24,20,16,123,1921,65,213,1,420,459,821,969,53,1,1813,5,1340,240,39,6,449,2,338,81,1165,3384,614,82,213,229,621,198,72,883,53,1501,1454,355,2,6,39,16,147,651,3,125,309,1762,59,446,305,25,508,46,6010,784,2337,1,193,712,267,2324,1,14,9966,2,14,2249,453,3259,420,4311,225,8160,4,267,10,2474,113,17,61,1292,5,6255,94,542,1699,1846,43,537,3715,1618,501,102,1531,2,4,172,8,5,636,2833,2,9153,781,263,1543,1961,12,1193,41,0,29,49,826,3,2586,1275,6,159,2,280,1813,83,90,118,3961,13,6147,1837,1202,5322,239,1223,399,3048,139,25,1353,3,2190,2542,130,43,43,141,836,585,514,7528,4587,41,3262,18,225,5587,19,10,430,13,9,1821,239,185,65,86,11,1947,559,48,1238,181,14,1256,10,503,51,702,2083,196,175,2412,53,24,1822,17,175,57,604,2,0,64,1205,11,7,125,5,32,1095,1121,27,198,41,260,466,4390,34,2544,1688,4,667,1095,297,244,8,244,4,22,146,2953,5562,2064,0,3867
"ENSG00000073756.12",58,18,13,136,106,19,3,15,64,41,117,16,18,412,23,200,24,45,2,275,72,81,38,97,14,34,0,534,5,74,5,44,82,162,45,23,177,18,10,14,3,21,38,35,977,12,12,78,536,63,27,159,266,13,5,2,330,17,10,2,12,66,3,290,33,19,18,13,32,24,44,107,24,56,14,118,57,12,54,128,16,2,58,69,9,8,7,0,59,3,39,9,2,1,5,44,29,76,35,95,25,182,46,3,84,83,8,243,158,4,94,270,284,39,10,6,54,4,4,33,8,18,10,7,20,93,142,1,28,64,34,203,49,33,29,238,14,46,15,3,130,123,593,148,89,86,38,3,119,166,34,139,13,9,147,0,3,81,11,46,10,6,58,89,13,203,62,16,3,18,0,14,20,11,50,10,12,103,2359,16,12,18,18,33,4,63,673,87,5,4,20,99,69,12,21,0,102,8,6,14,2,4,36,4,1091,4,25,15,19,5,123,56,8,5,331,53,16,5,58,25,39,9,12,34,84,240,27,24,21,22,3,8,48,13,4,15,287,4,3,7,54,25,10,29,174,31,3,11,34,8,11,1,84,41,64,17,125,10,16,52,39,28,42,6,215,10,32,84,7,139,24,34,73,82,96,2,5,26,1,16,30,3,2,88,5,18,195,58,14,28,1143,64,113,6,2,5,212,16,32,75,141,14,24,143,6,20,7,8,10,5,11,21,3,22,46,50,13,201,25,17,91,60,171,23,66,7,1081,12,7,62,2,24,66,15,16,176,1,71,7,4,131,19,31,60,4,16,11,7,11,105,102,96,57,22,8,506,2,75,7,5,25,106,24,13,60,7,5,37,27,5,7,47,5,4,5,20,0,719,26,20,1,25,6,17,144,12,57,28,2,1,7,4,85,24,9,13,97,22,265,86,9,5,29,2,45,531,122,142,19,57,106,18,51,40,6,8,9,6,8,130,202,15,2,139
"ENSG00000073792.16",388,25,257,442,1100,1103,835,46,629,1515,7685,3,4472,1289,1792,240,933,601,6,1501,1125,144,706,684,11,775,309,2164,2396,1398,802,520,1729,47,1548,49,30,266,18,34,5,758,4669,20,186,406,463,64,339,14,125,2945,510,1141,17,323,135,7263,77,36,23,41,6,141,54,4788,11,139,2198,812,1422,252,228,124,5,75,1773,588,3475,2334,2731,440,692,203,1585,737,454,2,94,505,786,179,7092,868,20,28,24,55,3329,464,107,66,790,94,466,631,1712,148,8300,2561,858,202,149,141,1531,3,744,11,841,1084,4,474,61,473,339,146,95,11,882,1031,25,120,1529,380,377,123,21,70,2145,10,58,1231,2718,212,955,656,855,1237,4252,1811,67,162,1897,69,206,3,515,1774,459,565,49,195,764,1286,1830,162,722,1381,472,2737,890,812,46,1736,274,12,603,139,1443,19,42,129,382,40,3,323,1727,195,29,287,821,2223,1988,745,317,1002,104,1009,2,605,6,400,1749,1177,76,652,70,480,1150,3,1023,1236,1694,1068,866,1408,243,6,401,13,38,228,1133,604,110,99,22,1004,315,804,973,167,551,147,10,10,52,9,10,7,321,360,257,526,1969,2118,2,120,72,14,148,347,49,1176,73,116,82,426,20,779,714,28,805,4028,109,1379,373,166,630,145,986,74,1854,77,662,9866,2801,31,454,453,20,573,61,64,108,1715,112,423,963,563,334,537,1257,19,561,4430,3955,207,18,411,1243,292,3125,147,1998,318,27,745,2012,2308,82,1535,21,586,528,1283,45,1733,315,584,1603,526,75,1584,111,266,228,5,184,43,6,530,40,1678,1222,180,412,817,5694,13,71,13,213,296,826,21,12,234,2668,98,136,2278,384,7670,4,104,4498,33,3704,2607,208,42,35,3264,279,71,406,3227,16,153,49,713,489,676,1101,7,5550,347,15,9,16,722,311,142,1068,396,2725,2004,482,1040,1222,526,120,4738,1378,794,102,3182,860,84,31,339,46,136,40,385,471,2314,14,92,159,12,130,136,194,682,646,4052,5263,247,88,29,711,128
"ENSG00000074181.9",7524,219,5027,3195,8922,1361,61,2268,749,3953,1329,2857,600,3952,1281,1090,1344,1087,66,3321,2162,176,8587,3913,882,1123,424,3296,399,1409,2214,6954,3846,4577,2282,3007,3211,549,1036,4542,62,6860,2921,1656,845,513,1839,4496,589,2787,1496,2692,461,389,1110,1280,2512,1550,2091,728,965,1305,180,1199,116,3434,2200,929,2242,1789,4732,7294,2264,240,974,320,2340,1734,512,1569,2520,605,735,1827,2150,2098,973,222,15725,338,5097,1472,373,363,984,130,582,10445,774,5717,1970,184,2588,1150,3756,6432,1941,311,3951,844,7975,1017,16685,3805,1949,1048,10120,459,420,1899,290,748,1227,984,2305,159,1055,495,2751,3321,1557,781,880,3722,3598,292,2765,98,933,1800,632,6954,3604,390,7404,3853,644,1896,2275,5204,338,314,2426,1225,2414,254,132,7103,1531,4578,3612,492,1747,3429,2328,2787,3030,1266,1520,3038,105,808,2983,2611,1643,1773,2884,1412,3666,472,93,10256,1726,2541,1437,775,6185,3715,1025,333,276,3579,958,3695,1253,421,329,395,1138,4851,1152,1291,8936,1760,352,363,1459,3678,1070,686,3736,3507,907,1675,9422,16672,589,793,6386,5654,85,1494,732,2121,1401,374,1675,1484,652,4094,408,2066,5793,1536,619,2205,158,1158,1149,1667,6516,3681,838,1252,2732,1093,189,1020,4108,1186,802,381,911,882,313,2137,681,4642,1230,4474,3134,3338,2640,758,485,6542,1005,599,2398,287,4196,254,469,324,2179,330,897,227,805,1320,2540,604,718,186,748,2224,298,4122,371,4030,2697,1504,915,861,1370,1530,2253,1787,3758,18784,3258,1117,3182,813,201,1703,1054,2373,1273,516,1421,2922,564,3360,3931,6625,1225,3943,10342,1507,7017,5579,335,2989,5553,1428,434,1586,575,245,2276,431,3007,1232,2265,965,1355,6277,998,512,395,2070,5567,2947,758,2866,1510,1183,350,161,277,4528,1790,1721,683,290,950,958,2395,144,1957,2098,3110,2250,20261,1960,464,6036,1663,953,137,1659,148,249,260,470,1048,472,4494,2029,413,2431,578,957,361,199,1941,1616,423,772,3447,1633,436,5390,525,2195,1070,1325,8145,1018,929,228,3851,139,1457,1834,1157,1000,728,15409,5871,573,1466,2660,4486,1405,524,586,1181,2187,169,452,1544,320
"ENSG00000074211.14",1107,1,86,3,1386,31,137,1,0,1547,5,2,92,1411,15,1,22,4,0,13,700,9,3004,1,0,0,27,2,1,29,27,0,608,0,246,3,115,1,0,2,3,2396,0,2,7,1,54,3,17,0,1,47,2,11,6,0,796,1,0,0,0,50,0,1,0,2,1,0,7,4,0,369,0,1,0,1,369,24,16,10,620,12,300,1241,2,2085,0,2,162,74,1310,173,3,20,318,0,2,0,3,3,3,0,127,3,166,30,1,1,561,2,294,1,11,4,12,1,5,2,1034,8959,599,5,20,1,391,0,0,0,6,490,0,0,308,1,1171,30,5,2,11,3,2,124,241,12,580,508,5,258,273,3683,51,0,1,17,0,0,1,50,15,1,0,475,1116,18,74,1,367,620,2,33,0,3,2,3,296,1,193,11,1378,0,0,156,2,2,3,2,27,4,0,0,4,94,0,66,7,1,9,2,1,2479,3,4,788,5,0,1,0,2,4,0,623,9,768,3,3,1022,54,0,77,6,0,0,8,0,0,0,0,4,1,501,87,1,6,0,1,1,1,2,0,2,292,0,526,927,231,414,0,257,219,5,3,0,0,2,2,52,1,911,6,4,2,5,1169,52,1,0,853,10,2,3,87,1,540,1,291,0,110,6,739,2,1,201,0,1,1,0,18,939,2,25,18,2,32,4,524,1460,127,649,2,122,0,18,4,2,2,2,0,0,13,3,0,70,1,2284,495,1250,26,24,240,422,8,4,0,1,6,68,0,92,0,0,286,2,11,98,1491,19,1,1272,0,67,3,2,2,1470,3,1,1,572,5,0,4,1917,8,5,3,4,92,1634,6,10,3,12,905,867,272,6,3,2,0,14,1,0,2,21,29,1,0,0,1,1,2,3,0,595,9,895,10,2,0,4,186,2,1,5,99,1,6,96,51,0,0,2,661,138,12,40,34,2,2,50,10,0,1,19,2,1,1,134,12,57,2,2,37,28
"ENSG00000074410.14",164,8,1836,371,192,2356,664,26,145,14,13,25,45,443,25639,76,97,43,298,2879,265,416,421,62,184,83,94,33,110,3623,112,3972,1719,12453,1524,20674,783,320,0,6,27,55,86,68,102,48,3968,35,299,621,5,6899,561,65,9,43,104,677,40,6,15,2878,1,77,10,2561,4,19,326,84,86,859,314,83,6,5,1112,38,56,417,711,1845,13528,1900,290,4622,122,294,17216,35,75,2058,816,1326,6,7,13,143,639,76,1497,8,235,3,65,153,20244,22,868,196,811,7,20226,85,121,222,814,42,120,4781,20,1011,122,37,283,826,525,26,5475,47,499,3,1732,873,9037,119,7,4,1220,3,17,1102,15045,79,79,1441,38,610,322,143,512,9,10,678,614,139,16,154,10,248,739,79,1438,1151,63,49,4771,1451,60,1006,182,303,16,53,210,152,964,26,2804,9,6,3208,129,297,665,228,285,889,61,39,6,9485,107,1700,7448,249,19,1425,93,1260,34,854,2498,2923,12,7,31,541,166,13,289,46,188,310,3560,4,199,2,407,3764,1,10,31,1664,18,19,50,234,485,546,119,8,739,121,6,3473,18,5,24,3149,2162,820,49,2244,4176,13,1693,8,580,233,6,0,1,4,11,16,7,186,649,1029,388,927,1489,982,6,453,590,147,90,10,167,8,9734,1,168,521,544,139,4,353,29,351,27,6,91,221,187,36,77,172,183,49,464,4,10,1854,6671,11,5822,24,106,900,101,6,128,86,12,24,13,1005,5,380,6,1341,74,4813,10,373,33263,1133,971,74,8,47,1018,20,54,3,149,43,13,21,486,105,238,324,26,2760,39,11476,50,270,445,30,691,16,103,243,461,7,55,10277,8,6369,2,25,3257,269,84,665,601,239,1712,1151,69,371,572,1204,16,8,10,235,215,63,6,923,1923,136,112,179,2016,16,5576,124,194,429,250,1946,544,39,3737,10,1084,2683,1566,19,359,636,216,7,192,13,110,2,9134,12,9809,1583,1,15396,1905,24,378,220,2539,1,237,15751,2029,773,4,1779,85,435
"ENSG00000074803.20",0,6,103,57,3,29,0,1,1,14,1,116,85,0,1,14,0,89,1861,2,14,21,5,29,3,49,3,9,2,0,52,7,3,435,2,1045,429,4,0,3,2,1,0,462,39,0,21,156,6,7,3,7,74,76,1282,0,10203,1,0,0,171,28,1102,8,32,1,1,947,11,1,5,26,5,17,0,36,1,2,4,1,240,2,4,0,0,2,4,227,95,0,0,118,2,18,83,3,3611,0,15,6,4,186,1,10,0,233,0,50,4,0,7,11,130,2,1,165,0,1,1,223,475,96,0,13,2,11,6,1,3,1,16,39,0,3,4,14,363,23,2,356,2,4,4,4,5,1,43,1,1,3,5,2,0,255,17,5694,1,6,103,37,20,0,2,7,1,6,1,1,0,0,1,0,1469,5,3,108,35,166,53,129,22,0,1946,0,637,4,1,6,0,0,28,0,6,183,12,0,5,2,50,2,9,1,0,1,0,10,1,0,20,1,39,2,0,0,50,0,106,1074,154,609,2,0,0,2,21,4,980,0,0,75,0,1,3,219,230,203,4,610,0,0,1,0,1510,7,0,6,0,2,216,2213,12,1,2,1,7,8,4,1,77,2,23,0,39,2,21,0,1,6,0,28,10,5,0,36,2,0,2,0,512,0,0,0,1,30,0,3,0,4,3,27,89,7,0,3,111,6,5,1134,108,0,15,0,26,20,1,0,2,49,0,532,1059,1,291,119,31,6,201,5,143,141,1,4,14,2,42,0,21,2055,0,4,268,6,48,1,9,6,1858,0,1,524,24,1947,8,3,0,2,21,0,6,2,8,5,21,156,3,104,3,9,6,30,0,125,939,0,6,18,0,13,228,7,0,824,1,50,0,7,14,17,133,0,0,0,0,1,2,1,4,27,0,3,1,206,6,0,0,0,3276,4,798,22,5,259,3,99,1,4,13,12,0,95,52,2,2,46,0,0,1,20,7,92,7,405,46,35
"ENSG00000075218.19",132,5,45,93,612,384,140,36,29,295,31,407,611,1285,601,22,80,150,359,116,128,20,103,102,112,183,134,382,56,190,739,539,368,61,22,211,145,66,271,258,6,208,646,17,27,48,31,261,3,16,94,566,70,274,102,208,19,373,424,150,31,530,44,115,17,431,58,33,1525,870,602,131,40,3,99,15,874,65,814,248,290,255,229,64,228,355,53,89,87,6,225,147,128,127,38,5,17,380,339,603,76,28,501,32,177,386,335,11,2039,345,170,31,62,172,243,37,1394,118,804,697,27,186,26,141,133,5,16,110,309,476,78,13,881,32,623,6,65,10,517,41,6,917,190,38,183,1112,303,577,399,467,23,9,392,139,48,383,32,380,111,245,269,55,421,225,629,253,521,974,361,1258,26,150,152,856,45,145,123,186,398,214,13,257,86,361,73,66,164,18,89,472,23,2083,743,525,95,671,20,108,14,297,73,1285,575,708,0,147,57,1299,139,360,58,294,394,133,508,338,21,9,141,360,4,135,117,23,17,18,109,816,25,124,547,126,207,129,14,315,25,50,212,110,56,105,14,79,439,388,162,37,73,86,53,107,23,521,9,208,33,81,59,1149,318,206,2188,1125,19,170,302,11,397,24,237,19,424,8,57,382,446,6,30,293,286,291,25,4,20,537,4,72,72,100,74,52,47,31,86,559,2031,93,69,98,646,28,2195,27,141,28,24,90,128,648,52,826,248,167,85,205,503,324,26,136,577,531,18,1716,209,470,14,63,44,11,207,176,58,139,296,18,128,1195,48,76,3,98,49,930,390,173,9,91,398,13,45,723,30,688,28,16,277,534,990,154,275,26,108,616,1316,38,95,772,24,118,252,165,53,163,87,41,352,12,63,227,10,327,110,30,63,63,488,147,112,244,575,85,9,415,172,220,207,745,83,17,117,162,80,9,1407,54,306,555,53,46,139,56,37,28,64,144,64,3531,386,51,11,11,797,25
"ENSG00000075388.4",0,0,0,1,0,0,0,0,0,0,1,0,10,0,0,0,0,0,0,0,0,0,2,0,0,0,0,1,0,2,0,0,0,0,0,1,0,0,0,0,0,0,0,0,14,0,0,0,1,0,0,1,0,2,0,0,0,0,0,0,0,0,0,0,0,0,1,0,3,0,0,0,0,0,0,0,0,0,2,3,1,0,0,4,73,2,0,0,0,0,0,0,0,1,0,0,0,0,1,0,0,0,0,0,0,0,0,0,10,0,1,0,0,0,0,0,0,0,3,1,0,437,0,0,0,0,0,0,0,0,0,0,0,0,1,0,0,0,0,0,0,142,0,0,0,1,0,0,1,0,0,0,0,0,0,0,0,1,0,0,1,0,0,0,0,0,0,0,0,1,0,0,2,0,0,0,0,0,1,0,0,0,0,0,0,0,0,0,1,0,0,0,6,7,1,16,0,1,0,1,0,1,0,0,0,2034,0,0,0,0,1,1,0,0,147,0,0,0,0,0,0,0,0,0,0,0,0,1,0,0,0,0,0,0,1,2,0,0,0,0,0,0,0,0,0,1,0,0,0,0,0,2,0,0,0,0,0,0,0,5175,92,0,1,0,0,0,0,0,2,0,0,0,231,0,0,0,0,0,0,0,0,1,0,0,0,0,0,1,0,0,0,0,0,0,4,0,0,0,0,0,0,0,0,0,0,0,0,0,0,0,2,3,1,4,0,67,0,0,0,0,1,1,0,0,0,0,0,0,0,0,0,0,0,0,0,0,0,0,0,0,0,0,0,0,0,0,0,0,0,0,0,0,0,0,0,2,0,0,0,0,0,0,0,0,0,0,0,0,0,0,0,0,0,0,1,1,1,0,0,0,0,0,4,0,0,0,0,12,0,0,0,0,0,1,0,24,15,1,0,0,0,0,0,0,0,1,0,0,0,0,0,0,0,0,0,1,0,0,68,0,0,1,2,0
"ENSG00000075461.6",48,3,14,8,79,9,67,1,3,3,37,468,69,520,1,4,4,6,0,57,49,23,67,1,0,0,146,1,46,2,2117,8,27,3,58,0,3,2,3661,3014,5,51,85,1,2,0,6,5,61,7,3,33,5,469,12,4,79,26,1,7,239,4,1,6,102,276,1,538,7,93,297,74,2,3,0,0,386,6,1157,0,26,2,0,6,9,4,2,2636,6,8,1092,98,8,0,1498,0,518,0,261,63,12,4,62,2,45,15,6,4,186,32,28,11,1,16,221,4,66,17,129,738,602,0,1,1,24,3,14,0,39,10,5,6,3,0,197,2,2,3,2,0,1,277,12,1,492,26,46,12,114,35,65,15,1,0,3,0,1,285,15,1,3,99,4950,69,62,13,6,1074,4,133,1,8,779,47,83,1,6,6,2285,1286,1,163,395,1,1,2,64,2,5,1,8,0,79,5,0,134,3,5,2,65,6,11,101,69,0,3,0,0,16,3,50,69,3,9,24,1,116,1,0,3,3,0,37,2,12,12,1282,58,5,0,4,2,254,8,0,10,4,0,0,0,15,3,1026,4,25,2456,48,451,26,0,6,1,3,0,10,95,11,47,5392,11,7,1,7,2555,6,0,179,33,5,4,4,7,15,4,26,151,259,2,1104,1373,2,29,1,2,1,25,35,100,6,506,66,1,257,224,1780,23,3241,290,4,1,4,4,444,4,505,0,0,1,17,474,1,263,10,174,82,2,1,3,4,1,153,1255,1,129,1,259,17,19,1247,3,2455,18,4,54,1211,41,3,64,182,1,2,2,1,71,596,1,1,40,50,2,2,5,1,256,3,3,183,70,400,4,6,39,80,299,5,0,0,50,0,0,29,144,12,419,4,1,6,26,1,4,6,0,4,2,7,2,254,74,0,9,167,450,1,1393,72,27,117,2519,136,5,0,0,13,24,0,4,10,13,0,2,2,4,0,6,0,1,0,4,2,32,0,0,12554,51
"ENSG00000075702.18",167,12,159,108,383,275,282,100,74,498,64,419,598,1361,766,70,46,518,399,108,159,48,133,132,119,134,262,414,84,446,425,527,488,154,77,602,283,102,392,265,39,371,633,66,57,69,102,376,24,60,112,596,143,384,121,222,54,317,561,332,35,890,68,612,51,239,159,75,1150,690,1632,121,59,29,215,34,2985,160,1587,431,287,395,919,138,458,172,59,79,128,32,549,377,135,1107,90,25,53,448,481,1404,146,47,1236,51,174,431,364,33,1508,368,103,77,71,242,292,110,1278,137,408,995,40,296,30,237,243,40,30,371,434,779,85,36,1301,92,436,43,150,29,1507,59,33,965,245,100,170,810,486,925,235,556,39,44,373,391,69,283,71,685,240,343,492,136,504,336,301,487,977,1182,606,1263,119,146,297,733,149,123,267,669,295,232,22,182,197,405,126,148,283,53,131,368,102,2039,559,560,171,455,43,176,52,712,63,1512,1400,1148,17,698,59,499,427,458,68,301,1160,101,503,211,12,63,171,379,22,212,369,59,58,25,173,1055,47,134,797,293,324,247,21,653,27,111,425,194,52,229,34,72,1119,601,152,73,158,115,53,198,50,299,47,234,126,147,77,1031,458,187,2792,969,57,215,251,30,619,32,444,35,533,50,145,423,818,34,81,873,391,749,140,31,73,349,24,83,326,195,93,116,114,58,382,405,796,94,189,143,555,70,3233,34,444,63,37,133,157,495,148,685,224,125,155,362,607,423,33,138,440,544,34,1180,353,258,38,93,158,32,197,158,141,480,649,36,244,752,104,104,27,180,74,669,1373,281,19,558,433,21,51,539,70,697,43,45,359,594,1048,40,315,83,146,869,898,65,265,464,52,402,366,243,92,82,1012,121,322,37,156,316,113,472,141,60,129,120,660,91,170,527,519,152,53,348,91,224,247,1147,163,30,118,227,173,23,913,69,866,579,85,48,179,384,78,58,181,109,88,1412,499,72,29,44,1174,53
"ENSG00000077152.11",152,14,113,163,741,445,254,117,78,635,135,415,646,1485,1398,56,153,485,516,160,162,10,201,157,140,420,224,663,185,487,623,550,385,157,132,386,313,227,587,259,80,247,551,230,65,190,84,559,20,66,286,639,141,932,212,366,39,586,724,888,148,903,318,376,47,349,79,121,955,698,689,251,196,13,87,12,478,248,1043,433,135,324,877,166,431,214,210,249,214,35,981,354,190,384,297,15,142,1061,484,609,314,42,1609,144,196,712,412,36,1711,446,246,55,141,521,46,307,1740,205,1191,1523,242,532,32,1211,715,12,26,556,527,885,119,36,1125,157,656,22,278,21,1643,58,29,1003,268,76,184,2990,652,574,702,528,27,32,257,349,78,481,151,444,550,250,302,350,806,290,620,443,758,1264,695,2499,196,233,615,2052,242,105,440,681,335,325,29,299,344,684,313,247,369,64,270,599,100,1923,376,556,199,970,49,714,71,930,186,459,614,1933,11,1040,50,592,631,214,85,498,982,206,202,394,145,232,149,520,11,293,170,105,36,8,556,696,288,136,1420,339,327,539,88,1113,25,320,244,287,72,261,124,104,1064,1015,304,185,97,235,58,288,38,619,38,312,133,273,420,2033,428,236,2135,1216,17,369,421,15,1197,18,630,13,589,31,161,531,687,28,221,887,1338,1017,189,32,185,897,11,260,335,525,118,290,294,325,225,654,1293,254,225,175,711,101,1422,25,385,163,61,171,138,793,95,1431,592,572,521,373,980,536,116,208,646,473,28,1112,402,146,45,155,259,19,802,345,102,184,1234,51,725,2306,184,169,7,375,149,678,994,276,44,356,442,14,98,820,104,1094,130,32,858,761,610,118,320,70,271,710,2164,66,218,544,133,414,824,376,157,350,838,87,721,17,48,783,199,476,368,368,169,352,663,178,465,668,607,244,54,527,244,192,294,640,168,20,96,337,219,56,659,185,656,537,448,86,200,380,72,36,453,243,156,1656,685,104,19,46,1634,56
"ENSG00000077279.19",3,2,0,17,8,9,0,0,56,14,1,1,1,8,0,2,0,9,0,4,2,0,6,49,20,3,1,10,4,125,14,55,16,0,9,6,66,1,0,0,0,5,0,13,7,0,95,6,0,0,4,2,12,3,1,1,12,1,2,0,2,25,1,0,18,2,0,1,1,11,3,38,0,2,1,0,17,11,1,2,36,7,22,40,18,0,4,5,2,8,49,587,0,0,0,0,1,1,3,29,11,8,6,0,9,0,5,0,23,0,40,2,6,73,11,18,40,0,4,16,1,24,0,0,18,2,1,1,0,16,9,4,11,20,26,1,2,4,0,0,4,97,90,1,21,4,3,1,0,24,1,1,17,3,24,0,5,13,0,16,0,6,12,1,1,0,2,5,1,67,83,13,61,42,7,2,14,3,6,2,1,2,2,1,0,56,0,12,5,270,22,3,0,95,7,1,0,32,0,0,1,53,3,12,0,1,0,15,3,3,18,12,0,1,7,17,1,3,9,36,0,66,0,11,2,0,16,15,5,3,13,2,1,14,0,18,1,11,0,4,13,61,11,0,1,3,0,4,1,3,0,1,0,3,0,0,2,0,5,2,31,20,116,0,0,3,10,0,6,0,10,2,0,2,18,0,30,0,2,2,0,1,16,0,12,2,1,1,2,16,6,95,30,0,2,5,27,25,0,5,3,1,13,0,4,0,0,5,10,0,4,11,10,10,4,0,0,5,2,5,31,23,0,6,4,0,15,2,0,0,0,0,66,0,0,4,44,7,0,13,1,15,0,0,35,13,0,0,4,0,1,40,3,0,1,4,19,0,2,6,5,4,3,1,2,14,0,0,0,1,0,9,0,1,4,0,3,12,0,23,2,4,20,34,29,3,1,183,0,12,20,43,2,3,18,0,119,1,18,2,23,0,7,232,46,3,43,0,10,8,1,0,9,24,29,1,58,40,4,4,0,0,0,0
"ENSG00000077327.16",2,0,0,0,1,4,0,1,0,0,0,3,1,25,3,0,0,108,4,6,0,0,2,7,3,10,1,13,0,3,2,1,1,2,1,3,3,0,0,2,2,0,0,2,1,1,1,0,0,0,0,5,0,1,1,2,2,10,5,1,2,31,0,1,2,2,0,1,2,0,27,0,1,1,0,0,4,1,4,1,3,2,0,1,3,1,0,4,2,0,2,2,0,0,3,0,0,0,2,5,0,0,3,1,0,0,0,0,11,1,0,1,0,8,4,2,2,5,85,234,0,0,0,2,2,2,13,2,1,3,0,0,17,0,4,3,2,0,295,0,0,1,2,1,1,1,20,1,5,20,4,0,0,4,0,1,0,0,1,2,0,0,0,0,2,3,1,2,6,28,1,5,0,51,0,1,0,305,0,1,0,2,1,0,1,1,1,12,1,131,0,15,10,0,2,0,0,0,0,9,1,0,5,9,0,24,1,0,4,0,1,4,1,10,8,3,0,1,4,3,0,0,0,0,0,1,2,3,0,1,5,1,1,0,2,3,0,1,1,0,1,0,3,1,3,17,0,2,1,1,2,2,1,0,0,0,0,2,0,11,6,3,5,6,0,0,0,0,5,2,5,1,41,0,0,2,1,0,2,3,3,0,1,0,5,4,1,0,0,3,5,0,0,1,3,18,1,3,0,1,1,3,3,0,7,0,0,1,2,9,1,1,0,0,1,2,1,76,1,1,31,4,0,60,2,2,0,1,0,1,3,0,0,42,1,0,4,4,2,0,1,1,0,5,5,0,1,0,18,0,0,3,5,1,0,1,0,1,3,1,6,0,1,8,9,1,0,0,0,1,10,1,0,4,231,2,1,5,2,0,0,4,1,11,4,0,1,1,0,36,0,6,0,1,1,0,1,0,1,0,1,3,2,0,5,5,2,2,1,1,0,0,0,0,1,0,3,17,21,0,1,0,3,0
"ENSG00000077522.14",108,3,10,23,433,160,1,6,4,24,13,1621,129,31,601,28,175,126,175,171,50,1,2022,28,2,47,50,265,366,34,61,230,25,5,17,1,837,8,54,30,0,8,27,24423,14,44,6,49,9,4,101,6,17,16,2881,119,15,7,267,2,17873,29,41,6,73,906,2,1817,4,599,64,44,658,5,25,6,20,195,21,14,1444,72,3,182,165,110,1,415,18,15,115,21,26,11,5152,8,68,23,3,166,6,2,944,492,43,47,23,1,345,51,50,13,9,18,14,80,1604,1544,6,3267,1072,52,0,32,10,4,38,10,7,64,9,1,113,0,123,32,18,10,10,53,3,22,16,85,43,5376,11,51,1,4,7,8,12,35,14,0,0,28,749,64,167,78,11,9,134,16,3,33,20,295,1568,5,225,11179,54,88,24,41,19,8244,3,124,66,4,2955,3,916,107,36,10,287,2,8,169,472,41,23,40,0,105,77,263,24,2029,21,106,1,255,25,1,15,158,14,0,35,7,575,5,17,12,1,3,5,24,9,16,5438,117,35,401,71,20,15,5,5402,781,3,8314,23,4,17,68,3880,64,178,65,1,25,15,304,8,10,6,51,18,325,2,322,12017,166,44,940,16,42,30,196,718,11,289,8,39,5,5,54,14,96,1,5,9334,524,746,6,5,27,569,13,2,89,0,41,22,13,7,239,400,16,11,3549,6,28,101,37,206,83,12,8,3,12,98,25,1414,31,380,1303,2136,32,110,12,1,157,188,200,8,458,12,16,39,7608,346,2,2213,5,7,17,139,26,250,118,8,4,13,780,17,131,186,31,10,30,30,22,12,10,19,15,76,65,4,71,14,44,12,7,1852,102,122,41,13,4,1716,44,50,191,24,18,1714,52,282,5,3,20,3,203,42,184,46,2,411,86,8,24,18,1061,14,28,5,54,88,291,387,9,1,18,147,457,669,222,29,2,4,19,31,9,7,3,191,3417,9,27,4,20,6,1,494,35
"ENSG00000077935.17",12,1,11,3,3,12,79,1,6,1,3,16,17,256,213,4,7,3,36,1,11,7,29,4,34,5,0,126,4,4,341,4,52,17,31,5,7,5,6,12,0,21,5,5,9,259,9,2,3,14,21,97,14,26,2,733,3,3,539,65,3,323,6,60,6,64,5,3,18,14,139,5,2,1,5,0,50,4,38,196,5,33,15,4,47,56,6,124,21,1,50,34,1,34,5,2,3,100,10,20,8,5,489,0,14,67,95,2,566,11,49,4,3,8,69,8,45,2,220,37,7,23,7,0,21,3,3,2,79,24,9,2,25,1,216,0,0,2,268,0,3,45,27,13,22,1976,18,312,10,2,4,2,13,89,5,2,1,133,3,46,11,13,18,33,4,1,10,198,197,996,2,1,46,388,1,3,2,57,12,4,2,36,16,45,35,5,1,1,55,271,3,9,234,8,1,91,2,23,1,54,0,182,14,843,0,53,14,454,19,12,13,56,0,9,27,4,0,1,22,5,1,18,9,1,3,5,81,1661,4,0,18,32,13,6,0,5,2,2,2,3,4,17,14,6,53,2,0,24,7,6,6,3,3,8,0,165,14,4,3,253,70,55,209,13,2,42,10,7,34,4,7,3,45,0,3,53,99,0,2,18,104,14,0,2,7,15,0,5,8,35,12,3,0,4,24,161,102,12,6,4,12,9,374,1,43,1,1,1,40,206,3,9,4,173,11,13,12,15,9,3,46,20,3,288,129,168,4,18,3,3,8,2,4,25,28,2,133,97,3,3,1,5,12,59,188,38,2,1,67,1,2,4,3,211,16,4,9,7,165,14,186,3,2,103,13,6,3,56,3,0,35,49,16,22,12,6,521,4,4,64,2,281,4,1,12,3,11,4,2,613,9,0,2,7,6,15,23,17,13,1,4,13,35,5,980,7,91,43,112,11,17,4,11,5,13,1,127,21,202,9,3,3,345,0
"ENSG00000078098.14",340,0,61,215,564,47,1,11,24,214,37,20,10,364,19,31,27,14,7,193,295,6,313,313,35,50,1,193,1,80,34,324,247,179,75,140,122,30,4,81,0,838,49,10,95,4,43,266,12,63,29,323,33,22,7,25,29,6,21,14,14,293,4,54,4,32,42,5,52,81,207,531,108,2,7,1,74,61,1,88,39,11,19,44,18,9,39,3,431,0,314,16,6,0,9,5,2,208,17,157,156,2,115,10,307,160,65,7,75,10,431,42,1537,490,32,14,384,9,12,29,3,43,18,27,102,1,97,5,72,277,83,7,14,102,173,2,29,0,23,6,31,425,549,47,293,181,118,30,34,249,19,12,5,27,222,9,10,409,30,187,233,2,26,300,29,147,254,27,21,85,0,25,35,132,36,57,170,11,511,12,1,71,36,149,13,43,225,31,170,7,5,1757,35,141,43,1,18,9,9,66,11,30,859,70,8,31,14,119,44,16,192,153,50,33,321,477,0,1,210,94,1,22,0,67,36,10,6,29,10,29,25,23,533,102,8,54,0,20,21,82,242,146,16,14,253,34,3,7,63,8,45,7,2,26,7,59,33,109,20,18,204,58,187,11,9,237,30,10,37,11,257,26,3,5,140,2,20,7,5,143,27,1,8,7,8,73,20,174,1,240,324,127,66,10,16,40,110,39,37,465,343,7,110,10,0,190,6,96,23,1,20,133,3,93,97,542,67,278,717,94,187,92,1,12,413,35,129,11,4,12,11,42,199,5,8,22,13,59,31,7,0,27,343,44,8,45,2,1,9,3,18,343,48,41,11,14,24,19,8,4,30,140,73,60,251,36,5,37,36,60,11,31,1,8,22,5,9,15,92,31,1,60,3,80,18,5,94,107,16,39,76,5,21,63,4,59,63,41,339,3,22,12,121,2,918,706,212,16,6,1176,822,25,74,38,353,12,35,2139,20,155,1,6,24,22
"ENSG00000078399.19",10,0,2,0,7,2,0,1,7,3,1,36,1,0,5,1,23,0,0,4,1,0,6,0,8,11,0,3,0,2,0,0,1,3,3,2,4,1,14,24,7,1,18,19,2,6,0,5,0,2,0,5,0,3,4,0,2,0,2,0,0,0,1,1,1,8,5,9,5,6,5,2,1,1,0,0,5,2,3,2,2,93,8,3,1,2,6,0,4,7,1,1,20,6,2,1,1,2,14,10,5,0,9,0,0,4,11,0,23,9,0,3,0,3,1,3,6,1,1,0,0,0,1,4,0,0,0,2,8,4,0,0,3,1,3,0,0,0,1,0,0,12,3,0,13,36,14,0,7,0,0,2,0,1,2,0,2,3,2,0,0,3,0,9,5,0,10,5,3,19,9,4,1,8,0,1,1,16,36,3,0,2,12,0,7,2,2,1,0,1,2,3,17,2,0,22,1,3,0,3,1,1,2,13,0,14,2,1,2,1,3,6,1,0,65,1,1,0,7,28,0,0,7,2,1,0,1,1,2,4,6,6,1,7,5,1,0,22,1,0,0,0,9,0,22,1,0,6,9,2,1,1,2,0,2,1,0,1,2,74,0,0,39,18,0,5,0,1,5,0,3,1,3,1,1,1,26,0,11,112,0,4,0,0,4,4,1,3,3,3,1,2,1,0,2,2,4,4,0,0,3,5,1,1,222,2,2,8,0,0,3,0,0,7,0,10,0,6,0,4,0,14,0,54,4,1,1,40,0,0,379,2,4,5,1,2,1,0,0,0,1,0,2,1,8,0,0,7,0,0,6,1,0,0,0,2,1,3,3,1,6,5,3,10,21,0,3,1,1,6,0,42,1,0,5,2,2,0,1,1,1,1,0,2,2,2,9,4,0,0,1,1,1,0,3,0,0,2,4,0,1,8,4,0,15,0,18,7,0,1,1,0,6,2,5,0,67,6,4,4,1,2,3,0
"ENSG00000078898.7",1,9,0,50,4052,2423,30,1,16,1,1,0,6046,0,19,2,193,228,1,1021,159,94,259,17,0,81,66,8,41,19,2605,1,365,3,1,5459,6,329,0,0,0,0,791,4,43,64,54,25,27,48,0,572,25,725,1,6,205,9,1,6,0,1276,0,0,9,3,1,0,3,57,4,51,11,29,15,16,0,511,222,77,128,12,135,53,6,1821,5,0,56,24,20785,5660,209,3852,1208,16,40,1,4481,1,10,11,9,0,32,5,0,15,20,1087,21,4,0,366,58,6,538,4,15,10,0,5,4,0,37,60,78,7,124,212,120,35,13,79,10,16,2,31,134,1,6,435,5,19,103,1,12,1052,14,1,56,0,3,4,9,9,190,3599,6,13,28,210,80,642,401,0,1917,808,11,1,288,1,2,2,162,9,29,152,11,0,5,7,2180,0,1,7,0,126,416,0,8,8,3,47,521,178,14,758,5,553,3,3,591,76,3,35,5,5,61,0,8,7466,5,16,1881,3,1,0,33,22,31,0,698,7,8,15,1,1,111,0,30988,5,45,89,6,47,3,0,0,5,128,0,4,299,1062,463,0,177,29,6,8,30,12,1,14,2,9,3120,4,5000,1,3,290,48126,12,1721,427,1,0,7,4,5,83,22,69,1226,17422,4,6,3954,1,3888,0,31,0,48,5,14,1915,384,10,22,511,8,154,84,231,6,27,0,321,3,23,3,158,0,3,6,4,0,3,1984,2,5275,192,1,0,29,43,53,700,0,0,1772,193,1,4,0,283,82,1,2277,0,1,2,53,1,0,0,44,54,7,8,3,4,1,76,1494,318,0,5,5,5,318,0,0,1129,1,234,16372,2,3,2,32581,1,0,18,77,9,23,5,2,4974,270,50,205,0,1,1,10,1,7,28,3,12,0,13978,10,5,9,762,28,9,61,33,124,32,22393,3,105,0,62,126,0,0,0,15,207,2,48,8,0,2,97,13,33,38,0,4088,79,4,0,8,9
"ENSG00000078900.15",35,2,4,33,377,28,22,7,65,166,34,377,106,48,70,73,17,97,341,9,25,5,19,27,261,47,41,368,24,96,145,166,155,246,16,96,46,21,180,338,7,27,82,165,19,23,8,52,4,45,47,39,53,335,120,655,5,113,310,255,208,926,35,160,5,27,235,129,116,676,30,41,14,3,32,3,15,72,103,312,247,304,197,24,401,32,16,88,22,47,106,137,70,62,19,8,2,264,338,1254,24,24,94,45,92,33,143,11,64,71,56,45,8,314,106,33,561,23,3,698,30,173,8,515,55,0,2,184,19,25,79,1,338,27,436,3,19,3,275,49,13,313,38,38,33,1517,130,21,32,36,4,6,49,238,69,447,12,25,179,343,102,72,312,114,16,410,83,252,313,24,183,140,180,830,7,116,33,52,119,230,7,64,48,372,591,146,54,41,187,140,28,30,549,238,146,409,22,76,1,1154,154,2385,25,2059,3,86,4,1084,107,660,24,157,58,13,161,248,75,36,33,179,5,227,0,34,46,3,93,1485,15,50,488,174,75,255,73,187,12,71,145,69,6,62,36,35,38,22,103,23,102,360,18,29,9,85,12,349,42,7,13,279,220,83,153,248,8,37,193,3,343,12,86,7,35,2,134,37,23,12,185,840,283,276,133,12,8,7,5,36,4,58,36,164,8,15,23,209,599,18,10,33,529,12,10,10,12,17,4,64,80,413,223,86,108,134,88,53,522,47,5,37,174,141,5,83,147,458,14,323,21,1,566,44,34,57,323,8,215,721,376,23,7,123,16,117,355,200,14,13,16,0,13,706,33,11,53,10,50,60,38,28,172,62,126,47,26,79,118,12,41,61,466,133,18,61,327,94,567,1,14,378,128,287,146,7,43,46,87,107,32,638,58,200,24,51,29,93,144,186,69,2,51,178,21,18,36,15,302,19,37,11,108,146,9,4,195,34,43,482,434,19,1,41,216,5
"ENSG00000079112.10",3987,0,0,0,7,1,1,2,3,94,13,4,5,2225,71,5,5,2,0,5,2,4,13,1,2,1,1,2,2,452,1,97,6,5,4,17333,10,4,0,1,0,7,4,1,6,0,38,8,5,2,1,12,20,7,0,0,21,2,0,0,0,19,0,4,1,2,0,0,8,2,274,14,1,4,0,5,216,20,42,1,12,5,259,2,3,33,3,0,28,3,2,2,2,10,1,2,3,2,2,2910,8,1,561,0,1,17,0,4,708,0,4,25,979,6,11,1,6,1,3,38,0,0,2,0,4,2,3,0,0,193,2,0,15,0,103,6,3,1,1,0,1,9,892,7,9,725,78,0,3,205,7,3,1,5,4,0,0,9,3,16,0,1,15,10,9,2,3,224,1,2265,2,1,0,2,5,4,2,0,108,0,1,189,1,3,0,0,9,1,1,0,0,7,6,2,2,0,1,2,3,45,0,1,8,16,1,1,7,17,6,1,7,1,2,1,16,36,1,2,36,4,2,6,0,13,6,8,90,39,4,2,131,0,24,1,0,6,6,2,0,1,1317,2,0,3,19,4,0,3,1,0,3,1,0,4,2,1,4,0,0,1808,35,13,177,4,1,43,8,4,4,2,2,1,8,0,3,1,74,1,0,202,2,0,5,0,0,0,2,22,2,1,5,5,2,1,12,199,158,8,4,197,9,29,30,5,2,3,0,2,1,0,0,0,0,189,4,10,4,109,193,3,1,26,0,4,29,1,0,0,1,6,1,3,10,3,6,4,0,1963,6,1,0,1,2,10,2,1,1,4,15,1,461,2580,7,4,0,3,6,16,0,1,0,1,5,3,23,0,0,5,1,2,0,6,8,5,1,2,2,3,1,28,0,1,0,0,9,0,5,1,0,0,2,0,3,4,35,8,47,7,30,2,0,0,40,0,4409,9,4265,5,0,59,12,0,1,0,0,0,3,9,1,58,3,0,5,3
"ENSG00000079393.20",11,0,0,2,1,1,822,0,2,17,2,1,1,52,54,0,0,14,0,0,0,1,3,2,0,0,2,1,0,6,0,6,323,2,2,6,5,1,4,0,0,12,0,0,1,0,11,0,0,1,1,3,0,12,0,1,0,3,0,0,0,14,0,1,0,0,0,0,2,3,6,116,0,1,0,0,5,0,2,14,0,1,1,313,2,0,7,24,4,2,14,3,1,364,0,0,0,0,5,0,0,0,1,0,1,4,1,0,17,0,7,2,0,7,1,2,1,0,2,905,3,0,0,16,9,0,0,1,1,10,0,0,8,6,25,0,1,0,14,0,0,2,33,0,5,1,1,7,330,1,0,0,1,5,1,4,0,2,3,0,2,13,2,5,0,2,89,17,2,2,0,0,7,0,12,0,13,29,1,4,0,2,0,4,0,15,0,1,0,0,0,0,11,4,19,2,1,14,0,58,1,0,13,2,1,108,1,1,0,1,2,0,41,0,0,2,0,0,1,12,0,0,0,0,1,0,1,0,4,2,0,0,54,1,0,721,0,0,2,0,6,7,0,1,9,3,6,2,66,2,0,2,0,1,0,0,0,5,35,0,4,1,8,3,0,9,17,0,0,2,4,0,362,0,4,0,17,1,0,0,2,525,0,0,3,32,0,7,11,8,3,1,0,32,0,103,7,0,3,16,11,2,1,0,1,3,0,1,5,0,1,0,5,38,18,0,6,1,1,14,0,4,0,1,16,1,0,2,0,0,0,1,2,0,13,1,1,1,1,0,1,3,2,24,8,0,1,20,66,0,0,6,0,20,0,1,0,3,23,0,13,1,2,14,1,0,29,37,2,9,0,2,6,47,3,0,0,0,1,0,1,0,1,3,0,2,2,0,4,29,17,0,0,1,0,1,5,5,0,0,0,3,4,0,0,1,66,461,0,1,3,0,0,0,3,1,0,2,2,1,0,0,7,2
"ENSG00000079462.8",1791,105,481,198,920,370,1247,80,202,2774,139,264,754,1297,2227,121,273,1010,224,487,140,54,838,267,71,239,1521,323,223,650,397,1703,390,73,336,746,604,178,855,320,231,1142,413,85,162,301,178,723,86,57,98,999,163,387,144,348,251,373,857,285,121,927,35,141,34,1216,78,85,708,751,2884,135,238,53,315,46,2387,224,1575,389,440,600,1042,478,817,467,100,76,190,341,1089,952,130,2871,156,62,608,215,868,685,249,136,3873,20,235,248,587,71,4424,817,152,229,282,385,302,431,1121,112,1289,1502,15,127,37,46,299,65,156,882,154,1273,206,151,2347,153,438,81,113,248,716,153,50,1229,466,127,340,1261,701,2299,589,1301,65,164,406,645,116,797,327,523,569,480,236,787,620,384,1384,553,447,3927,359,396,647,354,87,1671,621,83,387,1634,556,197,61,1788,257,203,202,296,432,59,882,198,219,2929,1367,229,393,477,93,171,80,1606,16,620,528,1529,79,2176,83,311,1469,41,170,1052,2438,188,355,766,327,203,266,476,84,301,1450,288,72,60,312,135,305,146,2131,477,351,256,214,927,77,304,101,413,218,168,227,194,997,1478,346,545,129,77,51,974,218,776,65,359,179,1718,246,1234,445,70,1531,3265,219,541,747,90,287,81,764,115,1369,98,288,587,2562,67,228,1204,301,1054,397,293,15,636,69,146,2201,371,324,94,1227,863,1243,899,562,147,138,1153,273,880,25107,220,1502,251,246,445,316,275,310,1963,252,533,359,546,536,563,273,558,656,697,95,1793,338,712,290,85,1480,78,311,259,163,606,149,151,231,531,210,527,66,308,153,2567,1310,565,58,3917,1290,120,144,899,117,1383,99,203,1015,549,1911,790,183,302,76,2296,2738,50,2678,529,99,937,320,422,762,472,1591,432,598,214,186,261,472,428,494,317,215,456,930,217,492,103,1074,282,47,421,348,412,150,3483,321,62,56,738,408,52,1222,181,694,337,164,166,168,397,44,159,53,56,180,1043,602,256,98,128,507,168
"ENSG00000079689.14",138,327,5679,21,889,20,493,8040,20,35,19,28,124,2233,688,133,7,1948,646,287,87,14,80,930,540,242,35,326,301,1100,53,4033,76,43,1670,19,332,12,27,14,38,23,38,62,61,2453,220,327,290,67,211,109,421,400,122,276,40,125,788,5234,11,2373,2911,227,21,1216,12,19,885,526,284,111,319,43,1635,71,137,37,3181,791,149,315,38,809,6897,215,98,7,72,91,746,2888,11,3105,2,22,17,863,1389,4240,97,4,1583,87,61,18,5049,44,460,384,144,136,25,90,69,45,748,502,75,42,3,311,10,200,389,78,192,3627,116,4271,42,48,2162,104,71,230,7,97,3234,414,51,1616,1229,123,117,302,480,43,48,34,112,180,1988,6941,57,7,351,777,785,131,239,21,72,3627,985,33,6,51,4490,90,2116,122,5,270,51,5,35,3251,10,0,28,371,7,172,24,23,1498,14849,43,2784,656,0,3981,2205,41,417,110,38,40,71,1190,6074,163,986,134,2595,16,813,329,728,101,4026,2770,143,1894,33,10,18,2,1236,74,342,452,106,65,21,25,211,151,218,1307,90,107,19,12,560,50,33,223,42,230,388,19,98,1479,54,3,19,100,23,34,28,178,122,62,356,178,10,0,57,850,847,65,253,37,89,465,111,2733,104,477,19,946,125,10,73,82,84,5,2413,291,1221,2387,144,519,335,93,27,208,27,64,83,355,31,80,1852,3645,83,1504,36,569,108,107,49,207,7,4,394,291,59,330,824,19,86,649,69,12,49,66,2143,478,76,165,1377,1562,132,21,176,14,95,33,157,72,2129,173,153,59,1103,19,31,140,27,577,10,2261,117,1823,912,116,51,44,489,1684,100,18,40,799,4,208,54,882,7,6,96,122,1993,146,629,24,74,5555,65,14,30,192,1534,589,198,86,222,75,203,127,26,78,629,37,305,1018,413,347,29,203,771,206,335,2242,2391,407,71,610,167,78,24,46,198,1098,4052,5,44,12,12,8,13,113,1530,679,0,198,82,177,824,17,61
"ENSG00000080511.5",1,0,2,1,1,0,0,8,0,0,0,0,1,12,102,0,2,84,21,0,2,0,2,1,0,0,0,2,0,6,0,1,1,0,9,0,3,1,0,0,0,17,0,0,0,0,1,0,0,0,0,0,0,0,1,0,0,0,2,0,0,128,7,0,1,0,1,8,52,1,45,35,0,0,0,1,9,1,0,2,51,2,4,168,15,0,2,11,3,0,0,920,0,126,0,1,0,0,0,26,2,0,0,0,2,1,222,0,2,0,0,0,0,3,0,0,1,1,0,1,1,19,0,4,31,0,1,7,0,3,0,0,594,1,0,2,0,1,3,0,0,1,34,0,0,7,8,0,0,0,1,1,8,0,0,7,0,0,55,892,13,0,46,0,13,1,7,6,18,3,0,2,5,1,3,0,0,0,0,0,0,1,1,17,0,0,0,0,10,0,2,15,15,1,296,6,1,0,0,4,69,17,11,4,0,15,0,25,0,1,9,0,202,0,1,0,0,0,18,1,0,0,0,0,0,0,0,1,0,0,1,1,4,1,0,42,0,1,0,0,2,6,1,53,105,1,0,0,0,1,0,0,0,2,0,0,0,0,0,0,1,8,66,1,0,20,6,0,2,0,7,0,0,0,0,0,0,0,9,0,22,1,5,1,0,2,0,11,9,2,0,0,0,0,0,0,0,46,74,0,1,0,1,1,0,0,0,0,0,13,0,0,4,0,4,2,0,1,2,4,0,0,0,0,6,5,0,0,1,0,0,0,0,31,2,0,3,2,0,1,0,0,0,14,416,2,0,6,13,1,0,754,0,5,0,0,5,0,0,0,1,1,0,30,1,0,7,0,0,0,0,0,0,81,18,0,1,0,0,62,0,0,2,0,0,1,3,0,0,0,19,1,0,1,0,0,7,0,2,0,0,9,0,7,99,10,3,14,0,2,8,0,1,0,11,0,6,0,4,0,0,4,0,0
"ENSG00000080644.16",4,0,0,2,25,0,0,1,1,6,40,0,3202,20,0,0,1,2,0,0,12,0,5,1,0,97,0,1,0,3,3,24,3,2,3,13,5,1,0,0,0,3,10,58,2,1,0,3,0,2,0,7,6,3,5,1,2,0,0,0,11,7,0,1,2,1,1,5,0,6,0,11,3,0,0,0,10,1,123,3,115,1,7,1,1,14,1,0,2,0,138,7,0,0,0,0,11,0,10,7,1,0,2,0,0,12,1,3,25,1,1,0,16,2,0,0,19,1,2,6,0,0,59,3,0,1,3,0,4,4,1,2,0,0,4,0,1,0,1,2,1,12,7,0,12,6,1,0,1,1,0,0,1,4,0,0,0,2,3,4,1,28,8,0,1,1,2,9,4,3,2,0,5,2,0,1,4,2,11,2,0,5,1,2,4,0,0,0,1,1,0,34,2,5,2,0,0,3,0,22,0,0,13,0,0,1,155,1,0,0,1,1,1,1,0,5,1,0,1,0,0,1,1,0,2,0,1,10,0,1,0,0,11,7,0,1,0,0,1,0,7,5,7,2,19,12,1,1,4,0,0,1,0,0,1,0,0,0,38,5,3,0,2,1,1,1,5,2,2,0,3,0,1,1,0,0,0,1,22,1,2,2,0,2,0,0,1,9,1,2,3,1,0,1,1098,18,3,5,0,0,3,3,1,1,1,3,0,1,107,0,3,3,0,22,11,8,1,4,9,2,123,4,0,1,11,2,1,6,0,0,28,1,0,5,5,2,0,21,2,7,2,2,1,1,0,0,1,0,0,0,2,8,0,0,0,0,1,9,0,0,0,2,8,0,32,0,0,5,0,0,0,1,0,2,5,23,1,2,1,2,2,1,1,11,0,0,5,1,1,0,1,4,0,1,1,0,16,0,2,0,1,0,20,2,0,2,1,0,0,19,0,0,0,0,0,2,0,335,1,1,0,0,238,1
"ENSG00000080709.16",37,283,7,24,49,1,1,5,3,45,3,9,13,72,8,122,14,119,7,52,15,440,33,16,664,11,3,159,5,20,12,63,52,1285,9,9,33,1,16,25,7,50,14,39,204,6,12,49,937,9,6,24,108,3,4,5,85,4,204,1,11,12,7,140,432,17,9,6,56,21,52,70,9,977,10,811,27,8,5,7,100,9,10,30,214,57,8,0,60,6,30,108,3,2,1,368,266,22,12,19,37,447,21,7,29,34,514,68,71,12,65,413,70,29,2,15,45,4,2,16,0,8,1086,1,18,385,188,63,37,17,252,530,9,13,29,1255,8,1095,3,6,355,43,46,957,14,29,9,13,30,23,763,630,5,1024,16,8,4,84,30,1518,7,5,16,23,7,16,11,63,9,41,126,15,11,20,14,4,21,21,101,8,209,44,9,11,3,8,762,31,24,153,16,32,9,17,558,3,489,3,11,27,7,1025,29,33,779,0,1103,137,27,5,55,26,4,8,34,50,1,7,42,50,776,228,6,5,74,436,5,22,11,14,18,21,13,11,7,10,691,13,7,15,12,25,1,116,16,27,0,70,5,12,5,3,190,15,300,6,895,76,20,3,1003,142,27,13,260,75,13,472,11,437,36,18,11,872,17,6,9,607,2,22,470,1,344,245,7,29,435,21,11,48,176,8,14,3,14,7,40,65,28,88,77,5,36,585,3,13,6,17,8,3,7,33,6,24,29,104,13,28,28,9,49,27,787,6,35,7,157,4,4,552,11,7,50,5,6,2219,4,27,4,1,986,6,14,61,112,19,289,4,13,292,729,37,558,10,1,592,13,34,22,7,105,48,12,7,170,18,6,35,4,4,9,28,7,7,2,140,485,251,21,922,660,143,4,4,30,3,11,15,8,5,14,4,5,7,2,8,32,6,116,436,15,2,34,5,19,13,7,17,337,103,141,39,83,228,76,7,19,7,51,594,1493,3,3,203
"ENSG00000080986.13",106,16,82,90,368,360,160,47,43,692,65,591,1024,2668,587,56,137,475,353,55,176,20,102,157,120,117,364,633,138,363,422,236,438,97,62,334,342,116,491,269,44,232,622,53,42,246,50,524,12,75,315,860,152,1243,275,389,32,760,1034,781,54,622,76,361,38,382,138,55,877,1108,443,170,67,6,83,5,256,152,480,540,454,226,1135,123,406,242,175,249,162,31,508,220,160,325,119,9,50,696,373,705,222,42,502,80,231,466,219,19,2991,599,284,72,74,532,229,122,871,160,1409,1615,91,429,26,405,320,15,37,412,377,456,130,31,2702,68,901,22,216,19,638,76,10,1149,411,65,129,1840,777,415,538,326,21,24,580,485,81,699,144,545,418,318,380,198,403,230,506,420,565,1870,868,1925,161,127,291,2289,201,134,238,497,424,230,18,168,155,964,123,175,375,48,171,488,84,2543,1049,1310,120,778,51,367,31,665,72,707,925,1670,8,316,52,718,386,608,104,351,1135,212,454,399,69,70,176,779,10,306,224,46,26,7,198,1590,71,182,857,298,232,385,84,444,24,167,433,245,57,151,26,79,488,1598,106,91,287,207,54,310,60,773,24,390,58,118,58,1552,682,212,2568,936,24,192,368,8,1077,26,517,16,853,13,87,533,453,7,107,456,1055,513,211,17,85,554,4,217,184,149,116,144,134,70,244,879,2204,157,272,96,489,52,2372,35,652,75,72,226,211,688,111,966,381,332,185,285,1657,680,48,211,362,439,31,1180,398,530,47,68,179,26,550,230,128,534,450,44,338,1924,104,93,21,191,142,609,637,393,25,106,729,11,63,980,94,544,76,31,312,653,680,251,225,66,314,550,1634,56,253,727,77,332,875,235,215,240,805,92,514,24,85,639,49,537,244,58,167,219,627,219,695,241,280,205,26,441,258,201,399,652,108,16,164,349,94,31,759,57,783,804,304,69,252,240,86,44,206,155,205,2584,355,108,10,27,1157,31
"ENSG00000081051.8",1,59,0,55,22987,55071,775801,13,149,54,631,317,6388,768,268,121,126032,288,275,11736,44,186,398,182,330,593,417,24,9330,55,110769,2395,428,177,67,12,309,36,777,526,626,532,2916,241,143,610,310,1780,191,299,322,60301,597,37729,128,249,230,150532,76,119,118,1660,292,82,55,13311,37,210,1778,6237,1807,230,273,63,540,428,1246,1116,14763,4019,10732,603,42,139,64,155,167,235,42,275,593,143,40309,207965,965,85,667,2067,301463,243,115,405,535,76,619,331347,3909,294,146042,19725,6489,202,185,33,413334,260,16567,29,432,661,252,121,187,547,8886,41,36,190,65324,546,165,160,6676,123,599,94,209,122,144968,46,131,999,8434,499,238,852,5887,5543,297633,152,166,88,130,100,57,283,107,10170,1067,70,212,98,106,47553,9922,323,339334,3304,185,121711,17,397,213,1271,529,71,263,557,72,72,249,5089,152,210,258,67,1046,39,848,45,60,39,52840,120,130,54,269,208,103,212,49,526,494217,1607,149,1901,127,378,19981,90,4601,22090,1826,61,234069,716,233,318,683,408,247,29,163865,458,152,139,238,102,170,210,2472,223,300,1410,224,426,140,370,457,52,7,79,347,49,84179,47,553,227,713,291,250,417,201,156,118,136,320,626,91,715,220,640,154,49819,47,12164,370,333,117,269,1404,100,161406,91,189,161960,235270,63,571,260,40,177083,202,257,132,825850,43,2029,296120,192,807,201,523,758,521,52248,6451,342,269,5,509,36857,26336,73,217480,55,48,281,154,34904,179,7847,187,270,65,79,65541,58454,163,220,5636,1,256,25517,92,184,228,192,957,42,400,2493,184,278,162,302,1272,125,295,84,139,391,131,14480,74295,347,64,355852,31190,106,202,23975,333,14666,293,298,16289,5,106219,796,160,225,368,8323,13,70,601,1060540,159,714,15,196,4565,10237,955,259,94,116,28,53,81,7027,153,132,243,174,211792,775,366,531,1100093,200,188,5813,21830,62,373,411867,148,184,347,437,388,61,380,0,265,316307,166,104,216,490,21,97,157,2,208,569,106241,211,519,327,85,197
"ENSG00000081138.14",0,0,14,0,0,0,1,0,0,0,1,7,1,0,6,0,1,6,0,0,0,0,3,0,0,0,0,9,0,0,1,0,0,3,1,0,1,3,5,27,1,6,0,0,0,0,0,0,0,2,0,3,3,0,0,1,1,0,0,0,1,11,0,2,0,0,0,0,1,0,7,1,1,0,0,0,1,1,0,26,6,129,0,1,1,0,0,0,0,1,3,2,0,2,0,0,0,0,1,0,0,0,0,0,0,0,0,0,89,0,0,0,0,0,0,1,0,0,0,2,0,0,16,0,3,0,3,0,3,0,2,2,5,4,0,3,0,0,1,0,0,0,29,0,2,0,0,0,2,0,3,0,0,35,1,0,0,1,11,4,2,1,0,3,0,1,0,1,1,38,0,2,8,277,0,0,0,28,6,0,2,0,0,0,0,0,0,3,1,0,0,0,0,0,21,1,0,0,1,0,0,0,0,522,0,0,83,0,4,0,0,0,0,0,1,1,0,3,1,0,0,0,0,1,0,0,0,35,0,0,1,0,3,0,0,0,0,0,1,2,9,0,0,5,4,0,0,0,0,2,0,0,1,1,0,2,0,1,0,0,7,20,1,6,1,0,1,0,0,0,0,2,0,1,0,0,1,0,0,0,15,1,0,0,3,1,0,0,1,1,0,2,1,0,0,0,5,0,0,1,5,0,14,0,1,2,0,0,0,0,0,1,1,0,1,7,0,1,10,3,0,0,0,6,1,0,0,3,0,0,0,0,1,0,0,1,0,0,0,0,0,0,3,3,438,14,0,0,129,0,0,0,1,4,0,0,0,0,0,0,0,3,1,0,0,1,1,0,0,0,0,2,0,0,2,3,0,3,0,286,0,10,1,0,0,0,0,2,0,0,0,0,2,0,0,2,2,4,2,0,2,0,4,0,0,726,15,0,2,4,0,2,0,0,181,0,2,36,0,0,0,0,2,0
"ENSG00000081248.11",8,1,7,4,10,4,0,0,1,1,10,2,440,13,12,6,2,2,0,1,3,0,1,3,0,5,0,2,3,1,0,3,30,8,0,4,9,0,0,2,0,9,4,29,1,0,3,1,1,1,1,6,0,0,1,5,2,0,3,1,12,0,0,3,2,0,3,21,2,5,18,4,1,0,1,1,1,2,13,8,0,4,2,9,2,4,2,0,15,2,6,3,0,9,0,0,12,13,9,3,3,0,1,0,4,11,5,4,9,6,10,0,10,2,0,1,17,0,1,27,2,0,3,2,1,0,1,2,6,1,1,1,2,1,95,0,5,1,0,1,1,4,0,0,13,44,0,0,1,4,1,0,2,3,3,4,0,7,5,4,19,0,0,8,2,0,43,259,0,0,0,0,12,0,4,2,4,3,1,1,0,3,0,0,11,0,16,9,2,0,0,3,1,10,1,1,0,2,4,9,0,1,20,1,0,6,2,4,4,1,4,3,2,0,41,2,1,3,6,4,0,6,0,2,4,1,13,4,9,6,0,2,4,2,2,2,1,7,1,1,21,1,2,4,5,5,0,1,3,5,2,1,1,0,1,0,0,1,6,1,4,0,0,2,0,2,11,0,4,2,4,0,1,0,0,1,1,1,31,6,3,8,3,2,3,10,1,2,5,5,3,1,0,1,18,3,4,4,5,5,1,3,2,0,1,4,1,2,4,0,1,6,2,18,2,1,0,6,1,2,1,0,0,6,6,1,1,5,1,0,136,1,8,0,6,1,1,46,1,1,1,4,15,3,9,4,0,4,6,0,1,3,1,3,1,0,2,1,0,0,3,0,5,16,2,5,4,2,4,5,0,3,2,0,0,0,2,2,5,3,0,7,0,2,0,4,10,4,1,2,6,50,1,5,0,8,17,2,13,1,1,1,3,0,1,213,7,3,1,2,4,2,2,6,0,0,4,2,0,5,2,1,174,3
"ENSG00000081842.18",3,0,0,0,0,1,3,1,0,11,0,1,1,12,198,1,1,0,0,235,4,0,1,2,10,43,1,2,2,2,1,2,0,3,25,0,1,1,0,0,0,0,69,0,4,3,0,4,5,0,0,28,3,0,0,0,0,1,0,0,0,111,1,1,0,140,0,2,0,0,40,5,8,0,0,0,0,0,1,5,0,1,0,1,0,1,0,0,2,4,2,154,9,0,0,0,1,2,13,2,0,0,0,0,0,2,0,4,76,62,0,1,3,2,0,1,9,1,1,3,0,1,0,0,2,0,1,1,0,217,11,0,13,2,0,4,0,0,0,10,0,0,11,0,1,2,0,0,0,7,0,0,0,0,4,1,2,1,2,5,0,0,1,4,0,3,13,0,4,0,31,1,1,1,0,19,0,1,5,1,0,0,3,1,1,0,3,0,6,1,0,23,0,3,2,0,0,0,0,1,0,1,0,8,1,26,0,2,0,0,1,0,5,150,7,0,0,0,68,0,0,1,0,0,0,4,0,1,0,0,0,0,1,0,0,7,2,1,0,0,5,2,0,1,7,0,0,1,4,0,0,0,0,1,1,0,4,0,2,0,5,0,3,4,1,0,0,1,5,1,3,0,0,0,1,1,21,9,0,1,11,0,0,1,0,1,1,1,0,0,3,0,0,8,0,0,3,0,1,70,0,0,615,0,2,1,0,2,0,0,3,1,1,1,95,150,1,0,5,6,187,1,0,0,1,1,7,0,42,1,6,0,2,0,2,1,0,1,0,0,1,1,0,1,116,24,7,0,18,1,1,2,1,1,0,1,4,0,0,0,0,1,0,0,1,1,1,0,1,0,1,6,50,0,80,0,0,3,1,84,0,0,1,2,1,1,0,1,12,0,14,0,3,2,1,0,49,125,2,0,2,0,1,0,0,47,2,0,0,1,2,0,1,0,0,104,1,3,4,1,0,0,2,1
"ENSG00000082196.21",324,31,48,91,56,87,72,72,106,121,453,1479,1819,218,78,49,141,260,2029,77,57,57,86,34,104,103,101,96,27,191,93,66,100,99,103,39,258,66,1272,611,12,86,143,21453,121,60,43,81,32,427,91,42,56,2708,546,148,1208,135,126,48,40907,46,949,31,83,136,69,18431,154,53,252,266,42,16,44,108,133,358,349,57,859,157,126,80,156,90,201,21072,44,151,123,846,34,42,31531,22,4300,61,460,13,105,148,57,1706,188,51,185,49,154,65,66,74,42,93,118,160,163,176,129,21255,1398,451,891,591,244,42,13,76,57,330,74,78,86,97,55,45,1405,96,105,44,23,209,262,127,81,86,209,230,11,63,50,68,56,64,72,1282,294,66,3502,129,128,213,117,208,83,33,172,215,46,155,87,202,910,156,144,404,187,100,158,1842,39,33,655,61,2227,123,55,96,258,66,141,46,116,221,532,105,64,212,18,51,65,96,161,122,25,238,930,185,114,70,86,88,166,203,192,50,2949,1013,121,685,90,44,103,80,75,38,7684,171,84,989,71,114,49,3939,3124,1709,42,2518,50,67,24,244,7038,77,104,278,291,81,1568,3083,37,84,35,83,37,55,39,45,23388,192,119,50,99,114,36,200,213,56,6295,63,95,38,100,18,186,82,56,21,5933,44,86,829,60,58,460,40,31,66,129,75,109,136,95,450,2961,164,309,2956,275,129,48,62,140,51,182,76,87,211,148,365,2673,103,966,87,531,174,830,78,55,176,56,206,40,219,94,93,63,3974,989,39,38784,47,180,68,4132,71,3258,38,592,52,58,1190,255,96,165,44,154,44,30,23,48,156,135,200,459,80,135,236,52,476,48,59,1343,343,103,102,127,53,822,66,113,1347,24,10177,301,51,141,117,77,41,101,42,218,42,99,182,147,84,58,21,179,5079,7,127,113,84,455,403,1227,66,77,92,109,647,4824,20,49,122,43,35,100,30,105,66,142,43,43,111,250,87,97,87,457,63
"ENSG00000082684.16",686,12,192,126,614,105,13,114,36,379,135,424,422,5039,161,67,99,168,29,163,124,36,483,226,91,106,81,183,131,170,1558,721,204,235,170,146,239,27,201,265,23,449,389,175,45,48,160,353,30,133,89,200,46,53,65,173,61,262,233,114,158,137,15,71,20,328,122,107,259,125,1394,388,220,14,178,27,616,186,65,119,910,88,47,158,238,265,108,32,1133,70,367,215,85,129,160,19,159,690,431,414,155,30,198,132,194,461,209,36,282,413,508,76,801,261,401,95,1183,93,51,305,24,69,42,97,134,16,32,57,232,673,76,76,682,257,277,56,159,20,200,124,29,1628,155,91,393,330,76,228,403,113,23,34,360,67,107,62,8,400,206,293,245,111,199,287,508,218,163,396,190,429,39,109,276,345,91,72,297,257,42,62,16,1372,249,137,160,81,371,292,121,23,23,160,124,179,150,86,32,84,306,937,47,94,608,218,16,66,41,387,83,47,248,559,154,210,738,232,99,88,486,501,14,213,153,177,113,31,340,3089,112,359,89,109,375,149,67,193,17,161,85,166,460,246,63,96,369,170,43,108,274,95,55,64,53,102,24,134,74,383,136,503,280,208,153,1049,31,1000,276,50,188,38,213,16,89,33,119,224,108,29,60,103,147,107,121,18,143,299,16,319,70,483,140,90,251,174,188,86,197,130,409,747,149,284,457,51,28,109,87,148,154,38,78,3075,68,277,324,55,157,408,338,288,415,177,27,518,427,112,26,117,54,35,224,63,265,110,199,85,133,1225,80,76,43,150,428,260,75,251,168,207,60,14,21,994,149,264,82,18,202,1063,295,98,166,134,282,432,117,88,54,307,111,135,7,273,32,40,50,75,143,30,200,167,28,173,67,55,17,145,292,152,48,111,238,116,27,404,323,180,86,202,375,44,67,55,244,17,74,51,152,171,54,548,185,82,107,63,295,126,75,653,172,115,36,68,241,52
"ENSG00000085831.15",6608,15,2091,362,310,176,136,28,271,2103,11,8,15,2058,6939,61,1018,213,375,113,216,58,1239,263,56,32,143,65,55,250,142,1968,830,458,170,2210,1153,188,9,16,10,6033,13,62,38,112,1275,242,187,25,8,867,34,102,1163,534,74,38,83,60,40,399,51,114,115,58,36,28,263,162,1675,745,65,33,999,17,2692,27,108,125,610,151,2384,1026,341,315,137,1326,521,96,562,1196,54,923,592,15,93,14,321,785,299,13,6050,58,385,219,1129,11,2205,82,418,20,955,281,41,277,722,16,640,1810,176,155,112,30,194,64,56,19,177,2660,100,33,1331,334,1178,36,14,34,489,145,38,694,895,53,133,2220,271,2159,271,4777,164,23,82,79,83,553,105,439,171,830,1191,649,5355,463,599,288,1391,2800,56,3584,59,107,360,308,264,37,691,409,2085,44,18,2330,180,164,327,182,230,206,1206,56,15,25,265,255,361,213,33,115,182,659,188,214,731,1611,18,1403,151,720,137,94,281,1018,5687,62,226,3290,10,90,274,1957,15,11,117,134,32,42,55,539,485,152,180,26,807,114,172,804,13,50,156,157,1792,905,61,198,639,90,87,60,794,31,28,53,14,232,13,19,34,1398,65,307,210,269,6859,67,62,909,538,72,124,43,515,15,812,27,354,9,317,49,55,1399,121,721,27,50,27,83,95,509,157,1443,83,407,233,330,52,1720,1444,29,1666,3135,685,171,453,49,282,202,38,56,171,78,44,89,77,2208,500,8867,601,132,519,72,193,5003,19,33,2051,54,66,703,136,31,503,80,484,23,372,135,23,4348,8,601,19,685,58,955,636,95,7,836,506,9,39,1133,31,739,85,32,286,2137,610,343,1114,153,81,2135,941,15,1154,521,39,192,50,128,203,80,1373,201,997,102,34,711,817,134,376,242,206,850,148,531,419,415,2686,35,32,361,121,13,261,92,266,45,80,13,754,17,9175,2458,1012,1680,12,475,624,21,195,179,1073,43,432,21,335,210,29,320,365,135
"ENSG00000085840.13",61,2,27,40,173,128,174,54,32,416,30,438,342,1095,250,42,25,200,243,41,86,12,75,88,84,69,46,321,33,418,230,551,240,52,83,240,166,35,320,192,26,267,160,111,19,108,85,164,5,39,33,475,111,258,47,197,21,184,268,640,91,216,78,479,28,78,68,113,313,371,364,77,35,2,27,9,271,58,414,441,228,167,913,153,373,108,19,72,127,21,170,129,40,373,53,10,20,367,101,676,73,20,386,49,103,310,188,14,2121,91,56,27,77,358,128,32,633,102,609,1076,78,193,28,144,132,3,13,204,140,490,51,7,385,41,276,10,28,5,506,14,10,1108,210,59,89,581,186,108,131,219,10,8,135,145,35,220,27,291,167,243,69,66,353,72,154,300,333,546,193,1873,54,66,208,1166,35,69,142,160,258,114,3,105,59,362,105,57,174,15,26,234,40,989,614,632,84,198,37,72,102,363,47,640,183,1706,7,296,37,304,232,405,79,192,651,118,217,538,29,26,105,328,3,163,161,54,27,9,109,1168,21,151,279,204,69,239,19,422,20,68,311,114,63,85,52,58,242,401,111,24,48,83,9,33,6,154,33,166,89,47,43,800,516,129,749,530,21,61,224,6,702,23,245,6,586,17,41,146,246,24,55,460,372,274,108,15,19,122,6,78,135,125,60,52,63,63,129,513,1271,60,32,156,419,30,898,15,204,24,16,87,121,466,116,208,79,205,111,89,1013,234,113,64,93,496,19,347,126,129,22,81,70,9,522,125,54,48,426,14,221,2491,60,114,3,119,32,113,661,144,5,168,236,12,59,598,49,666,32,33,195,461,183,57,150,30,60,262,404,21,55,380,34,159,429,118,5,93,643,26,329,8,51,259,78,241,85,45,78,127,176,81,201,660,218,160,49,136,37,76,157,223,77,6,77,47,42,36,354,32,353,438,159,73,147,181,38,24,90,60,92,995,162,52,5,19,357,12
"ENSG00000085999.13",61,0,17,15,93,27,34,17,9,233,21,62,123,846,96,9,9,91,97,13,24,4,42,32,71,14,27,226,6,237,139,54,84,30,9,117,46,21,105,88,6,151,88,4,10,9,5,54,3,18,10,232,36,138,15,59,5,59,201,110,9,211,8,212,7,36,48,13,234,273,215,21,11,2,17,3,212,22,219,163,132,126,273,18,171,46,2,22,23,0,24,59,21,14,15,2,10,173,57,242,29,7,114,22,51,30,101,2,987,33,22,10,17,98,24,17,301,59,255,224,23,101,10,61,45,1,3,72,59,186,11,2,203,13,108,7,20,2,484,6,1,326,113,6,30,418,97,31,65,140,4,4,81,115,9,79,17,92,38,107,82,22,194,45,44,157,119,150,35,602,5,41,81,724,8,27,33,38,73,59,6,45,30,205,60,27,93,4,23,421,11,861,260,223,43,119,9,48,10,86,29,340,68,565,2,90,12,201,63,218,13,85,256,43,63,318,4,6,51,104,3,52,18,9,10,2,52,389,4,53,88,115,34,73,7,132,7,12,75,67,7,39,17,9,69,376,144,10,28,26,3,29,4,67,6,66,19,16,23,776,306,72,421,193,2,21,76,2,469,6,63,2,234,5,12,53,55,6,16,162,198,108,32,8,27,71,5,13,19,46,19,35,12,19,21,262,781,13,21,27,244,7,808,9,39,7,6,35,23,250,22,86,36,14,60,99,237,82,4,1,54,312,7,233,44,79,6,24,13,4,96,31,13,32,274,3,94,381,26,8,3,31,17,62,325,93,2,16,79,1,42,219,21,262,6,3,40,262,105,14,73,8,26,73,343,13,13,152,7,27,110,56,2,30,333,8,89,6,19,174,13,105,20,4,28,22,68,32,70,90,102,20,16,46,6,20,64,161,30,5,32,36,20,6,256,24,58,130,47,7,55,45,15,3,28,25,47,479,86,8,0,6,154,7
"ENSG00000086717.18",33,0,0,1,17,4,0,0,4,24,2,8,5,19,17,0,0,9,11,28,3,2,17,4,6,5,16,2,0,15,6,28,1,2,0,27,7,0,0,3,0,19,2,40,1,0,1,4,0,1,7,8,3,1,48,1,5,8,0,0,49,6,38,3,0,10,0,16,6,3,6,4,0,1,3,1,58,1,2,6,8,6,87,2,12,14,1,26,6,0,1,1,3,1,15,0,14,3,9,8,1,3,33,6,4,7,3,1,20,19,3,2,10,6,16,1,13,17,27,4,13,2,2,6,2,2,2,0,20,23,3,3,12,0,2,0,6,0,2,0,1,18,19,1,12,4,4,26,16,30,5,2,0,17,1,1,2,13,3,8,0,3,1,9,7,4,0,7,0,8,3,2,6,7,0,1,1,2,6,12,0,14,3,5,4,0,6,0,1,1,10,56,1,6,0,1,1,3,0,10,2,4,20,3,2,0,3,6,4,0,7,6,3,2,1,26,6,0,0,5,4,1,8,0,2,2,63,2,1,3,16,2,6,22,3,18,2,19,2,2,1,7,22,17,31,12,0,45,12,24,1,5,1,1,2,8,0,2,11,5,5,2,6,7,3,4,6,3,3,0,5,1,6,0,5,12,0,0,23,6,0,4,2,0,15,4,1,0,4,4,3,0,2,10,46,2,16,14,1,27,3,1,6,1,2,2,3,4,3,7,3,10,2,2,2,24,1,28,1,0,18,84,3,24,12,18,2,51,0,1,26,3,1,10,10,1,17,4,7,3,1,6,1,5,0,0,3,3,1,2,1,9,5,10,12,0,9,25,9,23,1,4,9,20,136,8,2,6,1,1,0,7,0,33,10,0,4,1,4,0,1,1,2,0,1,1,4,2,20,3,19,35,0,62,12,14,39,3,10,1,0,4,3,22,9,1,24,3,0,1,13,4,2,9,12,12,8,82,15,4,2,2,23,0
"ENSG00000086991.13",187,6,134,84,100,24,7,79,12,191,28,79,29,217,27,11,14,65,10,35,37,2,113,81,15,37,13,84,53,110,53,138,62,45,46,1174,120,10,110,98,34,248,94,72,19,56,41,144,15,634,37,169,10,12,46,12,29,79,87,51,37,57,15,31,12,65,31,38,44,41,76,120,45,6,52,3,88,57,12,41,60,13,90,68,117,29,43,11,440,36,74,160,11,45,28,1,97,90,9,132,110,9,398,60,109,66,43,2,102,24,91,23,149,158,49,43,145,47,28,116,27,19,185,26,27,3,34,14,54,55,22,15,29,41,64,4,36,4,35,37,8,136,111,6,43,179,131,31,83,113,6,16,80,31,22,5,24,96,41,123,74,33,185,72,26,146,48,75,22,122,16,22,62,64,77,16,60,93,242,37,1,190,64,96,50,32,208,71,26,6,24,410,19,29,19,19,3,20,16,91,22,32,132,27,10,81,20,60,50,13,26,56,34,40,165,86,33,48,77,209,3,53,134,109,6,5,89,68,74,73,496,75,121,42,64,102,4,34,14,100,212,47,69,17,144,48,10,83,99,23,14,33,4,65,4,33,7,100,40,58,88,105,400,20,6,70,26,11,136,2,75,1,24,4,63,45,78,2,54,66,156,23,34,15,18,57,7,138,41,95,66,21,46,20,80,55,76,39,509,211,41,24,56,4,18,48,36,28,35,20,58,138,14,24,65,145,79,79,436,31,118,71,6,84,97,21,28,36,32,7,51,34,41,31,71,12,38,182,12,29,1,47,110,24,25,34,157,70,58,7,11,110,39,42,26,8,73,32,55,10,25,103,58,41,200,30,8,96,117,46,52,27,25,7,42,8,25,13,62,144,23,43,6,35,5,22,18,30,28,26,55,35,5,44,30,60,57,68,126,3,37,15,38,16,69,144,227,61,105,176,59,17,26,25,101,29,26,359,11,35,5,10,35,7
"ENSG00000087237.12",80,61,3793,115,135,114,774,139,107,168,419,328,881,888,81,1070,424,63,41,209,118,1893,98,147,469,395,150,46,116,72,42,55,29,191,41,997,605,224,227,145,254,79,214,264,1433,131,44,149,710,151,170,83,2773,503,451,46,904,169,137,86,233,91,74,877,806,139,162,806,207,138,157,172,150,352,419,1008,48,49,64,230,257,109,57,130,53,121,59,88,646,98,136,38,130,27,235,806,1378,338,52,138,265,635,194,169,94,239,360,1297,98,247,87,3004,73,99,116,109,156,97,61,949,35,74,94,253,240,1440,898,126,261,116,371,2108,72,135,56,1750,214,1833,58,68,153,198,33,3068,222,126,156,40,191,47,500,1750,48,90,759,82,210,323,194,41,145,149,152,75,72,113,572,109,71,114,17,61,262,92,69,148,448,53,123,255,1081,100,90,146,205,198,251,303,127,49,69,587,691,72,108,86,1387,120,324,71,43,93,188,419,712,103,148,33,486,101,453,268,260,84,444,81,147,83,170,163,385,110,570,83,216,879,486,140,87,101,133,109,127,288,214,169,411,190,68,114,169,51,1429,106,104,77,138,872,338,149,210,210,662,123,1458,240,902,197,166,100,236,216,63,121,5922,69,47,735,235,1232,181,1472,633,4561,38,440,91,708,1139,104,187,808,50,3863,231,362,780,830,276,268,601,497,466,95,384,29,46,185,485,95,277,404,131,3367,922,227,289,147,88,114,114,72,343,73,123,102,232,2012,213,84,163,63,787,117,274,52,668,321,658,629,172,1073,206,711,79,2032,94,94,279,77,1256,579,84,49,113,129,279,529,683,3698,1497,93,510,53,260,627,42,85,267,6,799,411,171,34,215,122,105,567,181,169,217,275,56,502,85,480,307,385,182,150,84,224,80,414,782,73,357,103,181,71,89,204,730,131,99,154,72,108,363,504,40,33,134,145,173,6982,98,1149,567,278,260,336,140,230,67,153,129,354,72,1245,1804,904,257,1828
"ENSG00000087250.9",3,0,52,1,0,0,3,0,1,3,236,0,1025,36,6,3,0,0,0,1,0,1,0,0,0,0,9,2,0,0,0,3,1,0,4,55,23,7,2,0,11,1,0,1,0,5,0,2,0,0,0,6,3,2,0,0,7,19,4,1,9,24,0,2,0,0,0,0,0,2,1,0,1,3,0,0,2,72,79,0,475,4,33,6,0,21,0,5,136,1,3,209,0,64,3,0,13,0,30,0,0,1,5,0,14,4,30,0,65,0,9,0,12,1,0,30,1,20,168,221,0,0,1,1,1,4,23,9,8,1,0,0,2,0,56,0,214,2,12,0,0,4,0,0,0,4,9,0,1,3,0,1,0,3,0,2,0,0,1,4,0,542,1,1,1,6,2,19,4,3,45,1,4,0,144,9,1,105,0,0,1,25,1,7,0,3,1,0,0,2,0,3,341,1,145,92,1,5,808,0,1,0,0,1,0,70,0,0,4,1,2,27,13,6,0,0,62,4,2,1,1,0,14,0,0,1,3,2,0,1,157,1,0,3,0,12,0,25,0,1,6,1,179,166,0,175,9,40,1,2,0,12,2,2,1,2,1,7,0,6,4,0,61,12,3,45,1,0,0,1,2,0,25,0,28,4,39,1,10,1,0,8,0,3,3,2,0,5,5,1,6,3,0,0,600,11,1,2,0,1,0,90,38,0,71,2,3,2,0,415,1,8,4,326,25,35,187,9,875,0,1,1,3,0,2,3,6,38,225,0,6,13,0,3,20,2,0,2,31,88,2,0,0,9,11,0,35,1,36,1,4,24,0,11,13,2,0,35,9,39,4,2,1,0,0,1,0,0,134,0,1,1,315,282,4,0,6,4,1,0,7,0,0,398,0,1,2,4,2,0,0,1,0,0,6,0,2200,5,5,2,1,2,1,4,2,0,1559,8,1,21,0,0,0,0,0,0,0,2,0,4,1,0,252,5
"ENSG00000087258.16",43,1422,77,1637,82,56,6,497,1711,60,29,101,65,402,63,1380,24,275,10,82,220,1440,475,401,886,448,3,619,2,96,10,40,270,1709,172,159,166,235,9,36,132,49,1339,1617,2088,34,2756,52,625,1577,35,49,1073,35,18,43,2506,1436,1150,13,825,753,0,1520,374,18,2048,733,82,25,194,759,34,970,619,2158,32,392,265,806,297,59,22,61,3144,135,295,16,353,327,963,41,131,17,337,817,953,1094,562,436,1708,609,13,2,135,67,1036,1067,1056,858,55,1373,1723,2188,154,479,57,206,21,110,211,417,1437,57,744,620,207,770,54,315,1473,3789,53,847,45,2289,3,2755,722,320,1677,95,102,1408,170,11,15,12,4,57,758,782,1584,833,3779,4,238,822,12,1236,14,11,1112,94,27,58,1358,67,1313,296,914,45,1217,7,100,318,35,14,1066,5,977,36,611,527,10,822,973,1233,156,349,96,354,31,1276,735,7,1381,186,393,18,7,531,71,252,3329,11,1293,43,63,119,406,50,74,5,1694,107,161,995,648,943,2311,736,11,105,958,1034,93,177,2,17,56,409,333,91,28,847,777,1062,1803,1129,183,1607,1012,212,58,67,4,62,35,2804,331,4,2022,24,708,26,1793,46,14,13,1676,362,37,309,1051,41,160,1006,27,939,95,2290,7,2920,758,102,6,1789,432,370,1374,28,926,678,51,79,984,40,16,42,1046,95,31,4,342,9,270,43,39,39,903,40,41,783,11,302,14,43,36,916,171,37,12,153,57,598,31,72,605,702,33,361,704,139,1958,320,363,7,40,1990,115,676,3472,131,32,2385,282,73,10,11,1586,1234,182,111,71,61,105,37,37,542,1990,84,1050,20,11,943,16,69,89,6,228,921,234,38,89,1079,29,246,209,49,7,96,9,32,238,696,19,650,47,1185,358,603,618,16,169,214,84,37,277,15,29,675,419,18,8,727,303,14,547,2074,1206,14,319,1,1359,75,34,43,303,194,529,207,2556,2088,839,12,87,120,294,674,1582,290,115,775
"ENSG00000087494.16",930,6,15,24,122,254,4,1,6,573,22,0,21,415,8,8,25,10,0,11,9,9,24,13,2,5,1,248,31,253,634,154,94,11,1,93,76,2,2,15,3,300,514,52,18,3,2,126,14,111,0,1434,7,13,19,1,6,58,0,4,7,68,3,21,1,7,3,11,33,8,1467,23,16,6,0,4,173,25,32,41,5,5,51,3,5,11,154,3,27,6,45,72,92,81,3,0,3,42,103,15,53,18,408,4,7,84,5,4,352,27,18,8,12,40,13,11,47,2,83,4,3,6,22,5,30,12,35,4,0,62,5,6,37,12,5,3,11,2,124,2,10,28,20186,6,49,55,1796,189,29,1000,12,19,1,80,1,1,2,349,4,32,7,2,11,17,19,81,30,534,15,246,2,90,0,5,16,2,14,9,171,3,3,130,8,1,1,2,46,3,15,0,16,465,2,5,49,5,36,9,2,16,1,2,835,5,1,9,43,8,12,0,25,259,41,12,98,437,2,1,95,11,1,7,0,12,11,3,9,20,4,3,1978,6,34,24,5,2,0,3,0,10,63,68,9,4,101,30,1,2,3,4,16,135,7,103,1,5,2,244,1,11,33,0,15,1885,17,48,35,18,11,6,102,1,157,0,19,318,77,0,0,18,7,3,21,13,20,26,8,10,26,26,127,4,7,6,9,286,206,3,3,944,15,11,205,2,1,11,4,1,6,2,4,249,3,11,11,276,14,254,6,5,7,846,2,32,28,2,535,8,19,4,3,9,24,5,5,9,3,24,9,3,2,10,30,109,27,3,7,7,12,3,3,113,9,42,5,17,26,3033,295,188,41,11,25,252,85,9,14,46,4,2,3,7,203,3,6,4,5,180,5,2,1,31,2,5,4,9,23,19,1,6,10,9,0,5,5,99,17,14,109,6,2,6,11,2,67,9,86,2,1,9,50,1,0,2,56,2,0,392,5,21,6,6,25,33
"ENSG00000087495.17",12,5,14,18,7,5,0,1,5,12,3,1,9,9,1,51,6,0,0,15,5,25,1,8,1,4,0,4,3,0,3,1,1,9,4,1,3,1,1,3,0,6,0,1,43,0,6,2,27,10,6,3,34,5,0,1,4,5,2,1,2,2,0,15,9,0,7,2,2,3,24,9,3,13,2,32,3,3,0,7,2,0,7,3,3,0,6,0,12,1,2,2,0,0,0,6,0,1,1,5,10,6,7,1,4,4,2,33,27,0,3,52,9,4,3,4,21,1,0,1,0,0,2,4,2,9,7,2,8,7,6,30,4,6,4,20,3,13,0,1,13,9,10,27,18,3,1,1,1,1,28,29,1,2,12,1,0,14,1,2,6,0,1,8,1,21,0,9,3,0,0,1,0,2,1,2,5,1,126,0,7,1,1,0,0,6,12,6,3,0,1,2,1,6,0,1,26,0,2,7,0,4,3,3,27,0,6,1,11,1,14,10,3,0,41,4,2,0,7,6,15,0,0,3,15,39,2,0,3,1,8,3,7,2,4,0,16,0,1,3,1,3,2,3,9,0,2,0,4,1,5,1,9,0,23,5,42,1,0,1,21,4,0,0,42,2,2,28,0,39,4,10,2,17,1,0,1,19,1,0,7,2,0,17,1,5,15,7,0,5,33,2,4,1,6,22,6,3,0,4,16,0,0,65,0,7,1,2,1,2,1,3,4,5,4,9,3,5,9,3,1,103,10,11,5,2,44,0,0,22,1,5,17,1,2,55,4,1,1,2,16,0,2,1,1,3,1,0,0,44,31,5,8,0,1,67,1,6,0,1,3,2,4,3,6,2,0,2,1,3,0,1,0,0,0,8,9,37,6,5,2,3,0,1,42,0,8,7,0,0,4,0,14,4,5,3,1,2,119,16,1,1,4,0,3,1321,1,17,6,27,17,5,2,1,3,1,0,1,0,51,12,0,0,16
"ENSG00000087586.18",167,30,77,238,1021,1280,635,325,230,738,85,1207,2507,4219,1550,206,230,946,1267,321,902,64,247,529,370,1642,424,1388,762,499,488,733,660,662,425,1303,853,197,715,528,271,1101,2223,550,97,376,415,989,70,133,615,1379,450,1302,799,468,172,1784,1184,1851,332,969,459,824,1273,374,317,425,2304,1728,837,565,1077,68,265,51,1083,292,2219,823,1157,499,1224,597,666,1562,458,466,692,82,613,466,210,515,987,48,199,3834,1396,961,472,103,740,153,497,2998,1262,115,4667,686,394,113,449,718,528,1551,2506,727,1843,2823,266,372,167,591,728,50,60,1954,3214,820,246,53,3575,265,2529,93,332,71,2586,290,53,2433,811,201,247,3304,668,660,1444,1628,78,63,1193,695,209,1043,454,711,688,619,466,405,1321,395,1019,1754,1965,1308,1615,3064,361,328,649,1997,480,254,894,1885,579,439,129,3894,498,1008,519,345,722,108,400,1340,397,7423,2161,1427,274,3058,117,404,1482,1195,283,1324,926,2726,57,1331,74,2263,561,762,225,897,1612,957,781,498,297,246,403,1015,78,589,530,419,59,23,849,1851,185,700,1580,2407,680,483,103,1044,80,792,610,1613,639,344,147,5611,949,948,538,317,200,378,84,331,100,1052,122,550,313,287,556,1694,1308,574,4999,2397,102,378,432,57,2155,35,647,45,1200,232,1198,800,1055,115,263,857,1152,1967,281,62,952,1497,26,629,358,940,212,1021,326,304,683,2179,2228,642,1212,385,1351,199,2833,67,756,152,137,533,624,1739,200,1772,1202,959,558,1150,2008,602,613,509,1073,597,128,2290,2147,1002,105,453,238,87,1271,1754,274,3751,928,287,436,2651,161,603,87,583,534,1237,1681,948,271,1028,1115,150,263,4028,315,1438,222,127,2226,776,1361,172,1583,184,446,804,1073,160,635,1490,535,605,2731,465,529,504,2119,111,1249,33,237,923,1257,1714,401,708,224,260,750,386,580,6065,1687,349,109,903,638,1204,862,1909,193,34,250,1037,751,91,1238,162,2737,1309,388,215,497,916,91,93,423,1978,449,2403,840,262,71,139,2254,172
"ENSG00000088325.16",417,93,253,290,2530,980,881,211,163,2153,226,2342,4344,11796,2841,221,271,1494,1892,438,616,486,515,720,678,670,832,3816,318,1376,2164,1795,1572,417,141,965,814,454,1919,1069,148,1453,3307,121,231,432,243,1591,244,236,689,3311,518,2742,699,1033,129,2997,4807,2216,180,3468,366,1609,292,2004,533,208,6748,2464,2585,381,326,124,529,300,3977,524,4773,1533,2145,925,1880,465,1371,681,386,591,407,59,1420,987,411,1576,207,167,168,3738,1817,3265,635,329,3300,308,786,2006,982,310,14250,1309,856,258,341,2064,1082,515,4718,741,3572,4484,273,865,97,1168,915,154,157,1337,1154,2435,537,250,4837,246,1766,145,436,178,4045,502,73,2935,1488,378,516,6383,1392,1520,2425,3085,409,150,2276,1211,445,1889,247,1782,1179,992,994,469,2120,1084,2384,3336,2368,4138,2708,9357,551,818,1604,7007,359,673,639,1269,2144,925,245,1043,815,2061,530,706,1580,255,632,4797,205,12742,2419,3917,635,2560,175,878,436,3443,552,5622,2196,5754,111,1608,152,4903,989,1973,256,2192,2897,1039,1535,1822,206,129,533,2443,266,1610,861,517,153,148,1003,5764,260,981,3050,898,844,1444,173,1857,166,491,1430,469,220,482,108,383,1651,2797,670,298,524,663,144,656,385,3761,136,1222,546,449,426,4870,3794,1232,7758,5954,407,698,1081,156,3702,181,1556,355,2742,155,375,1790,2300,59,359,2130,2932,3235,498,67,302,3002,118,372,943,727,376,530,339,176,968,3350,7966,538,543,289,3064,99,6901,119,1305,159,107,509,776,3423,590,3826,1412,812,965,958,4039,1748,218,591,2612,1425,200,3947,1407,1910,334,388,436,212,3254,953,561,989,3060,432,1208,6438,372,307,124,674,335,2360,2983,1810,52,609,1911,87,498,4138,347,3246,279,229,1708,2780,3346,348,1491,243,566,1783,4851,171,957,4445,195,782,1528,748,622,879,3450,346,2147,63,448,2475,185,1562,1081,167,522,415,2440,691,1209,2016,3116,831,299,1651,621,967,1092,4644,406,262,434,985,249,135,4148,205,1668,3464,517,165,592,803,273,170,1361,975,585,8808,1803,546,285,258,7480,300
"ENSG00000088340.17",408,3,41,23,136,211,1209,0,24,826,77,15,488,598,1810,59,25,172,1430,37,18,10,23,13,17,22,10,885,4,502,1883,3,58,36,13,28,27,12,28,138,74,152,44,0,62,8,19,3,14,4,10,395,34,380,16,103,13,192,4,3,13,110,10,45,13,31,86,9,21,109,321,49,5,4,5,17,269,38,125,639,89,927,404,9,93,4,13,5,132,35,129,270,50,764,27,5,33,10,250,43,37,6,27,2,57,12,71,15,533,6,9,83,41,57,18,28,37,12,79,222,1,40,9,33,25,11,33,454,6,230,45,8,665,24,18,13,34,1,71,5,5,24,649,19,115,448,642,2177,346,21,12,36,4,88,15,476,9,1399,15,108,184,198,180,125,259,597,214,410,7,352,43,1131,10,22,18,45,49,229,2230,75,1,3,54,232,22,23,453,9,84,26,9,282,92,73,56,12,28,190,2,129,6,36,1865,44,2,73,31,16,60,24,14,74,118,193,173,60,34,4,325,48,3,9,12,13,10,8,18,159,10,72,104,138,172,226,9,220,12,11,9,159,1,28,17,11,198,72,1062,3,15,77,9,27,9,720,21,25,2,12,179,237,33,21,88,1618,11,135,130,16,67,19,56,14,896,1,150,14,874,4,18,365,101,210,26,13,88,27,8,10,534,25,177,27,4,76,17,741,437,5,57,27,90,112,278,32,71,25,3,27,70,40,21,68,17,32,75,185,58,246,40,20,14,465,18,55,35,41,36,3,20,7,33,213,12,24,124,5,16,16,33,1,0,6,13,1273,244,5,0,34,285,11,41,572,40,181,37,13,48,67,200,54,97,23,27,887,28,6,106,44,5,19,4,125,128,181,573,6,37,43,64,74,13,38,259,9,60,122,251,62,6,20,704,4,7,85,37,9,14,159,179,8,7,73,26,11,76,26,1120,177,11,14,68,46,11,12,9,1,29,56,159,9,8,7,264,27
"ENSG00000088538.13",12,3,129,13,31,9,5,8,10,80,1,35,46,410,22,11,12,14,5,7,60,1,5,7,18,3,19,33,1,8,12,76,13,13,18,73,12,10,408,249,1,54,13,1,16,10,6,1,7,7,8,22,11,76,3,26,6,9,4,3,7,67,2,10,4,9,8,7,15,20,27,14,2,1,4,5,25,7,14,20,469,46,15,16,44,7,3,6,19,1,38,17,6,119,3,2,13,37,23,9,9,3,5,6,7,7,15,8,181,14,8,22,7,30,13,8,19,13,14,77,4,20,11,13,5,3,5,14,12,19,15,5,32,5,4,0,11,3,14,2,3,16,18,2,50,12,35,18,16,11,3,0,24,5,10,5,11,34,1328,25,15,8,70,11,2,26,34,28,6,10,3,4,5,115,12,7,13,17,138,87,1,10,3,22,10,5,12,10,11,120,8,78,10,28,11,45,6,16,3,9,13,91,46,314,1,53,16,8,15,12,12,27,15,26,22,11,7,5,53,9,0,2,7,7,3,5,8,188,2,25,9,15,63,17,4,15,2,2,7,2,6,37,8,2,36,130,11,10,31,11,9,10,3,24,10,11,6,3,8,536,36,6,20,30,4,14,13,6,68,2,20,3,26,0,14,14,28,2,7,9,79,9,20,1,10,19,1,12,5,5,6,7,6,18,67,42,11,16,32,45,6,12,15,5,16,5,3,10,74,88,16,29,5,20,54,13,136,47,6,26,4,70,5,33,28,45,5,9,8,4,29,18,12,22,8,4,5,9,1174,9,4,12,7,72,42,6,2,10,12,0,4,57,10,51,3,3,15,84,9,17,15,4,12,26,27,10,5,7,9,6,5,24,6,128,182,10,17,8,10,10,5,32,11,2,6,4,24,23,9,4,87,5,0,22,8,8,171,27,74,1,22,11,16,6,34,66,3,18,3,4,18,3,13,3,10,0,12,213,27,11,0,6,15,2
"ENSG00000088836.14",73,3,275,12,152,16,20,15,8,321,180,21,645,375,156,24,178,74,4,14,549,6,94,53,9,7,26,6,10,15,16,136,37,9,77,96,19,9,8,7,7,1004,24,12,21,6,10,30,14,13,6,184,8,9,21,5,24,28,15,17,9,96,1,9,12,123,15,3,16,18,1052,15,3,2,30,6,219,16,345,124,52,6,545,13,61,61,9,6,42,1,1125,44,5,120,17,7,19,22,90,120,13,5,61,5,24,46,82,9,245,30,55,34,29,18,61,9,202,17,82,36,0,2,10,7,7,1,22,13,22,2937,15,15,11,11,49,4,12,2,62,4,13,284,384,18,23,582,25,283,54,159,12,14,30,151,9,14,13,61,10,42,31,91,10,42,213,25,77,573,31,24,117,4,9,58,66,14,30,7,563,8,4,1512,3,90,7,10,38,16,23,5,6,194,101,133,12,16,15,4,6,1601,1,19,74,13,14,17,9,10,15,8,53,322,45,17,31,446,19,0,16,10,4,7,18,11,21,0,30,16,7,16,535,14,85,30,8,21,5,6,10,6,140,23,5,104,368,15,6,12,14,9,13,8,3,12,7,9,16,573,42,78,57,8,513,23,6,71,201,13,4,5,20,10,7,15,1,14,66,15,13,228,12,19,10,9,1,51,7,50,8,12,47,11,43,6,86,640,90,5,25,2582,58,142,1778,12,9,27,3,25,528,3,13,94,7,82,99,855,23,244,21,12,296,184,6,39,25,8,32,7,12,8,13,22,19,21,10,18,9,47,5,119,9,8,19,1983,10,3,8,66,99,11,16,537,7,491,9,11,84,1287,57,306,12,19,14,896,27,13,72,169,13,16,28,10,303,39,64,8,3,28,23,20,2,18,18,20,22,6,49,14,5,6,9,5,6,48,11,18,15,723,48,11,7,7,55,10,16,55,70,31,4,20,26,6,24,17,9,26,1,575,52,44,3,7,938,6
"ENSG00000088882.8",360,4,92,311,551,84,12,9,21,755,95,28,69,312,177,27,69,17,2,130,272,4,263,383,29,11,35,84,16,68,116,138,156,65,39,60,135,55,36,34,22,437,117,7,127,34,85,443,20,75,25,149,34,47,15,13,54,31,101,24,20,86,4,102,13,36,34,4,132,74,321,343,202,3,66,5,193,209,24,56,60,20,79,246,28,5,86,7,613,51,514,58,10,180,7,4,13,237,51,339,301,32,296,6,592,316,66,12,2047,23,196,90,1712,528,93,57,140,5,28,70,11,45,23,60,160,7,187,69,104,135,195,12,54,389,156,2,26,9,15,8,28,392,565,44,361,220,61,53,401,150,22,63,33,46,387,8,2,589,102,58,308,59,24,227,153,191,309,151,31,114,10,50,88,81,169,36,303,53,312,10,4,195,46,104,9,320,132,74,34,4,29,824,132,187,67,10,19,60,3,69,16,11,998,58,9,18,77,95,298,14,183,458,46,56,255,212,22,8,607,331,0,106,84,36,50,33,42,42,155,123,23,62,186,81,25,119,7,51,51,169,278,243,7,18,109,66,11,105,63,14,109,91,56,176,5,54,69,789,25,54,148,142,155,23,16,179,77,16,83,9,281,12,45,10,906,13,420,11,54,224,49,107,23,23,4,261,6,405,83,256,291,158,335,31,250,151,105,25,60,224,512,63,663,39,16,425,18,76,75,38,46,337,5,53,96,380,139,681,3121,130,202,62,4,63,347,105,162,17,40,14,21,101,296,79,14,30,23,236,13,15,8,94,197,181,34,123,12,124,49,18,14,265,47,131,20,12,9,68,157,32,11,584,102,655,811,17,102,985,21,153,22,68,6,43,11,38,4,8,40,98,9,44,33,504,15,31,490,128,6,20,113,8,8,124,31,90,24,1287,269,9,41,47,339,1,206,385,55,50,75,2959,434,101,105,97,116,52,26,76,56,167,10,16,171,49
"ENSG00000088992.18",13793,167,229,655,1569,795,113,89,126,20261,1274,72,377,1194,3448,361,117,288,9,2783,210,110,2254,535,54,282,40,35,1635,10034,5216,12894,493,64,733,12046,122,74,79,94,62,5515,606,375,171,209,862,2685,234,204,183,3030,319,466,50,83,237,77,129,85,387,31,17,92,10,1218,69,98,942,200,5165,667,504,91,708,61,545,2524,969,147,262,29,3892,1557,268,56,124,22,13554,1041,4338,2024,59,9422,66,26,200,130,579,582,2307,22,16399,49,538,554,101,89,515,167,504,272,5921,81,73,25,2821,37,65,860,118,16,218,2413,521,59,233,45,558,1687,177,63,1090,1323,557,100,73,47,89,25,158,6275,7590,238,3585,657,3133,1856,1089,18452,103,233,104,151,35,1039,55,1400,76,86,100,1070,53,368,2589,172,387,4666,42,120,123,36,270,60,1394,35,690,10024,4962,107,33,433,435,48,87,2692,75,42,76,13,1302,227,155,185,15,198,128,154,8652,2825,19,42,935,74,98,56,222,25,1196,24,440,486,717,22,204,2833,46,153,314,255,44,133,303,596,193,99,36,213,290,456,6653,180,212,206,67,1208,100,1922,42,272,1389,576,221,719,3872,913,12,873,92,24,203,1600,88,4712,107,860,128,1555,633,354,76,52,2305,1481,83,1667,2036,85,60,303,949,112,810,145,215,90,12123,106,926,112,67,1461,50,284,61,922,58,1794,1451,1049,954,1173,4871,87,326,6221,2921,638,109,8676,503,148,1512,213,539,1349,70,79,44,48,972,2618,51,967,373,599,278,1598,33885,883,3107,11219,111,593,703,315,455,74,211,109,78,685,2949,79,31,214,153,1331,25,22253,106,53,107,2502,44,49,94,3923,232,98,99,3915,68,645,40,77,4240,12528,2140,718,52,103,57,4445,3621,26,1162,833,99,503,804,210,1833,461,44,99,22,648,71,122,47,108,18,2776,789,614,3126,296,20,386,352,38,146,2158,655,1286,126,4513,911,88,114,25,2117,27,78,166,1686,203,129,10875,163,158,38,85,127,1536,17,483,103,325,71,25,2188,169
"ENSG00000089101.19",15,0,1,0,3,3,0,0,4,7,1,0,3,66,18,1,0,5,0,0,1,1,4,1,1,37,4,3,1,18,0,3,5,0,1,0,63,1,0,1,1,3,2,2,1,2,0,11,0,2,1,15,4,25,1,2,2,2,0,1,1,5,0,7,0,2,1,1,1,0,5,1,1,0,1,0,2,1,7,26,48,3,3,11,7,3,3,5,1,0,6,3,0,8,1,0,0,633,1,7,1,2,8,0,0,2,0,0,46,0,1,2,0,6,2,0,4,5,0,31,41,7,10,4,53,1,2,9,3,12,0,1,22,0,5,0,1,1,1,0,0,5,5,0,0,20,2,0,1,5,2,0,0,4,4,0,1,4,2,3,2,0,4,0,4,11,12,1,1,1,0,0,26,12,1,1,1,5,8,0,1,3,0,2,1,1,5,2,0,2,2,24,7,11,5,1,0,5,0,1,0,1,4,73,1,0,153,4,4,0,1,1,1,2,10,6,1,2,0,0,0,1,0,1,0,0,0,13,5,0,1,2,10,1,0,0,0,0,3,0,0,2,3,0,13,3,1,2,7,69,2,2,1,0,0,3,4,0,3,2,29,1,5,7,8,0,2,2,11,4,11,0,8,1,9,3,3,0,0,2,0,6,1,0,3,6,0,1,6,1,2,1,1,2,1,21,3,1,1,2,4,7,36,0,7,0,0,0,4,2,2,3,1,11,15,6,1,1,0,1,1,8,0,9,25,1,2,1,27,0,245,7,13,8,1,1,1,6,0,0,0,1,1,1,4,4,0,6,7,0,1,1,3,4,0,0,3,6,3,0,8,2,10,0,9,0,0,8,3,0,1,2,4,1,20,1,10,4,1,2,0,6,13,1,1,5,0,1,1,1,2,0,0,7,1,1,6,6,2,0,0,1,2,0,2,1066,1,3,1,0,2,0,0,1,1,1,2,9,7,2,0,2,0,1
"ENSG00000089199.10",511,0,13,0,5,0,0,1,0,27,4483,6,50,7,158,6,4,1,1,5,0,1,3,1,1,0,0,3,0,3,24,5,4,0,0,2,2,0,1251,1528,0,5,0,0,0,0,2,1,1,0,2,4,2,4,1,5,51,0,1,0,0,4,0,8,0,32,5,0,6,3,3,2,2,0,1,4,131,4,6424,11,9,0,22,0,0,0,0,0,0,0,1,2,0,6,0,1,73,3,517,4,7,1,4,0,3,3,0,2,438,1,0,0,4,6,4,0,46,0,35,5,0,0,7,3,3,2,1,0,1,6,0,6,1,0,2,0,72,2,1,1,0,18,46,2,5,2,2,0,3,11,4,7,1,21,1,1,0,6,1,0,2,0,1,5,7,2,2,3,1,5,0,1,0,0,2,5,3,4,4,2,0,23,1,0,1,0,2,0,0,1,0,3,2,0,0,1699,8,0,1,2,0,3,6,0,0,9,335,1,6,1,3,27,0,1,7,0,0,1,6,0,1,1,0,0,0,2,1,3,2,0,4,0,0,14,2,1,1,1,0,0,217,3,0,0,1,580,0,1,1,0,0,0,0,5,1,0,2,2,0,4,101,3,1,3,1,1,0,0,1,3,4,2,7,4,4,18,35,2,3,1,1,1,0,4,1,5,1,2,1,6,10,0,3,1,1637,243,19,0,0,16,1,3,301,3,4,2,1,2,4565,2,0,0,8,0,65,11,2,34,1,1,3,9,0,22,2,1,4,7,4,0,2068,15,0,3,1,3,2,0,1512,2,3,1,1,0,10,0,0,0,22,0,5,3,13,0,0,0,2,5,37,4,0,2,6,0,26,6,0,2,0,0,1,0,1,18,1,0,0,9,0,1,10,0,0,0,4,3,12,21,0,0,0,0,1,11,2,3,41,4140,15,0,1,88,3,0,4,129,0,1,0,7,26,2,12,0,2,2,2,137,4,12,0,0,127,1
"ENSG00000089356.18",1,0,3,4,9,15,1,1,1,0,0,0,2,3,2,0,0,1,1,0,0,0,0,1,3,0,0,4,0,2,0,9,0,1,1,1,2,3,0,1,0,4,0,0,0,0,0,1,0,0,0,6,0,1,0,6,0,1,2,0,0,10,0,1,0,1,4,0,0,3,2,0,1,0,0,0,1,3,1,0,1,11,4,1,0,1,1,0,2,1,0,14,0,15,0,0,0,1,2,1,1,0,6,2,0,1,9,0,50,0,4,0,0,2,0,3,1,0,2,0,0,1,0,7,7,1,2,2,3,4,0,0,10,1,0,0,4,1,1,1,0,1,60,0,2,28,5,23,13,3,0,0,0,5,1,0,0,2,0,1,2,0,0,16,81,4,33,5,3,42,0,1,0,23,0,1,1,0,366,0,0,0,0,0,0,2,0,0,0,0,0,0,0,0,2,2,2,6,0,7,0,58,8,2,0,0,0,12,1,0,2,50,8,1,5,1,0,0,0,1,0,0,0,0,1,0,1,36,22,2,3,2,0,0,0,0,1,0,0,0,0,1,0,0,71,0,0,0,2,1,0,0,0,1,0,0,0,0,1,19,0,7,4,11,0,9,0,2,0,2,3,0,11,0,0,1,21,0,0,7,0,7,0,3,2,1,0,0,2,7,0,2,2,0,0,29,1,0,1,1,3,0,37,0,0,3,0,1,0,0,0,0,0,44,0,12,0,2,2,0,1,10,0,2,3,2,1,0,2,0,0,0,0,0,2,0,1,1,0,0,0,0,2,24,76,0,0,2,1,0,5,34,0,8,1,0,1,2,1,240,1,5,2,215,13,0,8,0,1,4,4,1,1,0,1,2,1,3,0,4,0,1,4,5,1,0,11,1,0,7,80,0,0,4,12,0,15,3,5,1,1,0,1,0,2,6,15,1,0,2,1,0,0,0,1,0,2,4,3,0,1,0,0,1
"ENSG00000089558.9",17,1,28,35,73,17,3,4,10,7,1,4,8,39,29,3,9,25,42,6,43,2,24,41,6,5,5,41,2,100,76,31,46,8,4,20,34,7,2,20,6,21,27,3,10,5,6,44,9,2,4,59,7,2,10,7,9,1,11,1,13,12,5,5,4,1,17,4,80,9,224,36,62,3,2,1,58,73,88,19,9,6,96,33,12,1,31,2,20,10,116,28,7,15,2,0,7,22,46,3,28,4,20,1,17,3,8,6,15,1,25,14,5,20,9,4,8,4,63,8,0,8,4,52,32,4,3,4,2,22,9,5,78,37,25,3,5,3,21,17,0,17,36,1,54,39,68,22,10,5,0,14,30,5,11,139,26,31,11,72,2,22,116,20,40,8,75,52,1,50,2,34,69,3,8,11,16,7,89,2,0,4,151,57,13,12,7,11,5,2,171,15,42,114,5,11,4,194,2,49,4,0,82,2,0,43,5,3,16,7,11,32,6,10,14,2,3,6,38,15,0,5,1,83,1,0,3,16,38,11,5,2,26,11,4,34,3,3,2,51,11,65,4,6,132,21,1,6,1,7,5,12,2,159,3,6,7,2,55,21,15,5,7,9,7,18,66,5,7,7,74,2,11,0,56,5,35,1,6,4,75,3,7,4,26,6,1,16,77,81,22,91,34,253,9,21,66,9,8,51,309,1,12,2,4,3,6,14,22,3,14,11,4,54,19,22,10,71,11,83,12,51,4,56,17,12,13,2,9,1,5,6,54,8,19,3,12,67,2,1,0,2,14,12,14,16,3,4,1,5,4,76,8,16,5,3,6,5,36,10,6,15,27,28,359,4,56,14,3,10,8,87,8,1,6,6,2,7,3,64,1,11,5,15,15,30,38,45,12,42,37,1,3,5,16,17,18,5,34,0,14,16,20,0,6,12,61,8,0,14,106,13,6,5,26,1,7,17,27,2,3,1,3,6
"ENSG00000089685.15",394,5,194,211,804,608,1583,265,70,2805,104,1976,2706,8129,2310,67,120,1591,925,217,334,25,190,226,808,486,1430,1590,402,1071,1204,1384,959,135,64,780,673,210,4082,1441,185,1114,1754,42,74,1328,152,1846,29,107,484,1936,237,2221,399,1126,39,1708,2905,1890,89,3377,657,786,53,703,176,111,3292,3243,1789,324,185,10,851,13,1985,370,2976,935,1153,1254,1582,676,1009,755,254,212,247,124,990,990,286,7703,206,35,126,2367,1131,859,485,67,5071,148,601,2070,1199,44,5714,1293,408,94,148,1389,546,246,4610,345,6581,3989,173,598,124,1239,716,17,37,1543,671,1527,167,25,3360,157,1757,48,371,27,2832,106,14,1596,1347,125,298,3860,1707,1506,1571,1661,85,42,1157,845,152,1429,188,1485,1031,796,935,1182,1648,438,1244,2216,1888,7153,1754,5533,353,554,601,2015,537,451,795,2071,578,489,101,808,320,1247,381,525,1212,59,302,2329,132,6157,1862,2047,471,2633,99,619,215,1139,251,2524,1359,4122,4,3536,98,2487,3042,1936,137,876,6795,573,709,1158,166,227,354,1130,26,778,3770,126,56,12,408,2698,191,636,1597,1166,809,914,132,1790,119,296,1260,827,113,321,56,208,2316,3527,825,394,337,459,107,900,129,2033,38,658,133,783,218,4081,1571,941,4314,3765,47,453,1239,26,3663,35,833,16,3607,16,223,1314,4929,22,209,1549,2394,3202,653,39,197,2810,13,328,1755,709,186,281,376,449,1273,5604,7063,555,562,209,1154,225,4654,42,2414,167,79,351,494,1992,212,2275,1136,565,603,721,4328,953,73,379,976,1971,63,2777,893,2251,57,324,644,36,2199,906,278,610,1960,46,908,3731,175,253,15,462,105,1759,4496,1422,46,1911,1634,23,139,2607,199,2531,116,62,1359,2217,2111,149,1091,111,325,1687,2733,111,2417,2612,146,1037,1198,877,708,972,3739,134,1660,26,145,1910,192,1964,387,155,216,991,2046,386,832,611,1683,238,35,1103,334,690,386,5770,179,27,574,761,310,40,2194,128,1668,1259,909,75,320,2135,109,63,701,255,425,19336,1135,120,16,75,5106,52
"ENSG00000090382.7",1773,34,21,6120,5600,118438,53,457,14471,486,40549,118599,15189,13461,49927,1483,1044,761,341,4419,4932,1338,972,1648,391,2501,3737,2432,4443,33627,713,13435,30496,1011,16539,14059,5810,2895,12367,33728,18,494,7196,56223,3959,28,558,21205,1153,542,519,42495,7509,19977,12647,47,22214,10623,370,122,39208,6959,301,632,6040,2276,1386,146760,1373,2160,4435,2912,368,572,143,1211,1528,2663,8111,5518,1638,223,7379,257,629,220,613,38186,1694,399,56296,172642,1866,553,1281,310,10007,1444,3992,44209,3641,971,5857,17028,12405,376,2056,1262,1074,1586,115925,16793,899,2007,3290,7550,4281,762,16251,14030,8427,1848,174,42195,2005,401,875,45,3785,7917,1518,1076,1546,9514,537,1382,1263,357,558,1108,459,20662,22401,1890,41785,294213,36430,676,23199,448,204,926,3647,1156,3425,8212,1415,1904,1024,449,268,8097,12816,11270,2489,3114,17944,2227,191,11354,171,550,746,214,325,6621,33105,3893,144584,17870,862,1863,9289,3111,6778,20028,699,1664,129,85,1508,8577,2030,6566,673,2238,1146,47054,131,3306,370,120,17479,154,1919,3742,530,4995,172,441,4928,10755,37196,3543,3057,1766,7444,1390,8710,42286,189,63,217,1142,836,1108,29299,4007,914,31485,1450,1025,41211,5212,586,4450,234,6984,2314,3198,2133,21755,4661,647,9559,1240,9061,917,2591,438,855,732,263,15218,1361,456,1247,693,20939,1089,1857,2513,267793,813,1863,28682,2931,2708,1117,2111,20125,854,6054,758,1989,2231,3916,252,10635,17096,579,14340,396,176,355,2652,488,2586,152,14072,5853,19581,11416,301,9942,1185,16849,16346,1156,566,5198,188,3133,902,2193,1889,27968,1944,181,2237,1396,8350,6759,296,25247,2863,14478,12594,477,44542,6870,1731,489,1501,2549,106,2870,10076,1479,763,12152,3573,18449,715,1022,609,4766,10993,2925,419,635,8910,300,75,261,623,1163,142,13946,680,333,20542,840,6468,7074,1295,14726,442,4709,4029,504,4570,34858,246,913,689,8,5713,3462,124,850,5913,2438,1174,393,31,84,300,410,705,155,2276,36,2815,21117,186,14372,35775,380,673,15083,15211,967,65392,10287,31591,1058,13375,3111,623,1172,199,9873,1146,1789,1550,785,8724,96,1489,3504,230,555,1508,327,9874,544,2637,2771,1230,296,85,24982,1016
"ENSG00000090402.8",5,0,2,0,0,0,10,0,0,1,0,0,0,8,0,0,0,2,0,0,1,1,3,1,1,0,0,26,0,15,0,15,0,0,3,1,0,0,0,0,3,1,0,0,1,1,0,0,0,0,0,0,0,0,0,12,0,0,2378,18,0,0,0,4,0,0,0,0,1,8,1,0,0,0,0,0,0,0,0,3,2,0,0,0,1,63,0,0,0,0,0,2,0,0,0,0,0,1,0,5,0,0,76,1,0,1,24,0,4,0,0,2,0,1277,56,1,0,0,0,1,0,4,0,0,0,0,1,0,6,2,0,0,1,0,1,0,0,0,1,1,0,0,2,0,0,243,0,0,0,3,1,0,4,1,0,0,0,1,0,0,2,0,9,0,0,0,0,4,0,264,0,1,0,1,0,0,0,3,0,0,0,8,0,0,0,0,0,3,1,11,0,0,2,12,0,0,0,0,0,8,1,35,0,23,0,0,0,18614,0,2,0,0,0,0,164,0,0,0,0,2,0,1,0,0,0,0,12,551,0,2,0,0,1,1,0,0,0,0,0,1,304,0,0,0,1,2,0,0,0,0,0,0,0,0,0,2,0,0,0,84,5,4443,1,0,0,0,1,0,0,0,1,0,0,0,0,0,12,0,0,0,0,0,11,0,0,0,0,0,5,2,0,0,0,0,0,0,42,0,0,2,5,3,2,0,0,0,0,0,1,0,0,0,0,0,1,0,2,0,0,0,0,0,0,0,0,2,0,0,0,0,2,0,0,0,1,0,0,23,0,0,0,0,1,0,0,0,4,0,0,0,17,0,0,0,0,0,0,0,0,0,0,0,0,0,0,0,0,0,0,1,0,0,0,0,0,0,2,0,0,33,0,8,0,0,0,2,0,8,2,0,1,0,0,0,2,0,2,2,0,0,0,0,0,0,18,0,0,1,6,0,0,0,0,0,1,0,0,10,6,0,0,0,0,0
"ENSG00000090889.12",269,3,38,100,589,277,180,89,14,953,67,742,892,3137,726,41,81,729,661,125,269,26,156,203,364,179,421,890,111,440,710,627,999,131,31,380,362,118,785,436,18,556,871,61,25,137,40,521,25,62,152,1295,128,1094,280,326,27,643,835,800,95,1357,83,745,29,468,119,135,2559,1211,962,259,130,16,135,12,596,132,1619,775,676,560,573,249,702,512,89,213,166,12,501,1314,189,321,101,10,15,1070,525,2785,513,24,1014,141,349,1006,581,21,3368,524,392,32,100,594,306,181,1480,271,2352,2274,193,380,48,391,496,23,27,669,481,938,93,14,2452,100,886,11,169,9,1893,75,5,1127,585,47,202,2523,644,568,557,664,61,19,604,614,73,680,103,647,514,463,310,214,2276,307,268,720,1381,1650,1033,9651,169,231,568,3132,191,165,258,816,240,702,29,507,169,780,125,148,475,35,217,1734,70,4595,1077,1809,369,1560,34,318,54,831,110,2075,651,2392,3,668,50,1472,554,791,86,554,1758,503,534,669,39,36,270,840,7,341,225,80,30,25,343,2379,55,363,737,392,323,694,29,1099,27,115,664,284,85,324,33,155,523,1450,236,161,240,214,42,207,42,782,16,357,75,145,150,2141,1664,386,3662,1258,27,275,434,17,1697,21,543,11,1476,17,174,795,446,11,101,1558,922,933,413,7,113,468,27,150,218,298,88,188,104,98,196,1636,3425,210,153,139,476,50,2223,19,393,75,36,186,182,1346,154,847,278,354,446,445,1814,632,45,244,643,774,18,907,829,627,45,107,232,12,697,267,86,271,1408,37,404,2503,129,74,4,203,130,773,3822,597,26,225,710,33,73,1568,81,1053,64,35,555,614,987,128,538,51,133,535,1411,68,251,1579,71,319,1305,316,141,426,1689,75,1003,32,89,828,65,817,189,53,98,205,1133,268,716,748,828,190,22,631,131,301,470,1298,119,15,188,363,122,45,2168,63,931,1582,263,89,294,280,37,31,246,212,362,5095,713,101,9,15,970,25
"ENSG00000090932.11",3,1,11,0,5,0,5,0,1,12,0,0,40,5,11,2,1,1,1,0,0,0,9,0,0,0,12,1,0,1,1,0,5,3,2,3,0,1,2,0,0,1,2,0,0,0,1,3,0,0,0,2,0,10,1,0,2,0,1,0,6,2,0,3,0,5,0,0,3,0,19,0,1,0,0,0,75,0,236,13,5,0,51,4,0,0,0,2,4,0,6,1,0,0,1,0,0,0,62,4,0,0,489,0,1,2,0,1,397,4,1,1,0,0,0,0,2,0,17,3,0,0,0,2,0,0,2,4,2,3,0,0,5,0,1,0,0,0,1,0,0,2,2,1,0,16,2,3,18,1,0,0,0,1,0,1,0,0,2,3,1,4,0,0,2,3,14,4,1,18,0,0,0,0,2,0,1,7,2,0,0,2,0,2,0,0,2,0,0,2,0,181,4,0,0,1,1,0,0,3,0,3,1,0,0,2,2,0,2,0,0,2,9,0,6,2,0,0,0,0,0,0,2,0,1,0,0,3,0,1,36,0,0,19,0,0,0,0,0,0,0,0,0,0,8,10,0,10,2,1,0,0,0,1,2,0,0,3,0,4,0,1,5,32,0,0,1,3,0,0,0,1,12,0,0,0,5,0,0,2,1,4,0,1,0,6,0,1,1,0,3,0,0,0,0,72,2,0,0,4,2,3,961,0,13,0,0,0,0,2,0,0,6,4,6,5,3,5,0,0,0,0,0,8,0,0,0,0,0,0,2,2,0,2,0,0,0,3,0,2,0,0,1,6,0,0,0,5,10,0,0,3,0,2,0,0,1,0,1,0,1,2,1,6,1,0,0,10,0,0,0,0,1,1,16,1,0,0,1,0,26,1,1,0,0,1,2,0,0,0,4,0,0,0,0,2,0,88,4,0,0,0,0,0,0,3,5,1,0,7,1,0,0,0,1,0,0,25,1,0,0,0,0,1
"ENSG00000091129.21",67,1,17,966,92,4,312,5,591,163,1023,0,201,2668,182,60,14,154,37,101,30,25,192,20,1,533,9,230,469,976,489,3944,246,17,478,119,135,13,8,15,1,140,69,9081,22,37,58,59,108,6,4,397,71,144,0,368,9051,21,837,57,2,185,2,8,35,191,1,0,271,675,38,637,51,10,5,28,515,164,369,122,4119,34,45,108,636,63,15,453,133,3,607,1336,575,7746,40,12,10700,46,2360,571,865,15,922,0,923,49,153,28,539,708,38,37,151,112,64,5,167,27,419,11796,4758,5,5,15,238,1,65,7,16,1338,31,1803,1560,220,2675,9,3051,16,13,3,43,148,756,88,309,3691,25,21,8,48,38,29,7,8,20,6,770,2243,374,65,35,21,150,39,32,75,136,620,1184,4302,431,107,10881,29,113,4,115,42,302,607,45,1352,4295,11,69,1,355,20,20,2,1,19,28,274,50,9,41,34,1,906,2,61,83,135,24,25,2,170,25,1,90,20,2423,12,141,78,17,4,2128,287,19,26,2,5,55,55,3,1889,80,5198,36,12,167,7074,1,4139,7,10,336,7,72,732,558,15,988,1495,5,907,31,89,25,18,1,86,73,15,68,46,1755,3577,722,1535,1929,35,466,60,618,58,14,21,208,38,1449,162,399,212,325,18,244,59,33,79,0,15,2,40,15,75,413,1308,57,5,22,16,1972,582,4711,12,51,99,32,74,1512,17,67,41,3,10,34,1,12,15,15,459,322,243,121,410,26,161,782,52,10,111,73,7,15,13,2663,18,1637,27,99,1698,1557,84,3,2885,2142,208,14,69,125,22,349,2193,2,37,65,5,97,814,9,447,0,71,163,73,115,2,63,28,2031,128,59,2,50,167,2,94,62,2,284,317,3,10,23,32,7,14,9,2474,0,3,65,2452,33,222,2419,11,51,2,15,170,8,13,417,162,391,41,9,2,55,5,688,6,1428,1418,6,266,159,3,15,1668,60,6,69,6825,21,62,16,13,4432,39
"ENSG00000091138.13",0,16,3,1,235,353,4,1,3,5,1,45,20,9,0,46,7,217,3,3,6,45,22,36,19,388,0,5,778,3,341,4,90,6,13,50,9,1,0,3,5,4,11,114,22,70,3996,99,41,2,12,16,5,6,1,3,30,71,8,2,417,240,3,2,16,1936,0,32,15,48,482,10,34,24,4,12,7,7,5,21,7,142,92,14,39,5,93,601,29,3,1,2,219,10,199,1,62,14,13,0,68,23,15,73,0,83,2370,13,408,41,459,26,64,8,13,898,259,14,0,1,28,3,236,145,57,35,13,43,953,22,6,7,110,122,23,6,0,11,407,2,10,331,4,24,39,10,25,2,127,2,17,4,23,26,18,23,9,40,1,103,50,5,1,23,1,389,9,8,130,82,0,61,2,1,5,26,1,12,2,58,13,5,51,74,18,6,0,3,16,1,15,2,863,4,661,86,10,25,11805,14,6,12,2110,9,5,20,87,214,0,2,45,8,2,52,14,3,35,0,120,109,6,2,0,29,2,19,641,25,5,12,71,12,13,12,77,3,34,26,1,5,1938,3,93,13,339,2,0,38,35,4,2,31,5,28,9,2,14,6,2,299,5,40,97,104,1,10,15,3,0,229,6,3,55,29,69,321,18,26,75,4,29,1,9,5,90,788,5,18,9,76,13,5,4,5,26,2,35,44,14,29,24,4,26,8,2,2,5,113,12,0,27,22,386,9,1,4,0,28,7029,21,8,8,12,424,468,1,2,19,2,6,1,3,85,33,18,40,0,2,1,2,10,38,111,11,2,1,23,2,350,6,57,111,69,72,18,2,13,1,506,5,4,4,32,75,0,193,29,249,62,141,1,14,0,0,2,0,725,3,10,39,771,7,21,436,474,3,10,13,2,31,46,36,5,38,59,6,284,190,19,31,9,17,15,8,1,4,29,33,2,2042,22,1,23,17,94,11,7,2,50,12,8,3,1,8
"ENSG00000091482.8",32,2,0,62,2,1,20,4,37,2,229,122,101,5,58,18,0,21,62,1,47,1,116,27,25,102,123,6,32,41,0,32,79,24,44,1,169,0,89,58,0,10,57,342,15,65,18,14,1,0,54,7,5,7,17,25,73,69,0,3,161,74,103,11,1,2,15,173,44,7,5,278,1,1,55,2,1,3,12,120,211,25,2,39,10,1,99,197,1,72,2,166,9,36,19,4,402,0,204,2,48,13,1,9,23,1,140,0,26,0,27,1,24,15,0,111,24,182,0,696,130,155,0,254,51,2,0,61,5,20,8,0,127,30,58,4,0,4,98,13,0,0,75,47,0,3,1,0,15,2,3,1,79,93,3,1,29,8,149,96,6,10,179,1,2,8,124,0,44,57,220,46,0,1,62,0,22,61,11,63,1,0,1,1,124,31,5,0,67,48,0,2,0,194,17,0,16,361,10,2,22,2,8,26,1,253,0,0,29,5,6,3,10,80,42,0,0,18,43,285,6,9,0,0,0,1,224,68,0,187,0,5,61,257,442,337,1,182,5,0,3,106,182,8,3,17,180,0,304,1,2,0,6,0,1,1,4,2,117,1,58,3,38,6,0,6,94,0,13,2,63,0,69,0,290,16,7,0,82,41,19,193,99,4,2,5,0,5,0,0,1,15,0,148,252,25,4,95,30,6,7,0,1,6,15,2,71,5,153,32,0,1,12,0,0,4,77,1,1,161,0,6,3,4,127,11,6,92,106,0,110,8,98,0,3,0,205,23,2,0,1,198,0,4,101,0,69,3,4,0,15,3,3,88,84,2,9,2,6,0,37,10,509,11,3,1,57,34,76,21,6,366,1,57,59,1,23,12,0,2,93,11,5,3,4,241,0,115,286,0,34,99,0,45,1,11,213,130,46,22,1,1,4,115,202,2,91,57,0,11,85,16,1,64,26,0,3,29,33,1,2,4,151,12
"ENSG00000091622.16",653,13,5,12,59,14,0,19,20,1284,19,23,43,270,21,191,16,5,3,76,47,312,43,12,12,9,2,15,4,36,113,53,15,100,19,28,10,16,4,14,16,175,6,43,239,4,18,13,109,25,22,14,188,5,7,2,124,53,6,4,14,6,7,95,68,17,8,10,18,4,1045,20,9,31,6,374,147,42,14,28,20,1,40,4,19,11,5,3,20,2,25,13,2,2,3,104,54,36,76,23,38,648,32,5,18,16,41,212,146,11,11,307,38,13,35,5,41,13,7,9,7,15,6,6,9,66,35,2,15,128,66,383,3,20,8,405,40,286,10,3,136,33,138,493,53,18,17,11,7,1347,114,242,3,30,57,0,29,92,7,47,13,3,36,56,17,23,42,29,4,9,2,11,27,51,4,9,9,3,528,19,359,28,34,14,5,14,35,24,8,11,44,222,28,14,5,0,217,9,4,44,1,6,56,36,141,8,31,13,24,1,65,26,5,6,149,2647,3,3,27,45,45,2,1,11,232,243,21,9,2,6,2,6,27,17,1,40,286,6,4,4,23,20,25,43,16,10,1,5,31,15,14,3,90,10,249,10,363,17,49,78,32,12,23,3,243,34,42,398,8,128,3,175,12,151,10,16,1,203,14,5,5,9,6,45,32,27,159,4,4,14,256,15,11,1,7,69,55,3,13,2065,50,9,53,452,2,10,34,41,15,11,62,41,2,30,20,883,5,37,35,14,11,693,210,61,16,6,252,28,3,107,4,10,17,31,25,276,10,11,19,11,459,7,10,296,21,12,9,16,3,324,122,956,48,23,12,217,32,543,16,3,5,21,13,17,79,23,3,14,22,3,18,17,0,5,18,17,8,127,39,1,5,16,30,3,129,6,17,22,3,30,9,38,170,37,11,31,27,8,321,64,6,2,67,10,65,42,4,17,2,21,53,5,13,8,3,8,2,394,26,181,320,91,4,75
"ENSG00000091651.9",64,6,105,49,108,108,130,25,28,513,41,279,288,1225,678,26,31,83,166,27,44,4,64,23,65,51,32,271,33,222,331,56,147,50,22,167,108,50,177,181,18,426,123,23,19,56,42,94,15,28,31,300,95,211,48,53,20,157,415,249,24,329,52,252,24,64,78,35,482,137,377,76,29,3,51,5,263,72,384,349,149,174,810,105,214,171,62,52,111,5,130,129,36,180,54,5,22,217,143,155,63,21,192,41,86,401,271,14,1229,56,75,38,61,216,80,48,368,71,218,571,41,287,17,136,145,3,19,196,193,611,51,4,330,51,120,12,84,12,483,5,17,239,237,33,59,321,257,133,389,105,9,7,72,82,32,157,42,161,215,172,174,60,154,80,118,208,471,206,436,1780,52,77,148,1041,40,43,50,189,234,54,13,124,117,258,60,65,150,18,48,422,28,1137,298,307,43,192,35,232,57,250,36,166,130,923,1,722,31,97,62,128,46,132,343,52,152,109,16,14,78,345,4,86,71,37,33,6,79,246,17,96,283,146,167,113,20,268,5,37,130,127,28,80,29,43,1371,448,259,67,64,43,24,30,12,232,19,45,66,59,41,324,376,129,541,336,11,95,143,7,724,23,172,10,392,4,42,126,139,9,33,139,402,202,99,14,38,371,9,77,65,95,58,47,28,30,39,339,702,57,68,135,148,18,2058,15,91,30,17,93,102,333,28,146,106,142,129,240,436,162,48,58,76,210,16,836,164,471,20,39,46,10,163,113,57,87,527,26,145,1495,35,127,6,72,39,307,537,70,8,48,149,4,41,388,38,668,30,24,239,499,299,49,182,37,63,228,469,32,65,205,27,42,82,100,74,85,364,32,140,15,29,239,34,130,63,18,72,44,223,54,123,100,309,47,18,77,37,83,163,576,71,8,75,147,82,14,870,126,220,256,82,78,117,276,28,14,63,40,44,1114,98,42,11,15,590,20
"ENSG00000091704.10",2,2,201,0,1,0,0,9,1,4,9,0,17,4,4,0,1,0,0,0,3,2,2,1,2,4,0,2,11,0,18,1,0,3,0,1,2,0,0,0,0,1,2,0,2,1,0,2,0,2,2,0,2,2,0,1,0,0,0,0,0,2,65,0,1,0,1,2,0,0,3,1,2,2,2,0,1,1,571,2,76,1,0,2,1,1,0,1,11,0,0,2,0,0,0,1,1,14,1,0,133,0,0,0,3,1,0,4,62,0,0,2,0,1,0,0,7,0,0,18,0,1,0,0,0,0,1,0,0,0,0,1,0,2,2,0,0,1,1,1,0,2,3,3,5,2,0,0,2,0,3,0,0,2613,1,0,0,2,1,0,0,0,1,0,0,2,1,0,1,0,0,0,101,0,1,1,217,0,1,2,1,3,0,1,0,1,7,0,0,1,0,17,0,0,58,0,2,0,0,3,0,2,2,2,0,0,2,0,0,1,4,3,1,0,2,0,1,0,0,0,0,1,0,1,1,0,0,0,0,0,0,0,3,1,1,1,0,1,3,0,6,0,0,0,0,1,0,1,1,0,0,0,0,0,0,3,2,0,0,1,1,0,0,1,3,0,0,0,1,0,5,0,1,2,0,1,0,1,1,5,0,1,0,2,0,0,0,1,0,1,9,2,2,0,1,7,301,0,6,0,0,3,118018,6,1,0,0,55,1,0,3,0,0,0,3,0,0,0,1,0,2,2,1,2,3,2,3,2,0,0,1,0,2,4,1,0,1,0,0,1,0,0,2,0,1,3,0,2,8,1,1,0,2,8,1,0,0,2,5,1,2,3,2,1,1,0,0,1,2,0,0,3,0,12,0,1,0,3,2,0,7,3,0,2,0,1,1,2,1,0,1,1,1,3,1,0,0,53,8,3,20,0,8,0,0,40,2,6,1,0,3,0,1,1,0,1,0,0,14,5,1,0,1,0
"ENSG00000091831.24",13,1067,307,214,111,150,3,592,179,83,24,182,81,130,37,1367,62,184,160,254,264,3726,381,333,297,1034,40,919,2,47,22,60,103,565,139,952,150,91,37,46,256,32,44,1088,2145,53,335,67,1449,4068,664,160,1687,35,86,164,1795,39,2076,255,1176,71,287,577,836,57,1036,2398,73,85,162,244,202,1487,551,1220,130,485,9,540,73,202,50,25,503,19,372,93,76,405,58,304,6,3,60,1093,1819,204,12,148,290,3010,19,306,166,65,350,2048,62,18,109,1311,119,545,37,1123,52,7,6,33,107,171,2429,10,358,1828,482,12,44,233,1313,2296,20,111,27,2174,410,1499,16,297,985,69,60,2303,177,88,38,6,20,76,2508,665,135,775,1023,9,41,411,45,1038,229,7,93,65,16,280,93,15,232,464,178,240,119,50,29,149,65,6,369,113,1629,243,51,95,205,804,1929,686,24,391,326,105,37,594,115,6,1423,50,16,445,558,110,76,57,1480,27,1962,114,230,658,335,259,27,15,274,49,199,420,93,47,1394,910,15,81,1435,1055,3050,301,7,46,75,749,121,618,1215,81,1092,207,235,514,119,331,1493,59,17,31,9,47,229,7370,719,13,1307,21,1382,498,3727,20,145,201,1181,410,39,18,1543,35,62,1915,703,796,95,1436,38,2067,830,13,3,1168,892,57,461,26,201,562,1447,67,1967,68,9,35,1206,113,49,7,429,8,47,547,1244,47,470,25,11,506,9,206,69,185,134,31,7618,74,238,63,164,36,20,165,98,105,60,182,2384,32,281,78,1313,250,52,1031,2205,62,396,46,846,4431,1099,119,27,4,2060,1852,221,40,25,506,45,17,21,803,1603,63,3248,33,464,1890,4,18,25,53,100,1386,309,12,89,713,10,43,330,128,286,967,6,32,773,1375,2430,1347,3957,501,188,184,1020,59,389,16,45,174,47,119,21,1111,643,50,48,141,293,8,955,2260,528,125,99,413,448,660,149,46,725,114,561,153,1962,1073,62,48,203,245,14,2776,1753,1354,58,1227
"ENSG00000092470.12",133,24,43,94,781,233,97,65,31,97,41,787,850,1388,456,71,46,374,551,82,128,28,87,196,193,304,163,692,80,329,642,291,366,274,208,457,151,65,686,527,52,146,369,33,91,403,31,346,26,96,134,819,232,348,84,562,50,259,421,1082,47,629,154,375,29,266,145,41,1141,1538,399,101,109,12,90,30,392,87,680,378,329,345,540,124,802,64,64,123,117,50,229,318,107,211,79,22,57,751,210,794,133,105,948,147,129,170,473,33,566,329,153,117,82,413,142,119,1977,144,745,581,114,301,45,314,159,32,33,358,292,740,151,36,696,56,924,48,204,44,705,55,47,1548,181,133,172,2946,310,246,145,164,27,42,487,285,90,517,62,380,562,428,286,82,891,186,139,521,342,969,677,1164,50,204,408,2512,69,195,161,205,292,265,31,124,211,873,237,133,492,70,70,716,110,1972,1372,1023,171,430,68,207,72,1225,178,2274,313,1164,18,430,59,1914,403,1029,74,210,552,150,275,170,35,49,188,619,12,330,131,44,80,31,177,1447,46,246,1101,313,180,341,61,601,49,167,261,216,46,135,60,71,710,511,218,45,118,247,32,147,34,298,63,746,180,75,111,886,367,294,861,474,47,151,711,54,1336,41,400,28,532,48,207,410,255,49,67,358,385,212,400,47,167,169,27,78,139,172,184,147,145,241,147,402,2456,118,132,81,1358,48,572,49,158,74,34,236,183,563,411,453,367,377,341,246,930,531,57,120,592,408,45,437,186,1017,70,164,97,31,265,197,75,331,1037,56,319,1276,185,45,35,232,97,90,1052,277,19,47,79,31,62,646,145,547,98,71,512,534,246,102,352,107,70,258,569,97,95,755,51,317,1026,247,42,153,887,54,1344,35,80,248,142,615,208,33,150,86,257,162,230,964,267,141,58,354,81,275,209,291,210,20,134,231,58,30,521,146,245,739,256,105,302,342,58,36,252,279,165,1540,330,137,40,38,525,19
"ENSG00000092853.14",89,0,43,55,232,56,64,53,16,333,34,116,248,1541,257,42,16,188,106,36,58,9,66,87,89,71,44,1031,30,407,372,403,238,62,21,439,121,30,101,111,8,281,175,18,27,52,21,124,6,48,46,442,140,238,55,106,16,118,181,388,16,320,41,252,19,61,77,23,310,317,283,54,47,3,24,12,201,54,300,400,180,136,628,67,400,52,31,22,84,10,94,149,26,106,22,6,11,310,97,874,59,22,221,40,72,632,321,8,1900,66,36,24,51,187,138,50,648,30,409,603,29,184,13,62,97,6,12,153,79,560,50,9,560,22,330,16,20,5,632,14,19,508,269,28,79,931,138,94,111,178,6,9,146,124,32,206,35,154,117,211,71,42,628,67,102,196,333,427,324,902,31,68,221,611,26,58,75,110,181,127,3,74,34,369,76,48,197,13,30,323,32,1811,374,482,74,226,16,70,31,271,52,687,160,794,3,92,34,458,83,527,52,122,665,77,237,649,14,13,110,321,2,136,77,25,24,10,85,678,27,87,430,96,143,168,8,138,7,59,151,104,40,77,19,17,174,356,192,41,50,100,16,46,15,147,10,162,82,30,38,405,261,179,957,497,15,59,238,10,352,14,172,4,362,10,27,75,195,7,39,319,326,136,112,4,13,127,5,39,82,119,85,67,42,12,40,308,1553,49,46,104,395,25,1126,21,161,19,10,42,51,381,96,163,114,85,109,233,827,239,21,28,103,571,11,373,150,181,23,36,46,9,332,78,40,93,321,14,137,982,53,46,6,76,36,96,768,137,15,48,212,5,50,534,57,312,30,13,116,412,219,21,167,19,38,171,1038,46,51,335,21,95,368,93,13,62,408,20,250,9,54,228,27,235,83,17,119,81,141,76,83,334,106,53,25,105,17,45,134,145,73,7,52,144,38,8,495,83,339,306,113,42,115,130,31,10,87,41,75,1282,126,51,6,13,394,3
"ENSG00000093009.11",115,1,54,73,338,204,251,80,29,488,75,560,391,1294,508,30,30,139,424,63,109,10,156,101,182,114,224,656,103,557,238,574,350,93,36,548,257,66,700,335,14,201,379,31,43,123,31,345,6,86,80,776,206,462,61,245,18,208,603,295,24,515,75,440,20,87,156,57,950,395,565,141,109,6,207,5,655,59,1259,371,351,265,739,111,523,98,46,83,80,18,344,218,75,790,80,15,28,617,334,287,117,43,1189,62,171,395,303,3,1794,219,109,38,43,449,100,100,731,209,983,1224,102,481,29,366,214,9,17,365,315,678,88,14,796,49,541,18,142,20,555,41,21,1374,131,117,121,1438,525,326,354,156,13,10,193,406,44,375,37,534,226,394,294,139,385,154,296,245,620,861,248,665,42,167,279,1454,87,118,129,701,302,144,17,143,161,392,221,131,170,16,98,731,89,2989,648,618,55,548,64,222,59,365,81,965,332,897,3,439,32,544,518,699,49,335,580,177,322,399,13,52,92,471,4,406,244,65,53,11,151,477,61,187,462,425,150,194,23,728,28,99,282,243,33,156,61,43,355,665,271,115,105,128,36,183,21,1009,36,331,140,95,78,890,815,273,1461,536,18,151,229,10,1246,29,463,12,1073,16,57,310,1155,31,93,797,1018,707,144,22,34,442,5,78,228,260,110,100,154,62,216,835,1427,123,101,197,412,48,2143,10,340,52,36,114,157,363,169,538,260,148,98,230,556,303,49,120,218,570,15,811,276,337,18,96,97,15,379,228,98,214,719,12,466,757,83,130,2,144,90,399,429,418,26,237,426,4,62,902,64,797,47,37,253,561,469,52,411,78,96,171,798,28,212,626,67,216,661,188,34,189,1140,52,479,3,52,598,97,418,122,72,127,187,499,110,285,287,283,98,35,301,74,238,265,986,98,11,126,205,82,34,703,58,356,387,393,44,241,395,27,14,294,166,185,2710,264,76,5,48,587,14
"ENSG00000094804.12",298,28,134,260,1347,404,254,207,38,808,57,895,1215,3308,1535,105,185,887,773,145,233,17,156,177,276,278,373,995,181,1013,1146,1524,571,512,130,553,261,109,652,471,67,1237,646,61,48,347,170,526,20,281,103,1880,377,1552,119,734,76,317,1067,1668,122,1454,327,878,58,311,325,118,2118,2729,1728,168,177,12,185,15,738,140,1806,796,581,1394,1828,320,1022,723,136,223,366,42,811,417,129,745,92,21,72,948,709,995,152,73,2477,95,304,1413,1047,14,2422,519,326,46,111,637,278,89,2133,137,1363,2436,141,548,92,596,543,52,20,608,515,3502,130,53,2124,209,1874,51,165,15,2482,38,58,2255,589,112,205,3643,636,766,1001,268,34,28,477,507,115,749,309,1277,673,472,312,350,1729,274,458,796,966,2714,1852,4214,68,211,550,4909,190,200,524,720,679,282,19,649,167,1464,267,227,483,94,756,1103,156,1998,2949,1034,310,843,66,404,202,1701,177,3067,1027,5810,19,881,80,1915,709,1183,121,529,965,498,650,1302,27,33,206,1253,27,479,600,155,129,15,415,2086,145,389,1865,308,235,550,34,749,21,188,324,407,112,257,130,173,2769,701,722,184,167,295,23,301,53,609,59,690,305,287,198,1855,667,478,3389,1260,115,328,809,17,1665,15,491,29,1642,29,214,427,491,36,95,1611,965,777,236,21,66,1293,21,381,390,658,157,217,354,191,321,890,6524,158,188,251,2494,263,3617,29,831,83,46,117,165,821,195,817,660,560,635,449,3013,513,168,222,517,896,64,2834,399,1010,48,279,157,84,855,387,202,599,1754,59,433,4997,156,230,25,408,158,555,3137,364,27,208,736,9,117,3401,86,2810,102,49,905,931,1003,173,1094,91,126,531,1247,70,354,1251,59,432,1287,464,121,405,1830,212,2060,17,209,711,114,570,240,189,224,172,672,250,386,2196,686,158,59,612,159,432,508,1249,170,38,255,352,173,48,660,137,948,1005,309,147,315,656,298,69,461,572,380,2369,474,150,9,65,2268,40
"ENSG00000095596.12",0,273,5,100,7,18,2,11,17,8,1,3,11,20,3,255,0,1,0,43,20,186,54,2,23,4,3,3,10,1,0,1,3,92,3,0,41,7,155,250,0,0,18,2,98,0,10,55,102,88,92,30,142,1,26,7,58,10,36,6,0,56,8,155,33,6,40,40,158,2,3,24,48,122,46,636,0,4,4,17,2,1,2,1,14,4,5,0,2,2,2,6,27,0,0,81,4,6,12,11,49,606,6,63,1,0,101,117,49,3,1,147,0,2,3,74,27,4,1,4,185,1,47,0,1,32,7,1,29,6,37,169,49,53,3,69,10,399,2,40,589,25,23,131,46,6,1,8,11,1,211,3136,10,68,217,367,4,27,4,11,4,2,5,6,2,27,76,0,0,2,2,1,6,0,0,0,9,2,145,7,501,6,8,0,320,1,127,2,36,0,2,1,1,36,7,1,1033,0,7,0,20,1,4,3,33,0,89,86,2,298,423,5,32,8,15,1,2,0,103,183,628,26,1,13,83,528,0,12,0,1,1,2,42,9,5,3,215,42,5,15,1,52,68,6,0,15,0,1,409,1455,32,21,29,0,182,6,197,1,1,11,8,692,23,5,174,10,1,725,11,521,12,49,1,827,1,1,0,177,10,1,42,0,15,21,46,19,452,44,0,10,129,18,14,1,9,32,0,3,52,39,34,1,0,36,4,36,10,177,2,12,1,2,2,18,1,0,1,5,1,248,37,3,26,1,63,5,47,5,0,114,0,2,154,29,0,217,312,1,25,0,959,56,15,29,1,0,70,3,1,1012,299,27,24,9,11,30,1,0,2,2,11,4,15,0,19,66,0,1,8,16,1,23,1,17,1,114,11,190,326,27,1,0,70,1,97,0,8,1,5,5,57,12,404,2,13,13,28,0,289,246,0,0,3,0,11,14,25,18,0,1,107,16,92,5,8,6,1,3,1,89,2999,1731,14,28
"ENSG00000096088.16",250,1,7,2,157,8851,34,0,0,70,8126,1429,40,51,922,0,8,53,1,355,77,1,17,0,1,1,9,1,4384,0,365,1631,2,1,10,2,128,1,6,1,1,791,4,3304,0,3,41,52,0,1,0,27153,1,7231,2034,2,2,1,0,2,243,1,44,2,4368,1057,0,140033,4,1,137,6290,131,0,0,0,4,2,2883,0,1694,10,40,66,0,0,1,134718,49,27,10,96,8,172,104310,38,9,28,460,5,2,1,6,1,7,382,1,0,1761,0,381,0,38,1,130,3,805,43,6,23817,27583,1,0,0,61726,0,0,97,7737,58,1,2,2685,0,24,0,7,0,6,5,0,7266,8,15,56,32,308,11,2645,86,0,0,2,1,2,0,678,0,22,1,91,0,19468,8,897,117,5,172,0,1455,22,0,0,31,0,0,4,631897,28941,209188,1,3,6,0,0,5184,0,0,1,0,0,1,0,2,5,5,0,17,0,5087,1,97,945,371,0,2,0,0,124,0,13,400,1,0,11,33,12212,0,576,12,0,0,97,2,0,0,4431,142,18,204,8,0,2010,45,4,23591,8,74,1,5,0,1216,17883,0,112,132,0,5383,228,0,0,1,2,29,0,5,0,3,1745,35,4,0,476,74,0,2496,66,0,9,5,264,0,1,7,94,7,36,0,30,135,0,187544,0,4,3,242,2,3,1760,5900,6,1,2354,0,225,1218,297,283,2,195,1,132,67,1,98,3,0,1,0,685,0,2150,14,6,0,587,81838,105,59,219,802,6,1,277,564,4,1,783,28,1,12582,13,1,93,4,2,17,0,154,2,0,5,314,68,75,25,0,3713,135,0,0,8,0,8,0,0,11933,12,439,1,101,2,108333,16,0,0,48,7,5,7,7,742,5552,11515,8,0,271,0,0,2,7,1,2,4,2,75,28719,3,1,1,4338,51,2,34,2738,0,32158,3343,0,0,33,87,11,2,0,1,552,2,0,42,0,0,1,0,0,0,37,20,91,0,1,0,192424,4
"ENSG00000097046.13",49,5,209,148,327,75,74,43,133,147,58,185,476,1545,358,61,65,267,353,92,143,44,68,114,115,95,55,310,39,407,407,219,236,111,71,314,133,41,271,199,28,105,383,46,68,223,56,307,47,104,94,270,182,217,55,342,66,110,224,400,32,413,50,240,48,82,161,87,352,710,1087,201,88,16,43,20,301,74,324,492,231,243,909,31,590,80,39,57,381,19,473,270,85,69,38,14,100,390,289,769,133,57,306,48,124,183,329,38,1886,262,142,85,81,254,146,56,617,110,376,390,52,196,40,173,111,70,52,110,78,555,99,18,647,86,378,28,60,12,452,18,34,566,241,69,278,1100,336,73,236,92,25,29,286,233,60,143,99,308,169,276,147,60,580,132,68,120,409,544,695,1210,18,92,128,1117,61,66,139,111,178,94,14,72,115,687,111,124,181,60,98,276,46,912,679,430,121,274,45,119,36,426,47,849,242,1368,7,100,39,428,168,408,132,174,571,196,355,257,17,34,158,633,11,75,79,48,82,31,172,890,47,162,607,157,125,184,28,345,16,75,115,265,62,159,53,54,589,462,138,61,60,104,42,89,33,139,32,407,89,109,77,803,486,207,816,566,75,120,457,21,334,39,115,29,257,21,111,143,183,8,32,369,502,114,212,15,20,253,17,129,96,109,187,103,73,81,164,221,1456,73,245,89,1109,33,1031,86,88,61,63,80,87,370,104,209,181,178,205,267,583,543,87,89,123,225,37,1190,186,323,68,72,63,19,222,157,132,287,231,37,117,2092,102,48,24,246,87,108,906,147,30,73,247,20,47,470,90,583,74,93,102,261,353,119,186,44,81,450,466,46,36,726,56,121,382,168,17,139,417,34,337,82,36,262,61,346,135,50,100,149,154,146,252,296,204,68,25,106,32,160,203,292,142,19,37,228,110,21,281,335,286,461,70,138,207,136,73,56,121,46,97,987,374,81,7,23,308,35
"ENSG00000099399.6",0,0,0,14,0,0,0,0,0,0,3,11,0,2964,15,1,1,27,0,0,0,1,601,2,307,0,0,123,0,1108,0,0,14,334,0,0,2141,0,0,0,0,0,0,0,1,0,0,110,0,0,0,796,0,3745,0,2,2,0,1328,1,0,605,0,750,0,0,120,0,0,0,61,0,1,0,0,0,0,1,24,1714,2128,998,3,0,1428,0,0,85,0,1,0,23,0,0,0,0,0,54,1,0,1,0,0,0,0,0,11,0,7,0,0,1,0,4,0,2,4,6,160,245,1,289,3,0,0,0,1,102,0,10,0,0,2669,0,0,0,0,0,817,9,0,0,2,0,0,3474,0,0,0,1,0,0,1,2212,0,0,0,0,42,1820,864,0,0,0,0,317,5,0,0,181,0,15,0,8991,0,0,0,112,1,0,0,0,0,3,288,1,588,0,0,1502,0,1,0,2794,213,0,0,1,0,0,0,1,0,5254,0,236,0,0,51,13,0,0,0,10,7,0,0,0,307,431,0,267,0,0,0,0,0,0,1,1,1,5,0,0,7,84,0,0,0,0,0,0,0,0,1,8,8,0,0,0,0,0,0,0,0,0,0,0,0,138,1191,976,0,1,0,0,0,0,56,0,81,0,278,1,0,0,0,0,0,1927,0,2,242,0,0,0,0,0,0,0,0,0,0,3,0,221,77,0,0,0,0,0,0,0,553,0,0,2,12,24,0,0,1,0,0,2,418,1,0,0,0,11,0,6,122,0,0,1,5,0,670,0,79,0,1,0,0,0,0,0,0,0,0,0,32,1464,85,0,1107,0,0,3,0,591,0,1,1,0,0,0,285,0,0,0,0,1,0,0,0,0,0,0,5,20,34,0,394,0,0,3,7,824,0,0,0,0,0,41,3,0,0,0,0,0,0,0,297,22,0,0,0,0,0,0,0,0,191,78,10,0,0,63,0,0,8,1,259,3,0,0,0,1,0,0
"ENSG00000099769.6",249,15767,27,347,834,230,10,9766,8,6502,237,206,99,277,44,6394,751,94,2089,2089,996,11788,4969,1504,672,329,11,334,733,20,2020,3077,128,972,232,7335,140,418,14,28,358,4845,2361,14,3736,873,31,16,6883,262,326,67,2439,87,82,2739,1108,453,3220,1358,20,52,38,6346,4869,13,2518,78,835,1512,245,52,51,22115,1304,3422,13,559,110,195,536,1363,31,316,1396,1225,98,9,23,12,879,17,467,59,174,6862,140,167,162,215,1471,2308,888,382,76,243,1589,6467,341,451,591,961,118,3560,389,7,2862,10,211,20,12,1501,187,5,170,7292,2471,37,400,14051,786,6570,523,38,139,18560,22,7579,1348,2074,1477,2084,125,8544,668,109,21,490,42,215,13910,3683,306,2206,297,41,7,814,460,479,48,47,366,1456,230,2713,305,910,354,307,199,31,6,567,105,101,251,133,1191,29,6054,780,62,761,1143,773,161,12562,313,1603,1730,1,336,148,1559,84,4920,11,7,2395,3277,128,243,2867,6455,34,131,2536,3308,1298,1735,1571,77,3,1208,1192,17,29,114,334,16103,1157,12,399,1775,3453,250,4157,122,16,3527,175,113,97,697,45,8950,748,137,441,4602,149,162,373,252,82,29,18,166,1469,146,152,6569,30,13085,1818,14422,1898,7,390,1358,5482,156,732,2813,659,820,2127,9287,3190,89,3744,24,9542,27,1162,42,13800,178,2014,360,30,2798,1392,2098,368,2745,294,48,100,2951,59,1016,96,76,26,506,122,3143,1417,2424,723,17,5132,5,73,5,99,278,133,161,1701,182,328,38,3018,11,417,29,138,2939,1850,16142,4435,466,3967,1499,783,0,4724,7,1234,1045,104,26,19661,108,247,34,34,23499,17,22,12796,412,39,289,1994,57,1013,7026,112,871,311,416,7309,1139,203,160,17,384,331,393,104,176,4867,120,166,147,205,2326,190,26,16,280,14760,87,1306,16088,3737,6622,4709,4563,73,2357,63,4046,267,47,6375,659,597,6328,625,1792,111,84,1249,1953,7405,16,1189,1079,67,28,14,54,7,1830,31,1393,1680,15994,172,20381,188,143,2,6008,12017,9153,5013,92,3983
"ENSG00000099812.9",2863,7,7,5,2584,918,26,1,0,6637,3,0,9,4107,909,278,245,14,1,396,307,9,17,2,4,9,5,11,0,1320,13,5147,14,3,17,148,35,1,2,2,1,583,1,0,3,64,5,9,308,1,0,259,6,78,1,3,0,127,5,377,1,27,7,12,0,662,0,0,10,38,999,346,0,6,0,17,63,19,1660,37,17,17,6999,5018,3,5,3,2,48,5,262,11,100,21953,1,1,1,0,12,198,19,0,1956,21,314,259,57,2,1262,0,2967,1,2,6,6,5,39,14,34,25,0,4,1,0,178,2,10,6,2371,175,7,3,34,4,445,7,12,6,1279,0,14,290,5751,6,155,1151,398,778,156,6868,40,41,1,36,1,0,1,45,2,3,4,370,3,2171,1943,14,3808,1013,1,723,17,10,4,3,358,9,238,1938,4098,0,0,612,3,1,1,12,27,1,14,10,0,2,156,3,2,15,17,76,4,61,0,0,1834,16,4,21,0,670,33,2,55,3163,93,4,373,394,4,0,18,0,19,0,15,10,33,84,95,1,57,18,233,0,126,1,1,4,28,1,3,1,1230,5,2,44,2173,55,1,20,4,0,5,0,1,329,31,173,24,105,3,1403,7,5,1757,7,4,1388,61,16,3,123,11,3,13,1,7,7,1419,10,0,972,8,1767,4,13,0,11,12,45,20,149,22,6,3030,1,9,385,891,2,7,1,35,42,139,1,3,6,1,6,4,2,0,4450,4,206,10,1963,3,1418,8,19,6168,1662,2,39,9,111,5,0,0,2,5,16,11,0,2,50,7,333,4,8,27,0,1,1173,31,2,0,362,1,2,391,4354,3,58,7,73,926,92,3,1024,52,14,6,1704,2,9,2,4,0,13,5,0,189,6,7,13,0,40,0,19,3,1,11,7,224,6,1465,46,0,0,3206,0,2,4043,1603,24,2,149,600,86,6,0,115,1,19,2,316,3,0,14,4,20,1,4,0,10,2,5,213,12,3,0,3,19
"ENSG00000099822.3",41,2,144,16,28,23,25,49,197,861,14,7,51,21,136,15,9,14,16,15,74,4,85,23,41,29,19,7,2,31,100,18,8,26,5,209,30,13,2,8,11,73,214,672,14,0,92,7,10,5,6,17,18,11,1430,0,16,16,8,7,51,41,32,10,3,99,7,8,6,11,68,14,3,6,94,10,63,25,32,36,81,20,70,184,17,214,11,476,79,8,539,60,6,136,60,9,79,11,1329,47,6,15,19,355,90,65,27,5,124,9,66,21,9,10,18,186,25,9,23,2,0,10,21,18,8,3,8,15,16,131,9,7,138,6,148,19,32,4,33,8,3,15,35,11,101,103,246,14,149,450,1,12,5,17,8,2,186,287,275,87,35,131,4,42,9,20,57,733,27,28,156,73,582,8,28,29,412,37,109,16,8,104,95,9,2,169,10,42,41,7,660,27,386,31,9,257,5,270,169,368,0,44,66,11,2,10,19,2,9,7,50,226,33,10,13,371,19,172,15,16,4,32,4,147,5,5,7,15,34,27,27,179,9,657,11,4,3,6,5,6,93,5,163,105,102,354,1,32,16,6,7,26,1,407,15,133,8,23,481,36,51,14,92,61,7,9,5,9,43,3,5,10,25,8,8,8,111,2,79,26,8,50,10,1,82,10,3,15,4,29,23,64,6,964,472,211,176,56,214,131,174,215,40,4,3,6,31,364,10,8,541,5,2,233,16,103,15,42,42,9,14,25,2,36,7,84,7,3,3,3,11,11,9,1073,51,2,4,8,81,8,4,3,6,75,11,3,200,23,5,7,3,116,4,35,16,6,12,80,26,2,5,111,43,99,29,12,498,40,5,10,10,16,10,10,24,1,19,3,166,12,6,9,4,44,15,9,88,32,8,6,65,1095,12,18,8,19,11,26,17,1,4,195,39,5,1066,255,32,7,2,15,13,16,8,21,3,19,62,462,21,10,6,8,41,9
"ENSG00000099869.8",255,2,0,0,99,249,4,0,2,314,124,0,103,0,0,10,164,0,0,479,22,9,0,2,0,319,0,2,24,0,64,0,1,3,0,0,2,3,2,1,0,1,639,0,17,78,1,1,7,4,2,0,11,0,30,1,19,113,0,0,1,0,13,2,27,65,1,3,27,1,2,2,0,5,206,10,0,1,116,0,4,1,0,2,0,265,1,1,0,4,38,0,24,0,16,5,15,5,94,0,2,13,7,1,1,1239,0,5,328,65,88,8,2,1,115,1,960,0,0,0,0,0,5,0,0,6,1,1,279,1,12,16,0,0,5,6,1,24,166,0,5,763,0,7,125,0,0,2206,133,75,4,12,0,2,9,0,0,47,1,0,2,10,1,23,318,7,0,119,0,1,0,0,0,3,12,6,0,3,8,0,7,183,0,0,1,2,5,6,1,1,0,0,108,0,0,10,19,0,1,1,0,1,709,0,8,0,16,0,14,1,71,470,1,0,18,0,0,9,1,2,13,2,674,1,16,9,3,1,0,0,8,2,0,3,3,0,24,3,0,3,60,0,6,23,239,1,0,10,2,18,66,1,23,0,6,79,13,521,1,3,6,2,2,164,6,93,2,11,0,6,0,8,0,1,1,43,0,5,1,1,0,0,1,12,21,215,4,53,86,1,9,0,157,2,45,0,1,0,15,0,4,377,299,24,32,2,2,0,8,1,1,879,0,1,2,1,0,210,0,2,1401,3,8,844,0,14,8,1,0,4,1,101,1,27,0,2,6,1,264,0,6,2,0,7,0,1,1,950,4,9,3,0,5,365,1,11,467,3,54,76,0,3,1,281,1,21,3,17,8,2,1,1,0,0,0,6,0,21,30,3,2,1,1,4,4,0,1514,2,0,9,1003,11,7,396,261,1,1,1143,18,1,0,95,38,2,3,3,0,1,4,2,3,1,10,11,0,1,0,1,429,7,12,12,5,8
"ENSG00000099953.10",8180,14,10734,551,3252,1075,126,44,318,4060,3260,2164,2465,5089,628,62,617,332,210,2699,1035,29,3160,1789,71,84,602,993,1914,1177,3278,2397,2840,613,1109,668,411,401,1835,1643,77,4382,377,404,141,300,134,1861,40,261,46,962,95,554,66,202,258,1860,278,109,222,690,38,325,19,16444,154,60,698,630,1699,1417,448,11,381,44,1398,524,1383,491,556,403,192,707,1181,1015,528,23,3320,105,1245,329,1736,481,119,11,96,669,2527,655,856,46,4152,88,1057,2077,3020,28,2286,793,1998,68,2649,2668,3449,91,2133,90,652,584,19,250,120,149,447,20,271,46,3006,1270,363,51,709,441,932,37,242,290,1158,78,51,4236,3271,225,712,1013,467,2481,2407,1851,98,76,75,532,286,48,93,3702,284,2023,674,278,321,2524,1325,649,732,7770,197,954,403,863,173,547,1126,293,970,1556,8756,80,17,1003,454,1579,422,1069,631,578,275,57,88,434,537,1090,305,5221,140,570,62,1380,106,271,7389,233,26,92,152,792,1162,83,1845,3500,690,183,2702,1454,156,86,2079,683,19,276,1115,1050,155,113,168,122,335,507,570,158,2325,807,208,690,30,153,274,2262,2121,1335,149,117,2209,968,289,149,317,241,188,274,66,313,51,443,110,7670,650,258,980,1125,1646,13255,25,2323,2273,39,235,18,2113,48,1731,72,74,5124,2653,64,123,1619,115,197,204,74,31,4300,49,726,925,783,1701,296,1878,876,798,907,970,150,97,3992,1249,3374,2107,59,203,513,51,536,1006,3202,228,15751,35,390,257,18705,332,1369,728,395,2504,1723,21,1593,1111,733,348,384,309,31,165,583,419,48,75,213,176,538,1404,58,43,326,410,1906,341,197,101,4116,1432,23,87,1100,142,11265,140,59,4030,530,7162,926,143,1372,631,1973,5454,279,168,2943,340,781,56,706,636,1859,906,477,441,86,254,84,433,175,69,207,109,81,2401,1986,89,56,1425,66,42,4273,1442,521,279,16371,1229,18,217,537,1314,14,543,2060,419,304,74,673,2007,148,152,97,1253,109,362,54357,4749,935,32,51,615,96
"ENSG00000100162.15",267,3,126,66,209,133,600,16,33,1010,32,483,648,979,1628,54,26,325,262,54,69,13,103,53,132,86,386,395,130,462,478,333,297,56,28,291,166,80,797,313,45,191,367,13,37,172,51,644,6,72,107,381,103,479,58,307,15,255,1016,121,33,835,80,241,19,167,70,40,2216,528,1615,141,89,4,457,7,628,96,869,229,461,331,286,206,545,131,96,202,70,51,458,177,91,2020,69,12,28,317,457,330,155,21,2158,90,197,235,529,5,859,289,82,41,41,367,188,96,870,93,1154,907,83,449,27,448,506,5,14,631,128,512,47,7,1195,82,924,15,75,17,1009,35,16,1420,156,53,94,1344,540,462,300,302,7,22,290,351,65,397,44,451,274,322,286,364,356,137,1016,306,531,2536,225,1258,46,239,194,887,104,91,219,774,223,120,13,187,125,303,164,168,130,18,99,678,74,1545,689,538,109,941,54,291,38,243,80,1257,490,926,6,954,18,484,1032,417,37,239,1207,108,174,369,21,79,113,343,6,473,331,24,23,14,169,429,78,128,446,226,207,175,45,936,46,139,317,184,29,157,78,38,446,365,304,131,109,100,36,311,18,859,31,260,71,167,68,1395,462,260,1606,983,20,150,528,7,1152,29,517,14,1141,10,36,354,2619,36,101,863,513,1460,134,31,27,596,1,85,299,245,99,80,132,120,304,718,1391,160,43,218,470,84,1660,10,521,56,20,83,187,628,105,422,483,100,101,214,427,291,18,175,181,367,30,522,246,441,29,56,216,18,197,261,95,191,503,13,553,589,88,79,6,101,36,991,785,418,11,551,607,20,37,693,32,890,55,19,255,560,613,83,288,69,107,344,607,23,565,421,58,266,374,193,162,414,719,47,557,6,25,397,139,399,113,59,75,201,434,129,336,393,450,84,27,331,84,132,190,1254,78,13,132,296,110,11,844,80,350,505,306,29,117,634,15,21,217,85,162,1953,372,50,5,44,1382,18
"ENSG00000100167.20",35,0,23,13,612,15,4,51,7,77,7,25,67,47,20,11,92,31,70,34,32,5,193,7,17,9,10,70,9,89,14,138,24,12,46,28,0,18,0,1,11,27,62,33,16,8,22,11,5,15,4,39,11,37,259,32,7,4,1,32,33,111,7,11,2,42,6,4,32,77,1789,19,4,5,1,2,365,49,28,39,74,29,40,64,18,139,15,38,9,5,135,96,8,26,28,2,4,434,251,85,6,12,157,16,42,21,365,10,478,103,38,20,12,6,99,10,132,8,30,13,11,10,6,2,41,6,9,190,36,39,7,6,18,9,372,12,8,5,965,1,5,529,65,6,27,1989,19,33,53,279,5,12,57,14,19,15,5,10,39,34,16,61,42,19,49,58,90,464,96,129,201,2,60,116,42,19,15,10,392,23,5,434,143,138,2,9,39,20,24,10,12,40,144,20,51,987,10,81,0,454,1,66,177,71,11,9,8,187,25,12,55,100,30,10,17,225,72,0,26,7,7,25,1,111,2,6,20,17,25,47,71,27,42,26,2,7,1,1,2,5,69,10,10,195,192,135,2,9,6,63,2,3,2,8,7,71,2,68,48,41,22,5,82,58,2,41,65,9,91,9,7,3,16,7,57,4,9,4,28,83,133,29,27,1,10,7,4,52,5,33,23,143,59,2,163,69,143,22,5,103,42,36,8,4,17,9,1,13,11,390,138,344,14,208,55,79,9,68,20,16,15,129,4,18,17,314,7,8,32,3,9,15,13,125,544,5,25,99,205,9,7,4,92,130,23,5,72,80,31,7,5,485,8,1,4,10,139,178,21,10,82,17,15,414,108,27,306,21,3,18,18,23,4,15,463,2,213,3,67,250,5,64,6,28,11,4,74,125,2,147,140,57,3,33,36,13,51,19,45,1,13,59,145,64,15,61,14,26,1,18,16,2,7,5,20,79,96,1006,919,22,6,30,23,11
"ENSG00000100206.10",15,1,5,3,11,5,10,2,2,14,5,12,7,27,35,7,1,3,19,1,5,7,1,2,112,3,1,98,12,15,5,7,29,10,1,10,12,3,20,14,2,2,13,0,9,55,0,0,2,11,10,58,11,16,10,84,2,5,47,5,1,115,4,5,4,2,2,5,18,122,8,2,0,3,10,5,72,2,27,46,7,19,66,7,68,5,3,1,7,0,29,5,0,32,2,0,3,116,3,16,9,5,232,13,11,4,22,0,276,4,14,3,2,35,2,1,17,5,59,32,7,77,2,0,13,2,5,40,11,26,5,5,23,1,177,2,12,5,9,0,2,6,7,6,10,240,11,7,13,3,1,4,6,23,7,6,2,10,20,32,30,3,46,9,6,18,8,35,10,102,1,7,4,154,3,6,7,15,42,5,4,9,6,84,0,8,44,3,8,25,1,24,52,26,16,23,4,6,0,80,0,630,13,249,2,10,6,101,60,204,2,23,19,20,27,13,0,3,10,4,1,107,10,1,8,2,3,225,7,1,14,6,8,24,0,18,2,4,2,19,1,3,6,4,10,71,25,6,3,35,1,3,2,4,3,162,10,0,3,18,63,30,21,14,0,6,24,3,120,5,5,1,47,3,4,13,13,1,5,132,62,6,2,0,16,6,1,9,2,7,10,3,3,2,17,27,11,5,34,9,42,8,40,1,52,5,0,5,24,3,27,9,6,45,6,9,35,26,4,7,7,30,4,47,12,98,5,1,8,3,18,7,9,12,24,1,48,220,0,3,3,13,9,4,35,44,5,6,9,4,1,24,16,8,5,5,5,19,22,7,1,12,8,3,19,5,5,44,2,8,67,4,6,5,182,3,152,4,13,44,24,84,26,2,10,7,20,5,29,86,7,2,6,8,1,22,46,49,16,4,7,31,4,4,41,9,14,6,35,5,11,11,1,7,28,11,39,13,5,10,5,3,61,4
"ENSG00000100253.13",264,0,0,3,90,16,40,0,3,4,19,0,16,78,300,14,500,14,12,10,25,0,135,4,19,2,13,4,1,28,213,3,6,2,0,3,10,1,1,2,0,166,0,1,1,9,7,3,7,1,9,14,0,4,0,18,2,43,57,9,1,554,0,5,2,6,1,2,13,7,211,12,3,0,0,3,12,22,2,15,143,156,33,3,15,325,9,2,4,2,13,64,6,28,2,2,19,4,12,4,3,3,27,1,257,19,24,1,52,3,1637,3,10,323,14,1,16,7,27,47,0,20,2,2,7,2,4,12,813,133,1,2,266,5,585,2,2,6,56,4,0,29,15,4,10,16,13,76,154,3,0,2,2,17,0,1,3,31,3,75,6,711,66,33,9,12,25,439,1,7,36,7,3,108,1,8,1,7,48,1,1,7,2,8,2,2,3,2,329,11,4,85,65,20,52,36,2,4,0,4,2,6,1108,28,3,16,3,13,13,9,58,2488,49,1,41,1,0,0,2,20,1,0,7,28,3,0,3,128,1,0,26,16,41,1,3,4,3,0,1,4,8,6,9,14,717,24,1,72,4,4,0,0,0,5,6,7,1,1262,2,21,0,1,119,110,3,33,22,2,13,6,7,2,35,1,4,1,61,2,1,140,5,6,16,1,7,29,4,131,6,47,1,2,37,9,142,99,6,3,18,1,6,6,18,8,2,2,0,8,6,11,1,42,177,2,0,1,2,79,0,14,12,112,2,296,9,292,3,1,4,5,2,3,4,55,11,0,4,14,1,5,0,1,9,494,197,2,0,45,34,0,0,166,1,121,1,15,14,32,173,14,167,9,2,171,3,1,4,18,2,1,15,5,22,5,8,113,26,7,0,13,6,74,306,2,8,3,853,2,4,4,594,2,0,17,13,4,13,1,63,6,6,5,21,2,32,0,88,18,4,3,198,80,24,2,1,1,3,66,296,4,0,0,10,1
"ENSG00000100302.7",353,2,33,133,84,50,4,85,18,109,32,31,13,67,248,6,26,36,4,56,29,7,376,98,28,27,19,71,47,64,84,198,63,76,44,111,112,7,24,30,3,235,65,41,16,14,161,92,10,122,44,117,6,15,20,51,63,28,59,35,41,341,6,10,2,58,27,16,97,47,112,139,123,1,101,14,67,79,30,44,99,64,41,55,78,69,59,17,188,26,278,95,19,41,91,7,19,318,60,90,62,1,79,19,55,120,67,8,60,10,154,20,220,154,97,23,224,22,8,36,19,29,44,110,73,6,14,26,149,89,28,6,41,167,113,14,35,2,23,55,4,362,34,3,72,104,35,63,69,46,18,7,128,27,25,9,3,280,44,110,119,27,151,50,88,129,28,66,79,128,6,53,97,69,39,51,87,73,38,10,1,319,46,78,32,63,83,32,50,13,4,317,48,80,90,27,7,12,40,225,24,90,161,105,11,24,31,165,37,14,38,109,32,57,194,71,34,24,149,139,2,73,32,103,7,3,79,41,41,33,28,22,109,53,19,65,4,20,64,59,122,169,51,32,101,94,17,49,72,18,19,38,19,52,14,74,12,118,40,348,77,71,142,42,6,152,64,7,64,10,230,1,23,3,103,6,31,3,25,62,62,88,24,7,21,74,4,188,34,115,11,62,58,66,112,60,54,14,87,106,29,52,56,13,13,32,43,91,66,16,66,96,37,45,47,330,47,167,132,47,193,124,4,70,173,30,14,45,28,17,69,37,104,40,68,16,58,174,32,59,11,68,121,366,26,60,67,69,23,3,10,72,54,93,19,5,60,40,108,15,50,68,50,124,808,30,25,127,91,50,1,39,17,12,21,19,23,12,246,181,22,86,31,62,11,23,174,23,7,18,101,43,15,86,20,49,51,89,50,6,27,10,204,7,408,18,72,26,41,200,75,36,48,65,257,40,14,449,20,86,6,28,54,14
"ENSG00000100346.18",9,0,0,3,67,11,2,2,7,3,10,108,64,2,377,4,6,1,118,5,18,2,1006,6,22,3,1,3,4,5,13,16,6,12,1,12,101,2,2,13,1,13,10,1087,23,0,4,2,8,0,9,83,13,6,206,0,146,2,15,0,1949,5,0,4,2,49,12,1408,2,7,106,27,9,2,2,4,14,10,0,11,22,3,57,10,0,19,1,200,6,2,70,13,2,40,606,4,1137,4,0,13,14,2,2,0,7,5,2,17,98,9,10,81,7,1,7,0,28,0,2,11,396,1,2,3,6,10,19,1,5,28,2,2,1,8,84,1,7,3,20,2,0,41,15,2,81,1,15,4,15,4,5,13,2,1,9,0,0,7,12,4,15,36,0,9,14,11,21,100,0,3,1,3,4,119,7,4,3,3,177,136,1,9,2,6,46,3,2,0,2,2,12,1,4,2,3,1,7,7,0,511,10,0,12,2,2,0,8,1,13,0,1,11,2,0,7,9,826,0,25,2,0,0,1,2,7,10,130,0,0,32,1,1,32,169,23,12,2,497,0,0,6,7,1426,114,17,13,1,35,19,51,6,0,1,8,7,130,6,5,21,13,0,2,12,4,8,4,7,4,3,1,7,6,1,2,2,4,6,1,1000,3,6,6,0,3,0,3,0,4,4,12,18,13,5,1,775,7,11,741,6,8,5,8,1,11,6,3,0,5,1,0,21,3,0,516,39,27,7,227,11,2,1,9,0,67,11,27,7,1668,0,1,41,11,7,230,98,6,5,3,3,8,0,55,23,85,2,0,0,3,4,3,0,5,24,1,0,0,2,2,10,1,1,12,100,36,108,3,6,2,147,1,0,8,2,136,27,0,5,4,2,3,1,6,3,1,7,1,60,5,1,0,35,1439,5,6,0,2,11,0,18,1,5,4,498,2,4,6,3,3,1,6,59,0,4,5,0,1,43,15,444,2,1,2,1811,6
"ENSG00000100362.13",0,10,60,1,4,1,1,4,0,6,0,1,4,35,9,52,1,3,0,6,2,107,3,0,0,0,1,3,0,6,0,4,1,7,0,23,1,9,3,0,4,10,1,3,32,0,1,0,57,1,3,1,32,3,2,0,13,1,1,0,4,21,1,59,29,1,3,1,5,1,0,1,1,14,1,61,1,1,0,5,5,1,3,1,0,1,6,0,5,5,3,0,0,0,0,20,12,4,4,8,10,30,2,3,0,3,2,54,97,1,4,76,0,11,2,1,1,1,1,1,0,1,0,0,2,43,25,4,1,1,12,93,25,1,3,42,0,51,2,0,14,1,6,48,7,6,6,2,1,2,53,71,0,0,7,0,1,5,0,2,2,1,1,3,3,9,9,4,1,1,0,2,1,0,6,0,4,4,1,1,68,174,0,1,0,1,0,3,2,0,3,5,18,5,7,0,68,1,1,3,0,2,3,4,40,1,2,0,10,0,7,2,3,1,2,2,0,2,7,0,30,1,6,0,8,65,6,2,3,1,0,1,9,9,0,5,36,0,2,1,130,2,0,0,3,4,1,6,1,1,5,2,24,10,50,0,53,3,1,3,7,0,11,3,91,0,3,97,3,68,10,20,15,87,0,1,4,37,0,2,0,2,1,93,1,0,72,6,2,3,36,2,2,3,6,5,16,1,0,5,8,60,4,32,4,3,1,0,0,1,0,0,4,44,1,139,0,40,1,3,0,171,73,1,5,0,16,4,3,70,1,6,12,11,0,118,1,5,1,0,104,1,1,3,8,1,0,15,1,167,129,5,9,2,0,64,0,233,1,0,0,7,3,0,6,0,1,1,1,2,3,1,2,9,6,10,0,54,5,1,0,0,4,5,55,2,2,1,0,1,2,1,30,1,1,1,5,2,25,16,0,1,2,1,3,26,4,3,0,7,4,4,4,0,0,0,1,36,2,105,85,35,2,120
"ENSG00000100373.10",33,1,2,616,319,19,30,2,1,48,2,633,77,9,35,2,90,8,1,12,1128,3,23,1,2,485,5,5,518,2,1027,12,918,6,1059,3,6,165,12,25,0,90,1034,0,5,1902,5,2,7,0,22,14,12,120,0,13,17,2263,114,88,0,326,0,3,0,332,10,1,1,30,58,12,1,1,1,5,8,3,2143,804,9,49,8,904,2299,51,1,2,8,10,112,33,53,3167,1,0,0,2,1229,64,3,0,15,0,5,1,23836,3,82,11,924,11,0,4,1493,33,83,0,3095,268,0,0,17,1,56,2,3,2,2931,1324,7,0,394,5,239,4,3,2,2523,0,2,125,6,4,11,15,7,569,75,21,7,20,3242,162,1465,0,0,15,1,0,4,11,21,357,942,6,530,792,5694,2574,656,4,6,25,350,3,133,639,6,1,0,6,4,79,0,4,1,6,6,16,1,12,17,15,9,11210,3,223,0,67,2,73,2098,295,7,1,109,1076,21,0,74,115,0,5,19,69,4,3,185,117,3,3,303,0,0,7,2,289,3,314,728,1,2133,27,20,4,1,2,307,16,622,29,0,8,174,56,659,6,1451,1,1,1,2,4,3,140,13,54,0,8,122,36,431,147,0,8,577,3,2,6,421,0,1077,0,26,5093,5805,75,0,1036,4,695,4,3,0,135,5,100,140,60,8,3,10,2,9,21,18,2,0,5,2740,63,20,6,406,1,0,1,8125,789,0,1710,1,41,2,2,567,98,8,42,5541,73,1,490,8586,60,8,3,0,12,0,268,4,2,1,11,1,12,2,0,5,1,18,3411,1305,0,2,39,607,4,3,10,3,8172,1,7,285,2,331,14,85,6,14,347,140,1,2,455,6,1,5,4,334,225,1,2,32,3,1,6,0,15,6,0,24,3,1595,923,1,128,373,1,0,8903,41,11,6,8999,15,3,2,2308,790,0,5,22,63,11,1,8,3,7,8,2,0,258,35,8,1049,4,1,1,1410,10
"ENSG00000100473.18",411,0,9,52,1022,277,46,2,44,191,4,5,15,15,103,6,172,248,11,2,859,4,29,124,198,143,899,431,22,14,4,118,1039,19,463,5,4,60,0,0,7,115,61,2,8,5,142,1,7,10,0,19,5,14,180,99,3,15,13,41,4,362,0,224,0,1,124,13,620,922,994,117,24,4,3,6,612,34,300,13,298,266,536,114,570,48,6,173,187,34,647,303,32,29,0,4,2,4,334,320,324,29,754,2,131,12,1264,8,86,950,396,11,9,238,79,25,1359,150,1040,44,1,157,3,133,280,8,7,2,274,15,1,4,0,6,174,10,1,7,199,1,4,180,7,30,24,747,154,109,63,4,7,6,107,100,9,257,99,3962,311,502,160,128,433,316,10,172,5,1810,152,360,10,226,3,14,36,26,135,36,282,1,6,818,180,1299,5,6,28,30,316,91,2,123,314,1231,276,778,11,1,4,418,14,828,195,4,1,155,5,935,2,30,243,458,1521,633,80,10,4,11,583,6,0,267,465,14,16,9,83,2,3,347,171,240,186,104,6,11,8,1,23,257,50,162,6,93,205,288,62,83,15,3,5,0,7,3,9,3,19,6,7,29,446,74,4,99,6,333,14,6,25,0,6,11,281,4,1,83,285,1,1,342,331,61,82,0,2,7,4,23,8,21,7,2,8,538,106,118,1,31,8,22,1603,27,852,2,544,24,122,2,177,156,47,10,683,312,420,22,3,125,33,154,31,23,0,14,3,407,11,2,14,5,5,63,8,272,69,17,1,207,0,7,1,5,10,176,454,145,79,127,126,16,9,560,95,514,51,9,2,108,345,46,5,265,6,159,9,164,619,36,22,508,17,0,69,20,62,2,1217,5,3,137,834,409,76,12,5,64,21,79,66,734,9,1,6,880,1,808,7,427,30,1,40,176,289,15,5,2,150,424,4,121,337,73,76,24,490,22,183,39,15,24,7,4,7,8
"ENSG00000100526.20",208,1,22,109,674,485,170,92,23,486,107,1506,983,1176,779,19,76,473,651,95,276,29,139,186,153,235,361,427,344,281,509,223,427,57,90,312,230,115,671,206,43,206,847,18,20,254,91,941,22,43,194,860,85,570,223,225,23,752,1212,1353,97,743,103,724,56,1059,72,59,1105,826,378,266,111,10,153,7,518,251,3637,473,623,187,542,482,522,445,137,226,142,39,1144,333,237,220,71,8,20,342,644,1044,230,20,1672,138,226,374,416,19,1499,610,374,36,52,434,159,170,1472,319,1294,1448,193,435,46,386,417,14,42,355,568,287,66,8,861,85,837,16,163,15,829,43,10,1512,169,28,137,2236,674,239,715,284,24,8,539,610,44,449,124,575,633,331,465,240,698,311,504,912,478,781,1356,2024,593,335,418,2637,153,110,321,582,197,225,32,261,250,486,89,247,576,59,415,712,63,2560,1218,650,205,1049,36,395,70,707,47,976,561,2084,8,471,17,1323,601,349,61,729,912,326,956,147,43,35,315,780,9,341,469,39,20,9,311,1403,148,207,821,263,510,374,52,610,31,129,424,422,57,188,28,91,431,1273,170,157,172,144,35,294,34,652,17,196,60,157,155,1739,762,330,1311,633,23,306,182,10,1018,15,371,11,317,17,123,653,501,4,120,495,345,788,247,13,51,1148,11,287,316,314,60,123,514,108,428,641,2020,193,195,33,357,40,3030,25,495,77,39,131,265,631,125,1232,382,376,561,1419,1770,510,109,264,1026,269,34,537,597,542,39,102,193,10,678,381,116,695,950,22,482,2335,102,63,8,152,166,545,1459,611,51,228,944,18,39,589,46,577,70,42,704,151,683,171,335,57,161,166,666,49,206,638,71,326,866,261,291,423,1113,87,306,16,41,468,127,350,263,61,118,144,1286,241,629,267,341,154,16,1041,326,944,273,2817,86,10,108,426,118,44,1124,79,891,626,319,84,74,295,43,26,355,354,165,1897,923,85,3,41,1926,13
"ENSG00000100577.19",332,8560,1417,1222,140,367,685,1719,5121,3273,691,972,843,1135,2197,6360,351,1837,885,590,801,5359,420,1476,3611,2686,2368,1820,830,1781,445,839,1639,3670,1947,1757,2230,317,1612,874,4111,338,577,4078,4572,2031,1343,765,3268,11238,1948,751,8213,903,2206,2218,6780,558,6501,688,3101,1225,1113,3841,2952,875,4585,1868,820,953,676,1046,893,6255,4651,6059,896,482,1275,1062,2144,915,552,1555,1563,918,678,617,1003,656,2435,2367,336,834,614,2399,13216,4327,2144,600,2809,9125,1466,580,1027,955,1152,6608,1199,1277,1118,2784,591,1287,317,7841,505,265,1061,1385,1184,2150,4524,3425,684,7119,2927,882,642,540,2860,2703,331,1397,901,7201,1450,6933,311,886,2527,1842,897,6148,654,663,811,306,735,739,6905,7534,3101,4823,2052,796,1893,1734,974,2945,999,1161,909,638,137,1392,812,1479,3666,1040,613,1078,1537,208,1226,623,1309,3738,636,2876,5355,979,526,796,4440,2000,1530,1607,1557,2112,1720,1028,335,1993,1127,736,7071,1857,3080,1211,670,2693,1007,2454,7967,858,2529,1015,1742,1513,1982,787,784,1333,1096,675,876,7281,1133,6040,8644,7750,2777,469,1066,5069,1866,1615,402,639,736,1745,581,2406,2306,740,5581,4532,1799,3928,850,1340,2138,1134,125,797,259,2145,775,4436,1196,1282,3850,1117,4945,1062,6710,672,448,493,2487,7089,286,326,4013,756,440,4392,3354,6137,573,3428,1307,4872,583,1012,2853,7243,2047,1240,1941,941,2778,5890,3460,917,3763,1240,959,263,2492,1070,769,2804,3809,1676,2352,1867,19621,979,1256,918,1221,1468,1486,1255,2763,1498,2334,274,6467,302,4548,630,228,1701,1671,442,1215,1866,382,1024,4906,180,5662,1391,2419,2548,699,3738,678,992,3584,929,520,9427,3504,906,1124,1341,8981,7003,549,685,988,1508,5738,955,788,2766,3985,996,7643,1641,238,4301,223,219,752,149,1280,2174,2715,209,766,1963,182,1164,3557,1211,1384,1796,195,1447,2731,2414,6883,4706,5617,2470,4176,3565,8470,2060,4914,740,1301,1803,1462,383,469,754,4931,1393,223,564,6735,3382,1877,4289,1060,2998,956,590,727,1052,345,350,5259,1698,777,3403,1254,3098,824,479,3511,984,2482,4664,10604,6097,2565,5412
"ENSG00000100593.18",1,0,0,0,0,1,0,0,1,4,214,0,5,0,0,0,1,2,0,0,0,0,7,2,0,0,0,0,0,0,0,0,0,1,2,0,0,2,1,0,0,2,0,0,0,0,0,0,0,1,0,1,0,56,0,0,0,1,1,0,0,7,0,0,0,6,0,0,0,1,1,0,0,0,0,0,0,0,705,2,5,1,0,3,0,0,1,36,2,0,2,43,0,4,0,1,0,0,1,0,2,0,0,1,0,0,0,0,200,1,5,0,1,0,114,1,0,0,2,666,0,0,0,0,2,1,0,0,0,1,2,0,0,0,0,0,0,0,4,0,0,1,1,0,3,0,1,0,269,3,0,0,0,0,1,0,0,0,0,0,1,0,0,1,0,0,1,10,0,0,1,0,0,2,0,0,0,89,0,0,0,1,1,0,0,0,0,1,0,0,0,2,2,1,11,0,0,1,0,1,0,1,0,1,0,1,1,0,0,1,1,1,1,0,0,0,1,0,0,1,0,0,0,0,0,1,0,0,0,0,0,0,1,0,0,0,0,0,0,1,0,0,0,0,0,2,0,0,0,0,1,1,1,0,0,1,1,4,130,2,0,1,33,3,0,0,0,0,1,0,1,0,195,0,0,2,35,0,0,0,0,24,0,0,0,5,0,0,0,0,2,1,0,0,4,4,19,2,0,1,2,0,8,0,7,0,0,0,1,1,1,0,0,0,1,11,453,0,6,0,0,0,0,0,0,0,0,0,0,0,1,0,0,2,0,0,0,0,177,1,0,0,1,3,1,0,1,1,257,3,0,10,1,720,1,0,1,0,85,0,0,1,1,1,0,0,0,1,0,0,0,2,2,109,0,0,0,1,0,0,1,0,0,2,0,0,3,1,0,3,70,0,0,0,1,0,0,95,4,0,1,0,3,0,3,0,28,1,0,4,1,0,0,2,0,0,68,9,3,1,2,1,22,0
"ENSG00000100604.13",0,0,0,3,2,1,2,3,1,0,0,1,10,7,6,1,0,3,0,0,1,2,1,2,5,0,1,3,0,4,0,8,8,1,4,1,11,2,0,0,7,1,3,1,0,1,5,1,2,4,2,0,1,30,3,17,4,2,3,4,1,6,0,9,1,3,0,0,27,3,3,15,6,0,0,0,1,5,17247,12,24,3,11,6,4,1,3,2,7,1,2,2,0,0,0,0,1,8,4,1,53,0,1,1,3,3,10,4,5520,0,9,1,0,2,1,8,13,2,80,34,5,7,1,12,4,1,3,4,3,1,2,2,67,19,166,0,2,0,88,10,0,7,76,2,0,4,1,0,3846,0,0,2,3,40,6,8,5,4,1,0,5,28,4,0,0,6,11,21,0,7,0,7,5,1,24,0,5,6,0,0,0,74,1,2,1,8,1,1,0,2,2,4,42,9,12,33,0,55,1,105,1,4,0,2,0,0,0,2,1,0,1,14,2,5,6,0,6,2,3,8,0,2,0,0,0,0,11,23,0,2,5,5,0,19,1,8,0,4,28,21,5,9,0,1,2,59,0,38,0,5,0,2,1,3,1,0,1,1,6,21,16,6,5,1552,0,3,54,0,11,0,4,0,67,0,21,14,69,0,2,9,6,3,3,0,47,2,0,0,8,4,0,4,1,36,17,563,1299,5,1,2,1,0,80541,2,71,0,0,2,2417,1,1,2,10,8,58,1,4,21,3,7,0,0,0,38,113,8,1,1,1,0,3,2,9,14,15,0,3,13,1,4,0,21,1,0,1,6,1,7,36,2,42,5,1,542,0,1,7,4,54,1,15,25,7,0,0,2,0,39,0,6,15,2,28,25,7,7,9,1,1,12,12,3,3,1,0,0,7,1,0,1,208,0,1,2,1,2,38,6983,7,1,15,4,5,1,10,1,8,8,0,4,1,7,58,18,3,1,0,24,36,0,1,1,50,1
"ENSG00000100625.9",292,0,43,33,248,156,76,0,49,128,260,48,331,259,15,10,105,49,67,122,2,2,15,18,11,53,13,181,5,51,7,106,47,2,23,330,1,7,87,266,8,21,51,126,11,11,17,5,6,5,9,16,2,83,166,34,42,57,4,0,30,68,104,13,1,377,18,33,84,63,474,57,19,0,32,20,318,5,11,57,22,2,383,2,1,10,47,3,33,38,73,97,197,42,0,5,89,10,233,112,44,9,9,15,15,42,96,5,185,58,33,9,26,3,74,17,79,18,13,17,13,9,2,130,61,5,3,2,97,49,80,6,59,56,1,5,97,5,94,1,2,58,115,3,30,132,188,158,127,28,4,2,79,45,14,1,32,60,1,19,8,30,94,161,7,5,46,12,123,128,22,1,302,615,1,12,112,0,1412,3,6,9,336,0,30,72,97,1,6,25,31,428,129,7,27,15,1,74,174,31,49,114,307,70,5,3,3,56,7,15,8,127,215,2,130,147,75,116,89,111,4,0,13,39,7,1,44,545,25,24,321,9,82,117,5,38,3,23,6,1,3,143,15,4,118,83,44,48,7,60,18,7,12,55,4,0,4,8,3,247,4,1,77,138,10,213,141,4,134,0,137,7,74,0,133,67,80,1,72,22,13,72,52,1,2,26,9,6,107,3,24,23,98,82,105,253,106,43,4,234,167,21,277,4,0,4,16,3,3,38,10,33,3,110,67,557,95,105,62,36,81,147,0,12,19,4,8,121,10,0,10,34,59,8,117,6,17,72,225,162,0,154,25,22,28,14,0,4,48,0,2,178,30,52,13,5,114,147,144,5,71,89,18,42,14,65,60,329,53,15,4,5,12,114,63,5,55,12,1,67,5,36,2,2,5,15,8,104,6,6,269,28,5,291,35,60,3,335,57,4,37,26,7,1,10,28,47,8,0,25,109,11,58,6,9,90,26,338,346,10,10,1,24,3
"ENSG00000100739.11",220,0,82,12,12,3,2,5,43,30,9,0,11,23,23,13,4,5,0,31,19,7,22,15,70,7,3,20,5,18,13,12,57,46,3,410,84,0,3,4,14,25,10,4,5,8,69,23,3,23,3,152,9,17,2,0,3,0,42,10,2,6,0,13,1,4,21,4,23,4,422,12,4,2,6,1,9,6,3,1,69,81,419,2,18,49,2,86,161,0,31,27,14,25,23,1,1,15,13,12,6,33,24,2,9,28,6,4,30,9,7,7,34,31,1,6,126,5,3,5,0,6,0,42,6,1,18,64,22,20,3,0,57,6,15,2,0,0,2,38,1,46,59,0,13,41,3,18,8,98,0,6,14,10,4,0,1,12,3,13,45,10,57,19,9,75,15,37,2,17,0,13,4,4,7,7,6,35,4,2,0,444,2,9,5,9,9,5,11,2,7,3004,29,29,9,0,4,4,60,15,7,6,14,23,0,3,3,6,6,18,8,37,21,1,30,24,6,0,115,47,3,5,1,9,2,1,1,4,5,6,17,27,5,0,9,2,0,23,13,17,18,28,2,6,64,3,0,5,15,3,2,1,1,4,1,9,1,11,4,4,20,28,7,39,3,16,3,2,159,2,31,1,20,0,30,7,10,2,2,6,11,0,1,2,1,13,0,2,2,4,24,7,9,22,20,129,24,2,120,87,16,5,30,1,2,0,2,7,3,15,11,14,8,2,7,148,43,9,94,22,37,54,2,7,8,4,18,1,1,2,27,2,9,1,6,1,3,17,5,133,1,0,11,17,100,83,45,0,9,9,3,78,31,20,0,3,17,164,2,5,3,4,8,45,86,27,2,4,6,1,60,2,1,9,17,8,35,15,0,4,116,24,9,23,21,20,15,29,1,3,14,0,0,18,2,4,24,4,33,2,4,12,9,4,6,27,9,2,12,50,14,15,2,3,7,21,81,25,46,4,1,13,3,7
"ENSG00000100987.15",276,0,0,37,46,36,25,4,16,1,0,0,10,53,115,2,2,2,2,6,6,6,3,36,7,52,21,2,11,67,11,40,26,12,10,9,7,15,0,0,3,72,42,0,6,2,24,32,2,48,0,9,6,13,0,4,3,1,0,0,0,38,0,2,7,3,4,11,3,11,108,15,31,5,3,1,29,1,0,9,9,13,14,1,3,0,22,0,13,16,62,1,6,50,1,1,0,8,75,11,20,0,24,0,2,5,3,0,33,31,0,6,1,10,2,20,136,0,16,0,0,18,16,1,12,7,2,0,2,159,33,5,29,43,4,3,1,1,3,7,5,167,29,5,3,0,26,8,2,0,0,2,1,39,29,32,49,55,0,6,1,16,38,8,49,19,67,40,6,3,1,15,0,10,5,12,38,0,76,25,2,7,2,30,0,20,0,1,55,0,18,1,16,26,1,7,2,11,0,6,0,4,7,81,0,0,5,3,7,0,6,2,52,6,51,0,5,0,34,104,0,1,1,52,1,1,0,0,2,47,22,19,32,5,0,62,4,0,9,62,1,59,5,1,59,84,12,5,0,0,9,23,4,0,0,15,1,17,6,1,18,0,11,11,5,0,29,1,56,0,88,3,3,2,27,3,70,0,0,26,18,53,5,6,0,0,1,5,0,11,0,9,6,51,6,53,4,0,14,2,30,3,0,0,1,0,10,7,1,6,0,2,0,27,0,0,15,39,10,11,10,160,1,10,47,0,1,0,9,6,3,41,19,1,1,2,5,24,2,31,0,70,42,3,8,4,11,0,9,5,2,28,7,3,0,1,7,64,23,10,8,4,3,43,15,3,13,0,2,9,1,1,12,5,15,16,1,11,2,10,1,4,25,2,2,3,3,18,3,1,16,3,1,16,0,30,94,12,4,1,7,31,47,0,69,1,10,5,0,2,6,1,26,8,10,112,30,4,1,2,0,0,1,2
"ENSG00000101003.10",133,17,70,88,922,360,240,71,25,637,50,509,1620,2860,658,66,49,545,616,140,147,32,138,179,203,255,167,982,88,454,987,548,480,102,196,437,232,120,426,235,63,680,925,63,68,189,74,284,25,86,150,1108,308,1177,294,724,39,734,1753,809,92,1118,110,644,30,577,164,85,1754,804,850,129,76,15,100,22,775,171,1286,846,773,613,471,238,848,165,105,212,124,6,413,322,214,249,73,24,50,690,1092,898,79,66,685,102,139,632,706,24,2811,266,215,75,77,569,463,137,1673,165,988,1643,87,407,68,226,364,17,23,463,557,801,122,41,1090,85,655,59,153,29,1701,29,55,1715,421,128,207,2132,351,570,420,450,40,28,423,505,96,336,75,704,514,477,148,98,811,247,453,656,1163,943,815,5241,206,165,395,2588,123,132,174,308,162,246,31,320,202,741,232,145,387,93,136,1559,68,2498,643,1015,117,658,47,146,54,1140,123,1417,880,2221,21,437,42,704,240,606,100,948,600,180,728,775,20,42,202,617,11,283,285,48,122,19,182,1513,41,316,766,233,259,354,28,502,30,133,350,180,70,242,60,67,921,805,402,67,169,200,32,106,42,343,57,341,227,153,177,895,999,337,2398,1342,35,267,541,21,1576,35,737,22,1143,43,78,503,740,43,90,818,712,654,291,15,93,794,18,93,216,289,122,80,164,64,197,946,2123,139,87,413,924,52,2359,36,326,36,36,84,291,1368,189,1436,225,262,282,314,1920,544,30,185,507,702,51,1859,416,436,52,243,149,17,736,243,151,150,829,76,406,2206,122,78,31,208,100,544,1270,412,62,91,488,14,80,965,92,1677,79,71,949,642,588,90,527,109,130,494,1311,62,141,1124,51,110,822,380,104,291,1348,78,630,13,102,489,118,478,240,20,153,144,683,235,373,1028,804,121,81,522,135,264,313,1814,170,27,188,614,168,52,757,100,558,828,218,70,197,280,88,39,210,200,270,1116,814,157,29,49,1934,55
"ENSG00000101057.16",174,5,151,140,965,762,1641,52,33,1194,100,921,1897,9463,3735,67,96,723,1148,186,247,36,285,162,208,328,627,899,263,711,967,947,1386,103,113,429,874,184,1177,544,110,1100,1704,18,48,285,78,1227,36,67,227,3916,161,3274,85,505,30,2188,2497,787,31,1832,94,1377,30,539,172,35,7297,731,1870,279,125,15,224,28,3332,351,5781,1335,2203,1109,1256,459,1370,306,147,563,198,43,985,881,543,9058,219,10,18,594,1321,1866,112,43,3764,68,285,2130,1257,29,10019,417,314,62,87,481,1256,342,2924,310,3481,4750,89,854,55,372,1032,8,31,331,1057,1619,87,16,4328,124,2737,20,105,23,9403,43,8,3020,1138,61,298,4497,893,3527,2084,978,38,32,1250,707,84,762,174,1608,826,566,696,440,3663,497,2303,1448,5348,5715,1287,15247,261,230,185,2447,159,271,429,1440,411,373,21,867,193,826,149,360,412,35,227,2952,87,3595,2144,1536,272,6936,58,350,22,579,95,3411,1854,4366,9,2369,161,658,993,225,120,2057,3697,428,758,1364,23,39,749,428,9,625,1944,59,20,20,240,2315,124,197,919,231,852,759,62,1479,21,63,488,482,160,231,69,120,1741,1100,827,172,177,88,32,261,22,1104,29,322,75,831,306,3021,1289,510,8880,7289,50,480,1319,30,2407,32,2452,33,2982,25,197,1183,4834,21,65,2101,630,2594,132,16,38,2816,22,250,1961,690,186,110,227,122,433,3471,5634,100,83,298,1373,292,13362,44,1957,124,34,185,261,4974,73,2226,357,329,384,729,5071,1375,59,301,1187,774,15,3744,1072,1205,46,205,448,29,1571,980,143,397,2670,32,357,2921,65,187,13,116,102,3020,4300,376,21,1068,3180,26,179,2774,68,4506,72,39,601,1762,2806,161,978,110,192,2052,3030,61,1582,2509,58,346,1184,437,651,806,1143,101,1576,18,62,468,102,1602,137,102,166,264,2054,440,998,1041,2681,100,41,1495,222,350,320,5090,136,19,208,1800,438,40,3558,82,1959,3074,212,86,218,349,37,28,380,156,476,4386,1680,87,9,35,3838,38
"ENSG00000101144.13",18,0,882,1,218,18,0,0,0,6,10,0,17,2,1,6,988,1,1,46,0,0,21,0,0,0,0,2,1,7,938,3,3,0,1,1,6,0,0,0,1,95,0,0,0,0,3,1,9,0,0,7,1,2,2,14,1,0,0,0,16,1,0,0,0,136,1,0,3,3,2,0,1,0,0,0,9,5,80,7,2,6,0,55,2,155,4,1,7,2,580,2,1,0,0,0,0,17,6,1,2,0,4,5,0,76,0,0,5067,0,4,0,1,5,39,1,39,0,0,1,0,0,0,2,7,0,11,2,7,6,1,0,3,0,4,1,0,0,0,0,0,1327,13,5,87,0,1,30,1,0,9,0,0,44,2,0,0,7,0,14,2,5,3,1,466,0,2,15,1,0,5,0,0,5,6,0,1,2,5,0,0,27,1,1,0,0,1,0,2,0,0,11,3,3,2,0,1,1,0,11,0,6,35,13,1,0,2,0,0,1,272,4,0,8,7,10,15,0,20,1,2,1,0,0,0,0,1,28,0,1,4,2,29,13,0,1,2,0,0,0,236,7,6,49,39,1,0,0,2,1,0,0,0,85,5,3,2,1934,1,81,0,3,0,6,0,26,39,1,9,0,12,3,1,0,0,338,959,4,0,10,0,2,0,7,0,0,1,301,1,2,1,1,28,0,11,236,37,0,0,9,1,8,2963,0,0,4,0,0,25,1,1,658,5,1982,1,43,0,527,19,0,493,13,0,371,1,1,1,0,2,1,2,1,0,1,2,3,1,1,0,0,1,0,1,368,0,2,0,188,1,0,114,9,0,1,1,0,1179,2,2,9,3,5,3,747,0,1,0,13,0,0,0,0,10,0,1,3,1,0,16,5,4,2,3,0,0,1,14,1,0,0,7,0,3,2,4,8,2,5,7,3,3,0,664,0,0,10,0,0,0,5,5,0,0,2,4,0,1,4767,272,6,0,0,7,0
"ENSG00000101210.13",6108,15,5,1942,2864,571,9,34960,293,70784,57,1,43,3,93,281,3525,513,7,39,12801,9,4188,23158,7,2,10,18,5,11,8,54,13388,29879,10608,9833,4209,16905,3,7,199,17562,4,78,504,0,9342,576,69,198,15,16956,715,18,23274,111,7614,5,11,1248,3163,4068,78,25,24,1312,10,3091,8994,2105,81,9476,23068,82,6,8,2132,7683,12,24,6101,6208,641,15708,10,13914,8802,4096,151,762,13846,32141,8,11720,30529,39,3411,3,55,39,1641,24,141,1114,1647,3581,6,69,703,6,1272,39,12,24,60,4934,238,3,17,484,2090,5345,1846,1,15606,19,654,1197,1171,100,2692,3,35,13110,11862,76,907,7,9062,1472,98,1366,231,2164,2177,90,29,11875,215,30840,44,15,10,19,1545,5628,26758,6803,173,474,2657,16638,100,2055,25,10170,1674,6441,85,67,66,35,910,1323,2528,2938,72,692,2286,30,1,2511,22552,224,307,4543,28,5015,35667,15,2806,23,19,7360,6175,11,17,2042,0,9807,2699,517,14757,2843,16,41,913,6706,1054,21,7878,7342,33,9,115,5563,6757,0,13710,7728,8,167,9,14247,56,42,13575,30,7345,35,124,1175,5191,12438,531,12279,26,1,561,38,3205,11398,24218,152,5031,1023,1,7315,22,1225,5,8147,3,21,13,222,16,12538,13992,1091,1074,1,156,12,53,9136,4278,101,9,70,575,19,7,15,464,4,47,1181,25879,27,3,387,3,44,5830,307,17,2416,21,4870,266,9618,507,20,15270,9542,2242,16127,57096,4009,5034,4810,68,571,20,3114,3,6289,178,58,42,3066,62,23132,5206,26749,1,99,736,1019,458,7827,8,12,9537,4980,205,265,12,132,262,12,233,508,98,32,13076,3,7,429,5,2,20281,21223,30,15,141,2995,9,9,19,19865,3,156,3480,12,595,11759,5,2731,4,20,5470,5060,11,1706,2499,36,43,190,2868,4178,168,19,9899,23437,623,295,9655,4,4,4,34073,23838,5268,580,1431,565,18,4065,187,12631,548,298,37,47,6322,11,1376,53,1,107,3519,2565,127,8,91,40,6,193,9553,6,4437,1722,43749,219,1855,309,408,1164,7,2091,20475,328
"ENSG00000101311.16",371,13,59,81,1133,436,36,0,4,58,1466,4109,733,603,219,113,9,34,897,86,122,17,32,47,272,202,81,4,27,409,6,1244,224,16,212,504,672,129,1390,2739,2,107,9,350,75,35,65,260,41,22,111,11,95,665,323,60,256,53,4,6,518,187,0,21,16,8,5,894,399,38,717,126,6,9,9,17,138,37,444,86,1230,1,403,424,445,2,1,588,119,8,266,364,167,0,131,8,598,1,400,296,28,41,670,265,42,11,260,20,613,11,365,55,113,31,3,29,63,16,917,1637,602,0,54,366,130,8,10,1,46,271,24,27,478,87,225,33,18,8,43,1,46,355,474,91,49,265,168,168,44,25,13,24,344,78,53,234,8,38,512,10,129,14,414,66,391,24,648,27,42,1628,374,0,1788,0,47,198,151,96,1780,839,4,12,1073,10,571,60,39,69,13,56,2,277,2,85,5,99,75,217,577,23,2,60,139,31,9,109,7,144,34,27,45,186,197,10,64,195,122,317,101,1050,8,0,1,8,77,31,407,2015,36,1727,81,0,308,2368,106,1040,23,356,0,8,77,26,333,22,478,424,245,32,87,24,22,0,10,187,31,3,68,24,1766,648,68,0,968,29,13,273,246,36,5,29,620,37,280,34,46,46,443,50,152,189,0,775,20,15,2,36,10,17,4,568,129,22,246,214,570,286,48,222,0,978,242,9,435,57,86,127,14,5,304,404,576,46,178,341,567,18,879,420,67,129,13,449,28,384,268,10,88,2681,466,28,1666,9,94,12,1605,46,197,865,954,96,16,2240,13,523,132,8,1,3,53,15,371,531,14,48,276,31,143,95,528,156,109,13,310,429,1638,35,0,47,106,14,27,699,152,567,0,3,0,24,6,5,28,11,112,15,65,109,220,262,266,104,142,180,44,966,24,354,252,416,250,28,126,0,11,471,507,118,392,0,1,111,209,6,7,14,18,264,7,851,4,43,16,1,239,26
"ENSG00000101342.10",212,1,56,46,159,41,17,78,16,307,4,29,16,161,130,7,10,32,2,32,69,9,28,63,5,29,44,20,31,213,214,249,22,7,7,19,74,26,5,10,25,197,16,7,14,29,29,5,10,8,12,126,17,45,1,23,21,29,17,16,14,130,6,62,12,5,6,11,132,49,634,68,0,2,11,3,102,22,43,47,23,112,43,169,9,5,59,9,14,26,182,23,30,227,2,2,27,9,9,56,10,6,138,2,18,14,57,7,36,7,114,15,5,104,5,8,118,55,331,172,4,31,4,22,37,2,6,15,71,240,30,5,101,46,99,7,6,8,227,48,4,113,106,17,140,57,239,159,59,675,4,10,7,10,25,77,11,16,54,42,28,38,94,113,127,90,241,49,43,210,87,37,8,21,27,42,81,76,51,23,1,13,13,82,3,25,44,28,21,24,4,44,33,168,50,12,2,101,0,94,3,26,141,11,1,132,7,60,39,16,17,113,140,15,26,191,11,12,22,55,1,17,31,41,10,8,3,19,51,49,72,5,54,10,15,84,4,7,11,22,13,29,5,4,269,65,2,23,39,10,8,23,2,189,8,48,8,108,21,49,53,9,186,22,13,55,56,5,20,11,107,4,79,5,35,3,71,2,11,130,15,137,7,6,1,8,2,27,39,63,22,44,87,52,76,28,193,12,144,25,63,17,21,15,100,7,4,7,13,31,4,85,10,67,60,11,30,164,16,62,220,116,4,153,32,20,5,2,27,3,7,40,45,18,49,8,1,84,5,10,2,9,41,177,137,33,6,24,9,4,19,656,9,112,2,9,45,6,17,68,5,92,15,255,7,2,47,4,4,58,47,15,35,11,198,9,7,5,16,44,5,61,91,53,49,90,61,43,73,101,79,3,4,44,32,12,43,43,28,3,37,4,33,2,27,65,65,23,17,10,56,43,17,10,37,54,26,23,6,8,9,11,14,11
"ENSG00000101412.13",360,16,356,159,1633,385,790,236,73,1221,206,2149,1500,3484,1119,112,85,1321,1126,184,317,41,260,223,382,389,825,2793,280,590,937,590,540,532,267,1168,422,240,1502,820,296,664,960,101,77,898,101,1101,22,341,214,989,455,1569,258,18286,41,832,3055,5200,102,1525,264,2361,70,345,575,230,5611,3224,1285,316,323,12,736,26,1795,306,2458,1000,785,1562,1108,585,1678,231,291,612,211,53,1521,398,237,1775,197,45,169,5793,1020,1075,235,76,3352,277,301,700,901,24,2989,505,275,39,142,2155,403,322,2342,2682,1307,2113,119,973,103,735,1314,7,32,4315,905,995,242,26,1918,322,2176,36,337,51,4151,66,89,3402,330,247,308,6184,800,2494,651,593,25,52,1424,1761,163,667,123,1681,1217,897,1924,379,1419,376,927,2347,1221,4075,1594,3387,428,694,637,4186,294,247,410,528,479,361,17,619,935,1456,755,418,1163,75,374,2577,182,3675,1622,1743,400,2934,124,336,75,2566,329,2992,665,4997,5,1952,95,1789,3104,2581,119,939,896,873,533,995,114,136,322,769,11,1929,692,101,139,46,548,2149,361,785,1343,1054,409,661,81,2080,73,364,599,477,118,258,179,82,2895,1092,616,328,253,431,66,504,46,819,103,5996,304,444,251,3785,1906,571,4219,3033,27,363,1251,15,5327,37,972,15,1375,27,384,786,1830,117,317,1192,3497,2103,1682,45,71,1084,11,179,546,1163,213,264,434,161,1983,1200,5828,222,223,664,1974,171,3671,36,900,101,127,203,602,1588,366,2509,1452,1022,441,732,1287,484,67,360,795,1256,58,1930,1069,2842,47,332,561,40,566,568,197,1432,2035,27,1071,1801,362,198,19,313,623,1021,2259,1099,58,770,890,22,53,1343,149,2319,188,55,924,1904,908,192,761,173,123,732,2554,122,959,961,158,789,6232,572,256,478,3440,297,1158,11,134,1654,541,2101,402,152,311,426,1662,368,1034,4628,940,263,77,873,248,608,530,2026,276,22,329,1436,246,52,1465,308,467,1145,831,80,367,3077,75,26,663,487,367,1788,1006,71,24,188,2613,37
"ENSG00000101441.4",25,0,0,0,0,0,0,0,0,29,2,1,239,3,2,15,0,0,25,0,0,0,0,2,0,0,0,0,0,12,0,4,0,0,1,2,216,0,0,1,0,4,0,5,0,0,0,0,0,0,0,5,0,3,0,0,0,0,0,0,0,0,0,0,0,0,0,0,0,0,0,2,0,0,0,1,0,0,2,0,46,0,1,0,0,0,0,0,0,0,0,216,0,0,417,0,0,2,0,0,0,0,12,0,0,0,0,0,1,0,0,0,0,1,0,0,0,0,0,310,0,0,0,0,0,1,0,0,0,1,1,0,0,0,0,0,0,0,0,0,0,0,11,0,0,0,9,0,0,1,0,0,0,0,0,0,0,0,124,0,1,0,0,1,3,1,1,0,0,0,0,0,0,0,3,0,0,1,13,0,0,0,0,0,0,0,0,0,0,0,0,0,1,5,0,0,0,0,0,1,0,0,0,0,0,1,0,0,0,0,0,0,0,0,2,10,229,0,0,0,1,0,0,0,0,0,1,0,0,16,0,1,0,7,20,22,0,1,1,1,1,1,0,0,0,0,0,0,1,0,0,0,0,0,0,0,0,0,27,0,0,0,0,0,0,0,0,0,0,0,5,0,0,0,0,0,1,0,0,3,0,0,0,1,0,0,0,0,0,8,0,0,0,0,2,0,2,0,0,11,0,2,0,0,1,0,0,0,0,0,1,1,0,0,1,1,15,0,0,2,0,3,0,1,0,21,0,173,0,0,348,0,0,0,0,0,0,0,0,29,0,23,0,0,0,0,0,1,0,0,0,1,0,0,0,0,1,7,0,0,0,0,2,0,0,0,0,0,1,0,1,21,0,185,0,0,0,0,0,0,0,0,0,0,3,0,0,0,1,0,0,0,0,0,0,1,3,52,10,3,0,0,0,0,0,0,0,0,0,0,0,0,0,0,0,0,0,0,0,0,0,0,115,0
"ENSG00000101447.15",72,25,17,177,852,448,113,498,62,308,596,1639,1530,2544,552,127,37,722,914,116,305,44,301,342,914,550,557,1299,117,265,711,254,1056,338,223,246,343,199,590,741,43,366,1326,2193,82,65,169,860,58,66,439,764,178,540,734,518,303,777,1354,662,1010,787,112,923,72,996,247,1248,2361,1145,561,661,121,15,264,114,839,219,1382,807,1540,482,1041,732,1522,336,123,531,519,55,532,837,220,138,394,35,237,3688,1317,1000,287,60,318,384,310,595,918,75,3118,1039,319,69,264,425,282,600,983,1812,2203,2184,579,609,56,245,830,22,66,289,475,469,230,80,1159,380,400,95,459,72,951,58,45,794,313,215,105,1518,174,302,574,365,42,147,2425,701,342,364,249,1022,587,1198,544,139,653,342,403,1034,773,499,1534,4893,1174,177,982,1577,242,219,439,390,483,442,53,818,961,825,543,175,1651,274,246,1526,67,2309,551,2146,430,741,137,91,191,1429,182,2167,1073,2120,421,789,75,1172,281,373,139,943,1104,454,868,177,730,173,550,543,54,1789,186,193,85,55,986,1415,69,1462,432,316,426,846,85,1302,132,172,707,177,97,234,1289,484,632,772,161,148,321,468,37,105,64,446,95,421,275,126,767,1459,1603,693,2427,1278,27,370,375,79,2016,45,760,25,686,50,781,644,302,66,692,403,1216,600,341,19,197,852,93,193,99,199,101,260,90,45,2093,796,1841,1366,259,47,720,38,2181,77,296,79,136,131,1058,1076,974,1454,1049,475,863,180,1344,513,202,692,678,360,81,1165,850,529,80,173,462,20,1884,338,86,2151,1513,118,548,2059,506,67,73,541,140,348,1076,1315,132,70,544,86,82,1213,155,893,230,49,257,520,925,51,942,219,407,322,1177,116,103,2347,262,447,257,266,87,560,1984,74,1216,15,259,1021,327,1705,247,88,95,103,698,547,636,621,740,963,92,1235,168,1244,721,1084,218,42,162,378,151,161,951,21,546,2095,142,213,348,230,115,76,493,279,577,2064,858,140,207,94,1202,27
"ENSG00000101746.15",6,27,2,11,0,0,0,56,0,5,0,1,6,8,0,43,0,0,41,1,15,25,1,8,119,135,2,0,2,3,0,1,1,495,0,0,38,0,0,0,33,2,267,0,83,0,0,3,47,25,1,2,160,3,0,6,2,81,3,1,0,88,1,23,17,0,12,0,7,2,13,1,1,72,2,18,1,0,3,44,3,174,0,2,96,10,3,0,0,1,11,0,0,4,0,47,0,14,6,210,14,3,0,0,0,1,19,97,1,60,1,9,0,2,1,6,89,18,325,0,3,6,2,6,0,31,12,0,0,3,7,3,15,1,0,115,0,10,15,20,53,22,2,179,2,1,0,0,0,1,33,1,6,52,4,0,0,2,1,0,2,0,0,0,1,4,1,1,55,15,23,4,0,0,0,5,0,5,0,0,40,0,0,2,82,0,85,25,1,18,1,0,0,1,91,0,125,1,1,0,33,4,0,49,16,7,0,2,3,17,0,0,0,99,7,0,0,0,1,14,68,11,0,0,3,9,2,6,1,0,2,16,2,2,4,4,108,1,53,14,0,0,1,6,4,1,0,0,5,14,2,1,10,0,117,1,103,0,0,16,11,170,1,1,1,2,1,25,19,83,1,9,9,21,0,2,0,30,0,8,22,2,81,2,8,0,8,0,1,0,1,0,0,0,1,0,4,0,38,5,15,0,14,8,0,3,7,4,1,0,0,6,2,1,1,0,2,33,0,1,124,9,55,219,30,1,6,2,9,42,0,0,21,111,0,163,1,1,0,0,131,3,49,2,17,20,67,0,0,1,104,0,180,1,0,10,5,0,1,0,23,0,2,0,27,135,0,2,1,9,0,0,0,0,1,35,0,0,79,25,92,18,113,1,15,2,0,2,331,12,0,1,126,7,0,51,54,3,0,41,2,12,0,2,0,0,0,0,6,2,16,30,37,1,79,0,0,7,2,7,41,247,0,20
"ENSG00000101842.14",31,0,0,33,62,16,1,3,3,42,4,0,1,18,231,33,12,4,1,8,13,1,914,19,11,152,1,1,1,5,1928,975,762,6,7,37303,5,32,1,1,0,31,419,2,23,34,25,4,155,1,5,734,10,24,3,1,1,4,3,29,3,14,17,1,3,10,14,2,316,13,39,681,279,0,10,8,71,23,21,2073,3,27,699,2,0,35,186,1,45,3,84,39,8,330,1,0,3,15,13,19,40,3,535,2,132,55,6,5,65,9,36,22,115,10,13,2,187,6,3711,33,1,1,2,2,135,1,3,60,27,12,7,1,7,15,50,1,17,0,3,1,2,32,1487,0,121,18,2548,6,3,7,1,16,1,11,9,2,81,24,1,5,4,15,2,71,7,7,2105,4,8,266,1,34,4,3,19,9,419,8,1631,4,0,299,5,14,1,48,7,3,14,0,10,143,830,6,4,0,1,26,1,567,3,1,109,29,0,129,1,2,10,0,19,18,5,142,918,16,0,0,67,10,2,1,33,206,23,11,3,7,32,18,6022,4,702,7,0,71,2,4,5,31,2068,54,2,59,13,6,17,2,2,1,11,0,1,176,2,9,0,24,3,18,7,165,129,3,5,81,49,3,6,33,414,3,405,3,4,33,29,0,0,10,10,41,0,0,0,17,3,19,16,153,13,16,16,4,0,832,958,1,15,9,14,34,398,12,18,10,0,224,7,1,0,30,1,12,6,1095,12,311,68,20,7,6,1,66,180,1,12,1,0,2,1,23,13,9,13,5,9,155,3,11,1,7,171,22,4,2,1,91,4,0,6,382,5,1,2,17,11,32,11,125,46,5,8,28,7,1,48,803,3,16,1,8,611,1,10,8,1,9,3,2,3,47,4,0,27,24,38,12,7,22,8,14,2,58,1,8,30,3,319,26,7,4,94,2,3,1,356,454,2,22,43,2,10,1,18,33,68,12,15,3782,4,0,1,3
"ENSG00000101951.17",0,0,0,1,0,20,0,431,46,5,4,14400,14,174,0,7,5,1370,2496,2,40,0,0,4,517,2,0,11,2,0,0,0,3,1514,137,0,11909,101,414,398,655,3,6,78,24,0,0,3,0,0,1,2,5,31,30946,0,31,492,0,0,1403,7,935,1259,167,0,0,47790,0,0,4,23,0,1,0,0,2,1,860,1070,183,8,0,65,225,0,56,1081,0,26,2,41,3,0,243,2,123,25,62,0,6,30,0,23624,0,0,10,5,426,0,0,0,0,256,7,732,1,3527,5,239,451,4,0,48,5,0,3,43,1,0,11,1,1,6,0,0,6,0,0,0,3,0,0,7,0,0,0,0,0,0,0,0,166,807,324,1,8,0,594,0,118,0,0,0,1,5,0,0,0,4,83,3,206,0,122,30,3,39,1,17468,0,0,825,0,9531,2,332,2,84,213,0,0,0,137,21,5,1,54,0,0,591,817,0,761,0,251,0,0,26,1,3,1,0,47,9,0,22417,2316,0,7,0,328,0,0,3,0,30563,0,3,3290,0,125,0,1224,15807,4043,2,26759,19,3,0,0,743,12,2,2,21,18,27,3372,0,0,1,1,0,0,1,0,12197,0,1144,5951,0,0,0,0,1,0,3,1,6,1,8,0,190,5,2,0,972,2,28,195,26,0,14093,33,0,1,1,2,6,2,0,11,1445,47,5,1079,17,2,1,0,1,3,54,22,3,0,112,67,366,3,3757,12,1170,0,4961,1,1,1,3,0,0,0,49,0,63,21960,10270,0,43233,2,4,0,63,0,2163,0,1,0,0,306,0,0,4,841,35066,0,0,0,2,1,150,33,5244,4,6,0,1,3,35,7,875,0,0,646,2,3,2563,1,0,1093,0,289,166,0,820,14,0,0,2407,5,8274,4,9,9,0,40,1,1,20,207,10,4,0,0,87,9495,49,0,0,7,0,739,4,1,0,1,175,0,1,2,190,27,1,0,416,123,0,39,0,11,1013,2
"ENSG00000101955.15",59,138,1988,148,403,88,3,110,108,336,179,22,10,107,1364,1244,205,33,38,298,394,331,267,258,6,73,17,84,6,14,34,104,58,376,137,154,55,162,23,38,1,189,28,34,1080,46,39,215,784,151,169,46,526,10,58,11,163,41,61,12,44,1157,6,361,125,29,72,27,103,45,209,255,41,215,125,350,79,188,30,49,111,8,78,255,17,12,70,9,287,6,272,51,18,3,8,164,190,150,44,185,265,489,77,10,223,159,36,413,444,11,175,710,1019,131,47,31,150,25,11,23,1,20,62,150,147,452,812,15,104,427,321,555,292,132,78,594,47,459,44,48,393,503,195,994,1349,254,10,11,35,25,393,706,15,32,551,5,8,484,18,61,28,7,111,249,60,463,57,68,10,49,20,6,59,28,193,27,170,32,433,9,125,71,22,12,20,374,396,165,22,6,92,9043,26,84,38,14,602,10,39,29,8,21,205,9,695,10,134,35,558,11,984,83,27,21,1029,261,16,18,94,42,224,80,25,12,369,261,100,11,21,28,52,51,372,12,5,34,616,27,6,36,606,71,33,154,42,24,2,26,135,16,182,6,312,26,388,161,324,600,10,29,301,136,110,19,462,103,59,724,31,477,48,273,14,419,166,15,10,369,20,105,68,22,13,473,14,183,361,219,5,140,2115,161,255,19,36,13,77,36,70,106,473,18,103,894,22,151,51,48,56,5,136,121,2,110,96,51,16,92,2503,203,191,61,684,39,231,41,1632,15,18,407,12,128,310,58,23,522,41,67,21,13,269,27,143,52,59,182,71,29,17,721,765,367,166,25,29,996,18,141,18,2,6,172,86,37,259,19,7,44,123,50,9,64,11,8,20,81,11,620,41,29,12,43,31,217,751,4,192,141,20,7,34,42,601,73,40,52,70,60,2601,273,8,3,452,9,5432,800,292,7,110,1369,586,183,26,259,32,36,28,24530,37,1045,598,143,63,272
"ENSG00000102021.11",12,0,1,0,0,0,0,0,0,0,0,0,0,1266,0,0,1,0,0,0,0,0,3,0,6,0,0,0,0,0,0,0,1,47,0,0,0,1,0,0,0,0,0,0,0,0,0,0,0,0,0,13,0,6,0,0,0,0,0,0,1,1,0,1,0,1,0,0,0,0,5,0,0,0,0,0,2,0,3,0,63,18,0,1,4,0,0,59,0,0,1,4,0,0,0,0,0,2,7,0,0,0,0,0,0,0,8,0,6,0,0,0,0,0,0,0,0,0,0,5,0,0,0,0,7,0,0,0,0,0,0,0,107,1,0,0,0,0,0,0,0,0,0,0,0,0,0,0,0,0,0,0,0,204,0,0,0,0,0,0,0,0,549,0,0,1,2,0,0,3,0,0,0,0,1,0,0,2,0,0,0,0,0,0,0,1,1,0,0,0,0,2,11,0,12,0,0,0,0,0,0,0,0,646,0,7,0,0,0,0,0,0,0,0,0,0,0,0,6,178,0,0,0,0,0,0,1,0,0,0,0,0,11,0,0,75,0,0,0,0,0,0,0,0,0,0,22,0,0,0,0,0,0,0,0,0,0,0,0,0,35,0,0,5,0,0,0,0,24,0,5,0,50,0,0,0,0,0,0,8,0,102,0,0,0,0,0,0,0,1,0,0,0,0,0,0,1,0,0,0,0,0,0,0,0,0,0,0,0,0,0,0,0,0,0,0,105,0,0,0,0,0,0,0,1,0,0,0,9,0,21,0,16,0,0,0,0,1,0,0,0,0,0,0,733,0,0,0,0,0,0,0,0,5,0,0,0,0,0,0,1,0,0,0,0,0,0,0,0,0,0,0,3,4,6,0,348,0,0,0,5,180,0,0,0,0,0,7,0,0,1,0,0,0,0,0,0,0,0,0,0,0,0,0,56,1,0,0,0,0,0,0,0,0,0,0,4,0,0,0,0,0,0,0
"ENSG00000102109.9",1038,0,22363,1,59,18,567,0,269,1740,4,0,16,1798,0,5,2,294,2,379,4,4,6,1,0,11,2514,6,35,37,1656,3,9,57,17,7,21,0,1,2,78,193,0,148,7,2,0,5,9,24,39,4,87,753,0,3,6,3,0,5,0,98,0,15,0,676,3,207,0,4,17,3,0,3,0,9,340,87,1723,8,11,3,80,4,5,0,2,1,76,1,625,16,5,17,4,4,274,2,77,28,41,2,514,0,276,46,0,1,1548,1,55,7,0,0,29,1,117,4,2238,180,0,1,2,0,7,18,48,38,12,5,1,0,78,2,37,8,13,1,43,1,6,11,866,21,1022,3,0,64,488,11637,3,9,0,29,0,0,0,5,64,0,2,787,60,9,146,10,5,3,5,209,20,0,0,7,628,0,7,244,190,3,0,0,0,200,1,6,15,2,2,0,1,19,32,3,4,1,2,0,1,13,0,2,54,2,3,3,39,1,71,0,71,35,5,9,9,975,4,0,6,1,13,11,869,5,5,8,0,5,1,1,603,0,466,6,1,4,9,2,0,0,127,2,2,1,46,1202,370,1183,0,0,3,211,1,15,8,72,4,10,88,8,192,1,0,10,1,52,4,2,2,7,1,46,169,12,0,69,91,4,77,1,0,1825,0,6,2,394,4,9,73,12,50,0,2,0,829,379,17,5,2,570,4,20,218,7,12,1,0,1,32,124,0,9,6,110,0,4,18,170,17,0,3073,39,3,249,1,477,39,1,0,12,22,30,1,563,2,15,5,14,0,46,1,0,3,58,29,1,2,5,7,2,3,370,0,24,0,2,42,120,2452,1,1,6,9,6,416,4,2,151,0,0,0,0,39,685,44,0,0,36,2,0,3,4,0,93,126,0,18,1,125,1,3267,0,3,77,93,8,86,893,69,2,0,0,4,1,1,9774,0,80,0,1337,19,1,7,3,0,0,2,32,1,36,1,0,250,25
"ENSG00000102174.9",78,1,98,31,30,7,8,7,6,109,0,8,74,122,302,7,1,25,1,13,9,2,31,2,1,37,1,29,4,52,3,188,46,8,40,47,35,7,0,3,1,155,6,7,10,8,42,21,2,4,2,98,21,48,0,8,8,5,0,1,3,1477,0,0,1,1,22,2,8,93,22,64,7,3,0,7,29,3,7,102,34,229,21,10,111,17,2,0,77,6,29,253,6,11,0,0,0,4,10,88,6,4,25,0,4,3,71,2,109,2,8,8,230,19,8,4,68,1,3,231,10,3,0,0,62,0,6,8,9,367,2,3,119,11,89,1,88,2,2,0,4,18,132,15,13,12,15,1,9,41,3,3,10,77,12,41,5,22,17,62,7,1,726,13,7,65,14,16,78,8,6,4,441,449,6,12,11,2,39,17,0,9,24,6,1,6,59,3,3,0,1,72,39,268,397,1,8,45,3,24,1,1423,8,957,1,5,0,37,29,1,12,11,25,2,21,26,3,4,27,10,0,78,0,0,8,6,5,234,10,7,4,12,10,34,0,166,2,0,3,57,4,24,2,9,169,10,0,2,29,1,4,1,2,10,7,70,4,6,25,36,25,10,274,4,5,7,105,5,17,3,56,6,38,1,85,1,4,0,0,187,10,47,110,0,0,15,1,14,18,23,17,2,5,0,3,78,13,4,2,170,6,5,48,1,16,2,0,14,1,7,1,4,0,37,19,211,54,63,84,39,14,18,0,5,48,7,15,3,10,2,3,79,41,79,12,2,1,11,4,18,1,25,16,25,98,4,0,5,19,0,6,97,31,8,1,0,4,55,67,2,10,4,30,36,79,1,14,25,1,23,45,6,6,9,113,2,1877,13,2,28,3,86,3,10,4,27,22,4,42,114,11,2,1,2,1,0,79,59,26,3,4,5,8,0,64,124,162,11,3,77,62,2,4,24,2,1,34,442,10,11,0,1,5,5
"ENSG00000102287.19",2578,11,810,673,32,1433,264,114,187,762,60,36,454,3045,1488,153,3268,897,1119,1015,542,78,1785,716,270,1450,12,2088,145,1801,10449,11,2163,587,488,34,376,1184,95,202,230,992,699,155,421,509,80,159,109,358,244,699,267,91,40,2673,321,128,913,1144,46,318,410,427,279,1269,2051,102,83,347,7692,1505,328,68,208,65,304,639,34,236,230,946,1192,13,1021,4275,801,3072,980,51,1636,2579,2070,457,25,25,55,54,1041,1406,774,82,20,183,302,368,2482,277,2886,3994,1713,260,664,1106,58,661,2279,78,61,1171,798,1448,156,1615,1627,124,127,88,1086,1528,1237,109,119,103,449,62,116,25,998,493,93,2242,3732,46,844,3604,3084,545,1894,80,28,123,80,915,139,8,481,81,84,1081,826,228,69,187,787,342,1198,1447,521,3461,2088,44,77,2676,153,295,569,170,204,17,17,211,1867,1182,411,766,2322,1873,1071,1977,1273,1720,2669,1956,350,837,210,1759,12,42,256,699,535,181,36,1292,467,46,146,1086,1013,1587,18,540,3342,439,88,190,1453,3099,15,170,151,2141,425,82,5267,6200,182,125,2764,639,431,1661,794,845,49,25,274,121,199,1864,1362,3956,3216,533,196,708,305,30,11,474,78,1428,43,52,79,878,1450,4887,1362,402,1756,2106,221,1936,564,87,669,116,308,163,499,56,1491,114,203,31,235,246,812,596,217,56,3660,90,43,593,371,65,302,1147,660,315,465,39,2386,497,1551,6342,671,397,38,62,90,19,39,52,614,33,428,2155,642,504,141,170,22,669,533,329,976,3497,64,4367,303,1497,183,278,185,108,384,30,523,50,2388,79,2207,71,31,66,22,307,2729,589,903,620,312,440,519,29,108,2350,2061,619,938,70,1752,3291,350,8817,77,281,566,5970,5887,1825,292,790,80,171,2386,2219,117,260,522,934,874,339,79,1364,421,1501,733,21,170,269,1707,1845,22,711,1837,884,46,1113,92,902,1546,44,1094,45,1454,867,2664,796,3571,190,281,1713,42,259,599,119,521,377,1137,740,300,492,3334,130,43,49,709,190
"ENSG00000102384.13",78,1,17,19,176,67,26,21,5,157,24,134,203,463,180,13,19,121,99,33,68,6,56,55,50,76,42,177,13,54,161,113,129,80,25,75,70,24,91,104,4,196,171,16,10,10,18,53,8,75,23,229,55,165,49,73,10,105,90,319,19,136,28,144,9,101,46,32,461,232,201,64,43,3,22,5,118,37,347,181,117,107,78,29,186,75,32,55,35,5,90,206,40,77,37,3,1,203,151,436,59,12,126,41,61,181,123,4,402,98,58,19,48,121,93,67,529,58,641,535,51,117,37,34,74,3,1,89,140,291,17,7,350,21,146,5,30,4,376,21,9,298,92,27,51,524,67,66,130,222,4,7,140,102,34,123,13,179,66,120,67,29,361,72,45,191,167,183,287,1943,37,33,167,978,42,31,48,72,58,168,5,114,47,189,45,39,114,15,56,251,25,796,124,271,35,194,12,26,23,199,21,385,204,684,3,101,32,345,56,182,25,104,151,79,137,222,4,10,35,149,0,75,29,13,13,13,117,457,10,93,107,72,64,168,9,173,17,13,68,86,33,63,16,33,119,191,74,24,34,46,9,47,13,110,6,68,29,38,44,375,275,79,965,304,6,60,93,5,286,7,77,5,90,8,55,104,36,1,29,192,202,105,58,5,51,125,7,30,40,83,44,71,13,14,24,154,702,45,20,46,131,11,165,9,55,10,4,39,30,270,21,187,58,71,87,137,337,148,32,38,157,171,8,177,140,104,13,39,38,6,178,45,26,93,512,15,96,401,34,17,4,41,40,166,430,120,5,36,78,4,22,301,24,240,22,12,132,236,173,15,180,9,39,102,421,22,50,356,15,56,196,58,7,45,287,12,173,1,30,179,19,113,45,4,24,29,131,50,57,287,110,76,10,102,33,73,76,164,41,2,30,58,34,18,358,49,194,299,30,33,76,38,12,18,69,54,50,563,162,35,5,5,159,11
"ENSG00000102385.12",73,0,0,2,9,1,0,0,0,48,0,1,13,73,13,2,1,1,1,4,1,1,4,1,1,2,0,6,0,7,17,38,10,0,2,14,5,0,0,8,0,105,14,1,2,0,1,2,0,0,3,17,0,5,0,1,2,2,4,2,0,1,2,2,0,2,1,1,31,0,15,9,1,0,0,0,34,7,5,20,2,17,3,0,1,20,0,0,1,0,8,4,2,0,3,0,0,0,2,24,7,1,32,1,2,12,1,0,36,1,1,2,2,3,14,1,43,1,19,21,0,12,1,0,4,1,1,0,9,19,0,0,3,0,8,0,1,0,15,0,0,10,67,0,4,56,10,4,2,70,0,0,2,1,1,2,0,4,2,4,2,1,4,0,4,25,9,12,1,36,0,1,0,54,1,1,1,1,39,3,0,2,0,4,0,2,1,0,2,0,3,766,8,3,1,2,0,0,0,5,0,12,27,34,0,8,1,2,5,3,1,14,9,2,17,26,1,0,2,0,0,0,0,0,0,0,2,35,4,6,5,1,26,17,0,1,0,1,0,3,1,3,1,0,14,7,1,0,5,0,2,1,0,9,0,3,0,1,0,37,0,2,55,2,1,9,7,0,9,0,4,0,3,0,2,1,1,0,1,17,3,0,0,0,1,4,0,0,3,7,2,1,1,0,3,3,19,0,1,30,3,1,12,1,3,3,0,0,3,2,0,1,1,4,4,22,6,9,1,0,7,25,0,2,6,1,0,0,0,0,3,2,1,2,24,1,0,2,0,0,1,0,0,23,3,1,1,18,10,0,1,12,4,2,0,2,5,30,7,5,4,0,0,18,56,1,5,1,1,0,0,1,0,3,39,0,5,0,0,1,1,1,0,0,1,0,12,0,0,3,4,0,2,0,1,14,7,5,5,0,5,0,3,0,20,1,7,4,0,3,4,1,0,1,17,0,2,89,4,13,0,0,10,1
"ENSG00000103253.19",408,8,1053,28,30,17,91,11,30,3144,44,76,105,225,806,20,31,78,32,18,287,11,52,39,14,5,91,20,2,74,14,83,39,50,33,1684,50,28,17,29,25,1321,11,13,16,19,22,39,4,38,33,43,28,60,10,41,8,21,29,14,27,106,6,59,11,44,35,3,23,47,78,45,8,1,14,17,76,132,33,80,209,39,650,37,21,22,23,11,107,33,949,93,7,444,6,4,18,23,84,40,42,11,220,7,150,68,7,15,674,19,93,51,92,44,43,47,40,15,28,48,4,43,19,41,35,5,3,30,15,100,25,8,167,23,186,11,38,2,451,4,9,56,91,16,51,41,86,177,264,1781,2,23,9,115,26,265,15,31,20,348,90,820,73,64,29,126,107,136,9,32,16,19,19,50,395,71,28,218,874,21,2,16,81,31,11,19,39,22,19,15,62,430,117,43,71,22,25,20,2,229,8,63,149,74,10,40,38,12,198,15,27,304,42,8,35,765,77,20,49,41,0,17,24,40,9,8,13,50,22,26,122,63,251,80,46,72,8,15,25,36,20,77,29,26,61,53,6,369,42,21,16,80,5,28,10,219,13,26,43,48,54,20,143,172,13,17,73,20,78,5,50,8,223,8,16,22,73,5,14,148,6,39,36,10,71,37,0,54,72,64,51,9,63,68,471,77,46,10,64,3475,27,140,83,29,40,46,9,37,98,31,104,15,16,47,40,1971,47,219,147,59,19,762,2,33,52,344,31,9,23,8,17,76,36,277,30,7,22,29,8,84,10,18,52,1110,35,13,38,350,48,24,6,497,23,170,6,13,33,592,84,24,74,62,48,23,106,83,99,87,12,48,46,62,17,83,213,38,9,24,13,27,23,36,34,37,40,11,343,32,19,7,515,18,4,22,19,20,27,188,119,7,37,21,71,8,257,965,69,51,12,58,65,55,41,24,8,5,14,562,260,34,6,19,77,8
"ENSG00000103375.11",4,0,4,108,111,47,0,381,2,3,0,34,5,1,1,62,54,11,3,31,533,316,866,48,0,32,0,141,58,0,14,1,3,20,1,1,486,293,0,0,55,0,508,8,18,28,49,13,1,431,355,14,10,19,19,86,1,282,3794,43,1,211,886,441,314,2,525,67,177,6,6,767,146,3,45,7,18,152,12,377,929,117,0,1032,52,83,34,25,57,76,216,38,150,7,1164,10,0,1,1,435,10,0,0,12,5,3,317,19,19,1,45,7,21,254,464,39,15,25,61,7,1,100,308,67,113,9,19,491,11,2,508,2,12,134,17,4,0,1,1681,3759,23,4,2,12,5,10,3,43,5,0,11,5,0,24,72,299,24,1,5,160,104,172,46,99,1,17,33,2,1206,1005,316,17,82,5,60,20,515,17,5,8,1,20,21,170,0,9,2,1563,19,174,1379,0,25,3,214,34,1,456,5,52,168,0,609,9,3,83,197,12,29,47,17,14,1,156,54,0,18,613,19,342,0,5,7,96,1,8,155,0,54,17,0,6,895,6,1,67,3,8,25,323,23,209,70,253,9,1,39,2,190,7,2,2,1,16,6,3,9,204,8,15,36,10321,2,2,8,91,37,0,19,3,109,0,5,5,61,57,5,20,1,241,30,75,60,18,4,0,3,159,85,89,3,7,2,815,78,2,14,51,4093,1,42,6,83,3,2,7,1,129,1,40,2,6,595,403,27,1,3,2,78,37,65,75,1,76,4171,2,5,1,10,32,19,126,54,9,170,8,541,0,2,1,13,0,169,3,707,739,3484,19,9,0,3,0,8,96,30,26,5,0,12,0,361,171,84,11,0,0,101,0,1,92,6,234,71,4,109,7486,27,14,616,289,0,331,50,89,0,35,228,1,0,82,43,11,1,3,14,20,2025,6,2,23,1,217,745,1,48,1979,9,5,109,40,269,40,71,19,110,53,206,4,27,18,1,1,4,0
"ENSG00000103534.17",2859,2,7,328,354,132,2,0,252,121,5,4,22,271,4157,103,42,41,3,129,85,4,414,9,150,5,14,103,15,839,3,404,72,9,268,655,89,438,4,16,4,3494,207,3,6,71,184,141,401,4,4,3010,16,35,5,35,1074,2,12,2,0,425,5,7,1,8,1,3,778,39,5,212,101,6,5,14,2890,71,156,28,23,1,5953,19,3,10,370,6,502,24,296,395,1,348,4,2,477,38,194,767,278,2,4067,1,555,10,19,4,479,4,81,18,70,288,1,2,35,13,262,30,2,49,4,9,132,12,54,5,27,45,75,286,198,693,2921,15,32,12,59,2,19,742,5533,8,394,2793,314,34,29,23,5,27,66,46,27,2,2531,412,5,73,4,594,6460,360,265,50,893,368,16,1099,0,26,182,68,189,5,246,6,5004,2,2,73,1304,236,1,210,2,0,449,0,1,9,237,69,37,4,2,321,2,297,0,4,151,45,2,82,13,2082,44,0,37,19,460,1920,418,2680,0,7,391,420,7,4,477,846,23,37,17,834,1688,4,23,4,242,63,0,564,11,4,2,18,162,433,2,5,4291,19,2,543,123,1,21,32,16,1433,14,32,14,112,74,531,10,11,2131,7,203,354,67,15,45,87,180,12,10,22,168,7,303,3,0,10,54,1036,3,19,2,25,9,63,148,5452,57,37,9,1,12,862,8680,5,11,6042,20,37,829,37,521,12,630,24,1,3,2,2,4,889,16,26991,21,222,720,386,33,2942,6,21,423,6,144,3,332,19,1,15,94,4,1,39,19,2099,1,1667,3,90,701,31,5,4,2,31,376,5,44,3560,4,20,1,40,57,94,24,535,4,309,26,1407,3,2,608,17,1,22,20,177,448,38,32,7,5,198,4,27,8,2,5,178,81,178,21,19,10,0,329,2,7,12,12,78,17,185,692,50,12,1,30,1,139,2,696,71,3,930,523,3,438,1152,19,1,8,8,43,39,7,8,13,40
"ENSG00000103546.18",2,29,0,26,0,0,0,1,0,1,21,2173,18,0,0,15,3,75,1477,2,71,121,0,9,1,0,0,0,4,0,0,2,1,8,0,0,1081,6,6,10,0,80,0,7377,55,0,4,58,1,2,66,2,4,15,13778,0,2766,2,1,0,0,8,2829,1,8,0,1,1260,2,0,15,81,0,15,0,26,0,2,34,3,8414,0,0,12,2,0,0,1425,87,0,403,395,1,2,5332,5,3715,5,38,1,100,117,0,1644,22,0,0,70,76,1,1,2,0,0,0,7,0,0,2,4898,6536,0,1,2,48,1,0,2,43,0,6,12,10,392,6,96,8466,95,0,1,21,43,0,143,2,5,6,0,2,0,57,14,0,24,9,6909,0,4,1343,19,2,199,0,2,0,0,0,0,0,1,0,0,2022,0,30,2517,0,5,1,685,23,3,841,0,6216,55,2,1,2,0,2,0,0,826,2,3,73,0,1,6,14,0,1,0,99,36,4,0,56,0,72,2,0,3,8,1,721,4,34,867,25,0,0,7,56,121,473,0,0,5928,0,0,45,7917,406,999,35,1,0,1,20,2,1969,18,8,302,2,55,3486,4948,0,1,14,0,9,0,13,0,311,2,1,0,4,0,32,11,2,75,0,14,2,10,0,7,4,0,0,86,2209,1,0,43,0,20,97,7,12,2,0,94,2,0,0,284,6549,9,4,6028,2,1,9,0,1,76,1,2,0,3,19,1441,696,247,339,28,340,238,46,0,22,19,4,3,12,2,4,0,0,15,302,36,7420,0,1,0,6500,20,2289,4,33,71,21,9,1,10,0,1,24,0,81,0,1,1,0,17,190,95,1,44,0,0,1,1,6541,1,84,75,4,0,3,1,1,1540,1,2043,0,0,0,2,0,0,0,0,0,4,7,1,12,0,0,0,0,40,9,0,0,0,189,5,1899,18,0,0,1,3401,1,0,4,15,0,4,2,0,0,3,1,0,0,12,0,101,141,2004,94,140
"ENSG00000103710.11",233,12,99,160,389,118,7,97,38,284,132,146,45,564,73,112,88,110,54,190,506,12,467,149,51,54,396,135,44,111,158,286,198,291,522,162,178,37,94,111,65,438,136,91,72,40,130,347,70,95,196,171,35,26,69,101,73,112,176,64,58,422,18,87,13,207,91,41,195,102,513,396,148,2,180,17,803,137,66,80,241,74,54,227,185,123,98,26,940,50,684,300,36,67,139,6,97,358,52,157,179,14,386,69,154,287,137,15,236,34,492,80,545,247,122,108,574,66,60,227,26,67,34,73,231,9,105,56,138,244,63,64,167,201,536,12,199,11,125,91,18,559,183,22,256,245,56,151,227,131,12,34,165,96,99,30,18,511,127,197,286,73,194,175,221,422,106,131,84,209,31,76,121,358,145,118,156,168,135,30,12,538,109,122,98,89,423,269,61,27,38,117,78,175,64,189,14,46,73,304,55,202,602,137,36,39,45,162,164,73,143,242,139,138,501,236,40,68,290,262,4,160,127,115,60,25,126,68,91,193,27,78,325,78,88,176,19,71,57,168,287,193,71,50,529,103,20,143,193,73,70,50,60,114,21,242,28,508,104,406,147,178,136,104,14,469,83,43,342,49,259,16,98,11,126,33,145,6,55,150,125,48,122,22,50,207,16,210,88,273,189,54,166,73,297,282,155,92,253,159,121,202,380,53,97,153,58,135,109,74,83,427,189,153,183,256,106,370,437,108,408,104,16,306,274,316,38,78,88,15,123,49,120,557,91,37,120,264,47,108,21,98,255,62,31,109,131,175,37,15,18,371,123,135,41,30,167,217,188,33,99,150,134,210,848,75,51,354,164,114,14,129,12,44,35,47,101,38,186,152,31,133,104,82,59,61,293,108,58,27,339,65,20,561,166,120,81,202,375,65,49,21,206,160,76,318,75,110,130,515,202,84,59,100,312,285,103,4662,269,78,26,94,221,16
"ENSG00000103742.12",88,0,23,43,200,15,8,3,3,47,365,60,757,78,26,10,70,2,4,33,35,1,49,19,1,15,2,23,28,18,223,34,21,10,13,18,3,1,15,18,1,210,706,5,28,0,11,19,3,0,0,22,8,12,3,1,6,84,6,2,5,1,1,6,2,64,7,3,14,20,91,70,15,1,6,7,378,24,978,15,6,17,4,16,5,60,13,1,33,0,80,2,335,19,2,2,12,28,377,80,12,3,20,1,62,276,152,4,177,725,50,37,302,45,1838,2,89,10,6,33,1,7,4,6,29,2,20,1,34,163,21,4,12,24,37,2,49,1,105,0,10,255,64,7,142,12,40,23,206,64,2,9,2,8,20,3,4,169,1,14,1,2,12,61,83,17,41,179,1,25,5,6,11,9,14,16,19,11,72,1,1,60,9,6,2,8,11,7,3,2,3,438,19,29,3,2,5,2,0,38,0,3,188,7,2,3,17,17,31,2,44,41,12,3,62,301,4,0,44,8,2,7,15,2,19,8,7,4,4,19,4,8,87,12,6,8,0,2,0,4,291,57,2,20,126,35,6,14,13,5,2,2,3,8,0,3,12,33,4,20,14,8,25,968,8,12,32,4,8,1,33,14,63,3,87,462,75,1,1,13,4,6,0,2,1,57,2,28,20,28,88,13,30,3,31,394,20,5,11,802,64,48,682,9,4,23,1,14,8,82,6,149,2,73,13,91,15,334,262,8,78,589,2,79,57,15,36,8,2,0,3,17,15,20,6,20,0,251,232,9,0,3,62,238,11,23,2,26,35,4,8,191,5,411,1,1,434,1158,183,4,13,13,8,62,63,0,3,335,0,4,2,5,0,176,8,0,2,11,7,3,1,7,1,18,3,2,66,15,3,2,166,3,1,39,12,6,21,393,99,6,6,29,127,0,63,92,10,147,3,348,92,0,4,4,8,3,1,1874,217,81,4,1,62,2
"ENSG00000103888.17",65,4,54,738,1137,139,5,13,14,94,1446,956,1078,303,172,63,79,16,87,837,133,14,654,96,101,26,10,165,11,670,277,3001,286,135,19,73,179,55,300,1138,3,62,48,612,89,166,119,151,17,200,18,415,36,58,306,21,51,13,21,10,141,213,14,67,11,49,276,185,45,235,1700,1968,88,9,20,27,28,128,1325,266,225,67,699,17,29,30,153,3,474,53,689,256,8,89,232,34,115,1593,254,118,141,55,221,66,987,76,34,29,66,12,258,48,1068,573,30,103,1008,30,52,34,9,49,14,870,316,23,69,2,94,307,197,18,62,256,225,14,81,20,19,23,21,987,1079,21,869,290,103,335,94,219,13,13,16,65,582,199,5,783,71,292,17,7,28,722,59,26,589,43,3,54,37,29,304,47,81,193,715,111,1236,56,36,23,176,424,32,345,97,19,36,23,39,22377,324,207,115,3,17,317,5,105,19,32,1628,50,6,9,111,90,34,42,118,383,17,26,409,264,52,9,635,410,4,17,8,14,28,47,107,44,51,248,12,48,673,438,5,411,3,101,21,194,54,346,54,28,239,121,40,12,45,41,114,29,24,108,5,37,23,140,469,280,180,84,83,44,247,530,53,19,62,10,288,80,16,41,573,14,149,7,68,99,41,120,14,20,32,19,2,316,11,307,161,666,651,88,296,324,92,71,33,122,599,6,232,92,44,1196,8,105,28,141,2100,2980,94,59,129,218,1114,2288,2331,559,204,448,10,45,829,53,161,422,90,3,31,113,1287,48,96,21,50,112,435,63,0,36,776,10,18,40,5,13,12,7,266,161,73,206,48,16,343,64,40,1010,16,306,134,87,144,35,7,29,39,184,7,163,7,323,53,10,33,8,154,47,5,105,27,266,46,9,1375,313,6,16,73,1048,25,85,105,55,95,306,535,4,92,13,191,195,184,50,166,28,31,1763,1617,80,181,74,66,247,37,3789,44,41,8,10,4585,28
"ENSG00000104044.16",294,0,1,21,35,55,0,49,1,7,8,1,4,1,0,9,22,0,0,849,41,1,9,25,0,57,0,7,210,5,665,160,11,9,3,0,4,0,0,0,2,1059,94,19,37,4,3,11,53,9,1,139,11,177,0,5,14,52,2,28,23,0,0,3,4,528,0,2,120,116,1517,50,31,11,4,1,924,59,87,9,6,25,0,5,62,10,24,22,116,5,133,18,69,6,5,8,4,3,18,44,0,0,1804,0,25,56,1,4,179,349,30,14,3,39,18,0,1796,23,2,2,3,0,8,7,32,11,12,1,211,34,12,3,223,49,1,21,2,4,12,0,5,273,2,53,185,0,6,1008,79,4,2,37,130,25,4,0,2,111,57,21,0,14,96,179,2581,3,6,22,36,240,3,10,0,0,17,0,8,2,4,8,1,13612,8,0,0,0,6,0,1,0,0,0,5764,30,4,0,19,1,0,90,0,5,338,1,1,3,5,5,53,0,12,216,8,0,22,20,0,1,26,20,2,0,13,87,15,3,0,56,5,2,19,13,6,3,0,20,8,1,265,43,7216,35,0,12,1144,5,0,1,5,1,4,1,0,4,30,154,16,364,0,2,30,2,8,71,3,38,29,6,13,14,8,9,20,13,24,78,21,30,0,50,5,10,9,21,2,40,4,5,14,16,9,0,225,10,27,39,27,0,37,20,0,6,695,5,27,3,0,10,0,5,1,19,0,16,15,1119,15,602,3,89,446,100,5,470,66,55,2,0,1,10,4,34,3,28,0,31,0,4,2,0,5,3,44,407,825,1,0,70,2,2,46,1,13,28,0,3,434,1025,251,23,618,4,1,249,3,0,35,122,0,3,134,16,2,0,16,1,11,6,3,23,25,1339,5,0,5,10,119,6,79,154,114,0,6,71,111,57,3,18,15,1,2,5,28,0,0,21,2,60,0,9,37,0,26,31,4,3,15,90,9,537,0,0,6,7
"ENSG00000104177.18",241,12,1681,8,84,96,44,1,9,803,9,169,50,195,2,34,11,26,967,384,25,27,26,11,5,4,0,58,56,39,882,21,56,31,146,1107,363,2,8,30,5,793,26,15,59,1,6,19,66,5,4,140,30,292,511,6,287,13,1,2,8,486,539,27,6,351,32,87,10,22,1626,33,5,5,1,12,883,9,495,317,128,57,37,61,5,21,8,152,273,3,30,172,101,3,2,3,55,26,338,17,16,10,393,0,6,321,6,17,641,206,29,95,12,11,21,24,17,9,446,463,43,26,3,17,18,12,17,3,9,453,14,27,48,17,7,14,391,7,16,7,9,248,85,37,113,25,53,28,20,1257,13,19,4,8,5,28,13,31,188,12,29,17,64,33,4,70,485,200,3,988,4,6,27,2234,3,21,8,506,1436,195,4,12,750,6,212,6,14,11,8,11,12,48,25,40,14,2,19,6,22,18,4,17,28,770,10,17,12,4,109,1,20,30,4,9,85,563,5,16,178,98,4,33,2,8,26,17,12,30,13,74,14,12,49,31,7,25,7,11,3,8,26,9,61,5,34,611,255,5,17,14,3,1,12,13,23,13,21,59,201,58,135,15,393,337,19,16,12,21,499,19,160,9,487,15,10,129,33,4,28,17,145,167,2,13,9,58,20,11,90,17,82,4,8,11,7,697,67,11,9,630,19,14,1113,10,85,7,4,16,10,1065,28,2,40,125,199,376,807,472,191,14,925,1112,16,259,20,6,22,32,1,13,870,19,18,11,305,44,8,18,9,54,4,12,32,393,29,178,1,0,151,4,31,33,32,806,3,14,7,1082,27,5,34,16,18,109,413,7,37,323,2,1,4,405,2,85,529,2,533,56,12,55,2,81,2,1,23,3,63,85,96,3,19,3,4,7,11,12,634,260,179,19,7,191,14,4,7,370,16,37,17,112,60,3,8,9,20,28,85,500,12,30,6,3,1049,41
"ENSG00000104313.20",0,0,1,1,2,2,0,0,3,3,0,0,1,515,78,0,0,35,1,0,0,1,3,3,3,347,1,13,0,15,4,468,5,3,3,3,2,1,0,1,1,1,42,3,0,0,2,1,0,2,0,7,1,1,1,23,0,2,6,0,2,8,0,1,2,0,4,1,5,3,224,0,0,0,0,0,27,5,20,13,5,8,0,0,37,2,3,1,1,0,11,18,0,16,1,0,1,2,9,8,1,1,49,2,1,0,4,0,160,15,1,1,0,0,6,2,1,0,89,2,1,0,6,5,2,1,0,2,1,2,0,1,16,1,3,1,0,0,0,2,1,1,19,0,1,3,11,1,3,4,4,2,342,3,0,0,0,41,1,25,321,0,4,4,0,2,20,15,3,3,7,35,3,714,2,1,5,5,2,0,0,0,0,1,0,3,2,1,3,1,1,465,12,1,1,1,1,4,0,2,0,92,0,8,0,24,4,7,2,0,0,12,1,5,75,2,1,2,3,4,0,0,0,1,0,1,3,15,0,1,1,5,2,0,0,2,0,1,0,2,8,0,0,0,19,1,0,0,5,3,3,0,4,10,0,0,0,0,0,23,8,0,11,62,2,4,1,0,1,2,3,0,44,1,1,3,60,1,19,0,3,2,0,0,2,0,0,0,4,0,0,2,0,0,0,1,37,1,0,1,1,0,197,0,0,0,1,1,0,1,1,0,3,1,1,4,1,0,3,3,2,1,2,39,4,2,1,2,0,0,0,3,6,0,3,1,0,2,4,1,0,2,9,5,0,0,0,1,9,1,1,2,0,1,0,2,2,8,14,0,2,12,2,0,0,2,2,8,1,1,1,2,3,0,11,0,3,0,2,244,5,4,2,0,1,3,2,4,0,0,3,3,3,0,0,1,3,6,4,3,26,1,2,0,61,0,1,6,2,1,6,0,6,2,5,0,2,1044,6,5,0,3,0,7
"ENSG00000104332.12",149,25,856,24,152,18,0,88,4,240,23,25,2,19,0,331,41,8,0,88,92,276,56,64,30,24,1,98,2,17,15,120,58,105,23,17,51,33,8,59,15,289,10,47,319,3,8,42,325,41,14,44,442,64,4,1,73,15,8,2,9,3,12,133,126,20,36,9,41,15,81,38,1,144,17,291,21,5,5,24,62,2,29,50,2,18,15,4,63,4,28,12,2,0,3,133,26,39,1,192,144,432,31,20,116,51,42,202,819,6,30,370,476,40,23,12,34,15,6,10,2,3,16,184,13,234,153,1,23,161,175,417,22,14,30,632,15,205,6,11,140,47,248,602,173,11,20,12,8,81,165,199,1,45,361,3,1,171,4,28,9,2,6,89,40,102,28,4,3,68,1,3,10,9,13,4,16,11,1434,9,59,46,2,16,35,44,166,83,38,1,8,369,2,7,3,0,308,3,10,22,6,32,203,12,678,5,41,16,225,14,461,39,4,13,330,766,3,5,104,3,86,15,0,4,484,206,27,13,2,4,4,8,67,113,5,4,391,25,2,15,187,14,18,48,8,31,0,16,202,4,17,1,107,13,240,20,297,20,11,78,136,39,19,7,372,31,32,655,10,178,45,133,1,173,50,1,0,101,14,22,11,0,4,61,41,118,203,31,9,47,1015,38,22,11,23,26,87,4,29,388,176,7,35,351,4,18,2,35,15,5,27,9,14,61,78,221,13,17,232,14,11,66,283,12,76,4,442,52,1,139,10,30,98,18,7,319,0,19,6,30,243,4,16,25,1,49,6,10,4,429,353,264,30,0,29,679,0,21,10,0,28,49,45,10,122,13,0,41,18,16,0,26,0,2,15,16,2,286,57,16,2,9,5,30,274,0,11,38,6,6,37,7,244,9,1,30,33,79,1431,131,11,4,82,11,82,181,4,4,6,567,227,20,38,83,24,12,5,6728,2,567,459,62,11,109
"ENSG00000104371.5",0,0,0,1,0,13,0,9,1,1,927,4154,22589,0,0,9,3,32,111,2,2,17,20,3,15,535,207,2,149,1,1,0,0,0,0,561,8,1,7700,4903,12,1,136,107,1,8,114,0,15,1,81,1,16,728,174,1,119,10,0,28,78,7,165,3,120,3,29,402,1,22,0,5,5,24,5,5,0,2,1581,0,126,0,8,9,0,107,0,716,75,0,128,264,2,0,2421,0,35,33,1465,0,9,6,1,11,0,9118,0,3,4,0,1,0,116,1,122,1183,0,1192,74,549,13,0,8,228,18,4,6,13,18,2,2,0,11,36,417,0,65,2,19,0,3,1,1,13,4,35,4,2,23,0,10,16,20,3,0,306,4,0,1556,3,0,0,0,0,1,11,0,0,10,0,1,0,56,0,8,332,2,670,30,166,9,10,1,0,86,2,0,1,2,2,12,0,1,2,0,949,12,8,4263,400,0,709,4,1,6,40,7,0,1,62,2,1,0,1,3,0,486,2,6,190,3,11,8,1,0,0,106,1,117,1763,39,31,12,239,2,4,0,38,2,24,479,2,23,826,3,688,157,173,230,1,1,0,0,0,5,29,18,5,650,5,4,1,11,9,1,0,0,4,2,0,0,3,16,28,220,209,6,3,80,0,3,225,3,5,237,97,0,108,2,106,11,2,0,116,581,6,0,141,41,2,3,0,13,2,23,25,7,4,0,1219,3,22,46,120,2603,2,1561,0,1492,53,3,7,1,1,645,2,0,275,708,5,155,0,2,9,4773,11,3,435,2033,357,5,132,364,1,1,1,59,58,11,3,7,0,15,36,0,2,3,1,58,2,101,0,85,0,0,5,125,0,144,19,31,473,44,8260,0,0,127,0,5,11,42,1,2,11,17,1,0,10,0,38,0,25,6,0,3,0,688,132,2,0,0,297,157,31,0,0,362,26,0,187,5,4,2,3,1,1,1,0,9,16,10,13,27,20
"ENSG00000104833.12",1,11,3391,399,398,11,2,7,0,6,15,9,25,21,639,12,10,1426,2,23,3127,9,4,1,3,2,4,2,10,8,8,2,606,21,646,8,10,196,2,8,3,286,4,7,20,13,11,2,19,11,2,157,12,11,1909,3,269,6,11,237,8,388,1409,44,0,763,4,57,3,27,8,10,3,12,4,18,1400,6,80,262,1368,135,30,762,172,52,2,1143,34,1,2754,995,1,3,1,4,34,11,37,414,11,80,4,42,185,12,2430,16,862,9,474,20,0,34,30,6,72,0,845,43,170,3,316,14,12,4,28,3,1016,2453,5,11,1166,7,82,13,6,8,596,3,20,135,4,183,15,40,6,6,33,3,5,7,8,114,0,1594,314,31,648,25,65,199,72,176,4,15,11,1197,142,312,7,2,0,22,57,643,84,5,19,3,3,115,522,208,2,2146,95,2,1604,3256,1115,16,5,1863,2704,346,15,65,4,365,3,438,338,7,8,2,70,1278,20,1270,221,592,14,3,15,8,59,1,346,3,8,14,0,395,58,9,4,8,26,11,22,8,1204,15,1,2,10,2,242,1,416,6,465,44,832,265,3,55,127,1,2,4,11,2,22,334,19,8,38,5,1181,2,5,953,14,618,312,16,1127,17,25,4,28,9,3,31,1,610,1027,114,19,15,0,2,6,17,9,2,10,40,44,4,23,493,360,286,102,567,9,13,980,32,276,113,2,4,1,7,1586,637,8,190,8,527,73,6,8,29,11,357,285,6,12,113,39,675,9,321,2,9,31,43,3,75,301,14,29,231,5,8,15,3,4,445,1402,3,5,6,5,3,3,1322,2,951,60,10,649,29,10,3,2968,10,211,337,5,83,3,259,2,1,0,49,1,21,1106,1,2495,29,10,12,1,7,0,6,199,2,581,21,272,37,102,0,32,66,15,5,35,1,56,16,3,8,6,830,3,5945,2,9,0,74,3,0,63,53,1,29,581,1141,10,35,10,6,144,7
"ENSG00000104889.7",1,0,0,0,1,0,4,0,1,7,0,5,1,4,12,0,1,3,4,0,0,0,1,0,1,0,1,1,2,2,2,1,0,1,1,4,0,0,12,4,1,4,2,0,1,1,0,2,0,0,2,3,1,2,0,2,1,2,3,2,1,3,0,1,1,4,2,0,3,5,9,0,0,0,0,0,5,2,5,0,1,2,5,0,3,0,0,0,2,0,0,2,0,17,0,0,1,0,2,5,0,1,7,0,0,1,1,0,25,1,0,0,0,0,0,0,6,1,1,2,0,6,1,0,1,0,0,7,1,4,0,0,4,1,0,0,0,1,4,0,0,5,4,0,2,10,8,5,2,3,0,1,0,1,1,3,0,0,2,3,3,1,0,0,6,5,5,20,0,3,1,0,2,8,1,0,0,0,2,0,0,1,1,3,1,0,1,1,1,3,2,9,5,3,0,1,0,3,1,2,2,3,1,4,0,3,0,0,2,2,0,1,3,0,0,5,1,0,4,3,0,4,1,0,0,0,3,3,0,1,8,3,1,0,0,0,0,0,0,0,0,2,0,0,12,1,1,0,1,0,1,1,0,3,0,1,0,1,1,14,7,4,7,2,2,2,0,0,3,0,1,0,5,1,3,1,7,1,2,2,1,1,1,0,1,4,0,0,3,2,1,0,2,0,0,1,18,1,2,13,1,1,20,0,1,0,0,0,3,0,1,11,1,1,2,1,7,6,0,0,1,1,0,3,0,2,0,0,0,0,1,5,1,0,6,1,0,3,2,2,0,1,1,6,7,0,0,0,3,0,2,6,0,2,0,0,0,2,1,0,1,0,2,9,2,0,4,2,0,1,0,2,0,0,24,1,3,0,0,1,2,3,1,0,0,3,5,1,0,0,1,0,0,2,0,0,2,4,1,0,1,0,3,0,4,2,1,3,1,0,2,1,0,0,0,0,1,6,5,0,0,0,0,0
"ENSG00000104899.8",418,1,7,10,21,2,4,19,10,513,45,12,10,53,61,7,4,4,13,27,8,3,16,0,6,11,5,17,8,61,12,13,0,40,1,9,1,4,46,22,1,18,17,6,6,0,1,5,6,13,5,6,3,30,16,2,1,39,11,37,8,28,7,20,4,28,22,12,24,70,295,6,3,2,19,3,850,78,17,8,10,24,116,2,0,5,0,1,4,2,12,4,0,0,5,1,17,23,21,4,3,10,3,0,0,53,11,0,281,138,8,9,6,6,14,24,113,5,2,9,1,2,0,19,2,5,5,56,79,62,6,2,121,1,10,2,90,4,14,3,1,23,23,3,10,80,8,1,17,505,7,6,1,26,9,8,1,30,13,87,62,0,0,220,9,11,6,25,252,32,149,2,7,14,2,2,13,125,1,3,1,1,0,59,3,7,97,4,82,34,0,40,144,3,2,0,4,7,0,335,2,114,6,90,0,4,7,136,4,2,8,3,2,1,14,153,2,7,4,149,3,7,0,2,6,0,1,26,1,0,45,35,13,5,0,0,7,10,2,3,2,0,21,2,124,1,2,0,11,24,2,0,2,10,1,15,5,2,4,80,25,10,4,8,0,25,3,5,523,9,2,1,28,2,9,4,27,3,8,75,77,14,78,3,80,2,1,1,2,3,12,1,17,20,4,0,32,0,39,524,33,2,7,13,0,1,4,3,2,16,30,9,2,4,4,308,19,26,0,1,25,18,1,16,3,21,3,13,0,3,6,8,4,13,18,2,97,3,19,4,4,3,10,20,11,1,1,20,14,1,4,10,3,14,2,8,11,42,2,0,2,3,21,2,103,4,56,1,3,1,20,0,20,26,256,5,12,18,6,88,2,13,58,7,7,1,94,3,0,8,11,22,3,15,34,4,16,175,21,4,22,12,43,6,19,0,1,1,0,1,8,36,6,10,13,2,2,825,16,2,4,4,3,11
"ENSG00000104901.7",37,2,49,13,7,3,2,2,7,36,10,0,6,28,134,7,4,10,1,10,20,2,36,2,0,2,0,13,0,13,19,83,20,8,18,3,2,7,0,0,2,12,0,7,4,3,2,13,1,1,3,23,1,8,5,1,3,0,1,2,12,17,0,0,1,4,2,4,4,3,277,3,1,3,7,1,20,5,8,5,21,59,9,74,26,12,3,2,4,2,19,27,1,40,5,1,18,7,1,7,1,13,73,0,9,3,3,1,15,3,7,4,8,0,0,12,9,3,389,5,2,0,1,2,1,0,3,16,6,82,0,1,29,1,16,2,21,6,17,0,0,13,4,4,29,59,80,13,14,8,3,4,9,33,10,5,4,22,46,22,252,20,32,18,15,5,7,24,0,37,4,14,11,8,12,7,9,43,5,1,1,13,4,6,7,2,65,1,43,2,58,4,12,10,15,0,1,20,0,113,0,2,71,4,5,27,7,2,38,1,6,17,30,15,3,10,0,2,21,1,1,6,0,0,2,3,4,37,3,0,8,5,2,9,0,7,1,9,2,13,3,1,11,8,55,95,2,8,11,5,1,2,3,10,5,42,3,32,22,10,14,2,8,4,1,6,10,3,3,8,15,4,31,0,2,0,24,5,28,27,3,1,7,6,3,2,2,3,7,19,5,1,28,42,21,14,5,36,2,32,2,1,54,12,7,2,1,3,2,6,4,20,14,38,8,44,12,23,11,12,5,13,1,24,3,7,1,5,0,2,3,2,11,6,13,1,3,1,25,6,1,3,4,7,1,6,0,21,5,1,2,13,0,7,0,1,14,2,5,73,2,13,3,21,68,3,28,13,21,5,0,18,83,11,65,6,3,2,1,0,1,0,29,13,4,1,40,2,2,1,17,3,3,0,0,3,0,24,3,0,5,0,7,1,46,10,11,39,0,10,9,5,0,5,15,2,0,26,0,3,0,0,30,4
"ENSG00000104938.18",0,27,11,1,3,0,2,11,0,18,19,3,0,3,3,1650,29,0,0,159,34,2038,0,1,0,0,4,0,0,1,0,1,0,159,0,2,5,107,1,1,0,2,1,6,489,0,0,3,850,2,6,2,1409,1,7,4,160,0,0,1,1,3,2,792,596,1,1,1,39,0,7,0,0,497,1,1393,1,0,0,2,2,1,0,3,0,0,2,1,0,0,1,9,16,0,14,482,428,0,1,10,65,252,0,0,1,1,0,2078,3,5,0,1891,0,0,1,1,1,2,0,1,1,1,1,2,0,1831,673,0,0,17,61,2735,2,2,0,1352,0,1042,0,1,218,3,2,757,30,2,0,0,1,1,637,1810,2,1,225,0,0,195,3,5,0,0,0,11,0,38,1,0,2,3,0,1,0,0,0,0,4,0,110,2,641,1,4,0,5,32,3,1,0,0,0,5,222,0,0,1,1083,1,5,0,0,1,0,0,1354,3,0,1,2,0,62,17,0,1,40,0,0,3,1,0,441,2,0,0,77,1084,102,0,0,0,3,1,2,0,13,0,829,15,0,1,0,1,0,10,1,9,0,0,1,1,67,1,177,1,1075,6,483,2,1,1,41,79,0,1,2805,0,2,2614,0,1331,0,335,0,1065,3,2,0,553,189,1,1,1,1,1000,0,0,1621,0,1,0,171,3,8,0,0,0,1,1,11,3,124,1,0,2638,0,32,15,0,6,4,1,0,0,0,38,0,1,0,4,0,1,1,898,3,5,0,429,0,1,1264,0,90,50,25,12,1503,0,0,2,1,1170,0,2,75,0,6,2,0,1,3469,1467,3,373,0,0,1443,0,1,0,1,0,2,34,0,10,2,3,5,0,7,0,0,0,5,5,124,0,1628,1,1,0,1,44,5,1137,0,0,7,5,2,0,1,551,0,0,4,0,3,738,703,1,1,0,0,23,4,0,0,1,0,96,33,1,4,2,1,1,2,0,736,1878,1006,1,1294
"ENSG00000105011.9",246,12,176,110,487,245,267,68,27,1477,46,893,917,2218,1996,103,97,375,758,148,124,28,231,146,147,259,318,465,107,549,1175,805,247,192,41,321,320,158,683,460,30,573,828,62,52,121,39,582,15,112,198,725,246,537,148,535,66,636,1121,920,70,611,132,669,26,450,242,113,1237,1074,808,143,73,14,151,20,913,285,1094,924,152,470,409,140,713,253,98,143,204,24,353,306,148,463,121,18,44,701,265,2169,202,63,937,149,174,715,924,15,1356,221,135,145,71,429,318,155,1758,124,1095,1697,126,418,34,341,370,10,27,709,496,764,114,35,1431,61,602,38,127,33,3140,38,34,1613,419,82,233,1239,576,761,325,983,22,24,328,365,77,757,189,246,458,278,575,120,978,185,465,490,647,1871,917,3947,107,225,405,1292,105,174,263,3803,330,301,31,275,174,439,206,216,328,49,173,1059,82,1434,1747,434,157,2905,62,198,65,1133,115,1866,304,3078,25,465,47,935,477,670,78,302,745,198,360,1345,26,74,201,576,18,440,404,62,35,25,287,904,83,143,2401,186,272,558,38,679,32,218,437,153,78,225,50,120,616,285,287,86,102,257,36,249,52,490,38,291,153,292,126,1778,831,451,1301,1123,29,191,775,28,1697,21,482,35,534,26,124,409,383,31,108,1616,977,1024,212,28,117,453,24,115,224,288,110,151,147,99,194,293,2830,102,80,332,969,166,3533,67,241,81,34,122,170,616,147,881,200,492,219,443,1886,517,73,121,496,670,51,1620,570,725,47,214,152,16,579,414,156,649,1198,45,612,709,70,340,20,206,68,738,1447,336,22,287,362,23,96,1050,102,646,131,39,736,1069,717,50,323,75,134,586,1960,80,390,569,64,247,714,319,274,395,1211,99,853,17,66,947,109,381,172,47,161,178,703,135,261,945,458,194,52,600,156,246,219,1044,151,23,221,562,134,30,1533,167,285,336,271,89,191,468,43,36,218,172,314,3250,576,87,28,29,1798,22
"ENSG00000105048.17",113,1,0,2,15,7,20,3,1,5395,1,2,16,53,1719,3,2,5,1,1,91,11,33,0,0,0,4,2,0,331,1,889,6,1,3,15,10,0,1,2,0,20,4,1,3,3,0,14,10,0,6,91,11,25,4,1,4,0,2,4,0,119,1,9,0,0,3,2,10,7,12,4,1,4,0,3,62,7,22,133,14,26,70,1286,11,2,1,0,13,9,724,20,1,2471,2,0,3,5,17,20,4,0,357,16,11,8,2,7,143,14,137,18,0,6,1,6,5,3,177,4,2,9,2,6,5,3,2,5,4,7,2,0,55,0,181,11,0,2,19,0,2,2,59,6,164,179,47,35,102,1228,12,6,0,39,6,5,1,8,10,20,195,932,9,19,88,37,4,60,2,116,2,2,0,2,43,4,22,515,1103,0,2,3,3,11,0,2,5,4,7,2,1,2144,47,11,18,5,16,274,3,370,0,2,33,2,2,60,9,41,8,3,30,201,4,6,0,746,6,2,0,2,2,11,6,27,1,2,2,10,24,0,4,5,12,5,0,5,0,1,3,1,2,1,5,0,29,469,1,51,7,1,0,4,1,96,3,124,0,24,1,5,5,2,9,3,5,17,8,2,20,8,3,1,39,2,4,3,146,1,2,123,2,2,0,3,2,3,10,3,43,6,3,4,5,18,196,1102,550,3,19,8,5,2,12,5,11,3,2,3,0,2,1,3,6,284,58,6,2,14,0,0,16,121,1,34,15,404,8,0,8,0,12,7,3,121,51,6,4,6,1,0,1,2,16,84,29,3,0,12,60,2,11,176,0,4,3,8,2,385,7,13,12,11,2,35,41,3,135,10,2,10,6,4,10,3,144,3,0,2,0,0,0,7,12,3,8,5,226,4,18,4,117,3,1,12,1,122,6,4,5,2,1,2,6,0,14,0,14,4,1,19,8,55,0,4,1,9,2,1738,4,4,1,3,75,12
"ENSG00000105141.6",20,0,0,0,0,0,0,0,1,0,0,0,0,0,4,0,0,1,0,0,0,0,1,0,0,0,0,0,0,0,0,0,0,20,0,0,0,0,0,1,0,2,0,0,0,0,0,2,0,0,0,2,1,2,0,0,0,0,1,0,0,518,0,0,0,0,1,0,1,0,0,0,1,0,0,0,0,1,0,1,0,15,0,0,4,0,0,0,1,5,0,118,0,1,0,0,0,1,0,0,0,0,0,48,0,0,0,0,26,0,0,0,0,0,0,0,0,0,2,1,0,0,11,0,0,0,0,0,0,1,2,0,84,0,0,65,0,0,0,0,0,0,0,1,0,0,0,3,0,0,2,0,0,1,0,0,1,0,0,0,0,0,11,1,0,0,0,5,0,27,0,0,0,11,0,0,0,1,3,0,0,0,0,0,0,1,0,0,2,1,0,2,1,3,257,0,92,0,1,0,0,0,0,62,0,0,0,0,2,3,6,5,0,0,0,0,0,0,0,0,0,1,0,0,0,0,0,0,0,1,0,0,2,0,3,0,0,0,0,0,0,2,0,0,0,0,0,0,0,1,0,0,0,1,0,0,0,9,0,1,1,0,2,3,0,0,0,0,0,0,0,0,6,0,0,0,0,0,0,0,1,4,0,1,1,191,0,153,0,0,0,1,0,0,4,1,5,0,0,0,0,0,1,0,0,0,0,0,1,0,0,0,0,1,0,0,0,0,0,0,0,0,0,0,1,0,0,0,0,0,15,0,1,0,0,0,0,0,0,0,0,0,5,0,2,0,0,0,14,0,0,0,0,3,44,3,0,0,1,0,6,0,0,1,0,1,0,0,0,0,0,0,0,0,0,3,2,0,0,1,1,0,3,0,0,0,0,0,0,0,0,0,0,0,26,1,3,0,0,0,3,0,0,0,139,0,19,0,0,8,0,0,5,0,0,0,1,74,0,0,0,0,0,0
"ENSG00000105173.14",212,0,173,39,518,117,104,33,28,863,93,231,279,480,409,38,29,205,116,47,78,17,141,43,35,112,95,52,35,169,591,291,209,99,58,261,66,47,213,152,30,498,231,33,32,125,107,261,13,32,40,281,82,211,47,321,22,80,2773,432,46,317,22,3438,19,82,40,26,200,755,358,92,45,6,60,10,4744,80,468,237,142,22901,1288,186,264,217,36,34,224,27,554,149,12,440,45,11,34,146,260,499,62,16,747,28,70,440,298,9,1347,129,172,39,68,151,148,39,1546,54,191,260,17,45,27,115,190,9,25,253,67,658,42,8,299,43,401,17,49,16,1020,11,18,1257,158,41,95,1339,157,640,231,100,13,21,79,120,33,129,49,253,148,79,117,86,694,104,153,203,521,574,609,1038,29,48,170,205,65,46,102,232,294,90,9,167,100,245,101,86,3385,12,62,4627,30,467,920,204,52,142,36,105,5,967,22,583,208,204,1,138,40,443,146,362,73,215,280,47,121,574,32,29,164,137,5,32,135,60,18,10,74,179,46,40,1118,58,154,132,30,345,15,27,22,94,48,131,35,52,412,166,23,116,33,54,46,55,21,143,25,299,33,127,62,104,28049,7250,743,179,14,102,342,15,58,8,289,7,758,10,76,129,278,13,40,683,78,190,278,13,9,241,11,72,76,78,76,38,55,45,103,268,301,28,190,235,799,98,2088,36,64,71,49,55,48,278,86,465,42,150,113,233,224,195,21,109,298,323,19,1217,131,309,31,48,49,11,110,171,72,420,258,26,79,662,55,63,6,77,57,256,4382,7262,9,223,200,12,29,143,39,464,30,23,162,502,361,24,122,73,40,404,725,20,135,291,11,260,540,103,102,48,167,32,331,9,41,54,52,93,41,74,91,50,290,53,115,315,181,19,11,104,35,62,47,437,63,13,36,154,84,14,339,162,304,106,1281,26,64,66,22,16,79,33,1904,490,270,62,12,14,262,14
"ENSG00000105290.13",630,28,469,33,224,9,4,24,35,5830,57,25,86,35,2575,18,20,85,2,40,63,15,643,22,21,6,54,39,9,10,435,437,23,31,24,19933,42,7,0,7,15,361,135,10,37,5,136,44,18,39,28,370,33,8,894,5,86,11,28,125,21,824,304,19,4,11,11,16,19,592,34,44,46,20,45,8,250,28,873,109,28,11,313,64,7,12,15,2,124,6,1396,122,2,13,15,4,77,133,682,287,42,6,2208,3,81,42,18,13,684,277,31,38,122,1372,11,34,186,4,105,16,4,4,12,9,21,14,60,182,24,629,19,19,101,25,287,7,521,8,55,1,21,191,72,29,387,602,191,31,11,1354,8,34,52,63,25,250,25,67,33,60,5,73,404,31,42,60,79,455,195,23,114,18,28,25,53,14,43,17,339,2,5,235,454,381,16,14,76,28,16,4,34,3005,389,50,18,40,10,151,9,2523,2,17,38,83,19,14,14,595,39,14,32,71,259,24,107,1830,44,3,72,11,10,20,7,174,31,18,7,17,21,16,354,84,43,78,11,16,8,13,7,22,190,14,59,16,842,348,3,73,47,4,68,647,26,1104,12,605,24,127,8,130,123,6,508,9,10,27,197,16,34,23,49,18,14,24,34,8,5,21,153,219,147,9,32,23,11,25,10,52,10,28,86,27,16,297,177,417,375,12,300,1798,90,20,6479,25,14,41,3,17,130,6,12,24,11,1260,68,8284,7,159,70,28,248,38,18,28,33,263,54,74,18,13,26,17,21,59,8,41,9,79,1586,98,16,5,40,860,26,9,28,30,39,16,16,350,16,90,7,17,36,371,13,14,18,37,13,51,120,7,528,16,9,43,8,14,2,8,384,21,25,44,48,133,13,330,17,41,40,17,45,107,111,13,22,2,18,23,15,36,61,124,73,23,35,79,57,3,1096,50,51,7,14,56,40,27,12,50,24,83,30,3333,23,88,7,12,87,34
"ENSG00000105376.5",44,1,5,7,6,1,11,1,0,15,2,10,11,60,560,8,2,29,1,7,78,3,18,4,33,0,6,207,1,15,1,11,3,6,1,33,5,32,1,10,0,2,3,3,6,0,0,1,2,1,1,79,5,5,17,4,222,0,32,0,2,51,1,7,2,5,0,1,0,4,29,12,1,2,1,8,51,2,0,72,3,231,914,0,6,11,0,0,49,2,164,38,1,3,2,1,23,1,15,3,2,5,6,0,93,3,7,3,657,2,39,10,20,3,0,11,4,1,6,7,1,6,1,4,6,4,7,77,1,5,15,3,125,3,158,3,11,0,3,14,2,1,13,6,86,37,21,0,14,6,0,4,2,77,7,6,47,6,4,222,7,115,249,2,1,56,23,2,0,12,1,10,1,6,38,3,4,21,154,6,1,3,6,14,1,18,2,2,88,63,0,349,229,4,128,0,4,8,0,69,2,1,8,3,4,31,16,3,6,1,7,42,16,46,33,8,5,0,52,5,2,131,0,3,4,1,0,27,1,0,6,50,16,9,1,4,1,2,0,0,6,0,2,3,13,17,4,15,5,2,0,15,1,5,3,97,3,1,2,212,91,2,45,10,4,1,3,12,24,4,2,4,22,4,1,2,2,1,1,12,16,0,0,2,0,0,0,2,0,1,13,2,6,0,99,124,7,1,9,1,5,51,97,9,7,2,41,76,53,1,2,2,7,22,6,365,1,21,91,5,1,7,0,2,8,175,15,0,0,3,9,1,6,180,4,0,0,2,1,225,0,1,2,68,1,1,1,3,4,3,2,39,3,42,1,8,2,5,7,0,13,5,7,4,4,3,1,14,1,9,10,5,0,6,219,1,11,9,1,42,3,5,1,11,13,4,34,16,2,1,109,1,1,2,0,0,21,2,11,2,2,9,4,1,20,10,174,10,1,8,13,14,113,21,3,0,44,124,137,3,2,2,4,3
"ENSG00000105427.10",17,5,483,11,40,25,4,3,8,69,8,2,4,10,321,8,7,42,0,9,16,2,14,8,2,8,145,15,21,33,6,55,10,10,12,26,7,11,1,1,5,37,4,7,8,48,2,8,4,15,4,22,3,28,524,3,28,2,16,5,13,312,7,13,4,4,7,8,13,76,522,8,1,4,12,4,670,66,20,4,14,25,205,114,25,30,6,12,41,20,309,17,0,513,183,4,59,5,38,55,16,7,490,1,26,2,144,7,236,10,17,21,13,117,9,8,6,1,77,151,7,1,28,3,14,6,13,6,5,272,3,3,120,45,50,119,57,4,38,6,5,40,68,5,69,78,73,30,32,12,6,5,1,96,27,2,48,10,43,26,3,301,280,27,19,28,13,53,44,14,85,19,0,91,165,3,50,429,54,7,5,68,8,14,5,20,18,23,51,4,17,8,38,14,87,4,38,21,7,405,1,60,19,16,3,10,46,27,71,5,72,264,101,2,13,3,7,5,15,3,5,36,17,15,11,2,17,2,30,6,16,1,89,5,14,6,1,3,2,5,63,7,83,7,132,298,11,192,63,2,4,22,3,9,1,131,5,95,21,86,20,1,166,10,3,17,15,7,8,11,9,6,75,1,15,12,38,9,19,284,99,91,87,19,3,6,2,27,17,89,66,3,19,13,496,32,4,25,67,11,12,43,48,16,65,6,6,15,5,0,5,12,4,376,58,33,0,13,45,28,2,45,2,57,2,218,31,1,60,2,19,16,7,306,22,4,9,3,3,16,3,2,7,51,50,5,7,53,15,6,4,332,5,15,2,18,9,14,2,1,5,12,10,10,46,11,196,7,6,14,10,3,79,30,141,12,15,20,7,32,6,27,3,15,15,1,47,15,28,3,116,2,3,10,32,3,48,26,34,2,2,20,13,6,11,87,176,5,3,44,22,23,3,12,0,10,23,29,5,12,3,11,11,9
"ENSG00000105642.15",5,1,9,6,14,2,23,2,0,16,1,2,5,10,25,2,3,3,4,3,18,0,25,10,21,13,18,24,5,1,0,14,20,5,5,16,13,0,1,6,6,11,35,0,5,1,5,24,1,4,25,25,7,7,0,12,3,1,0,0,2,222,1,10,19,5,3,1,2,45,21,6,14,0,7,2,9,1,1,21,41,19,5,4,71,31,1,0,19,1,59,128,3,42,2,1,3,102,4,23,8,1,8,0,10,47,12,7,266,21,4,12,6,7,3,54,3,2,13,56,0,87,2,4,8,2,3,121,5,39,15,2,63,0,40,0,0,0,11,21,0,9,37,5,7,26,9,7,5,10,1,6,1,31,6,10,0,5,27,51,11,17,25,9,8,51,17,13,1,15,4,1,20,62,9,7,8,118,5,6,1,16,4,12,6,6,60,30,0,1,4,11,22,29,71,499,7,21,30,203,0,1,4,32,1,79,2,0,104,0,13,9,14,41,4,49,0,0,10,34,0,5,4,3,6,1,4,18,1,9,3,28,5,8,0,18,3,3,2,3,25,7,0,19,14,88,0,0,12,29,1,57,2,6,2,4,5,10,2,30,40,8,53,8,6,11,2,4,73,0,5,3,5,2,3,0,4,0,0,132,29,1,39,1,3,0,0,9,3,8,5,15,11,19,45,203,20,2,1,17,5,11,4,5,4,3,2,105,19,3,7,10,8,59,4,29,7,17,3,26,3,5,1,4,21,34,3,2,19,2,6,6,6,15,6,5,0,6,0,1,2,9,1,64,30,39,5,22,7,2,2,87,4,2,1,3,2,6,5,2,30,6,5,2,11,4,61,5,1,12,2,2,0,4,265,18,56,0,0,95,1,36,45,12,6,28,13,3,11,1,2,1,2,3,8,3,81,2,6,0,5,12,25,0,12,2,22,2,46,27,18,108,0,1,7,2,23,9,4,3,1,2,12,3
"ENSG00000105664.11",4520,0,2,152,576,6,0,0,4,445,17,61,0,1003,0,18,2,5,0,34,50,10,101,76,12,0,1,688,0,130,30,728,232,207,22,16,10,8,0,443,1,2334,0,0,26,12,18,435,42,21,0,1170,11,10,0,0,4,1,80,11,3,26,2,376,0,25,37,0,16,205,150,458,12,2,4,2,224,20,11,67,5,23,7,10,2,3,157,0,277,1,366,20,0,123,0,3,1,0,87,377,253,3,2061,1,134,58,1,6,308,0,170,21,126,935,4,25,236,3,0,3,0,12,1,7,357,0,140,0,6,458,119,5,6,45,102,1,30,0,36,1,8,174,584,2,49,250,769,215,31,802,49,2,0,60,218,0,3,445,14,1731,13,0,32,314,331,969,2,200,0,283,0,1,0,0,146,19,37,1,1702,2,0,34,1,138,33,73,1336,2,17,1,0,13,21,96,2,0,3,5,2,75,3,26,540,5,8,8,2,14,264,5,59,882,90,32,992,3391,1,0,53,1,0,123,0,32,16,0,21,2,27,6,20,4,1604,658,0,61,11,20,0,144,11,197,0,32,119,84,0,3,39,0,40,2,0,105,25,1,10,75,60,11,82,10,88,24,2,1026,206,39,37,3,320,4,1,0,259,1,5,6,0,1255,1,3,25,9,0,136,33,149,2,458,1163,41,39,0,102,221,82,13,16,5869,82,40,349,0,1,742,0,287,56,0,0,56,0,49,106,239,6,29,121,100,57,648,1,1,242,30,350,0,157,6,1,54,122,2,2,32,2,12,0,4,0,4,96,12,18,65,1,23,4,7,6,79,18,0,1,2,16,109,1,0,4,612,122,123,532,11,5,24,58,39,3,70,14,3,33,9,0,13,5,0,4,26,2,71,16,1,21,57,4,14,96,0,3,30,1,407,238,85,1658,5,30,38,68,0,233,0,20,0,9,106,698,28,9,17,593,22,31,38,22,155,1,14,1,47
"ENSG00000105668.7",2,4,1607,3,25,16,1,4,2,2,17,14,9,72,4,1,11,4,1,6,7,1,7,0,2,5,239,5,20,8,22,8,9,2,3,9,1,1,9,11,6,10,87,30,8,9,12,2,0,7,2,6,8,17,27,1,2,39,3,0,7,9,1,0,1,34,44,3,4,1,1,2,11,1,6,0,77,10,45,15,10,3,7,6,0,16,1,1,8,2,47,13,3,31,2,0,8,0,23,0,3,4,0,0,2,3,2,4,84,140,18,3,1,3,7,4,18,3,716,317,4,0,1,3,0,3,0,2,37,66,4,1,13,0,1,2,11,2,10,1,0,108,2,5,9,1,4,33,61,0,0,2,1,4,3,1,0,80,6,3,7,11,2,41,41,0,22,10,3,6,2,10,0,2,2,0,2,25,0,0,2,3,10,5,1,3,2,2,1,0,2,19,25,49,3,2,3,4,2,17,0,3,71,4,0,3,25,5,6,2,8,24,5,13,9,1,1,1,2,5,1,10,123,5,6,0,34,0,1,10,2,0,3,7,3,8,3,4,7,2,36,1,16,5,21,148,2,1,26,5,1,0,1,3,1,80,0,20,52,3,15,0,5,51,0,9,4,0,0,1,0,2,336,1,12,37,18,1,13,11,16,20,21,4,1,37,0,8,23,2,16,10,16,18,93,185,1,7,12,46,44,13,19,1,49,2,1,0,0,2,8,9,1,5,5,4,4,61,8,11,37,1,0,6,1,10,7,6,1,3,5,20,0,61,1,1,2,2,13,5,2,80,9,4,3,2,0,11,24,2,3,147,1,129,1,2,17,19,14,15,7,2,10,13,84,0,14,324,1,10,1,6,1,0,52,0,2,7,3,8,0,9,2,0,11,0,8,24,73,20,87,1,3,62,34,1,6,14,4,2,3,4,18,0,0,0,0,596,0,2,0,1,0,0,1,13,11,5,0,5,4,0,390,3
"ENSG00000105675.9",0,0,0,1,2,5,1,0,0,0,1,0,1,0,0,6,0,0,14,0,0,13,5,0,0,10,0,3,0,1,9,1,0,0,0,8,1,28,0,0,0,1,0,0,4,30,4,0,0,0,0,0,6,0,0,0,0,0,14,195,1,1,0,0,0,0,0,1,2,2,1,0,0,0,0,0,18,157,2,2,0,11,1,2,0,0,0,0,0,0,3,4,0,3,0,0,0,0,2,0,0,0,0,0,0,0,1,1,52,0,7,0,4,0,2,0,7,0,0,3,0,0,0,0,8,1,0,72,0,4,1,1,4,0,3,0,0,0,94,0,0,11,0,0,2,0,2,1,4,3,1,0,0,1,2,1,0,0,1,1,1,3,0,3,0,1,0,5,19,1080,24,0,0,0,0,0,0,2,1,0,0,1,0,19,0,0,4,1,0,1,0,0,45,3,7,0,0,0,0,93,0,0,12,2,0,2,1,1,0,0,1,10,1,0,2,0,3,0,1,0,0,1,0,267,1,0,0,4,4,0,3,3,4,0,0,0,0,0,0,0,1,0,0,20,0,0,0,0,1,0,1,0,0,0,0,24,0,0,0,0,0,5,1,8,0,2,7,0,7,0,0,1,3,0,0,0,0,0,0,76,1,1,6,0,0,0,0,7,0,137,0,11,23,0,0,1,9,0,1,0,0,2,7,1,1,0,0,18,0,1,0,60,0,426,0,1,0,1,4,7,3,0,0,115,24,3,0,0,0,0,0,0,0,1,0,2,0,1,0,5,0,0,35,0,0,0,0,10,2,0,0,21,1,3,0,0,1,5,0,0,0,1,0,0,0,1,5,1,0,9,0,0,1,0,3,0,1,0,0,5,0,44,0,1,0,2,12,0,0,11,10,0,0,2,133,0,3,1,0,0,0,0,34,0,1,1,0,0,0,0,0,0,3,0,0,0,0,2,2,0,0,0,0,1
"ENSG00000105695.15",0,0,0,0,18,4,1,0,0,2,0,0,0,7,2,5,3,0,0,7,1,36,7,1,15,0,0,0,6,0,21,11,4,1,3,9,0,20,0,0,1,0,15,0,60,0,0,0,0,0,0,2,2,1,11,0,1,1,7,2,0,0,0,1,0,11,0,0,1,1,6,0,1,1,39,41,20,3,1,23,0,0,0,25,3,1,0,0,0,0,6,0,1,0,0,24,44,5,0,0,0,4,0,2,2,0,0,0,66,10,14,58,4,0,0,0,7,0,3,1,0,1,1,0,2,2,3,0,0,0,0,60,1,1,0,8,0,57,9,0,0,2,1,3,7,5,3,2,1,1,21,0,0,0,0,0,0,16,0,1,0,5,0,1,0,4,5,5,1,2,0,2,1,0,0,0,3,1,1,10,0,4,0,2,0,0,0,52,0,0,0,1,1,0,0,2,3,0,1,23,0,0,5,0,1,3,1,0,14,7,21,38,1,1,9,6,32,0,1,0,17,3,2,3,0,4,26,0,2,0,10,0,5,0,0,0,0,12,0,1,27,0,16,0,1,0,0,3,14,0,0,2,14,1,1,0,56,2,1,6,1,0,0,1,7,8,1,6,0,36,13,12,5,3,0,9,0,64,18,0,0,1,2,64,8,23,0,7,1,9,2,0,0,0,0,0,2,0,0,1,7,14,2,29,0,2,1,0,1,0,0,32,9,8,3,8,4,6,5,1,7,0,56,16,11,10,0,0,0,2,0,17,19,0,1,54,3,1,23,0,117,1,0,0,0,0,0,1,0,63,0,1,10,1,3,61,1,0,5,0,0,0,4,2,1,3,0,13,0,1,0,1,0,2,0,0,0,2,11,0,1,4,6,0,0,1,5,1,0,2,2,0,4,0,12,0,6,9,3,5,2,0,2,4,1,1,1,16,0,0,0,15,5,1,0,0,0,1,5,59,62,25,11,2
"ENSG00000105697.9",45,570,13,1193,321,1046,236,81,47491,1942,2,20,11,249,26,15845,12792,23,7,6240,5508,21557,36,478,266,20,15,79,99,7,22,45,55,12072,113,74,266,17996,26,11,1676,89,353,28,24366,412,443,141,35126,3075,1637,36,12297,16,0,24,13345,2028,71,159,15,145,3,28048,45790,337,49,11,658,459,3283,1007,1074,45346,36,22300,56,82,345,509,10,11,231,9945,22,85,116,3,1341,136,98,202,39,84,23,5715,5451,170,28,418,6032,10515,1732,27,632,2918,7,5437,225,319,42,27444,54,75,23,9,175,16,23,641,0,92,1394,14,3717,79380,30061,69,28,937,1362,21860,64,975,684,7419,7,28456,21,183,9395,579,1584,2610,432,490,18,49,187,36,10030,8660,9,34,3950,38,95887,5540,215,77,223,49,3295,75,385,85,4120,163,17,15,2,16,8,512,1413,12,624,15,12253,791,12557,31,42,9,583,96,6,1742,181,24,63,100,516,24,1032,5,20108,5,62,15,861,119,150,213,12036,152,1112,139,8193,27,15149,96,50,2412,1041,30,2,740,2992,22,33090,74,777,5511,167,830,1762,130,756,644,121,217,694,17,16,35,5211,924,17,1012,180,265,6,12,87,540,3,28,81,11,3021,37,25953,18,52201,1267,29199,427,5,6102,167,113,86,44,40479,25,461,43309,16,17943,35,20182,40,19802,11,172,500,14948,1,296,5,166,334,57838,9,4354,48004,8564,218,1912,14180,816,176,3,18,243,50,6,872,28,1864,391,215,8921,1451,9058,5729,64,52,18,4,211,3,31272,2843,23,10,11,5617,99,27,158,23759,135,11116,1600,6314,3,33218,93830,0,3528,7810,18,23,22064,2,29,14,154,30071,20,383,5036,18,20,1480,529,2466,85140,14261,461,112,39,4,4698,182,139,117,9,34,5083,1714,27,5125,33,865,1393,921,557,2764,6074,417,57,22,876,153,18151,1889,60,393,10,1408,90245,11934,29,184,475,120,59,47,9,8642,187,398,230,50,81,5275,7830,10,23,564,9,835,2,35,5078,1301,2970,6603,644,7351,10258,72,3,176,121,2994,29633,11769,6401,23,8162
"ENSG00000105825.14",834,7,171,37,35,5,3,88,94,1544,71,25,5,894,21,506,166,43,8,128,103,339,65,68,83,52,10,248,60,13,4,21,28,145,27,40,97,38,39,48,10,103,28,64,151,9,5,75,968,61,91,58,612,24,61,16,113,24,45,17,49,39,26,224,180,118,22,24,59,21,272,31,10,294,27,298,13,31,23,137,89,22,8,31,18,17,11,15,60,4,32,14,10,13,9,64,63,34,15,90,127,221,89,86,25,75,26,295,805,46,67,358,32,90,11,4,98,52,19,106,6,41,10,7,15,246,261,1,18,64,88,142,67,10,37,375,44,69,42,19,107,226,428,360,67,113,16,8,31,2808,145,400,23,82,52,1,16,124,13,24,101,18,5,99,15,193,120,5,17,102,24,8,7,83,38,26,48,20,721,29,75,19,46,15,34,36,254,72,13,12,10,672,7,14,12,6,96,2,34,15,12,28,57,56,337,12,45,35,87,45,209,82,16,123,215,2064,7,119,42,23,145,44,8,17,2324,927,142,374,6,30,7,19,50,32,5,70,118,25,5,10,83,38,82,20,117,27,8,19,114,7,125,24,16,39,196,27,263,8,26,11,138,64,1102,13,291,57,60,254,37,1127,42,82,34,195,6,29,109,174,21,32,30,20,4,227,12,81,633,29,4,96,439,11,23,9,20,316,36,25,306,1261,356,52,431,120,26,17,49,17,72,12,18,57,11,26,84,230,130,124,4,17,19,3115,114,123,70,16,579,12,11,271,22,103,194,105,60,322,8,15,44,1,121,27,42,56,49,117,58,9,170,481,279,25,90,18,3,390,27,162,5,6,190,94,29,31,64,10,24,57,109,21,58,21,10,8,14,42,21,451,111,13,23,56,44,13,153,0,43,24,53,30,10,39,86,14,14,42,33,55,523,154,5,4,23,26,60,68,551,48,30,12,104,53,56,65,46,49,14,7,39,198,225,287,1249,211
"ENSG00000105880.7",4,0,30,3,11,229,0,0,0,5,0,0,2,6,0,0,0,2,23,76,0,0,2,0,1,72,13,1,18,10,456,8,0,3,0,5,7,0,0,0,0,7,10,3,0,2,10,3,0,1,3,1,1,16,7,0,11,6,0,0,0,9,1,1,0,191,2,1,11,8,5,7,1,0,1,0,0,1,519,10,2,6,7,1,1,2,0,2,19,1,0,2,11,4,17,1,0,7,196,76,0,0,2,0,2,6,2,0,48,63,0,1,3,5,19,2,27,6,0,133,4,2,4,0,1,0,2,5,3,1,2,1,4,16,0,3,4,1,0,0,0,92,6,1,1,4,7,2,1,2,0,0,1,4,1,0,0,3,0,3,1,7,0,16,10,1,1,3,2,2,24,5,2,36,0,0,0,4,15,0,0,8,0,3,1,1,1,0,6,0,0,367,2,1,2,2,2,0,0,3,0,3,73,1,0,1,8,29,1,0,3,6,1,8,8,2,4,0,3,86,0,1,13,2,0,0,0,81,0,8,5,2,1,4,4,8,0,3,0,3,0,1,4,2,26,15,0,0,56,2,2,0,0,5,3,0,0,4,0,117,0,0,448,3,0,3,8,0,0,0,4,0,0,0,0,7,1,0,3,1002,1,10,0,0,0,1,0,4,6,6,0,1,5,0,32,1,7,6,0,19,1,5,12,0,119,1,0,1,0,30,4,6,2,44,5,37,6,37,12,1,79,6,0,211,1,0,1,5,18,0,18,2,2,239,17,1,0,3,162,0,0,2,8,4,1,0,1,1,9,0,0,5,16,49,1,0,147,0,77,2,2,9,0,0,27,1,0,3,24,0,0,2,2,8,0,0,0,0,1,4,1,7,1,1,0,7,20,1,0,0,4,1,0,10,52,1,83,47,1,0,2,1,5,0,52,69,2,1,0,25,0,0,6,5,7,0,1,683,10,1,0,0,1805,1
"ENSG00000105889.16",4,0,9,8,4,1,2,3,1,19,2,7,3,437,164,4,5,17,0,0,1,0,13,1,5,2,3,4,3,7,7,16,2,3,4,5,7,1,2,4,0,11,1,2,9,3,3,12,3,7,0,7,1,8,2,1,4,2,1,5,4,9,3,1,1,5,1,0,7,4,139,15,4,0,4,0,12,5,16,20,32,4,5,4,1,2,5,10,21,3,9,2,2,627,3,1,4,5,14,23,11,0,551,2,4,5,6,1,743,2,3,5,13,5,6,1,11,2,103,129,3,2,5,23,2,1,4,3,5,30,4,2,253,2,10,1,1,0,6,1,3,7,5,2,4,18,19,3,14,5,1,2,2,4,2,1,0,8,2,5,43,1,20,8,3,10,9,10,2,66,1,2,8,339,3,0,4,18,4,1,0,17,7,7,3,1,16,16,7,1,2,256,5,5,4,3,1,4,1,7,1,4,12,196,1,103,2,4,9,0,2,15,11,2,10,11,2,49,15,10,0,4,11,4,1,2,6,8,2,10,2,1,9,8,0,1,3,2,0,6,17,6,2,1,9,5,0,0,4,3,1,6,3,5,0,1,0,5,6,8,4,4,57,7,1,9,2,2,12,0,15,1,158,0,5,0,25,1,1,2,0,4,5,1,2,8,0,3,0,5,6,0,2,4,9,197,24,5,7,17,5,6,444,5,12,2,3,0,2,1,0,13,3,8,5,15,14,57,24,4,11,7,2,16,11,1,0,1,4,1,7,4,12,1,3,0,1,65,2,0,0,2,8,3,17,1,4,18,228,2,0,33,7,8,0,2,8,3,38,0,3,15,5,13,88,0,0,21,7,4,4,4,6,9,191,3,0,0,4,2,0,1,1,4,3,4,6,3,4,3,8,3,0,3,1,1,12,19,14,1,2,1,9,0,47,111,103,44,0,22,4,4,4,1,9,1,15,4,5,1,0,1,8,2
"ENSG00000105997.22",71,4,212,14,128,46,0,4,9,1,409,16,6,29,61,43,52,15,513,51,20,11,28,28,6,643,1,13,60,15,11,100,12,25,6,23,162,10,80,35,73,14,72,673,26,19,13,51,9,11,15,24,16,545,95,3,204,24,9,6,236,5,79,10,128,80,17,1307,17,16,25,58,19,4,28,6,358,17,442,10,52,7,4,26,8,7,101,182,72,29,51,148,153,58,46,4,32,6,893,148,13,23,144,319,22,214,12,9,445,295,25,23,65,20,375,28,168,105,5,21,38,4,2,49,78,6,7,2,7,14,23,19,8,10,24,11,61,9,8,52,8,179,115,12,117,248,93,11,75,185,7,19,11,5,18,64,58,46,118,19,13,112,7,148,86,4,61,12,11,543,229,92,324,106,45,10,107,759,249,359,4,30,227,9,379,6,28,63,5,5,5,318,144,23,4,220,13,258,8,4,4,3,8,10,14,18,7,29,55,2,47,29,4,5,80,50,4,432,34,256,4,16,12,8,13,6,64,5,25,33,59,6,45,93,634,300,18,432,6,12,5,76,130,5,160,72,89,230,46,419,6,35,10,112,18,10,17,65,104,71,28,11,419,481,4,48,8,15,5,3,16,11,5,7,31,59,88,3,83,90,7,602,4,7,179,17,6,46,334,75,47,102,18,153,82,202,8,175,37,12,19,24,18,17,88,76,6,18,10,350,453,48,2,51,19,14,68,193,26,7,123,106,8,110,16,6,20,1800,263,1,484,23,21,340,55,10,668,9,539,1,8,371,62,46,25,27,10,145,21,6,14,26,28,9,194,8,11,19,51,3,12,13,270,100,164,32,129,12,260,31,6,421,22,130,7,12,1,16,19,2,67,2,10,2,11,0,172,51,4,4,602,857,15,6,9,63,90,529,362,9,5,14,31,1,344,139,98,15,9,60,33,3,11,11,14,132,11,196,42,15,15,3,562,10
"ENSG00000106006.6",11,0,0,0,13,1,0,0,1,0,2,1,0,0,17,1,0,0,0,3,1,0,1,0,3,3,0,0,0,2,2,0,1,0,0,0,2,0,0,0,0,2,9,0,0,0,1,1,0,0,0,2,0,7,0,0,1,0,0,0,0,0,0,0,1,9,1,10,0,1,1,0,1,0,0,0,5,0,3,0,0,2,1,0,5,0,0,0,2,0,0,1,9,0,0,0,0,0,9,19,0,1,2,0,0,0,0,0,31,10,0,1,0,0,0,0,30,0,1,0,0,1,0,1,0,0,0,0,0,0,0,0,0,0,9,0,0,0,1,3,0,20,2,0,16,36,2,0,2,16,0,0,0,3,0,0,0,0,0,0,0,0,0,7,5,0,7,1,4,48,1,0,1,31,0,0,1,19,5,18,0,2,6,0,0,0,0,3,0,0,0,11,10,0,0,20,1,4,0,1,0,1,0,1,1,0,0,9,0,0,0,0,2,0,1,0,0,0,4,16,0,0,0,0,0,0,0,0,0,0,8,0,3,0,0,0,0,0,0,0,0,0,2,0,11,6,1,0,3,0,0,0,0,13,0,0,1,0,0,7,0,0,30,30,0,1,1,0,0,0,0,0,0,0,0,0,10,0,0,5,0,3,0,0,0,0,0,0,0,2,0,0,0,0,1,4,1,0,0,0,0,0,0,0,0,0,0,1,0,2,1,0,0,4,0,1,2,18,3,0,0,6,0,5,1,0,1,1,0,0,11,1,0,4,0,0,0,1,0,0,1,0,0,0,5,1,0,0,1,0,0,0,0,0,0,0,0,4,6,0,3,0,1,4,38,0,0,1,0,0,0,8,0,0,2,0,0,0,1,0,0,0,0,0,0,0,1,2,1,0,6,2,0,0,0,4,9,5,0,0,0,3,0,0,6,9,18,0,0,0,0,0,0,1,4,53,0,3,0,0,0,0,0,0
"ENSG00000106013.15",7,0,0,0,2,0,11,0,1,5,0,2,0,74,32,0,0,8,0,0,0,0,0,0,2,8,0,1,0,1,0,6,0,0,2,7,3,0,1,0,0,0,4,0,1,0,0,2,0,0,1,2,1,7,1,1,0,0,0,0,0,20,0,0,1,0,0,1,2,0,36,1,0,0,0,0,3,1,15,2,4,1,9,0,19,1,1,5,2,0,2,3,1,6,0,1,0,18,49,0,0,1,0,0,0,0,0,1,50,1,1,1,5,0,0,0,6,0,11,0,0,0,1,0,2,0,0,0,0,68,0,0,23,0,0,0,0,0,22,0,0,2,4,0,0,1,0,0,0,5,2,0,3,31,0,0,1,1,0,0,1,0,1,3,0,3,0,0,0,2,0,0,0,1,0,1,1,2,4,0,0,1,1,0,1,2,0,0,0,5,0,8,2,2,0,0,0,0,0,1,0,1,1,3,1,1,0,2,0,0,1,0,0,0,1,1,1,0,10,1,0,0,2,0,0,0,1,0,0,1,0,0,0,1,0,2,1,0,1,2,1,1,0,1,2,0,0,5,0,0,0,0,0,0,0,0,0,1,0,2,3,0,2,14,0,0,1,0,0,1,0,0,19,0,0,19,6,0,1,0,0,1,0,1,3,3,0,1,0,1,2,1,0,0,2,112,1,1,0,1,0,1,42,0,4,0,0,0,1,1,0,0,0,0,1,0,27,2,0,0,2,4,0,10,0,1,0,0,0,0,17,0,2,3,0,1,1,0,0,0,0,0,1,3,3,0,2,0,13,0,0,8,2,38,0,0,0,0,2,0,0,0,0,1,2,1,0,8,0,0,0,0,0,0,1,0,0,0,0,1,0,1,0,0,1,0,1,1,0,0,0,0,0,2,0,3,10,33,3,1,0,0,3,0,4,0,57,1,4,4,3,0,0,0,0,0,13,79,0,0,0,2,0,0
"ENSG00000106031.9",332,4,3,707,216,3,2,0,165,254,19,62,630,514,217,20,587,307,11,11,70,0,213,419,425,168,1,1174,115,310,0,735,160,387,85,0,299,189,36,48,87,6,84,14,9,284,0,0,1,2,0,2,7,437,8,2152,0,10,1831,5,644,131,72,134,10,23,518,4,4,1343,106,320,8,2,6,1,434,611,99,601,784,1138,570,269,1221,1717,21,0,7,423,171,43,161,47,51,10,1,2,589,970,454,2,569,95,62,212,1762,0,252,1,2,6,2,1038,1022,24,104,32,2,23,4,1087,2,452,64,1,57,458,18,92,470,0,544,76,51,0,504,0,1,19,1,114,2,9,200,2871,192,0,2,1,0,17,1129,637,15,582,0,55,599,1409,0,30,6,736,5,0,42,422,1107,4909,334,275,848,1496,76,185,40,444,359,0,0,686,952,61,18,12,872,995,6,717,1465,108,1454,987,781,1006,0,5,0,471,10,482,0,1998,0,5,2,1870,188,558,354,17,21,274,742,168,321,14,277,2215,0,295,0,307,0,3,5,2051,39,6,587,57,11,137,0,155,0,136,148,260,574,465,577,841,32,193,41,12,84,80,127,18,0,0,1,0,0,547,9,1161,1090,1944,1134,196,0,727,443,1,202,0,4,2,21,0,276,316,446,0,64,149,1158,57,579,0,2,1,1,35,6,6,0,1003,68,2,44,0,42,8,17,1,730,238,0,0,61,63,113,1106,377,406,290,471,1,329,10,1,29,18,49,364,541,287,0,78,15,39,4,561,0,1,420,487,229,775,496,0,19,1141,211,0,0,26,70,3,1111,1120,520,83,10,0,2,875,963,297,470,0,12,310,45,1,213,47,14,15,0,34,365,0,471,479,8,497,73,5,201,192,239,0,0,2165,5,740,110,96,0,522,427,734,134,414,25,853,1,76,38,227,240,22,166,0,334,180,665,0,992,0,610,1,312,0,337,244,10,1,1351,55,104,150,874,1,0,0,135,2
"ENSG00000106034.18",136,497,335,676,318,88,34,1581,559,140,2475,196,224,1530,45,1627,81,865,740,380,1243,2952,236,1063,1846,2812,16,1324,45,329,33,174,579,3948,437,201,968,261,113,1161,390,240,721,807,2052,65,94,729,1402,405,476,483,1916,142,47,835,2085,65,422,21,460,1737,920,588,988,77,1262,1258,818,237,614,599,903,1915,197,2357,57,138,75,769,808,1898,31,86,1595,44,268,218,252,235,621,1516,195,14,76,1086,1385,2528,345,286,1331,3189,89,131,101,133,755,1941,160,275,356,1618,686,836,37,1692,162,177,506,283,525,749,1398,1406,226,1587,549,88,74,558,1491,2489,325,508,160,3472,1768,2463,51,1391,1024,184,258,3171,662,118,91,26,29,143,1628,1245,2615,825,1489,1073,345,608,86,1673,1017,2,238,148,21,819,91,29,1007,217,378,438,1567,211,155,590,217,19,880,1318,1656,244,1486,413,1089,307,1965,1139,492,308,150,945,47,835,1238,598,1879,358,630,116,766,285,147,631,2683,406,1003,716,236,836,597,94,63,1075,882,277,186,1092,417,2141,1160,341,14,40,1207,1469,1057,454,43,490,53,1381,507,376,564,369,1806,484,1136,557,816,505,1087,138,310,69,26,26,1443,1077,310,327,982,94,1493,731,2380,57,53,837,1925,1389,218,233,2560,145,69,2906,548,1294,384,1048,290,2960,1263,552,69,395,958,45,493,12,442,451,2125,102,1493,155,18,243,1472,749,79,32,51,60,413,1108,3208,275,1505,23,24,1494,50,366,884,335,319,199,2500,37,527,189,550,309,494,205,386,474,232,222,1351,68,1167,46,1448,675,52,1276,316,197,1031,133,982,4423,873,198,994,21,2753,1371,1711,67,418,901,302,14,60,1171,1493,309,2968,522,320,2466,52,43,54,147,248,908,627,46,337,1899,40,200,711,129,398,915,14,38,200,360,1646,1060,3201,551,612,440,906,132,947,466,204,359,258,271,78,2032,1069,120,17,323,573,83,2233,1802,483,382,151,571,779,952,408,241,453,495,1599,557,1530,1028,1088,45,195,1041,38,3254,2374,1483,59,789
"ENSG00000106038.13",333,0,0,0,1,2,0,0,2,15,95,330,92,1,52,2,1,1,1,0,0,0,4,0,0,4,0,3,5,8,0,63,0,0,2,0,11,0,310,359,0,6,0,2,0,2,2,0,0,0,0,1,0,4,9,17,8,0,4,0,1,0,1,0,0,2,4,0,0,4,1,1,0,0,0,0,95,14,109,1,14,5,3,4,17,1,1,0,1,2,1,12,0,2,76,0,0,0,20,90,0,0,563,0,2,62,4,0,24,58,0,0,0,4,5,0,0,0,2,98,0,5,0,4,1,0,1,0,10,16,0,0,8,1,0,0,102,0,0,1,0,2,13,0,0,282,3,0,1,50,0,0,41,3,0,0,0,3,0,3,0,8,9,1,2,0,1,38,3,360,20,1,12,1,4,0,23,176,3,0,0,1,0,1,8,1,5,0,0,0,17,1,18,2,4,9,0,1,0,21,0,2,1,1,0,3,0,105,0,1,0,1,21,0,1,26,0,0,0,16,0,0,0,1,0,0,1,61,1,2,2,6,1,8,1,0,0,22,1,0,16,18,174,0,3,1,0,1,0,3,1,0,0,0,0,1,0,0,16,6,5,3,13,0,0,9,7,0,10,0,0,0,0,0,0,0,4,0,107,19,2,2,8,1,1,0,0,0,0,1,0,0,0,0,3,30,2,3,0,4,0,3,1,0,0,1,2,1,1,12,0,1,3,3,3,1,4,2,0,2,0,134,0,0,3,0,0,7,1,0,53,4,2,8,402,0,5,126,4,23,0,3,1,5,22,0,0,1,1,0,0,13,13,2,1,0,0,13,2,0,15,1,268,1,0,1,7,1,3,3,15,16,5,9,0,5,0,0,0,4,0,0,5,0,1,0,12,14,2,8,9,4,0,1,6,1,1,4,0,0,0,1,2,0,43,0,7,0,1,0,0,14,0,0,3,0,0,4,71,0,0,0,1256,1
"ENSG00000106128.19",252,0,0,66,34,123,3,2,22,99,0,4,0,8,467,5,5,1,0,20,80,0,1024,20,0,716,5,18,24,207,10,1161,3,3,5,1298,2,5,0,0,0,159,1,3,11,8,234,21,1,2,16,230,4,43,0,0,43,0,0,9,3,1,1,10,425,2,0,4,1,7,139,93,129,2,10,1,76,77,45,10,2,1,13,7,159,2,24,29,79,12,1617,56,0,11,33,0,0,592,3,0,12,1,97,0,33,21,50,1,11,0,158,5,229,48,5,95,47,4,4,28,0,0,0,1,198,2,13,10,32,270,1,37,46,1,205,1,0,0,1,0,4,468,159,10,4,479,1,30,5,182,2,15,120,775,32,1,25,18,268,2,0,100,261,3,48,5,10,10,19,2,49,14,1,0,553,0,30,85,4,35,1,18,2,6,0,4,5,1,0,0,0,3,1,9,32,57,1,7,1,278,0,4,63,0,1,1,0,1,59,0,29,29,6,0,3,42,1,0,49,5,0,2,1,376,4,1,0,7,487,153,587,51,81,2,0,118,1,0,3,325,256,28,3,29,17,12,0,443,3,0,6,3,4,49,1,782,0,2,101,369,21,0,5,21,4,150,14,2,1,3,42,21,5,14,227,24,3,1,4,15,1,0,2,10,0,11,0,24,7,142,91,3,310,8,191,8,46,0,1,71,1,4,1,4,1,90,0,640,3,27,0,79,150,3509,7,55,1,10,240,1604,28,64,2,2,352,14,26,0,2,3,3,2,7,281,1,1,0,93,9,64,0,3,10,22,2,29,0,91,6,17,9,169,0,1,0,2,17,5,1,41,1352,0,10,14,10,2,0,1,0,400,401,2,4,4,0,0,341,7,2,1,808,7,0,98,5,80,45,42,229,32,23,2,5,156,389,9,52,6,15,0,7,6,296,0,2,0,13,2,0,73,19,1,1,120,1,5,157,4,9,8,2,0,0,1
"ENSG00000106366.9",9522,3636,2684,5232,4276,489,594,535,2737,7718,12866,1735,674,68365,853,8435,783,3272,28872,8414,12627,12828,2557,16513,1138,580,262,49102,360,9217,10974,1512,2815,11033,3737,1174,16599,1696,3532,7348,1351,9559,3185,333,16484,573,433,15663,42619,3630,218,78466,5662,655,608,19019,18126,1787,4940,1225,715,40385,1249,5154,5130,541,2129,3001,53265,1589,4543,7649,5339,41502,450,2331,3412,1604,1797,6219,16811,11167,9399,1375,5393,94,6201,143,3259,154,4046,33090,2306,16268,284,12859,360,2471,12870,2632,19608,51083,19587,833,8011,4356,1094,24672,10862,360,1357,21623,15715,13194,172,20056,3289,619,9559,1151,1530,8320,558,10599,1297,48103,31479,301,1905,4510,3300,21741,4054,3633,4994,36848,11640,23489,5928,12973,4938,9408,4114,15672,3964,3033,6776,10222,10264,5706,8711,18897,6686,4509,8935,5396,511,30408,1535,8822,4763,854,12528,5755,1112,24720,11907,8018,4336,54233,8388,14886,9879,4514,1292,9677,1313,1937,6224,2005,5235,566,24181,4535,2472,9991,7029,1001,6436,1876,5414,49637,1398,2201,9012,338,1272,11009,2349,1608,7516,2951,2594,1046,5464,2148,3747,1867,1069,2549,1263,5889,2354,29435,16526,2126,1403,4546,7153,51997,55337,2030,600,4691,10103,40681,300,19682,814,2457,1257,3158,4612,2067,3560,1271,8206,984,852,8397,2300,2967,3008,1336,31756,2714,1275,155,3646,601,1577,1728,5429,12085,1036,1925,9376,14922,813,49637,3344,11539,14798,31802,150689,1992,3735,43204,3038,22662,4736,2639,5622,13280,4058,400,4227,9624,269,2756,396,3280,592,4714,3553,2672,6883,2298,7426,10775,30336,3524,1541,1169,274,13377,51300,5726,3708,3069,8830,234,1222,7215,204,2571,800,1645,573,571,1797,6319,3112,1877,1379,1660,1903,5408,6061,509,3184,1535,14161,1619,2774,455,81286,1418,278,23482,628,2118,7238,133,10582,44441,3120,15606,209,158,22857,2116,5738,4534,2457,3690,2897,209,5793,15912,23938,1870,8021,139298,1209,49115,7037,3145,6447,19865,5164,26497,4910,25789,10868,1921,4557,9374,5743,1920,2011,2315,3471,355,3310,5407,1162,38353,1442,2478,1156,973,1256,2597,9995,28042,3884,7862,2068,7974,3250,932,838,1035,594,3679,1218,1679,39297,34802,2777,957,2193,2115,12241,283,8023,10120,1008,6139,35235,3265,8410,3042,8050,4335,984,23828,3434,85840,10191,542,1676,45924
"ENSG00000106462.11",451,13,73,207,696,261,395,277,150,1198,249,1098,1247,2925,953,133,282,722,678,322,325,112,386,213,337,272,347,887,149,738,2470,769,826,458,229,1133,445,184,1113,779,100,384,1730,182,150,482,141,541,57,167,278,899,295,926,369,736,78,622,848,1337,119,783,182,381,75,700,394,159,1958,1725,854,258,263,70,206,55,445,356,1703,880,657,493,2184,209,1190,484,268,164,367,90,515,679,284,573,150,49,76,598,815,1334,369,152,1408,316,344,1027,1311,99,2219,568,272,211,171,514,463,320,3204,789,1108,932,127,507,77,606,394,95,76,431,726,867,268,63,1762,133,933,64,204,49,2433,152,34,2162,679,171,347,5048,1304,494,690,774,87,116,813,402,116,489,224,976,593,544,533,162,1291,510,330,486,936,1334,1124,3942,360,229,801,1038,174,257,368,709,683,434,38,582,510,1129,377,196,365,124,163,689,284,1864,1625,1145,171,1351,97,281,63,1096,263,1988,814,889,41,439,117,1732,663,886,162,688,1815,488,351,695,97,136,366,825,44,468,468,222,90,52,504,1504,150,427,1722,852,328,506,166,629,52,204,681,285,194,377,81,162,1366,789,331,258,243,389,90,389,75,891,71,699,149,357,221,1720,1252,418,2383,1473,96,467,492,64,1307,78,629,60,779,70,237,653,680,18,190,1431,403,693,485,45,355,562,57,325,345,485,238,312,413,193,428,776,3304,384,409,221,1928,231,2604,112,686,114,155,351,384,890,562,1323,477,468,492,874,2831,943,161,322,1053,872,84,2045,604,1085,161,435,284,43,909,489,308,613,1649,72,680,2182,321,197,24,280,375,795,1378,416,64,422,794,47,101,1023,270,1137,384,152,1214,955,1105,475,541,151,316,1161,2027,288,315,1572,197,659,1313,630,87,232,836,143,1207,137,264,293,193,563,349,127,251,376,918,320,341,730,578,357,86,624,164,338,463,1296,258,48,225,457,275,123,1206,123,988,708,189,156,391,412,156,72,807,189,228,2671,796,153,39,152,1073,98
"ENSG00000106483.12",548,2,6176,525,1069,32,1,14,78,142,536,109,32,421,40,75,93,33,33,327,189,11,226,227,38,5,3,1047,7,64,72,704,794,435,42,385,286,35,139,223,34,952,18,62,90,79,49,1578,32,15,6,924,16,101,343,18,209,48,118,29,100,9,28,197,0,43,177,141,35,294,184,2250,66,7,26,7,317,55,68,180,91,25,31,197,6,6,347,33,224,10,969,54,2,39,16,3,275,48,794,443,501,29,1064,7,544,641,70,2,164,23,901,49,3610,1811,145,177,640,14,4,137,159,36,3,67,363,14,273,2,54,470,471,43,14,277,331,14,117,11,110,11,91,282,488,35,428,340,396,222,101,325,10,21,4,98,452,28,44,2877,128,1032,67,13,102,940,283,653,119,118,17,313,9,27,442,8,535,81,165,13,219,22,3,36,86,382,30,63,1343,205,31,0,4,29,34,286,17,4,7,9,17,76,11,29,2066,8,9,11,13,158,597,9,166,414,145,18,3201,1127,32,252,610,111,10,114,3,70,256,18,53,34,82,124,9,10,2432,865,40,241,5,170,26,351,712,742,99,92,123,238,93,85,178,153,160,4,32,115,8,17,36,338,157,13,337,13,161,27,14,1491,195,43,29,12,611,26,24,10,134,7,14,14,13,439,4,80,62,26,7,135,10,503,20,1060,1686,138,117,14,204,70,60,35,49,452,429,107,83,31,45,1063,39,407,55,9,137,190,9,94,226,84,62,25,681,110,414,60,19,9,931,46,263,232,341,7,135,92,504,8,45,31,364,89,45,23,2,167,140,13,9,113,25,42,12,9,17,479,35,109,14,28,66,294,39,3,17,346,255,103,154,53,31,19,116,219,2,252,16,40,16,12,20,21,183,3,5,72,14,49,19,32,111,321,47,21,264,46,16,57,13,271,488,120,2844,23,66,62,347,9,107,91,48,3,55,2560,1438,19,205,61,213,73,28,1129,63,599,10,39,473,25
"ENSG00000106541.12",7,19,0,89,1562,0,59,0,2,5,1,0,59,387,2932,451,0,74,0,1,0,3,71,3,12,0,2,4,0,16299,5,1364,1004,4,65,110632,82,0,0,0,1,740,0,1,61,9,7,2,713,18,1,38888,11,0,1,2,4,1,0,11,0,1494,38,5,0,37,5,0,239,5,218,1,1,3,1,70,2,65,56,17,17,1,173717,3,8,1,17,0,374,94,28,206,0,14083,0,0,6,1,1,2874,12,2,37034,3,33,2,4,0,1530,3,4,5,398,9,1,112,6,0,13,208,2,280,2,4,205,6,21,1,187,2285,10,15,688,0,156,6,74,20,0,14,27,5,13337,2,11,15280,2115,2,341,102,18,77,0,325,1,0,189,51,0,2,0,25,402,126,391,13,1228,20,16,1852,0,138,1,791,0,0,20,41,51226,0,0,2,0,0,1,2,1,1,2010,0,0,3,4,7,9,1,2,225,11,44,0,4,8,318,0,6451,3,156,15,0,2,14,1531,5859,576,8,4,0,23,24,39,0,7,14,48,53,83,3,694,16,62803,0,105,5,0,0,31,3,2,3,191,8,0,0,1707,0,1,25,2,0,16,3,3,397,23,0,54,4,1,7794,10,32,2988,2,1,383,6,50,3,319,420,0,10383,0,2,0,18315,19,0,903,15,23,6,31,1,44,4,0,3,970,10,6,0,0,0,7302,26032,11,24,0,55,3,1593,1,31,14,0,27,4,0,0,9,14,118,0,814,0,2,4397,27,0,2,0,3,46,112,2,2,21,26,0,5,50,0,87,42,23,2562,0,935,4,0,595,31,52,3,0,22,446,2,422,7979,21,2,0,165,5,72,243,1263,51,5,15,251,0,0,2086,46,6,12,0,2,414,0,2,16,1,76,19,93,11,18,27,4,874,13,1,1,1,0,105,1,9,5,8,555,434,1725,1622,228,42,16,23,0,132,3,6230,137,5,24,6,0,2,28,2,1,10,2,79,291,35,0,0,9
"ENSG00000106689.11",26,39,229,37,70,5,4,9,1,118,20,36,63,31,17,124,33,2,3,20,57,61,63,31,4,1,3,7,4,6,35,31,27,43,7,19,28,12,7,9,6,18,16,21,219,15,10,42,40,8,17,21,120,0,87,7,24,10,10,14,9,10,3,56,20,7,8,199,38,30,32,34,6,33,19,105,22,28,0,21,17,6,26,29,5,26,18,43,50,1,40,7,2,5,12,85,16,10,7,161,33,35,66,2,33,21,11,69,375,25,46,171,35,44,18,3,25,7,8,25,1,15,9,5,27,36,37,4,12,87,54,149,18,15,48,157,8,162,23,6,67,88,20,212,62,181,17,10,22,58,163,115,8,8,138,10,0,42,8,24,19,3,108,22,15,145,9,170,46,20,1,9,8,55,28,6,10,17,57,13,30,140,8,25,149,11,61,15,6,0,2,45,512,20,4,122,152,0,0,25,5,26,47,7,132,11,4,39,90,2,108,46,15,10,44,9,1,9,18,16,76,130,13,4,50,49,8,6689,4,10,21,7,62,72,12,16,181,5,0,21,33,27,3,41,141,51,2,14,8,25,27,6,112,18,156,27,128,38,79,76,41,15,32,2,95,17,81,126,14,43,50,41,25,81,0,1,18,34,111,274,19,3,56,56,2,16,66,39,4,32,142,13,30,4,108,12,70,22,24,5,81,39,21,371,12,33,4,13,18,3,7,24,1,50,31,70,19,19,28,15,4,9,129,13,38,10,164,333,14,56,33,24,54,93,16,193,12,24,27,3,104,6,17,16,146,15,4,17,4,74,169,220,19,13,5,123,13,22,10,0,3,6,43,18,112,7,10,9,12,11,58,20,5,2,153,17,142,140,9,10,0,11,5,31,127,5,29,15,2,23,11,30,54,8,3,20,38,8,150,51,0,27,21,0,16,95,14,3,14,23,61,26,1,4,18,7,18,448,16,305,139,44,19,81
"ENSG00000107105.15",0,1,27,3,5,0,0,8,2,16,4,18,2,7,2,4,1,3,1,0,1,0,0,1,12,14,1,2,2,4,0,4,0,9,0,0,7,0,6,6,4,8,13,21,0,1,1,1,0,6,7,7,0,26,1,0,7,1,7,0,8,1,1,3,0,9,6,8,5,7,33,8,2,0,0,0,2,5,31,11,9,2,0,2,3,3,2,3,5,4,0,11,0,2,6,0,3,14,0,1,2,0,0,7,0,1,10,1,15,9,3,2,5,0,1,6,1,10,2,6,1,2,4,1,6,0,2,0,1,17,3,0,3,1,2,1,1,0,0,2,0,2,6,0,3,0,1,0,0,1,2,0,1,4,2,0,0,3,8,1,7,1,0,3,0,0,0,2,4,3,0,0,7,5,1,1,0,3,1,4,0,3,4,1,2,1,0,23,4,12,8,5,0,7,1,0,4,1,10,3,3,5,1,10,1,3,2,0,0,26,6,3,0,0,3,0,5,0,6,4,0,0,2,1,1,2,5,0,0,3,0,108,3,5,7,10,0,10,3,0,12,1,3,1,2,6,1,4,9,2,0,7,0,0,0,3,0,3,3,7,4,8,0,1,0,1,2,2,30,0,3,0,2,0,1,0,0,1,9,5,24,1,6,4,7,3,1,1,0,2,1,2,0,5,7,1,23,18,25,1,1,4,243,0,4,0,2,1,2,0,16,1,1,3,30,14,0,2,5,5,8,1,0,4,1,8,0,10,0,1,15,0,3,1,5,0,3,1,12,0,0,3,1,7,1,1,6,1,2,0,1,0,1,2,3,1,1,16,0,0,9,12,5,1,1,5,0,4,5,2,1,5,2,1,8,3,5,3,17,10,1,3,7,0,1,3,1,1,6,0,2,2,1,1,1,2,18,8,3,0,13,1,3,1,7,4,3,2,3,21,1,0,10,4,2,5,5,18,0,1,1,1,2,1
"ENSG00000107159.13",3062,94,7,4,154,0,57,0,0,36103,3,3,705,302,1626,142,2,541,5245,55,5,33,301,10,3,3,6,8,13,1178,1103,88,30,6,9,54851,16,4,1,1,4,3285,7,1,35,10,3,65,113,0,1,13547,75,11,2,101,14,15,1,6,4,897,10,24,1,12,4,2,2,9,39,4,7,33,4,30,48,12,741,2,54,262,26145,6,253,2,7,42,21,0,15,3247,2,2905,37,8,16,1,1220,40,45,4,9821,3,0,2,8,53,2053,29,3,56,439,11,0,2,608,2,316,153,1,62,2,4,3,24,18,2,7,61,9,26,1544,0,47,33,3,46,20,1,15,755,1731,91,82,2616,30,23,42,31171,22,110,1,38,5,154,0,19,0,9,1,20,726,34,300,44,156,1374,12,4519,93,1,14,146,15,3,6,1295,2238,0,26,128,1,135,0,10,6,1,6,0,1,5170,158,32,894,1,57,713,31,74,0,5,19,34,37,52,4,110,83,6,39,16,347,7,22,16908,1,1,6,150,23,1,29,0,33,29,3,2100,9,7,12412,2,20,44,0,34,43,5,1,4,553,12,4,2,2595,51,1,9,2,5,8,95,26,519,56,11,41,53,17,65,91,15,3080,2140,19,21,676,23,4,98,29,47,1149,77,3,39,3296,67,8,385,1,7,0,114,24,74,44,2,473,6,188,0,8,21,13,10320,20536,5,1,239,35,7,2200,122,17,7,3,1,6,8,1,1114,2,15,0,9827,26,357,26,5,326,57,96,61,2,125,137,71,2,60,4,12,19,3,5,64,49,35,1,49,57,26,3,719,1287,3,0,77,553,52,42,221,0,1544,2,105,3552,7266,99,740,8,5,2,806,615,1,25,105,6,13,0,4,560,119,2461,6,1,132,0,1,3,0,13,2,178,218,28,7,4,4,16,1,42,35,6,13,16,687,234,88,4,1,7,0,475,10,8833,30,0,14,21,1,1,2,1,77,12,121,111,349,33,0,31,107
"ENSG00000107165.13",18,1,57,1,2,0,0,0,0,8,1,1,0,7,0,5,1,71,0,0,4,2,31,4,23,22,0,48,5,776,1,6,0,8,1,24,459,0,0,2,0,15,4,2,2,0,2,2,11,0,0,69,1,0,1,0,0,0,964,0,444,16,54,65,1,0,0,12,1,0,1,2,4,2,0,0,4,3,0,333,6,16,1,2,121,24,0,18,0,0,5,389,2,6,0,0,0,35,107,5,3,0,14,3,2,1,1,0,276,5,2,3,3,4,0,21,1,1,0,7,26,5,0,0,15,0,5,0,1,25,6,0,0,0,0,0,0,0,1,47,1,2,181,2,11,6,31,0,0,0,9,0,0,72,1,0,8,4,15,131,3,0,21,1,0,138,0,2,14,180,708,2,0,48,1,4,11,2,33,0,1,113,0,2,301,0,239,16,64,25,1,1,0,0,5,7,2,3,0,2,2,0,3,233,0,6,0,0,0,0,1,2,0,53,18,35,0,0,33,6,0,10,0,1,0,1,44,8,0,0,5,39,4,1,1,4,0,1,0,2,2,4,0,1,2,3,0,0,1,0,2,1,0,184,0,0,1,5,28,328,0,272,42,67,0,3,4,0,16,0,3,3,0,0,0,0,86,2,0,3,7,0,150,1,0,3,6,1,0,0,7,3,2,1,0,4,34,0,1,76,2,69,10,6,0,0,0,3,52,0,144,0,1,0,22,7,78,8,0,5,1,5,0,0,0,0,1,5,0,1,24,2,1,0,186,6,0,2,0,2,0,0,5,34,123,75,2,0,15,1,4,7,0,9,0,0,3,1,3,0,212,9,3,2,0,3,6,0,1,0,0,25,17,4,8,1,5,0,0,5,3,2,2,3,5,2,1,16,0,0,2,0,1,0,0,102,102,7,19,1,1,0,3,0,14,5180,1,0,0,4,3,0,1,1,1,0,17,66,10,5,0,0,6,3
"ENSG00000107187.17",1,2,0,49,0,0,0,3,27,1,42,11,3,3,0,1,0,0,1,0,8,0,1,0,11,346,2,0,0,0,0,1,0,0,13,1,0,159,1,2,0,0,67,89,1,3,118,52,5,0,7,0,0,99,158,3,27,0,3,5,1,1,35,0,93,0,22,10,12,0,0,24,56,1,17,0,1,150,3,2,35,1,1,8,0,2,121,0,39,1,0,7,0,0,2,0,99,70,9,0,5,1,0,2,0,6,2,0,2,12,0,1,41,107,4,3,0,1,0,0,2,105,0,1,71,1,24,28,1,0,11,1,5,205,0,4,0,5,31,3,1,2,2,0,1,0,1,0,0,0,0,0,0,0,173,13,150,0,15,0,8,0,680,0,10,0,260,0,6,0,5,7,234,0,1,0,0,2,10,1,1,62,425,0,519,82,0,16,318,0,16,0,482,5,38,4,3,189,1,0,26,4,0,14,0,0,0,1,1,429,7,1,0,0,4,1,0,222,1005,28,5,6,3,473,0,1,2,0,0,2,0,1,9,63,5,12,1,1,0,111,1,6,0,0,4,3,0,35,6,1,33,1,11,2,0,0,2,98,5,0,17,22,0,1,2,2,11,1,0,0,1,3,0,6,16,0,0,1,236,0,0,187,513,0,115,1,0,0,0,26,1,79,4,1,2,1,0,12,241,2,1,2,18,23,0,261,4,6,1,1,8,9,34,1,0,0,2,0,11,121,0,1,0,0,104,1,0,2,8,7,3,1,98,1,0,6,45,0,420,85,4,52,100,3,0,0,0,206,4,2,13,6,34,5,17,6,0,0,0,0,5,42,3,4,1,1982,16,0,46,12,0,99,2,1,5,93,40,9,596,3,7,0,403,4,0,0,1,34,0,0,0,137,0,0,3,21,1,1,141,1,5,14,16,53,0,0,0,2,2,35,5,0,107,7,3,0,33,7,374,9,2,11,1,2
"ENSG00000107447.8",0,0,4,0,0,0,1,0,0,0,1,4,1,0,1,0,0,0,0,0,3,0,8,0,0,0,0,0,0,1,0,20,1,1,0,0,1,1,0,0,0,2,1,15,0,1,0,0,0,0,0,1,2,1,1,1,1,0,0,0,13,0,0,0,0,0,0,4,0,1,2,0,0,0,0,0,0,0,0,0,0,0,0,3,0,0,0,0,0,0,1,5,0,0,0,0,1,0,25,1,0,0,0,0,0,3,0,0,2,0,1,0,0,0,1,0,0,0,0,116,8,0,1,129,1,0,0,1,0,4,0,0,2,0,1,0,0,0,0,0,0,1,1,0,3,0,0,0,0,0,0,0,0,0,1,1,0,1,0,0,0,0,2,0,0,0,1,0,0,0,1,0,74,0,0,10,0,0,0,1,0,0,1,0,0,0,0,0,0,0,1,1,0,0,0,0,0,0,0,0,0,0,0,2,2,1,4,0,7,0,2,7,0,1,0,0,0,0,0,2,0,0,0,1,0,0,0,2,0,3,0,0,2,18,1,1,1,49,0,0,0,0,8,1,0,1,0,0,0,3,0,0,0,0,0,0,0,1,0,0,1,0,0,0,0,0,14,0,0,0,2,0,16,0,1,0,0,1,22,0,0,0,0,1,0,0,1,9,10,0,0,0,0,0,24,0,41,0,0,0,0,1,1,1,0,2,0,1,1,0,4,0,0,1,1,0,1,8,0,0,0,3,0,0,2,0,0,37,54,0,4,0,0,0,2,2,1,0,0,1,4,45,0,0,0,0,0,0,1,0,0,0,0,0,0,0,0,9,1,0,1,0,25,0,0,0,0,0,0,0,0,0,0,2,0,0,2,0,0,0,0,0,0,0,0,0,63,0,5,0,1,0,0,0,0,0,11,1,0,0,0,0,6,0,3,1,1,0,1,0,0,0,0,0,0,0,2,0,0,2,1,0,20,0
"ENSG00000107562.16",4565,2453,7046,2219,3687,2262,148,554,1031,4267,4043,447,1313,1940,199,11933,3065,377,33,4713,6686,10487,1907,3791,314,1550,194,1024,1250,314,1320,1939,1057,6534,2695,1722,1151,3158,51,247,499,4030,856,205,23297,497,1081,2027,8352,2322,2873,642,16123,840,579,137,7469,167,812,242,511,521,35,4479,3284,5452,2111,549,1110,1312,6696,3537,729,5934,1246,10391,1460,1942,102,1964,2066,103,238,2259,256,1671,905,166,5079,155,3773,232,1231,99,788,5287,4444,2306,3051,2524,3474,7153,413,280,1925,3886,567,9284,648,1006,3735,18523,6496,2171,2536,116,1918,1380,1259,1963,324,262,1841,624,1896,5764,6030,213,2364,3480,6977,12403,1350,1540,1594,12572,471,9642,205,330,5569,4464,567,17912,8813,456,632,225,5828,5380,7726,7530,174,598,9113,2901,541,4884,704,875,763,468,448,2276,532,2034,3253,3271,95,137,22,180,506,70,1402,766,2603,100,5870,4704,5165,1663,339,677,677,2934,5638,4712,482,300,811,2712,2076,1674,285,612,11704,93,1577,413,246,162,3168,210,6679,224,3051,2033,6603,299,12412,2325,102,162,4957,6707,255,311,2883,565,4264,732,145,463,7546,11640,1192,477,263,2657,180,723,2700,816,181,1124,9617,793,133,1352,8829,1290,544,2031,2438,909,38,859,1475,627,1490,114,5651,243,8116,4060,12393,1050,612,154,3959,2919,1302,12282,14389,897,853,11784,299,7218,2525,7256,1130,10473,4197,2869,890,5694,240,750,940,406,285,6893,284,2861,7846,3060,745,2154,23020,3235,2228,159,1453,123,119,710,1066,4822,8813,1393,3123,26263,132,2954,641,1594,682,2071,1089,630,24,1851,2251,1485,495,7938,9153,2155,1358,1049,8378,1906,2175,616,23046,191,1570,8150,272,3908,5565,2833,329,12206,723,186,3772,940,8007,969,1674,1739,198,1801,681,561,1897,10645,12038,1361,3677,7664,755,19320,3419,5317,7647,60,304,2508,1887,425,3359,602,277,3902,1408,776,450,1630,160,1704,358,1437,79,9026,3041,368,217,1809,487,1720,12904,168,2844,1931,531,167,750,385,7852,3029,433,679,385,5165,18384,5344,675,166,3456,118,1680,9856,148,2785,1801,15905,9527,2093,1466,5235,1155,857,819,21989,2921,19012,11305,1786,1313,5074
"ENSG00000107807.13",0,23,3,124,12,121,34,67,192,6,193,746,579,10,125,66,10,27,766,32,21,16,0,32,58,94,1026,119,32,162,20,115,57,59,13,92,354,35,614,328,199,0,116,72,27,33,86,58,1,13,93,82,68,581,403,16,31,226,22,20,140,38,297,47,16,25,35,90,302,41,34,172,173,9,99,14,197,118,460,260,642,184,28,33,19,15,82,466,25,28,242,93,347,262,54,20,69,127,1028,30,17,52,82,99,12,85,28,28,543,485,362,9,7,23,23,200,15,415,322,113,77,65,1,97,358,13,9,44,633,35,76,11,109,24,26,11,625,18,605,24,10,10,201,57,162,184,179,111,87,3,18,14,83,61,58,143,311,148,864,348,221,92,11,210,3,43,194,43,252,1164,51,440,144,20,8,23,186,513,12,543,5,3,258,27,32,76,549,22,25,37,725,112,230,90,27,516,16,688,16,160,9,38,179,174,3,86,0,35,65,23,45,25,64,65,121,0,68,122,112,827,9,443,9,203,20,7,91,119,9,144,88,210,174,154,135,621,12,195,238,32,13,100,78,10,57,971,565,147,329,112,122,11,1,728,12,48,46,33,312,286,69,40,62,8,12,638,13,14,225,15,169,10,12,14,50,35,140,27,355,441,257,609,204,19,194,5,5,14,0,79,12,99,4,584,202,248,48,176,84,1,21,5,1,37,380,73,249,132,17,595,273,53,0,131,559,0,493,107,43,297,2,7,21,49,339,3,10,140,391,23,102,37,28,1373,555,8,678,4,1408,10,22,114,179,9,690,14,115,74,4,10,14,146,111,760,248,15,90,5,327,222,440,413,92,67,0,85,217,2,64,28,114,756,126,45,346,40,92,6,82,241,111,19,172,66,42,39,474,60,342,13,304,394,27,88,20,50,611,756,175,15,197,269,124,37,14,1,39,227,27,26,13,37,34,27,60,33,150,5,56,3,10,108,207,21
"ENSG00000107864.15",76,1393,225,419,246,376,55,1117,747,313,399,677,432,409,244,827,659,507,134,662,937,724,759,686,716,2460,169,620,116,156,75,98,348,1894,447,613,318,140,220,637,284,162,302,1659,1170,102,82,276,1121,610,905,144,2032,163,657,331,1285,418,291,412,389,197,485,246,219,463,819,1574,501,495,305,440,477,1349,272,886,199,93,154,270,378,643,145,155,547,1012,244,305,181,216,569,1357,105,21,125,1007,758,701,312,202,358,2317,72,581,208,244,675,1202,299,221,680,1749,410,315,24,691,322,1092,189,475,356,229,562,781,225,1743,292,204,775,498,764,2796,231,265,319,3335,921,2267,364,366,834,351,253,3758,311,269,354,523,122,364,1234,2062,931,611,652,423,334,911,543,694,432,79,315,410,56,246,182,105,601,363,65,440,980,279,295,594,166,352,469,820,1410,806,611,559,1224,537,1508,326,305,152,270,162,498,476,830,203,1808,526,269,919,1089,546,215,268,1964,175,480,527,239,341,677,257,157,972,337,163,650,897,150,716,1940,462,134,232,1275,961,1712,360,43,391,1123,428,206,347,689,245,1205,379,522,461,535,202,1044,1535,579,237,149,155,950,851,444,356,1341,126,1594,889,1553,41,217,1852,1491,4779,212,155,1375,277,532,4262,785,2642,315,1742,316,2161,409,224,49,701,916,117,1921,63,137,571,1143,122,2285,251,80,127,1115,722,125,175,443,214,333,929,813,743,907,216,64,1554,96,294,477,988,427,392,754,79,521,518,662,1133,230,360,253,302,432,287,3124,240,442,611,1653,983,255,949,606,128,563,558,624,6265,859,328,384,182,3501,717,398,146,278,414,201,30,62,932,1878,658,1129,312,1217,2327,495,131,171,374,1007,547,404,228,256,2682,98,414,413,262,262,538,54,101,528,379,2950,1690,1201,1001,356,346,5758,266,2790,237,129,243,598,393,216,1299,876,346,151,656,589,181,1198,2898,615,135,216,1105,294,1002,118,144,470,264,578,308,2385,836,390,479,132,184,133,4093,1014,996,219,1118
"ENSG00000107984.10",6,0,81,29,511,185,17,12,15,850,11472,37,25920,329,37,7,7,24,1,575,10,4,23,10,3,4,2,77,412,8,2574,4,337,3,4,276,112,21,19,9,0,30,408,3,6,3,3,595,19,625,2,1279,64,1415,1,9,5153,3047,5,2,1,21,0,1,16,3209,0,1,97,6,4271,124,4,10,3,2,234,12,16161,10,2719,8,412,11,12,0,2,2458,154,1,600,9,42,24,52,1,514,25,3648,30,10,12,11,459,53,27,22,25,2880,5,43,23,317,8,12,31,3056,80,129,6428,27,15,79,0,74,2,58,1,1,3,5,6,76,5,23,4,0,0,8,0,0,2408,251,8,51,7,7,79,1598,6,3,5,1,251,10,4,91,2511,1480,3,16,18,6,7,56,7,28,2665,0,26,20,10,0,6606,52,1,70,65,1005,1140,0,5,2505,3,900,5,3,17,3,0,4,65,7,3,12,330,4,0,1,31,1,1,1842,1,0,125,136,5,9,2,59,68,4,1,27,19,0,1,48,0,0,2,45,3,0,44,18,49,10,9,1901,1,54,113,25,78,4,1,0,3,13,3,1,3,35,1370,1,684,4,0,17,79,3,1222,1,2,1,22,2394,128,18,1,750,5475,2,38,71,3,12,15,18,1,750,2,2,1621,5943,3,2,3,1,18111,5,0,22,2026,7,30,3,347,29,9,2251,0,2418,5054,4417,418,3,11,37,4,1092,6,1166,13,169,4,6,5388,2,1485,1,111,57,255,38747,3414,33,1,269,3,2,3048,15,0,115,6,408,2,143,61,9,23,12,2,7,31,5441,1563,4,9,0,99,5,2,11,2,4816,15,4,22523,11,6371,95,8,4798,15,3439,5503,11,12,22,1993,8,0,1,11,16,25,3,564,101,310,7,5,7,10,28,6,2,2,6,15,101,0,6788,122,2,0,153,2,13,1022,50,8,110,32632,35,0,0,38,11,59,5,19,82,12,1,101,53,6,35,8,1,42,7,11,4,11,7,2,63,14
"ENSG00000108001.15",54,4,118,25,45,11,1,46,55,51,11,38,21,11,3,10,99,10,10,31,47,5,29,24,135,79,2,13,27,13,36,23,12,115,6,19,16,10,20,54,34,373,105,111,31,10,4,25,3,96,29,8,8,9,17,14,113,35,45,11,56,3,6,27,10,177,57,39,10,39,36,43,11,2,34,6,9,35,18,86,23,39,14,17,41,51,32,6,170,14,64,14,63,8,11,0,10,191,9,15,9,23,20,32,17,14,115,5,152,109,23,18,62,8,76,27,53,59,12,12,9,34,23,20,24,9,5,21,49,612,43,3,23,7,9,7,46,11,31,13,3,21,30,8,14,28,13,49,8,2,1,16,12,44,39,1,44,39,52,24,18,6,24,52,14,10,46,10,18,12,13,45,22,43,3,8,28,15,17,39,4,33,10,19,43,15,123,227,13,15,29,19,22,58,3,21,8,11,3,37,22,40,17,39,4,6,94,13,24,45,31,25,14,35,163,25,28,8,34,51,5,32,18,17,16,12,83,10,2,44,9,58,16,22,55,27,2,34,16,6,147,19,29,58,55,226,7,15,126,29,17,22,11,4,1,100,10,87,12,56,48,52,11,137,8,22,17,14,30,1,19,8,8,4,63,51,1,4,35,8,33,20,33,4,63,11,1,29,2,32,7,41,13,2,19,88,5,30,135,47,8,46,5,3,11,25,24,41,27,13,92,32,5,64,63,457,25,54,295,37,41,29,6,272,24,75,3,8,4,5,50,5,37,56,39,9,17,12,17,482,2,26,62,44,18,25,63,28,16,7,10,7,35,23,26,6,32,159,42,14,82,49,29,136,68,34,0,27,26,15,42,41,0,5,25,12,27,3,211,70,9,28,38,2,7,15,38,24,31,16,29,59,1,80,43,43,23,8,85,6,37,37,94,7,6,16,17,3,23,170,26,7,117,159,3,49,11,353,113,10,6,32,68,13
"ENSG00000108231.14",1,25,73,4,3,0,0,0,4,8,0,2,3,136,1,15,1,1,1,5,1,40,6,2,27,88,0,2,0,0,0,1,1,183,0,0,1,0,15,31,6,2,1,3,90,4,1,0,8,1,1,4,2,0,1,2,11,0,2,1,3,0,3,4,0,0,146,2,0,0,47,6,1,52,15,99,22,4,5,0,0,0,0,1,2,4,9,0,0,1,1,0,0,0,0,30,1,3,0,0,5,30,7,2,1,2,2,6,11,2,1,20,0,3,0,2,1,1,0,2,0,0,3,3,1,31,12,0,1,288,1,36,1,2,0,57,2,91,0,9,2,3,0,61,1,5,2,0,2,0,44,9,4,1,55,0,0,2,0,2,1,0,0,2,4,4,0,6,4,3,0,3,1,1,0,2,0,1,7,1,67,4,16,7,2,24,5,7,0,0,3,0,1,0,0,11,11,2,0,4,1,0,1,3,16,1,3,2,4,1,2,1,0,0,10,4,3,0,0,2,60,4,0,0,11,2,15,0,0,0,39,22,4,1,9,1,39,4,0,3,0,2,8,0,9,1,0,0,4,62,0,5,39,0,8,2,3,0,0,181,3,37,1,1,0,2,6,20,543,10,1,1,0,4,1,1,0,5,5,0,24,0,26,10,16,0,29,1,0,1,1,0,1,0,6,0,3,0,0,10,14,0,5,24,0,0,0,10,1,0,28,1,0,1,1,3,0,3,2,3,2,23,71,0,3,2,9,16,0,1,2,0,28,1,1,41,3,11,1,0,72,0,0,9,0,2,1,2,14,4,55,87,129,4,9,98,1,2,0,0,1,3,3,0,6,1,0,0,21,0,0,3,2,2,0,3,3,8,1,12,35,16,53,0,1,3,0,0,1,3,0,2,4,0,0,2,4,7,21,19,4,0,4,0,1,0,1,0,27,1,1,55,5,3,2,0,10,4,1,17,104,5,1,22
"ENSG00000108244.17",27498,0,0,2025,5169,2537,150,1,3514,231,63,15,7,2909,1,952,435,6,87,1198,797,43,103,1268,54,77,30,2399,1997,8311,2835,10089,2436,142,1869,1,279,2,1320,681,91,2025,1136,2,490,21,237,4818,119,217,1,4249,2069,193,3,12,44,354,3,6,11,38,4,34,5,662,3,140,747,368,8899,281,1180,51,1048,4,4748,349,129,139,481,9,1,10,35,0,1202,7,39,6674,546,1818,864,1977,121,0,1,1,22,82,4137,82,96,5,2309,4,2,101,416,1982,208,127,86,722,12,273,1062,0,33,6346,5,5,7,54,417,12,636,0,683,8788,858,6,444,1281,322,13,34,4,4,684,287,3345,7060,712,7999,61,8154,3519,2335,107,22,78,17,31,815,23891,30,3035,529,1078,3,1518,2,3800,2461,59,2068,1711,9,119,2,1659,10092,8,244,1047,6998,286,1901,581,9,1,2,353,0,2661,71,5,221,0,286,9,2,393,42,6,44,14379,0,0,6,4,10450,2,19,2,8,39,798,0,1098,396,2574,516,236,7772,0,0,980,12127,0,42,301,1066,101,23,0,2,44,296,2162,17,803,5,7,204,2,10,23,3493,15,1429,10,11,917,77,697,1,19,399,121,6402,3,1556,14,3,45,11480,97,120,280,4,4977,17,251,8468,1167,10,1,60,3622,234,194,11,1968,913,3671,20,1,16,1,6124,14,34,1,618,7,1065,1764,713,1915,9743,3119,5737,212,751,53,15,3,16354,4979,0,133,11,3460,1607,1,2157,49,44,20,1174,736,76,29,52,3577,1946,30,735,505,846,8,17,83,3,3442,0,71,16,7,1763,3699,212,10,34,989,0,9,21,11,18,93,19448,0,113,10,4,518,2,58,2960,46,6811,919,38,792,39,1678,11818,24,7654,522,1933,159,18,686,13,71,819,5,3260,1548,100,0,4,1,546,0,5,4,0,12,1368,9586,5332,3476,7174,13,2,1199,1,343,4594,572,628,185,7,847,17,2672,18,12,0,475,2,273,112,9,161,1983,290,1,237,727,1,41,3,10,76,1,0,13,358
"ENSG00000108342.13",1,0,7,2,0,0,0,9,1,2,2,1,1,3,0,45,1,1,1,1,0,2,2,1,1,0,0,10,1,0,0,0,1,0,0,1,15,0,0,0,0,0,0,1,9,0,1,10,38,1,0,0,8,1,0,0,7,2,0,0,0,1,0,4,2,0,0,3,0,0,2,6,0,1,0,0,0,1,0,0,0,1,6,0,0,0,3,0,0,0,6,1,0,0,0,0,0,0,0,1,6,5,0,0,1,2,0,25,4,0,1,0,0,0,0,0,3,2,1,2,0,0,0,0,0,13,18,0,1,0,0,0,1,0,1,0,1,0,1,1,9,0,1,0,1,0,2,1,0,1,26,5,0,0,3,0,8,1,0,0,0,0,0,0,1,8,0,0,0,0,0,0,0,0,1,0,0,0,1,3,2,1,0,1,0,0,6,0,5,0,1,13,0,0,2,0,1,0,0,1,1,0,0,0,4,0,1,0,0,0,0,0,0,0,6,0,0,0,1,1,0,0,2,0,2,3,1,0,2,1,0,0,3,0,4,0,1,0,0,0,1,0,1,0,0,0,0,0,1,1,2,0,0,0,1,1,1,1,0,1,1,0,3,0,11,1,0,3,1,19,0,0,2,1,1,0,5,3,0,0,0,0,0,11,1,0,3,1,1,0,42,1,0,0,0,0,2,0,4,0,0,0,3,0,0,0,2,0,0,0,0,1,0,0,0,1,0,0,1,3,4,1,3,1,4,0,43,0,0,2,0,0,6,1,2,3,1,2,0,0,0,1,1,1,0,0,1,0,1,7,1,0,2,4,0,4,1,0,1,0,20,17,6,0,0,0,0,0,6,1,0,2,0,0,0,3,0,110,0,0,1,0,0,0,4,0,2,1,0,0,0,1,3,1,0,0,5,1,6,9,0,1,0,0,1,1,3,0,0,1,2,0,2,6,0,0,0,0,0,0,1,0,7,8
"ENSG00000108448.21",296,208,202,3769,96,158,2277,63,204,193,406,733,567,3571,3610,222,147,1210,2526,261,646,136,193,202,272,317,987,230,1299,687,108,1740,4981,150,3731,195,1507,469,1534,800,152,303,157,1511,215,3262,2437,2165,126,132,1626,470,512,1047,240,13797,191,463,108,68,1922,235,1503,87,118,412,5,1488,1095,377,203,2237,241,104,544,177,622,31,714,936,2383,333,118,3079,402,109,506,3249,235,691,208,2924,563,3520,169,57,541,91,1478,333,2963,244,178,418,278,55,453,96,984,208,957,132,666,100,88,247,270,1252,1682,13885,7106,1623,158,2922,2902,80,34,217,155,454,348,124,6258,1549,1902,214,326,228,171,31,96,210,915,179,100,4840,353,109,251,360,134,229,589,153,432,983,544,267,604,402,943,1238,772,156,68,192,2393,667,191,323,128,691,7407,212,929,235,2215,1702,287,797,106,152,1859,120,307,282,170,133,737,133,319,461,858,4947,93,799,210,4725,295,1620,224,249,187,230,274,4201,117,334,245,219,1542,53,10619,1214,149,388,1909,1767,1281,10882,167,125,93,267,146,192,3866,6412,791,1671,127,96,1351,12093,567,5070,197,2823,2141,474,237,2323,284,81,133,1291,1057,152,378,340,182,376,224,798,116,228,185,168,8562,101,734,125,2348,1332,129,152,1599,134,137,103,3936,186,3372,70,1656,332,1281,137,268,150,189,5837,348,226,429,365,125,1715,171,951,84,534,152,2203,1346,845,838,404,195,272,156,113,96,301,517,769,364,387,1449,278,2023,388,782,1484,2092,105,2589,122,95,4435,650,239,161,350,2072,85,106,1876,6903,151,15270,155,2018,103,4426,125,564,8629,795,211,275,3866,2167,134,543,93,765,154,316,66,73,87,844,328,582,133,968,759,259,113,908,314,3406,153,472,491,5909,2669,437,3791,175,1343,187,3984,331,42,309,182,279,101,171,143,82,157,255,10124,59,1041,4259,85,1173,1069,76,1775,166,317,1787,412,602,83,1167,69,155,2363,1880,215,5075,4701,113,98,2309,244,75,87,75,61,101,6196,153,92,261,218,9831,223
"ENSG00000108465.15",152,5,40,89,95,158,21,54,328,126,345,176,164,450,982,36,315,168,211,139,121,33,101,147,375,192,156,473,24,634,395,138,231,185,101,177,125,179,257,505,16,186,437,184,82,18,127,8,20,114,122,116,87,477,167,441,104,394,93,71,166,173,416,79,106,296,383,239,318,350,1462,143,86,10,39,82,417,413,205,228,657,407,731,40,683,332,93,97,170,21,477,763,249,8,84,37,320,204,356,37,96,97,16,100,113,355,244,59,290,337,135,136,85,149,108,165,551,548,290,489,53,413,23,278,118,59,32,241,306,835,193,47,304,81,80,17,173,37,310,84,16,333,358,60,144,345,343,207,190,83,34,79,78,298,100,238,252,137,319,465,413,71,133,220,216,197,307,483,102,221,46,153,152,686,24,58,153,206,605,278,13,39,222,423,309,50,121,83,353,291,273,162,304,394,42,370,97,429,66,379,267,291,234,427,7,1085,118,239,99,212,135,247,99,265,248,118,150,10,190,375,14,44,21,231,86,14,336,387,43,208,435,1641,97,193,132,105,13,90,29,164,21,293,117,303,422,541,329,49,235,484,56,48,35,303,26,50,24,67,259,431,330,66,347,265,47,324,212,40,385,67,61,46,541,4,320,278,62,6,61,135,311,312,112,9,593,59,7,101,50,262,75,263,73,378,17,353,447,169,323,177,375,46,189,41,33,67,68,389,739,208,139,463,414,153,338,246,140,257,133,96,104,491,35,625,106,449,24,135,56,43,263,128,127,211,685,45,229,115,65,147,12,101,278,261,430,152,143,29,112,9,38,707,372,185,147,36,239,334,116,480,147,36,506,1405,238,358,30,134,80,70,137,1135,0,135,1162,80,531,58,71,427,245,123,162,20,95,72,495,288,151,242,225,70,8,353,230,193,252,290,331,31,164,226,314,229,216,139,284,231,26,71,151,51,214,111,78,79,117,243,418,37,43,35,495,56
"ENSG00000108602.18",59,111,40,1151,2,137,1,4,943,49,515,4334,386,296,19251,58,7,2257,1842,45,73,18,28,63,29,6,942,369,2,181,100,1616,939,10,99,54,173986,86,3893,3109,19,17,0,26888,465,81,42,263,26,2,2471,128,231,128,7314,3327,31005,11,0,1,2211,142,15668,13,93,149,1,61873,32,233,15,1481,11,16,8,62,91,12,1216,109,3063,45,15,2779,1,0,459,5517,10,1728,91,3580,0,4743,2640,11,50024,2,157,161,4258,475,128,836,236,11,33,91,2,0,48,13,41,297,0,246,54,29,1782,24454,30820,456,11,129386,1268,14,59,6,3,52,118,36,211,3528,1235,136,34646,58,33,248,31,2,79,64,27,22978,123,25,59,21,53,7,44,194,1000,11797,2236,40,3093,230,9,5049,664,28,2,15,34,207,9,36,6,26,294520,0,1026,1086,3124,1780,5522,17375,41,4,4282,37,4506,2311,7,8,122,10,1329,10,0,3151,74,123,100,121918,48,1319,30,29,70,1,7,771,10,158,96,9,174,380,2058,3,48,16,38766,118936,1135,31900,35,0,62,8,42,126,16617,8338,110,6390,22,3,235,127100,4662,30582,28,44863,115,15,5,1387,22650,58,4,2084,507,1517,2460,21505,43,88,26,139,127,125,33,22,12436,42,30,2,785,2,80,154,270,110,1,37,311,672,4,53,2766,51,387,27,4861,86,0,7252,24,550,5341,78,24,265,40,431,87,463,102,3453,12660,124,111,3298,17,39,99,1,2,91,215,146,5695,10,335,469,13634,249,1428,1587,4977,17,2345,14,53,610,38,105,10,119,2274,244,16,126938,29983,185,93639,9,5100,24,18171,43,47970,2639,732,1603,31,110093,294,47,84,61,2165,4,27,2,18,25,544,97,1902,37,49,164,192,16,8,246,56294,11,83,58,8975,65,12320,392,26,12176,138,13013,30,2,10,18,45,10,0,1,11,80,103,1840,227,1872,94,29,158,4022,29,166,76,44,4037,188,3393,1045,371,26,9,7004,2158,19,4044,17,2,11,1995,128,13,1554,2,2,7,160,6,188,12,32,203920,360
"ENSG00000108813.11",164,0,9,0,88,5,0,0,5,123,1,35,14,16,17,1,8,8,1,91,16,0,15,2,0,0,3,0,1,26,142,57,5,1,10,3,9,0,0,2,0,34,0,1,0,7,0,0,4,0,1,30,1,64,6,0,2,0,1,0,0,19,0,4,0,63,1,0,1,5,3,2,2,4,0,1,129,4,7,37,36,45,32,11,9,15,0,1,9,1,46,20,0,8,19,1,16,2,10,17,1,3,50,0,5,115,3,3,253,12,21,3,0,6,157,0,83,1,10,15,0,2,0,4,0,6,1,0,6,59,0,4,24,2,20,3,3,1,14,0,1,103,22,4,33,3,1,33,42,124,1,5,0,26,5,3,16,6,12,10,1,30,4,3,193,11,3,1,0,1,1,0,0,65,12,2,36,61,101,4,1,52,1,3,0,1,0,1,0,1,0,6,32,24,8,3,2,9,0,22,0,1,24,36,2,0,5,0,3,1,7,17,2,3,3,57,6,0,0,1,0,0,21,2,2,0,0,13,0,2,3,0,2,1,0,0,0,0,1,0,37,7,5,13,45,31,1,20,16,0,0,4,0,0,2,14,2,45,104,3,3,0,6,45,3,5,5,3,14,2,0,1,16,0,2,3,45,1,13,4,1,79,1,2,0,0,1,8,8,5,9,1,4,3,77,47,15,19,3,48,0,5,6,1,28,1,1,0,1,13,0,72,0,18,2,242,20,21,5,0,44,108,0,11,4,109,10,0,4,0,19,7,2,8,1,3,8,3,0,7,0,1,4,37,7,0,0,79,5,4,4,37,1,29,1,0,41,123,4,2,0,2,14,11,412,0,6,8,2,9,1,23,0,23,57,0,10,1,0,0,0,3,3,3,1,1,22,18,3,0,45,1,1,6,3,0,4,5,2,0,2,1,35,1,4,7,11,4,1,4,2,2,2,1,1,2,9,65,6,5,0,2,13,2
"ENSG00000108878.5",0,0,0,1,0,0,2,0,0,0,4,20,3,4,0,0,1,0,0,1,2,0,0,0,0,2,6,0,0,0,24,4,1,0,3,0,17,0,90,58,0,0,4,0,0,0,0,0,2,0,0,3,1,12,1,0,6,1,0,0,23,1,0,0,4,1,2,28,0,1,1,2,0,0,0,0,10,0,8,0,1,2,0,0,0,1,0,222,0,0,27,1,0,0,220,0,18,2,15,1,0,0,1,0,0,1,1,0,2,1,2,0,0,1,14,1,0,2,2,25,88,0,0,0,2,0,2,0,2,0,1,0,0,0,1,0,0,0,1,0,1,0,0,1,3,1,6,0,2,2,1,0,0,2,0,0,0,7,0,0,4,20,87,2,1,0,0,30,0,1,0,0,20,4,50,0,1,0,3,25,1,8,31,1,0,1,0,0,1,0,1,1,5,0,1,1,0,1,0,2,2,0,1,1,0,1,0,0,1,1,2,4,1,1,0,1,3,0,0,1,0,0,5,0,0,0,121,1,1,1,0,0,14,1,2,0,0,0,0,0,2,1,87,0,2,174,1,49,1,1,0,0,0,1,0,1,0,5,1003,0,0,1,0,50,0,0,9,0,1,0,1,0,0,0,4,2,1,0,107,6,0,1,1,0,1,0,0,13,1,16,0,0,9,2,368,1,59,15,0,0,0,1,23,0,22,0,0,0,0,10,0,1,0,1,2,1,0,0,0,0,0,41,0,3,0,6,0,0,249,0,36,0,2,9,113,2,0,2,3,0,0,1,0,2,23,0,0,2,1,0,0,0,1,5,0,0,0,5,0,0,1,1,1,13,0,0,0,0,0,0,4,13,0,38,0,0,2,2,0,0,0,0,0,0,0,1,16,0,2,0,1,93,0,19,7,1,9,7,2,0,0,0,2,1,0,0,0,2,0,0,1,0,1,0,0,0,0,0,0,0,0,0,13,1
"ENSG00000108947.5",93,21,40,71,65,17,0,6,10,474,26,22,7,9,28,148,34,2,0,49,51,105,76,48,44,5,1,10,2,21,34,77,15,73,43,3,8,25,16,18,0,31,19,41,203,0,16,28,124,24,1,8,120,2,6,4,65,14,10,7,6,13,8,43,53,41,29,5,28,9,86,57,25,54,25,101,89,12,62,25,22,7,6,51,12,15,4,1,62,0,44,2,2,5,4,70,40,37,1,25,45,70,70,7,36,35,24,109,547,9,65,125,124,32,28,6,49,6,2,16,4,6,43,2,20,29,69,1,45,67,50,180,11,23,41,102,10,132,25,20,30,72,51,239,81,28,0,10,11,105,74,86,10,5,90,3,0,77,1,28,26,7,2,85,12,32,11,17,9,29,15,3,6,19,11,15,33,4,56,1,55,42,12,5,12,28,76,124,10,1,13,50,8,25,9,3,131,0,4,24,10,11,77,7,80,3,20,12,105,6,125,41,9,13,59,130,3,7,30,33,72,25,8,18,69,69,23,4,10,17,1,10,68,16,8,17,82,9,8,26,157,30,12,29,45,2,2,8,20,9,9,1,55,13,82,26,104,103,10,22,88,41,9,12,138,72,7,130,24,45,21,66,3,70,16,4,15,80,10,10,12,12,4,68,3,8,57,56,8,58,273,11,32,4,15,33,96,16,28,225,93,10,226,265,8,38,3,15,20,4,4,56,12,28,20,45,12,34,212,32,30,41,67,16,47,6,163,24,3,71,13,20,92,13,7,187,2,21,2,3,69,4,39,13,5,27,13,17,2,94,103,45,44,19,20,173,6,42,7,2,9,69,31,14,69,13,1,17,7,8,1,23,0,4,6,4,4,92,42,16,9,6,21,34,130,2,27,33,0,1,27,5,69,11,8,14,11,26,207,49,7,2,90,3,25,19,4,3,12,418,84,17,7,60,22,14,6,3515,6,258,143,21,32,48
"ENSG00000109047.8",6,2,2,3,1,0,0,0,0,3,1,0,0,1,0,3,1,1,2,1,2,7,3,0,1,0,0,1,0,0,0,1,2,3,0,2,1,0,0,0,0,2,1,0,2,0,0,1,4,4,0,2,6,1,0,0,2,0,0,0,0,1,0,0,1,1,1,0,1,0,1,2,0,3,2,4,0,1,0,1,1,0,1,0,0,0,0,0,1,0,8,2,0,0,0,2,2,1,0,2,2,4,0,0,1,1,0,2,7,0,3,8,5,0,2,0,2,1,1,3,0,0,0,2,0,2,5,0,0,8,0,4,1,0,1,4,0,4,0,0,2,3,3,1,2,1,1,1,1,3,7,5,1,0,1,0,0,7,0,0,1,0,2,3,1,3,4,4,0,2,0,0,0,0,4,1,0,0,2,0,1,0,0,2,0,0,1,0,0,0,1,10,2,2,0,0,4,1,0,0,0,0,1,1,1,1,0,0,3,0,3,1,0,1,1,0,0,0,0,0,1,0,0,1,1,3,0,1,0,1,0,0,1,4,0,1,4,0,0,5,2,2,0,1,1,0,0,0,0,0,1,0,4,0,2,1,2,0,0,0,2,1,1,0,4,1,0,0,0,1,2,2,0,7,0,0,0,5,0,4,0,0,0,1,0,1,5,0,0,3,2,0,3,0,1,1,0,0,1,2,2,1,0,5,0,2,0,1,0,1,0,1,0,0,2,1,0,1,2,0,2,5,3,0,3,0,4,0,0,0,0,0,5,0,0,0,0,0,0,0,4,0,1,0,0,1,0,0,0,1,4,2,0,0,0,1,0,0,0,0,0,0,0,2,3,0,0,0,2,0,0,2,0,0,0,0,0,3,0,0,0,1,1,1,0,1,5,0,0,0,0,0,1,0,0,1,2,0,8,1,1,0,3,0,0,4,1,0,2,1,5,2,3,0,1,0,0,22,0,4,3,1,0,2
"ENSG00000109061.10",0,2,0,0,3,19,0,1,0,1,0,0,0,20,4,0,1,0,0,3,7,0,54,0,20,0,0,0,5,60,7,24,15,1,0,0,12,6,0,1,0,2,0,1,0,0,8,10,0,0,0,67,5,1,0,0,0,1,0,0,0,37,0,13,0,48,0,0,1,29,0,0,2,0,0,0,30,2,0,68,41,54,1,14,3,4,0,0,15,0,64,3,0,0,0,0,0,60,0,0,1,0,6,0,64,6,0,2,115,0,10,0,28,65,1,1,1,0,1,2,0,24,1,0,2,0,1,11,0,0,1,0,14,0,8,0,0,0,0,0,1,2,3,0,55,3,1,0,0,0,0,0,0,40,0,0,0,0,0,0,106,0,0,1,0,0,38,3,0,9,0,36,0,191,30,0,0,0,0,0,0,3,0,0,0,0,2,0,0,5,0,36,0,85,0,0,14,0,4,43,0,0,0,101,0,12,0,0,85,0,32,2,0,0,3,1,0,0,2,3,0,11,0,30,0,1,0,0,288,0,27,0,0,0,0,7,1,0,0,1,29,0,0,8,12,0,0,0,0,0,0,72,0,0,0,1,0,35,0,0,48,13,2,0,0,1,1,0,0,0,1,0,10,0,0,7,1,0,0,48,0,0,0,1,0,0,0,114,1,32,1,0,35,0,0,1,5,0,0,2,0,7,0,0,8,2,0,2,4,1,0,25,0,49,1,1,26,3,8,362,7,0,0,1,1,0,1,0,0,0,2,0,13,0,0,1,0,0,0,0,0,2,49,0,0,16,0,15,0,0,0,0,0,31,0,0,5,0,0,0,0,0,1,1,0,1,0,0,0,1,0,0,3,0,35,0,134,1,0,0,5,0,0,378,43,0,2,4,2,0,1,0,2,38,57,32,1,0,1,2,0,0,60,0,0,1,2,73,45,6,40,0,0,0,1,65,104,0,0,0,0,0,0,0
"ENSG00000109182.12",3,12,0,2,1,0,0,180,0,3,0,1,1,1,0,24,0,10,0,0,8,59,0,6,52,16,0,2,0,0,0,2,2,4,78,0,3,0,2,1,10,1,0,0,46,0,0,0,100,7,0,1,1,0,1,1,2,0,3,39,0,9,6,4,17,0,1,0,1,1,1,9,0,110,0,29,0,0,0,40,2,7,0,125,43,1,1,0,1,2,33,23,0,0,1,29,0,0,0,4,10,13,0,0,0,0,4,7,1,0,0,10,0,2,0,16,3,1,3,0,0,1,6,0,2,37,31,0,12,0,48,16,0,3,3,174,0,74,0,116,15,0,0,27,4,0,1,0,0,0,61,28,1,0,3,0,0,10,0,10,0,0,8,1,0,6,0,0,33,1,6,1,8,0,4,0,1,11,1,1,37,2,0,0,0,0,0,116,3,0,4,0,0,40,2,2,34,17,0,0,4,12,0,1,24,2,7,9,2,0,6,4,0,1,2,0,0,3,0,4,79,9,0,0,3,63,5,0,0,0,1,3,0,1,0,0,17,5,0,1,0,0,4,2,0,0,0,1,6,1,1,1,28,0,39,2,139,1,0,15,5,19,0,9,1,33,1,13,82,35,0,1,0,16,6,0,0,23,1,0,15,0,0,9,59,0,15,1,4,0,0,1,0,0,0,0,0,5,82,0,8,0,0,9,1,1,0,0,1,10,0,0,0,16,3,0,0,0,7,1,0,1,49,1,0,0,14,0,0,43,3,1,6,0,56,107,5,0,0,0,2,0,0,5,0,4,0,3,0,0,51,0,6,0,1,15,0,0,0,0,7,11,3,1,0,9,0,1,23,2,0,0,0,1,104,15,19,20,7,36,14,6,30,0,3,1,1,0,0,1,0,2,2,0,0,0,7,0,12,19,1,3,0,0,0,0,1,0,4,1,3,10,13,4,44,8,0,257,1,31,152,182,0,1
"ENSG00000109205.16",42,5,2,3,7,3,1,0,0,2,495,182,3296,100,16,0,2,429,2297,1,1,0,0,2,4,0,0,0,10,28,0,1,0,0,1,176,87,6,36,24,2,9,6,898,1,0,1,113,1,4,0,3,1,7,525,1,1966,0,0,0,93,1,56,0,1,0,0,1270,0,1,75,262,1,0,0,0,76,4,546,4,432,0,53,2,0,1,0,1219,0,70,49,498,0,0,1478,0,590,0,1476,27,3,0,58,1120,4,4,0,3,40,2,0,0,0,0,0,1,5,8,4,1539,201,0,0,0,9,0,0,0,0,260,0,0,92,8,2,0,1768,0,0,0,0,1,5,6,0,0,8,1,7,0,1,0,20,0,0,1582,1722,0,1031,3,0,1,2,6,3,0,0,13,0,5,0,0,343,1,3,12,3,125,388,2919,0,0,207,0,1425,2,0,0,0,0,30,0,0,2,0,2,0,16,0,0,2,22,2,2,0,40,0,0,0,0,1,0,0,0,32,0,277,81,3,198,3,0,0,1,1,0,2849,0,0,641,0,0,6,8971,757,5105,3,382,0,0,0,0,8674,1,18,3,40,1816,49,189,2,3,0,0,8,0,3,0,2424,8,0,0,496,16,0,13,1,1,0,1,1,0,0,0,0,7,0,0,3786,0,0,9152,0,1,917,0,0,1,0,3,1,39,3,12,28,12,10,249,0,3,0,0,8,1,5,0,415,4,1,1026,6523,1,0,21,40,15,2820,3,0,5,0,2,0,0,1,0,0,3299,1165,0,1126,0,17,5,522,0,2843,0,3305,3,2,3596,8,1,1,0,143,1,2,0,0,1,1,3,224,0,11,10,16,0,1,3,336,0,1,4,4,2,207,5,4,987,8,5999,1,0,3,1,0,0,2,0,0,0,4,3,12,0,4,1,38,336,1,0,4,0,774,151,46,2,1,0,1,179,0,0,0,2,0,1,0,0,0,2,0,0,0,6,0,0,0,0,446,6
"ENSG00000109576.14",36,726,35,222,123,153,40,2267,227,190,54,272,282,276,140,1243,14,160,1449,195,138,2631,16,190,2322,771,118,318,84,178,70,183,180,1186,163,76,329,34,216,277,272,110,390,163,1942,30,111,319,1592,500,706,136,1519,85,243,178,1179,98,425,180,97,964,591,628,650,7,580,184,125,400,399,95,175,2391,309,2204,193,55,243,302,603,447,94,92,489,56,46,73,94,55,132,363,65,10,62,921,1042,3167,359,97,599,2219,305,101,82,138,355,1892,506,385,65,1176,177,217,104,526,93,759,433,308,108,399,202,134,51,2289,559,384,18,274,982,2026,554,111,83,3651,4,2717,215,189,1133,165,240,2792,27,145,50,27,56,90,1884,1605,1155,659,512,261,106,421,582,918,145,31,147,88,22,351,272,61,1027,165,69,94,313,316,78,139,45,201,247,319,1594,30,207,499,886,126,893,876,136,1064,282,276,148,357,510,173,3033,199,474,2,342,2482,74,1099,2039,162,162,616,153,2281,502,60,258,1052,724,73,78,273,87,1164,2392,1705,73,180,1369,1233,98,276,8,447,116,1358,40,189,173,422,1764,212,202,215,109,81,136,516,128,113,209,30,963,917,190,96,1550,159,1633,672,2410,13,92,209,347,1878,123,460,2043,134,100,1894,2570,1747,138,1230,170,2137,186,176,81,1329,68,2,1206,56,580,597,1721,195,1077,31,22,105,805,151,3,243,31,193,143,403,2183,82,516,14,158,1366,50,234,244,311,178,299,1233,79,803,291,101,30,191,96,115,350,108,183,2301,315,518,178,655,151,99,1331,149,89,459,168,163,4098,191,153,118,85,3551,752,158,136,324,684,380,22,78,1379,1785,264,1435,755,228,2462,23,131,132,70,829,285,192,143,116,1259,20,207,409,72,233,187,31,86,399,180,1858,1612,1614,1371,490,1086,584,77,487,259,16,168,407,66,175,355,1131,78,12,171,1251,346,571,1318,253,391,163,450,261,187,105,213,570,169,606,452,792,726,177,91,434,352,263,2055,2908,2443,93,1270
"ENSG00000109674.4",12,0,28,26,72,76,122,10,5,35,8,196,279,509,547,7,11,141,48,16,25,1,18,15,33,25,62,214,23,113,127,150,358,16,5,96,107,25,89,42,1,64,175,8,2,19,25,217,1,31,63,168,33,261,20,99,6,86,182,66,5,190,17,38,4,62,21,4,259,254,174,58,14,3,9,4,78,15,96,95,235,92,100,50,39,35,41,71,75,6,50,79,18,14,6,0,11,156,38,77,92,4,45,11,42,110,101,0,363,39,33,5,92,80,40,14,227,14,607,938,59,166,10,128,94,1,1,41,66,143,27,2,1127,25,238,4,17,5,132,6,3,87,192,3,23,452,58,41,71,82,2,2,67,44,16,342,15,5,122,38,51,37,122,63,22,98,308,126,167,508,5,65,173,671,34,40,71,270,43,52,1,59,68,174,25,27,40,4,8,78,10,282,137,714,26,112,14,101,121,334,7,310,97,521,2,193,8,350,32,103,27,53,488,44,74,53,9,5,34,712,0,32,6,8,4,3,33,704,3,265,119,39,57,206,3,509,7,30,167,25,11,39,3,19,62,130,137,14,27,57,6,41,12,81,6,23,1,15,61,302,81,55,406,194,3,29,153,0,315,2,148,2,439,3,21,51,106,0,9,51,126,121,19,2,19,163,0,28,9,108,24,20,8,110,7,333,631,12,17,17,138,8,76,4,53,8,3,39,42,117,26,106,29,94,76,59,1389,122,70,108,55,30,3,218,169,44,9,17,24,2,223,48,94,31,190,2,84,723,22,230,2,110,19,92,141,71,2,11,128,3,9,204,8,58,3,9,87,61,149,12,23,3,127,59,124,7,93,131,5,30,64,84,24,135,133,3,70,0,8,161,3,87,21,8,18,124,45,34,91,54,138,9,6,55,12,21,123,251,35,1,49,67,25,3,437,9,593,279,26,89,91,88,13,4,20,12,18,823,82,36,1,7,11,4
"ENSG00000109705.8",4,0,96,7,12,0,5,1,0,16,6,0,1,26,35,1,0,0,0,1,0,1,5,1,0,0,2,8,0,5,87,6,0,1,6,10,0,0,0,1,1,38,44,3,0,0,0,8,1,0,0,1,0,1,2,0,0,166,4,0,1,5,0,2,0,1,2,0,1,28,1,1,1,0,0,0,49,0,3,36,2,3,21,0,6,16,0,0,0,3,8,4,2,6,0,0,4,0,0,4,0,0,68,0,1,12,1,0,110,226,0,4,10,1,57,1,70,1,8,16,0,0,0,4,1,0,2,5,0,62,2,0,23,0,0,0,2,0,7,1,1,29,18,0,2,0,6,15,2,4,0,3,7,4,1,1,0,11,2,68,0,0,4,4,7,3,8,35,1,19,56,0,0,1,0,0,0,1,12,0,0,12,1,0,0,0,3,0,6,0,0,78,93,4,0,2,0,0,3,39,0,0,7,46,0,5,0,4,2,0,0,3,75,5,0,15,0,0,3,0,0,0,6,0,0,1,18,7,1,1,50,1,1,2,0,2,0,0,0,1,1,1,6,0,34,19,0,0,1,0,3,0,1,0,0,0,0,2,1,62,0,1,14,3,0,7,10,0,50,0,0,0,18,2,6,1,19,0,1,60,1,1,0,0,0,5,0,1,4,0,0,0,0,1,14,4,11,0,0,57,0,8,7,0,7,0,1,3,1,0,2,1,0,0,3,13,6,44,10,0,89,2,1,179,0,2,0,1,1,1,99,1,0,0,2,0,1,0,1,1,0,0,0,8,1,0,0,11,9,0,0,10,0,6,0,0,8,10,145,1,0,1,0,19,16,1,12,55,2,1,0,3,1,7,1,0,0,0,0,1,0,107,0,0,0,1,0,1,0,0,3,0,0,1,0,1,3,4,1,0,8,5,3,1,3,152,0,15,0,1,1,2,1,0,0,1,1,148,627,0,0,4,63,0
"ENSG00000109805.10",91,1,27,84,337,363,79,88,27,325,58,855,1244,2386,621,39,63,576,570,105,229,6,82,210,149,188,183,1504,54,377,632,435,540,74,43,604,355,105,773,605,10,550,693,54,25,34,37,505,11,41,210,1219,161,893,162,163,16,527,748,612,33,508,92,418,30,527,113,73,2149,836,583,153,99,4,30,6,820,100,714,815,575,247,678,91,634,322,54,149,87,4,351,282,139,52,55,15,13,745,321,628,197,23,295,97,287,658,372,13,3074,348,312,45,86,318,428,76,1182,151,1825,2627,146,291,36,317,176,2,9,263,420,450,106,13,2348,61,587,12,169,8,926,47,3,804,535,55,132,2747,529,217,557,291,29,16,713,549,57,866,86,593,557,441,258,163,753,218,180,647,692,1325,1117,2665,58,158,485,2214,82,153,173,564,271,360,22,314,135,440,112,136,456,23,112,1351,44,2912,355,805,118,821,39,209,53,963,86,1431,601,2585,6,225,40,1362,240,463,83,177,1209,330,510,623,43,37,198,661,6,253,66,38,29,16,256,1869,31,315,636,356,248,463,20,678,24,105,276,302,59,160,35,90,424,502,278,79,129,188,37,106,37,555,19,237,90,78,92,1425,550,366,3697,739,20,168,266,11,633,13,464,6,679,16,128,489,345,0,75,274,573,443,179,5,103,823,2,111,113,223,92,102,65,60,158,1301,2844,125,110,113,706,31,1496,18,148,47,45,188,235,830,79,887,260,327,524,393,1886,574,42,139,523,461,17,896,408,445,10,103,97,15,821,240,78,299,1054,28,488,2844,117,124,5,182,108,601,754,520,14,80,556,2,75,1281,59,942,84,34,460,777,1209,78,532,40,177,317,1648,85,72,1612,29,212,402,274,102,254,769,33,664,2,108,364,26,739,143,12,122,181,391,120,694,315,406,286,27,629,168,231,335,741,93,13,157,341,91,31,592,49,938,1297,97,47,294,103,43,24,225,191,118,2391,900,63,12,29,1109,12
"ENSG00000110148.10",0,0,0,1,0,0,0,0,1,0,0,0,0,9,15,0,0,0,0,8,0,0,1,0,0,0,0,0,182,1,1,4,2,0,2,0,0,0,0,0,0,0,0,0,0,1,1,0,0,1,0,0,0,2,0,1,0,2,2,0,0,2,0,0,0,1,0,0,0,0,0,2,0,0,0,0,0,0,2,2,2,0,0,0,0,5,0,0,0,0,0,0,1,0,0,0,0,0,2,23,0,1,0,0,0,0,0,0,170,82,0,1,0,0,1,0,2,0,0,0,0,0,0,0,0,0,0,0,1,1,0,0,2,0,0,0,0,0,0,0,0,1,0,0,1,0,0,0,2,0,1,1,0,0,0,0,0,0,0,1,0,2,0,0,0,0,0,1,7,1,5,1,0,0,1,0,0,0,0,1,0,0,0,0,0,0,0,0,0,0,1,1,1,0,0,0,0,0,0,36,0,0,0,1,0,5,0,2,0,1,0,0,0,1,0,0,0,0,0,0,0,0,0,0,0,0,0,0,0,0,7,0,0,0,0,0,0,0,0,0,112,0,0,0,0,2,0,0,0,0,0,0,0,0,0,0,0,6,0,1,0,0,0,0,0,0,7,0,1,0,0,0,3,0,2,6,3,0,0,0,1,0,0,0,0,2,0,0,0,0,0,0,0,1,0,5,10,0,1,18,0,1,395,1,0,0,0,0,0,1,0,91,1,1,2,1,0,1,0,0,0,0,0,0,1,0,0,0,0,0,0,0,0,3,0,0,0,0,0,0,0,0,0,5,5,0,0,0,1,0,0,1,1,2,0,1,1,14,1,0,2,0,1,7,0,0,0,0,0,0,0,0,2,0,1,0,1,0,0,0,0,0,1,0,0,0,3,0,12,0,0,0,0,1,0,0,0,68,0,0,0,0,5,0,1,0,0,0,0,5,0,0,0,0,0,0,0,24,0,0,0,0,1,1
"ENSG00000110375.3",4,0,10,5,0,0,0,2,2,51,2,0,0,5,1,0,1,1,3,2,0,0,0,0,2,0,1,1,0,0,1,16,1,0,11,6,2,0,0,1,0,5,1,8,0,0,0,0,0,0,0,2,0,5,0,2,2,15,1,0,2,0,2,1,0,0,64,15,5,7,2,5,2,0,1,0,0,3,1,1,1,5,7,0,1,6,0,2,34,9,3,1,2,59,5,0,0,0,3,1,0,0,5,1,0,4,2,0,4,1,0,1,1,6,5,1,6,1,0,0,0,4,1,1,0,2,1,0,4,26,2,1,1,1,1,1,3,0,7,0,0,1,6,1,0,5,3,4,6,3,1,0,1,1,0,0,0,3,19,10,13,3,5,19,3,6,3,10,0,11,2,12,1,1,0,0,2,3,20,1,0,0,1,2,0,0,2,0,2,1,0,1,31,36,1,0,1,3,0,0,1,0,2,4,0,0,0,1,2,0,1,3,0,2,0,2,0,1,5,1,0,0,0,0,0,0,3,2,0,4,1,2,5,4,4,5,0,2,0,2,14,7,17,2,1,8,1,2,8,0,4,0,1,1,2,6,1,3,0,4,1,1,9,1,1,2,4,3,1,0,9,1,3,0,1,2,2,0,3,0,16,0,33,1,1,1,0,1,1,2,4,21,1,2,2,2,1,12,0,7,49,11,0,0,1,2,0,1,2,0,2,1,2,3,3,11,0,5,5,4,0,6,0,6,1,3,1,2,2,0,0,1,2,2,2,2,4,2,3,0,1,0,0,9,0,1,1,14,0,0,2,4,1,0,0,0,0,5,1,6,7,4,4,0,5,1,6,0,2,0,0,1,1,0,0,0,2,0,22,12,1,2,15,0,6,2,13,3,1,0,2,4,0,0,1,0,1,0,1,1,5,3,4,0,9,5,0,1,0,7,0,4,2,1,0,0,1,36,8,0,0,1,0,0
"ENSG00000110484.7",6,0,0,0,0,0,0,0,0,5,0,1,0,0,3,0,0,1,0,0,0,6,4,0,0,0,0,0,0,0,0,0,0,0,3,0,4,0,0,1,2,0,1,0,0,0,0,0,14,0,0,6,0,0,0,0,0,0,0,0,0,7,0,0,0,0,1,0,3,0,0,0,1,0,0,0,0,0,0,0,0,0,1848,0,1,0,0,1,0,0,0,8,0,0,0,0,0,0,0,0,1,0,0,0,0,0,0,0,0,0,0,0,0,0,0,0,0,0,0,13,0,0,1,0,1,0,0,0,0,0,0,0,0,0,0,0,0,0,0,0,0,1,0,0,0,0,0,0,1,7,27,0,0,0,0,0,1,0,0,0,0,0,0,0,0,0,0,3,0,0,0,0,3,0,0,0,0,1,0,0,0,1,0,0,0,0,17,0,0,0,0,0,0,0,0,0,0,2,0,0,0,0,0,1,0,0,1,0,0,0,0,0,0,0,0,0,1,0,0,0,0,0,0,0,0,0,0,0,0,0,1,0,0,0,0,0,0,0,0,0,1,2,0,0,11,0,0,0,0,0,0,0,1,0,0,0,0,0,0,0,0,1,0,0,0,0,0,6,0,0,0,0,0,0,0,0,0,0,0,0,0,0,0,0,0,1,11,0,0,1,0,1,0,0,0,0,0,1,0,0,0,0,5,0,0,0,0,0,0,0,0,0,0,0,4,7,0,0,1,0,0,0,0,1,0,466,0,0,0,0,0,0,6,0,0,17,0,3,0,0,0,3,1,1,0,0,0,0,0,0,0,0,0,0,0,0,0,0,0,0,0,26,2,0,0,0,0,0,0,0,0,11,0,1,0,0,0,4,0,0,0,0,12,0,0,0,0,0,0,0,0,0,0,0,0,0,0,4,0,0,0,0,1,0,2,0,0,0,0,0,0,0,0,0,0,0,0,0,0,7,0,0,0,10
"ENSG00000110492.15",21409,159,17681,2034,7906,10989,16188,236,808,1057,11278,31015,19016,8795,14242,1155,1386,2277,4066,855,3872,150,2259,1013,548,1519,6300,3564,2541,2679,1173,793,9304,1055,7372,1364,3842,684,28682,13226,3170,12776,8360,4495,410,9427,311,5676,181,236,293,2365,3654,8245,4111,392,5274,5883,1149,2976,4731,17605,426,635,440,11276,3161,3109,5459,6500,2396,2538,7295,127,1022,157,6076,8187,33026,12849,8534,778,2516,1129,1914,5247,1832,3531,1165,4985,29969,2685,1549,42439,3496,82,9203,11364,25152,5179,1756,488,24087,4053,3648,21632,4855,616,17182,10316,6562,936,1001,997,10890,1609,7265,35092,13161,10865,676,2711,57,2342,6917,102,801,8204,6412,4344,1799,441,5698,975,10943,138,1174,203,25501,631,185,15977,11155,671,4247,54945,56899,8810,20374,1513,178,841,1527,829,692,1003,3052,8888,21052,2469,1096,20064,11654,3255,877,2795,7360,10818,2024,12957,753,2059,4765,1079,7918,1126,8189,17042,14851,5280,115,7169,3857,1907,990,4637,1721,500,2247,2634,4977,2918,43304,2618,1057,1383,254,14879,287,11757,172,2336,8325,627,120,6124,185,3707,17383,271,13310,51412,20862,15287,5004,495,1493,10401,3038,7503,164,5621,5923,4470,350,195,5466,6314,1563,5539,7914,14654,2245,12119,2711,21314,157,4887,940,1620,21135,2866,1232,1421,14347,17693,3499,22991,3569,2605,594,8716,545,43576,318,4903,398,5717,10340,1541,2148,1105,33482,19388,298,8801,6971,375,23310,275,29159,334,9093,147,2161,3198,24644,107,2030,2965,1894,5469,5985,601,133,12568,140,34628,12306,7749,3136,12284,3989,938,23963,19854,11175,5179,443,1725,3824,39774,30522,552,13205,4388,21242,18481,1668,9279,6069,16416,415,23980,2700,795,45360,4298,1499,5116,466,10137,240,13677,20942,6999,1951,3612,12284,154,4057,8413,1414,7689,2079,301,5501,5895,4103,2396,182,20614,5396,16256,8771,481,273,41861,20727,921,209,16929,856,60906,3993,318,1997,6309,32757,3890,8014,1686,5062,2306,11530,1534,7109,18629,1783,3185,6565,3970,8871,18571,21709,508,4024,611,311,2227,181,3325,557,6259,2230,2146,30411,3358,859,1771,15840,7553,1219,7200,810,9970,3053,119333,3273,122,293,2383,13020,888,6776,6197,9882,7081,3861,1539,1851,1844,183,448,396,1519,2232,24458,27543,1177,229,118,57924,546
"ENSG00000110680.13",11,5,9,53,0,40,1,1,75,54,1,3,9,12,3897,13,3,47,0,23,10,9,1,2,7,136,3,5,2,0,0,76,7,43,14,5798,5,12,3,1,5,12,0,10,15,11,314,2,18,6,27,6,13,5,1,1,135,10,2,29,10,7,2,15,3,8,0,3,25,22,174,126,5,14,0,8,27,18,671,28,21,2,5513,107,12,8,23,52,1460,2,274,497,8,61,9,1,7,5,4,2,114,25,3,13,84,42,16,12,27,15,4,1,5808,1,0,5,6,6,6,235,4,7,10,3,48,111,50,12,73,1,134,3,31,46,16,11,9,7,24,4,4,3,17,149,1,11,0,5,9,0,16,3,8,3,21,1,167,184,46,5,0,9547,413,8,4,9,3,11,27,3,13,3,62,3,539,0,75,1882,70,1,14,193,0,4,1,314,1,0,9,2,2,18,13,15,6,16,3,3,264,79,1,3,9,9,2,5,14,8,8,0,19,1,866,7,18,4,3,207,18,1,3,1,9,206,7,6,71,3,9,101,1191,15,242,0,0,0,3,1,0,97,74,81,38,16,6,12,3,1768,5,0,12,0,3,1,10,34,10,0,8,11,16,14,145,2,10,27,5,1,0,21,12,4,14,42,23,17,81,4,17,5,1,7,4,73,8,18,2,14,3,29,33,2,1,2,58,85,23,11,38,0,21,30,547,8,4,11,36,415,2,0,62,1,1,175,21,5,213,1,1712,6,1,41,1,12,307,23,10,4,75,10,1,8,11,85,10,7,22,9,0,31915,2,0,4,18,10,4,0,125,15,13,15,2266,15,11,3,9,12,55,2,10,4,0,94,4,3,4,2,3,954,44,201,43,0,27,2,2,1,21,2,0,11,4,8,336,11,40,1,5,3,139,0,3,0,2,1,17,5,4,7,3,34,12,0,2,87,0,3795,1,6,1524,27,46,16,0,3,0,1,1509,18,13,4,1,2,29
"ENSG00000110881.12",444,5,54,4,85,43,10,1,12,227,405,1982,857,52,1457,27,12,110,114,61,27,7,57,28,12,70,99,22,10,1,10,88,36,15,60,82,17,10,640,628,21,61,27,1467,26,7,30,51,19,8,11,120,23,286,590,9,37,30,16,10,616,121,66,16,3,43,6,229,6,27,672,28,29,1,48,11,153,25,710,5,982,57,456,92,93,12,3,225,197,11,191,30,24,47,1942,6,258,11,942,46,15,7,53,35,25,165,83,14,444,353,47,29,67,25,33,4,88,114,398,1002,48,5,6,4,15,4,10,18,60,83,14,14,69,7,162,13,468,1,111,1,5,247,76,25,50,145,16,5,118,188,3,9,33,74,25,438,2,69,741,21,48,105,32,18,81,59,159,179,24,545,94,2,123,11,33,130,34,495,106,358,0,81,242,312,100,48,24,8,5,4,19,1821,9,131,14,985,18,191,4,56,0,7,106,9,2,41,8,12,56,3,42,15,426,8,47,263,287,4,22,19,8,5,51,20,10,17,473,2,9,585,108,14,42,177,29,387,10,190,6,5,72,33,515,22,237,494,119,233,85,61,1,70,9,14,6,18,18,25,611,29,26,16,101,544,14,26,78,21,14,4,20,3,268,7,45,79,287,18,490,222,13,127,4,12,4,184,6,21,34,61,44,30,49,650,1158,639,333,427,7,160,391,10,187,17,45,8,6,13,69,967,19,113,8,165,46,24,471,63,118,7,33,435,7,49,25,54,15,1224,443,6,2024,15,16,76,398,18,50,387,326,156,14,190,16,382,90,11,14,93,413,12,22,693,7,778,61,6,175,76,73,63,5,7,161,134,37,3,25,283,112,7,10,91,2,796,77,7,10,3,3,2,8,26,4,10,7,3,97,146,86,45,85,273,13,154,5,33,406,147,34,6,19,50,42,40,220,145,18,4,15,50,31,13,3,11,3,173,52,2680,29,28,22,0,1175,15
"ENSG00000110975.8",0,4,0,2,1,0,0,0,0,1,0,0,0,0,0,2,0,0,0,4,11,5,1,4,0,0,0,0,0,0,0,0,0,134,0,0,2,1,0,0,2,1,0,0,0,0,0,0,14,0,0,3,6,0,0,0,0,0,5,0,0,0,0,5,3,0,0,0,6,0,1,2,0,3,0,11,0,0,0,0,1,6,0,0,0,0,0,0,0,0,0,33,0,5,0,3,0,0,1,1,1,0,0,0,0,0,0,9,3,0,0,2,0,0,0,0,0,0,0,0,0,1,0,0,0,12,0,0,0,3,2,35,0,0,0,6,0,15,0,0,1,1,2,42,2,1,0,0,0,1,15,1,0,0,0,0,0,7,0,0,28,0,0,2,0,2,0,3,0,0,1,0,0,0,0,0,0,0,15,16,3,0,0,0,0,0,0,0,0,0,0,0,0,0,1,0,11,0,0,0,0,0,0,0,4,1,0,0,0,0,3,3,1,1,3,0,0,0,0,0,2,0,0,0,1,16,0,0,0,0,0,0,0,1,0,0,0,0,0,0,0,4,0,1,3,0,0,0,0,0,0,0,1,0,21,0,31,0,0,1,2,3,0,1,19,0,0,26,0,4,0,0,0,34,0,0,0,6,0,0,0,0,0,0,0,1,4,0,0,0,17,0,0,0,0,0,5,0,0,0,7,0,0,23,0,0,0,0,0,0,0,1,0,0,8,0,0,0,0,0,1,0,4,0,0,0,8,0,0,2,0,0,0,0,0,12,0,0,0,0,18,0,0,0,0,0,0,0,0,4,8,0,1,0,0,15,0,0,0,0,0,0,0,0,1,85,5,0,0,0,0,0,0,0,4,0,1,5,1,1,0,0,7,0,6,0,0,3,0,0,0,0,2,0,0,0,1,0,5,7,0,0,0,0,0,0,0,0,0,0,8,0,11,0,8,0,0,0,0,18,5,0,0,11
"ENSG00000111206.13",482,5,62,152,860,588,117,201,37,912,127,1765,1671,5072,541,53,96,537,924,241,421,22,226,314,332,426,198,743,178,503,1271,706,903,217,54,1006,598,214,1282,1091,12,678,880,77,53,39,80,852,26,103,206,1766,272,1442,329,639,24,1236,505,992,70,597,125,667,21,728,182,118,4348,2143,1511,204,209,6,90,23,731,223,2513,853,1094,926,1016,172,959,642,54,216,221,9,720,688,285,61,67,16,53,1928,1066,2001,404,66,704,213,466,1716,1130,42,6589,967,503,90,167,651,650,144,2149,432,935,1811,90,327,70,577,451,8,20,428,981,1741,158,26,1829,105,1084,38,431,17,2640,96,20,2010,448,73,325,1720,413,850,888,1611,56,18,586,599,180,996,106,1962,349,810,820,292,1230,627,536,878,1944,1178,1558,8133,114,376,925,2473,49,397,388,563,782,526,53,1364,341,799,239,246,1015,52,224,2182,110,3421,2365,1353,391,2031,83,522,144,1658,198,3192,1236,2699,7,337,54,2462,222,1209,126,823,718,432,670,1429,51,54,288,933,13,403,45,73,45,21,433,3068,15,536,1050,606,726,717,25,1255,92,170,2819,169,185,315,63,233,712,1395,405,89,389,347,53,196,76,1553,29,807,115,145,174,3269,1558,742,3440,2167,34,517,626,21,2234,26,706,32,941,16,175,1046,503,25,150,945,1366,944,288,12,224,1245,19,121,53,235,188,282,104,109,355,2212,5621,418,183,200,1029,53,2297,31,133,69,123,167,376,1998,171,1348,458,501,315,453,2559,548,78,211,1182,1535,45,3358,643,1273,41,281,88,21,916,288,119,780,2576,38,579,2920,187,97,7,329,148,981,3167,999,20,179,848,15,89,1588,130,1036,143,30,651,1926,2191,74,959,76,198,731,3139,147,19,2502,163,163,906,411,39,239,599,50,1191,28,172,1147,92,747,329,54,196,78,1277,320,454,961,1438,347,40,1144,144,823,769,1829,219,25,295,415,286,51,1826,104,1097,1592,77,109,272,323,95,67,366,357,198,9181,621,151,17,61,2563,30
"ENSG00000111247.15",137,5,14,68,296,183,29,60,30,443,55,432,633,1228,160,41,35,139,307,55,130,30,74,102,80,168,38,273,28,257,316,136,213,92,28,249,165,70,189,155,5,321,193,51,38,26,29,157,7,63,46,607,167,329,125,148,39,376,291,435,51,185,141,303,33,181,96,58,688,361,533,129,39,4,36,21,189,79,401,457,281,198,297,71,505,79,44,54,76,13,155,185,71,58,28,8,34,740,247,338,69,39,251,95,105,324,391,25,2048,185,162,102,73,296,182,58,349,145,178,853,99,230,35,121,164,14,15,191,367,685,84,22,392,41,166,36,104,25,693,29,26,617,118,67,115,279,162,217,310,220,29,21,95,187,65,227,42,283,124,195,96,42,299,145,92,333,494,281,616,2095,36,129,217,1631,54,87,74,180,228,143,21,124,149,249,149,70,374,38,54,816,46,1054,255,349,70,296,54,152,35,179,64,634,213,1051,14,128,30,648,63,424,83,328,114,156,260,455,16,45,90,413,8,205,22,6,40,14,166,812,15,155,263,115,206,219,9,352,32,93,341,95,31,110,47,45,213,538,174,34,151,172,21,73,32,148,36,208,62,40,97,1176,713,175,606,646,32,117,213,29,1176,39,209,22,447,27,48,354,133,10,42,247,579,151,93,8,61,319,9,62,51,72,93,75,44,25,72,358,1348,111,78,133,350,14,738,37,115,18,34,41,145,482,159,371,122,65,115,198,892,348,15,84,233,355,19,349,175,170,50,102,50,10,254,132,69,314,824,37,155,805,59,25,9,175,48,217,725,132,13,27,151,13,46,589,80,456,73,36,300,395,396,81,236,41,91,304,497,40,2,549,25,52,236,156,29,98,393,33,396,14,88,464,50,150,103,20,180,30,307,95,306,283,224,193,32,340,57,219,209,775,103,12,116,204,68,27,445,56,259,394,98,56,135,78,44,14,125,115,128,1311,195,69,12,52,744,13
"ENSG00000111432.4",24,0,44,20,73,0,0,3,2,52,23,4,448,15,4,9,5,9,0,1,2,0,31,17,1,1,2,23,3,1,8,33,7,5,4,21,7,2,0,4,0,74,2,1,4,1,11,15,2,6,6,13,4,4,0,8,8,3,9,8,0,8,0,3,0,2,1,3,7,3,15,27,34,0,2,0,8,14,6,4,0,2,18,22,8,15,14,0,1078,0,30,6,1,0,12,0,5,27,3,22,10,2,26,5,2,30,0,0,306,0,57,8,54,21,16,1,42,0,2,2,2,1,3,5,15,2,0,0,3,14,2,5,8,17,257,4,5,1,1,0,0,18,47,0,18,1,4,18,0,9,3,1,0,1,4,0,0,72,5,13,4,7,5,7,15,11,0,17,5,14,0,11,0,4,36,3,1,4,11,0,0,98,4,7,10,4,3,0,1,0,1,38,5,1,0,1,3,0,896,22,1,1,38,3,0,4,1,261,6,1,3,21,1,11,71,108,1,1,36,8,0,3,0,12,5,4,7,1,2,3,0,0,13,2,4,8,1,0,3,10,18,24,0,1,5,7,0,0,0,0,0,0,3,1,1,3,2,42,1,10,7,4,14,0,2,43,10,2,2,2,25,1,1,0,8,1,0,0,1,9,4,0,1,1,1,6,0,32,2,23,20,1,7,0,0,0,15,0,10,133,2,8,10,1,0,4,1,5,7,2,21,10,1,14,6,94,0,92,526,9,30,60,2,5,24,25,3,1,4,1,181,3,19,1,6,10,0,10,0,183,2,4,13,6,1,12,11,11,0,0,3,188,7,2,2,1,3,18,5,1,6,11,7,24,17,3,0,5,0,4,0,7,0,5,0,5,1,2,8,7,3,3,3,3,4,0,24,0,3,1,6,2,0,21,5,13,4,3,47,5,0,0,25,0,19,22,8,6,3,40,23,1,5,1,55,5,27,14,0,11,1,0,14,3
"ENSG00000111665.12",167,11,89,88,313,272,428,45,51,740,64,538,895,2286,562,36,60,273,410,90,113,13,117,126,132,157,212,307,139,407,430,268,368,70,20,196,175,135,702,260,62,373,355,39,38,189,50,544,8,71,134,663,69,659,157,371,24,758,695,448,59,393,67,423,24,402,94,46,1418,527,707,180,48,5,151,26,450,192,992,390,325,290,420,160,385,110,161,197,83,48,484,221,138,1267,59,8,71,547,352,527,222,27,898,92,220,356,498,18,3390,390,202,48,57,293,229,116,537,195,563,996,72,269,40,391,412,6,13,448,279,442,78,22,1610,68,329,14,116,32,1363,59,11,1210,220,41,127,564,265,575,606,564,29,22,223,305,52,410,93,425,229,279,951,243,630,223,672,463,947,1958,656,2693,132,240,241,1416,128,100,238,646,368,133,25,239,170,270,146,164,308,24,152,1199,78,1874,705,418,157,1259,47,608,56,488,72,981,462,1037,18,467,55,603,455,309,71,474,569,147,290,283,73,57,152,470,8,253,402,28,22,5,268,1165,88,141,654,171,290,372,105,706,47,169,687,115,30,99,30,43,358,725,296,156,222,172,40,366,54,652,19,213,62,192,110,1337,489,244,1012,1049,13,218,433,19,699,20,373,13,1030,6,70,486,1023,24,132,782,450,1664,156,15,58,736,7,155,282,148,57,81,140,98,267,833,1656,121,131,116,297,67,1699,23,412,70,29,64,176,532,111,953,247,179,117,138,974,303,33,187,415,411,27,398,280,502,28,87,148,19,346,258,82,337,624,35,346,1032,91,144,18,143,52,1067,913,377,14,510,836,4,46,898,44,402,70,21,442,844,922,153,211,47,211,668,1291,87,189,889,61,323,277,213,236,337,621,70,331,10,69,667,60,277,203,59,126,100,822,150,424,235,667,150,17,684,241,242,287,1781,92,12,140,327,89,21,1195,47,472,921,203,50,78,277,28,40,202,105,148,2422,409,52,29,35,2473,23
"ENSG00000111700.13",0,2841,0,224,71,1928,4,0,255,454,23,512,1361,6,80,934,82,280,2278,341,55,3022,32,55,2,539,0,38,1259,4,139,2,2,978,11,1755,1822,6,8,0,0,8,73,2787,3493,37,49,2640,2449,6,2357,119,2963,2,1958,5,4332,696,6,0,3172,0,1083,277,293,978,0,4967,242,27,204,63,59,2876,0,2069,0,421,145,2,4141,0,487,3,6,28,43,2931,157,29,130,4096,358,1,1053,1016,15421,0,98,112,905,7526,32,1840,108,47,310,3111,109,1653,1,435,380,319,1582,2315,580,0,0,1,204,0,234,3,11,2014,716,0,389,124,941,1256,22,115,15,3185,4982,4998,0,2,716,540,48,5287,1801,42,4,3,2132,1,3454,1997,1834,3,20,3007,2563,486,469,26,0,120,2,79,52,54,1,278,81,6,423,0,1630,2127,119,434,33,998,327,15,1760,5,631,0,3369,212,1,3,2,0,2452,134,3,354,1,963,5327,0,793,3,6,255,211,1,1447,214,286,140,149,1,748,113,1,0,389,1,3965,2184,1606,7181,2741,0,538,1,2215,1423,4496,389,0,0,1,0,28,227,7146,2,1692,1964,0,2,97,4,5494,390,61,205,243,1993,3367,3976,158,281,1236,12,4883,4,4262,23,3,173,0,4,627,697,1753,24,96,926,2,1993,2,240,16,2592,87,1270,300,775,5740,3,0,5,2,1726,9960,2874,968,484,272,103,1889,63,24,270,4667,5,23,7590,3,3,502,24,0,4467,82,282,0,398,19,1,4150,692,225,208,629,123,1,69,21,51,7,29,5508,340,14,1,644,5796,4,1691,636,65,225,2066,3296,4544,1918,26,171,756,3948,2689,0,204,3,17,2638,726,330,298,1159,50,1066,368,2582,2620,468,53,1230,2752,0,265,1438,74,357,481,7,201,5889,22,0,2705,239,662,2,0,0,571,0,4,0,0,1,4,1083,1,2035,280,3,8,159,5751,1127,621,40,16,1958,21,2373,3406,174,2510,306,1221,137,0,118,19,2,28,287,0,0,1466,2,5,0,633,6,3195,1906,19,1832,4522
"ENSG00000111713.3",0,10,0,49,6,51,0,544,47,2,26,11,30,0,0,143,5,25,42,40,400,296,2,126,519,180,7,113,5,26,7,0,77,214,106,0,88,26,3,136,1,0,43,15,251,2,15,2,246,204,36,32,190,0,15,42,123,18,15,41,32,38,251,118,82,6,204,147,53,42,36,28,69,266,5,324,0,6,7,83,56,29,0,1,261,26,4,8,2,0,22,119,4,0,0,143,44,231,54,2,146,442,0,165,41,3,148,190,1,3,31,85,48,77,0,62,2,252,32,10,101,41,209,50,11,124,25,13,11,15,178,339,4,40,5,431,98,204,11,104,133,8,7,394,23,0,0,0,1,0,244,89,61,90,217,65,9,64,35,224,47,1,23,33,0,65,5,1,371,7,0,53,53,120,5,91,19,3,47,65,207,0,24,44,219,29,262,234,71,235,129,0,2,81,147,18,345,22,134,0,225,222,3,149,339,0,130,278,0,297,68,6,4,433,56,0,6,1,36,221,178,42,0,14,142,210,115,171,1,198,26,220,0,84,2,10,241,29,51,31,2,30,142,514,1,11,70,5,168,153,51,3,81,0,217,186,410,1,2,54,315,733,0,10,281,12,21,308,26,94,20,219,14,319,101,24,1,151,28,1,334,0,29,4,482,0,122,1,0,11,68,51,0,18,4,41,8,119,247,0,102,2,1,141,0,11,33,133,46,8,101,0,109,10,58,0,0,1,134,22,4,35,124,4,54,32,151,5,0,110,15,6,68,88,346,534,78,1,7,2,396,272,132,2,17,99,36,0,4,89,130,18,336,7,153,393,0,1,3,10,168,51,21,0,7,285,0,23,5,1,53,40,2,6,2,20,71,52,711,244,34,116,272,4,116,3,0,97,35,78,2,142,170,26,1,230,158,1,112,113,64,11,11,167,13,0,4,3,3,22,91,0,194,110,140,97,4,0,4,398,295,260,0,101
"ENSG00000112164.6",16,0,81,4,95,144,0,1,1,10,0,4,0,8,5,2,0,0,0,488,3,0,824,3,1,3,3,0,37,4,847,8,0,4,6,6,7,0,1,2,0,37,1713,5,3,3,5,5,0,5,4,723,0,45,2,0,5,92,11,0,17,0,0,0,1,253,14,1,258,4,3,0,2,0,0,0,2,2,61,89,10,0,67,3,3,57,3,0,929,1,34,2,86,11,0,0,0,5,4,20,1,0,27,3,1,6,2,0,989,484,10,2,1,0,1360,3,115,2,1301,8,1,0,0,1,1,0,0,3,310,6,8,0,0,7,16,0,2,0,1075,2,0,47,0,1,32,61,10,0,408,4,0,1,2,3,2,0,0,318,3,1,1,32,2,2,63,0,1,188,0,23,0,2,0,83,1,0,0,3,545,1,0,34,0,5,1,2,4,5,1,0,15,3,0,2,0,0,0,0,7,85,0,0,336,1,0,0,0,6,1,0,4,4,6,4,442,5,1,0,25,1,0,1,445,1,0,1,0,2,0,0,0,5,0,2,0,3,0,2,0,0,563,1,3,59,9,44,0,3,8,3,0,2,0,28,0,2,0,2,1,25,1,3,3,901,0,2,4,1,0,0,3,2,5,0,9,177,19,0,34,0,6,13,0,0,10,90,2,1,671,115,2,0,0,0,3,1,2197,11,4,7,0,22,542,0,726,0,3,2,15,1,5,203,6,9,0,49,1,100,15,1,150,47,1,6404,3,9,2,2,1,2,0,6,10,23,1,0,0,6,0,1,0,6,272,1,0,1,0,35,4,0,0,413,2,196,0,1,1174,757,1024,0,1,2,1,160,28,2,0,189,4,2,2,4,18,1,0,0,0,0,12,1,0,1,1,0,0,0,9,2,0,0,298,3,0,579,192,2,2,191,8,0,3,3,43,0,0,0,3,80,0,61,0,0,7,7,4,336,1,0,1671,87,0,2,0,0
"ENSG00000112175.8",16,22,3,57,65,58,18,6,19,26,7,15,30,233,0,193,19,2,0,85,164,113,8,130,0,47,0,48,0,20,15,8,7,75,16,0,7,5,0,1,0,14,1,3,377,3,23,21,209,19,5,19,146,0,0,0,46,11,1,5,0,0,0,52,98,35,13,0,25,8,24,131,10,65,1,131,0,37,15,6,2,1,0,9,0,3,6,0,14,0,44,4,2,1,8,72,48,0,12,43,31,10,0,3,26,9,0,125,200,0,205,136,50,13,11,0,96,0,0,162,4,0,8,0,27,67,74,0,63,129,20,88,1,35,8,185,0,95,3,3,137,86,56,314,238,7,11,3,14,4,80,107,0,1,45,0,44,243,6,8,36,3,0,69,2,18,0,3,12,19,0,2,0,105,23,17,0,0,154,0,49,24,5,11,3,28,135,56,3,0,12,1,0,40,0,3,138,1,8,13,2,0,31,0,139,3,17,4,27,1,94,45,3,0,79,10,0,3,6,2,54,4,1,2,65,62,8,0,0,0,0,3,60,0,0,2,36,2,2,19,215,47,7,46,4,2,0,128,1,4,25,0,42,6,137,24,167,25,1,34,20,10,2,0,189,27,26,302,6,133,43,63,3,53,0,1,25,38,20,1,23,3,3,69,10,11,92,165,0,34,334,91,60,0,0,364,893,13,48,0,129,0,7,287,0,16,0,8,4,1,9,37,0,27,19,15,2,298,73,20,12,6,99,14,87,10,231,0,0,123,0,16,89,7,3,243,0,1,0,3,90,0,71,7,1,23,2,1,32,93,168,5,70,1,18,134,3,2,0,0,10,21,41,2,41,6,0,0,12,1,0,36,0,61,4,0,0,159,19,6,0,1,2,41,292,0,149,64,1,6,5,3,192,21,5,9,10,14,253,91,0,3,98,0,32,202,1,2,3,61,262,2,5,14,15,1,3,2661,0,223,157,31,0,57
"ENSG00000112183.15",54,1,314,54,48,48,36,39,40,15,6780,2677,1123,1395,94,37,41,117,264,130,276,33,71,148,87,22,461,306,14,307,3,242,187,36,408,106,546,41,1445,2362,30,38,31,1757,51,38,115,289,15,13,353,248,30,644,1952,146,149,51,36,229,333,154,930,18,20,48,9,183,902,67,397,182,170,56,16,27,379,264,176,134,1377,79,99,505,207,18,83,390,104,81,137,1522,22,319,46,5,227,113,332,68,149,122,189,516,183,33,303,17,143,11,258,52,221,146,29,517,59,1562,1614,2394,442,158,12,1068,129,9,41,74,354,69,67,29,417,431,217,31,2243,70,225,50,19,56,283,48,62,467,247,109,83,422,28,80,314,14,100,488,134,717,672,63,543,141,117,233,3,172,130,92,31,317,106,106,1364,196,338,137,239,69,215,316,19,58,2281,218,170,75,328,170,163,238,386,160,4,610,69,211,16,104,186,38,109,243,202,59,21,707,5,156,30,40,77,320,383,689,70,9,329,145,502,400,33,43,5,123,45,59,283,234,166,1660,31,299,171,688,43,489,18,468,61,131,76,119,528,33,146,587,499,48,623,114,89,70,36,251,12,20,10,35,2710,200,316,24,407,40,64,248,368,84,293,29,626,20,611,16,399,18,109,13,299,11,48,254,57,19,767,79,22,112,7,371,102,257,29,614,1065,439,150,1229,17,9,200,14,176,107,136,87,166,46,218,543,647,70,821,406,1522,10,826,67,267,271,2,21,24,28,108,37,156,426,798,22,985,17,75,96,1350,87,251,882,1407,56,17,429,419,33,792,64,245,5,24,44,20,645,169,247,586,121,78,23,291,860,580,88,598,103,14,164,160,378,147,199,64,493,80,658,197,13,1005,111,30,53,112,71,63,31,41,221,53,531,296,66,70,248,6,461,43,234,364,24,276,39,158,52,25,468,366,1393,149,164,5,48,223,6,13,38,295,141,100,319,15,86,49,31,417,47
"ENSG00000112186.12",805,48,917,752,1340,1212,66,1567,514,410,3216,8481,4639,3538,1151,299,973,2460,2018,3141,2693,194,471,2753,875,1603,1358,2065,348,840,549,664,2965,564,3982,729,2028,565,3022,6047,55,265,871,6132,633,199,781,1217,118,346,1988,814,583,2087,5244,3005,583,1417,1130,1192,2815,728,3778,552,276,3270,354,1292,2079,578,1506,1175,1286,102,160,215,1805,612,852,1444,3138,1764,297,634,2400,441,321,2336,482,221,1935,5305,810,103,470,68,1470,1352,1858,854,721,758,682,3951,570,298,2744,267,323,449,1469,373,1373,1522,816,2423,2678,2074,4868,8926,3602,850,286,1927,814,87,168,501,1724,1619,936,232,1103,1209,1520,264,3182,260,1441,556,183,1750,626,556,1230,3251,395,1013,474,1183,111,182,2356,828,643,2677,1607,2540,1636,1311,1190,245,1253,1192,266,839,713,855,744,1445,507,1299,6886,6708,976,611,2976,798,1090,2562,103,304,3029,2891,1498,695,1724,2490,2407,1765,2102,835,766,5233,632,1379,231,1176,1388,1075,3666,1656,1492,932,200,1576,182,2441,407,548,1023,1632,1519,3549,1028,746,824,560,1103,2137,88,448,129,545,346,128,5795,1912,463,2239,306,1166,549,6254,218,1395,100,2634,587,1061,589,1014,1976,531,1394,812,588,237,2893,1158,429,492,209,780,151,1513,286,343,5425,729,2507,431,1825,1240,255,1509,2305,435,1987,119,5917,185,1634,184,2310,630,335,105,2273,162,511,575,233,57,4453,511,99,810,212,1051,727,1856,604,2148,1998,480,998,5778,191,757,3644,100,1015,516,617,555,815,1378,5417,2123,2425,2078,6021,2076,3537,1255,3215,1273,509,1466,7351,631,305,780,1022,828,903,6031,503,102,2551,218,591,759,6924,273,2621,2446,4311,316,170,3198,2126,391,578,1038,496,29,788,197,193,1161,1526,3640,3462,633,2206,275,2225,2000,3807,749,1961,1167,129,2065,168,2266,1207,1040,1048,3433,186,1203,3553,187,4752,319,712,772,697,948,1774,370,640,766,890,4768,1575,1559,755,2462,216,3302,1035,1438,1617,484,3172,264,602,552,213,3823,1402,4036,1306,1617,61,379,1069,110,1162,364,1221,1023,1364,2853,287,764,156,258,2287,173
"ENSG00000112212.12",173,2,2,35,11,34,32,1,40,465,12,385,8,11,60,0,35,29,11,16,40,5,12,14,9,7,43,3,29,12,28,7,41,14,20,2,36,18,21,27,2,49,47,4,12,15,26,40,9,5,3,8,4,38,6,6,19,130,14,9,2,4,5,39,5,62,2,17,62,25,22,115,34,3,4,0,145,10,108,45,93,13,0,104,40,12,35,54,24,21,233,121,56,132,6,3,9,14,219,16,12,12,101,110,28,30,169,5,90,27,69,9,5,20,11,2,24,24,38,103,7,10,10,5,44,5,3,6,70,40,8,5,57,47,23,4,9,9,20,2,4,47,58,11,13,4,37,9,76,30,3,2,27,20,5,6,236,36,99,15,0,64,96,44,78,4,212,54,30,138,20,17,37,21,167,5,217,177,12,15,6,15,106,33,5,20,4,9,3,11,5,0,14,35,59,11,7,23,1,8,2,14,40,6,5,98,99,14,6,5,15,26,278,102,20,73,1,12,23,41,8,13,73,38,6,6,11,3,89,22,21,4,24,10,4,228,6,40,10,12,54,47,16,16,272,43,8,87,17,3,4,11,9,17,6,5,10,13,29,8,19,7,46,14,9,51,3,1,24,9,150,6,35,10,12,9,16,4,20,86,18,273,1,4,20,32,5,42,17,14,8,30,25,84,27,114,32,32,0,122,36,14,9,13,29,33,79,6,27,16,1,19,54,36,33,77,36,26,12,56,74,15,5,8,28,15,15,43,29,10,4,7,22,22,45,12,38,81,2,7,1,22,22,106,42,11,3,47,37,1,7,16,2,39,36,10,64,28,12,24,16,16,9,38,50,24,18,42,18,56,59,18,55,24,15,2,39,5,4,27,39,20,15,146,17,81,9,130,138,6,94,64,2,156,40,31,62,58,17,9,8,1,19,9,11,0,8,93,2,20,16,4,18,28,10,6,22,0,8,11,3,0,4,5
"ENSG00000112273.7",0,0,0,0,0,0,0,0,0,0,0,0,0,0,1,0,0,0,1,0,0,0,0,0,1,0,0,6,0,2,0,0,2,35,0,0,26,0,27,4,0,0,0,0,0,0,0,0,0,5,0,1104,0,11,0,0,2,0,0,0,0,0,0,20,0,0,0,0,1,1,10980,0,57,0,0,0,2,0,0,94,810,7,0,0,1,0,0,24,0,0,1,24,0,0,0,0,0,1,4,0,0,0,0,0,0,0,0,0,2,0,0,0,2,0,0,104,0,0,0,0,0,12,0,0,0,0,0,2,0,0,0,0,1,0,0,0,0,0,0,0,0,0,2,0,0,0,0,0,0,2,0,0,0,5,0,0,0,0,0,1,12,0,0,0,0,0,0,0,0,8,0,0,0,3,0,0,0,17,0,0,0,0,0,0,0,0,0,0,0,170,0,1,1,40,1,0,0,0,0,0,0,1,2,6,0,11,0,0,8,0,0,0,0,0,0,0,0,0,0,30,0,29,0,0,0,0,0,1,0,0,0,1,0,0,0,30,0,0,0,47,0,0,0,0,0,0,1,0,0,0,0,0,0,0,0,0,0,0,0,1,43,5,0,1,0,0,0,0,45,0,0,0,17,0,0,0,0,0,0,0,1,1,0,2,0,0,0,0,0,0,1,0,1,0,0,19,71,0,0,3,0,0,0,0,0,0,0,2,59,7,1,0,0,0,0,1,27,0,0,1,0,0,0,0,0,0,0,0,0,0,193,0,14,0,0,0,0,0,0,0,0,0,6,0,159,0,0,0,31,0,0,0,0,477,0,0,0,0,0,1,0,0,1,0,0,0,0,1,0,6,0,2,0,6,2,1,238,0,0,1,7,0,0,0,0,3,0,1,0,1,0,0,0,0,0,0,1,0,0,0,0,0,0,0,0,0,0,0,0,0,0,1,0,0,2,0,3,2,0,0,0,0,0,1
"ENSG00000112280.17",154,2,24,52,36,32,2,36,5,67,13,42,2,15,5,0,7,10,0,13,19,1,70,41,14,7,1,30,32,30,5,149,17,51,15,18,98,2,16,54,0,28,5,34,4,3,17,8,3,16,22,26,1,6,0,5,34,20,21,6,25,3,3,8,1,32,10,18,23,14,27,47,17,3,18,1,130,18,16,222,27,9,0,17,16,155,8,13,102,141,19,9,5,9,44,0,11,40,28,28,9,0,75,15,15,41,49,0,1144,5,51,3,104,19,19,4,91,12,21,14,1,0,0,7,17,0,2,4,59,20,7,3,3,29,33,0,21,0,9,15,0,78,12,3,8,49,53,6,3,7,3,1,10,10,9,3,1,59,20,10,23,10,86,42,11,7,6,28,4,51,0,18,0,25,8,10,49,64,17,3,0,40,80,19,51,11,10,16,4,5,2,0,11,38,0,0,0,14,6,43,7,9,45,86,2,10,0,45,34,1,18,48,23,24,70,39,15,5,55,38,0,14,2,24,1,0,85,12,10,4,8,5,19,7,4,9,3,24,6,50,33,23,7,10,23,41,0,53,74,7,23,4,1,25,0,20,3,95,5,78,62,188,15,36,0,112,25,1,7,0,90,0,5,0,16,13,6,0,9,8,32,4,5,1,14,11,3,37,16,97,27,16,25,18,22,10,7,16,19,61,17,15,1272,2,17,18,37,52,20,3,1,22,19,9,12,35,9,63,22,5,30,59,1,30,45,13,1,45,5,0,16,7,24,21,30,4,2,17,8,4,4,25,32,2,3,41,49,7,30,0,8,115,13,4,12,0,12,12,16,1,147,3,26,5,48,21,1,1,33,12,0,15,6,0,8,6,1,1,100,11,29,11,36,4,3,3,79,16,6,10,46,16,1,64,4,16,22,336,60,5,2,0,54,0,6,10,35,6,14,149,25,12,9,17,48,13,3,115,4,67,0,9,11,0
"ENSG00000112312.10",10804,145,57,571,6141,2515,818,1202,447,11162,499,1218,2069,5736,1486,501,2139,2816,791,2027,1649,133,2695,2292,529,1037,1445,2047,1208,1603,2260,2978,1370,467,1710,806,1081,1030,1584,969,347,6008,1961,1725,453,1629,1622,1171,211,1923,1896,1621,1258,1863,1459,754,761,4845,1944,5048,1075,1324,1425,950,5009,3374,878,877,3041,1959,16649,1155,640,204,662,221,7712,647,2172,1973,1596,333,4289,2197,2444,1038,805,1232,1665,372,3715,1373,2006,2149,780,141,1169,2305,1530,2280,980,349,9015,1209,454,1288,3203,292,3458,1105,2481,299,1327,1401,3746,1019,4360,6743,3566,2220,2255,865,960,726,1292,188,253,2327,3443,7880,540,208,1617,1446,2907,425,541,364,5838,288,183,7128,1846,547,1414,3718,1962,1334,1501,8104,111,269,1405,1078,440,695,999,3210,1037,844,888,609,2969,3197,2828,1350,2117,6739,1967,5475,248,622,1307,4984,2021,277,3829,2265,515,354,222,3364,1023,1854,1425,975,908,1667,506,808,976,1847,5010,1597,549,941,441,1052,493,5332,652,1796,3281,2306,427,4717,690,2926,2949,1181,1718,4894,2801,1288,1328,4487,416,309,658,3339,164,1621,1727,1552,400,200,4102,1859,1197,803,5132,4154,690,1923,546,1566,258,1754,737,5282,1213,1253,1848,616,4080,613,539,833,584,471,316,892,246,2103,449,1951,614,5366,874,1309,2064,917,2744,2092,228,1397,2681,265,2023,217,3199,166,2947,307,1571,1884,1987,192,2819,2734,1378,1422,683,241,1107,2134,138,3725,2099,2148,979,635,2011,1162,2446,1449,4133,8587,1828,11198,3338,1069,3470,446,1333,531,223,1474,1201,984,1154,10188,2008,2840,778,2847,2797,1860,921,2119,8773,11875,364,2679,2116,1472,370,1877,533,199,1361,632,1703,1187,1987,450,1769,2869,639,1382,329,2062,523,3562,2046,467,491,2066,897,166,299,2951,357,3377,1153,453,4622,6679,2669,870,5484,663,1620,3377,2805,457,542,2486,816,2744,8403,1127,642,974,2576,428,4271,375,944,1653,664,960,476,782,1050,591,1774,1975,2131,3921,3290,1034,380,3649,1711,1007,990,2807,1006,169,473,552,427,1413,1115,284,1074,2071,859,1630,892,757,545,282,545,869,1095,2471,2509,548,420,418,938,335
"ENSG00000112379.9",730,1,22,483,1496,1584,1,289,54,387,75,20,77,543,576,73,121,53,2,85,52,26,308,37,14,5,18,761,95,371,1761,1635,396,285,253,3342,69,867,4,22,22,1961,16,3134,89,36,166,78,82,2296,4,6886,75,134,4,112,82,24,7,348,23,1199,5,32,99,25,19,27,982,1338,1596,305,19,8,4,20,1935,1089,152,19,45,64,2294,16,358,802,381,32,89,18,880,518,352,128,289,6,54,23,992,1354,22,86,485,2,274,113,132,21,627,31,100,58,65,524,31,40,571,114,182,4757,74,5,1137,0,639,13,32,19,376,3690,141,48,709,462,957,44,21,15,700,11,57,605,940,125,529,1817,75,2123,44,1401,59,34,34,31,30,5,146,1338,30,14,188,148,1377,2030,387,65,356,1188,191,6717,260,145,15,1288,101,15,222,59,2619,15,14,1104,181,33,8,122,62,260,314,152,12,3,339,159,358,182,14,187,8,3082,9,2170,1464,1372,17,264,1139,464,320,6,50,1127,139,1069,879,1443,6,2,95,10,10,1,25,161,81,29,14,809,107,5,1647,65,157,14,4,116,16,10,4,50,129,325,114,73,998,786,5,23,21,17,87,9,12,1254,18,7,64,59,773,2458,363,33,3772,144,121,1422,978,41,11,25,131,23,899,41,1071,96,228,10,222,370,9,485,11,20,17,70,38,40,290,1398,170,109,299,11,39,272,11677,9,43,581,31,16,3030,38,154,293,4,32,53,17,15,297,10,1064,593,2509,8,174,354,91,37,281,15,373,470,32,119,11,759,31,46,26,10,74,378,73,0,3290,13,246,20,28,877,583,693,104,8,53,269,10,98,1908,20,146,1,44,189,193,290,1088,14,26,189,1780,892,8,227,127,8,42,569,621,642,11,2020,34,141,114,42,9,31,342,627,557,80,162,812,139,191,3044,399,6,38,95,104,230,445,437,268,35,4,4,40,7,47,47,1269,15,2,136,75,5,24,262,595,183,309,123,86,135,21,8,95,106
"ENSG00000112559.15",1865,9,213,174,1162,217,0,38,14,652,54,49,40,181,45,78,106,49,1,180,94,6,637,97,12,13,8,101,17,34,937,136,216,83,33,38,71,32,21,38,21,1072,71,27,115,34,60,180,16,71,30,31,24,21,11,17,23,18,62,25,32,22,4,64,5,82,41,13,91,61,2462,173,76,8,95,13,91,75,1224,36,32,19,325,127,28,73,60,7,251,21,349,10,24,70,30,5,22,65,661,100,126,28,222,14,298,289,48,9,3095,1177,306,66,465,155,40,20,143,8,13,45,0,13,26,25,110,5,127,12,53,143,38,13,20,63,140,17,31,8,26,20,37,335,396,35,228,86,33,477,454,727,1,38,39,37,73,2,8,254,57,128,43,67,49,180,632,102,75,3972,9,69,4,22,24,98,207,22,200,65,1946,7,4,125,9,42,16,121,112,203,25,4,32,217,19,62,20,14,29,13,5,33,31,8,1622,35,18,1,44,60,216,13,164,951,88,42,299,642,8,10,163,116,1,71,37,30,22,11,39,18,39,25,24,32,181,38,29,38,7,18,49,48,274,58,16,26,105,60,2,29,53,12,22,25,11,45,12,52,22,1217,8,38,86,71,106,371,18,117,347,6,23,12,152,24,17,9,131,94,184,10,35,141,14,49,28,36,7,122,14,347,138,152,175,44,198,13,32,162,195,21,93,377,134,656,522,158,4,157,17,44,49,7,16,2361,5,117,63,756,44,1146,389,79,93,1028,10,286,162,39,172,8,10,9,12,46,148,31,15,16,16,77,8,33,11,19,93,1580,4,67,50,494,258,9,31,130,27,62,27,21,357,1602,97,5,8,129,77,539,738,33,17,98,61,64,24,36,71,2209,11,35,1,32,32,36,17,17,13,216,45,9,215,71,7,16,510,6,32,92,31,49,23,585,249,15,32,11,194,3,409,47,29,13,45,474,155,58,56,33,137,31,11,246,61,116,10,12,117,15
"ENSG00000112655.16",2162,39,1318,348,1932,1390,3,57,63,868,5721,280,9175,1590,58,242,286,128,29,433,441,64,584,511,67,66,160,251,246,160,9465,698,303,318,186,220,229,83,94,587,23,2920,488,144,278,40,115,669,133,165,108,438,176,61,64,880,113,1954,129,52,160,90,15,268,33,5392,115,60,250,2135,402,472,200,48,87,32,4835,247,6863,129,99,853,118,356,79,333,165,9,770,41,821,76,259,32,181,27,115,392,2585,526,450,126,1051,103,687,733,246,84,337,3054,820,308,2007,712,1544,65,2191,356,1099,1977,12,58,57,78,201,45,311,15,355,645,163,157,56,271,832,69,143,62,3167,68,88,1611,756,253,637,268,140,231,1053,613,115,160,85,154,282,11,26,972,157,437,186,71,119,879,1587,669,182,1722,418,248,25,75,80,123,252,153,361,337,5081,554,30,1286,106,1151,100,153,551,462,57,177,51,19542,65,287,83,323,114,24,42,2401,90,3492,2239,97,94,16,69,201,424,38,758,1363,88,107,981,4268,35,79,440,334,34,149,545,124,343,90,158,840,70,151,1279,137,658,168,50,225,54,92,87,225,881,269,38,197,575,598,7,131,251,41,125,114,99,107,74,2260,233,653,2910,309,401,268,263,5410,108,766,562,135,135,99,410,96,33,77,286,2217,96,87,53,352,88,46,83,89,64,2419,82,1342,1701,467,1235,205,192,50,571,107,4662,88,277,6568,449,705,4963,172,1229,290,77,199,183,36,147,1443,29,325,250,1195,133,2437,1120,122,679,1487,95,2755,604,1115,342,60,38,79,669,320,261,775,102,173,23,947,5678,43,100,74,340,1600,25,183,172,135,1304,126,136,1312,170,5588,78,102,3116,1837,1172,15,63,292,153,2973,1219,111,21,6110,152,141,52,149,7,32,48,86,41,244,304,107,30,102,82,176,172,13,1057,264,41,524,6562,57,109,1278,194,299,852,4586,1121,75,77,115,495,39,360,2090,54,64,93,1625,928,132,84,144,357,102,35,275,5973,578,68,42,2995,105
"ENSG00000112742.10",43,2,17,61,389,276,162,82,19,192,58,413,821,2098,508,18,77,137,285,108,129,5,42,78,84,164,184,480,49,253,441,374,360,92,27,131,352,24,190,187,4,186,312,45,14,54,14,305,3,20,59,696,80,701,107,142,12,804,910,451,14,330,63,392,17,196,47,24,2061,445,446,80,61,1,41,2,388,93,769,474,773,222,786,45,145,255,68,38,80,7,123,153,173,101,27,5,13,362,278,280,41,16,202,41,141,474,132,7,2332,170,220,28,54,296,124,48,773,97,1079,1536,94,183,16,177,139,2,3,180,394,581,90,9,1281,31,374,5,73,6,916,35,10,652,313,36,84,540,276,344,629,145,15,8,163,257,27,319,51,442,238,177,151,140,490,294,335,567,388,656,681,1473,44,139,126,2309,73,112,132,275,165,178,14,144,87,201,60,48,371,19,142,798,41,1349,452,937,55,355,32,103,39,398,54,892,484,1702,9,140,22,1004,151,346,51,411,766,168,349,195,29,63,154,449,5,170,143,31,12,4,166,1307,15,204,571,126,181,119,27,273,8,54,228,114,36,80,21,63,245,953,131,29,67,129,31,59,34,251,19,213,41,55,39,1244,574,198,1498,959,12,144,192,11,844,5,197,10,701,7,76,578,281,4,27,299,316,442,68,2,107,451,1,67,127,147,49,99,71,53,166,586,2075,61,107,58,218,33,1537,19,342,34,21,82,349,596,95,328,143,119,256,156,2016,245,16,129,213,165,13,890,289,328,15,42,72,7,964,146,39,106,880,21,118,1649,88,103,5,143,51,490,365,291,10,42,407,9,74,629,37,696,29,18,261,285,764,92,353,29,138,597,590,26,66,1006,13,156,190,231,151,128,743,23,348,3,70,261,24,379,92,16,57,103,492,112,328,186,318,49,14,196,161,205,149,544,58,0,102,131,41,9,933,25,413,670,130,39,160,106,32,19,72,66,156,1805,472,45,4,16,676,9
"ENSG00000112818.10",3,1,0,1,112,353,930,61,0,2,244,0,11212,29,1,6,53,1159,0,134,19,3,3,294,12,0,2,364,270,5,15,4,73,43,31,9,61,21,1,0,0,0,189,4,31,30,1,31,3,3,23,230,12,704,2,243,28,978,174,2,3,131,1,2,0,2003,4,0,24,539,4,8,2,0,0,2,0,2,1150,19,20,22,3,2,211,56,2,3,8,1,0,7,950,138,2,0,1,0,4655,12503,2,1,8,0,4,50,7843,2,2397,725,216,25,0,22,1881,252,23,0,84,398,0,37,1,21,6,0,0,346,1171,1,2,1,2859,1,17,1,2288,2,770,1,2,64,112,12,57,4254,56,0,516,0,5,0,0,1,5,1,9,172,4,14,66,2,1,54,10,10,309,98,1710,1857,9,80,6,32,7,3,17,112,5,0,0,74,27,0,2,1,26,14,2,85,0,14,2,10,4,10770,0,7,20,92,2,348,153,5346,0,5983,0,2317,6,17,8,51,37,4529,5162,6,0,0,1271,119,0,0,79,2,2,0,70,2200,156,2,599,16,45,232,17,2,2,3,2,2,29,4,1,2,275,31,100,3,6,0,1,119,0,30,5,20,5,11,1,363,6,0,2079,1671,11,181,274,5,3,4,179,3,1680,6,6,1858,1545,0,46,6,5,1432,52,4,0,1739,0,20,121,17,10,65,15,2,12,342,4064,6,6,1,2,10,768,4,40,2,2,4,101,1,4,77,5,1712,12,2,273,1715,2,44,67,4,1,524,15,40,5,5377,1,0,3,105,3,12,7,6,1,80,61,0,1,1,100,0,72,0,4,6,425,8,4,57,0,2410,1,3,144,6,340,116,9,3,16,431,2,3,414,895,14,73,2,13,30,161,13,0,8839,1,56,10,1,200,2,2,1,1,21,1215,8,81,2862,0,3,760,85,68,18,14554,5,2,4,427,42,0,1,0,1118,653,1,3,7,0,6,1,5,1,15,3,10544,3,0,15,5,9
"ENSG00000112852.7",78,2,103,10,120,54,6,12,2,15,0,1,100,9,5,13,11,4,1,293,12,3,11,4,16,99,0,14,179,8,2,10,13,7,2,2,0,1,10,12,0,30,292,19,10,2,1,17,12,5,3,15,8,2,4,1,4,184,5,1,8,252,1,2,0,416,0,4,2,2,78,13,24,2,5,4,61,10,133,9,13,6,0,4,2,3,10,1,11,2,13,161,149,0,2,5,16,23,39,34,8,23,46,2,8,24,11,0,189,248,9,9,59,10,18,6,451,170,0,31,1,6,3,7,2,4,14,77,67,444,22,1,13,7,7,5,3,3,3,4,1,156,158,6,3,5,2,11,3,208,0,2,2,0,0,1,1,12,22,14,8,0,65,107,6,4,7,9,20,4,443,14,4,35,9,4,15,70,2,33,3,746,3,4,3,1,3,42,130,1,1,469,3,8,3,0,0,2,1,7,1,0,10,6,5,24,5,2,18,1,11,75,16,632,14,12,1,5,19,12,1,10,73,1,6,0,7,6,2,10,1,144,7,5,3,37,1,0,1,6,21,7,5,3,11,18,0,50,9,2,8,8,7,129,1,4,5,11,49,19,6,4,26,61,7,13,6,4,10,2,4,2,1,0,227,14,8,3,4,9,172,6,1,0,1,8,6,11,23,21,12,0,3,13,2,2,12,6,6,111,3,18,333,2,169,2,0,77,3,0,3,576,1,13,318,79,2,74,12,10,416,7,2,3,16,20,4,4,87,2,4,3,5,2,177,3,0,5,6,29,0,1,121,72,9,9,3,4,47,15,5,12,8,6,1,4,89,4,44,0,90,12,5,6,11,1,0,3,14,3,0,4,143,1,906,6,3,7,47,2,1,3,7,0,0,3,7,4,67,1,83,1,2,14,68,8,6,269,14,3,4,2,17,1,5,222,11,64,6,2,23,2,16,11,4,47,28,430,8,5,4,1,106,2
"ENSG00000112936.19",1112,3203,516,3376,19965,6122,14,3356,4660,2212,10541,726,28,87,23,28666,9465,236,2,19793,13859,7829,11140,17126,260,6830,25,1725,65,448,1339,629,878,11586,15530,321,4337,5355,4,208,25,1599,168,206,44721,1888,599,3185,14608,5813,9171,775,13981,62,6,60,5532,102,3136,70,61,46,15,5898,2181,663,2783,557,1852,946,8921,12344,2182,6350,3312,5635,307,3706,217,1040,334,91,145,5350,868,18,1693,5,3237,18,8852,135,82,106,364,1794,6088,1524,3889,5467,3552,27666,2298,525,5130,3728,759,13267,900,53,8118,26373,32602,2143,1767,324,4218,200,14,619,152,281,4174,300,3916,6224,12215,22,6144,10631,5797,10195,98,4441,1412,11229,83,1951,302,2499,7303,19093,1553,17221,42245,1628,147,325,151,723,7928,10484,221,335,19044,0,17,15274,229,1356,624,32,167,5083,287,2979,89,191,133,384,152,106,492,9,5337,2126,6026,30,3677,4,2850,3882,346,764,639,7860,24277,22395,590,482,4460,18,558,2810,31,70,12342,43,2597,104,1752,655,5709,80,13524,184,7987,1454,9686,942,30944,4207,143,63,10210,12772,29,576,3547,117,2267,1770,425,1224,20913,8739,1673,109,110,35,29,683,3985,150,19,1312,4156,250,40,992,52620,3040,851,8944,158,282,10,917,1769,596,4938,65,7402,122,5497,8878,17879,6043,84,131,7045,10288,954,124,21165,1368,987,16323,270,9537,2201,11416,34,12644,3380,159,64,5855,512,918,2247,169,235,11048,172,1277,7930,13161,107,2529,37852,9630,11054,31,794,368,545,1277,3346,3138,12597,237,597,46576,270,2637,2853,512,1291,12,8634,3800,5,5000,9740,174,228,33570,35781,7060,9976,801,11813,132,6102,3077,30140,50,150,6716,92,2511,8551,943,228,17336,121,1904,656,103,4474,277,5722,259,29,8240,1035,622,48,7977,14681,1554,9007,315,2710,13302,905,155,296,9,527,3986,2283,720,2052,2622,46,49,5335,996,13,2765,33,98,475,2449,79,7738,4175,140,128,492,938,4555,22035,13,5872,7286,99,400,352,1131,24461,4084,2486,988,571,290,46180,7322,298,58,11094,14,1920,36384,338,18,4254,35907,12585,3773,101,9672,648,2628,421,14,52,26254,7491,2130,8,5746
"ENSG00000112964.14",156,3902,411,3337,1387,1059,70,11970,2834,2460,938,1052,892,108,161,8295,2042,2941,2115,1875,3184,30173,12629,1873,5348,6243,587,3885,1202,1006,250,532,427,23975,994,666,335,681,661,2006,393,1378,4929,1552,9373,1500,1016,1250,10646,1704,1847,3621,16361,81,2520,4379,4438,1563,6724,4096,1222,3783,1221,1513,9203,3059,6594,1159,3676,3074,1395,1976,2384,12442,1407,7973,1698,1130,217,1846,1216,5995,994,974,5070,4833,763,603,573,174,2691,2022,641,89,322,9572,4445,3925,1328,1332,1983,6000,1105,1826,1774,167,6617,14565,615,1759,721,3791,2297,6396,128,1206,4526,2451,1079,275,513,1682,5636,602,770,10500,3464,995,1438,15671,7047,11240,510,874,847,28919,3175,10359,514,3365,4736,3980,851,18256,1654,1401,300,785,48,5544,12002,2058,2545,2453,3715,637,1875,3800,894,4331,2005,85,1975,2091,44,2834,563,466,11854,12059,2397,1330,714,3224,266,1819,845,234,2164,2390,7696,16361,1978,1226,1465,1343,4888,7637,1387,5194,3331,93,1423,1554,2314,888,8688,298,977,4010,3080,12206,209,14599,7903,1065,3708,15104,1550,12081,3530,418,704,4645,5369,392,212,271,2710,6908,10998,1540,354,2583,5437,6998,2308,2965,552,823,1407,1162,930,1059,732,655,8718,820,1081,1140,4237,724,2433,7206,1806,1038,104,605,3460,3155,1672,950,4857,949,10160,3410,20105,1436,30,3606,4305,23678,1002,280,9167,269,1053,4633,4130,6662,164,4936,45,15911,1447,878,119,5073,2528,3826,3850,182,2627,1873,3059,370,4241,1336,246,876,3687,2369,802,769,1021,92,5056,1777,22826,8371,5647,464,24,3570,528,404,560,2285,1486,159,3556,748,1141,3984,1128,4256,30,582,2013,705,5037,1030,7927,3236,3045,2146,4617,1328,857,11011,60,1040,4433,3805,1448,34555,1118,2703,1082,265,24436,1332,2853,737,4285,2040,1530,536,158,2986,8955,2823,6959,774,892,11053,594,186,511,172,1542,2301,603,810,397,3934,375,664,1583,431,2050,966,171,187,2267,5999,567,2879,10954,5421,4021,5148,8201,907,7752,2225,666,2523,1104,1647,75,4419,8819,1989,805,3425,2570,141,4275,9357,2928,1115,5091,375,687,174,381,584,2101,3262,3791,1867,10980,5526,9144,3406,1177,77,2657,21185,10160,6929,843,6759
"ENSG00000112984.12",207,5,143,144,1048,472,255,120,29,941,81,955,2078,6172,1934,27,152,547,539,169,281,15,130,179,248,248,244,698,107,515,1398,1052,658,101,45,296,197,105,402,390,13,839,1068,55,19,26,74,572,19,54,235,1065,117,1664,557,218,13,1781,682,475,58,710,89,457,18,841,101,40,2129,901,522,244,63,2,72,8,767,135,1682,871,833,280,841,214,474,406,142,228,300,16,400,235,207,77,82,20,45,1181,715,1003,213,30,522,145,426,1118,516,17,3786,649,338,38,167,520,325,100,874,323,1691,1972,112,306,39,468,263,4,13,416,398,379,133,21,2977,72,1148,18,151,12,599,55,11,1270,553,38,165,2502,328,559,900,1265,56,20,1272,480,128,667,161,751,985,509,495,189,1147,282,586,615,1113,1572,1176,2306,194,396,498,3266,102,320,297,570,409,525,28,508,194,634,204,126,597,44,105,1020,36,2768,683,1190,166,802,61,288,47,1128,191,1622,652,2323,0,301,38,1258,267,816,114,385,1385,414,843,630,170,36,232,837,10,202,69,37,28,12,402,2825,30,488,780,207,371,577,38,678,60,160,594,259,92,150,14,116,642,1352,245,164,319,410,25,211,99,966,29,490,108,119,78,1355,701,397,2168,1282,20,321,414,20,898,19,555,23,764,19,99,842,484,12,198,371,813,1111,212,8,30,1064,13,290,134,205,153,83,103,68,294,1768,2117,239,211,136,671,55,3503,19,289,55,81,214,261,902,116,1230,541,1051,632,319,2316,465,69,244,819,494,53,1113,689,876,39,120,82,16,1317,286,96,287,894,43,450,3392,247,506,6,212,109,1270,894,558,25,135,1430,4,63,1960,76,895,76,30,805,1396,1050,313,236,65,283,923,2914,112,188,2150,63,328,405,384,236,276,532,42,917,3,141,618,24,546,352,50,121,95,591,313,455,186,974,293,19,805,286,275,481,1026,162,8,300,324,107,39,2138,85,643,1103,59,122,237,91,72,28,257,210,108,4645,455,113,5,27,1878,26
"ENSG00000113100.10",0,0,0,0,0,0,88,0,0,0,0,27,0,1,20,0,0,2,0,0,0,0,0,0,6,0,0,6,22,2,276,0,8,0,0,0,1,0,142,242,0,0,0,0,0,0,0,16,2,0,0,268,0,277,0,0,1,0,3,0,0,2,0,0,0,0,0,0,0,0,405,0,0,0,0,0,11,0,0,116,195,13,0,0,1,0,0,0,0,0,0,34,0,4,0,0,0,0,307,0,0,0,0,0,0,0,22,0,525,18,0,0,0,0,2,14,0,1,0,0,0,2,0,0,1,0,2,0,1,5,5,0,35,0,0,0,0,0,242,3,0,0,29,0,1,0,0,0,1,1,0,0,0,2,15,0,26,0,169,43,49,0,0,0,0,0,0,0,0,587,0,1,0,0,0,0,9,210,0,0,0,0,0,0,0,0,9,0,0,2,0,0,0,6,0,2,0,0,0,0,11,0,0,20,0,0,0,0,10,0,0,1,0,8,172,0,0,0,96,148,0,2,53,0,0,0,0,0,0,0,0,10,0,0,1,0,0,0,28,16,0,0,1,0,2,0,224,0,0,0,0,0,0,0,0,0,0,0,0,0,77,0,0,598,0,1,1,1,3,0,0,0,214,0,1,0,184,0,0,2,0,22,0,0,0,0,0,0,0,0,0,0,0,92,0,79,3,0,0,0,0,0,2,0,7,0,0,0,7,227,0,0,8,0,0,2,48,0,0,0,0,0,0,0,3,1,0,0,1,0,1,0,7,1,0,0,0,0,0,0,0,0,1,0,71,12,0,0,15,0,0,173,0,773,0,0,0,2,154,0,0,0,0,1,0,0,0,0,0,0,0,48,5,162,1,0,0,0,0,0,335,26,1,0,0,0,0,39,0,0,1,0,0,0,0,0,0,789,0,0,20,0,0,0,0,0,0,219,5,0,0,0,0,0,0,0,72,2,672,0,0,0,0,0
"ENSG00000113249.13",222,3,0,5,13,63,183,0,0,127,6,0,9,1268,7,0,5,0,0,0,6,5,6,4,22,3,0,19,0,14,1,445,19,3,4,45,15,0,0,0,0,9,1,0,2,0,5,5,0,1,0,66,0,8,0,1,1,5,0,4,0,3,0,5,2,5,4,0,7,79,38,19,10,2,0,2,5,2,359,251,56,21,17,8,1,4,0,0,16,0,3,4,7,55,0,0,2,16,440,0,1,0,2,0,16,20,6,0,298,11,10,1,55,3,3,5,18,4,1,37,0,6,9,1,1,0,1,5,34,13,0,2,14,4,138,0,0,3,91,0,1,21,428,0,4,23,15,2,372,2725,2,3,0,3,2,5,0,5,12,7,1,1,82,3,2,10,142,0,37,1,23,12,6,439,51,1,5,2,21,1,0,33,7,26,0,1,0,0,1,16,0,5,33,5,7,8,2,2,17,56,0,15,78,227,0,14,12,3,1,0,9,39,883,31,98,2432,1,0,23,109,1,19,7,11,0,5,1,17,0,3,12,25,5,4,1,0,0,0,20,6,11,7,4,4,360,2,5,1,5,1,0,2,1,1,0,0,1,0,0,61,117,6,2,22,2,13,4,3,36,1,1,1,227,1,9,11,179,0,0,27,25,8,1,1,2,12,2,0,11,4,7,0,2,0,0,1340,9,1,0,131,3,0,6,0,7,4,0,66,2,11,0,0,0,64,24,166,35,14,94,5,2,21,0,1,29,7,11,0,0,1,1,8,18,3,1,1,0,1133,16,10,0,1,9,3,145,4,0,0,121,0,2,2014,1,411,0,4,10,20,6,10,12,0,0,45,2,0,16,9171,0,32,9,0,3,0,6,0,1923,6,0,36,0,141,3,34,3,1,0,30,3,6,878,0,0,6,1,2,30,3,7,0,6,1,2,1,160,31,240,3237,0,13,24,0,2,2,4,0,49,8,7,6,0,0,0,1
"ENSG00000113296.14",42,3,92,114,927,100,1,4576,20,12,202,870,49,40,4,30,3,584,1,22,8,4,35,28,1983,261,17,422,438,20,312,161,26,664,38,50,359,21,1087,1567,8,65,1017,5478,30,93,419,386,17,1135,149,957,6,132,52,214,2659,1236,717,229,744,15,470,147,97,2038,93,1602,649,638,41,190,131,4,255,6,239,54,345,94,1734,195,29,66,272,70,14,186,579,72,74,317,57,10,771,5,260,3006,63,4,161,14,3,807,74,480,1728,7,1096,76,23,6,908,97,329,745,659,284,56,121,619,90,189,319,53,3,31,68,506,38,19,10,86,92,70,2,1062,9,447,652,3,159,64,14,43,142,19,9,293,185,26,9,160,261,194,492,21,6996,154,59,532,38,218,47,39,71,28,1124,1565,347,86,108,148,822,87,39,141,1302,18,178,2,537,634,218,1237,46,1133,270,172,294,167,20,167,33,140,116,6,24,960,1253,811,882,1902,803,14,437,486,134,41,234,73,40,130,227,214,107,239,171,273,221,12,1265,106,1207,7,9,706,166,5,57,11,1227,14,678,586,327,1,523,655,530,52,22,1402,674,90,26,22,69,927,233,86,103,8,141,4,315,7,29,920,2028,1143,125,40,886,2,30,28,17,793,2,32,0,4907,2,1818,1279,40,3,1096,0,302,146,119,11,1131,21017,8,11,158,183,18,345,31,355,107,485,233,446,1819,115,69,66,533,14,74,89,56,1070,32,274,471,2310,2135,92,410,11,277,260,330,153,83,35,2,252,318,361,27,5032,11,5,1933,3,11,32,697,13,64,89,366,558,6,548,139,19,70,392,912,92,133,1,6,29,813,9884,319,9,383,69,1309,593,3813,1472,75,151,75,396,7,14236,1424,19,34,298,16,32,92,32,323,5,7258,1496,164,929,38,13,13,35,10,38,176,1696,109,315,3,412,244,187,460,866,156,12,497,30,94,194,15,268,44,68,355,1172,57,62,846,281,57,433,141,88,132,15,7,114,763,16
"ENSG00000113303.12",6,0,0,10,56,5,2,5,2,18,6,3,10,54,4,51,732,32,0,3,50,14,54,293,12,1,2,238,13,361,649,174,4,105,36,6,41,606,1,1,3,3,26,40,33,118,0,25,12,0,5,230,15,7,2438,18,6,68,2072,84,2,95,8,3,14,614,7,6,772,1091,3,107,2,8,5,17,802,407,7,181,82,31,4,107,117,0,39,3,3,0,68,5,1,283,41,4,3,2,3,599,455,9,439,0,346,0,6,8,424,3,817,84,1,2,2,406,33,21,10,4,1,16,4,205,54,15,15,2,2,24,69,9,56,29,4029,1,84,2,23,3,15,33,422,61,2109,15341,2265,0,3,1,13,15,7,3,7,0,0,3,5,4,12,7,301,1576,37,7,45,6,1697,4542,3053,306,26,2,29,25,37,9,15,2,9,2,1,2,3,10,22,472,13,30,20,17,12,16,6,17,12,2886,1,868,0,1931,1,163,36,2712,7,5162,60,61,43,21,6,1262,34,88,16,3,7,12,5,2,3,458,9,10,13,91,2340,11,9,11,225,1,2,8,11,3,3,10,32,218,4,204,465,28,2,2,5,4,6,115,0,1946,10,36,7,264,40,313,191,2475,1018,1,18,129,39,7,28,26,19,13,3,13,403,1,70,14,75,33,23,16,2,9,5,8,4,1070,13,1521,19,1124,105,1,6,28,779,9,1,15,281,96,4,30,21,59,0,33,332,0,8,255,1,3152,154,3,278,1,2,42,352,4,3,938,106,2,17,20,2,12,188,8,52,16,11,11,1,3666,3,3,11,8,2323,3,1021,272,6,9,3,6,9,12,17,10,35,28,0,3,4,28,32,7,10,43,4,2,53,8,8,188,168,0,318,7,13,4,29,73,2,23,1,188,2,264,119,117,26,34,3,44,50,6,24,80,294,5,1571,26,90,9,34,60,552,2,27,5,297,1,34,5,3,7,0,3,1058,3001,43,3,45,14,11,27,3519,12
"ENSG00000113327.17",5,0,1,0,0,0,0,2,0,2,0,1,3,1,29,0,0,0,0,0,0,0,19,0,1,89,0,0,0,201,21,0,0,0,35,0,0,0,0,0,0,0,1,1,1,0,0,1,1,1,0,4,0,0,1,0,0,0,0,1,0,0,1,1,5,1,0,0,0,0,1,0,77,0,0,0,0,0,16,27,33,0,0,0,1,0,0,0,0,6,0,225,51,3,0,0,0,287,9,0,0,0,0,0,0,0,1,0,16,2,0,0,0,0,0,117,0,0,212,285,3,9,0,1,13,0,0,4,0,464,4,0,105,0,0,0,0,0,13,64,0,0,86,1,0,17,13,0,0,1,0,0,0,206,0,0,5,0,123,8,0,0,0,0,0,10,69,0,0,15,0,28,0,480,0,79,0,24,0,3,0,49,0,0,0,0,10,0,0,65,0,0,1,1,32,75,1,4,0,1,0,0,0,2,0,144,0,0,0,0,0,0,0,40,296,90,1,0,0,0,0,47,0,0,0,0,0,0,0,1,0,21,0,0,0,119,0,0,0,18,0,2,0,0,18,52,18,0,0,7,4,2,0,33,0,0,0,0,0,8,42,0,0,239,0,0,0,0,1,0,2,0,100,0,0,0,18,0,0,27,122,89,50,2,0,0,1,1,1,0,0,0,0,16,0,17,11,0,2,7,0,12,40,0,4,0,0,0,106,2,0,0,3,0,0,13,6,1,0,80,0,1,0,0,0,2,1,0,7,0,5,0,2,0,1,0,0,0,1,0,0,0,1,1,0,124,3,0,1,0,0,0,1,158,2,0,0,0,0,0,2,0,1,0,1,0,13,0,0,19,1,1,1,3,4,0,2,4,0,179,1,0,0,0,0,9,0,54,4,0,0,0,0,0,1,0,110,229,0,0,0,0,0,1,2,1,52,264,0,0,1,0,0,0,0,0,1,0,8,1,0,0,0,0
"ENSG00000113396.13",0,0,0,0,2,0,0,0,2,2,0,0,1,0,0,4,17,5,0,0,0,2,1,0,0,0,0,2,0,0,0,0,0,0,0,1,0,1,0,0,0,0,0,0,0,0,0,0,4,0,0,0,3,3,0,0,0,0,0,0,0,12,0,1,0,0,0,0,0,0,0,0,0,5,0,0,1,0,16,3,20,0,0,0,0,0,0,0,0,0,0,7,0,0,0,3,0,0,0,1,0,0,0,0,0,1,0,2,114,0,0,0,0,0,0,0,0,0,0,0,1,0,0,0,0,0,0,0,1,2,1,1,3,0,0,2,0,0,0,0,4,0,2,1,0,0,0,0,0,0,6,4,0,0,0,0,0,2,0,3,2,0,0,0,1,2,0,0,1,1,0,0,0,12,0,0,0,1,0,0,1,0,0,0,0,0,1,0,0,0,0,0,0,0,0,0,2,0,0,0,0,0,0,6,2,0,1,0,0,0,0,0,0,0,1,0,0,0,0,0,0,0,0,0,0,1,1,1,0,1,0,0,0,0,1,0,6,2,0,0,1,0,0,0,0,0,0,0,2,4,0,0,1,0,9,0,2,0,0,12,0,0,0,0,1,0,0,2,2,1,0,1,0,1,0,0,0,5,0,0,1,1,0,1,0,2,1,0,1,0,0,0,0,0,0,1,0,1,0,0,0,0,9,9,4,0,0,0,0,0,0,0,0,0,0,0,0,6,0,0,0,0,0,0,0,0,1,8,0,2,0,0,1,0,0,1,0,0,1,1,0,0,0,1,0,0,0,0,0,2,12,0,0,0,0,0,0,2,0,0,0,0,0,0,4,0,0,1,0,0,0,0,0,0,9,0,0,6,0,2,0,0,0,0,18,1,0,0,0,0,0,0,0,2,0,0,2,16,2,5,0,0,1,0,3,2,0,0,0,0,2,0,0,0,0,0,0,71,0,0,1,0,0,3
"ENSG00000113594.10",172,414,642,229,422,568,25,865,214,496,600,215,50,3145,269,2180,584,523,30,1004,1226,3696,968,736,747,473,73,140,111,37,46,649,237,2195,562,751,471,380,41,86,33,881,717,1050,5543,52,81,136,2365,161,506,732,4090,461,189,22,1458,1427,222,24,133,353,136,653,901,612,225,450,412,159,701,461,393,1281,113,3055,509,139,227,331,449,223,89,311,50,157,81,117,658,72,398,163,727,22,524,1780,1330,657,1102,361,257,10837,1174,252,245,419,1791,2937,1543,424,873,3820,1491,179,577,74,403,1073,110,556,183,58,181,58,190,3599,1298,4,525,4394,959,4295,33,221,579,4359,295,2723,534,140,1612,860,221,7548,1754,951,78,25,92,167,3065,1306,299,97,2202,154,76,1389,129,138,225,28,94,320,36,519,289,54,144,1895,40,22,916,1432,191,466,374,589,1437,1126,2067,383,416,99,210,414,1287,1375,80,95,348,525,614,128,233,22,2393,140,225,1043,66,411,257,657,2002,382,334,213,433,261,1575,287,101,777,2213,164,46,130,279,67,853,147,36,75,3274,2426,1166,1333,75,92,61,109,356,163,61,403,1847,235,19,360,2800,335,921,873,445,1033,55,65,1082,281,346,134,1457,139,2878,868,3909,100,187,694,1187,511,2355,934,5896,111,213,4578,334,2005,237,2036,547,3678,207,677,97,951,241,30,372,229,54,1087,489,393,1789,478,114,599,3639,565,509,34,109,267,870,533,1164,2640,1704,135,175,8952,370,313,151,305,94,36,1300,78,568,788,649,754,71,2210,1462,280,608,951,2309,1570,390,136,3127,231,113,1507,172,339,695,442,1226,5598,14,3517,279,170,2377,252,697,188,316,391,157,30,109,2813,2641,583,953,37,267,5898,136,1264,290,8,1668,398,365,96,3249,366,55,1637,287,113,100,555,165,34,515,236,140,1902,932,346,26,184,497,194,2827,152,428,643,388,38,228,322,1844,210,99,380,1349,930,3788,1358,94,12,747,237,626,1174,465,181,210,2670,1196,286,142,1140,55,211,194,2814,376,6489,1755,1106,330,2023
"ENSG00000113600.11",29,36711,62,33385,572,15696,2627,4,81673,4028,7,84,241,182,273,44445,2,4134,0,6392,9168,70669,79,329,13277,10284,10198,14137,108,1873,267,138,27315,20114,13172,1,19460,19921,65,24,11094,39,12555,481,62097,2772,41108,16721,52191,19746,1510,2990,62923,823,0,1341,141230,327,1601,3518,10,24625,1,11638,72172,340,53534,55,5310,505,8057,54825,42068,56027,1383,63035,213,1231,2779,5433,114,8656,201,3530,6123,9,26884,309,6133,20208,38226,12183,165,259,39,33303,117808,99790,3078,1493,26092,24749,1497,0,87140,117,1320,47022,748,1453,105,71187,24437,4416,354,6210,2442,454,2175,6864,13952,13768,11348,3,59243,72229,31676,307,75,828,53042,132996,3365,26870,37271,39818,4,101957,3,236,26064,369,3769,57965,437,405,186,233,1277,18,60286,41366,8723,1191,48067,50,231259,42583,144,12885,8064,28341,83108,859,349,2360,30426,465,21643,29308,996,14854,22562,381,30465,8879,30030,2,20947,36773,42903,16,12159,8721,1157,39145,1776,10855,36078,827,881,13,5,7871,20642,1,53726,33043,60,40,27,6934,2736,2174,60776,6068,13384,202,15205,1765,14800,690,4703,54080,3050,3,3,49651,24097,23366,80888,16044,9895,40789,29692,43802,3666,1268,5319,2411,11,20410,8752,10230,30,19619,51458,782,19958,72393,17,37077,565,122,124,1484,16210,34172,2989,7301,7009,104,82175,1719,33905,10253,51191,5,204,6728,4524,19948,2128,3933,145317,982,543,66509,2983,40095,36287,64000,1017,140810,47157,1420,5423,15860,111,195,1156,21535,5467,44737,4,4040,49168,6597,13371,43304,48779,4330,102,72,831,3931,123,4876,13,5,9697,28,55,66230,32855,46561,44138,20701,276,183,4,142,12,27544,417,29,8,9,22508,20556,252,7750,56774,25,103899,371,45902,2,24600,88539,14,8443,59708,2194,7,81307,421,2966,18,15954,57045,88367,56594,3232,14323,4734,967,10,1449,48465,132136,5160,8390,1323,2,128325,93,277,7130,33,80685,52984,24349,523,3076,1908,1485,585,10184,10047,44375,30689,16167,1058,3754,2507,1246,49131,17,1668,15258,16305,16699,31731,43584,28206,519,182,27118,140,12753,21,20511,167,10,4670,7592,1953,10886,92479,9677,148,97,36,3358,5,9457,14306,19023,24787,31931,11503,47338,98291,193,5,10152,0,19,55836,73653,56,37,70220
"ENSG00000113763.12",109,3,90,3,57,2,2,41,20,733,4,2,4,40,11,7,5,8,2,9,17,5,5,4,11,4,2,10,0,17,34,196,11,8,8,68,18,152,1,22,2,28,8,11,12,1,44,28,6,7,1,24,9,7,7,12,13,8,9,16,10,4,11,8,1,24,14,9,5,20,6,31,10,2,1,1,11,1,2,5,33,4,149,20,3,23,1,0,115,9,97,3,7,3,6,5,25,45,3,33,44,0,67,11,27,64,2,3,56,1,14,22,36,15,100,6,63,26,7,13,1,13,0,10,12,2,14,7,17,23,8,10,12,7,16,1,25,2,88,21,5,68,125,5,33,21,10,16,45,223,3,13,56,9,2,2,6,19,16,17,15,32,10,15,4,15,46,17,28,25,12,9,21,14,11,3,4,6,254,25,1,36,38,42,2,5,24,53,19,6,2,126,12,18,9,15,2,44,5,126,5,13,20,6,0,1,5,3,10,6,36,5,8,9,18,2619,12,16,5,71,1,7,0,9,21,8,2,14,0,53,2,12,58,25,21,14,0,2,1,4,143,8,3,115,33,13,1,48,48,5,1,13,5,5,4,15,3,42,13,9,28,42,11,1,3,19,2,2,32,7,8,5,17,3,4,9,15,1,230,15,1,23,4,1,4,18,2,21,1,6,28,3,1,8,423,20,19,12,40,2262,3,95,34,2,0,7,19,15,19,4,5,61,1,34,21,1734,14,98,69,7,62,2137,4,40,4,67,9,0,8,0,2,2,6,81,15,10,9,27,11,8,4,11,12,31,3,18,18,54,12,1,3,28,15,15,1,2,26,1050,8,2,12,171,12,14,25,3,7,20,34,2,19,6,4,22,6,0,2,19,13,20,4,9,3,7,2,0,21,3,3,1,14,50,6,21,5,21,5,23,44,1,4,4,129,0,12,7,11,3,3,42,18,1,5,11,10,6,6,14,182,6,3,2,13,2
"ENSG00000114113.6",5,2,0,0,3,3,47,0,2,4,46,489,5,2,3,1,0,2,44,1,2,0,1,1,3,3,0,2,41,15,26,2,1,2,1,0,9,2,0,3,0,3,16,2,5,1,87,5,3,80,1,2,13,176,34,1,3,1935,0,0,0,0,0,0,0,21,0,4,4,1,6,93,2,1,1,2,2,0,988,14,10,1,0,72,2,1,16,32,1,0,7,20,3,29,1,1,1,2,35,2,3,1,2,2,0,57,110,1,1525,3,135,3,6,0,380,1,5,19,3,39,0,1,0,3,55,0,6,4,3,5,3,0,59,1,3,1,1,0,34,0,2,2,37,4,14,2,5,0,110,3,2,1,1,4,1,1,0,3,9,0,0,0,95,9,3,4,16,0,2,14,1,1,3,5,1,2,3,147,4,3,1,2,0,5,2,1,1,0,3,0,2,1,3,3,1,3,0,28,1,0,0,0,1,42,0,4,2,1,1,1,7,6,1,2,11,1,3,1,25,103,1,0,32,2,7,1,2,1,6,36,0,2,101,16,0,14,0,2,1,2,53,0,1,3,10,3,373,0,34,1,0,0,0,8,1,0,0,0,4,13,4,83,7,10,0,3,2,5,4,2,4,2,442,1,0,613,26,0,0,3,6,427,0,0,1,414,0,3,21,5,22,0,1,0,1,31,5,0,0,4,2,4,4,0,43,0,1,0,3,98,3,11,2,4,0,2,337,0,4,21,3,4,0,9,10,0,10,6,4,0,30,4,23,0,4,4,2,4,45,0,1,4,17,1,16,1,0,50,6,0,1,6,3,176,1,4,1,0,14,0,1,0,5,8,6,0,0,215,0,0,0,5,16,1,1,1,18,17,2,4,0,3,0,0,10,0,20,68,0,3,2179,2,1,13,63,2,5,7899,25,2,2,0,15,0,0,0,1,42,0,4,0,0,2,1,2,0,3,0,93,11,1,1,5,1
"ENSG00000114204.15",0,0,227,0,3,0,2,0,0,0,0,0,1,7,0,1,1,2,0,2,3,0,1,1,0,1,0,0,0,1,1,0,1,0,0,0,2,0,0,0,0,1,0,0,0,0,0,0,0,0,0,0,0,1,0,0,0,2,0,0,0,0,0,0,0,1,5,0,2,0,7,2,0,0,0,1,1,0,1,9,8,1,0,0,0,1,0,5,1,0,0,17,1,0,0,0,0,0,0,0,2,0,0,0,0,3,0,0,27,1,1,0,2,0,0,0,0,0,0,4,0,0,0,0,0,0,0,1,3,1,0,0,2,0,0,0,0,0,1,0,0,2,4,0,1,1,5,0,3,0,0,0,0,29,0,0,0,0,1,0,3,0,6,0,0,1,0,1,0,0,0,0,3,2,0,0,0,3,1,3,0,2,0,0,0,0,2,0,0,0,0,1,0,0,0,0,0,0,0,0,1,0,0,109,0,4,0,1,0,0,0,0,0,0,1,1,0,0,2,3,2,1,1,0,0,0,0,4,0,1,1,0,0,0,0,0,0,0,0,1,0,2,0,0,1,4,0,0,0,0,0,1,0,28,0,0,0,0,0,1,3,1,0,6,0,0,0,0,1,0,0,0,0,0,0,2,8,0,0,8,1,0,2,0,0,3,0,0,1,2,5,0,0,0,0,0,13,0,0,1,0,0,359,0,1,1,0,0,1,0,1,0,0,3,0,0,12,0,0,0,0,0,0,0,1,0,0,0,1,0,0,0,2,0,0,0,0,0,0,0,0,0,0,0,0,0,0,0,0,0,0,2,0,4,0,0,0,0,2,0,0,0,0,1,1,0,9,2,0,0,0,0,0,0,1,0,0,0,0,0,0,0,0,0,0,0,1,1,1,0,0,0,0,1,1,0,5,4,2,0,1,0,2,0,0,2,1,3,0,0,1,0,0,0,0,0,5,16,0,0,0,1,1,0
"ENSG00000114270.17",2075,16,19,98,785,62,405,129,77,738,350,1141,199,1030,1858,58,128,240,2970,113,125,63,135,98,78,93,164,109,80,409,557,91,166,62,42,48,1826,56,75,86,65,870,74,1889,84,158,252,59,42,87,121,222,40,662,1321,46,149,156,1660,43,40291,93,876,111,266,73,265,8262,56,111,159,119,30,29,203,67,1016,230,338,696,3110,28,1388,73,59,60,44,6053,1319,67,161,234,63,935,8306,35,4138,895,304,89,68,170,143,2023,157,202,69,83,5783,120,248,1499,263,183,115,69,277,11724,58,2083,1595,399,67,257,83,104,102,172,383,137,82,17,230,50,85,55,91,14,1499,15,7,651,1229,59,84,290,262,67,346,1385,81,2887,10124,368,1194,232,325,237,205,322,236,256,335,175,157,212,200,1652,212,155,284,77,527,185,70,181,494,1138,1800,453,20,156,160,282,3496,39,223,47,1000,203,113,25126,552,550,61,79,112,430,22,129,12,260,393,662,10,229,82,114,151,84,234,474,61,57,298,161,5209,44,161,679,31,31,94,346,56,30,10864,108,11,357,836,239,145,4136,10859,491,28,4069,24,324,153,322,8029,151,566,71,278,184,1433,935,84,11,28,37,32,141,45,150,1433,93,82,40,146,353,42,110,464,34,829,52,78,20,976,12,229,174,422,10,8457,162,85,407,354,81,6192,86,19,97,104,142,324,62,48,269,2287,342,157,1395,1425,461,165,129,2942,59,44,87,63,73,76,50,808,120,84,86,316,5150,16,171,57,224,53,509,41,601,91,244,94,3205,786,20,2072,59,208,486,2647,52,3655,161,156,153,33,1314,59,2573,108,20,356,517,847,28,61,7799,56,348,705,83,75,6545,229,40,1919,103,26421,282,265,194,619,643,8409,29,189,1482,52,639,1223,64,375,114,263,278,314,97,178,25,39,56,118,103,281,53,923,3786,16,364,126,91,311,1568,1170,44,57,38,161,1477,170,24,414,181,17,97,632,65,72,75,47,3,195,716,195,86,48,195,1974,90
"ENSG00000114346.14",493,14,43,267,1102,433,151,281,126,1509,181,944,1212,5369,655,106,131,710,691,242,596,71,484,342,272,450,172,1377,100,1572,811,904,710,766,319,1774,717,157,551,582,25,3189,1080,119,138,100,104,584,128,133,147,3429,291,657,423,414,225,620,865,1035,82,899,147,566,50,619,215,93,2445,1123,1727,281,179,36,94,28,1399,169,1355,900,623,1068,1708,196,1083,381,95,118,212,19,530,573,230,198,54,35,149,1203,320,1615,268,102,1446,129,294,665,696,86,3863,539,414,138,494,1458,482,220,2997,255,1273,2249,207,415,242,355,246,100,100,279,2047,2426,254,56,1232,105,910,82,155,59,1001,118,41,1625,1069,173,386,2007,878,623,1008,2247,73,48,895,573,150,709,196,1283,402,696,506,144,1058,445,367,1024,976,872,1638,5126,171,249,794,3355,172,294,169,424,4069,450,53,353,720,1181,181,210,1607,107,313,2392,116,2164,925,1579,258,427,80,157,156,965,327,1645,915,2826,28,428,116,1986,216,1004,140,471,1234,496,864,2225,52,108,511,999,24,463,291,111,107,64,353,2728,36,368,1196,383,593,388,21,622,86,140,434,351,259,218,58,116,2079,2580,282,72,196,234,66,247,88,2214,49,442,158,301,224,3210,1483,506,3471,989,163,378,882,55,1448,76,678,57,798,108,163,818,456,24,128,679,1650,264,153,42,253,566,42,186,113,543,323,277,221,75,191,1005,5899,255,523,1146,1228,64,2009,64,480,114,123,213,484,935,272,880,459,321,667,2837,2567,928,153,211,1516,1509,76,1387,584,378,236,397,110,76,1457,235,242,395,2165,153,302,3698,210,112,41,412,314,660,1477,709,40,78,644,53,366,1727,219,2312,124,159,975,3285,1423,232,567,98,222,884,4822,170,107,1646,88,275,690,449,154,144,1464,56,1501,84,437,1664,93,715,196,52,249,263,508,306,615,1064,557,282,80,1049,169,539,563,1073,325,63,306,178,227,65,1287,292,1041,1159,146,300,526,241,223,132,670,503,252,3736,443,324,49,168,1574,96
"ENSG00000114631.11",2477,50,674,29,892,10,19,496,3,402,41,13,180,24,18,88,6,4389,3,79,227,143,5668,549,710,25,490,11,85,25,454,17,13,45,2036,35,31,10,11,11,21,1067,15,6,58,9,9,28,78,17,10,870,94,75,6,412,471,8,815,3,17,110,4,203,2,8,6,7,39,131,1847,77,21,121,9,66,379,30,891,46,251,7,1607,723,1885,683,10,4,87,20,2152,1685,9,93,4640,22,688,38,17,40,201,158,3635,4,362,556,6,94,2989,9,1270,35,72,20,601,16,74,4,3129,1163,3,4,23,23,28,160,120,10,251,42,71,83,324,40,1324,74,143,46,1535,8,13,1037,62,160,319,8,15,10676,576,596,86,45,13,712,12,2,1,180,14,27,14,494,13,120,1364,128,43,5562,752,11,6,9,3,10,44,86,36,153,1633,11,29,1207,6,234,15,15,46,2734,2105,54,3,62,773,784,1582,10,39,11,8,132,15,120,1506,16,36,74,12,10,452,4,461,1245,281,20,238,22,8,5,826,10,102,11,512,6,22,102,16,6,6,5,20,12,46,53,3,21,69,12,3,10,604,29,13,589,14,4609,1,83,16,5,8,9,72,15,75,26,66,4437,48,299,52,21,2266,1948,44,29,290,32,11,71,22,21,738,34,24,97,105,98,1103,66,9,15,169,80,1863,1076,48,186,469,2642,105,12,54,14,955,2551,11,1389,1407,41,273,349,6086,126,443,25,3,12,21,834,12,22,20,988,151,236,14,710,205,14,41,2391,224,3655,45,1067,70,13,8,48,6,33,48,80,74,149,11,347,6,36,338,14,34,27,110,76,21,29,2700,46,101,20,8,1485,2,83,239,421,3593,736,10,73,40,3961,33,8,14,684,17,17,47,11,54,141,2251,37,3656,92,2630,18,3810,5396,6,272,150,6,637,23,114,256,394,7,82,63,16,30,1263,982,190,134,7,324,51,3,23,788,732,21,33,114,52,14,9,134,10,5,791,565,7,150,39,3,1696,85
"ENSG00000114646.10",37,2,56,19,55,15,5,41,52,98,52,600,129,77,14,10,47,200,89,11,33,12,59,19,68,57,46,95,8,140,47,139,68,126,60,78,24,26,70,61,15,35,45,180,17,35,11,101,13,9,19,196,25,31,143,114,11,15,42,190,80,171,7,81,20,18,6,30,37,26,26,10,6,1,28,7,142,11,198,55,141,174,192,53,314,40,6,82,24,0,300,692,13,44,43,12,23,243,115,28,4,19,181,9,59,44,66,10,260,88,38,5,4,187,120,45,120,60,243,96,56,53,4,26,21,12,18,17,18,28,55,8,63,7,435,3,34,5,179,12,8,224,27,23,11,848,114,39,36,28,7,4,93,91,21,23,21,50,124,127,68,93,201,55,20,56,24,272,175,274,187,8,34,32,43,40,26,7,51,55,2,121,193,172,64,34,9,21,20,124,6,78,26,514,43,181,16,39,13,289,14,91,38,136,4,23,2,69,24,17,35,114,80,49,30,142,171,13,42,46,7,32,93,36,14,5,32,27,38,26,146,25,33,210,36,146,10,10,20,141,13,17,26,23,110,88,15,26,16,15,19,70,15,1,9,115,29,59,40,62,35,41,78,47,11,19,13,6,45,8,33,3,4,12,22,9,15,7,56,110,54,26,11,4,67,4,0,41,9,79,18,56,30,3,716,68,213,10,35,15,128,7,1039,4,142,9,5,14,118,458,35,55,137,172,29,22,227,7,2,24,14,36,3,75,23,245,13,191,13,14,433,14,14,73,244,31,88,266,43,32,14,19,21,91,89,76,21,18,24,6,7,532,7,118,7,14,106,92,64,7,7,11,31,310,15,12,0,33,15,51,313,45,8,24,308,14,64,5,9,12,42,175,18,5,17,44,131,139,132,122,54,18,7,47,30,31,66,128,16,6,13,24,31,13,24,39,81,7,13,7,31,17,37,9,31,9,194,224,457,22,6,18,384,13
"ENSG00000114812.13",13,440,76,18,52,70,3,376,107,119,211,138,9,27,27,872,291,146,5,230,758,1409,56,204,205,121,38,21,19,19,6,10,18,417,179,12,227,172,101,47,5,32,37,287,1303,8,44,29,1349,101,269,14,1132,6,59,15,462,29,76,20,116,24,12,918,302,108,185,281,59,36,197,81,19,401,246,1574,2,85,23,37,108,43,27,62,85,54,18,113,63,10,174,405,15,47,111,868,515,240,11,78,73,1488,6,595,26,27,138,1053,8,35,90,2293,24,41,28,90,39,50,101,17,62,183,123,165,28,512,398,23,285,190,298,1672,8,30,45,1513,13,1279,9,309,511,78,52,2187,293,35,18,10,10,69,1508,930,524,505,327,16,8,516,159,239,126,7,25,36,25,135,13,141,33,28,60,14,29,32,25,36,113,17,666,21,350,20,6,93,113,78,328,700,249,346,110,2,10,59,50,35,1357,50,54,53,188,33,20,39,987,29,165,191,294,56,623,116,329,79,249,14,59,22,79,83,667,127,9,44,1208,580,203,5,7,9,21,39,26,32,80,46,1053,73,20,19,206,74,150,202,10,18,13,113,267,20,304,17,1147,11,1226,303,1726,54,36,328,316,138,11,9,1462,13,91,1719,69,645,33,503,6,968,8,70,13,739,119,119,188,29,22,462,49,65,681,116,12,49,780,144,54,78,22,23,247,96,268,8,188,26,3,2306,9,32,28,59,118,9,41,13,129,187,280,3,19,236,33,37,33,44,1643,62,38,74,949,147,10,629,118,128,237,184,73,1956,33,20,31,90,1016,65,24,35,9,123,603,26,17,1661,1135,135,209,12,159,998,11,16,20,37,86,207,126,15,262,81,4,24,184,22,33,41,2,27,520,171,39,755,293,120,119,63,176,32,798,15,119,125,21,20,13,193,867,100,26,21,217,26,1035,379,30,42,123,118,119,274,2,17,158,81,111,152,61,484,19,79,60,5,141,2877,1492,413,42,764
"ENSG00000114854.8",5,11,75,15,74,142,1042,12,19,29,46,169,47,1474,17,19,39,9,20,65,24,12,3,17,22,22,18,21,725,109,1495,5,18,20,5,7,11,6,127,87,24,9,446,11,11,39,10,21,19,24,4,9,13,1090,2,25,26,271,61,4,63,13,13,16,5,157,8,18,3,21,398,21,3,12,28,10,49,27,1510,44,115,13,11,72,15,2,9,16,6,283,41,27,445,85,10,6,20,34,1002,40,17,17,52,7,13,5,205,11,170,484,28,13,1,6,1515,13,8,31,187,360,5,19,6,47,11,8,19,10,183,14,13,7,15,4,6,8,13,20,137,5,6,74,7,12,87,18,778,23,677,7,7,24,27,15,16,4,4,64,15,21,223,92,15,872,185,14,27,185,9,12,46,14,1311,8,48,259,288,1204,104,601,9,1,3,5,34,10,27,13,28,12,14,9,12,17,3,6,13,70,2,26,15,17,367,12,11,36,3,115,43,32,14,23,35,14,55,22,26,34,19,381,12,12,132,6,13,12,21,17,3,7,45,28,17,23,43,84,17,7,5,30,2,45,38,7,439,14,135,13,35,16,20,18,7,12,10,8,16,117,282,65,17,51,7,140,3,1918,243,5,26,14,26,13,49,3,26,13,194,13,28,10,21,543,14,18,16,601,3,18,4344,14,16,7,385,23,47,33,4,10,28,12,352,13,7,22,43,9,8,16,34,663,28,323,57,13,8,4,613,496,11,597,1341,7,8,9,5,26,17,64,34,13,14,136,13,10,17,11,71,22,1005,1,29,13,3,482,24,15,45,20,6,17,8,26,13,4735,12,28,54,6,45,6,58,144,8,28,17,16,27,95,151,41,10,19,13,2211,61,20,4,14,35,8,46,12,18,16,10,30,83,49,1,1,1090,15,7,256,450,112,16,231,60,9,13,10,56,9,10,72,7,51,29,1,11,33,12,11,21,4,27,6,11,14,22,23,123,20
"ENSG00000114923.17",1198,0,1919,25,339,35,3,12,8,3832,10,2,20,21,99,33,39,10,1,67,50,6,3702,48,7,35,36,6,8,11,47,290,31,29,6,42,14,3,0,4,6,1194,23,15,53,13,25,11,6,22,1,17,37,5,2,7,16,5,8,7,8,133,0,14,8,79,30,1,5,19,59,68,4,7,6,9,1422,83,37,15,13,11,145,181,5,64,3,1,108,4,151,27,5,86,2,2,10,25,56,26,70,5,265,0,43,477,0,9,1457,51,214,55,69,17,10,1,191,2,2,43,0,2,4,19,15,1,88,5,176,659,11,9,15,9,236,17,17,1,68,1,19,546,426,55,131,29,54,118,114,1852,7,16,2,21,13,2,1,20,5,20,5,103,34,62,330,63,340,517,2,10,41,3,9,17,12,9,23,123,1524,4,1,200,6,6,2,20,32,4,5,2,5,387,120,54,10,0,20,13,0,206,2,1,294,10,5,3,21,6,69,3,179,107,12,2,61,166,10,2,52,7,3,94,6,212,49,13,2,10,12,11,2479,13,37,9,5,14,6,7,4,15,533,23,3,141,383,31,0,10,7,4,12,8,4,9,12,48,5,195,4,2,9,4,24,10,7,136,429,10,32,17,13,20,4,6,12,6,2,5,14,88,1,16,0,9,9,38,2,117,29,24,295,13,171,3,13,19,45,4,60,2280,20,1171,266,15,4,13,3,18,19,1,7,491,2,612,49,198,6,170,56,93,41,1750,9,21,18,54,152,5,5,8,8,46,22,20,32,12,4,0,11,28,10,7,46,1432,9,8,0,671,24,6,3,1011,9,12,6,15,191,5451,14,17,5,31,14,81,3019,8,3,24,4,6,33,6,5,13,100,5,3,115,11,13,9,7,14,65,38,4,47,16,7,1,61,1,13,87,75,19,26,14,147,3,13,3,497,2,146,1029,5,32,2,52,54,10,20,6,2,9,7,964,17,235,11,6,12,22
"ENSG00000114948.13",46,1,4,32,118,490,0,13,17,63,25,12,32,1817,8,32,52,16,1,41,51,6,47,50,236,69,1,93,5,29,29,42,31,32,64,36,67,5,1,1,53,79,21,5,51,6,4,36,5,10,30,24,14,64,1,16,14,190,43,46,2,85,0,76,64,20,13,7,4,13,41,265,10,1,13,17,22,18,505,778,44,439,7,737,154,7,11,1,152,1,606,50,0,8,3,8,5,2422,552,58,24,9,45,2,38,45,8,11,1118,8,80,131,181,79,17,56,40,543,17,1468,0,142,16,11,192,9,40,10,28,14,31,26,3425,19,275,4,6,9,15,4,12,76,58,23,143,24,24,8,22,26,6,10,4,126,34,1,5,112,7,66,49,6,43,59,10,51,219,10,4,14,27,13,23,344,22,17,99,22,61,5,1,26,9,27,4,3,164,57,2,75,16,682,16,154,12,2,25,2,1,134,3,2,141,1184,18,58,10,26,123,2,26,49,4,6047,94,71,2,5,114,20,7,93,4,10,25,13,18,17,10,18,1,26,150,35,5,37,9,1,26,2484,96,65,2,17,361,49,0,18,16,3,12,2,11,7,13,75,17,19,0,15,505,105,979,10,23,28,8,13,1849,7,744,13,16,9,191,2,23,2,13,34,24,31,206,10,1,422,4,49,51,41,77,32,39,0,6,128,19,14,9,31,54,13,503,69,9,40,7,33,5,1,14,21,1,976,74,30,108,199,106,25,41,20,5,154,82,5,25,2,7,5,25,47,16,284,8,19,2,217,9,0,12,20,72,7,330,203,3,6,1239,12,10,65,23,8,2,20,8,272,17,2,2868,35,9,37,52,62,27,741,20,15,1193,9,1,31,145,10,920,7,19,65,500,375,618,24,41,0,56,55,2609,143,625,0,6,12,32,36,66,11,90,12,5,1,75,0,131,18,17,1613,98,222,148,29,15,19,9,4,265,22110,16,27,12,8,3,17
"ENSG00000115163.15",58,1,51,48,190,85,256,32,13,454,9,128,330,1762,455,3,32,361,191,24,83,3,74,34,76,66,124,163,50,165,274,140,161,22,13,141,62,37,124,77,8,205,264,7,5,72,11,323,1,12,83,288,30,223,124,101,4,197,386,195,9,377,73,127,9,209,23,7,573,390,214,70,14,3,42,6,841,55,363,118,200,157,223,92,160,124,49,47,28,8,200,97,39,339,16,5,2,197,129,257,58,9,369,20,74,109,207,6,1213,185,97,7,12,200,87,22,467,89,428,522,27,150,7,89,98,6,3,272,123,236,27,2,904,19,195,2,54,2,451,19,1,397,155,10,37,600,176,177,221,343,9,5,334,161,19,162,38,183,90,143,307,83,217,126,145,284,240,1038,721,1913,82,77,80,547,75,40,54,119,138,62,7,111,84,260,26,37,132,7,68,253,14,1541,351,269,96,292,9,66,17,192,26,524,167,630,2,222,20,468,121,136,27,110,629,95,121,163,21,10,60,188,1,67,159,13,7,0,59,564,32,55,402,46,154,85,5,273,12,34,185,98,19,56,8,24,290,220,95,28,37,28,16,120,16,222,2,103,11,55,40,772,205,112,726,460,7,89,183,3,168,8,216,4,217,3,23,153,233,2,22,197,308,332,104,2,17,353,11,63,226,42,33,23,57,40,72,331,1145,40,60,33,150,19,680,12,245,17,9,33,73,207,27,226,84,63,80,201,599,194,7,70,207,153,8,654,126,221,9,31,57,5,297,108,24,77,202,6,113,360,19,37,5,26,34,410,565,274,7,72,296,3,21,459,20,309,15,17,220,360,439,42,127,29,50,280,700,22,130,415,21,103,92,72,86,96,328,38,136,1,26,279,26,155,72,17,27,50,260,50,206,50,251,55,4,156,83,67,173,557,32,3,47,93,35,3,601,21,148,212,41,23,44,92,19,5,111,45,46,1960,155,26,2,6,714,13
"ENSG00000115194.11",5,1,61,3,26,11,4,13,1,17,22,3171,60,8,8,10,77,6,0,14,6,5,107,2,1,1,85,2,10,1,0,9,18,4,10,23,6,36,511,186,1,49,15,20,5,4,1,20,0,2,7,11,3,28,2114,53,15,1,1,12,148,123,13,4,0,55,2,12,1,3,21,1,59,2,0,2,94,74,175,23,1351,80,26,7,0,54,1,14,71,0,8,137,1,4,24,1,17,6,110,14,2,2,7,2,8,14,2,0,285,7,1,4,6,4,13,51,21,170,51,6075,51,5,1,0,8,12,2,0,19,4,6,4,17,7,21,0,13,4,13,2,0,38,5,3,5,11,3,6,6,2,2,1,4,28,1,48,36,3,245,9,13,36,16,13,9,19,3,12,4,387,117,2,35,75,33,20,5,64,7,22,1,39,64,3,2,0,5,3,39,2,7,507,11,44,9,6,1,0,1,7,0,7,28,22,0,30,1,81,8,0,34,56,4,92,13,26,1061,0,9,2,2,3,2,14,1,1,18,32,3,1179,4,21,12,511,1,16,2,6,1,5,23,13,5,58,23,1338,1,36,56,301,2,46,4,2,3,7,0,77,88,40,2,4,17,6,4,2,36,2,0,0,6,1,5,1,21,2,7,1,51,15,29,31,0,6,1,3,6,14,8,45,10,6,11,0,2116,43,35,23,5,14,7,19,14,0,57,7,35,3,3,75,4,12,2,32,39,4,987,23,59,0,6,4,0,7,4,1,3,979,1323,1,9239,4,2,33,848,2,85,8,11,70,1,16,158,62,132,1,20,20,57,4,4,234,1,1,3,9,12,28,10,4,54,0,150,8,6,5,7,5,14,21,22,7,19,1982,453,1,5,7,2,9,3,1,2,6,1,3,85,5,41,7,5,6,0,1,24,6,19,81,78,4,1,91,52,15,10,6,38,1,0,6,2,11,2,1,0,2,4,546,19,3,3,3,447,5
"ENSG00000115263.15",0,0,0,1,0,0,0,0,0,0,0,0,0,1,0,0,0,36,0,0,1,0,0,9,0,1,0,3,0,0,0,2,0,0,2,0,0,0,0,0,0,0,0,0,0,0,0,0,0,0,0,0,0,1,0,1,0,0,0,0,0,102,0,1,0,1,0,0,3,0,1,5,1,0,0,0,0,11,0,1,9,0,9,0,1,0,1,0,0,1,0,0,0,0,0,0,0,0,0,0,12,0,2,0,0,0,0,0,0,0,0,0,0,0,0,2,0,0,3,2,0,0,0,0,0,0,0,0,1,0,1,0,3,0,2,0,12,0,0,0,0,0,11,0,0,46,38,0,0,0,2,0,0,92,0,0,0,5,0,0,14,0,15,1,0,0,2,5,0,6,0,4,0,0,0,0,22,0,0,0,0,0,0,0,0,0,0,0,0,0,0,2,0,9,0,0,0,0,0,1,0,2,0,25,0,13,4,0,1,0,0,1,3,7,1,0,0,0,0,0,0,0,0,11,0,0,2,0,1,0,19,0,1,0,0,1,0,0,2,2,0,27,0,0,13,0,0,0,0,0,0,0,0,0,0,0,0,0,0,3,12,0,3,0,0,19,2,0,1,0,9,0,0,0,10,0,0,0,0,3,0,0,0,0,0,0,0,0,0,19,0,0,0,0,0,25,17,0,0,0,0,0,0,0,0,0,0,8,1,0,0,1,0,19,1,0,0,0,1,2,0,0,0,0,2,0,8,0,0,6,0,0,1,0,0,0,4,1,0,1,0,0,8,0,1,0,0,0,2,0,1,0,0,0,0,1,0,4,0,0,42,0,0,0,0,0,9,0,0,118,0,0,0,0,2,4,1,0,0,0,3,2,4,22,0,2,0,2,7,4,0,0,0,2,0,0,0,0,0,0,2,0,8,0,0,0,50,2,0,1,4,0,1,0,8276,0,1,3,1,0,0,0,1,0
"ENSG00000115297.11",0,0,0,0,11,5,4,0,1,1,1,2,0,1,3,0,4,0,0,8,1,0,1,1,0,0,0,0,0,0,9,16,2,3,2,1,4,0,0,1,3,0,1,0,1,0,0,3,0,5,2,2,0,9,0,3,1,8,0,0,0,0,0,1,0,25,0,2,0,5,12,1,0,0,7,1,150,4,29,9,8,8,1,1,0,0,1,0,1,1,10,0,2,0,1,0,1,1,36,0,2,0,61,0,4,37,0,0,279,12,0,0,0,0,8,0,22,0,4,4,0,3,0,0,0,0,0,0,30,0,1,0,6,0,10,0,0,0,1,1,0,0,0,0,3,1,0,2,66,0,2,0,0,3,1,2,0,0,0,1,0,35,1,27,0,14,3,0,1,0,0,0,2,2,3,0,0,4,43,0,0,0,0,0,0,0,1,0,1,0,0,253,3,0,1,3,1,0,2,2,1,0,6,29,0,0,0,2,0,2,3,26,0,1,8,1,1,0,1,0,0,0,0,0,1,0,4,1,0,0,20,0,0,1,13,0,0,0,2,0,1,0,0,4,0,3,0,34,0,0,1,0,0,0,0,0,0,0,1,1,1,2,0,25,0,0,0,0,1,0,2,0,5,1,1,0,2,0,1,0,1,9,0,1,5,1,0,0,2,0,1,1,2,0,74,15,0,0,0,0,1,0,170,1,1,1,0,0,1,3,4,1,5,0,0,2,2,23,1,0,9,1,0,21,0,80,0,0,0,1,1,0,0,49,0,2,0,3,2,22,0,0,0,0,8,0,0,2,1,0,0,2,1,8,0,1,13,1,0,0,0,2,4,16,0,1,3,0,0,0,0,0,8,2,1,0,6,0,2,1,0,23,2,0,0,2,18,0,0,0,160,3,0,1,4,0,0,14,0,0,1,3,3,4,1,1,0,0,0,1,0,1,0,1,0,0,2,33,23,0,0,0,15,0
"ENSG00000115386.6",28,7,3,0,0,1,0,3,183,43,7333,0,8,17053,131341,1,0,1226,12,9,0,0,6,91,26,0,2,13,0,292,0,37,11,0,0,95,789,4,0,5,0,98,0,8396,0,0,248,1,4,0,1,2794,0,77,2546,6,379746,0,0,0,0,38,35,0,10,0,0,219,5,0,21,51,0,0,1,1,0,3,16951,0,1642,1,1644,5209,3,0,0,2769,5768,7,2686,7689,0,190,364,0,522427,1,24756,38,150,1,695,61,13,36,0,0,1095,1,6,0,188,1,17,0,4,9,12,105,2,54,0,0,24,0,1,1,0,3,8,3,836,2,379,0,1085,0,4,1,0,1,4544,0,7,1158,3,0,0,19,3,0,0,3764,0,0,181068,14,11,2,0,76148,35628,14,0,31,11904,12,0,293,76,2,229,33,92,8,693,85,498,1522,0,8,4,0,16,75,5,0,4,6,0,0,0,48,36,1,0,223,0,0,28,6,1,19,0,121,0,1,6,0,24,0,308,2,480,51,408,7193,46,1,0,0,0,575,0,20,3877,0,388,299,14,0,25,61942,129,49893,26,13,1,5,278,7,12,43,57,62,40,391682,0,59,3,0,1,186,0,0,0,0,37628,1060,4,0,20756,0,3,5,2,1,2,4,6,0,0,5,0,10,7088,0,3006,2,0,5824,2,27,14,0,0,3417,1,264,0,20,2,2,4,85,13164,230,2,898,0,1,6383,3,181,3,12,16,0,10,1017,1,275,231,46,58,59,0,143,18,19,180,0,0,16,0,0,8,756,2,9,0,109,0,8,0,24,1,583,157938,0,640,4,0,4,0,5,33,172,8,34,0,0,693,2,8,0,33,0,0,8,14,23481,19,0,15,28,0,22,0,0,613,1681,133,37,20,0,1,0,0,6,0,0,4,0,3,1,47,183,1,114,0,0,1,1,6,83,403,651,1,46,0,55,64,6405,0,22930,1,0,1277,2,0,0,11364,0,0,5,0,3,0,0,0,19,2
"ENSG00000115507.10",70,0,3,29,92,82,41,78,16,203,35,62,11,298,119,4,111,27,8,5,1,3,60,4,21,24,46,53,41,88,31,111,0,55,90,300,4,3,31,45,22,103,56,3,3,13,27,112,0,5,3,70,5,44,43,2,0,71,28,68,49,309,3,65,21,72,25,6,102,126,484,10,12,3,22,0,153,65,101,67,45,104,222,4,172,31,16,8,56,2,6,32,43,69,0,3,1,72,255,503,30,1,561,2,123,128,787,5,614,94,0,1,30,51,62,18,307,10,81,126,8,15,2,2,54,4,2,15,5,468,45,1,233,10,22,1,12,1,0,11,2,298,48,9,17,287,137,37,4,189,2,6,103,58,33,36,31,53,40,109,12,4,4,17,69,54,71,45,203,230,220,18,36,18,0,2,35,20,703,86,0,124,54,5,19,7,143,1,321,101,24,111,99,88,30,87,2,18,120,61,5,118,1,1,2,4,1,10,13,39,38,34,52,33,60,298,13,6,37,122,0,39,4,13,2,1,1,233,8,7,192,65,26,17,5,36,7,4,71,34,13,28,15,19,209,65,36,2,1,22,15,35,0,139,2,3,0,131,1,239,93,80,1092,38,0,9,72,2,84,1,3,2,40,1,94,1,170,1,3,197,87,99,33,0,1,19,0,36,1,0,3,23,18,84,7,229,354,3,25,266,9,12,215,2,54,7,3,29,67,40,27,9,11,67,4,207,93,35,229,20,141,251,2,111,8,0,2,68,4,2,98,5,3,120,100,2,13,117,88,15,1,36,10,243,57,30,16,76,309,2,11,590,11,78,0,0,2,224,306,0,134,4,6,82,459,28,13,5,6,50,80,67,26,53,69,19,44,2,31,93,106,146,103,2,5,26,4,127,52,2,5,12,5,5,1,33,43,73,5,1,16,149,112,0,35,17,327,9,3,19,11,48,15,0,7,19,29,193,219,1,1,40,61,1
"ENSG00000115602.17",10,30,122,48,39,26,0,41,372,185,124,6,2,12,2,87,12,2,2,82,72,1500,49,31,27,230,0,234,2,21,2,57,11,89,25,115,57,42,1,4,0,24,2,11,50,2,7,17,2068,136,23,1680,47,8,5,0,232,8,23,2,6,43,6,99,61,6,18,51,5,4,15,25,26,1281,71,6,1,59,1,8,3,4,16,8,0,6,12,1,25,1,28,5,1,0,12,28,78,38,26,21,13,393,10,7,200,190,16,228,25,7,23,206,126,41,5,6,33,27,2,8,11,10,78,8,3,1413,930,0,52,102,14,79,10,43,6,50,10,5,7,2,73,76,17,69,188,18,13,1,8,12,506,98,1,3,226,1,2,39,7,14,21,0,3,13,0,102,7,0,2,6,0,1,6,0,12,4,28,2,111,5,100,2,3,23,20,90,80,26,1,2,105,6,13,6,18,0,6,7,4,14,30,12,17,7,18,6,186,6,22,38,15,12,7,4,159,14,10,46,17,8,43,21,0,4,128,96,10,6,2,8,1,11,60,5,5,8,29,32,4,8,91,12,116,53,20,5,0,4,19,7,50,3,31,2,25,28,33,4,8,11,18,36,6,9,1434,14,7,63,10,435,10,127,2,253,15,4,1,145,7,5,24,4,3,92,36,21,80,120,3,9,272,117,3,1,3,15,14,91,160,67,77,34,3,1168,2,12,3,6,5,2,67,4,0,45,15,859,2,18,16,39,21,2,47,12,35,15,528,26,6,111,10,14,53,2,5,90,3,20,1,6,27,7,65,50,8,33,6,4,10,690,511,13,113,2,38,207,2,17,1,1,24,137,19,10,12,223,1,7,107,0,8,14,3,2,3,24,2,253,31,10,12,4,3,39,199,1,33,22,4,5,5,1,19,12,9,4,8,22,60,162,1,2,96,2,34,177,4,50,12,64,90,31,9,31,1,6,3,2,6,241,6,25,1,618
"ENSG00000115665.9",10,0,0,0,0,0,0,0,0,0,0,0,0,0,0,2,0,2,0,4,0,0,0,0,2,0,0,1,0,0,0,0,0,0,0,0,0,0,1,0,0,1,0,0,6,0,0,0,7,4,1,0,1,0,0,0,0,0,0,0,1,17,0,0,0,0,0,0,0,0,0,0,0,0,0,5,15,0,0,4,0,5,0,0,1,0,0,0,0,0,0,4,0,0,0,0,0,0,0,0,0,0,0,1,0,0,0,0,3,0,0,15,0,0,0,0,0,0,0,0,0,0,1,0,0,0,0,0,0,6,0,5,13,0,0,0,0,4,0,0,0,1,0,0,1,1,0,0,0,0,2,3,0,0,0,0,0,3,0,0,0,0,1,1,0,0,0,0,0,0,0,0,0,0,0,0,0,0,0,0,0,1,0,0,0,0,1,1,1,0,0,0,0,0,0,0,0,0,1,0,0,0,1,98,12,0,1,0,0,0,0,0,0,1,4,0,1,0,1,0,0,0,0,0,0,1,0,0,0,0,0,0,0,0,0,0,0,0,0,0,1,0,0,0,8,0,0,0,0,0,0,0,1,1,0,0,0,0,0,0,0,2,0,0,3,0,0,7,0,1,0,0,0,1,0,0,0,0,0,0,0,0,0,1,0,0,0,1,0,1,1,0,0,0,0,0,0,0,0,0,1,0,0,5,0,0,0,0,0,0,0,0,0,0,1,0,0,0,0,0,0,0,8,0,0,0,1,0,0,1,0,0,0,0,0,6,0,0,0,0,2,0,3,0,335,0,0,0,0,1,1,0,1,0,0,2,2,3,1,0,2,0,0,0,0,0,0,0,0,0,0,0,2,0,0,0,0,0,1,0,0,0,0,0,4,0,1,0,0,0,0,0,1,1,0,0,0,0,8,3,0,0,1,0,0,1,0,0,0,0,1,0,0,0,0,0,0,0,0,2,1,0,1,1
"ENSG00000115844.11",4,0,0,0,1,0,35,0,1,3,13,0,60,2,2,0,2,0,0,3,0,1,4,0,2,0,0,1,0,1,0,0,1,0,23,2,2,0,5,4,1,3,102,2,0,0,0,1,0,0,1,1,0,7,2,0,0,1,0,0,0,14,0,0,1,1,0,0,2,0,2,0,0,0,0,1,4,3,525,4,7,3,9,1,0,2,0,15,0,0,1,9,0,2,0,0,0,8,444,2,0,21,6,0,0,1,0,0,13,171,0,0,0,1,0,3,1,11,0,3,17,2,0,0,1,1,0,2,1,0,0,0,2,0,0,0,1,0,1,0,0,0,0,0,2,0,28,0,0,1,0,0,0,1,0,0,2,0,1,2,2,0,0,0,0,0,16,24,1,12,0,0,6,3,1,0,0,0,0,1,0,1,0,0,0,0,0,2,7,0,0,30,0,0,4,1,1,2,2,0,0,0,1,1,0,2,0,1,0,1,1,0,78,8,30,1,0,0,1,0,0,1,4,1,0,0,0,0,0,5,7,0,0,1,0,5,0,3,0,1,1,0,0,0,0,12,0,0,0,0,0,0,0,5,0,0,0,0,8,16,0,0,6,578,0,0,7,0,1,0,0,0,1,1,0,1,116,0,0,2,1,96,157,0,0,0,0,2,1,0,0,0,0,2,0,306,4,1,1,10,0,0,9,0,40,0,0,1,0,10,0,0,0,0,1,1,7,8,1,0,4,2,0,1,1,0,1,2,30,0,6,4,0,1,1,1,1,1,5,0,1,1,1,0,5,2,4,5,1,0,0,1,0,6,0,1,41,7,2,0,3,1,2,1,11,0,7,0,2,0,0,4,0,69,2,0,2,4,5,1,2,1,1,0,0,0,3,3,1,1,3,0,0,0,0,6,2,299,0,1,0,3,0,0,10,0,0,201,0,0,1,0,0,1,1,0,0,24,5,1,1,0,43,0
"ENSG00000115963.13",1910,3251,4226,1863,1380,1228,263,1319,2038,1906,3614,628,1038,10922,2569,6405,809,2178,917,2958,2980,6082,4330,3384,476,1157,164,2471,802,3639,2004,569,946,3484,573,2030,2213,787,115,317,274,1105,1425,830,12101,170,1091,3360,12499,413,789,8162,11866,138,1051,1037,13045,1302,765,977,256,2370,482,1325,1668,1643,348,2038,3741,440,5132,1576,4416,10474,1434,1253,735,379,786,280,615,1241,4356,1394,888,653,887,256,1431,727,2284,2498,761,419,183,2249,5681,335,1071,644,2338,12063,1149,509,968,438,774,8002,1143,778,952,8316,3602,2097,223,3511,2638,235,1354,637,391,2900,527,1007,651,6140,4225,414,1273,5338,2252,7169,789,1328,1117,8361,3847,6944,1164,2115,2327,3132,1989,8387,2261,1446,1242,1052,1292,3569,3482,3600,1807,2555,2149,1671,1016,5926,239,1104,1160,357,968,1473,326,923,1269,498,206,224,834,1289,2020,823,435,1912,1315,84,4118,363,3331,1734,838,631,493,2448,1342,1127,2719,441,1117,6764,489,1644,1982,134,2997,1262,8515,2281,798,1447,1997,1390,1981,1240,709,899,922,1378,2261,1311,1464,997,4420,992,939,1064,1502,12670,18536,615,1544,3084,5436,4233,1108,875,477,665,1210,870,1313,441,702,639,1112,694,457,2230,1876,1224,2598,466,1869,1468,783,623,687,542,989,892,2613,2524,1629,1994,5650,659,338,2555,961,1123,1486,1515,26342,791,952,5326,891,2734,1623,2700,729,15500,827,447,753,3611,586,581,408,659,663,3565,1013,1363,2805,826,364,1289,6476,2617,503,529,579,516,2159,2142,3802,1940,1179,222,501,4350,592,489,794,1137,631,39,1457,1153,1232,1611,1202,1446,190,3701,1914,1087,1274,1758,4129,1938,2853,582,9805,529,230,5066,421,1169,6728,1162,619,13512,1120,1367,798,956,5875,1506,1523,952,1134,258,553,204,838,3301,8496,1747,1198,2335,850,11556,1159,2407,1760,1653,1117,4239,2238,1114,4723,1434,581,1030,4389,541,844,1235,521,362,1131,1516,2692,4344,1823,1381,599,1054,579,1713,7012,1484,949,524,791,1283,1497,497,1103,1039,409,1576,710,1625,6863,12047,1123,520,589,566,2912,7374,1891,1788,251,1732,4532,1253,672,4188,1033,1722,303,3793,671,8263,3794,2495,3691,12698
"ENSG00000116014.10",133,0,0,0,37,4,124,1,0,101,1,8,16,10,1,2,3,4,17,2,8,0,5,0,0,0,2,1,1,28,0,4,0,0,1,3,1,0,11,3,0,11,4,0,2,0,0,4,3,0,0,95,1,5,0,0,0,4,0,0,1,77,0,2,0,6,2,0,1,6,0,0,0,0,0,0,2,2,54,13,1,28,26,1,5,1,0,0,5,2,528,340,9,59,0,0,0,0,82,1,0,0,139,0,30,4,0,2,73,0,95,0,0,0,4,0,10,0,10,0,0,0,0,0,0,1,2,2,5,0,1,0,82,1,15,0,0,0,5,0,0,24,2,1,26,5,69,12,485,183,0,0,0,5,0,12,1,2,0,0,1,708,0,90,8,5,24,80,3,1,0,0,0,17,30,3,18,363,4,0,0,2,1,2,0,1,0,0,1,0,0,0,8,0,76,0,0,11,0,9,0,1,20,1,0,0,1,0,2,0,1,103,38,1,1,3,0,0,1,0,0,0,0,5,1,0,0,17,3,1,2,0,0,5,0,0,2,0,0,0,2,1,0,0,14,47,0,19,2,1,0,2,0,0,2,13,0,1,0,3,7,0,89,171,1,7,3,0,0,0,2,0,37,0,1,2,112,1,2,7,0,4,0,0,2,2,0,4,3,0,2,3,14,1,30,237,226,0,0,2,4,2,79,0,0,0,0,0,0,9,0,23,0,9,1,2,1,5,0,0,16,2,0,0,0,54,1,0,0,0,0,2,0,91,1,0,0,1,0,3,0,0,0,84,9,0,0,16,7,0,0,75,0,82,0,0,2,10,17,0,4,2,0,0,0,0,0,61,1,3,0,0,42,6,4,0,0,0,0,0,0,1,1,1,0,15,121,1,0,0,803,1,1,1,5,1,0,8,1,0,0,0,4,0,1,0,8,1,0,1,0,0,0,1,1,0,1,3,11,0,0,0,2,17
"ENSG00000116017.11",1108,36,195,208,1763,2491,1584,161,72,265,1589,188,889,538,257,122,1631,204,261,1406,270,178,827,323,179,666,200,473,1353,144,3848,653,500,503,130,375,335,287,292,346,60,740,5712,101,231,44,202,461,167,301,183,1934,163,1885,20,165,165,9808,242,267,95,469,73,259,117,3396,205,116,710,596,1065,299,340,132,151,169,1311,397,4774,1270,914,656,127,135,215,1829,252,85,170,98,552,713,4950,255,32,47,85,416,8300,246,208,72,312,21,227,8418,798,126,14686,4954,791,203,232,277,6459,116,3070,875,276,1195,25,160,105,124,487,78,60,793,2290,586,194,274,1514,267,240,169,255,113,3598,169,52,2773,264,157,578,329,1013,2691,7042,494,52,162,291,290,138,199,239,728,464,431,342,262,220,1739,3038,364,3161,763,326,821,45,222,240,3565,136,171,542,1776,224,240,35,851,321,123,209,220,123,196,240,63,161,959,2067,203,288,432,145,110,75,466,157,210,3570,1655,230,789,174,132,456,75,398,1549,550,1569,3599,386,127,62,572,1172,116,125,1481,162,93,99,199,139,140,298,316,170,350,214,34,553,97,63,137,146,1696,489,120,546,5032,159,103,19,119,169,58,288,97,233,88,153,79,1217,519,765,311,215,784,8482,317,647,260,86,237,70,541,138,3148,140,681,4767,1912,31,78,581,128,3190,59,44,84,4321,38,161,1374,324,181,359,1073,332,137,3468,1121,102,133,591,289,960,3281,130,397,144,125,273,248,3544,218,3515,215,284,397,1030,1945,3050,312,828,2368,564,83,6153,250,148,115,117,234,79,140,644,136,462,432,99,58,344,2492,82,126,128,727,1287,650,85,64,1804,2236,58,170,886,173,7852,103,105,4210,271,5711,614,230,380,175,2699,155,170,474,6415,115,236,101,452,182,500,494,188,1503,75,160,157,126,498,183,290,159,156,2909,710,204,260,6290,132,113,2060,1114,380,98,7560,209,58,94,383,1037,58,315,454,179,5042,25,132,307,126,189,107,373,254,311,260,5228,155,98,42,116,111
"ENSG00000116035.4",86,0,471,15,1,2,0,1,10,13,2,1,6,33,12,6,60,2,1,5,2,0,3,2,0,17,2,3,23,9,5,5,6,11,11,84,4,4,8,14,0,50,4,10,3,6,7,16,0,3,8,4,3,4,0,4,1,6,10,4,2,15,2,5,2,52,0,3,4,11,9,20,7,0,22,0,277,2,22,11,16,1,155,34,0,84,12,1,177,0,22,1,10,11,7,0,5,13,7,2,10,3,192,6,7,42,0,1,141,127,15,3,5,6,97,3,96,0,2,1,0,8,0,2,20,2,3,8,3,3,5,1,7,6,11,0,3,0,3,4,2,286,6,1,11,15,5,22,67,0,0,1,0,3,6,0,4,12,3,8,5,25,4,4,86,3,12,62,8,3,8,2,3,207,4,3,4,14,57,3,0,173,4,3,1,6,11,15,4,1,2,75,110,8,4,0,0,8,1,104,1,4,27,0,1,2,0,8,21,1,55,21,8,5,15,6,1,12,6,15,1,3,13,4,9,1,3,2,2,11,10,3,26,5,5,10,2,8,3,5,100,10,3,67,120,30,3,11,1,4,2,13,4,5,1,11,4,109,8,7,10,11,66,10,2,6,8,3,13,0,7,1,3,1,3,13,23,2,0,100,6,11,2,10,2,8,1,2,2,6,10,8,11,0,39,19,5,0,36,11,2,151,89,2,61,4,8,6,1,1,8,14,5,17,22,2,3,116,78,4,86,13,0,73,18,1,3,1,6,1,3,6,15,4,3,5,2,3,58,1,2,0,14,230,3,5,4,604,34,5,0,166,5,1,2,9,114,89,2,1,3,19,6,15,21,7,1,30,7,2,6,4,168,6,4,4,3,1,11,4,0,50,7,10,0,4,7,2,1,0,50,6,1,11,57,11,7,159,14,3,5,2,94,2,11,99,1,4,9,37,3,4,2,5,10,2,2,456,28,14,1,3,33,2
"ENSG00000116132.12",116,6,1120,204,609,24,5,69,54,205,2,46,71,715,82,71,60,19,6,105,31,29,213,29,34,67,44,211,17,130,90,223,121,47,47,178,54,30,78,152,10,569,290,109,148,32,81,270,67,124,121,251,3,45,156,94,156,59,122,41,44,108,33,35,0,73,261,61,57,168,206,537,97,4,22,18,1430,58,30,97,106,57,56,141,121,17,88,11,861,47,327,94,5,65,3,4,0,477,45,269,112,6,285,17,142,110,70,60,185,11,112,53,1669,280,176,89,227,149,75,29,38,109,76,93,171,7,36,65,56,96,88,5,64,136,161,17,184,1,58,61,26,437,283,8,453,125,85,73,68,167,32,9,39,141,193,31,28,405,61,143,213,22,34,175,24,155,294,187,78,52,14,89,113,296,99,75,91,37,617,18,0,168,85,105,26,46,69,28,45,2,19,898,69,145,80,13,19,40,11,243,28,36,665,132,15,5,189,13,19,35,155,127,14,43,271,519,46,17,354,351,1,24,38,50,22,24,13,1589,82,306,41,134,299,135,67,150,4,49,98,134,219,153,39,6,312,110,24,36,111,42,47,16,12,75,4,38,27,510,40,54,126,114,282,22,17,94,78,27,139,27,150,20,77,5,239,3,38,7,18,212,185,97,22,16,17,90,46,276,29,233,65,44,104,43,36,26,77,114,192,626,148,51,110,33,30,215,51,99,6,38,37,106,4,152,98,689,165,1410,2392,85,378,849,5,56,319,51,93,36,22,2,63,28,174,15,31,41,72,404,33,9,16,197,393,53,73,81,65,47,64,14,23,235,67,112,7,10,34,233,120,8,56,216,48,78,1422,26,62,433,59,53,13,63,14,37,23,5,64,56,76,180,21,135,5,164,31,36,117,12,22,14,111,29,18,198,21,73,63,44,153,15,92,40,170,31,193,3937,44,38,47,2412,231,23,173,72,120,10,80,10297,47,70,6,7,361,25
"ENSG00000116675.16",128,8,100,409,267,268,39,198,171,117,14,658,159,3456,241,77,28,302,41,48,124,31,984,483,147,203,201,357,46,420,223,685,1053,358,330,1181,349,55,246,497,28,1039,115,830,102,136,784,329,87,60,167,295,63,96,100,220,40,75,12,223,107,138,122,21,136,93,13,103,35,144,1343,263,499,29,67,16,261,38,131,250,475,226,813,75,516,115,131,110,672,46,67,493,23,26,73,11,32,347,264,192,58,16,143,9,69,381,582,15,350,52,71,54,884,157,49,114,109,477,413,1929,77,35,156,614,272,33,32,147,158,3211,131,17,541,327,452,20,18,10,193,84,29,361,483,57,334,577,70,119,85,557,23,11,242,158,542,127,112,485,53,829,380,34,306,79,60,105,602,259,39,705,56,46,1487,382,48,40,157,24,271,182,4,736,170,622,17,140,180,23,152,28,50,60,602,958,294,115,21,64,192,1512,6,169,186,147,20,113,96,137,118,184,688,91,333,212,248,317,13,7,327,2348,8,34,46,151,45,13,496,748,42,759,571,479,76,145,8,659,3,171,246,213,1090,380,55,101,309,172,22,18,37,62,73,26,14,187,23,111,38,20,459,351,505,54,461,340,57,81,335,20,634,10,498,29,454,42,1222,23,20,9,40,43,186,63,46,8,17,50,19,175,10,206,216,441,241,93,131,147,341,51,169,246,217,48,281,31,66,32,18,193,625,423,38,29,20,137,406,2477,298,116,806,543,68,186,30,126,522,43,154,45,101,38,477,95,571,55,144,44,57,511,24,131,11,1377,387,117,495,82,28,26,118,6,67,2518,288,437,12,42,51,679,160,67,204,50,473,178,67,48,159,92,48,196,147,192,22,109,519,28,2007,69,47,148,78,160,139,56,26,317,9,17,198,1014,166,27,24,47,56,236,412,117,175,18,395,97,41,13,157,52,472,598,4,522,529,58,223,105,430,64,189,52,46,168,14,4,172,32
"ENSG00000116748.21",2,0,0,5,12,0,2,0,1,0,0,1,23,36,1,28,1,1,0,3,2,16,2,3,0,0,0,0,0,17,1,1,1,1,0,15,0,1,0,0,1,6,0,0,64,2,0,13,10,1,1,46,29,18,0,0,4,0,0,0,0,1,0,9,3,0,6,0,1,22,15,9,0,0,0,2,2,1,1,32,0,0,2,0,1,0,0,0,2,0,16,0,0,0,0,3,1,0,13,29,15,0,1,0,2,1,0,11,1,0,0,77,0,2,3,0,1,0,1,3,0,0,1,1,3,0,4,3,0,19,1,3,4,0,1,14,0,4,0,0,23,1,4,24,19,3,30,0,1,1,2,2,0,0,5,0,0,8,0,2,13,0,0,8,0,11,0,0,0,3,0,0,0,1,0,1,0,2,20,4,1,0,0,6,0,1,3,0,1,1,0,2,2,3,0,0,15,0,0,3,0,0,8,0,10,0,8,0,4,0,1,5,1,0,7,3,0,0,29,0,0,0,0,0,6,5,0,1,0,1,0,0,19,20,0,11,13,0,1,0,3,1,0,0,0,0,0,0,3,0,3,0,3,9,10,1,10,1,0,3,0,0,0,1,6,0,0,5,0,7,8,20,22,9,0,0,1,8,0,25,1,2,0,9,0,1,3,0,0,5,38,0,5,0,0,0,0,0,0,3,3,22,1,4,1,12,0,1,0,0,1,0,0,0,6,20,5,43,9,1,10,0,9,1,3,2,15,0,0,7,0,14,9,0,0,3,0,6,0,0,1,0,4,0,1,1,0,1,3,5,15,7,3,0,0,9,0,0,1,1,3,0,0,0,0,0,0,2,0,0,0,0,0,13,1,0,0,3,0,0,0,0,0,0,39,0,21,2,0,0,3,0,14,0,0,1,13,0,14,1,0,0,1,0,1,15,1,9,2,0,12,0,0,0,0,0,0,0,5,5,5,0,0,5
"ENSG00000116882.15",7,7025,5,3696,587,3349,6,1410,9137,562,46,186,117,177,3,10106,202,1062,152,927,2660,11820,1930,1347,15061,15189,40,735,779,30,248,17,293,12898,1083,4,593,1655,36,37,5748,17,94,52,7236,2785,1443,224,8983,4597,1860,260,4787,58,18,4292,2200,167,18394,2950,1607,2656,38,17181,6875,18,7567,623,1722,330,644,2823,65,10331,7352,9428,17,1890,129,2451,435,7225,96,176,11674,692,5207,151,31,645,6048,64,772,10,195,6298,492,6945,463,1471,1077,12887,25,234,1566,43,13878,9839,1220,39,235,7497,1402,6271,800,1478,270,2775,49,96,20,762,5201,36,4673,10430,4301,7056,519,277,3748,10239,1452,1363,788,16415,21,9126,545,1162,6704,170,159,12253,41,293,53,2,6,3,10277,5611,3828,9117,4380,2,1437,2420,512,1607,10704,5,9277,197,42,3242,1084,20,9936,25032,5625,3042,29,6859,237,191,352,45,484,26,6872,55,361,1063,801,449,6081,8080,1966,7530,168,1,310,634,2339,205,8345,18,5,134,2293,5850,69,17127,11325,365,1462,2091,1565,3444,1191,844,26,5519,9191,1,150,60,747,2608,13106,4897,19,972,6605,7189,1489,209,1764,253,143,1555,884,87,1131,555,9331,249,3706,7302,68,2531,2258,749,7,49,7,632,1277,548,3732,11,12253,31,13524,4446,15727,8,5,22127,2778,33426,1240,189,3757,153,173,4075,2082,9888,388,5335,5,8231,2717,980,83,13327,1022,23539,8841,267,8027,4729,390,341,6267,42,81,6308,3115,822,111,33,527,7,584,339,15760,3,2863,46,3,5047,33,1411,638,2868,78,56,470,907,127,4251,73,10,16,14,358,1740,13,1069,10382,1998,3076,187,3589,336,96,8584,526,1277,2397,7967,835,18579,70,3404,33,2,14144,372,2207,440,3150,9360,2515,89,141,6665,9319,110,8594,179,124,9883,75,36,84,40,668,6304,350,61,733,7884,10,9,4245,1890,7268,501,1364,54,160,12024,967,3578,1466,6027,10467,8062,6932,378,3147,5231,917,397,2377,2566,133,5936,6503,802,140,343,4049,27,1284,7448,1780,1087,792,49,233,0,404,5,5802,104,1421,5451,6155,5918,2032,1,1853,1,5492,8771,13488,3797,166,8527
"ENSG00000117069.15",96,0,42,18,21,3,33,1,0,5,2,26,16,1580,40,13,4,3,0,59,0,1,9,6,0,4,0,12,11,386,19,2,20,3,6,37,6,0,26,25,0,167,2,0,12,1,7,39,1,2,0,92,1,25,5,0,1,0,0,0,0,16,0,5,0,1,2,0,1,8,316,53,4,1,0,2,103,2,77,47,52,7,0,4,13,0,2,4,12,1,26,28,20,1,0,0,1,40,34,35,3,0,10,1,18,11,0,4,227,0,10,13,44,35,5,2,11,0,40,11,0,5,0,1,14,0,21,20,2,228,4,1,14,17,8,1,2,2,9,3,0,59,154,2,15,13,19,3,11,16,0,3,0,75,2,2,1,7,24,37,0,0,0,10,11,18,77,6,0,8,1,24,0,3,3,2,4,87,67,1,0,1,0,7,16,1,10,1,3,22,4,591,12,30,4,0,3,1,0,1,0,1,107,13,3,3,0,3,0,1,1,33,13,1,81,10,0,0,53,18,2,9,3,0,4,2,1,3,3,0,1,8,32,30,3,14,1,1,0,17,3,26,3,0,9,28,1,1,4,0,2,0,1,7,1,0,2,1,3,33,46,0,312,263,3,8,9,4,43,1,61,2,83,1,51,0,81,1,0,32,29,88,0,2,0,6,0,6,18,26,21,1,3,1,1,23,80,0,0,7,10,2,39,4,16,17,0,2,7,75,0,3,0,5,2,19,159,256,8,5,10,7,1,0,9,0,11,0,1,1,11,14,4,0,0,0,0,1,1,1,0,4,6,3,21,8,0,0,79,0,4,82,5,69,1,3,1,8,14,2,0,8,2,8,5,1,13,1,2,6,0,0,1,20,50,2,2,7,2,9,10,5,0,4,1,1,25,4,3,1,92,0,2,0,0,2,3,147,22,4,1,8,10,0,3,2,5,48,0,54,37,0,0,0,7,0,6,83,10,2,0,0,0,1
"ENSG00000117148.8",1,1,0,0,0,4,101,0,0,25,0,0,11,190,12297,2,2,2,52,2,25,1,155,0,1,0,1,0,0,0,0,45,71,0,4,0,3354,4,1,0,182,1,0,0,2,0,472,2,0,1,0,29,0,31,0,0,1,0,0,0,0,5,34,0,1,7,0,0,4,0,0,87,0,0,0,1,0,0,1,8,276,7,26,41,0,47,4,4,0,2,12,7,1,45,5,0,0,0,2,0,0,0,306,7,46,5623,1,0,223,0,1,0,0,0,2,6,0,0,126,194,0,5,0,1,0,1,0,0,2,2252,4,0,10,29,6,0,0,1,1,0,0,0,65,0,0,1337,0,116,14,4,0,0,0,25,26,3,14,0,1,0,0,0,787,0,2,1,357,6,1,11,0,0,1043,0,56,0,2,7,90,2,0,143,1256,2,0,18,1,0,1,0,0,94,0,0,10,1,0,17,0,5,0,0,4,2,0,0,0,113,0,0,74,0,553,0,0,3,0,840,0,0,0,0,0,4,0,0,0,13,0,5,0,10,0,0,4,8,0,24,1,1,85,47,0,265,11,7,1,15,0,0,6,1,0,1,0,10,0,138,0,4,0,0,8,15,0,6,0,0,0,0,2,1,19,0,0,0,103,0,104,0,0,35,0,1,0,41,0,56,2,5,4,1,0,2,1,20,2,0,0,8,0,10,4,0,61,11,1,0,3,1,0,1,0,71,283,8,8,0,0,146,2,68,0,7,4,2,0,0,1,0,3,0,0,0,0,1,0,8,319,0,1,17,1,33,0,0,0,1308,212,0,3,0,1,1,0,0,0,2,162,0,0,0,0,22,2,0,1802,1012,1,13,28,5,4,7,1,0,0,2,0,0,0,0,0,5,0,0,0,1163,162,0,13,1,0,1,0,0,0,0,0,0,1055,0,33,0,0,31,14,18,0,2,0,0,0,0,0,0,0,0,0,14,1,0,1,1
"ENSG00000117399.14",231,9,316,215,695,476,1949,103,41,1753,105,523,2523,7755,1934,41,139,1017,519,132,149,15,175,286,396,98,522,1331,190,1491,1228,986,1146,138,74,497,932,193,1273,567,154,1246,598,47,49,724,123,1429,19,71,359,1420,136,1398,416,809,29,1276,2715,1427,94,1630,105,1629,17,609,121,69,1782,1939,1117,288,62,9,326,20,1598,273,2371,1201,998,766,2111,749,671,539,283,286,287,89,577,562,129,3234,172,15,20,1433,595,2695,397,68,2923,124,610,1290,676,21,13337,630,262,49,120,1076,629,155,1361,325,4439,2997,137,746,59,788,637,6,29,1041,283,950,141,15,4294,131,874,38,71,18,2200,50,15,1535,1138,63,223,3250,915,715,1187,995,59,31,1125,595,128,877,228,830,450,598,807,469,1573,398,949,2155,1599,4901,850,5000,606,416,402,8642,244,147,515,1590,507,415,25,405,150,734,175,334,782,43,342,1992,78,12738,2657,2603,338,1688,50,564,124,1039,232,3007,1000,6105,7,949,82,2078,1430,979,135,1239,7277,271,787,864,108,110,429,967,15,625,1608,119,47,11,392,4242,159,529,2096,358,572,678,127,1475,73,268,1027,541,95,277,27,99,567,3633,463,331,173,266,71,702,85,1401,39,476,118,245,212,3389,1228,722,6237,4344,26,381,955,16,2197,25,891,20,2756,16,80,670,2896,15,146,2232,1467,2586,408,27,125,1010,13,370,1245,414,153,182,253,259,389,3459,5487,172,208,103,921,186,10316,25,2095,144,52,278,319,2116,213,1439,414,627,366,399,3977,683,59,319,643,1310,47,1338,609,576,34,164,570,20,2684,724,165,286,591,38,613,6058,147,318,7,219,103,1491,2188,885,27,641,2416,13,203,1718,70,2663,81,49,692,1722,1358,257,374,129,288,1305,2873,91,1208,1958,120,870,662,421,794,1299,2423,176,923,2,131,1671,82,1123,399,108,162,608,1626,447,320,355,2697,228,18,652,255,278,507,1833,165,19,279,435,77,25,2601,108,1169,1631,403,91,317,568,68,45,400,114,369,6415,1419,106,5,25,3463,21
"ENSG00000117600.12",11,4,0,18,24,0,2,32,5,0,3,0,18,66,10,5,4,23,1,4,5,0,3,4,16,22,6,19,0,133,15,410,10,6,1,83,12,3,2,22,3,29,114,7,4,0,22,27,6,6,8,51,2,10,23,40,65,27,74,13,8,118,5,5,0,3,46,22,4,22,324,68,31,1,0,1,5,1,38,64,6,40,16,1,33,18,2,1,247,6,14,33,12,0,0,1,2,155,10,38,25,1,5,10,9,19,15,3,165,77,15,4,141,12,76,42,14,1,45,11,0,11,10,23,39,19,20,13,5,8,18,1,57,6,6,8,118,2,144,77,0,4,39,0,14,9,21,1,6,5,5,1,14,107,18,18,4,35,7,43,1,14,17,3,3,197,109,1,10,11,36,26,84,36,7,2,2,2,8,22,1,51,60,6,1,0,9,14,20,6,1,32,9,18,34,1,2,21,0,52,9,279,32,437,5,1,24,6,2,3,12,8,49,63,164,17,15,0,180,210,2,1,13,5,2,4,3,96,0,153,5,95,12,21,1,89,1,7,22,45,4,24,17,2,75,110,1,0,12,25,2,1,1,4,1,16,3,66,14,5,5,153,15,29,1,21,3,3,21,2,16,2,34,2,80,48,6,1,6,10,8,13,1,1,2,7,0,20,5,30,0,4,2,7,1,2,12,23,22,3,6,23,34,3,35,12,2,21,2,3,2,28,2,13,27,54,12,78,229,21,107,13,2,19,12,7,3,3,14,0,3,1,23,3,8,7,34,35,17,0,28,90,178,0,18,11,6,5,2,1,4,1012,9,62,0,0,15,2,32,3,5,42,23,20,36,21,2,150,3,16,4,16,1,12,4,74,7,2,16,65,3,184,0,2,3,8,16,2,32,3,25,6,0,56,0,14,112,7,37,0,41,6,12,1,2,4,17,41,0,443,10,5,66,7,21,0,15,524,14,0,4,4,24,0
"ENSG00000117632.23",4262,307,2000,907,4273,1133,3079,454,754,9302,1255,4153,12726,16464,6146,730,992,6279,1473,1857,1059,368,1864,1185,3024,1286,3405,8140,1071,7663,2572,2020,3504,1035,1150,3873,2690,891,3584,2152,1221,3411,3289,866,1027,1384,1104,6289,372,1007,3831,4703,1656,6221,3739,1914,914,4212,9589,5572,709,5257,1356,5588,547,3398,1516,1072,6866,5977,7236,2127,1132,222,2349,422,5288,2556,8047,4567,4009,1231,7951,1885,7206,1463,1156,1798,2005,494,2266,5313,651,972,1542,173,1029,6024,2131,6749,2097,1310,4671,1862,2207,2684,6960,434,13294,2566,1452,1388,1522,4147,2681,1793,6726,3421,17877,15367,950,3859,439,4166,2744,251,567,8371,1244,5941,1262,636,9618,1157,4613,458,952,664,19139,663,267,7209,3432,931,1510,12558,4484,1897,2240,4391,426,709,4822,5313,1037,3154,1545,2957,5899,4060,2775,2094,2054,1452,5385,3151,3366,15435,3969,15298,2060,1809,2571,27303,4220,855,3251,8953,2487,2060,519,2776,1146,3693,1368,1533,3617,962,1321,8713,1357,16434,6419,5997,1443,12272,1152,2053,935,4726,717,6658,2765,9137,485,4993,455,7686,6252,3283,1565,3781,14214,2619,3785,3120,1038,1078,2017,2480,258,5068,1471,643,585,314,3462,6744,878,1709,9133,3987,2696,4208,838,3825,599,2254,1981,2068,1973,1576,904,1377,2968,3115,1506,3715,1531,1618,675,2751,930,6525,616,3993,1183,1667,2142,13628,10327,2105,12458,7505,568,2047,4406,720,15021,507,3703,383,7665,407,1016,2614,4420,316,1289,6854,7237,6439,4321,495,1601,3924,384,2832,1595,1737,2260,1361,1449,972,2079,2743,14459,2186,1587,2066,3737,1130,14522,676,3857,977,719,1473,3058,7682,2150,5630,2588,2629,3197,2023,14349,4181,1966,1484,3239,2984,738,10061,2752,5014,1481,1471,1760,301,9619,2235,1239,2444,5588,743,6298,5026,1046,838,496,2092,1022,2723,13654,5561,1030,2599,6369,905,719,8128,1292,3939,1157,694,5140,5182,3229,1052,2828,1417,1829,3719,13606,918,2140,5398,1239,3335,7882,2086,1167,5149,27242,687,7022,751,947,6620,1234,5763,1685,853,1494,804,3652,2198,2625,4295,3061,1398,379,3269,1364,2660,2776,9002,1867,311,1601,2786,1191,1075,5951,3436,2613,4827,4495,2282,1470,5560,671,536,1652,1183,3489,12783,7278,1216,643,445,16741,641
"ENSG00000117650.13",126,3,4,102,698,399,143,50,26,441,80,657,601,1830,884,15,141,271,512,143,143,11,155,157,94,206,134,1066,113,495,692,560,485,74,32,349,385,165,468,350,11,179,730,55,28,128,34,523,12,21,140,998,77,740,320,237,16,838,571,867,38,550,142,413,10,752,58,47,1337,537,798,186,95,4,42,7,431,217,1080,480,232,350,714,172,357,394,109,142,75,11,552,249,180,169,90,5,35,1207,320,1144,199,14,1117,99,247,681,313,8,2410,498,274,26,58,461,303,94,1235,275,1045,1888,186,349,22,467,348,11,7,411,456,621,106,8,1615,49,738,9,178,7,1470,68,3,798,373,41,131,477,637,331,795,719,32,10,254,201,45,594,75,462,370,259,184,277,477,375,537,571,590,975,518,4745,112,175,644,4061,167,137,206,719,442,458,25,339,234,595,98,154,565,27,261,973,57,1304,793,814,159,495,27,310,47,843,158,558,633,2644,1,583,22,888,271,217,49,611,944,267,312,360,47,105,399,451,5,274,169,81,28,122,278,1413,75,254,1434,342,373,350,30,928,24,122,307,176,55,151,16,145,532,1389,211,63,130,159,40,210,27,582,13,319,37,137,129,2306,828,289,2879,1406,7,315,480,3,1323,11,416,5,538,13,87,574,449,0,95,665,1515,752,107,9,109,656,9,175,112,446,59,230,158,80,148,681,1940,214,101,59,763,24,1215,10,327,81,22,175,205,1267,133,1404,449,546,491,217,1909,510,25,244,890,715,30,1715,588,492,18,138,157,5,1322,175,69,163,1779,36,465,759,142,69,4,212,91,650,1439,439,9,80,372,6,68,721,61,890,106,20,653,1022,833,140,684,37,252,509,1912,55,184,705,34,330,513,283,231,237,849,40,509,7,49,1011,38,339,179,19,81,189,942,120,357,659,538,270,17,678,210,372,420,1540,85,9,101,147,96,32,624,28,738,603,206,31,181,185,30,20,371,389,101,1614,550,63,3,9,1099,28
"ENSG00000117724.13",415,8,115,325,3340,1519,247,276,78,1303,207,1506,2032,7065,2421,74,496,1006,1786,555,706,39,613,573,568,1065,401,2881,307,852,2847,2943,1413,286,123,1299,629,248,764,1047,35,1506,3555,211,80,183,97,1133,57,70,507,2666,286,1761,568,799,63,1812,1319,1868,247,2149,414,939,96,1793,210,299,3756,2151,2868,419,321,16,96,43,1841,578,4053,1141,571,928,2069,212,882,1710,156,381,325,20,1285,880,725,292,189,32,28,2477,1159,4319,441,102,974,305,730,3680,872,51,9858,1523,1008,107,260,1093,958,158,5368,760,2060,3154,265,1075,88,1083,834,23,29,838,2555,3621,336,54,4573,108,2672,54,419,28,2375,222,17,2586,1372,90,649,1992,1108,1439,1578,3140,84,41,1064,851,179,1973,153,1416,799,823,590,237,2050,1268,1833,965,1810,3122,2295,10564,335,598,2164,12251,274,576,620,946,1668,2261,36,1399,573,1854,347,278,1121,141,510,1587,151,6774,1838,1938,505,2396,89,991,119,3994,577,1873,2098,4743,11,773,195,3366,539,782,210,1008,1979,857,1239,1923,106,80,363,1321,18,388,153,187,61,27,1121,6621,137,748,4165,563,873,919,66,1890,70,440,679,365,191,502,80,650,2502,4109,323,167,234,711,114,534,91,2711,52,1016,154,397,387,7598,1896,872,9657,4942,47,1083,1588,63,1892,29,1218,44,1165,41,426,2260,656,9,343,1127,2311,1655,331,16,379,2024,44,394,262,775,228,467,302,239,191,1350,8007,543,327,427,2436,77,4786,41,335,176,79,580,436,2948,561,4604,887,1542,1611,1438,2359,2225,134,491,4939,2334,93,4628,1343,1633,86,312,213,23,2630,509,135,646,4220,118,1239,2108,366,545,40,707,442,2896,3203,1269,38,354,1498,15,254,2333,232,2240,215,69,2446,4952,2541,624,1356,106,670,3010,7537,273,381,2834,111,617,1152,940,361,304,1796,169,416,14,332,2084,69,1205,995,93,171,266,2611,449,791,1459,2091,768,47,2210,886,1145,1420,2717,425,29,258,739,316,88,3169,139,1664,1679,211,213,581,267,141,77,866,1455,194,6265,1769,273,22,43,4315,64
"ENSG00000117971.12",15,0,1,6,5,1,0,8,7,0,5,0,6,21,8,2,3,1,5,7,32,0,38,5,3,218,7,7,7,21,4,17,6,3,11,24,28,5,0,0,0,7,8,9,1,5,3,0,0,1,1,16,70,17,15,16,11,0,2,0,17,21,18,2,3,24,2,25,11,2,4,10,14,1,3,0,44,1,20,12,65,2,7,8,10,17,0,0,2,9,32,24,8,39,13,3,8,15,1,6,11,1,19,4,2,8,13,1,24,17,24,0,1,6,1,10,17,1,28,11,5,13,90,29,6,3,1,0,4,21,2,1,4,2,1,2,24,0,4,4,2,20,8,4,24,15,2,5,2,6,8,0,3,33,3,7,0,25,40,11,46,8,8,17,1,11,3,3,1,4,4,5,3,1,0,2,11,66,7,25,0,20,6,5,12,6,11,4,28,2,11,0,2,13,3,4,1,21,8,12,0,5,6,3,0,6,282,4,5,1,5,5,3,13,5,0,9,0,7,33,0,5,0,4,6,1,21,16,3,9,1,4,5,7,2,13,0,4,2,10,22,9,16,2,5,61,2,15,9,14,3,6,1,5,0,6,0,3,4,5,1,8,1,0,0,7,0,3,7,2,2,1,2,2,4,3,1,1,19,7,21,5,2,3,17,3,0,1,0,3,3,15,2,41,119,52,4,13,13,2,2,5,0,2,2,2,12,18,40,4,17,1,7,5,2,1,9,11,5,9,50,40,0,10,6,4,2,37,0,1,3,3,4,3,20,0,7,10,30,2,0,20,2,7,1,7,1,3,4,0,0,11,7,8,4,0,7,1,3,2,0,2,4,0,298,3,7,6,2,3,0,15,0,0,17,11,7,1,16,16,1,7,2,0,9,11,11,21,5,0,13,42,10,17,7,0,25,1,7,1,2,0,11,7,2,1,4,1,5,2,0,3,4,1,5,4,6,78,4,4,0,0,132,3
"ENSG00000117983.17",28,35,24,2,7927,1,77,5,1,4,8096,4,13,12,5921,3353,14429,60,1,99,5,14,571,99,3,1,2,11,0,5307,13304,12,30717,19,17,122084,1,52,1,14,2,616,2,1,75,0,3,0,4034,0,6,39908,34,5,1,380,11,3,150,41,0,35,3,11,1,899,8,1,3,28,23,20,130,26,1,705,8,51,4,3,11,2,29847,877,0,4097,8,0,16890,10,65,43,4,14242,2,7,1,4,1,636,27,12,16599,0,0,698,6,20,706,5,9,88,5432,12,2,5,8211,20,15,13,2,69,4,2,7,46,141,6,14,23,46,109,13,0,5,52,158,104,778,0,588,3821,3707,52,39,17,29,213,6,115,63,272,12,125,0,1,5,65,4,5,3,1,61,36,5,76,64,71762,2,35,0,18,3,18,1,0,45,30,14976,0,6,38457,7,0,10,1,23,4,3138,1,2,45,2842,14,100,68989,29,62,17241,114,588,1,25,19764,18,21,33,84059,29,6,5436,101,123,2,3856,80,1,1,3454,6,46,5,1,193,151,75,21,203,0,1,10557,15,42,1,59,1,471,7,2,1,6659,4,2,5,8213,5,6,6,21,7,61,137,15,25885,132,8,54,10601,3,6412,11,66,3232,97,7,13,2994,113,5,1679,2,38,4,13,0,0,55654,34,4,3,0,20,0,164,14,8,25,200,0,109,6,19,0,0,3,480,249297,26,12,11,368,9506,16,48,0,3,3,5,30,7,5,58,5,55,7,169,2,6,43866,1,788,5,4,699,138,45,10,3,6,70,3,1,34,3,22,263,3,373,4,1184,48,4,11,6,3,1,0,41,5,6,77,5027,22,4,1,497,5106,305,0,82,1,28,2,184809,3,3111,14,13,15,4,0,4,12,3,20,58,7,350,1,16,16,0,2,29,4329,5,9,1,0,2,7,4,29,1,8,4,53,4,12169,2632,7,0,31,0,79,14,1,0,0,11971,28,2,5,11,7116,6,3,0,6196,1286,84,1,6,66
"ENSG00000118156.12",4,1,32,6,19,15,3,58,6,6,0,10,4,26,3,74,18,62,24,3,141,10,73,116,78,75,95,537,19,17,86,15,14,161,1471,12,120,7,5,5,229,14,10,95,81,16,27,19,3,10,13,101,69,2,10,38,98,5,143,15,354,71,2,21,63,20,168,914,24,12,620,10,31,2,30,3,2,148,58,247,552,214,5,98,142,6,23,21,54,16,75,531,6,5,168,7,27,101,6,18,16,68,493,15,22,7,70,10,105,8,58,22,17,414,2,632,7,186,91,22,5,571,4,5,35,4,15,25,12,8,82,9,16,20,35,4,5,3,42,16,7,27,5,63,16,662,14,181,12,1,7,12,78,977,66,213,12,21,35,43,66,12,106,56,11,278,8,47,64,35,1225,2,8,51,16,185,10,35,13,3,4,5,79,10,229,47,143,564,27,94,103,17,17,95,295,16,12,13,29,15,13,42,29,2,5,49,5,110,29,101,32,114,5,247,14,2,8,11,32,32,4,112,6,6,8,3,217,5,13,9,17,22,50,17,22,16,1,14,12,10,10,60,429,39,59,7,2,24,109,16,2,9,8,3,12,39,8,31,36,15,501,777,55,7,7,11,6,9,17,2,25,14,13,9,15,14,9,3,19,115,3,5,128,18,131,20,2,19,2,14,36,14,15,9,58,11,29,46,23,5,21,19,17,52,29,7,23,221,34,17,15,33,19,143,89,41,4,26,54,53,6,38,3,185,194,79,96,6,70,6,100,17,17,24,25,22,11,6,4,1,3,42,56,4,17,377,2510,16,17,8,8,9,45,4,12,13,8,4,23,30,31,38,59,34,6,154,1,26,149,15,17,33,63,3,433,34,274,20,39,19,3,240,716,10,93,7,29,23,151,63,5,700,32,10,2,24,400,4,30,0,6,47,51,148,64,15,21,10,54,41,25,79,6,23,19,88,190,10,9,31,4,6,64,13
"ENSG00000118193.12",71,1,18,73,656,345,46,71,23,125,36,238,347,989,324,14,76,179,222,48,168,25,180,132,121,218,28,741,19,159,410,384,314,69,30,221,115,129,110,168,4,185,409,37,25,33,29,185,29,23,76,515,84,233,91,155,15,324,262,310,55,402,49,210,16,313,63,52,679,287,547,100,80,7,21,11,276,116,325,306,91,350,566,39,265,333,71,77,70,11,209,154,112,50,18,3,15,991,159,539,84,32,204,69,139,753,262,18,1272,231,281,33,94,305,108,47,1314,139,364,634,46,185,31,203,175,20,8,164,545,740,89,16,780,29,368,22,100,3,546,52,8,435,241,69,123,1373,199,335,166,546,22,6,163,167,54,380,39,385,116,243,75,61,284,206,195,223,321,258,464,2045,49,154,434,2346,60,138,124,87,309,338,9,516,201,724,93,50,671,44,135,497,27,1764,235,568,124,348,33,80,67,624,118,246,557,1264,8,169,22,696,113,161,67,180,299,228,289,234,42,37,60,296,9,69,26,50,12,6,208,1173,19,140,687,196,206,173,13,372,24,48,138,84,87,93,49,161,685,417,96,22,62,105,23,79,21,242,21,233,54,56,51,1778,617,199,1413,615,45,266,394,22,748,21,260,15,204,23,110,221,77,8,44,174,1394,211,33,3,149,205,8,76,42,172,37,137,58,18,59,258,1913,118,54,36,640,7,294,5,48,23,20,128,130,566,113,665,174,263,416,262,468,426,44,85,610,369,12,1048,315,279,14,32,41,15,852,86,42,165,1024,43,118,2068,57,46,15,151,134,412,569,274,3,38,134,2,48,604,98,350,52,25,319,516,304,132,158,13,114,573,1176,87,62,851,21,143,191,255,83,48,219,32,373,6,82,694,15,252,167,21,52,76,293,87,131,480,233,197,12,340,129,274,227,263,91,16,94,61,129,30,366,23,589,266,67,50,225,83,52,28,270,390,38,666,216,90,13,11,433,15
"ENSG00000118432.12",22,5,168,2,28,5,2,25,33,41,0,5,4,1149,460,13,8,1,0,8,0,1,3,2,25,20,2,5,16,7,2,4,35,113,2,5,205,4,1,4,1,5,15,7,27,0,4,0,42,8,15,873,12,46,2,1,4,6,4,3,3,170,4,13,3,18,8,7,7,9,927,18,4,1,1,5,2,2,120,263,471,237,11,6,27,0,0,41,37,0,24,21,1,0,0,3,2,360,19,10,5,63,4,0,1,4,5,23,688,78,6,14,2,3,15,9,4,106,160,565,7,4,14,5,1,3,13,206,4,21,10,3,216,17,3,9,25,2,203,7,4,12,42,7,54,0,11,0,4,149,0,2,6,152,22,2,0,3,2,7,20,2,158,10,0,391,172,1,13,110,2,3,18,1613,1,5,1,70,17,1,2,42,3,5,334,5,255,3,4,5,3,1,3,4,16,240,4,3,5,1,1,6,0,1226,4,73,10,0,81,13,13,13,1,198,244,99,5,4,131,1,1,1,1,4,15,3,87,4,0,21,8,10,10,6,3,7,5,4,65,5,10,15,41,1,4,5,163,0,43,1,12,3,1,1,7,14,14,0,2,466,239,142,1,930,6,6,2,7,202,9,24,14,97,6,11,0,5,1,4,28,66,270,206,3,5,4,3,13,0,4,20,7,2,4,1,293,6,32,45,33,4,6,213,3,14,3,5,9,0,222,17,2,3,1,12,172,293,931,88,5,6,0,7,0,19,7,10,1,230,2,325,10,0,3,8,7,9,6,4,3,3,13,44,16,135,9,19,1,30,1,2,3,15,42,1,5,1,3,18,6,33,6,2,1,4,16,0,0,10,2,2,6,76,2,970,4,795,4,19,3,136,34,135,0,10,2,27,7,6,1,6,15,3,4,6,0,9,110,167,4,2,2,10,9,2,13,4,397,1,63,9,1,4,8,2,0,109,517,4,6,2,6,111,7
"ENSG00000118557.16",11,1,10,27,72,60,6,1,16,9,12,93,34,180,31,8,3,79,3,151,87,5,7,35,9,66,51,19,34,60,30,67,23,9,83,13,38,11,3,0,6,58,19,43,16,6,27,151,6,299,6,75,8,36,41,5,42,15,25,2,29,47,67,13,13,20,8,43,90,9,726,40,20,1,3,6,70,23,36,65,102,24,53,67,70,10,36,76,101,4,150,463,5,10,86,0,29,31,30,27,11,13,6,5,13,30,48,5,118,16,54,11,56,27,34,56,83,26,14,67,62,83,13,45,115,4,3,10,92,253,5,5,163,164,12,5,6,6,16,13,3,106,116,13,79,8,25,8,71,5,3,4,215,35,76,133,0,26,69,190,60,3,108,20,29,46,87,17,1,18,30,25,5,19,5,32,20,32,37,82,0,7,121,23,131,28,12,4,7,3,12,68,20,111,82,49,7,34,1,11,2,43,50,82,4,452,19,7,56,3,24,53,17,33,66,12,12,32,34,354,0,6,8,7,7,2,8,33,11,62,22,42,44,46,12,237,1,22,8,37,16,21,30,20,39,169,19,63,15,3,5,20,2,89,6,7,6,15,183,49,34,13,119,58,4,20,14,6,10,6,28,5,18,1,44,10,12,1,10,15,35,67,16,1,9,15,5,63,10,34,11,32,62,49,32,34,314,206,13,573,23,10,86,7,14,4,3,22,64,72,17,118,363,29,20,12,24,21,29,251,136,26,6,158,214,9,8,16,11,5,54,24,109,16,13,4,17,5,8,31,2,355,41,17,14,7,3,28,13,4,11,322,8,115,5,3,36,113,28,12,17,10,144,28,27,5,2,15,13,7,23,74,18,13,44,13,5,4,1481,20,5,24,3,16,18,10,56,5,6,4,82,24,8,44,25,25,83,68,15,4,23,28,29,3,92,18,37,51,0,64,61,2,13,25,2,32,6,42,22,6,2,2,125,2
"ENSG00000118733.17",0,1,0,0,0,1,0,0,0,0,0,0,0,0,11,0,0,6,0,0,0,0,0,9,0,0,0,95,0,11,75,9,156,2,15,0,1,0,0,0,0,0,0,0,0,0,0,1,0,0,0,141,0,0,1,0,0,0,0,1,0,23,0,0,0,0,0,0,0,1,131,0,137,0,0,0,0,0,0,5,0,249,0,0,7,1,0,0,0,0,0,1,0,0,0,2,0,2,0,0,0,1,3,0,0,0,209,0,92,0,1,0,0,70,0,64,0,2,1,14,0,1,0,0,7,0,0,4,0,18,0,21,44,0,0,0,0,0,0,1,0,0,0,0,1,3,0,0,0,0,0,3,0,33,26,1,0,0,0,4,3,0,7,0,0,9,0,1,0,29,0,33,0,235,0,0,0,0,0,0,0,0,23,0,0,0,3,0,0,18,0,0,0,10,65,0,0,0,0,0,18,0,0,67,0,10,0,0,24,0,0,2,14,15,3,1,0,0,1,220,0,11,0,0,0,0,2,76,0,0,1,10,0,0,0,0,0,0,4,3,0,0,0,0,1,0,1,0,0,0,1,0,0,2,0,0,1,0,0,109,13,1,0,60,0,0,1,0,50,0,18,3,1,0,0,0,46,0,0,0,2,0,0,0,0,0,1,0,0,0,0,0,1,0,0,0,34,1,0,0,0,0,0,2,0,0,0,5,0,53,0,0,6,0,1,0,0,0,0,1,0,0,0,7,12,0,1,0,0,0,0,0,0,0,0,0,0,0,0,0,0,0,25,0,1,4,0,0,4,0,0,0,0,23,0,1,0,3,1,0,54,0,0,0,1,0,0,0,0,2,0,0,0,2,38,0,3,0,0,0,20,137,0,0,0,0,0,0,0,0,0,0,0,0,0,0,0,0,0,2,0,0,1,0,0,1440,56,0,10,0,1,0,0,0,10,0,25,176,1,0,7,0,3,2
"ENSG00000118785.14",967458,418,79,174366,1782,118,7837,25,682,49614,732,12240,911,77409,222161,4379,16,11431,7192,592,2916,334,169240,461,700,396,46530,7929,2470,286552,2475,212666,91039,473,20478,757,164333,880,5824,8261,82,21452,4193,24559,2133,2316,98891,161522,5417,961,196,20669,664,4473,170,877,294,65,116,527,179,31764,1249,751,84,69,70,1226,763,2961,128948,153218,2658,1143,1478,631,102486,163,18599,3345,92845,1433,17434,287642,1143,102,505,2889,89843,29727,24478,11639,188,16138,246,48,172,4374,30717,5317,29610,131,131603,32,43333,497,226,750,25278,4790,2523,1208,53745,10919,3819,669,13063,210,51517,416541,115940,3584,46,118850,42875,217,714,85,151,115890,4068,241,43928,121254,122341,397,295,389,9203,635,566,13586,71128,1334,2251,37034,10946,412,16036,218407,633,1344,196,1610,5026,30127,225,2886,78284,7522,1185,146702,12992,2261,2787,16038,142746,7125,1050,20600,1415,775,58874,2572,68511,338,123367,17334,33806,8517,196,1309,7949,4299,573,14687,1817,16,303,336,645,24581,4803,48736,29384,58,1247,173202,164,10516,243,2110,17708,129,1612,12408,80,223,4186,29,7809,704,131421,12566,3187,257081,19371,1679,11109,219418,143,46,3896,871,1934,1515,21,3497,6570,48741,239,169,17383,51753,22,313229,595,16414,77607,3032,32030,139243,6533,237,26486,26960,10657,2308,4566,1027,1921,126,301,10771,836,301,1301,251,56935,2722,5822,958,64549,4031,576,529,22478,932,748,1773,164977,530,30826,774,32197,33,12151,167,655,2971,1546,18886,62,1349,188,3379,609,13838,5712,4603,2923,10205,281,109521,11827,2755,32383,2176,1706,110616,1639,51,9400,565,8373,15219,31045,2321,1705,3463,1595,346,11314,5435,4979,33606,20327,17589,8463,118504,4159,198021,701,193,16247,74,3648,517,139556,872,71053,1269,237550,959,1338,1920,536,446912,994,13562,382,214299,85676,1857,10029,326,87,487,4796,869,758,117487,864,19615,11,831,8919,161036,1045,1101,5689,930,136045,341,505987,62,6620,2472,1014,118392,769,37000,1256,24579,10417,22,4499,9178,12,3227,62,614,56,39280,1608,217944,257,932,45005,104,33807,178,732,5302,6,4637,3715,2147,34397,3048,9995,165,3868,14485,336016,164,68414,49228,13,107797,84002,409,283,93,5421,3,1630,13623,4698,3345,245,27,9918,1573
"ENSG00000118972.3",122,16,0,1,0,0,0,0,0,17,0,1,1,0,0,5,1,0,0,1,1,23,0,5,0,0,0,0,0,0,0,0,0,0,0,0,0,7,0,0,0,6,1,0,1,0,0,1,36,0,0,6,7,0,0,0,0,0,0,0,0,0,0,3,62,0,0,0,7,0,0,0,0,25,0,2,4,0,0,0,1,0,2,0,0,0,0,0,0,0,0,0,0,0,2,4,9,0,0,0,1,0,5,0,0,0,0,86,157,0,0,2,0,1,1,0,0,0,0,0,0,0,0,0,0,93,25,0,1,0,7,4,0,0,0,6,0,0,1,0,2,1,5,12,1,0,0,0,1,5,0,24,0,0,51,0,0,2,0,1,0,0,2,1,0,500,0,0,0,1,0,0,0,125,1,0,1,2,28,0,11,0,0,0,0,2,3,0,0,0,0,0,1,0,0,0,2,0,0,0,0,0,1,1,122,0,0,0,2,0,0,0,0,0,18,0,0,0,1,0,0,0,0,0,1,71,0,1,0,0,0,0,0,0,0,0,34,0,0,0,0,0,0,0,5,3,0,0,0,0,1,1,1,0,2,0,0,0,0,0,8,9,11,0,25,0,0,38,0,7,0,23,0,15,0,0,1,2,0,1,0,1,0,13,1,0,6,0,0,0,165,0,0,1,0,0,4,0,0,1,1,0,7,8,0,0,0,0,0,0,0,1,0,0,1,8,0,0,0,0,0,0,1,0,2,1,46,0,0,7,0,2,3,0,2,7,0,0,0,2,0,0,0,6,0,0,0,0,3,115,331,0,14,1,0,82,0,0,0,0,0,1,3,0,12,0,0,0,0,1,1,2,0,0,2,0,0,311,1,0,0,0,0,1,29,0,0,1,1,0,0,0,1,0,0,1,0,1,14,8,0,0,0,0,5,0,6,0,0,0,2,0,0,0,0,0,0,0,0,148,9,1,0,173
"ENSG00000119508.18",354,322,99,191,123,50,11,45,147,202,181,52,56,470,28,2703,17,106,10,186,165,343,98,414,118,72,8,1107,68,280,8,112,64,530,21,1884,665,13,91,225,56,54,164,180,1027,38,52,43,635,1496,48,371,1687,64,193,20,1397,130,172,88,86,242,41,1112,1022,121,98,192,64,66,78,345,160,276,13,11,66,27,15,133,67,15,266,43,15,54,37,1,172,16,21,40,7,23,78,85,40,156,60,312,75,323,185,59,255,211,22,795,78,24,173,1125,882,139,81,300,406,62,23,47,18,117,31,41,29,281,342,51,195,110,20,223,43,160,48,495,115,395,32,94,646,1224,1472,411,875,290,258,11,260,609,136,494,54,117,116,10,7,278,63,332,126,29,38,126,26,88,218,28,43,110,7,12,131,43,90,98,52,33,62,101,868,257,35,241,105,58,575,15,226,56,215,207,71,23,66,5,28,27,98,128,62,42,64,30,367,54,312,111,27,509,39,131,17,69,1017,72,258,257,645,209,340,47,99,161,298,473,84,134,99,41,20,374,90,30,36,57,201,87,59,448,204,117,228,175,78,65,32,79,128,23,48,4,35,65,58,25,1388,19,30,139,38,51,163,22,695,31,73,714,176,383,105,89,48,1658,225,11,30,278,50,60,32,24,12,513,372,34,109,535,106,158,1210,255,83,14,37,22,70,126,2166,79,63,27,513,100,23,92,24,59,11,44,19,33,26,40,65,188,133,144,178,59,41,69,339,65,127,12,3615,275,72,317,21,324,312,112,234,1588,14,559,32,102,714,251,110,38,52,223,219,30,12,1202,183,245,336,48,40,697,13,115,43,35,270,120,249,35,55,4,15,87,902,33,396,34,3,10,270,12,269,739,13,164,357,53,9,316,734,23,124,56,16,350,22,14,72,150,19,59,86,24,1783,373,19,40,129,26,85,53,98,314,64,98,723,142,123,243,62,152,18,91,21,585,470,73,31,927
"ENSG00000119915.5",0,0,10,1,10,3,0,2,2,1,1,7,3,26,83,2,2,104,7,1,3,4,2,1,47,40,15,7,0,9,0,6,7,3,11,39,2,1,11,6,9,3,14,0,6,3,1,12,0,0,7,27,7,5,4,35,3,0,52,0,0,85,0,2,0,7,0,2,7,2,22,0,3,0,1,5,7,0,12,5,38,114,36,0,14,3,0,1,19,0,15,37,2,0,1,2,1,18,15,4,1,5,37,1,1,2,7,3,155,6,6,3,0,29,1,19,5,0,17,5,1,25,1,1,1,2,2,44,2,45,6,0,65,0,12,0,3,3,336,18,1,4,6,2,2,55,0,14,2,0,0,0,19,99,7,0,0,1,4,34,1,2,4,7,8,59,2,193,7,31,6,5,0,695,1,4,2,8,5,10,0,3,17,5,0,3,1,3,4,15,0,314,75,13,46,17,2,1,13,40,1,14,8,152,3,12,2,10,3,0,5,6,16,31,13,1,2,0,2,8,0,14,2,0,3,5,0,30,6,1,1,21,12,2,0,5,0,2,2,0,2,1,0,0,4,10,6,0,3,3,0,5,2,1,0,2,3,3,2,50,28,22,29,23,5,4,3,3,52,1,2,0,10,3,0,0,0,4,1,2,84,0,1,4,2,3,1,1,4,3,2,1,0,24,12,42,7,1,2,6,19,1,20,13,55,1,2,4,25,4,1,2,4,1,14,2,8,15,20,0,8,0,0,69,14,15,2,2,2,0,20,7,2,5,16,4,0,3,13,8,2,2,6,135,36,8,2,5,30,1,3,110,1,8,0,3,8,0,45,0,6,6,1,68,0,0,12,9,0,3,5,8,0,2,185,0,59,3,0,180,1,36,4,4,1,7,0,11,2,1,5,0,2,2,2,9,33,18,4,0,0,0,5,0,7,2,18,1,12,6,5,28,5,5,0,0,103,8,417,5,3,0,1,1
"ENSG00000119946.11",1901,26,130,15,294,118,0,1046,9,1588,45,159,972,1439,134,50,5,16,964,1997,426,12,20,125,5,482,312,2,6,123,97,23,255,253,645,3,3,2,280,585,173,654,9,21,82,12,365,84,17,17,475,9,72,55,650,0,17,3,2,2,3,1,3211,24,0,1777,2,286,111,7,504,13,28,45,677,28,1470,58,224,18,2415,2,530,222,76,17,6,982,4,78,902,1558,17,10,104,10,35,9,843,91,44,190,527,963,22,292,329,52,767,78,185,43,19,15,34,130,166,23,343,81,384,0,138,950,8,12,41,0,83,969,4,32,103,49,77,70,652,152,286,0,23,307,257,58,146,5,94,40,14,4916,24,34,396,437,588,410,1,65,483,2,38,157,588,35,222,6,312,63,28,6,3,1,4811,2,64,304,353,7,365,18,45,144,312,78,1204,6,37,5,5,0,117,794,2,20,8,1151,54,1349,2,690,4,2,387,0,29,53,24,3,40,0,110,19,213,5,138,1599,0,1973,13,10,36,7,6,1,149,20,2490,5,2,28,3,55,5,7,744,18,9,78,2,13,188,530,1009,201,489,623,1,335,18,1735,14,11,28,0,10,6,90,48,4,7,109,2,125,39,9,32,64,74,0,23,29,41,109,31,476,524,18,29,906,1,3,59,0,13,1184,17,14,118,263,9,180,372,759,1249,906,231,21,917,7,1165,20,31,1845,58,230,4,6,14,37,1792,1321,608,5987,96,68,1015,6,72,26,64,278,1687,82,16,17,449,63,2,73,4,0,39,107,774,5,32,3924,64,3187,12,10,10,23,830,151,9,0,11,88,10,14,1339,1018,290,919,21,561,332,34,2,50,310,220,8,29,1254,127,425,2,3,10,681,3,1189,1,2,4,39,207,0,78,2,69,33,103,3,23,793,196,5,71,157,30,489,422,18,163,2,720,12,5,174,12,1245,1,51,1,37,0,19,113,4,0,56,3,5,26,3,48,67,93,292,5,21
"ENSG00000119969.15",79,20,72,115,822,446,119,131,41,243,93,509,890,1223,339,71,58,263,207,213,140,20,83,145,212,318,116,652,90,312,802,695,300,111,108,343,75,76,309,360,27,218,659,62,86,232,55,176,27,142,121,319,328,843,129,300,34,980,303,729,40,248,107,285,29,473,260,109,554,1070,1104,169,92,13,124,20,616,98,1299,485,412,347,1582,84,275,159,68,127,132,21,238,282,322,137,36,31,87,684,606,685,107,90,252,97,180,501,470,32,2252,663,202,92,150,293,334,115,2239,280,356,858,70,540,56,283,215,21,10,243,676,719,189,18,622,64,764,56,188,39,1001,48,33,1460,499,128,284,1998,347,891,606,187,25,23,262,286,89,397,82,611,495,441,196,68,421,324,236,348,559,946,755,1823,37,232,304,1650,74,158,105,273,445,227,27,153,198,895,159,94,359,51,71,382,117,1578,1610,614,75,566,107,182,63,1075,70,794,584,929,20,227,43,455,171,417,115,484,257,183,600,425,35,31,176,962,21,265,279,65,109,50,374,1380,31,205,1433,330,225,298,20,432,55,147,255,234,71,197,49,59,994,1369,439,67,124,237,44,145,79,637,60,808,197,42,149,1485,862,189,1410,1689,45,326,739,30,1152,50,314,30,1270,31,144,716,299,39,65,377,4281,296,147,11,84,811,17,181,177,152,213,99,117,104,100,752,2237,116,103,187,1220,40,1167,35,270,48,36,189,170,1226,190,672,242,291,263,317,1008,660,98,128,345,406,43,3172,264,565,66,98,67,18,350,165,85,517,1174,63,367,1017,89,122,22,175,123,294,840,120,36,34,451,17,78,1422,117,1118,80,85,707,752,1081,321,328,121,149,828,429,77,74,1350,40,100,617,330,86,197,1070,71,768,60,183,2983,86,533,299,24,156,110,499,193,323,847,453,102,60,712,174,305,264,1147,181,34,192,320,99,42,581,102,386,517,161,118,324,174,89,47,82,111,119,2797,520,163,18,56,574,39
"ENSG00000120068.7",8,0,68,1,1,1,0,1,6,6,0,0,0,1,3,1,2,7,1,1,0,0,7,0,15,8,0,0,0,2,1,3,2,3,0,1,5,0,0,1,1,4,4,1,2,7,0,5,0,3,0,0,0,2,5,4,6,2,1,0,0,4,2,2,0,6,2,0,0,2,4,0,2,0,1,0,115,16,1,26,4,1,2,3,2,1,1,3,14,0,2,2,2,0,0,0,0,1,1,4,1,0,50,0,0,1,0,0,95,2,0,0,1,0,16,3,2,1,1,2,0,1,6,2,0,0,1,1,1,4,1,0,3,4,1,0,1,0,2,0,1,89,9,0,16,9,20,0,1,0,0,2,0,17,0,0,3,0,0,1,9,0,1,0,16,3,3,2,3,64,3,1,2,4,0,0,0,0,64,1,0,9,3,1,0,0,0,0,0,2,0,1248,7,1,6,2,0,2,0,3,0,10,3,0,0,1,6,0,3,0,0,3,120,3,0,8,2,0,0,2,0,0,3,0,0,0,2,1,0,1,1,1,4,15,1,7,0,3,0,2,2,4,6,0,0,61,0,8,10,0,0,2,0,0,0,3,0,0,1,52,2,1,32,1,0,3,1,0,2,0,1,0,0,0,0,0,1,0,12,3,0,4,0,0,7,5,0,0,0,0,2,0,4,4,0,717,7,11,3,21,0,2,7,0,11,3,0,1,3,1,0,0,1,9,2,87,0,43,0,4,1,4,0,1,2,1,0,2,0,0,1,1,2,4,0,0,1,1,9,4,0,5,3,2,2,0,0,23,1,0,7,1,1,0,2,0,1,16,0,0,2,9,0,1,2,1,0,4,0,1,0,4,2,0,0,1,1,0,8,3,0,1,1,1,0,0,0,0,2,0,0,6,1,1,0,2,9,4,0,0,0,0,8,1,0,5,1,2,0,0,0,0,2,7,1,0,0,201,0,1,0,0,13,4
"ENSG00000120210.8",1,0,0,1,0,0,0,0,1,1,5,2,0,17,3,2,3,0,0,2,0,2,0,3,71,1,1,2,1,3,317,2,6,3,1,6,2,0,3,4,0,1,256,0,4,0,1,2,1,0,1,178,1,53,1,2,2,1,0,1,0,22,2,1,0,1,1,1,1,87,285,2,1,2,1,3,2,0,0,2,228,49,4,1,4,3,2,6,5,0,0,1,0,0,0,1,1,5,4,2,1,0,2,0,2,1,4,0,88,0,0,5,2,3,0,2,4,1,0,1,0,3,1,1,1,4,4,0,4,0,3,0,7,1,1,2,3,3,113,1,5,0,1,2,4,2,4,0,2,2,1,0,2,2,3,2,1,0,2,17,6,0,1,1,0,2,3,0,1,2,0,1,2,82,0,0,0,1,6,2,0,1,0,4,1,1,2,2,0,135,2,6,11,3,61,0,1,0,0,1,4,3,0,0,0,2,1,7,0,7,4,0,2,5,1,0,0,1,0,3,1,1,0,0,1,0,2,18,3,1,5,1,1,4,0,5,0,3,0,0,0,1,2,1,6,0,0,1,0,0,1,0,0,1,1,0,0,0,2,120,27,2,9,40,1,2,0,1,1,2,3,1,262,0,2,0,0,0,1,1,0,0,1,0,1,1,0,0,2,0,7,1,1,0,1,1,6,1,3,2,2,0,8,0,0,0,2,214,1,543,5,1,1,1,1,3,1,10,5,1,3,3,2,5,4,1,9,1,2,0,16,3,1,1,4,2,0,4,0,0,0,1,1,0,230,1,1,0,0,0,2,1,1,273,0,6,0,3,1,0,3,0,1,0,1,2,4,1,307,1,2,0,0,20,126,0,1,1,1,0,0,1,3,0,2,1,1,0,0,1,1,1,1,1,0,2,3,0,5,0,1,0,1,2,10,2,6,3,0,4,5,0,5,1,6,2,1,10,1,2,1,0,1,1
"ENSG00000120251.21",0,0,0,1,0,0,1,0,0,0,0,0,21,338,5,0,1,0,0,1,0,3,4,0,1,10,0,0,0,5,2,1,0,0,0,1,1,0,0,1,0,0,0,0,0,0,0,0,2,0,0,17,0,3,0,0,0,1,1,0,0,176,2,12,0,0,1,0,0,0,808,0,0,0,0,1,25,0,12,29,2,15,0,0,3,0,1,0,2,2,4,21,3,0,0,0,1,1,1,1,0,0,0,0,1,4,1,0,80,221,2,1,1,0,0,4,1,0,4,1,0,7,0,0,0,0,1,1,0,0,1,0,102,0,0,0,0,0,30,0,1,1,10,1,26,133,3,1,1,2,8,0,0,224,3,0,0,0,0,3,0,0,1,2,0,28,13,0,0,0,0,0,0,422,0,0,2,5,0,0,0,3,0,0,3,0,3,0,1,54,0,0,1,2,59,0,1,6,0,0,0,6,1,513,0,5,1,0,2,0,0,1,1,2,156,0,13,0,3,4,0,0,0,0,0,0,3,523,0,0,15,0,0,6,0,0,0,2,0,1,0,1,0,1,0,0,0,0,1,0,0,1,1,4,0,0,0,1,0,1,1,1,0,53,0,0,1,2,9,0,0,0,5,0,0,0,0,0,0,3,751,0,0,0,3,2,0,0,0,0,1,0,0,0,1,5,22,0,0,1,1,0,0,0,10,0,0,0,11,2,0,1,9,0,1,2,21,0,0,0,0,1,0,4,0,3,0,1,0,0,8,0,1,0,0,6,0,1,0,0,0,0,0,1,22,0,0,0,16,0,0,0,0,15,0,1,0,3,0,0,2,2,1,3,1,0,1,1,0,0,0,0,0,0,60,0,296,0,0,3,7,1,1,0,1,2,3,2,0,0,0,0,0,0,0,0,0,28,2,0,0,0,1,0,3,17,1,3,1,0,0,0,0,4,0,0,11,0,4,0,0,0,1,3
"ENSG00000120262.10",22,13,182,167,110,525,4,392,99,29,1759,3315,1509,233,87,60,34,126,2632,45,146,268,114,496,32,556,200,233,100,39,117,159,175,182,159,456,1314,126,1015,2078,48,19,31,3092,75,182,62,201,18,444,76,300,319,395,498,451,2174,155,2950,85,3726,111,1351,459,167,44,168,4508,138,145,161,190,73,22,45,32,34,210,72,508,784,257,35,32,256,11,445,665,42,93,171,153,137,24,478,39,1856,169,76,75,99,91,46,1609,140,30,316,79,119,5,141,100,185,205,19,101,216,53,9,1869,69,175,107,375,213,34,61,14,104,196,93,51,148,43,72,73,751,36,71,145,30,269,86,102,86,136,61,68,19,59,62,30,126,226,67,500,45,88,399,389,227,33,102,29,3,991,36,47,631,2850,192,179,940,847,33,252,227,16,94,1605,46,28,161,127,1300,221,308,61,46,253,52,247,86,1333,420,47,39,97,59,296,124,521,416,3982,25,48,69,266,562,402,141,270,14,175,243,31,777,631,61,360,22,219,26,91,34,18,5211,123,41,452,22,49,149,989,2496,220,18,1840,72,292,122,154,6853,24,19,307,26,160,581,1862,98,47,25,24,48,150,51,15,647,66,490,2450,234,6,46,186,44,101,6046,22,233,34,64,51,250,93,20,3,1005,289,1342,573,73,31,569,39,31,37,13,117,130,177,257,160,1318,9,43,1070,580,31,398,16,71,61,38,117,467,293,99,543,4780,204,345,64,431,80,1888,136,79,240,44,48,42,48,83,57,79,1240,441,16,3576,42,43,156,1894,77,838,151,1520,19,88,2683,270,7,650,228,38,25,56,38,46,57,221,238,861,52,8,15,76,63,192,210,976,16,34,100,29,76,176,112,39,1884,43,353,607,24,4819,16,257,137,21,105,369,123,231,37,261,593,49,425,13,2411,106,770,353,151,259,76,515,35,122,142,37,449,152,474,159,181,96,84,198,68,181,109,105,6,959,229,73,95,24,300,1922,78
"ENSG00000120322.4",123,0,0,3,15,15,0,37,1,106,2,9,0,2,3,2,94,0,0,29,16,3,21,11,19,20,0,49,78,2,96,7,6,15,6,35,5,1,1,13,4,36,280,12,9,1,1,6,3,2,2,15,7,1,12,0,16,59,2,5,2,348,0,9,2,115,3,2,10,0,39,10,11,2,0,4,15,0,80,8,10,3,8,1,1,3,1,0,22,0,4,21,14,0,1,0,0,10,7,16,8,13,2,2,6,23,3,3,117,254,7,9,18,2,0,37,32,37,1,3,1,2,1,0,1,1,1,26,4,445,60,6,1,3,5,7,6,4,2,17,2,3,27,1,35,4,0,4,2,1015,4,1,2,1,3,0,6,22,5,5,3,0,49,14,7,2,2,1,110,15,332,9,9,1,1,2,3,26,11,53,2,816,4,13,5,0,11,9,103,1,7,406,2,5,7,0,2,1,5,56,3,3,8,2,5,5,5,5,8,0,14,5,0,208,9,42,1,0,5,29,5,0,1,10,1,2,8,2,0,8,0,29,7,3,1,95,3,2,5,1,70,15,2,0,55,8,0,0,6,12,3,1,0,4,0,9,8,4,5,3,5,8,0,4,3,9,5,3,0,2,11,4,0,7,8,1,0,5,25,2,110,0,2,0,2,3,6,1,3,3,20,4,6,3,2,5,10,0,14,74,5,7,186,4,7,1,0,76,1,5,16,279,1,5,21,485,1,109,44,7,335,0,0,24,8,2,11,28,4,1,8,3,10,2,15,11,0,13,3,13,4,6,366,37,2,138,8,0,0,1,1,6,14,10,0,4,131,23,7,0,67,6,5,110,537,2,47,9,15,3,0,8,23,0,385,35,4,8,37,5,12,2,53,0,3,0,8,3,27,0,39,1,2,4,2,0,31,25,8,3,2,0,138,1,7,126,1,7,2,32,8,1,1,1,8,59,2,304,6,0,0,3,7,6
"ENSG00000120334.15",114,5,131,68,488,219,61,96,52,153,86,293,321,941,585,48,180,286,285,218,174,34,208,143,96,208,97,407,68,130,308,258,194,97,108,266,150,113,168,190,20,170,273,92,67,78,49,322,19,50,148,363,95,194,99,151,37,319,330,500,68,385,105,183,39,329,29,66,1201,416,389,113,66,12,28,26,394,103,253,180,92,250,395,86,313,166,110,152,148,23,331,259,116,82,99,12,32,602,216,478,98,52,458,75,117,339,274,21,868,201,126,98,170,165,160,85,969,225,466,437,122,174,62,225,198,17,17,248,256,867,59,35,893,51,454,42,93,29,506,34,19,737,125,56,154,1624,152,381,159,303,18,39,277,205,60,254,65,305,157,194,134,61,259,164,195,476,217,397,584,1305,120,85,292,1880,81,112,130,158,140,160,30,293,182,218,102,81,308,61,119,447,74,488,427,326,123,402,31,92,64,481,112,1144,344,1149,27,220,39,982,129,373,68,216,515,136,144,199,85,79,104,208,9,83,83,66,46,28,198,625,62,139,335,141,194,173,45,311,36,98,122,94,91,98,75,186,434,291,75,40,81,123,40,98,21,289,50,181,55,167,230,565,363,191,1419,450,35,142,323,31,700,25,303,27,172,24,178,177,128,15,97,271,711,240,109,10,106,172,19,106,92,226,77,151,117,57,134,194,932,195,132,262,405,46,452,39,148,48,23,145,187,311,86,641,305,325,294,267,500,342,84,96,499,211,26,853,249,231,56,96,99,17,482,116,49,232,569,49,113,1884,82,106,27,124,141,260,556,110,20,116,202,17,37,281,91,268,90,32,449,459,302,87,350,54,107,303,929,117,155,357,82,180,385,159,99,73,671,38,360,20,119,422,53,215,190,39,61,86,359,92,129,285,261,168,26,289,135,190,154,231,123,16,54,163,100,40,374,158,287,322,120,97,145,157,44,29,293,175,95,707,291,82,32,31,816,29
"ENSG00000120498.14",5,3,0,3,10,6,0,73,45,5,0,1,28,479,14,5,1,224,0,5,8,4,2,3,32,65,1,51,3,4,6,51,13,0,4,5,859,5,0,1,0,4,5,13,2,1,3,365,1,1,2,99,12,9,0,0,870,7,12,0,0,1322,0,8,25,16,0,1,0,24,1444,14,1,1,6,1,0,9,0,20,687,268,2,13,35,11,0,18,3,26,9,39,0,0,588,1,76,124,3,6,3,1,13,667,31,0,0,8,27,4,9,5,5,18,3,15,3,1,635,62,0,19,0,0,18,1,4,11,59,14,0,6,544,2,35,0,64,1,9,3,2,5,14,6,7,2428,2,5,5,1,7,1,0,621,6,1,1,64,923,11,0,13,425,9,0,92,53,2,8,458,4,3,2,3,6,33,2,428,7,26,2,251,0,5,511,1,99,12,0,172,3,1,43,21,20,36,5,325,1,69,0,2,7,17,5,422,0,16,11,0,3,80,13,27,15,2,0,0,535,2,0,69,4,1,2,0,14,1,2,3,2,9,22,14,0,4,1,0,2,6,2,1,3,4,8,3,0,9,259,11,0,1,1,3,2,17,3,12,0,1560,174,8,7,0,2,8,5,2,13,1,30,5,515,1,30,23,439,2,0,79,458,5,941,3,1,0,2,5,0,7,20,1,2,4,46,2,33,1,125,30,1,23,586,1,9,4,1,1,0,23,592,2,46,28,188,0,53,11,0,55,2,1,0,7,28,0,3,0,2,0,296,13,2,7,32,4,0,15,0,0,1,6,17,2,654,509,3,21,3,1,0,17,2,80,0,2,0,5,0,0,15,2,4,1,1,0,0,2,1,3,0,1,0,23,68,0,95,0,26,3,0,550,19,1,11,2,10,1,69,0,48,1,10,34,3,2,126,6,7,2,1,4,15,0,2,0,10,3,2,6,13,2,0,26,0,26,48,3,0,5,3,23,3,4
"ENSG00000120669.16",1,0,52,0,0,0,23,0,0,0,0,0,0,657,960,2,0,113,0,0,0,0,0,0,5,0,0,0,0,12,0,0,10,3,111,17,43,0,0,0,0,0,0,0,3,0,0,169,0,9,1,236,0,0,0,0,0,0,0,0,0,294,0,13,0,0,0,0,0,0,2,0,0,0,0,0,0,0,8,43,63,54,0,0,14,0,0,0,1,0,0,21,0,0,0,0,0,0,1,0,0,0,0,0,0,0,1,0,919,0,0,0,0,0,0,28,0,0,0,881,0,3,2,0,29,0,0,1,0,81,0,0,129,0,0,1,0,0,0,2,0,0,54,2,0,1,1,0,0,0,0,0,0,206,3,0,0,1,12,1,5,0,0,0,0,87,105,0,0,20,1,0,0,254,1,0,0,83,0,78,1,0,0,0,16,0,91,0,0,3,0,597,0,9,16,0,1,0,4,1,0,0,0,5,0,187,0,0,7,1,0,1,5,95,0,0,0,0,3,52,0,5,0,0,0,0,0,113,0,0,0,1,1,1,0,2,0,0,0,0,0,1,0,0,0,0,0,0,0,0,0,0,0,0,0,0,0,0,0,0,18,0,1,4,0,0,0,3,7,2,16,0,276,0,1,0,148,0,0,0,18,5,0,1,0,0,0,0,0,0,0,0,0,0,0,152,0,0,0,0,0,0,480,0,0,0,0,0,109,0,0,0,7,0,0,0,287,0,2,351,0,0,0,4,39,1,0,0,6,0,238,0,1,1,0,1,0,0,0,0,0,0,2,0,0,52,0,1,10,0,2,5,0,48,0,0,0,1,0,0,0,0,1,0,0,1,1,0,0,0,0,1,3,2,55,0,25,0,0,11,13,34,0,0,0,27,0,7,0,0,0,0,0,0,0,0,3,0,1,0,4,0,0,0,4,3,158,8,11,0,0,0,0,0,0,0,65,17,0,0,0,0,0,0
"ENSG00000120738.8",8457,12456,1916,10680,9678,2019,1674,7847,5411,2283,18020,1909,1489,6046,641,14699,2776,606,2067,8357,8525,5451,2726,17382,5278,703,307,38415,653,12780,25780,4049,5877,5573,3108,1291,5015,5451,5699,7474,5514,5900,14473,2243,49638,370,362,4427,13327,13838,719,6815,13259,6371,1142,1957,18823,13172,2092,866,1249,2688,106,7888,2784,4087,1391,912,4405,2644,7426,12715,4713,17043,1067,42787,5665,2878,3202,2930,1152,3515,5102,2087,858,594,2418,203,2371,8194,2659,1148,3363,981,297,6397,5335,7166,4946,4074,7104,39481,2122,770,8856,2502,540,25283,3106,14164,1778,19623,17073,1773,603,8106,3275,762,682,2804,172,2839,366,12012,1623,13196,6795,589,1087,897,20783,41420,989,2236,6841,63306,2620,39262,1165,4807,8561,12584,9826,10972,12326,16623,17252,3984,4226,8388,6192,18411,3213,1450,16323,1305,175,8182,569,4723,1382,527,4146,12517,863,1415,4293,2059,2041,3579,162,2135,10738,7051,3735,5775,2203,952,12651,7205,1420,2485,452,1531,1054,12067,7573,20776,1079,775,3863,981,2618,4188,1669,388,35118,9012,489,1154,7515,1368,5224,1641,58783,388,3413,740,1274,1129,14178,4245,4951,6433,3676,9230,41927,665,9429,18936,17365,2061,4164,4298,12363,23674,3583,11834,783,6090,2420,1763,2017,573,423,3142,50917,1030,2873,8570,3085,3380,4754,6535,1195,3588,5988,223,3780,823,884,2350,38344,21903,3765,3512,13161,6685,3448,26500,3711,4516,696,1034,22333,4943,4391,14753,1765,9952,5915,1610,1181,14960,8720,3168,3347,24626,1040,1036,2807,5067,258,9294,599,1421,13860,4218,3328,9329,34248,5283,6622,3148,705,2593,2285,3047,1938,1802,3509,547,1228,11905,2124,2092,461,3064,1256,405,1503,6915,1467,5055,2185,1281,2217,9709,7830,7243,6576,3878,36158,2608,7048,659,35471,1088,1003,5075,1693,8954,11824,1310,12346,43787,395,6940,6553,339,34625,1359,5417,5597,674,2683,3746,558,600,25755,31043,3869,7814,7983,1173,48375,4291,13969,4918,3132,42451,27849,8120,3166,7679,560,764,3720,6361,2465,1462,3306,679,149,928,4181,933,17207,11164,9273,757,2192,1117,2358,12853,15833,5748,3837,336,510,979,329,6838,1432,821,726,3666,1592,18363,6935,5835,451,3657,147,2325,17113,7010,1713,1253,4852,9198,3186,7414,6896,2563,263,565,7784,1077,48229,55701,16984,769,7197
"ENSG00000120833.14",853,1723,713,531,573,656,103,2025,733,3275,295,397,44,447,70,2816,580,470,74,2621,615,5647,556,921,485,275,70,4118,822,307,103,466,130,1085,950,1287,288,109,256,331,462,1354,411,1163,465,2685,843,419,5113,525,1222,186,1333,91,582,64,2631,1992,380,1415,764,265,2846,422,3151,933,1755,965,235,861,989,584,1153,3354,408,325,939,1041,95,408,183,49,3759,406,463,159,470,52,1051,133,399,433,102,50,758,1086,626,920,63,277,1202,3563,1087,389,414,398,1610,1049,358,345,490,1462,831,353,128,459,1280,5634,184,162,100,241,1210,318,332,3706,1202,458,1001,2558,326,2861,362,893,113,3769,2842,3767,266,128,399,1049,377,5888,2378,350,396,81,168,1410,5125,2039,647,1148,1189,132,536,998,342,288,170,132,564,380,74,596,413,116,1206,1034,41,384,446,102,522,139,486,71,1075,742,3034,1164,286,556,1699,531,1468,907,1594,181,3353,104,225,189,125,35,873,243,404,1397,743,629,244,561,1979,114,1526,288,1308,2351,455,291,72,799,663,312,118,858,616,2166,4055,349,203,2665,576,742,875,255,195,420,488,1538,447,222,333,278,1683,584,204,1815,1262,288,1328,226,519,207,55,886,473,223,3184,453,1121,149,2428,1791,2131,474,88,333,307,2101,256,248,2428,279,367,3703,930,5399,379,2571,42,1229,1597,211,42,622,497,133,4129,127,913,1760,3942,181,771,955,320,420,2128,875,525,459,184,309,160,1721,1895,929,878,245,181,1106,41,486,1300,999,1244,82,913,242,116,303,340,5196,182,455,1554,306,573,2423,4560,391,556,1207,2999,150,143,1689,142,618,879,777,1119,5574,244,373,146,82,5162,2868,1417,164,1744,514,1749,144,43,3845,3029,871,937,109,999,2691,495,765,121,24,1796,339,930,128,690,1411,543,209,1672,651,1851,247,57,64,1574,234,1226,1635,1285,1068,1351,241,650,477,1344,114,433,133,1363,541,202,286,508,526,379,5923,131,361,2069,4199,303,361,560,225,476,879,158,143,972,1551,737,894,295,234,213,2398,168,1236,109,3219,2389,945,161,3279
"ENSG00000120907.18",4,589,551,424,45,247,0,1882,1344,53,22,200,7,5,5,1539,10,106,368,491,542,4765,6,143,1741,1906,32,36,246,11,0,20,50,1895,166,110,139,254,18,156,105,16,1129,48,1519,3,40,56,1392,228,90,42,1565,2,36,96,2064,331,121,83,36,875,216,254,1014,173,1291,780,152,28,84,35,224,2950,128,2812,4,13,35,270,176,484,18,10,984,58,96,28,52,0,115,45,52,1,77,2012,1075,439,182,129,202,5466,4,30,110,13,335,3340,118,172,35,722,362,153,3,785,954,1519,104,105,139,127,1120,4,61,1588,285,122,9,68,1240,3941,86,217,236,4190,34,1232,73,864,1642,355,23,4980,91,20,9,3,14,4,2415,1511,980,1147,495,151,245,288,163,342,197,4,243,35,3,788,19,9,654,184,121,15,2,606,3,1184,38,0,295,392,2270,30,74,198,748,82,162,549,1661,296,77,2,0,160,132,5,1491,12,483,39,942,1053,58,1251,4041,80,416,208,28,3499,243,11,2,948,354,3,204,68,98,2266,1805,45,12,91,1108,2154,71,16,7,349,0,400,105,250,50,98,2484,34,74,1409,13,123,368,31,126,41,105,58,133,786,101,14,1113,5,2088,463,2861,5,7,431,62,360,240,12,2886,16,13,1087,14,754,26,1583,2,3516,174,68,0,1547,178,119,109,21,52,344,1013,61,948,16,12,222,829,182,3,86,47,0,58,387,2759,4,369,6,1,1643,23,84,249,385,4,217,1036,8,31,256,143,2,51,45,116,37,2096,198,1181,252,498,1,822,295,84,1638,61,76,238,798,196,3690,14,128,14,30,3751,1231,740,15,453,185,263,1,138,857,1834,3,801,127,52,953,29,12,159,2,591,86,221,1,70,1447,12,49,283,49,299,282,20,3,24,352,491,345,1715,140,428,300,312,46,628,209,11,7,138,18,5,191,1163,150,2,104,1326,0,444,1650,38,272,71,49,96,737,465,13,77,33,527,78,1646,1408,518,96,71,10,43,2149,1223,1482,37,1207
"ENSG00000120937.9",697,0,40,0,0,0,0,0,0,30,0,1,0,8,0,0,1,4,1,0,2,0,0,0,0,0,0,2,0,1,4,0,0,0,1,0,1,0,0,0,4,64,0,1,0,0,1,7,0,0,0,2,0,0,2,0,0,0,0,0,1,28,0,2,0,4,0,0,0,0,11,0,1,0,0,0,0,0,62,12,0,0,1,1,4,0,0,10,1,1,1,2,0,0,1,0,3,0,153,5,4,0,4,0,2,5,0,0,343,1,2,0,0,0,3,1,2,0,4,1,0,1,0,0,0,0,5,0,0,2,0,1,11,0,0,0,2,0,4,0,0,0,1,0,0,0,0,0,7,7,1,2,0,4,1,1,0,1,2,1,0,0,218,0,17,1,22,1,0,1,1,0,0,0,14,0,0,17,0,1,0,0,0,0,0,3,0,0,0,0,0,8,1,0,6,0,0,0,0,0,0,0,0,0,0,0,0,0,5,0,3,1,0,0,1,3,2,2,2,1,0,0,1,0,0,0,6,3,0,0,0,0,3,6,0,1,0,5,1,6,1,0,2,0,1,4,0,2,0,0,0,1,0,1,0,0,0,3,0,0,0,0,5,2,0,0,0,1,0,0,0,0,247,0,1,2,14,0,0,24,0,2,0,0,2,7,0,8,74,1,26,0,0,0,0,9,24,5,1,32,4,6,6,0,1,1,1,2,0,65,0,20,0,0,0,6,2,2,0,0,3,0,0,1,1,0,64,0,0,0,1,0,0,2,0,0,3,5,0,0,0,0,0,6,0,1,0,3,66,0,1,0,0,0,0,0,1,1,27,0,1,0,4,1,22,1,2,55,0,0,4,0,1,0,2,1,0,3,0,0,0,0,0,1,3,0,0,0,0,0,13,2,0,0,2,12,11,3,5,0,0,0,0,0,0,0,6,1,0,0,1,1,9,0,0,1,2,0,4,3,0,0,8,3
"ENSG00000121075.11",1,0,3,6,10,6,0,2,0,1,14,5134,100,2,3,0,2,6,29,23,16,0,1,0,0,0,0,1,0,1,9,159,0,0,0,80,36,2,972,1811,0,11,10,5247,0,0,0,2,0,0,2,2,0,47,73,3,105,6,1,6,421,36,12,0,6,1,1,6007,2,0,150,11,0,2,0,0,244,8,91,0,170,1,17,6,0,0,0,390,4,0,5,10,3,23,787,0,1921,2,10,413,0,0,9,9,0,3,1,0,109,2,3,0,1,0,5,1,16,225,357,2320,16,1,1,3,1,0,0,1,1,119,0,0,67,1,1,0,3,0,34,1,0,13,9,2,7,2,69,2,4,3,0,0,0,7,3,7,0,3,145,0,1,2,3,2,1,2,2,4,6,499,1,1,45,72,0,0,2,906,8,1912,0,1,101,1,126,0,0,3,0,0,2,22,2,2,2,13,0,1,2,21,4,7,4,4,0,19,1,3,0,0,1,1,6,1,15,2,147,134,12,6,0,0,0,0,1,0,97,2,0,514,1,11,20,92,6,931,1,166,0,0,3,1,67,4,85,4,174,16,73,30,4,0,0,14,0,3,1,0,2112,4,1,1,339,51,0,2,9,0,0,0,1,1,43,1,0,21,3,0,355,68,0,38,2,1,9,1,0,1,0,4,0,0,0,1,236,19,40,656,0,2,3,0,2,0,1,5,20,1,1,438,26,3,1,11,33,1,1684,10,3,8,2,19,0,45,1,6,0,185,164,0,3986,0,2,3,117,2,14,12,29,4,0,1661,1,3,24,1,0,5,5,1,1,48,1,9,2,1,16,9,8,11,1,3,786,25,121,2,1,0,279,1,2,5,2,354,6,0,0,0,1,1,0,1,1,0,0,0,76,2,4,12,8,5327,2,0,0,6,25,162,92,0,0,13,0,6,6,4,2,8,0,1,4,0,0,0,0,0,1,245,5,0,0,0,88,0
"ENSG00000121152.10",1684,6,22,87,330,120,61,111,36,1024,56,528,585,2081,717,41,52,338,273,122,213,20,138,167,125,203,304,626,70,392,374,591,649,98,53,357,262,41,400,266,17,273,519,102,74,79,39,285,17,45,106,752,132,565,154,124,32,392,408,598,54,360,131,628,18,316,84,94,1731,736,922,105,82,12,39,13,1635,71,928,603,571,305,500,101,309,120,59,80,97,20,351,229,111,131,103,14,51,361,302,646,135,29,500,89,141,566,239,26,2644,246,332,94,38,316,245,68,953,168,1124,1297,55,251,24,253,149,14,40,217,371,550,58,23,939,48,466,18,133,10,838,37,26,732,414,41,173,1200,370,240,523,544,34,27,268,624,58,479,75,568,346,264,161,136,354,269,230,411,604,796,292,1905,46,136,313,1406,53,145,295,341,285,274,13,181,148,454,103,99,414,33,103,1177,42,4436,529,1011,107,403,33,161,27,723,76,1195,430,1239,8,365,44,843,160,474,59,258,663,208,237,1137,123,39,169,447,5,202,103,27,45,25,197,1295,71,196,472,314,357,239,25,766,30,98,295,362,57,199,54,130,301,677,232,54,97,93,37,98,23,431,22,368,84,95,109,946,979,257,1318,798,38,204,210,25,649,29,576,26,811,19,92,429,383,16,76,442,588,413,82,9,198,394,22,89,102,145,229,133,59,105,553,1189,2032,191,300,517,468,28,1152,22,237,42,25,117,305,629,91,648,174,124,221,402,1104,548,29,167,310,1004,15,714,188,378,104,150,56,11,587,179,62,313,882,30,174,1701,88,54,14,181,59,476,966,294,13,80,385,14,71,1179,73,920,55,26,358,720,897,83,665,82,108,318,1732,64,80,989,53,168,331,217,38,179,1092,38,341,59,198,323,72,377,533,25,93,64,622,191,349,305,260,120,25,346,126,209,279,1464,123,10,80,200,99,29,638,92,372,738,136,48,205,230,30,24,128,118,182,2898,183,79,11,43,861,29
"ENSG00000121207.12",90,276,10,47,93,113,0,105,48,528,11,107,66,267,353,485,9,73,9,184,61,428,20,59,96,55,25,47,15,106,2,402,77,65,13,220,58,19,14,45,25,70,41,88,592,7,61,84,315,12,111,149,972,62,178,28,276,20,50,0,70,66,155,149,265,3,20,81,151,9,547,36,48,139,69,415,55,29,7,7,103,51,132,23,37,11,22,154,95,49,39,227,4,5,32,243,296,52,34,71,80,290,826,63,30,133,50,540,74,81,63,604,53,38,1,26,46,4,170,81,72,24,32,89,34,97,65,7,28,138,105,755,76,38,34,456,173,799,3,7,317,64,415,1019,90,184,81,33,16,13,505,356,29,21,38,145,63,221,134,17,23,120,19,59,9,30,122,7,8,93,17,19,330,36,42,21,74,79,204,188,489,19,113,28,120,62,61,91,35,27,109,1,11,50,28,66,773,83,62,17,8,15,60,75,112,29,26,29,82,24,244,28,101,44,110,66,24,61,13,133,354,36,2,42,234,154,178,190,20,43,21,50,34,147,93,68,290,50,12,32,50,48,310,66,52,185,11,27,64,98,65,41,160,126,518,55,831,2,71,14,43,44,49,29,487,112,75,610,27,204,69,232,13,756,79,13,16,248,37,3,179,48,14,221,123,40,288,17,25,37,642,96,50,144,191,22,125,146,79,40,151,15,182,378,6,38,31,51,31,80,114,5,726,45,67,208,169,35,83,28,140,161,419,70,63,46,342,180,48,419,413,34,161,97,58,1230,132,67,0,33,684,148,47,51,16,17,13,61,3,368,491,336,126,5,56,185,12,41,30,26,30,36,100,10,254,94,62,22,23,23,5,187,30,43,104,11,1341,270,50,58,7,19,78,20,475,19,20,58,10,8,111,73,441,33,175,11,91,5,752,445,12,54,74,42,292,7,61,38,3,143,127,8,45,53,19,159,56,51,16,970,627,178,576,709
"ENSG00000121388.6",0,0,0,0,1,0,0,0,0,0,0,0,0,13,15,0,0,92,0,0,0,0,1,0,0,0,0,8,0,2,3,0,2,1,0,0,4,0,0,0,0,2,0,0,1,2,1,3,0,0,0,78,0,285,0,0,1,0,1,0,0,4,0,12,0,0,0,0,0,0,168,0,0,0,0,1,0,0,0,174,136,102,0,0,21,0,0,58,0,0,0,1,0,1,0,0,0,1,0,0,0,0,0,0,0,1,3,0,2023,0,0,0,0,1,0,0,0,0,0,126,0,0,0,0,1,0,0,18,0,0,1,0,472,0,1,0,0,0,29,0,0,0,3,0,0,5,0,0,0,0,0,0,0,68,0,0,0,0,3,44,17,0,0,0,0,777,0,2,0,801,0,0,0,2320,0,0,0,0,1,1,0,0,0,1,8,0,20,0,0,338,0,0,0,181,1,1,0,0,0,0,0,0,0,56,0,318,1,0,80,0,0,0,0,2,0,11,0,0,15,15,0,1,0,0,0,0,0,1,0,0,0,2,0,0,0,10,0,0,0,1,0,0,1,0,0,0,0,0,0,0,0,0,0,0,1,0,0,0,0,1,147,157,0,9,0,1,0,0,568,1,14,1,13,0,0,0,0,0,0,15,1,1,1,0,0,0,0,0,0,0,0,0,0,0,0,608,50,0,0,0,0,0,0,0,0,0,0,0,28,114,0,0,13,0,0,4,77,0,0,17,0,0,0,0,1,0,0,0,0,0,386,0,0,0,0,0,0,0,0,0,0,0,0,0,183,18,0,1,359,0,1,9,0,608,0,0,0,0,0,0,0,0,0,5,0,0,0,0,0,1,0,0,0,1,591,0,1066,0,0,0,1,11,0,0,0,15,0,1,0,0,0,0,0,0,0,0,2,0,0,0,0,0,1,0,0,0,0,1,3,0,1,0,0,0,0,0,33,0,0,0,0,0,0,0
"ENSG00000121446.20",0,5,0,2,6,18,0,0,0,2,113,189,89,2,0,5,10,56,329,2,49,7,1,18,1,32,0,14,1,1,0,2,5,15,9,0,407,17,48,180,0,1,0,1683,32,1,1,1,3,0,10,2,25,105,99,4,367,2,3,3,1422,18,195,6,13,1,1,1804,4,2,2,29,49,5,0,13,0,3,12,12,122,2,0,0,49,2,2,192,0,5,21,385,1,4,273,7,315,0,6,0,21,57,0,455,4,4,6,13,2,1,1,6,0,8,0,31,0,69,0,1462,563,17,0,165,4,2,1,2,2,7,21,35,2,24,6,19,411,30,0,22,4,2,0,28,0,1,1,0,0,0,4,2,16,8,10,309,1,1,316,3,2,29,2,1,0,7,5,0,14,3,26,2,1556,3,9,59,8,8,11,1838,10,1,106,1,978,33,58,38,16,14,32,1,0,41,10,0,11,26,0,2,19,13,1,0,4,6,2,2,2,0,15,21,0,5,1,0,168,445,1,37,5,4,0,8,16,1,4338,0,0,98,0,3,0,1682,246,355,10,157,0,1,0,2,1219,24,22,33,1,34,48,1442,7,2,2,0,4,10,18,1,433,12,33,6,1,0,4,1,0,9,3,4,11,10,0,23,9,1,1,2,972,0,5,65,1,5,998,5,1,0,0,2,15,51,1,22,136,2,1,422,0,1,11,0,0,13,0,1,52,72,8,365,2405,3,60,89,356,1,342,2,0,3,0,1,16,7,6,1,22,840,40,5,668,1,10,2,1099,14,884,3,281,9,7,711,70,0,0,2,3,3,2,0,1,1,44,1,371,10,0,3,0,4,3,5,535,7,3,35,0,0,168,5,19,469,2,37,2,17,21,0,5,8,1,2,39,8,28,0,9,22,4,8,0,2835,20,4,2,3,82,1,537,10,0,0,3,837,1,0,1,0,1,1,3,0,13,4,30,23,0,2,2,22,7,4,160,9
"ENSG00000121454.6",10,2,3,26,93,65,4,24,6,2,22,19,11,60,27,7,17,31,35,86,14,7,24,11,51,22,2,32,17,19,87,44,119,17,74,14,26,18,7,42,0,15,34,21,11,54,5,1,0,14,5,19,2,36,58,72,8,13,10,4,9,57,15,20,9,113,30,18,33,32,109,41,13,2,0,7,20,65,27,64,96,164,15,20,56,59,3,13,30,4,44,72,37,73,6,7,1,53,253,9,11,10,5,9,14,36,52,5,113,22,50,23,34,8,32,1,145,27,45,64,30,59,2,16,58,0,0,11,83,84,16,7,43,4,93,9,31,6,84,6,6,44,22,4,26,36,58,22,25,28,7,6,15,8,14,28,8,30,34,72,8,8,73,51,17,17,78,17,38,94,28,33,76,85,9,3,14,19,45,73,5,18,59,141,10,3,45,14,26,26,3,12,15,79,13,27,9,22,6,79,16,71,45,130,9,34,12,51,61,19,28,66,66,75,37,12,10,0,28,40,1,14,0,35,13,3,29,355,19,67,38,32,15,23,3,36,3,8,11,14,23,25,7,47,88,268,6,0,19,61,4,2,13,23,2,13,3,12,22,68,153,8,60,162,6,59,47,7,65,5,33,5,103,1,22,30,48,1,80,18,70,42,38,1,33,26,1,14,16,32,11,15,19,87,18,32,50,10,6,33,80,12,18,5,25,6,2,41,61,37,33,338,18,210,136,20,5,39,20,48,42,60,4,138,46,16,2,79,47,1,54,9,8,6,82,8,20,233,29,12,3,12,27,11,44,17,0,29,9,0,5,41,10,66,5,4,136,58,24,60,48,7,63,117,86,7,149,53,1,53,16,61,25,27,24,1,45,3,18,52,12,38,30,11,2,26,14,60,19,36,41,16,0,75,59,17,99,29,45,3,3,8,34,18,18,16,112,49,2,15,46,1,17,6,11,20,1,11,37,14,2,3,133,9
"ENSG00000121621.7",38,1,28,28,155,87,40,35,7,170,24,212,617,1447,268,14,33,121,145,37,58,2,36,56,65,52,44,268,18,93,319,187,125,56,16,212,101,25,149,133,1,139,254,16,15,17,16,140,9,14,37,431,51,168,252,96,12,250,218,221,23,135,20,180,8,171,33,19,607,203,483,41,38,1,15,8,204,25,224,235,137,110,258,45,151,146,45,37,43,4,92,74,44,5,15,5,7,254,144,294,47,10,287,33,79,214,118,5,877,145,79,35,27,146,108,28,481,59,386,452,27,117,10,75,76,5,6,83,150,353,36,4,563,7,111,6,52,2,311,13,4,146,191,18,52,649,205,122,264,152,16,9,125,52,27,129,39,271,115,94,81,37,201,112,109,187,238,218,245,1600,57,68,129,1650,24,38,43,108,288,111,2,129,52,186,27,31,155,20,59,334,16,1723,262,338,41,104,8,41,23,149,29,230,145,1047,1,182,19,644,64,199,35,197,333,86,229,191,9,24,46,199,3,86,42,11,17,6,57,877,9,80,292,71,86,100,10,198,12,56,166,37,17,32,5,30,217,361,50,16,42,35,13,50,10,168,5,86,22,22,42,545,433,103,401,272,3,74,92,13,527,8,115,1,291,6,32,214,119,1,24,83,366,118,33,1,65,195,3,32,38,66,30,41,35,12,82,245,840,45,69,58,177,10,788,8,156,9,15,40,83,208,42,400,88,98,110,138,909,246,17,49,256,216,6,500,175,182,24,70,30,11,202,109,27,80,168,21,69,954,45,23,7,63,22,232,306,87,2,21,133,8,35,470,30,301,33,13,218,475,381,33,104,8,42,190,374,22,33,462,16,61,96,81,29,55,419,10,198,1,30,340,16,109,68,9,38,30,154,66,107,119,141,78,8,193,50,84,139,328,45,7,42,39,17,10,332,30,210,296,52,25,76,54,14,17,69,82,58,1530,136,31,6,4,614,11
"ENSG00000121753.12",158,0,1826,28,82,5,0,2,7,423,19,19,31,40,82,25,17,4,4,23,27,6,70,21,10,9,0,13,0,14,72,70,33,22,7,20,8,8,5,12,0,105,6,14,29,8,6,20,13,7,5,27,9,15,89,3,2,1,7,23,7,72,0,14,0,7,8,6,9,142,23,31,5,4,6,0,33,16,21,24,18,8,53,17,5,14,8,2,25,4,101,14,2,18,27,3,3,12,48,130,31,8,31,4,36,30,34,9,411,6,30,17,161,36,23,5,118,4,35,61,3,2,5,4,11,1,32,21,6,91,8,5,22,17,170,5,11,3,384,2,9,64,52,9,63,1007,29,11,7,56,29,6,0,17,19,10,2,56,15,29,8,13,55,45,17,17,21,93,120,313,8,3,10,25,17,11,20,6,196,2,0,18,4,30,4,11,29,14,9,0,5,598,93,12,6,41,4,3,1,533,1,48,105,10,0,4,27,78,42,28,43,68,29,9,67,582,23,0,52,4,0,6,0,2,16,7,6,14,4,5,120,5,48,25,4,5,5,3,3,6,27,20,9,10,45,107,1,5,21,9,7,2,5,10,1,92,14,30,6,16,25,7,448,7,6,29,76,7,6,5,16,4,10,3,21,1,7,2,7,327,3,6,4,3,2,9,6,18,4,24,54,12,13,2,104,138,465,4,5,92,64,14,43,7,4,29,0,7,17,21,4,25,12,119,31,52,7,91,89,6,11,82,0,21,49,164,27,7,2,3,18,11,16,30,65,16,4,80,14,4,3,4,19,81,134,12,2,19,12,6,6,185,12,35,3,4,6,548,9,3,10,23,14,25,40,9,18,36,9,6,42,8,2,17,14,4,5,4,20,8,2,11,15,18,5,0,22,20,0,72,17,10,2,11,1,22,35,6,79,13,3,6,52,0,21,9544,34,4,1,97,53,9,10,10,9,5,1,1022,28,41,7,3,425,9
"ENSG00000121871.4",1,110,0,36,1,1,532,3,25,99,0,6,5,1,0,70,0,336,0,294,4,576,0,9,698,10,0,360,6,0,0,42,7,3,38,1,17,2,0,0,360,3,4,6,52,0,0,0,1348,0,1,2,0,0,0,25,78,0,7,2,2,650,0,317,1,0,0,1,13,7,58,24,1,1381,0,368,4,2,1,16,0,4,0,3,25,1,0,116,0,9,0,197,1,0,0,113,3,1943,1,313,0,79,0,1,0,2,6,5,22,9,1,589,0,1,1,2,0,1,0,8,6,4,4066,0,44,1973,249,58,2,24,3,805,15,6,6,392,0,1216,14,0,3,0,5,200,7,2,0,0,0,0,1225,209,526,400,1,0,2,10,1,314,0,0,1390,1,0,2,0,2,285,639,2,98,0,1,0,1,0,1,27,0,820,0,3,0,1,0,16,74,22,134,0,0,0,0,75,0,36,0,1,0,24,1529,1,101,250,27,2060,9,1,11,3,1,1,3,5,0,0,0,16,62,527,34,0,0,29,178,6,159,1,5,3,29,5,15,0,155,323,1,0,323,5,1,1,0,2,3,0,1,1,0,577,0,903,0,28,0,64,1,82,432,12,0,334,0,257,19,1,344,0,1041,11,11,0,131,21,0,2,87,2,1,2040,0,217,31,0,0,516,0,1,18,79,0,0,4,3,0,1432,2,0,0,12,1,4,216,0,5,3,2,2,19,1,0,2,42,5,1,0,0,8,21,0,0,69,19,73,0,247,0,245,94,523,0,10,31,219,412,0,0,0,2,162,0,40,8,52,3,0,0,26,757,154,0,2,0,6,758,0,0,8,0,79,1,16,0,5,105,6,1,19,35,4,0,3,0,3,1,14,283,2,103,359,25,0,0,4,205,1,1,335,0,17,1,1,0,0,0,31,0,82,235,20,3,3,0,0,0,172,0,14,18,44,9,1159,8,1,0,0,968,1,270,144,0,1,35
"ENSG00000121904.17",776,1,21,33,90,145,0,358,4,211,22,19,23,18,8,34,11,20,3,13,160,6,255,121,24,248,1,24,13,528,111,219,136,78,115,24,126,4,18,30,2,154,27,261,14,1,4,90,10,486,2,91,31,42,13,6,14,79,11,12,13,216,7,15,8,25,10,4,15,11,16,149,21,2,7,6,62,201,6,46,305,495,16,273,82,27,5,1,190,8,163,420,89,1,109,2,16,36,5,11,8,1,25,8,57,11,16,6,311,6,37,19,247,21,22,5,17,9,15,347,6,2,298,202,47,1,9,25,5,34,27,18,323,8,293,4,8,2,7,17,7,112,172,12,334,121,18,96,10,17,7,2,6,63,91,8,5,26,28,56,26,4,64,18,25,71,126,6,137,73,277,154,32,51,68,6,152,20,52,105,1,34,21,7,29,4,337,441,11,9,4,1331,5,98,146,1,10,36,72,120,2,16,114,559,6,85,160,112,170,10,29,41,160,342,33,452,1,0,115,114,0,37,3,7,9,6,27,34,11,26,7,39,29,64,3,66,8,15,344,9,367,44,15,10,32,38,2,6,33,191,3,9,4,76,5,10,6,38,30,148,190,223,22,14,2,68,160,4,426,8,110,20,26,1,42,5,4,4,138,99,304,50,70,7,11,9,1,170,0,18,28,11,42,22,29,46,38,29,11,25,23,6,30,9,90,8,4,75,246,4,145,53,7,317,347,642,252,369,279,100,8,1131,8,13,6,15,24,111,11,2,244,3,85,8,12,5,15,28,22,94,0,14,48,8,113,101,0,10,15,1,2,310,3,169,5,6,19,1172,4,10,111,18,156,344,21,6,6,38,8,41,2,45,5,1,380,6,436,6,65,11,5,57,671,10,7,28,16,29,24,15,13,12,22,5,14,9,26,18,94,5,263,3,305,2,11,8,27,9,4,145,40,6,5,2,40,110,112,1142,30,8,1,2,19,7
"ENSG00000121933.19",10,5,39,14,25,1270,30,10,33,93,7,14,36,797,523,80,41,51,34,69,29,237,38,20,8,3,6,14,4,37,21,44,21,30,16,39,39,67,8,10,23,56,23,8,95,28,25,135,57,37,12,128,118,12,5,1,34,22,22,6,8,224,0,109,125,3,18,13,53,21,30,13,11,49,19,38,16,36,32,28,20,17,178,20,26,8,31,3,80,3,49,101,5,48,10,48,28,28,8,26,48,58,357,4,53,44,22,141,136,3,17,698,44,39,18,32,20,19,27,29,5,37,21,23,42,111,111,14,16,63,34,258,24,29,34,292,23,110,19,8,22,40,21,153,19,66,43,9,24,30,33,154,14,23,305,68,30,41,8,49,86,14,84,25,5,175,92,40,14,53,12,42,28,2857,33,6,53,28,88,14,213,17,7,53,3,25,17,18,1,11,17,577,95,39,192,3,54,5,8,24,6,12,106,11,35,211,28,10,89,10,68,23,15,16,47,15,11,7,41,23,49,15,38,8,37,42,20,71,54,16,31,43,195,32,16,60,123,23,27,52,21,18,32,3,66,24,8,50,19,8,51,6,34,70,123,57,42,51,23,54,62,48,82,12,401,22,19,85,13,31,43,298,66,196,11,8,178,56,1,158,13,11,9,481,7,33,99,53,8,14,82,112,17,10,44,37,193,9,44,85,71,21,42,338,12,17,7,44,14,13,19,18,10,16,48,35,70,51,14,23,20,39,110,5,111,8,296,12,4,96,6,81,24,26,19,103,23,89,5,12,141,55,9,28,78,8,34,39,43,191,258,56,47,135,6,309,6,25,32,15,9,102,34,7,76,22,4,30,16,14,23,20,34,10,54,23,22,89,15,19,11,41,23,55,201,77,54,37,39,7,42,9,62,21,4,11,59,12,54,41,14,28,34,7,239,272,52,48,58,79,72,22,32,18,47,7,24,111,32,67,191,38,20,187
"ENSG00000122133.17",3354,0,0,0,111,1,0,0,0,88,0,0,0,96,2125,1,0,8,0,0,1,0,1232,0,15,0,0,32,0,252,5,5,6,50,0,179,386,0,0,1,0,125,0,1,1,0,1157,121,0,1,1,29389,0,0,1,0,0,0,0,0,40,173,2,28,2,0,0,0,1,2,0,1,11,4,0,0,50,2,0,47,7,65,24042,11803,15,0,32,0,54473,3,6,337,1,5,0,0,1,0,17,1,1,0,10,1,725,1,0,0,366,0,3,1,457,61,2,8,1,1,0,132,0,43,0,16,8,0,1,143,0,10,2,0,33,2,32,0,0,0,3,1,0,10,7674,0,0,11,0,2250,1,8958,0,0,0,93,59,52,2,1,1,461,22,0,2260,2,34,2,488,2,1,274,0,1,3,3,27,1,4,2,7,3,0,1,2,42,0,7,6,0,2,0,1,221,0,342,145,0,0,45,130,1007,0,2,7,40,0,2,0,0,6,0,3,13,50,35,3,402,0,0,786,101,0,8,3,77137,0,0,0,1,7,4,0,126,7,5,1,8,0,0,42,23,1,5,0,0,436,1,1,4,0,0,0,0,0,2,0,1,0,0,2,3,11,8,12,48,0,1,2,0,17,15,4,0,3,0,0,0,0,0,0,9,0,59,1,1,0,0,0,5,2,0,2,2,0,1,0,199,178,1,2,2,0,1,1,0,0,0,0,0,0,0,4,0,0,15,1,4799,1,1,22260,2,0,18,0,0,32,3,0,0,0,0,2,0,102,0,1,0,0,3,1,6580,0,0,9,3,4,15,1,4,83,0,11,678,0,39,1,0,2,162,0,1,3,0,0,19121,0,0,14,1,0,562,0,0,3,0,8839,6,245,0,0,1,0,0,0,389,2,25,0,8,0,0,5,0,0,0,4,2,33,1,0,0,0,0,0,0,92,93,126,81,2,4861,23,1,0,0,90,2366,248,0,2,0,0,0,14,0
"ENSG00000122375.12",0,0,0,1,0,0,0,1,1,0,0,1,0,3,1,0,0,0,0,0,0,0,0,0,3,0,0,100,0,3,0,2,0,4,0,0,2,0,4,6,0,0,2,1,0,0,16,0,0,3,1,2,0,1,9,7,49,1,1,0,1,8,3,0,0,1,2,0,0,6,0,0,0,0,3,0,0,0,1,0,3,2,0,0,1,1,1,1,7,3,0,0,0,1,0,0,0,10,1,2,3,0,0,0,0,0,2,0,0,0,0,0,1,1,0,7,0,2,2,0,3,1,1,4,5,0,0,4,1,0,0,0,3,1,0,0,2,0,0,3,0,1,0,0,0,1,1,1,0,0,0,0,2,0,0,4,0,0,0,1,5,1,0,0,0,4,2,0,5,0,2,2,4,7,0,0,1,1,1,1,0,0,2,2,4,1,0,0,11,2,0,0,1,0,5,0,0,5,0,10,0,0,0,0,0,0,15,1,0,0,0,0,0,3,1,0,3,0,1,7,0,1,0,2,0,0,0,0,0,12,0,26,0,0,2,4,0,0,2,0,0,0,3,1,2,1,1,0,1,0,0,0,0,1,0,0,0,0,1,1,0,0,0,0,0,0,0,0,4,0,1,0,2,0,0,0,0,0,0,1,2,14,1,0,0,0,0,0,0,0,0,0,0,10,0,0,1,1,0,0,0,4,73,0,0,0,0,0,1,0,0,0,2,0,1,0,0,2,9,1,1,4,0,0,1,0,0,3,2,0,2,0,0,0,0,0,0,0,0,1,0,2,0,0,3,0,0,13,0,0,0,0,0,7,0,0,0,0,4,0,4,96,4,0,0,0,11,9,11,1,1,1,0,0,1,0,0,0,2,17,2,2,0,0,0,0,0,0,1,0,1,0,0,6,0,0,1,0,0,0,9,2,0,0,0,0,1,0,2,13,0,0,5,1,4,0,1,2,0,0,0,0,3,0
"ENSG00000122420.10",24,10,0,496,125,16,0,477,13,688,0,0,1,937,594,91,11,1863,6,10,90,134,784,390,176,237,1,1422,239,207,150,2884,59,1052,56,110,40,20,0,8,5,1447,57,12,64,342,204,588,102,93,116,408,294,1,0,2208,7,67,627,234,14,2269,1,92,114,36,1533,45,1151,1536,2624,197,468,37,55,22,750,6,13,653,29,4660,72,2,2720,19,26,2,63,2,1038,45,16,20,8,15,13,1511,3,1953,141,16,1648,7,56,2,203,304,205,179,19,62,619,657,6,95,580,26,14,6,1,409,396,3,140,40,42,35,7,6857,681,22,949,159,29,66,15,38,329,186,38,221,387,171,50,1873,11,7,0,1572,48,59,328,1941,147,0,46,2799,5,964,636,1,606,40,7,240,14,377,1156,260,34,90,2,1586,5,5,24,0,119,12,16,54,28,712,30,72,3887,859,151,1038,37,326,1704,571,403,13,76,0,1,3015,298,514,5,800,16,8,149,380,18,241,60,48,11,67,167,357,0,1,116,413,25,468,11,200,45,19,42,3295,6,3,918,431,42,2,6,47,69,6,32,104,9,204,25,35,879,68,0,32,14,4,97,57,15,94,47,712,133,2,0,2279,954,774,369,19,35,5,1009,26,934,39,59,50,1,140,199,10,2,19,7,75,78,0,20,23,29,15,32,32,12,67,100,19,45,6,18,3,3887,2,3194,2682,1320,10,65,10,3,65,3,150,30,1,11,10,1,60,81,7061,0,287,438,43,56,4511,52,1450,999,491,52,3,1,90,2,29,575,2609,3,130,1,2245,11,10,39,10,572,905,1909,282,5,2,281,10,117,4617,97,451,0,90,74,7702,656,18,980,12,67,80,9,196,80,36,6,94,405,5,4,1,290,393,98,81,684,155,30,1886,53,63,48,942,31,3,621,1637,8,25,61,4,6,391,412,0,68,100,308,138,175,3,94,3,574,0,59,489,914,77,719,75,1430,4,268,1174,41,75,65,813,27,76
"ENSG00000122592.8",3,0,11,0,8,0,0,1,2,1,0,0,0,0,0,1,4,0,0,0,1,0,2,1,2,5,0,1,1,0,0,1,1,2,1,1,0,0,1,0,0,0,66,1,1,0,0,1,0,0,2,0,0,1,2,0,1,0,0,0,0,0,0,0,0,2,4,7,0,1,1,1,0,0,0,0,8,1,0,1,0,0,0,0,0,2,0,2,1,0,1,1,3,0,0,0,0,5,3,21,0,2,2,0,0,2,0,0,80,20,0,0,0,0,3,0,11,1,0,0,0,0,0,1,0,0,0,0,0,0,0,0,0,0,1,0,1,0,0,0,0,2,0,0,8,74,2,1,0,4,0,0,1,2,0,0,0,2,0,1,0,0,1,5,8,0,2,0,83,28,1,1,0,14,0,2,2,10,1,0,1,1,3,1,2,1,0,1,0,1,0,22,2,3,0,24,1,0,0,0,0,0,0,0,0,0,0,2,2,2,0,2,1,1,2,2,1,0,3,7,0,0,0,0,0,0,1,1,0,0,1,2,1,1,0,0,0,1,3,0,5,0,4,0,0,4,0,0,7,0,0,0,0,0,0,2,1,0,0,12,0,0,2,0,1,0,0,0,1,0,2,1,0,1,2,0,10,0,1,5,0,0,1,0,1,0,0,0,1,3,0,0,0,0,1,20,0,6,0,0,0,0,1,0,3,0,0,0,0,0,0,1,0,1,0,0,0,15,2,1,5,1,0,6,1,0,0,1,0,1,3,0,0,1,0,0,1,0,2,0,0,2,1,0,6,1,0,0,2,0,6,1,0,0,1,0,0,0,1,1,3,1,0,0,1,1,0,0,2,0,1,0,0,2,0,0,0,0,4,0,0,3,1,0,1,0,2,0,0,0,2,0,1,1,0,2,3,0,1,0,0,0,3,2,1,58,1,2,0,1,0,0,4,4,1,6,0,1,10,0,0,0,0,1
"ENSG00000122711.9",0,0,1,1,0,0,1,0,0,0,0,0,1,1,4,0,1,4,0,1,0,0,0,0,1,0,0,0,0,56,0,0,0,1,0,20,0,0,0,0,0,1,0,0,0,2,8,2,0,1,1,15,0,0,1,0,0,5,0,0,0,0,147,0,0,3,0,0,1,0,12,3,2,0,0,0,0,0,21,0,1,2,251,1,0,0,1,1,6,0,2,23,3,43,1,0,0,0,1,0,0,0,9,0,0,0,1,0,216,1,0,0,0,0,0,1,2,0,2,3,0,0,0,0,3,0,0,0,0,1,0,0,42,1,35,1,0,0,0,0,0,0,114,0,0,362,0,0,349,0,0,1,0,0,0,2,1,1,0,0,0,0,1,0,10,1,4,2,1,5,0,0,0,3,0,0,2,0,1,0,1,3,0,0,0,0,0,1,0,0,0,1,6,0,2,0,1,68,0,11,0,0,0,4,0,0,0,0,0,2,1,0,0,0,0,1,0,0,1,1,0,2,2,0,0,0,0,0,14,1,2,1,2,0,0,0,1,11,2,1,2,0,24,0,35,0,0,2,0,0,1,0,0,0,0,1,0,0,0,801,0,1,7,0,2,39,0,0,2,0,1,0,6,0,1,0,7,0,19,2,2,6,0,0,0,1583,0,0,5,2,0,0,0,0,0,42,166,4,0,1,0,5,9,1,3,0,0,0,0,2,0,1,0,2,3,0,4,0,0,2,5,2,0,10,1,0,0,0,0,0,1,0,0,1,159,0,0,8,0,0,0,0,0,1,1,0,1,0,292,0,93,7,3,4,0,0,1,0,1,0,3,3,1,1,1,0,0,530,1,0,0,0,4,1,1,2,3,0,0,56,0,0,0,2,0,0,0,1,1,0,69,2,0,1,0,0,7,8,0,0,0,0,1,0,0,0,108,7,0,1,0,1,1,0,2,0,0,0,0,0,0,0,3,0
"ENSG00000122824.11",2,1,9,3,5,2,0,1,1,17,10,3,3,2,0,20,28,1,0,21,8,55,3,1,0,0,1,1,2,0,0,2,2,15,4,0,4,15,1,0,0,11,1,4,23,0,0,4,27,0,10,5,34,2,0,0,5,0,0,0,0,0,0,12,23,3,2,4,8,4,4,4,0,19,5,13,2,0,0,2,0,0,1,1,2,0,2,1,2,0,12,2,1,0,2,14,9,0,0,6,8,108,2,3,0,1,5,34,91,0,8,52,2,4,3,6,3,3,0,0,0,0,0,0,0,67,60,0,0,34,20,20,0,1,0,33,1,20,0,0,13,4,5,46,10,4,0,0,0,3,96,25,0,4,16,0,0,23,0,1,0,0,1,8,0,11,1,0,0,3,0,0,0,9,7,2,8,0,40,4,27,0,1,1,1,1,15,4,1,0,0,166,0,1,0,0,14,0,0,1,6,0,14,1,42,0,0,4,2,0,39,5,1,3,11,1,3,0,7,0,6,1,0,1,18,47,13,0,0,0,0,0,15,2,1,1,27,3,1,1,3,1,2,1,0,1,0,0,2,2,25,0,5,5,26,0,15,7,0,3,6,7,3,0,57,4,1,28,1,15,1,32,0,41,2,5,0,19,2,2,0,0,0,25,0,12,21,1,0,2,80,1,2,0,2,0,3,1,10,4,36,1,1,196,0,2,1,2,6,0,1,4,0,2,12,1,0,6,10,1,1,4,37,1,1,3,21,0,1,46,5,5,20,9,1,52,0,4,1,0,9,1,3,3,0,3,1,0,0,38,31,5,5,0,1,121,0,5,0,0,1,6,6,0,6,1,0,0,4,2,0,2,0,0,1,6,0,25,1,0,2,0,14,6,39,0,7,1,1,4,1,1,17,6,1,3,1,1,30,19,0,0,2,0,11,17,0,1,1,7,8,5,0,0,1,0,0,740,0,53,16,6,35,40
"ENSG00000122877.16",495,307,84,435,732,28,21,27,66,146,141,38,339,460,20,677,39,25,11,346,370,296,131,157,63,14,0,493,5,168,91,252,643,216,58,577,347,55,25,81,43,293,374,95,2601,6,20,259,200,333,54,549,582,160,21,8,727,71,40,6,19,287,2,438,46,97,76,33,60,155,178,426,53,391,15,626,222,28,43,330,42,128,150,74,27,27,58,5,253,13,178,48,14,12,8,105,77,60,86,497,73,509,146,19,806,159,24,688,189,59,208,1068,2305,228,66,55,145,28,17,112,5,42,14,51,80,263,216,9,25,168,165,1549,39,35,132,2860,16,895,64,11,171,509,548,326,238,96,321,72,183,398,116,357,48,53,268,27,10,348,22,229,40,6,370,266,41,190,293,116,9,157,2,52,108,64,146,94,68,33,729,136,39,165,26,87,27,72,744,289,22,6,84,326,99,89,75,0,387,147,10,50,60,13,431,58,2568,23,138,66,68,11,558,339,40,52,349,433,180,28,327,117,444,51,39,118,230,730,114,389,51,28,27,52,509,137,4,287,1083,47,41,169,182,363,57,89,211,78,26,19,184,15,20,9,485,167,74,43,289,77,74,64,79,82,148,56,643,123,98,453,70,292,402,90,81,575,123,22,21,253,4,173,25,16,13,145,10,50,238,204,21,345,713,95,86,32,15,24,151,24,81,246,220,37,122,326,11,137,21,67,33,31,41,82,15,102,127,131,157,760,185,55,154,104,865,78,306,27,1027,16,33,110,41,164,317,49,79,594,8,62,32,2,1048,83,179,83,286,61,84,13,37,325,553,366,102,59,11,1241,16,204,120,5,1016,559,97,55,401,16,3,99,51,37,15,123,14,41,55,52,29,184,91,91,9,191,19,31,189,55,206,84,9,10,81,13,123,45,7,85,212,34,592,86,65,25,318,5,161,567,65,106,18,139,560,58,213,251,108,19,29,497,145,592,2054,217,58,140
"ENSG00000122952.17",273,27,149,219,1018,487,414,171,127,1566,276,1207,2214,2689,1080,176,127,1006,660,254,291,55,307,377,463,468,667,1828,288,566,1251,1379,1085,229,283,962,306,216,1517,1061,202,777,1474,100,188,450,152,982,83,290,343,2000,576,969,369,715,72,1563,2955,2131,121,1674,439,1098,71,740,370,192,1740,2677,1489,302,312,50,401,56,1408,336,2438,797,1194,635,2030,353,1380,629,279,373,375,58,1039,597,368,690,203,63,232,1155,827,1217,391,189,899,312,490,1520,1296,75,4943,839,358,105,216,1155,482,357,3856,348,1418,2810,281,677,125,1460,581,54,44,860,882,1450,404,56,1046,162,1010,63,454,132,2832,115,72,2497,798,373,425,2759,789,800,932,706,82,56,796,882,195,1232,211,836,1414,956,439,535,962,513,600,633,1216,3232,2917,9017,135,471,769,5197,168,327,479,1148,276,437,105,611,425,1523,590,320,850,127,392,1659,297,3929,2456,1362,320,1703,336,583,250,2368,264,2687,1071,2408,51,1113,87,2504,962,641,101,1134,2125,543,711,652,83,219,276,1673,50,692,666,122,156,49,839,3405,54,374,2056,812,477,1256,79,1374,158,422,814,588,221,332,193,215,1164,2294,608,212,312,508,133,802,165,908,116,1052,382,371,302,2609,1985,240,3759,2820,53,627,960,63,2479,137,758,83,1636,58,205,841,1502,90,188,841,2138,926,252,43,259,1272,29,362,623,456,347,294,253,177,549,1362,5154,373,277,351,2605,190,3030,96,711,171,68,208,546,2478,541,1485,1052,429,856,350,2374,1161,130,251,1050,895,98,2261,950,1462,142,513,296,59,1509,718,280,673,2477,77,1122,2823,354,278,49,709,147,1352,2605,881,125,619,1148,30,149,1862,216,1880,274,152,950,1521,1206,178,921,147,370,1187,4008,206,509,1715,219,693,1905,624,209,615,2726,151,1330,46,210,1853,251,1283,535,94,451,346,1147,393,611,1454,729,258,121,769,254,550,982,2847,283,46,353,840,483,93,1278,259,1387,1309,556,156,582,840,144,100,502,177,238,5822,1767,214,56,181,2214,106
"ENSG00000123080.12",198,36,770,176,729,248,386,290,110,814,534,3244,1468,2684,1143,180,262,1570,1197,221,226,43,392,443,775,352,1467,1971,192,1025,1104,462,920,500,293,1016,604,259,1977,1669,97,248,889,1669,172,908,146,799,38,296,672,1246,246,766,1069,1208,165,701,2251,2913,2608,1165,442,1431,245,612,304,931,1760,2993,1995,309,181,47,501,134,957,423,480,569,1323,884,1978,149,923,381,232,288,363,270,826,866,184,516,704,38,348,2452,654,2122,334,150,1419,477,401,815,877,87,1106,694,274,159,332,660,230,500,3108,577,1884,1190,398,894,170,654,285,48,93,1852,268,1621,390,164,2348,192,1150,127,466,201,2240,148,66,1993,324,221,365,3135,798,220,108,449,111,215,1090,755,263,1151,254,547,982,810,769,170,1126,312,186,1331,375,3701,1309,3818,321,499,877,6784,269,344,480,2374,1688,946,123,345,272,673,863,422,1731,232,635,2082,244,5199,3699,1180,765,1908,162,374,306,1110,389,2359,226,2478,141,963,164,3180,1521,1336,260,409,1384,693,432,474,1206,1102,364,866,94,1544,608,197,152,54,583,2578,119,461,4897,1177,345,1617,696,1048,169,1138,600,350,251,331,683,142,507,814,137,274,347,626,183,1251,208,1053,114,510,225,370,672,7817,2914,1073,3723,2414,93,194,1010,142,3127,69,545,128,711,166,330,673,340,92,1293,1222,2837,482,773,212,208,192,69,351,317,343,266,331,339,1320,858,1057,7446,529,905,274,1993,159,467,228,1298,382,136,931,396,1399,1197,641,705,272,769,1211,1857,735,404,224,1389,507,154,2498,536,1294,157,1100,1098,60,2247,722,335,324,1949,150,1568,3170,664,349,105,1124,145,193,3898,2122,124,185,516,200,149,2892,341,514,463,124,1291,1706,811,143,566,348,1273,328,3017,254,490,335,746,880,2252,779,326,720,5583,241,1354,47,434,2591,186,1158,532,150,184,682,721,280,379,661,216,918,113,598,234,500,722,994,550,59,388,245,219,248,2355,776,700,321,1465,297,373,1582,157,156,740,192,618,4780,1109,225,248,272,2682,197
"ENSG00000123219.13",69,3,12,42,200,133,15,16,14,303,48,296,564,906,257,18,42,229,264,26,71,9,24,31,63,93,43,265,27,205,283,134,147,57,13,184,45,36,170,169,3,156,314,26,39,17,12,167,7,26,52,502,83,345,48,156,17,280,203,248,13,197,41,142,25,98,80,29,693,445,314,69,42,4,25,5,158,39,433,204,212,104,265,45,224,29,39,30,100,4,68,68,32,15,16,7,34,349,240,147,46,34,77,34,96,138,134,13,495,182,87,50,55,302,63,26,617,126,275,531,52,117,22,208,104,4,14,117,200,290,59,11,553,13,213,18,155,15,202,27,7,659,176,36,74,344,143,133,173,222,9,10,151,109,26,168,62,192,283,184,82,60,212,76,100,190,264,155,346,451,29,130,138,1557,35,54,61,100,288,161,20,33,65,217,83,46,104,20,40,294,29,492,223,461,35,132,60,41,23,221,38,331,127,799,0,99,15,335,47,354,36,54,169,83,306,210,12,7,71,276,10,129,16,11,34,8,56,500,9,95,214,194,106,105,4,283,20,86,67,98,22,63,22,24,386,321,168,2,78,79,15,34,10,149,20,91,24,21,22,583,248,95,396,379,11,113,97,12,524,29,195,14,267,7,69,248,98,1,38,119,463,121,120,4,18,299,4,44,20,73,80,38,25,20,46,352,340,66,81,87,275,11,650,17,55,13,8,68,63,171,76,210,165,63,98,263,947,321,26,51,169,308,12,228,192,164,13,31,55,11,179,82,44,108,588,13,130,488,37,49,4,98,71,170,376,127,4,18,110,10,28,388,72,439,25,32,210,538,160,47,81,27,60,136,481,32,42,248,16,42,284,158,19,18,251,20,214,7,37,317,33,167,113,8,54,72,192,55,204,139,90,69,14,171,41,102,112,410,85,8,91,171,35,18,223,41,354,210,39,46,153,57,21,16,58,99,43,592,115,26,3,16,210,12
"ENSG00000123358.20",1889,1987,439,1068,1409,336,7,171,672,215,1821,405,172,847,181,8167,226,699,253,2686,847,735,451,2043,1088,441,68,5400,275,777,67,724,727,2641,575,4205,4040,159,1224,805,90,497,1136,864,6114,10,459,425,1481,1462,549,633,6949,975,1441,154,6072,786,777,295,1633,687,598,5062,1032,1570,251,1079,631,920,973,1892,792,1524,95,610,780,1430,474,1061,673,130,9324,859,155,354,77,109,1591,36,416,476,94,12,779,741,668,3421,547,1494,271,1488,279,408,2393,2437,380,4537,677,80,904,5067,5145,442,140,1068,1406,340,207,1308,218,1203,4575,215,327,1208,1708,76,3616,558,193,2258,465,638,1342,6771,1768,10889,685,459,2380,6743,4098,4736,1038,2066,419,225,2103,1208,1176,2478,302,821,1876,423,80,1745,529,1480,186,469,854,1079,164,1506,547,370,319,261,74,119,2255,577,648,520,464,904,2071,1294,989,948,110,560,828,683,4454,240,957,177,4533,588,330,184,635,503,906,330,670,892,417,509,1231,191,2939,113,18731,540,140,1488,644,1137,204,1270,2463,485,2158,386,2408,1218,3698,326,28,1461,1208,1236,1371,318,131,1668,239,732,379,173,101,550,1834,477,338,4722,1955,418,916,1723,187,249,252,98,1509,312,239,27,1361,418,432,458,6724,210,1010,1259,390,559,979,149,2929,1444,226,1847,759,1116,359,413,186,19821,2166,86,159,2921,1297,531,255,137,117,2705,1801,267,631,1544,79,1130,8105,2523,435,356,307,593,681,1332,1584,289,507,197,339,1032,22,1161,159,1069,264,523,618,404,657,927,1265,341,539,629,1775,1134,954,321,2827,583,886,318,5325,2912,43,1747,322,371,1346,507,3938,10825,244,1223,352,497,9997,498,678,624,283,700,960,74,53,2690,967,1045,1549,371,201,3297,170,1110,137,55,3316,1777,1706,299,754,166,67,317,1473,328,784,877,19,61,773,261,622,2165,242,1415,1081,390,192,3402,1766,68,805,547,92,1341,294,148,790,1382,553,408,1604,234,6738,1030,299,426,546,146,427,2073,2681,678,136,1415,1678,720,1577,2928,743,3258,161,842,133,3242,10380,325,3204,4508
"ENSG00000123364.5",1,0,0,0,3,0,0,0,0,17,0,0,3,0,12,0,88,0,0,34,0,0,6,0,0,0,0,0,0,0,0,52,1,1,7,0,0,0,0,0,1,17,0,0,0,0,0,1,1,0,0,14,0,10,0,0,0,0,0,0,0,14,0,0,0,1,0,0,0,0,1,0,0,0,0,0,85,3,0,4,11,2,0,2,2,11,0,0,0,0,2,9,0,1,0,0,0,0,11,0,0,2,0,0,0,6,2,0,748,241,1,0,0,2,5,0,0,0,2,5,0,0,0,1,0,0,2,1,0,0,0,0,8,0,0,1,0,0,1,0,0,2,2,0,31,6,0,4,2,1,0,0,0,6,0,1,0,0,1,1,1,3,1,0,149,0,19,1,0,4,0,4,0,0,0,0,0,20,7,0,0,67,0,0,0,0,5,0,1,0,1,68,0,1,8,3,2,0,0,0,0,0,29,1,0,10,0,0,0,0,2,13,8,2,0,0,1,0,4,0,0,2,0,0,0,0,0,0,0,1,0,0,0,1,0,0,0,0,0,0,18,0,0,0,29,1,0,0,0,0,0,0,0,0,0,0,0,23,0,0,0,0,5,8,0,0,2,0,0,0,0,0,0,0,0,0,10,0,0,0,0,10,0,0,0,1,0,0,2,0,0,0,6,0,0,13,6,0,0,3,1,12,2,0,3,0,0,0,0,3,0,1,0,94,0,97,1,3,0,0,0,0,0,0,0,1,0,0,0,0,16,0,0,0,0,0,0,0,0,0,1,0,4,63,1,0,0,93,1,0,0,0,0,17,1,0,63,0,0,0,2,0,0,1,0,0,69,0,0,0,0,1,1,1,1,0,0,0,6,0,0,0,1,0,0,0,0,9,0,0,4,0,0,0,0,1,2,1,0,0,0,0,5,0,0,3,0,0,0,0,0,0,0,1,0,0,0,832,0,2,0,0,1,0
"ENSG00000123388.4",0,0,0,0,0,0,0,0,0,21,1,0,0,1,0,0,41,1,0,2,0,0,0,0,1,0,0,0,1,0,0,0,0,0,1,0,0,0,0,0,1,1,0,1,0,0,0,0,1,0,0,2,0,4,0,0,0,0,0,0,0,1,0,0,0,1,0,0,0,0,1,1,0,0,0,0,30,7,0,0,0,0,2,0,0,2,0,1,1,0,1,1,0,6,0,0,0,0,14,0,0,3,2,0,0,2,0,0,683,94,0,0,0,0,9,0,0,0,0,0,0,0,3,0,1,0,0,0,0,5,0,0,0,0,0,0,0,0,1,0,0,11,4,0,1,39,0,0,6,0,0,0,0,2,0,0,0,0,0,0,1,2,0,3,104,2,11,1,0,1,1,0,0,0,0,0,0,0,1,0,0,3,0,0,0,0,5,0,0,0,1,141,0,1,0,0,0,0,0,0,0,0,0,2,0,1,0,0,1,0,1,2,0,1,0,0,0,0,0,0,0,0,0,0,0,0,1,0,0,0,0,0,0,0,0,0,0,0,0,0,2,0,0,1,0,17,0,0,0,0,0,0,0,0,0,0,0,38,0,0,0,0,0,0,0,0,0,0,1,0,0,0,0,0,0,0,3,0,0,1,0,5,0,1,2,0,0,0,1,0,0,0,4,0,0,17,2,2,0,4,0,0,4,0,7,0,0,0,0,0,0,0,0,64,1,2,0,3,0,0,0,0,0,1,0,2,0,0,0,0,3,0,0,0,0,0,1,0,0,0,0,0,0,0,0,0,0,73,0,0,0,0,0,0,0,0,18,0,1,0,1,1,1,1,13,0,0,1,0,0,0,0,1,0,1,0,0,0,1,0,0,0,0,0,0,1,0,0,0,0,1,0,0,0,0,0,0,2,0,0,0,0,48,0,0,3,1,0,0,0,0,0,0,0,0,0,0,302,0,1,1,0,0,0
"ENSG00000123454.12",11,440,4,100,68,271,3,237,48,216,83,169,390,21,16,2838,355,141,34,432,548,586,40,213,1313,278,20,494,32,84,596,11,59,755,137,91,37,50,36,187,0,10,383,117,1133,7,71,54,1386,309,192,72,1360,88,87,342,183,377,146,89,59,251,160,1289,507,484,331,92,290,76,148,127,38,1202,53,892,38,126,32,196,143,444,21,22,475,143,9,26,46,6,111,48,130,6,20,1051,109,481,42,61,191,302,6,69,126,450,339,1348,425,662,724,4413,121,61,571,75,370,1186,137,192,75,379,129,163,60,94,34,58,687,186,269,2522,266,27,61,4561,428,1053,197,67,706,297,31,1071,398,28,26,76,73,6,1541,2353,317,185,145,91,35,1030,158,229,138,7,29,116,10,221,238,24,319,40,24,213,35,81,6,28,45,42,160,134,380,112,30,152,168,58,786,2110,127,365,110,23,92,171,62,396,1550,39,147,183,115,111,94,681,1578,14,190,108,818,423,883,107,23,1161,714,15,21,10,137,145,839,58,8,101,499,1049,230,334,2,80,233,745,49,103,10,29,956,59,189,55,131,51,95,232,114,105,43,9,94,292,106,12,1153,75,1521,214,2573,12,9,339,345,140,14,180,1351,51,53,3224,1052,1507,73,981,54,346,155,171,8,1932,126,26,807,27,45,380,856,88,1284,29,5,104,530,119,24,103,4,70,27,89,367,7,474,11,7,4001,4,8,95,347,741,337,254,96,162,236,271,23,53,71,102,98,124,77,813,499,369,217,1830,13,3,606,59,50,324,341,77,2036,112,24,38,6,1851,57,389,37,119,180,23,58,51,1096,1192,281,290,86,65,270,78,40,186,24,200,37,235,134,233,1440,11,196,17,30,289,195,1,13,96,63,985,1133,310,911,22,342,705,10,327,25,149,372,34,144,202,241,443,432,117,419,406,54,4213,1307,175,126,357,195,52,1990,61,116,7,19,432,9,383,200,102,163,48,31,613,1780,1288,241,15,372
"ENSG00000123473.16",249,10,53,96,442,224,34,140,67,420,72,224,410,1639,260,40,58,212,249,69,126,31,136,155,155,87,72,425,16,435,418,536,350,133,87,263,130,48,290,349,18,283,255,65,55,69,35,228,21,53,62,743,111,207,99,228,75,196,282,515,59,292,65,398,34,131,80,95,504,427,602,68,49,10,30,34,370,160,341,434,271,298,533,102,524,193,45,65,91,16,151,224,48,71,33,14,40,415,180,687,84,60,209,57,179,264,397,37,713,89,128,78,89,223,203,96,582,97,749,585,72,210,49,174,109,11,13,103,202,1319,68,22,519,55,229,46,75,16,603,29,19,475,427,67,128,946,249,270,186,414,34,23,277,239,82,296,58,309,171,328,237,75,768,194,142,270,281,268,375,1834,88,88,267,1049,50,92,122,121,439,223,15,169,99,338,92,76,264,46,102,629,45,889,396,667,96,297,48,105,37,428,72,780,272,1281,14,132,43,572,193,438,113,420,390,130,480,831,20,31,142,349,18,190,48,44,45,20,177,889,37,164,372,183,110,148,24,324,25,43,185,110,111,101,47,54,290,441,113,26,154,258,61,53,13,166,36,189,70,59,57,1499,922,242,989,542,35,166,172,42,756,33,202,30,387,13,121,213,116,12,60,277,584,124,110,8,129,177,15,95,78,129,109,122,85,50,121,353,1419,101,76,187,657,35,490,29,163,40,47,116,150,476,175,267,116,191,229,701,1038,275,54,64,250,834,18,402,174,211,62,97,36,15,468,126,86,136,519,44,212,2360,81,53,24,157,77,183,572,343,23,72,173,13,87,817,74,596,49,44,214,448,287,190,218,49,72,356,1681,77,34,599,39,105,240,130,21,111,624,20,475,14,122,445,72,323,153,23,115,81,225,241,209,840,263,184,34,183,58,102,272,159,120,11,111,122,78,53,473,83,275,304,88,77,132,114,95,77,135,80,211,1133,257,66,22,46,445,21
"ENSG00000123485.12",109,0,111,109,425,381,275,44,33,700,70,590,877,3818,502,36,168,406,540,153,146,13,132,143,133,237,292,766,137,430,641,379,433,108,28,324,241,109,450,315,8,312,872,27,26,99,48,510,6,47,204,835,124,551,170,311,16,1039,882,506,37,571,105,197,14,678,90,33,2246,769,697,150,48,3,116,14,534,168,1189,533,489,314,672,224,358,188,105,174,124,12,402,281,178,370,79,8,28,485,401,612,155,35,732,103,226,468,248,10,3208,403,329,41,49,305,295,93,1669,237,1389,1834,132,691,30,426,316,6,6,354,540,598,85,8,2880,63,784,8,129,8,952,25,9,1577,444,33,116,1934,396,571,846,620,17,7,437,269,67,562,104,554,429,263,348,142,434,444,494,646,598,1187,462,1242,90,230,459,2463,104,204,163,311,543,247,18,302,177,286,167,121,288,30,151,1134,48,1589,656,988,120,1122,49,296,48,298,84,1983,541,2168,3,449,67,678,327,704,92,330,731,242,366,418,55,21,140,475,9,224,295,55,18,7,264,1899,51,247,790,161,238,456,33,810,45,121,527,169,43,178,23,79,626,425,453,110,124,179,29,205,52,513,13,336,55,102,111,1892,735,326,1493,1361,14,321,466,5,996,13,479,9,873,14,85,751,362,4,60,539,737,926,145,9,51,652,6,128,284,185,92,100,121,60,206,995,2610,136,103,70,305,34,1480,24,343,45,25,143,167,582,99,911,393,285,303,169,1193,401,35,243,706,412,36,1885,328,638,30,100,141,11,1002,263,77,282,1285,8,321,2758,133,136,5,132,68,954,1022,261,14,178,634,7,69,1331,48,864,67,35,1190,1010,971,172,331,51,224,734,1764,78,130,1366,34,271,377,342,178,222,930,69,477,4,113,682,50,383,212,31,87,215,865,110,425,298,708,204,15,1043,378,190,355,1587,99,13,120,278,114,30,1835,56,325,969,148,41,162,278,82,25,216,175,115,3255,525,47,11,32,2141,7
"ENSG00000123999.5",591,0,31,6,16,5,0,0,5,158,28,12,4,1,16,3,0,0,0,5,3,0,138,5,2,6,9,9,28,13,12,13,0,3,2,26,0,0,7,12,9,54,18,12,4,59,4,1,3,2,1,28,5,2,0,10,7,19,1,12,32,21,0,0,2,12,8,3,10,43,28,6,4,0,10,2,43,47,1125,3,0,0,35,19,11,236,1,0,27,2,22,13,3,139,3,3,35,9,255,1,0,4,235,0,1,626,2,7,2091,4,23,2,11,0,3,0,29,1,0,6,2,0,2,3,6,2,5,4,29,75,1,0,1,1,5,2,0,4,108,0,2,45,23,2,15,1,34,5,369,127,1,12,6,27,2,6,1,8,3,13,1,10,43,6,263,2,17,158,6,26,5,1,5,7,8,3,9,17562,129,2,2,170,19,0,0,2,5,5,4,3,4,5,268,6,1,0,10,0,1,427,0,30,7,16,4,0,10,15,1,9,19,21,0,0,8,19,1,2,2,9,1,0,8,40,5,0,1,1,2,7,1088,7,2,15,0,23,4,0,1,2,2515,5,24,517,417,6,2,9,8,0,1,5,2,12,0,14,3,10,1,5,6,0,6,9,0,4,47,3,28,1,2,2,409,3,8,18,49,1,45,1,0,6,2,8,28,16,4,3,46,2,3,1,3,0,25,24,78,3,9,87,7,1127,5124,5,1,1,1,17,6,0,10,1371,0,147,5,8,2,9,23,1,11,208,0,69,7,47,9,41,3,3,0,3,0,5,24,1,7,1,17,7,0,11,9,66,26,3,1,2426,53,0,1,32,13,35,2,0,299,571,8,4,11,0,2,8,604,1,1,341,8,3,4,10,39,14,3,5,6,6,2,0,0,1,0,3,8,0,15,1,7,6,142,34,1,20,45,9,1,2239,13,1,1,1,851,0,5,2,4,1,0,10,2,1,7,6,0,3,0,29,27,168,3,5,0,13
"ENSG00000124102.5",35,0,1,22,766,38,3,1,7,112,0,0,161,1592,190,6,371,88,1,11,26,4,418,49,7,452,1,27,35,86,71,4629,40,23,36,4,2,310,0,0,44,37,14,1,10,69,399,139,6,0,1,489,8,2,3,5,6,2,2,9,2,3,0,12,40,6,0,2,10,11,310,22,6,19,63,0,696,287,5,201,5,23,251,55,86,647,141,1,4,144,353,2,4,153,28,0,11,2,1,441,15,1,10229,4,6,1,32,5,828,8,55,10,0,203,34,1,121,0,12,22,1,1,179,1,389,5,35,0,13,641,8,0,509,26,164,355,40,2,6,2,6,258,773,1,22,217,41,45,2,20,5,7,14,150,38,13,14,103,1,74,7,6,201,77,149,2,70,387,7,164,38,1,1,17,12,1,156,0,4856,2,7,982,12,1,0,6,22,30,178,0,12,309,39,68,19,4,1120,56,0,204,0,0,3,5,20,5,7,105,7,1,156,928,2,1,48,321,2,0,11,3,1,105,2,127,3,22,7,18,2033,2,239,2,127,0,1,4,15,1,0,3,256,42,0,41,566,3,0,3,2,0,1,1,0,64,3,4,3,844,3,660,183,4,456,5,10,84,79,14,31,5,118,1,28,0,37,86,72,1,2,7,1,2,3,13,1,4,3,460,14,126,4,17,66,2,25,117,110,2,8,1074,124,681,13,2,18,0,0,2,6,1,1,236,3,160,1,230,0,7,0,46,112,205,2,167,60,4,4,1,5,11,27,210,26,10,3,3,0,267,0,0,2,0,97,27,0,0,1,141,62,2,82,17945,2,2,3,93,4,293,26,0,50,9,8,239,5,61,130,28,6,74,5,5,422,1,0,217,46,13,0,66,458,48,527,6,36,24,154,153,0,85,99,5,4,88,164,12,4,1,23,8,7,55,305,0,1005,6,108,2,1,58,5,26,8,14,9,12,96,190,25,5,1,0,1,6
"ENSG00000124143.10",1097,1,2,0,402,3,46,0,0,0,2,0,1,19,1,6,3,1,0,2,10,0,1,27,1,0,0,2,24,176,5,22,0,1,193,0,0,0,2,23,2,17,1,7,7,0,2,17,1,0,0,2,0,7,2,0,1,45,0,0,4,27,0,0,1,1,2,5,42,0,332,1,2,6,0,0,109,5,4,0,15,1,1,0,1,0,8,0,5,1,411,3,0,61,15,0,0,2,1,0,18,1,26,0,23,0,1,0,49,251,3,6,1,2,0,4,0,0,28,26,0,0,1,3,1,9,13,0,2,145,1,0,17,0,9,1,2,1,0,1,1,4,26,2,8,1,140,105,79,1,2,2,0,8,0,0,0,2,1,8,0,16,0,12,273,5,2,0,0,2,4,0,1,0,13,0,0,0,307,0,0,1,1,2,1,29,0,0,0,0,1,53,1,4,3,0,1,0,0,0,0,1,49,2,1,2,0,0,4,0,3,133,95,3,0,1,4,0,14,2,0,0,11,0,8,0,0,1,0,5,0,1,7,0,0,11,0,0,0,0,0,3,5,1,93,7,0,0,8,0,0,0,2,170,1,3,0,8,0,2,2,0,3,7,2,10,58,0,0,2,33,3,199,0,0,12,37,2,4,6,0,20,2,1,2,10,0,0,0,3,62,1,102,0,35,215,3,0,1,14,6,0,10,5,9,1,0,1,0,1,2,14,0,1,4,2,43,153,15,193,0,13,0,1,0,4,2,0,2,0,1,1,10,2,0,0,0,0,0,0,0,1,1,86,1,0,0,6,16,0,3,352,0,49,0,0,0,54,51,141,5,15,0,84,1,1,0,39,1,0,0,6,3,0,0,0,1,7,0,0,1,0,12,0,36,1,23,27,0,0,9,2,4,0,136,1,19,19,11,0,1,1,0,0,5,0,4,18,0,0,5,0,1,0,0,0,3,1,1,1,3,0,2,0
"ENSG00000124194.17",0,0,8,2,9,2,0,1,1,0,9,3,33,0,2,0,0,4,2,5,0,0,3,0,2,0,1,1,0,0,3,2,3,1,0,0,2,4,0,11,0,2,1,4,3,0,0,1,0,0,0,6,1,2,2,1,0,1,1,0,3,2,3,0,1,1,1,2,11,0,7,0,0,0,0,4,24,0,85,4,14,6,2,1,9,1,0,1,1,0,6,20,1,16,24,1,28,1,63,1,1,1,2,1,0,0,3,0,24,1,1,0,0,1,1,2,5,4,0,17,0,3,0,3,0,2,1,3,1,0,2,1,45,2,0,0,1,0,10,0,1,2,0,2,1,2,1,1,1,3,1,0,4,2,1,1,1,11,3,5,1,1,1,0,4,2,2,1,0,1,1,2,3,2,0,0,1,10,0,2,0,1,3,1,3,0,0,0,0,4,1,8,2,6,1,7,0,1,0,0,1,12,1,2,0,6,0,1,0,5,0,3,0,1,1,1,6,1,2,3,0,1,2,1,0,0,8,2,0,1,4,1,1,0,3,1,1,9,0,2,3,1,1,0,146,3,1,7,2,3,0,0,2,1,2,2,0,15,5,5,6,2,0,71,0,1,4,0,2,1,1,1,10,0,3,1,4,0,1,0,5,3,0,4,9,2,0,0,3,1,5,1,2,1,1676,1,9,1,0,1,1,4,24,1,2,0,2,2,7,9,2,24,6,0,3,4,0,1,2,0,4,0,0,0,1,0,2,6,0,0,0,0,0,1,2,1,0,1,2,3,0,3,1,3,1,0,2,6,3,0,1,2,0,1,1,0,0,6,4,0,2,1,4,5,3,2,0,40,0,0,0,1,0,145,3,0,4,0,3,15,2,0,2,1,2,2,0,1,0,0,5,3,0,4,0,1,3,52,6,0,1,0,1,0,9,1,1,1,0,0,3,0,4,3,1,0,0,5,7,1,0,0,7,0
"ENSG00000124253.11",329,91025,501,5803,6016,8932,572,10001,159079,3894,2051,65167,467,17,318,147109,7107,3730,1242,9988,8036,172714,35633,71097,111808,69289,15108,197405,15727,7966,2088,1255,3636,90009,51325,64678,48487,36975,4932,12172,12898,41,35128,59076,83906,14636,110428,982,142379,13124,61852,41021,151518,7727,46948,985,139566,129868,9355,56430,26298,651,66300,49285,75150,2744,127204,20480,34151,30520,14848,25132,36648,138042,48152,154694,2166,32021,1896,3509,22961,131,35459,44965,4789,2276,26314,8461,55622,5234,5392,7602,57,821,6241,51384,124506,228527,488,2955,12927,112013,202,28696,16298,5134,16165,180113,8563,292,15256,103658,212896,10427,7809,156365,1098,70176,7863,4077,5495,48769,53647,3794,6228,117453,24322,89516,25634,388,23903,106798,1417,23616,33234,110508,3320,87535,15153,45014,84284,10355,26162,133072,868,2327,2287,70,12533,1592,123151,47475,39655,29420,105034,43059,3404,16820,24789,8658,9180,10679,124771,9738,297,11982,7988,511,23114,599,44772,39848,47331,2537,37929,12907,39310,3255,24437,41020,46620,2798,27933,13621,21756,76245,98861,17853,36998,114959,37134,10,37589,1864,1422,5278,107725,7225,83679,55791,27296,43061,877,801,105854,13821,33529,22001,19499,51240,45568,11101,444,93349,5507,26,67689,25279,9994,31974,148270,64089,4025,94962,34360,68109,33495,1902,67998,60140,98307,234892,4326,23506,4416,8458,102866,32244,10971,86560,100430,5731,43985,24513,185,1518,37592,28108,165860,14012,25610,1191,109321,4066,190878,122081,208189,114,4489,14748,63910,9886,10,314,76769,708,2663,80907,78987,97978,4602,113904,1374,97080,108972,6633,333,75729,28337,21653,142300,14933,3921,71913,125897,5735,21530,34398,1890,29411,89698,18953,1371,23685,34757,4785,53,51045,67375,57,12075,981,3,38741,3709,32277,7566,32109,50041,5221,5087,481,142256,157357,24482,366,1990,338,322262,39621,164,18303,123012,672,46200,67992,88469,5395,3630,167905,5994,13029,53040,24835,44863,243632,29360,2587,464,106241,188982,98036,32131,6209,345,36744,10589,837,84,35610,244103,343016,128016,16588,13726,147322,17403,830,855,3482,147825,13515,75164,2913,6019,16289,5872,10283,24340,27836,39629,10875,403,1674,112796,34022,64321,87800,4834,197734,120514,66869,9912,36418,40312,14735,1068,15203,36669,67395,40011,35913,77559,4856,32802,124703,18176,247,87555,128600,20548,2968,25310,21428,2706,17,714,3922,29176,97379,52465,83934,26404,122508,451,35162,31193,11,13964,113010,309905,21921,1533,163034
"ENSG00000124260.12",2,1,0,0,0,0,0,0,0,0,0,0,1,4768,438,0,0,0,0,0,0,0,3,0,0,0,0,0,0,0,1,0,6,0,3,0,1,0,0,0,1,0,5,0,0,0,1,0,1,0,0,146,0,13,0,2,0,0,0,0,0,2,0,0,0,0,0,0,0,0,636,0,0,0,0,0,1,3,149,287,157,1263,0,0,1,0,0,0,1,0,0,3,0,1,0,0,1,0,7,0,0,2,0,0,0,0,0,0,381,0,0,0,0,2,0,0,0,0,0,142,0,0,0,0,1,0,0,0,0,0,1,0,124,0,0,0,0,0,67,0,0,0,0,0,0,2,2,0,1,0,0,0,0,0,0,0,0,0,0,1,1,0,0,0,0,1,1,2,0,26,1,0,0,7,0,0,0,43,0,0,0,0,0,0,0,0,1,0,1,1,0,2,1,1,0,2,0,0,0,0,0,1,0,26,0,2,0,0,0,0,0,0,3,1,0,0,0,0,79,0,0,0,0,0,0,0,0,22,0,1,0,0,0,1,0,0,0,0,0,1,0,0,0,0,5,4,0,0,0,0,0,0,0,0,0,0,0,0,0,3,1,0,2,21,0,0,2,0,0,0,1,0,63,0,0,0,16,4,0,156,0,2,0,0,1,0,0,0,0,0,0,0,0,0,0,0,1,0,0,0,0,0,419,0,39,0,0,0,0,0,0,0,0,0,0,0,81,1,0,0,0,0,0,0,0,0,1,0,2,0,14,0,0,0,0,0,0,0,0,0,0,0,1,2,59,0,0,0,203,0,0,10,0,181,0,0,0,2,1,1,0,0,0,0,3,0,0,1,0,1,0,1,0,17,3,0,0,1,0,0,5,0,0,0,1,0,2,0,0,0,0,0,0,0,1,0,74,8,19,0,0,1,0,1,0,12,0,326,0,0,0,0,0,0,0,0,10,0,1,0,0,0,0,0
"ENSG00000124490.14",12,0,3,0,0,0,0,0,0,1,0,0,6,181,0,0,0,8,0,0,0,0,0,1,0,0,0,0,0,7,0,0,0,0,2,0,45,0,0,1,0,0,0,0,2,0,0,2,1,0,0,1,0,1,0,1,0,0,1,0,0,8,0,2,0,0,0,0,0,0,365,0,0,0,0,0,11,2,315,4,2,3,12,0,3,0,0,51,1,0,0,70,1,0,0,0,0,2,9,57,0,0,1,0,0,1,0,0,455,0,0,0,0,0,0,1,0,0,0,18,0,0,47,0,0,0,6,0,0,0,0,0,6,0,0,0,0,0,5,0,0,0,4,0,0,0,0,0,0,0,2,0,0,30,0,0,0,0,7,0,0,0,0,0,0,2,0,0,0,0,0,0,0,32,1,0,0,6067,52,0,1,0,0,0,1,0,0,0,0,3,0,0,0,3,0,0,0,0,0,0,0,0,0,159,0,207,10,0,0,0,0,0,13,2,9,0,0,0,2,0,0,0,0,0,0,0,0,0,0,0,0,0,0,2,0,1,1,0,0,0,6,0,0,0,0,0,0,0,0,0,0,0,0,0,0,0,0,0,0,4,73,104,20,1,0,0,0,0,6,0,3,1,13,0,0,1,28,0,0,0,2,0,1,1,0,0,0,2,0,2,0,0,0,0,0,61,8,0,0,1,1,0,42,0,0,1,0,0,0,0,0,0,0,0,0,1,2,0,0,0,0,0,0,0,1,0,0,0,4,0,85,0,0,0,0,0,0,0,0,0,0,0,0,0,0,0,0,0,81,0,0,2,0,23,0,0,0,0,3,0,1,0,0,0,0,0,0,0,0,0,0,8,0,1,5,0,1,0,0,0,31,1,0,0,1,0,0,0,0,1,0,0,0,0,0,3,146,387,56,2,0,0,0,0,0,1,15,0,0,0,0,0,0,0,0,0,24,0,0,0,0,0,0,0
"ENSG00000124493.14",6,2,5,12,18,2,3,0,0,6,0,0,23,1365,5,2,3,1,1,2,2,0,2,0,0,2,0,1,1,19,13,158,0,0,0,3,0,0,0,0,0,31,5,2,2,0,0,0,0,0,0,13,1,7,0,1,1,1,0,0,0,3,1,0,0,1,1,1,2,0,2,1,0,0,0,0,142,0,33,25,4,22,2,6,0,11,1,1,0,0,10,7,2,1,0,0,1,0,0,1,0,0,14,0,1,1,0,0,88,11,1,0,0,1,5,0,2,0,1,0,0,1,0,1,2,0,1,2,1,3,1,0,82,0,7,0,1,1,5,0,1,17,23,0,3,0,1,2,17,3,2,2,2,3,0,0,8,2,0,2,2,0,2,1,5,2,2,45,1,2,0,0,2,2,9,0,0,4,1,0,0,133,1,0,0,2,0,0,6,0,1,0,787,1,0,2,1,1,0,61,0,3,5,5,0,0,0,18,2,0,6,32,0,3,2,7,0,1,6,0,0,0,16,8,0,0,1,22,0,1,74,1,0,3,0,5,0,1,0,0,15,0,0,19,22,4,0,2,0,0,0,0,0,19,0,0,1,2,0,15,2,0,0,4,0,6,8,0,6,0,2,0,11,1,0,5,6,1,1,62,2,7,0,0,0,2,1,3,6,0,2,2,1,0,2,10,34,0,0,1,0,13,10,0,0,0,0,9,0,0,0,40,1,7,1,4,0,9,4,0,2,0,1,13,0,5,0,3,0,0,0,9,1,7,2,0,0,0,0,1,0,0,0,9,4,0,0,1,8,0,1,42,3,3,0,0,3,24,3,5,2,0,1,19,2,2,0,25,0,2,1,1,0,3,71,0,3,3,1,3,1,1,1,0,2,0,12,0,0,0,9,0,0,1,2,0,3,26,0,0,1,2,56,0,10,1,3,4,0,2,1,0,1,0,0,0,2,33,40,1,1,0,1,0
"ENSG00000124507.11",53,3,21,21,268,85,14,1,16,84,56,3,339,234,303,19,93,175,84,1327,31,12,12,57,5,66,1,20,82,181,757,76,260,6,69,16,2,44,1,1,4,61,31,65,54,44,18,15,14,12,8,107,18,292,14,144,18,404,117,9,48,27,3,85,4,795,4,0,60,802,38,69,2,1,5,50,493,74,27,13,397,306,15,1150,263,92,4,34,32,7,105,1,155,702,33,9,25,3,72,574,5,15,36,2,28,761,977,22,43,11,29,65,10,52,196,7,48,4,291,146,1,7,38,9,181,2,10,2,249,53,10,46,228,32,42,22,3,28,1819,2,3,52,359,51,48,47,21,25,31,53,13,39,177,7,19,8,106,82,34,69,6,102,624,112,6,21,693,1664,197,3914,15,12,7,226,48,36,91,185,26,138,6,1638,269,45,5,5,6,3,13,105,2,49,160,68,22,1156,41,84,0,224,3,48,184,217,14,56,313,1044,32,4,34,141,390,2,42,27,4,2,79,19,12,2,10,53,7,27,21,356,2,6,717,1,159,40,4,194,8,25,11,27,232,40,31,134,79,149,64,67,12,2,8,12,5,394,25,71,32,61,191,160,66,15,220,1115,16,124,586,37,324,14,171,13,17,14,46,430,283,10,26,235,17,300,33,11,1,9,7,50,175,22,38,10,23,17,28,18,1041,11,3,55,279,419,0,68,14,5,3,12,23,102,4,878,1,128,10,360,27,243,17,90,50,123,8,1298,39,198,22,79,2,20,9,52,13,3,11,44,8,56,25,26,36,20,2,57,814,3,3,277,9,26,7,125,12,251,4,52,1610,74,152,23,23,11,25,284,8,2,13,29,6,22,0,6,34,91,129,2,21,23,5,7,25,33,20,0,13,2,125,68,7,2,132,20,11,154,57,11,61,567,74,8,8,88,115,2,321,13,22,21,4,9,20,13,4,21,1,1,26,30,214,61,23,2,254,15
"ENSG00000124657.1",0,6,7,6,7,3,15,6,6,8,7,22,1,43,18,2,4,13,17,0,2,2,7,1,2,3,6,15,3,4,0,11,0,1,0,6,0,2,21,14,10,8,20,22,1,22,2,2,0,1,4,0,6,13,25,8,3,15,19,29,9,8,11,5,2,8,5,1,9,10,116,2,2,3,18,0,8,3,20,6,4,19,135,6,13,15,0,10,5,1,22,10,0,82,7,1,2,12,0,3,8,2,3,6,0,9,3,0,56,34,0,2,1,2,4,5,6,3,2,10,25,50,1,5,3,0,0,40,22,4,2,1,22,1,8,0,6,1,9,0,1,2,12,2,0,5,12,15,5,13,1,4,2,2,2,0,14,8,19,8,35,7,2,5,5,0,4,37,4,14,2,1,6,141,14,1,2,37,13,3,0,3,2,31,3,1,5,4,24,6,13,15,19,16,10,12,5,4,9,9,2,129,1,13,0,27,0,23,4,61,3,16,9,0,1,3,9,12,0,9,1,12,17,9,6,1,6,16,2,1,51,6,2,5,4,4,0,20,12,1,7,2,7,9,22,13,3,24,21,4,1,9,1,1,5,18,0,0,0,23,33,17,1,43,2,3,24,0,14,0,6,0,46,3,1,7,6,0,6,50,23,0,3,3,11,1,1,16,13,2,1,5,5,24,4,7,17,4,21,1,12,1,17,1,39,1,3,4,6,10,1,7,26,16,4,21,4,12,5,2,9,94,2,5,3,15,3,21,2,1,10,8,1,11,6,3,19,4,3,14,0,7,7,23,7,8,0,10,2,0,2,25,2,24,5,0,12,145,10,6,6,1,4,79,0,5,20,6,27,9,9,2,15,16,94,1,3,0,3,81,1,18,1,3,6,7,1,0,3,3,31,31,1,11,2,1,14,2,5,0,5,3,26,1,17,2,5,3,2,11,5,5,1,3,3,3,0,43,5,3,3,2,97,4
"ENSG00000124721.18",1,0,0,12,13,17,1,5,3,1,16,6,55,177,2,4,9,4,2,10,2,0,8,7,0,5,0,4,10,87,0,0,10,3,6,8,12,3,0,0,1,0,14,6,2,1,5,1,4,4,5,617,2,58,1,1,0,17,1,9,8,3,7,3,4,109,4,2,9,7,9,8,29,1,1,0,0,13,2,83,9,14,0,2,5,3,0,23,11,0,5,5,7,8,0,2,2,2,37,3,2,2,0,7,3,107,34,3,42,2,5,11,15,60,17,7,13,2,6,62,14,1,1,63,6,1,2,6,71,8,7,0,17,2,1,3,1,0,20,1,0,8,1,0,5,4,19,32,21,5,4,9,0,1,4,4,9,18,0,0,12,8,49,12,0,43,5,5,3,4,0,6,11,11,9,3,4,76,3,12,1,4,10,0,0,1,2,1,1,2,5,5,6,5,0,9,6,25,21,7,5,6,14,167,0,40,3,3,11,1,3,49,0,5,11,0,0,2,22,80,1,2,3,2,0,0,31,3,6,8,56,1,1,24,4,13,0,16,1,3,6,2,4,0,35,2,7,3,19,2,1,18,0,8,6,2,4,1,2,0,2,4,2,143,4,13,2,0,53,0,6,2,110,2,4,46,5,1,0,128,2,72,0,4,2,88,0,0,21,8,0,4,7,7,1,9,15,2,36,4,0,5,6,0,5,4,1,13,5,25,2,23,4,5,3,2,29,151,16,9,10,3,1,8,20,0,3,1,4,2,5,17,3,5,2,4,0,0,0,2,0,27,2,0,38,0,0,7,14,0,5,24,12,40,6,2,23,2,17,7,3,2,14,2,1,11,0,36,1,4,0,6,4,23,15,9,110,1,4,0,0,38,3,1,9,4,38,5,0,33,22,2,4,64,8,2,29,26,11,1,0,6,5,1,1,5,3,21,0,16,5,0,0,3,12,1,9,6,3,3,2,1,0,1
"ENSG00000124935.4",236,0,0,0,5,86,0,0,0,52,0,0,0,0,147,0,0,2,0,0,3,1,3,0,0,0,0,0,0,0,0,36,0,0,0,0,7,0,0,0,1,20,0,0,0,0,29,0,3,2,0,0,0,16,1,0,0,0,0,0,0,39,0,0,0,15,0,0,1,0,1,0,0,0,1,0,2,4,19,0,6,0,945,1,9,0,0,0,2,1,34,3,3,0,594,0,0,0,30,2,0,0,4,0,0,3,0,0,2,0,1,0,0,1,0,0,21,0,34,1,0,0,144,0,0,0,0,1,0,2,0,1,67,1,2,1,0,0,0,331,0,1,2,0,2,2,0,0,6,5,2,0,0,30,0,7,0,0,10,0,0,75,16,0,15,0,0,44,0,0,3,0,157,0,13,0,17,53,0,0,0,3,0,0,0,0,0,0,11,0,0,0,0,0,0,3,0,43,0,4,0,0,0,0,0,0,348,0,4,0,0,0,2,0,0,10,75,0,0,1,0,0,0,0,0,0,0,0,0,0,0,0,0,0,0,0,0,0,0,2,0,3,64,1,1,79,0,1,0,151,0,1,0,2,0,0,0,3,0,0,1,0,1,7,0,10,16,3,0,0,0,0,0,0,0,1,1,0,1305,1,1,55,2,0,0,0,1,6,4,125,0,2,8,52,3,1,2,0,5,3,0,0,0,0,1,0,0,0,0,29,0,0,0,713,41,472,1,1,0,0,0,22,0,0,0,121,0,2,0,0,15,0,3,0,4,2,0,0,0,0,0,2,0,2,2,0,0,1,7,0,0,48,0,3,0,0,0,26,0,0,2,1,56,5,183,0,4,0,0,0,0,5,0,93,34,0,0,0,0,0,0,1,6,1,0,2,0,2,0,0,2,4,0,0,25,0,23,1,1,0,0,21,0,0,1,0,2,0,0,0,0,0,0,4,0,0,0,1,0,4,0,0,0,1
"ENSG00000124939.6",119,0,0,1,18,119,0,0,1,32,0,0,3,1,743,10,16,3,1,7,7,0,43,2,0,2,0,4,1,3,0,200,5,0,13,5,3,0,0,0,0,7,0,0,1,9,7,0,9,0,3,14,1,4,0,5,3,0,1,0,0,23,0,0,0,34,1,0,7,11,1,2,2,2,0,3,1,4,0,0,3,2,1779,36,0,9,0,0,6,7,43,4,4,1,66,0,0,0,1,2,2,0,31,0,13,17,0,1,78,0,6,2,3,26,1,0,8,0,34,4,0,2,1,0,5,3,1,0,14,14,1,0,19,2,79,0,0,0,1,145,2,22,70,1,15,123,5,37,4,5,0,2,0,1,1,2,8,3,0,1,3,99,126,1,6,2,21,49,0,3,1,4,1,54,26,0,16,87,129,0,1,11,0,1,0,1,4,1,3,0,0,0,7,2,6,0,0,173,0,63,0,1,3,158,1,1,20,16,7,0,7,34,21,1,8,35,6,0,7,1,0,0,0,26,0,2,0,37,31,0,27,4,0,0,0,1,1,0,0,3,1,5,11,4,116,7,0,14,1,1,0,1,0,43,1,5,1,9,1,233,5,3,35,1,2,25,37,0,8,3,5,0,1,2,3,3,6,2,6,92,6,18,4,4,0,0,1,26,8,45,2,3,40,5,4,2,15,1,3,2,2,2,3,0,19,1,0,13,0,1,0,10,0,304,3,87,0,0,7,4,0,5,1,23,0,16,2,2,0,2,1,1,1,0,0,6,0,15,0,7,1,0,1,1,6,1,0,8,1,2,3,20,38,0,0,2,5,4,1,32,2,1,0,16,1,0,14,0,0,1,1,1,6,3,278,1,1,0,0,5,0,3,0,8,13,9,7,11,0,0,5,1,1,4,60,0,15,3,42,2,0,1,3,0,6,0,9,0,0,0,0,0,0,36,3,9,8,0,1,1,2,0,0,1
"ENSG00000125046.15",81,9,52,60,226,1232,493,4,110,61,778,84,6,42,16,7,24,10,0,39,250,12,52,158,15,40,456,8,50,236,1637,58,186,31,279,7,375,63,33,213,36,67,926,753,32,7,2108,80,17,66,17,306,9,1242,0,3,88,319,7,18,22,132,392,24,4,1496,15,85,368,15,141,344,97,2,530,3,65,73,202,94,727,3,22,721,10,7,199,826,209,194,1048,2013,344,580,20,3,17,22,2880,33,33,6,9,32,74,145,292,3,214,25,359,50,130,27,87,583,116,2,126,2125,19,6,22,2176,446,15,18,5,18,82,52,53,657,256,177,21,41,1,772,0,19,62,127,14,57,12,89,376,1077,124,12,22,2,96,128,1655,15,99,209,53,7,1564,1765,238,71,7,1545,430,7,170,0,24,1146,2,1522,355,647,1412,11,103,0,34,18,85,18,164,10,4,163,2,1,23,1,278,11,18,11,3361,12,8,5,1,70,6,6,401,41,41,68,6,18,88,708,49,137,12,12,3,388,1016,5,7,259,111,27,5,22,5,33,1607,2936,3,134,76,14,187,8,14,15,355,441,320,5,98,58,527,1247,101,541,24,40,4,55,33,2,25,3,100,694,17,61,10,13,1022,9,421,119,24,1,21,843,9,240,11,345,731,823,2,19,10,5,1097,22,19,10,812,15,93,705,111,13,44,25,1561,24,640,44,61,250,14,24,9,24,13,261,69,3,84,75,41,2,394,462,80,267,11,866,120,219,749,152,5,7,20,1421,10,21,7,132,7,243,95,237,27,25,38,984,12,13,415,28,10,70,67,104,11,31,1776,15,12,8,238,18,5248,9,11,1363,29,1275,271,123,155,932,215,87,8,5,384,3,25,2,804,125,102,31,9,35,25,29,5,13,7,42,124,6,24,203,742,37,4,2257,8,4,592,641,27,29,314,111,7,41,7,96,2,10,28,2,2863,13,330,197,24,35,210,35,13,4,1857,6,84,13,7,173,12
"ENSG00000125144.14",333,84506,75,1832,97,18,418,278,28256,5891,23,1790,5340,336,518,37015,8,58,31,5483,413,64114,381,43,16528,59,44,723,256,89,2,137,35,5307,39,1787,17676,362,220,476,29656,174,265,190,8481,247,1391,493,52290,1003,84,167,6826,341,2038,2,39042,6634,156196,279,39,182,318,13408,775,31,1798,488,1114,62,1243,596,84,67534,32,20360,58,15,765,911,9443,13,6298,1915,8866,7,29175,90,1918,194,38,115,294,241,288,9203,3948,17,30,341,1097,46464,181,1524,199,4401,6289,34787,5085,27,212,60705,1216,130,28,4955,120,4697,1372,153,24,31,5460,286,1300,102049,33523,28,327,631,3344,49929,478,1701,327,34059,16,88675,4456,733,13718,62,546,9915,58,797,131,12,194,9,14652,54905,2875,3243,2170,828,31587,1684,1966,1174,817,315,1659,273,636,1184,470,80,38,16275,5888,50,229,99,81,635,505,743,12898,226,48681,11,131,61,428,1301,9782,5159,534,2200,3,540,206,330,149,647,30559,61,18537,76,398,85,41,38,8765,738,10035,39,3803,22492,3211,476,301,158,1974,23,19928,71023,1806,21766,56291,27,26163,4,15341,41213,74,170,773,1279,98,35,1449,198,8350,500,19474,1040,90,9214,304,368,51,122,41,2562,6444,14794,2652,34,259079,73,50487,40,53317,120,27523,161,4,320,8768,27450,155,1111,45920,72,217,9983,1780,47240,398,52443,1021,107127,184,1090,1144,47125,129,833,1222,515,592,88790,4501,1285,80931,77,55,8266,21682,5231,4,50,3367,104,114,334,214,468,1601,26,37212,44836,16085,634068,19975,7,200,2724,126,5,13,61,604937,33,35247,49,57019,475,4,492,57975,40,6086,3,14554,3184,119,62677,1948,2151,12873,170,1061066,179990,10027,990,918,568,84472,632,590,3247,15437,3580,13427,23,3187,29896,117623,778,250,305,601,44496,52,745,895,178514,610,4994,4763,141,2045,7957,153,121,27947,156,10,1147,7941,146,629,11,446,23331,14,217,216,18204,1,2079,141,1158,24,64,2639,20,702,95,2036,539,8,583,10444,53,2602,61539,1118,419,3,28,2575,10,2887,203,64,51140,7511,4585,15670,44300,59,8,1497,422,16,63432,36389,44,206,116607
"ENSG00000125148.7",9091,140826,23769,24703,937,2255,14792,10363,128397,42811,7457,6419,18670,16757,16275,62964,1912,959,3642,24814,5464,162222,3660,2061,15643,1206,1823,20954,1891,2982,615,692,2361,38374,10924,55997,99545,6539,5711,5766,122219,2870,773,1709,30851,3934,32470,15506,172256,20753,2083,6873,46559,2492,24926,900,102097,37516,92353,8761,1813,7108,3488,40267,31691,1211,15224,14012,6767,2134,11913,8678,26091,173507,5000,24495,1035,5421,3941,16533,11761,426,36005,8547,9980,2149,151395,778,24671,12974,2939,2906,6115,7252,1826,16002,24568,652,4269,2703,16778,114634,10343,2810,8152,7147,14434,63195,6442,1668,1145,102146,32870,21692,1996,97290,1250,23702,7359,3585,475,2731,18964,37325,10547,301830,170956,4724,3471,6289,25024,67596,2194,62495,7103,81309,4078,164685,6975,12945,28739,5308,6387,63734,3715,5322,3650,1686,2245,859,128219,98536,7007,8992,32519,12875,57252,16045,19951,6729,15515,9949,6593,1766,2119,16716,9592,5006,2027,19611,18830,4015,12463,822,7846,14762,4726,4741,26165,6441,74056,805,5324,2778,3271,21907,7089,5463,10630,7378,18990,19710,11335,5284,1892,4908,53352,13662,94507,556,7334,3767,899,472,28852,3300,22992,1039,22910,57124,18464,5792,4187,9994,16008,1154,70715,321098,18611,58237,154071,3124,58517,1134,24546,100761,1355,4146,12804,6423,10326,27670,16742,2257,30708,3257,34742,12986,3298,110768,11080,4299,11375,3512,2112,18498,15102,69403,22206,3117,252478,3212,92641,12023,78301,7061,50924,5471,1991,2675,34797,46409,1778,8510,193955,1861,2577,31292,9417,170563,6090,60555,12779,112775,9904,11271,9984,79656,3404,5750,3681,9880,3031,220590,18015,7710,89186,8677,9739,16372,81806,29808,1986,3453,28194,4796,1573,4509,38442,2522,11820,2211,25080,91343,44670,380991,87882,3719,10134,6578,5432,467,1354,7635,249295,11189,34864,1853,151265,7633,1201,4729,80699,829,27134,1473,98992,9859,5677,120177,16984,34010,74614,1755,520313,115319,27174,16387,3805,49629,79716,10229,10163,10169,13170,13870,64827,4001,10623,152111,136336,8739,11314,3253,5927,100471,1746,4456,7736,93340,12104,50384,32813,4264,9463,45464,1461,872,168889,4108,18165,9118,86107,4102,3973,1638,5566,105571,3814,1854,6873,14870,1211,87910,34055,7892,2202,4060,24929,600,2112,5689,14208,1654,1072,4426,32643,736,24974,98133,17085,6834,2503,2156,44056,2426,15166,2386,7150,126101,29848,23847,24239,83373,1582,635,1891,8095,2006,109292,40572,6015,10558,205934
"ENSG00000125285.6",1299,0,1,2,9,2,0,0,1,5,1,0,12,1,0,0,1,1,0,3,1,0,8,13,0,1,0,0,0,0,0,0,3,1,2,0,1,0,0,0,0,2,1,1,0,0,0,0,0,1,0,2,0,0,2,0,1,2,2,0,0,0,0,1,0,3,0,0,0,0,2,0,0,1,0,0,8,7,3,0,1,1,17,4,0,2,0,0,7,0,2,2,0,0,0,0,0,0,1,4,0,0,7,0,2,19,1,0,36,0,0,2,13,2,0,0,4,6,0,1,0,1,0,0,0,0,2,0,1,1,1,1,1,0,2,1,4,0,0,0,0,3,89,0,3,5,0,2,0,796,0,0,0,1,9,0,1,1,0,0,1,0,0,1,2,1,1,1,0,1,50,2,0,0,1,3,0,0,147,0,0,1,1,1,0,2,2,0,1,0,0,2,0,0,0,0,4,0,0,3,0,0,0,1,0,0,0,0,0,0,1,2,0,6,4,2,6,0,3,0,0,3,0,2,0,0,1,0,4,1,3,6,0,1,1,0,0,0,1,1,7,0,0,1,34,0,0,0,0,0,0,0,0,2,0,0,0,1,0,0,2,0,152,0,0,0,0,2,0,0,0,0,0,0,2,0,0,0,1,0,0,3,0,0,0,0,0,2,0,2,8,1,1,0,2,32,11,0,3,4,2,0,276,0,0,0,0,1,0,0,0,0,1,65,0,1,0,0,8,1,0,1,0,1,1,1,0,1,0,0,0,0,3,0,1,1,0,2,0,217,0,0,2,1,0,0,0,0,0,0,1,4,2,0,0,0,0,4,0,1,0,6,1,2,1,1,0,0,3,1,1,0,2,2,0,1,0,0,1,1,1,0,0,2,0,0,12,0,0,0,5,0,2,0,0,0,2,6,3,0,0,0,5,1,3,46,0,0,1,7,4,2,0,2,0,2,0,233,0,2,1,0,4,0
"ENSG00000125414.19",0,0,0,0,0,0,0,0,0,0,0,0,0,7,0,3,0,0,0,1,0,0,10,1,2,0,0,1,7,17,0,0,2,0,0,0,1,0,0,0,0,0,0,1,0,0,5,0,1,0,0,62,1,0,0,0,0,0,0,0,0,18,0,4,0,2,0,0,0,3,0,0,0,0,0,0,1,0,0,24,6,17,0,1,2,1,0,0,8,1,0,0,0,0,0,0,0,20,0,0,0,0,0,1,0,6,0,0,9,0,1,0,13,13,0,0,0,0,2,1,0,5,0,0,0,0,0,2,0,0,0,0,2,0,0,0,0,0,0,0,0,0,0,0,0,0,0,2,0,3,2,0,0,4,0,0,0,0,0,0,242,0,1,2,0,0,9,0,0,2,0,3,0,84,1,0,0,1,0,0,0,1,0,0,1,0,0,0,0,0,0,14,1,43,0,0,19,0,1,5,0,0,1,48,0,0,1,0,4,0,1,1,0,0,1,1,0,0,2,0,0,2,0,5,0,0,0,0,12,0,1,0,0,0,0,5,0,0,0,0,2,0,0,1,7,0,0,0,0,1,0,0,0,0,0,1,0,11,0,0,20,3,0,0,0,0,0,0,0,0,0,0,0,0,0,0,0,1,0,7,0,0,0,0,0,2,0,0,0,50,0,0,1,0,0,0,1,0,0,0,0,1,1,0,2,0,0,1,0,0,0,0,0,3,0,0,16,1,5,14,0,0,0,0,0,0,0,0,0,0,0,1,6,0,0,0,0,0,0,0,0,0,4,0,0,2,0,0,0,0,0,1,0,14,0,0,1,0,0,0,1,0,1,0,1,1,0,0,0,0,0,0,0,0,9,0,30,0,0,1,1,1,0,4,0,0,0,0,0,0,0,0,1,1,2,8,5,0,0,0,0,0,1,0,0,1,0,25,3,4,65,0,0,0,0,0,19,0,0,0,0,0,0,0
"ENSG00000125462.19",2,1,5,7,21,29,22,30,2,6,0,12,559,90,191,7,27,16,8,7,29,3,10,12,32,52,18,59,10,58,5,39,78,14,17,107,365,65,18,19,4,12,15,62,13,44,35,24,5,9,22,13,11,29,10,48,14,14,46,24,37,41,43,11,19,10,12,55,65,111,176,164,17,2,54,9,304,54,22,61,126,35,231,269,33,16,29,30,41,50,59,107,15,124,32,0,20,31,19,17,20,9,239,5,424,11,33,4,234,13,27,22,15,5,4,89,37,37,57,253,76,22,5,36,67,2,18,207,15,34,10,7,206,30,2633,2,17,8,50,21,2,21,37,15,15,437,724,42,46,2,3,13,13,56,10,39,45,9,59,37,148,427,27,16,15,40,219,11,200,70,6,34,32,100,773,11,42,220,12,107,7,18,7,33,7,18,60,35,158,29,11,25,76,55,30,94,14,45,27,67,10,230,40,29,9,98,13,64,73,77,5,58,64,36,36,2,33,91,14,34,5,44,2,13,0,3,14,10,11,19,63,52,33,61,29,70,6,19,16,20,2,45,51,26,56,29,16,31,51,47,2,11,7,20,4,70,7,5,40,70,29,35,61,21,5,38,23,23,97,4,43,5,50,2,414,9,12,3,23,47,145,85,75,14,8,5,7,5,10,51,15,28,24,108,175,61,17,45,100,4,11,8,23,14,18,46,14,75,11,29,16,30,55,540,459,12,27,20,73,43,7,9,7,66,78,53,7,8,313,13,62,21,2,125,183,4,17,1405,2,16,5,26,37,11,76,17,15,16,76,10,9,411,21,8,0,17,1,11,26,16,171,11,43,24,21,4,52,17,12,57,45,96,16,26,146,10,193,16,14,81,69,10,15,235,10,240,36,10,40,30,93,9,2,9,20,8,72,12,26,5,9,40,8,7,39,2,66,30,17,35,31,91,1,5,35,10,78,48,7,2,11,9,44,7
"ENSG00000125740.14",1612,4110,1093,1226,807,18,22,110,1233,197,959,125,73,285,57,16945,68,63,23,698,440,3052,64,1514,1185,46,32,21229,10,702,68,46,1472,1517,262,201,2851,91,1197,484,2545,171,2902,1017,32783,278,25,629,5650,8192,76,467,9931,845,502,75,17443,4992,908,442,151,708,23,12942,282,1333,48,1130,65,258,768,742,570,3885,312,3076,1171,1119,343,1277,191,96,2175,301,23,80,456,21,391,28,218,128,164,42,131,1712,455,4786,451,1103,415,20238,766,509,7669,2818,216,13552,179,87,655,17123,10416,688,17,424,242,888,53,630,76,267,56,81,37,1511,2489,32,1375,204,153,13599,100,206,58,8512,320,5536,729,167,3571,457,5731,2060,1669,552,488,34,7429,3228,2393,7963,518,190,5156,60,32,314,61,597,93,310,1274,320,24,409,923,309,53,93,98,621,992,515,1430,139,30,222,576,1018,1125,286,350,321,359,421,5528,220,88,67,1368,369,246,134,164,7,1474,55,50,102,855,21,179,115,28925,216,4415,62,80,269,1975,2360,68,1209,4014,255,2948,585,2506,2296,11230,610,1674,1629,2637,11648,1484,387,228,435,37,1169,61,47,366,430,17784,112,273,180,317,90,956,998,39,226,40,37,1649,61,293,24,3022,1895,875,25,4759,45,19,406,131,306,69,74,2818,17,118,18642,509,2158,49,393,129,4109,382,31,36,4615,90,414,93,41,58,3901,274,23,877,975,188,1136,15981,998,819,261,23,97,131,450,591,70,496,82,529,991,29,334,124,209,76,308,275,55,354,592,138,168,236,1255,1534,48,108,270,3167,855,181,202,30898,586,34,1720,579,219,4091,285,3166,9768,37,545,388,73,14786,1117,630,2060,263,122,1342,80,110,4115,2210,185,1580,72,114,11902,53,2990,84,38,2664,4855,1961,66,999,13,20,58,1101,223,57,352,88,19,71,753,51,8232,138,1136,279,521,140,580,2154,32,1023,208,133,425,44,148,953,91,44,122,904,155,15981,1921,979,211,1082,64,186,3038,147,298,252,382,2529,1922,2303,1052,148,93,55,302,345,2480,20868,329,134,6136
"ENSG00000125780.12",1,4,0,24,3,15,32,19,12,0,3,1,2,2,7,12,4,6,17,3,6,1,8,20,15,12,13,28,13,6,8,5,14,47,33,3,69,5,8,2,6,0,20,29,6,6,22,22,2,21,17,4,4,5,30,12,2,14,16,8,26,24,49,5,49,66,5,74,11,7,6,53,47,2,27,3,9,4,6,8,14,26,1,44,25,0,28,38,12,13,24,66,29,22,22,0,24,10,29,3,117,9,20,43,4,0,10,6,14,19,21,1,13,10,0,74,8,19,39,51,54,14,7,44,132,1,3,16,3,3,18,0,17,35,14,11,35,4,20,19,6,12,0,11,0,11,6,8,8,0,0,4,40,14,16,16,27,25,26,8,12,1,21,4,2,4,65,5,15,26,22,4,55,4,26,3,28,29,1,38,4,13,16,15,73,23,3,25,4,2,9,0,1,13,5,15,6,57,70,32,13,4,22,4,6,46,6,5,18,2,14,3,48,25,4,1,18,93,20,50,4,12,10,16,0,2,23,5,27,6,4,6,10,25,17,23,0,53,63,75,6,30,31,3,10,5,2,52,11,21,0,39,2,10,5,42,3,7,24,9,12,7,19,19,4,21,5,4,20,7,27,1,6,5,6,8,37,7,13,43,8,100,15,3,77,5,2,24,28,38,1,29,14,45,33,6,2,29,55,38,7,8,0,2,27,1,12,20,9,21,12,2,22,75,7,5,6,8,18,46,7,2,3,5,176,1,0,10,20,2,21,3,18,7,6,6,107,5,7,16,3,32,17,3,6,19,18,24,20,0,0,8,15,6,4,2,2,0,4,12,7,10,28,11,0,4,11,42,15,15,10,24,21,6,38,14,16,3,7,22,34,24,44,41,7,30,18,50,18,3,61,15,3,9,6,5,93,20,7,9,5,8,4,20,0,0,12,53,8,13,6,5,5,6,50,17,32,0,52,0,7,22,7,0
"ENSG00000125820.6",0,0,4,0,1,0,0,0,1,0,0,0,3,0,3,0,19,0,0,0,0,0,0,0,1,0,0,0,1,0,0,0,0,0,0,0,0,0,0,0,0,0,0,1,0,0,0,3,0,0,0,0,0,0,0,1,0,0,0,0,0,1,0,0,0,0,0,0,4,0,0,0,1,0,0,0,1,0,5,0,0,0,0,0,0,0,0,0,0,0,0,11,0,0,1,0,1,1,0,0,0,0,158,0,0,1,0,0,58,59,0,0,0,0,0,0,1,0,0,0,0,0,0,0,1,0,0,0,0,0,4,0,0,0,0,0,0,0,1,0,0,2,1,0,0,12,2,0,0,0,0,0,0,0,0,0,0,0,0,0,0,0,1,0,0,0,0,0,0,0,0,0,0,2,0,0,0,0,0,0,0,1,0,0,0,0,0,0,1,0,0,23,1,0,0,1,0,0,2,0,1,0,0,0,0,1,0,0,0,0,0,0,1,4,0,0,0,0,0,145,0,0,0,0,0,0,0,1,3,1,0,0,10,0,1,0,0,0,0,0,0,1,0,0,0,0,0,0,2,0,0,0,0,1,0,0,0,1,1,8,2,1,1,0,0,0,0,0,0,0,0,0,0,0,0,0,0,0,0,83,2,1,0,0,0,0,0,0,0,0,0,0,0,0,2,1,2,0,0,0,0,0,182,0,0,0,0,0,0,0,0,0,0,199,0,0,0,3,2,6,0,0,0,0,0,0,0,0,0,0,0,0,1,0,0,0,0,0,0,0,0,0,8,0,0,14,0,32,0,0,0,0,0,0,0,1,0,0,0,0,4,0,0,0,0,6,1,0,4,0,50,0,0,0,0,1,0,0,0,0,0,1,4,0,0,0,1,0,69,0,0,0,0,0,0,5,3,1,0,0,0,0,17,0,0,22,0,0,0,0,0,0,0,0,0,0,0,76,0,0,0,0,0,0
"ENSG00000125823.12",0,2,0,0,0,7,3,1,0,0,1,1,0,3,19,0,1,4,3,6,2,0,1,0,1,0,0,4,1,11,5,2,1,0,0,0,23,0,3,1,0,0,0,0,1,0,0,1,1,3,0,1,0,2,2,1,1,0,2,1,1,9,15,0,0,0,2,5,0,0,0,0,0,0,0,0,3,1,4,4,12,5,0,2,3,2,0,1,1,0,0,10,0,0,0,0,6,1,7,0,1,2,0,0,0,1,1,1,14,0,1,0,0,1,1,7,2,4,0,18,1,6,0,4,0,0,0,0,2,3,2,1,16,1,0,0,3,2,10,0,0,2,32,1,0,6,0,0,16,0,0,2,0,8,0,0,0,1,9,3,0,0,1,10,8,0,0,0,0,9,2,1,1,1,0,0,0,7,0,1,1,4,1,0,9,2,0,1,0,22,0,0,8,1,1,3,1,11,0,10,0,0,2,54,0,8,0,1,0,2,3,30,1,0,2,0,0,0,2,0,1,0,6,0,1,0,4,5,0,0,0,0,2,6,11,5,0,1,0,0,1,0,6,0,1,0,1,9,6,13,0,1,0,0,0,1,1,1,0,8,1,0,0,10,1,4,0,2,5,0,0,0,8,0,0,1,106,0,3,1,0,17,9,3,8,0,0,0,73,0,0,0,4,1,3,1,0,0,0,0,0,32,1,0,14,0,4,0,31,3,11,17,1,0,1,0,1,0,0,0,0,0,1,45,1,0,0,9,1,0,1,0,0,0,9,2,7,0,2,0,0,4,0,0,7,1,1,0,1,0,0,0,3,9,2,0,13,0,4,0,2,0,0,38,0,0,20,0,3,0,0,5,2,4,28,0,0,0,0,2,0,0,1,0,0,0,3,6,0,0,47,2,1,1,13,0,4,32,6,0,0,4,0,0,0,0,2,0,0,0,0,1,0,5,0,1,1,0,0,0,0,0,22,0
"ENSG00000125851.10",0,4,0,0,1,0,0,0,0,0,1,0,7,1,0,30,0,0,0,4,0,2,2,0,1,6,0,0,0,0,0,0,0,0,2,0,1,0,0,0,1,0,5,0,10,0,1,0,6,1,0,2,2,0,0,1,2,0,0,0,0,1,1,9,1,0,0,0,5,0,0,0,0,2,0,12,3,0,5,0,2,1,0,0,0,0,0,0,0,0,1,0,0,0,0,2,0,0,2,0,1,0,0,0,0,0,2,4,113,0,0,40,0,0,0,0,11,0,0,0,1,0,0,2,0,1,1,0,0,2,0,49,11,0,0,8,1,9,0,0,0,0,0,1,29,0,1,0,0,0,4,14,0,1,13,0,0,1,0,0,0,0,0,0,0,0,0,2,0,0,1,0,0,7,0,0,1,1,0,0,1,0,0,0,0,0,0,0,1,1,0,1,0,0,0,0,10,0,0,0,0,1,0,17,39,1,0,0,0,1,0,0,0,0,17,0,0,0,1,2,3,0,0,1,3,26,0,0,0,0,0,0,0,1,0,7,12,0,0,0,2,0,0,2,4,2,0,0,0,0,0,1,2,0,12,1,5,0,0,3,34,2,0,1,22,0,0,20,0,9,0,8,0,1,0,0,0,9,0,0,0,0,0,74,0,0,2,2,0,1,3,1,1,0,0,2,8,0,0,0,4,0,4,5,0,1,1,0,91,0,4,0,0,1,2,1,1,2,2,0,0,0,6,4,0,0,10,0,0,1,0,0,1,0,1,0,1,0,0,1,3,0,0,3,0,1,0,0,9,10,3,0,0,0,0,19,0,0,0,0,0,7,0,1,0,0,0,0,0,0,0,0,11,0,2,3,0,1,27,0,1,1,0,1,12,98,0,1,0,0,0,0,6,0,0,5,0,4,60,10,1,0,0,0,0,12,1,0,0,0,0,0,0,0,0,0,0,0,0,2,5,3,1,0
"ENSG00000125878.6",44,8,308,44,15,28,11,31,31,45,5,17,1,65,30,1,64,23,0,9,10,3,54,39,100,40,15,6,48,12,9,7,19,47,18,24,42,15,15,22,18,14,18,20,4,77,18,60,7,23,31,9,3,8,50,47,68,16,75,16,59,1,19,43,10,36,19,17,29,17,40,65,26,6,187,2,14,15,10,9,40,12,4,63,22,15,68,25,144,57,91,3,11,8,36,0,60,99,9,13,38,5,41,29,23,9,14,4,145,12,13,12,32,28,10,26,40,18,13,30,12,59,22,36,43,7,28,10,39,14,29,5,14,64,46,1,54,1,18,5,4,69,10,11,9,25,31,72,21,7,2,8,23,35,29,3,29,41,44,11,122,27,6,50,9,20,15,28,6,9,7,28,31,45,52,11,64,18,23,7,0,15,17,20,55,27,16,85,17,29,9,100,18,33,9,12,10,9,32,25,22,44,12,32,1,31,22,19,80,33,26,18,16,18,12,7,31,159,35,78,1,51,40,28,13,2,44,4,17,17,6,32,34,46,106,32,5,49,14,75,39,19,68,13,8,23,24,71,133,38,10,59,18,7,5,32,7,58,60,81,26,21,2,12,3,82,20,6,29,4,36,1,7,3,28,22,24,0,41,32,12,56,22,8,17,31,12,30,31,41,14,14,60,53,73,9,4,19,60,1,23,81,90,11,23,22,32,43,35,6,17,44,24,28,38,5,22,26,26,45,26,12,2,38,34,100,8,14,105,4,25,20,22,36,39,2,9,29,46,42,8,29,38,22,3,15,61,58,13,3,5,24,26,8,14,5,17,5,14,4,28,100,32,18,22,11,71,18,75,33,11,58,30,16,6,39,11,9,54,11,46,19,21,65,5,7,26,27,21,10,28,22,2,60,29,33,30,40,37,4,12,9,32,10,7,24,5,12,81,99,18,45,21,14,38,23,11,16,16,12,8,10,42,5
"ENSG00000125888.15",0,1,0,1,127,21,0,0,0,1,0,46,11,7,0,1,1,1,14,1,3,0,0,0,3,0,9,3,3,4,4,0,31,4,6,1,39,1,48,21,0,0,8,8,2,0,0,23,0,0,0,5,0,0,0,0,4,4,2,0,40,30,1,8,0,1,0,9,1,5,2,7,1,0,7,0,0,4,11,3,18,24,0,62,1,0,4,14,4,4,21,60,9,0,19,0,4,2,2,0,37,2,0,5,2,6,21,3,7,1,3,0,5,10,0,47,18,7,2,23,2,6,0,29,3,0,0,2,20,0,1,0,10,1,4,0,0,0,18,0,1,8,1,1,0,0,1,6,18,3,0,0,1,0,0,1,4,1,37,0,0,2,5,3,5,12,32,0,3,1,0,2,0,0,10,11,2,22,0,1,0,1,4,3,50,6,0,0,1,6,0,0,0,38,2,21,1,7,0,0,0,0,85,10,0,79,0,0,85,0,3,5,2,23,5,0,1,0,7,119,0,2,74,0,0,0,63,0,0,15,0,1,1,56,45,47,0,60,0,22,1,0,24,0,17,8,3,17,2,38,0,2,0,3,1,0,0,18,5,0,2,2,8,2,0,15,0,0,21,0,15,0,2,0,8,0,13,0,93,5,14,134,0,0,0,41,0,21,123,19,0,4,0,2,13,2,1,9,0,0,3,0,2,0,15,0,0,4,0,36,15,330,11,3,10,0,15,5,10,7,20,0,0,13,28,0,0,1,11,0,8,16,3,0,21,0,0,1,10,62,0,36,1,2,14,0,10,1,52,0,0,0,0,3,14,0,10,0,12,4,2,0,8,64,0,1,16,3,14,1,0,10,7,26,5,0,4,0,0,40,1,6,6,99,0,5,43,4,0,0,35,6,0,5,28,0,5,8,5,0,2,2,0,1,0,0,1,0,2,8,3,0,4,0,4,0,84,0,10,1,0,0,2,0
"ENSG00000125965.9",0,3,64,0,1,0,0,0,1,0,0,0,0,1,0,0,0,0,0,0,0,0,10,2,1,2,0,0,0,1,0,2,1,4,0,0,1,2,0,2,0,0,0,1,0,8,0,1,0,13,8,0,0,0,0,0,0,0,0,0,0,2,0,1,0,0,3,1,2,1,1,5,0,0,8,0,2,2,0,5,0,0,1,3,1,0,0,0,7,0,3,0,1,0,0,1,1,7,1,0,0,0,4,0,0,1,1,0,0,0,1,0,3,0,0,0,3,1,2,2,0,0,1,0,1,0,0,0,1,0,0,0,0,3,1,0,0,0,0,0,0,6,0,0,6,1,0,0,0,0,0,0,0,0,2,0,0,0,0,2,0,1,0,0,1,0,15,1,0,1,0,1,1,1,1,1,15,0,2,1,1,1,0,2,1,0,0,0,0,2,0,6,0,0,1,0,0,0,0,0,2,1,4,4,0,1,1,0,0,0,6,2,0,0,0,0,2,1,0,0,0,0,3,0,0,0,0,0,0,1,0,0,0,0,0,0,0,0,1,1,0,0,0,0,0,0,0,0,3,5,1,0,0,0,0,9,0,35,0,0,2,0,2,1,0,0,0,0,1,0,0,0,0,0,1,1,1,0,1,2,2,0,1,0,0,0,0,0,1,1,3,7,3,0,0,0,1,0,0,1,1,2,7,0,0,0,0,0,0,1,7,4,0,0,0,3,1,20,2,0,0,2,0,2,1,3,0,0,0,0,0,2,1,1,2,0,0,0,1,0,0,2,2,2,0,0,0,0,1,0,0,3,6,1,0,1,0,0,1,0,0,14,0,0,2,1,4,0,7,3,0,0,1,0,1,0,0,0,3,0,0,2,0,1,1,2,0,0,0,0,0,0,1,5,1,0,0,0,0,0,2,0,1,0,2,2,2,0,3,2,1,3,1,3,0,1,1,8,2,1,0,0,3,1
"ENSG00000126010.6",7,0,3,15,10,13,0,2,0,5,65,536,2,30,0,0,0,32,109,1,47,11,4,28,4,1,1,27,0,3,3,11,1,6,18,55,42,0,22,17,0,10,8,935,3,0,15,16,1,0,7,3,0,9,799,72,172,0,16,1,231,2,14,3,9,2,1,973,8,2,20,48,4,0,1,5,3,10,5,6,401,5,1,1,70,1,4,300,37,10,22,38,1,0,172,0,204,65,0,5,2,26,1,415,12,0,4,1,13,1,21,9,16,11,1,8,13,18,7,166,40,10,0,7,54,0,0,3,1,38,3,0,9,14,19,0,14,9,0,2,1,53,4,5,3,9,3,26,0,2,3,1,126,52,44,7,0,10,61,87,10,3,2,4,1,8,9,0,9,4,124,1,514,0,5,9,16,2,7,225,1,25,4,2,87,9,9,10,2,39,12,10,0,50,4,1,7,3,4,3,2,111,2,4,1,0,3,6,5,0,1,15,1,4,20,7,190,37,7,12,1,5,0,0,6,0,281,0,0,80,2,8,14,317,59,59,0,152,1,7,9,22,327,1,3,5,0,34,136,352,1,0,0,0,0,30,3,2,57,1,26,3,1,1,0,17,6,20,2,1,15,5,1,0,20,0,0,0,398,6,3,23,3,0,131,5,2,1,2,7,6,7,12,10,358,2,3,311,10,5,2,0,5,0,0,2,3,2,0,35,761,1,13,19,70,6,34,16,23,10,3,1,2,2,2,2,9,716,84,0,188,1,1,177,1093,2,674,1,232,4,0,250,104,0,5,15,0,0,0,1,0,21,27,0,78,4,1,3,0,0,12,43,266,2,4,1,0,5,237,8,2,21,0,20,29,1,2,5,2,3,15,1,4,0,2,5,0,19,6,16,3,1768,0,31,10,3,20,0,153,1,5,10,3,177,6,3,2,1,0,20,3,1,1,0,25,12,3,25,2,3,5,0,348,2
"ENSG00000126259.20",1,0,14,0,1,0,1,1,0,1,3,4,5,8,31,3,1,3,0,1,0,1,0,0,1,0,1,0,0,0,0,1,3,0,0,24,1,0,0,0,2,0,1,1,0,0,2,1,0,0,3,10,2,8,1,0,5,0,0,0,0,31,0,1,1,2,1,0,1,5,3,0,1,0,0,0,91,1,336,27,2,3,5,1,1,0,0,0,0,0,19,1,0,0,1,0,1,24,5,3,1,0,7,0,12,0,3,1,320,1,0,2,1,20,1,0,2,2,3,1,0,0,0,0,0,0,0,1,0,1,0,1,14,1,12,0,7,1,1,0,0,3,1,1,1,4,9,2,1,0,1,0,1,7,0,0,1,0,0,2,4,24,4,0,0,1,3,20,0,0,0,1,1,3,2,2,2,1,16,0,0,41,17,7,0,0,3,0,1,0,1,8,27,0,0,0,0,1,5,210,0,0,3,17,0,2,0,20,0,2,1,10,3,2,6,0,0,0,1,1,0,1,0,1,1,0,1,0,4,0,4,5,5,5,0,1,0,0,0,0,0,0,0,0,39,8,0,1,2,1,1,1,0,5,0,13,0,0,0,3,1,1,1,30,0,1,0,1,2,1,4,0,6,0,2,1,0,1,0,1,37,5,0,2,1,0,0,0,3,1,5,0,3,1,6,36,34,0,0,0,0,1,76756,3,6,0,0,0,0,1,0,11,0,0,1,6,0,7,3,0,12,1,1,3,3,35,1,1,1,0,1,1,0,1,1,3,0,1,85,1,0,2,0,1,6,1,0,5,3,0,1,137,2,7,0,2,0,13,1,0,8,1,0,0,0,0,0,3,0,0,2,0,0,2,118,0,3,0,2,11,3,88,0,0,2,1,0,0,0,0,4,0,1,1,0,0,4,144,4,0,3,0,2,1,2,4,0,6,0,0,2,0,1,3,0,0,1,270,1,1,0,1,0,0
"ENSG00000126562.17",47,1,15,291,44,309,140,1,102,100,173,3678,811,12,613,9,199,13,27,47,223,11,160,154,18,41,13,276,15,127,163,17,197,8,9,11,14,129,226,384,22,3,22,510,4,623,849,3,13,13,64,22,14,381,124,379,46,1001,228,258,17,10,23,267,8,1617,8,11,14,83,874,450,15,5,13,7,911,402,1230,492,229,21,102,407,41,778,267,1,1051,284,403,22,79,63,6,5,30,61,519,27,13,14,32,3,983,391,124,8,946,194,221,26,11,5,379,10,30,1327,12,25,3,213,5,31,332,5,16,120,100,125,118,3,23,215,548,19,30,5,462,2,7,74,33,14,30,256,18,63,638,101,4,25,13,10,8,53,313,172,13,105,7,836,1812,214,17,3,266,769,81,180,4,83,592,21,167,31,76,443,1019,1283,2,1217,290,26,12,12,25,4,12,10,408,92,1792,117,31,1656,17,129,2,3264,4,11,448,32,9,59,5,560,28,15,359,284,7,19,416,97,19,18,84,117,9,9,247,500,4,5,18,188,493,59,2692,15,190,54,17,10,4,18,4,443,1232,433,15,693,40,146,509,190,98,26,46,9,15,3,7,74,85,32,36,359,95,15,28,441,135,950,92,5,18,2,6,107,772,48,2752,3929,969,6,20,21,62,23,14,17,20,757,5,88,467,824,13,182,13,18,91,89,135,12,11,70,2396,287,450,11,107,16,214,212,642,101,18,116,11,1551,11,119,47,49,188,265,134,23,2,114,2786,81,12,18,15,5,24,500,37,30,30,26,69,1031,27,10,8,44,49,7,21,4,2,237,134,13,14,736,9,1083,6,16,211,20,863,28,253,235,21,63,34,5,28,504,15,507,15,25,582,210,31,4,440,3,3,61,13,18,11,727,20,5,48,160,8,893,793,12,10,111,34,154,15,733,7,1,13,19,1859,1,106,18,1088,49,9,129,198,26,10,5,7,11,11,59,1419,15,8,3,134,14
"ENSG00000126733.21",0,0,0,3,0,0,1,0,0,1,18,2,52,4,1,1,0,12,55,2,0,0,6,9,1,9,1,162,3,25,14,0,1,13,4,0,4,0,1,3,23,3,1,1,0,0,0,3,1,0,0,2,0,1,0,0,1,0,8,0,1,16,0,2,1,3,26,0,3,1,12,0,0,0,0,0,0,0,79,16,13,2,0,0,9,0,0,15,1,0,9,419,11,0,0,0,1,14,43,4,0,0,0,37,0,1,5,0,8,5,1,0,2,4,1,27,40,1,54,16,3,25,0,1,3,0,1,1,0,37,4,1,2,1,0,0,1,0,2,1,0,4,3,0,1,0,0,0,7,2,1,0,0,85,0,0,1,0,5,8,92,0,8,0,0,1,0,14,1,1,65,14,0,17,1,3,7,26,1,0,0,5,0,1,16,0,3,11,0,27,0,0,0,12,3,0,0,0,0,0,2,0,0,10,0,7,0,1,0,1,1,2,0,3,16,0,9,0,1,8,0,13,0,0,0,0,4,0,0,10,0,7,3,6,1,6,0,0,4,93,0,0,0,0,2,15,18,0,0,0,0,0,0,42,0,0,0,10,112,5,23,19,3,5,1,0,1,1,143,0,4,0,1,1,0,1,44,0,0,2,37,9,23,0,1,6,0,3,3,3,1,0,0,0,0,17,19,1,3,1,0,2,237,0,0,0,2,0,19,8,1,0,2,0,0,12,6,0,0,4,6,6,0,1,12,0,0,0,19,0,12,0,1,0,0,0,2,0,2,0,0,3,1,4,10,1,98,0,3,0,1,1,0,7,0,0,1,1,12,0,5,0,1,25,4,1,1,4,0,0,0,1,3,12,39,0,2,0,1,5,12,0,11,0,0,8,2,8,22,0,7,0,0,0,0,0,72,389,6,0,22,11,2,0,0,126,4,11,12,0,2,0,0,0,1,0,2,1,1,0,0,0,16,0
"ENSG00000126752.8",0,0,0,1,0,0,0,0,0,0,0,206,0,10352,4262,5,1,1356,2137,0,1,0,174,142,849,0,0,2786,10,20,0,15,2135,271,100,0,2025,1,2208,1658,0,1,168,1,13,0,1,1373,0,0,1,3343,0,7,8,0,4,2,5200,0,0,546,1,986,455,0,72,17,14,0,3533,0,93,6,0,0,0,2,93,383,558,1605,3,0,1352,0,0,634,0,1,0,240,79,3,1,1,0,2670,558,0,5,0,1,35,0,1,1,0,1224,7,0,2,0,2228,0,12,1,27,506,1878,1,2189,0,1,106,1,50,1796,0,0,239,0,1276,0,0,0,0,0,323,262,0,4,111,0,0,6966,19,1,0,8,0,3,1,1220,10,6,46,1,3925,284,982,0,251,0,0,783,17,2,0,10640,0,1616,147,58,0,1,10,1777,0,3072,0,0,49,2483,1074,130,1392,1,1,2488,0,0,0,4250,529,3,0,0,0,0,139,5,0,6065,0,2554,1,0,1314,111,0,0,199,1683,4,46,0,0,1160,1029,0,2105,0,0,0,0,1027,211,5,1,0,320,0,0,131,292,0,1350,748,61,0,2,0,0,1,0,16,0,3,9,0,0,0,25,0,1,0,0,1206,3118,2884,2167,0,403,0,0,0,0,4694,0,1650,0,1221,0,0,0,27,0,0,2358,123,202,1662,0,1268,0,0,2,0,47,19,1,0,38,0,0,4515,3,7,0,13,0,0,0,63,0,0,13,1005,1873,6,0,1351,0,0,1,3494,2,0,19,0,14,0,0,354,0,1,6,147,0,3112,0,510,0,0,0,0,0,0,0,0,8,15,0,5860,1991,10,1,975,0,9,95,1,4479,1,0,1,0,1,0,346,0,5,0,2,32,0,1,6,3,1,557,14,165,6823,0,3317,0,0,56,282,3198,362,0,0,98,0,389,189,9,0,0,0,0,0,0,1742,0,70,0,8,3,0,1,750,6,289,1813,311,0,37,730,0,0,551,0,1381,10,1,0,0,4,0,0
"ENSG00000126759.14",5,1,10,9,27,16,4,7,6,16,14,12,53,19,4,78,14,1,5,30,28,176,9,13,12,10,5,1,6,14,9,33,12,29,4,80,27,9,6,7,2,6,25,17,100,1,3,6,45,15,17,10,108,21,16,5,46,8,5,1,8,2,1,31,42,10,22,13,6,13,27,20,11,32,9,83,10,7,4,14,8,7,9,2,7,14,2,1,22,4,13,2,15,10,7,31,54,9,4,9,23,87,2,3,10,13,3,88,10,47,14,128,12,7,3,2,17,14,2,17,3,5,4,6,8,73,32,4,22,24,21,113,14,4,3,93,8,68,7,2,25,20,9,179,27,3,18,3,23,1,24,49,7,7,87,7,0,27,3,12,8,5,1,12,3,32,19,1,5,7,0,4,11,5,0,18,27,0,21,23,83,8,6,10,9,10,12,7,19,3,9,20,91,9,0,2,88,4,5,7,1,18,6,17,67,14,19,4,16,12,28,29,2,2,23,3,3,4,21,25,10,5,2,6,57,63,25,19,0,12,14,23,32,29,6,16,26,25,2,5,11,8,9,14,26,9,5,1,3,12,9,2,11,7,83,14,126,7,6,14,12,34,4,1,186,10,7,59,15,78,7,83,31,199,3,22,1,49,3,10,20,10,4,50,12,5,23,33,8,19,83,34,29,7,10,1,6,10,16,6,28,24,19,136,7,12,19,26,5,7,4,0,2,0,17,4,22,36,18,8,5,32,43,7,13,8,35,1,15,32,19,52,18,33,12,88,5,4,15,4,77,32,6,8,2,7,8,3,19,95,70,24,56,9,11,108,1,10,22,6,6,9,13,10,14,4,0,45,12,4,14,16,0,22,7,9,7,10,19,8,6,24,4,7,58,5,30,15,3,4,2,7,44,10,6,10,7,4,48,38,3,1,32,2,32,186,4,104,6,19,38,14,11,9,2,9,0,22,8,98,101,39,18,101
"ENSG00000126778.12",6,0,94,44,49,87,132,11,66,101,1,51,234,31,472,13,67,112,12,274,1,0,5,8,13,8,15,78,6,250,21,208,49,0,18,16,57,12,178,288,4,2,63,72,2,1,90,9,2,0,0,21,1,30,94,6,6,74,5,0,18,384,20,28,5,286,1,8,27,8,116,98,13,0,47,1,274,12,0,79,15,9,725,8,24,6,2,7,72,9,89,183,239,88,0,2,0,18,43,163,147,5,30,12,2,5,70,0,45,29,2,4,12,3,16,13,13,6,24,40,5,4,4,21,57,4,0,70,32,104,66,0,8,72,11,0,45,3,2,125,1,4,109,0,831,332,45,2,16,15,0,3,7,141,33,5,11,23,19,140,8,3,4,112,2,15,128,7,21,108,104,7,167,1153,2,1,38,1,120,42,2,2,64,0,7,68,20,3,0,7,182,531,133,17,106,1,4,105,351,16,13,13,171,188,0,1,21,11,26,4,26,87,492,19,122,10,6,9,22,22,2,57,1,100,0,3,28,236,2,16,232,54,116,200,18,15,0,65,5,3,2,246,17,1,48,105,44,42,9,98,4,12,0,203,7,0,0,2,5,281,4,5,100,307,3,78,34,2,106,1,197,0,52,1,5,9,56,0,33,79,15,14,195,0,1,24,1,1,8,5,2,256,3,16,48,119,51,24,5,11,38,3,146,0,4,4,14,42,10,52,182,4,2,99,147,33,187,82,80,40,3,8,0,21,22,5,3,10,29,0,41,4,55,6,86,0,16,38,192,47,0,7,8,3,82,45,2,1,34,0,8,13,10,3,38,0,4,6,52,4,14,61,86,6,46,12,1,14,49,22,11,10,13,194,291,0,31,2,11,37,3,60,54,83,0,110,3,75,3,4,39,5,0,44,3,35,29,216,14,0,58,8,0,0,609,8,171,14,5,3,147,2,22,9,2,14,26,623,162,2,5,9,29,4
"ENSG00000126787.13",136,6,53,86,836,295,151,46,20,460,48,503,1010,1983,597,25,50,405,424,83,123,15,90,131,142,161,204,439,92,507,830,434,399,58,26,407,269,74,197,134,6,310,764,25,27,66,28,422,13,20,128,1339,90,459,293,142,13,460,800,536,24,608,61,395,23,356,78,19,828,595,547,122,70,7,77,10,820,111,751,450,415,135,977,103,195,309,59,75,121,19,211,143,116,115,30,1,14,364,278,918,177,19,502,58,238,584,218,16,2676,371,250,35,65,580,243,90,1125,109,911,885,103,128,29,245,172,3,3,93,364,415,75,12,605,29,387,18,71,7,302,44,3,730,664,32,115,1461,359,138,601,511,28,4,413,333,39,497,42,237,120,249,230,155,258,290,210,605,490,398,1028,1549,287,136,299,2675,109,157,160,292,455,288,9,148,137,664,89,101,400,24,109,319,41,4406,729,677,145,231,28,228,74,347,61,894,507,1890,5,146,59,1455,249,332,54,379,709,212,538,400,18,32,191,639,11,253,163,56,21,11,205,1766,44,110,826,124,271,359,12,319,17,88,288,158,62,175,17,57,366,641,110,73,52,137,28,171,18,374,19,135,39,93,85,1082,696,219,1017,695,21,186,228,11,586,11,279,10,500,7,58,415,358,3,73,207,303,401,134,11,78,717,10,169,122,84,85,110,74,40,114,1510,2194,141,124,49,565,38,1940,15,257,47,23,145,154,403,85,661,252,257,249,391,1606,590,23,152,738,379,22,506,314,252,19,66,157,7,690,235,68,179,403,19,254,1851,78,79,2,151,74,349,929,320,13,112,535,7,75,1185,51,596,36,31,352,274,461,19,140,34,141,122,935,39,228,936,33,158,328,197,87,206,683,17,187,5,62,505,27,342,169,25,79,84,626,111,190,96,400,137,19,439,135,207,274,981,62,2,82,129,55,21,1685,32,380,566,129,55,118,124,38,12,215,172,92,2464,431,73,4,11,1186,12
"ENSG00000126838.10",2,3955,18,73,35,104,3,6,1531,657,14,34,36,32,7,60,42,26,52,33,17,34096,239,18,892,73,8,86,8,45,7,50,46,70,14,39,13,22,25,67,2,4,33,19,7335,48,81,11,4172,252,24,3070,420,61,9,34,2447,18,32,19,15,17,29,969,58,53,368,28,344,326,92,43,22,3643,6,14216,142,82,8,60,25,34,1159,13,121,21,25,7,3592,7,42,1300,26,12,1,516,11989,64,37,30,42,23,1458,2,46,21,146,240,47,8,23,970,422,16,15,12,36,7,19,26,4,22,228,17,25,8828,2670,50,19,51,4720,8672,14,18,51,16333,25,12422,32,22,3487,58,128,109,13,20,49,14,17,13,8119,1856,31,17,37,19,3703,397,27,52,18,24,24,25,70,277,616,64,282,1116,8,60,27,4748,8,11,47,16,133,27,5085,58,24,32,32,13,110,55,9568,96,45,24,306,18,15,16,535,16,54,103,13,930,19,7402,2026,24,111,80,19,546,84,862,15,10,863,3,29,78,355,161,10246,132,4,4205,151,6940,82,67,61,42,39,67,98,15,19,10,957,23,6,46,13,21,10,99,21,37,10,11,68,82,66,15,10506,3325,105,25,2461,4,29,2251,181,647,255,27,5757,26,63,104,42,153,16,445,11,768,52,25,20,125,22,14,125,45,16,626,75,33,1961,36,64,73,895,16,12,22,16,7,74,19,530,5,219,187,19,112,8,20,42,29,61,38,61,60,18,425,18,7,15,24,426,10,24,71,29,12,211,42,2648,12,8,1655,12,38,80,54,12,14208,52,60,21,29,11369,66,360,441,5618,57,5,25,7,183,5548,105,60,19,12,14364,12,29,22,27,30,360,30,30,5,23,8,32,14,8,35,45,504,33,38,8,35,4247,14,445,22,748,21,17,46,19,22,37,9,10,76,18,39,42,13,125,321,14,1324,4113,40,6,41,11,126,11,64,23,16,810,312,48,64,5332,12,11,101,31,20,13440,3515,11,15,191
"ENSG00000126856.15",1,0,0,5,5,3,14,0,3,1,3,1,0,60,4,2,0,2,2,1,3,0,5,4,9,6,0,3,0,2,2,5,11,36,9,0,4,1,2,4,31,0,1,5,0,6,42,0,0,0,0,1,1,4,1,1,2,9,1,0,9,0,6,3,7,4,1,50,11,18,5,16,0,0,2,0,47,2,1,4,2,7,0,6,26,1,21,14,76,9,0,19,4,4,1,0,2,1139,6,0,3,10,2,2,2,1,23,1,38,9,0,2,8,1,0,5,7,3,9,41,7,7,3,23,67,0,0,1,2,7,6,0,51,4,13,2,0,0,5,0,1,1,8,8,2,0,12,3,11,1,2,4,16,2,1,4,5,4,9,15,3,10,48,3,1,0,6,2,48,7,2,1,19,5,7,3,2,3,0,16,0,0,9,10,5,3,0,1,12,7,2,2,6,8,11,12,1,23,0,3,3,7,21,55,0,2,0,3,11,1,7,30,4,14,1,0,2,1,1,4,1,1,0,4,1,0,11,3,3,2,18,9,5,9,8,73,0,0,0,9,0,6,7,0,1,1,0,0,2,0,0,1,0,2,0,4,0,0,10,2,11,27,0,0,0,16,2,0,0,1,9,0,3,0,8,0,1,0,0,0,13,28,36,1,4,6,0,0,7,31,7,4,1,7,3,35,0,2,1,0,14,0,1,0,54,9,8,1,19,3,4,4,6,2,34,0,71,0,4,6,0,3,0,1,14,8,4,0,17,2,7,2,3,18,6,0,9,0,5,0,0,23,2,5,54,1,1,0,13,0,0,10,37,29,5,2,1,0,12,3,31,6,16,0,0,5,8,9,3,51,1,15,2,4,22,1,42,3,4,11,35,7,25,6,0,37,2,2,0,4,3,6,0,3,1,1,37,4,3,0,5,15,3,5,0,10,10,100,1,1,12,0,4,4,2,0,13,1,19,0,0,0,1,0
"ENSG00000126890.13",0,0,0,1,0,0,0,0,0,0,0,1,0,282,2968,1,0,805,0,0,0,0,1463,1,438,0,8,40,4,229,3,0,71,193,2997,0,45,0,0,0,0,0,6,0,1,0,6,23,0,0,0,1814,0,1420,0,460,0,0,0,0,0,113,0,110,0,0,0,0,1,1,6,0,0,1,0,0,0,1,2351,832,1612,641,0,0,580,0,0,116,0,4,1,23,2,4,0,0,0,1467,2324,10,28,0,1,1,0,8,3,0,9505,0,0,0,0,11,0,35,0,11,4637,4184,2,231,0,17,2,0,1,862,0,0,6,0,1167,0,0,0,0,0,354,215,0,0,341,1,0,2003,82,0,0,5,1,0,0,2092,0,0,0,0,34,279,985,0,0,5,1,72,2615,0,0,475,0,34,1,1954,0,2,4,6404,22,2,0,0,0,77,34,0,1697,173,1722,383,0,4019,0,312,7,2,0,0,0,0,0,1,0,196,0,159,0,0,13,1,0,0,1458,1172,1,13,0,0,975,1981,0,37,0,0,0,0,0,446,695,0,0,64,0,10,2,31,0,0,0,2,0,5,0,0,0,3,2,0,0,0,0,0,0,0,0,0,0,2,18,1,808,229,0,15,0,0,0,0,38,0,199,0,21,0,0,1,3437,72,0,32,1304,298,0,0,3,0,0,0,0,1,0,0,3,103,0,3520,398,0,1,0,0,0,5504,0,2893,0,0,1,126,6,7,0,55,0,11,222,762,1,10,110,0,0,0,0,0,0,0,0,128,0,68,0,88,0,0,0,0,0,0,0,0,0,2,0,3685,1098,176,0,591,0,0,95,0,1623,0,0,1,0,12,0,9,0,0,0,5,2,0,0,0,1,1,32,3,1323,84,4,1,0,0,964,748,961,88,0,0,356,0,69,2,0,0,0,0,0,0,0,619,5613,2,0,0,0,0,0,119,11,10,30,1,0,0,0,1,0,63,0,128,0,0,0,0,0,0,0
"ENSG00000127249.15",60,33,3,5,149,2,0,2,8,9,0,0,15,2,23,143,5,3,0,6,14,36,3,17,143,1,1,4,1,161,0,132,10,12,0,5,2,1,0,11,0,23,1,3,68,1,0,4,145,15,4,37,75,1,1,11,12,5,1,0,1,1,0,24,3,1,7,0,2,0,23,5,0,24,0,34,6,4,2,6,5,1,3,2,1,3,10,0,2,0,8,8,1,0,0,17,0,1,1,56,22,6,61,0,5,4,5,40,103,4,2,123,3,5,2,1,55,4,0,0,0,42,0,1,2,8,30,2,0,92,10,51,5,2,1,82,1,31,2,651,48,176,212,75,40,2,13,14,5,121,34,84,0,4,2,0,0,49,3,0,2,1,0,68,5,11,6,3,1,3,0,1,1,162,0,6,2,1,64,0,22,0,0,4,0,9,12,32,2,11,2,3,0,29,0,1,40,2,4,1,1,38,3,1,41,1,7,3,29,2,72,12,2,0,227,68,7,0,6,4,31,0,4,2,139,39,1,6,3,3,5,1,16,2,1,5,50,2,0,1,5,7,2,1,8,6,0,0,1,1,10,1,48,4,50,5,59,3,2,66,5,6,2,4,21,3,4,54,3,60,3,50,4,64,0,2,0,26,0,6,4,3,0,33,4,18,42,1,1,3,267,0,4,0,0,2,21,1,31,2,23,1,11,38,0,7,1,0,10,3,1,1,3,0,9,19,2,44,4,2,51,66,63,5,14,2,64,1,2,29,2,7,16,2,1,107,0,4,3,0,34,2,1,10,1,3,2,0,0,14,31,354,3,1,2,48,1,18,1,2,0,2,2,14,16,3,0,1,1,1,0,1,0,2,7,1,2,233,4,5,6,1,0,0,71,13,9,11,1,1,2,1,67,6,5,18,3,1,477,70,7,2,4,0,4,2,1,1,3,3,36,22,1,4,0,253,2,8,8,93,70,0,33,26
"ENSG00000127533.4",409,6,1471,295,88,86,0,83,10,1155,721,63,2,346,87,19,162,197,0,294,141,75,1095,761,59,132,15,84,150,188,996,176,92,70,207,267,971,16,26,48,22,451,29,146,14,274,69,122,49,332,9,944,46,26,122,11,734,383,1406,307,49,563,17,47,20,136,46,40,110,67,255,271,163,82,285,11,162,294,48,104,117,642,881,94,14,24,196,1,639,21,195,31,52,83,323,13,11,237,13,241,100,79,488,43,121,468,51,47,192,8,132,59,1039,846,156,85,301,279,21,74,20,361,211,85,89,58,158,24,1375,614,57,11,24,1087,104,26,83,8,44,159,15,1196,129,30,215,195,119,139,75,414,75,6,43,62,803,7,10,168,23,166,652,18,20,540,64,1028,206,99,48,81,18,52,81,120,237,79,275,45,87,15,29,399,85,211,864,199,401,119,26,85,174,363,52,25,73,17,6,6,16,243,96,77,200,46,12,63,252,151,208,171,79,95,39,42,237,128,72,110,327,211,4,92,65,157,46,2,16,60,191,50,44,64,391,90,409,99,9,23,61,191,4192,191,847,140,65,257,19,117,886,12,193,34,11,287,30,367,32,769,47,425,75,581,52,7,42,479,137,5,111,22,285,16,10,74,173,15,60,23,75,378,227,401,29,70,30,122,6,792,43,160,464,470,143,28,32,196,56,132,220,229,124,98,75,17,9,119,40,308,46,6,29,137,17,122,53,147,137,211,1842,154,230,115,15,36,525,61,73,15,75,30,199,136,143,6,573,34,4,238,39,149,14,152,296,73,12,45,299,71,48,12,51,435,62,58,11,27,63,151,57,19,264,489,625,86,346,175,182,36,736,119,51,76,24,16,286,12,15,6,82,118,410,30,26,186,22,21,160,65,72,40,47,12,5,100,10,177,61,110,181,11,49,19,505,4,203,97,18,24,351,1103,282,172,125,147,175,121,23,102,39,282,5,33,103,170
"ENSG00000127564.17",179,1,27,62,94,80,156,89,32,951,97,642,341,1588,998,40,12,235,366,51,154,15,108,113,72,36,118,518,46,423,387,509,421,104,32,241,406,98,405,235,19,403,183,30,21,4,36,163,22,66,95,455,90,703,137,84,17,202,582,235,111,212,76,1059,15,143,110,42,1667,250,662,117,46,8,95,12,641,156,536,410,287,327,602,169,225,83,50,152,99,8,414,196,49,454,79,16,26,379,219,377,121,53,682,129,195,351,115,11,1242,102,145,27,38,284,128,105,424,55,514,897,51,227,26,446,321,17,24,278,137,485,62,7,460,98,590,18,138,10,1203,41,15,450,330,49,155,1255,610,419,184,446,20,24,183,195,46,405,51,231,329,323,296,181,692,258,147,395,612,799,137,984,46,226,184,760,71,81,236,717,382,201,1,124,97,312,174,157,230,41,101,1083,97,1054,306,709,104,289,32,173,24,404,93,933,204,1524,5,583,46,259,542,344,58,243,725,119,132,706,27,28,118,359,9,422,41,46,20,17,163,631,21,136,236,299,211,334,23,550,13,108,324,289,45,180,71,44,121,473,146,61,136,146,44,125,19,447,20,185,46,82,70,864,806,318,791,374,17,179,165,19,1287,17,444,6,707,4,48,122,489,18,77,664,433,704,167,9,85,222,11,71,40,252,95,76,40,67,167,476,993,70,118,134,306,51,945,28,69,50,18,126,183,456,91,319,345,126,168,378,588,209,35,122,143,634,18,352,407,269,33,130,55,14,340,96,84,104,914,15,396,475,59,50,11,62,53,327,742,328,15,152,160,3,53,585,43,749,56,25,156,700,296,7,539,102,109,158,1374,66,77,204,28,150,374,246,35,114,1187,49,205,23,84,534,73,396,102,35,98,141,447,64,134,402,217,116,37,169,35,105,188,603,114,17,120,71,128,19,840,74,267,187,110,33,146,351,43,37,122,68,83,1184,186,33,7,87,1063,17
"ENSG00000127585.12",21,10,3,52,52,5,13,561,21,1554,16,2,39,74,313,73,15,3,2,18,420,4,44,24,283,10,2,37,3,27,4,10,164,1989,6,57,36,250,0,6,3,151,10,3,52,0,3,8,17,1,36,329,52,67,1562,92,68,7,241,0,1,1120,4,30,115,106,20,19,11,21,136,68,320,14,0,6,32,53,47,68,155,554,157,86,9,92,1,1,27,14,920,67,7,27,15,4,10,19,15,58,298,14,10,15,153,4,4,33,392,18,167,139,24,33,13,8,29,5,12,24,1,469,16,7,23,3,60,8,9,55,88,13,4,0,671,24,992,24,134,363,9,18,25,22,566,22,43,183,212,1999,16,20,9,7,22,320,16,18,4,289,429,597,5,206,3,717,50,22,3,27,4,112,4,23,292,171,31,100,116,57,3,11,261,263,1179,268,7,1708,1479,54,266,12,32,766,1245,2,13,310,3,111,229,347,22,655,21,15,15,1,227,888,145,1059,9,3,21,829,58,0,46,14,7,966,0,4,36,11,5,121,19,3,27,5,65,64,4,38,15,8,9,9,7,99,4,3,12,458,22,223,15,54,8,14,26,28,22,695,8,23,5,149,718,93,26,21,11,128,20,22,1848,14,19,22,44,7,7,10,5,10,35,43,394,17,2,16,24,10,10,31,4,299,72,155,30,231,286,55,211,7,1610,16,539,20,4,130,5,11,7,29,196,163,16,6,456,30,59,1464,29,367,11,13,27,43,10,18,301,1068,18,12,0,15,191,32,98,84,267,29,0,13,16,24,14,6,143,74,16,305,0,3,8,5,17,1680,25,29,86,29,16,6,28,4,43,303,64,24,107,425,147,12,3,14,14,223,2,24,2777,3,127,7,1296,849,34,86,532,60,193,74,512,36,9,2,135,4,13,16,8,9,18,12,141,5,36,12,11,1,7,35,26,12,60,24,52,370,36,51,1,38,375,82,23,47,22,321,60,35
"ENSG00000127743.6",5,0,18,1,5,0,19,0,0,7,0,1,2,97,29,0,1,0,1,3,0,0,6,0,0,0,1,2,0,3,1,6,10,2,1,6,1,0,0,3,0,16,0,0,2,0,1,10,2,0,0,1,1,2,0,4,0,0,2,1,2,25,0,0,1,0,1,0,2,0,4,6,0,0,5,1,4,0,3,3,4,3,0,5,0,3,2,0,16,3,6,2,1,0,4,0,0,5,7,3,1,1,14,0,5,7,2,0,8,5,3,0,2,1,0,9,3,1,0,2,0,1,1,2,4,0,6,0,4,25,1,0,7,0,3,0,3,0,11,0,0,5,3,0,5,2,6,2,4,3,0,0,1,1,1,0,3,4,0,4,3,0,2,4,1,4,16,1,3,2,0,2,2,10,1,3,1,7,3,0,0,3,1,1,0,1,1,1,4,0,4,29,2,4,1,16,0,3,45,9,2,2,0,1,0,0,1,0,9,0,1,2,6,0,21,3,1,1,2,23,0,3,1,1,0,0,0,3,4,3,2,1,18,2,0,2,0,1,4,2,1,3,0,1,9,2,1,0,2,0,2,1,0,0,0,0,1,6,1,1,0,2,5,2,0,0,1,0,0,1,1,0,7,0,0,3,6,1,0,5,0,1,5,1,0,13,0,2,1,2,3,0,0,4,2,6,2,1,0,0,3,13,20,1,2,1,0,7,0,1,0,0,1,4,1,3,1,5,0,2,2,4,0,9,3,2,0,0,1,1,0,2,2,1,0,0,0,1,0,0,1,0,3,1,5,0,5,9,8,0,2,5,2,15,1,0,0,1,14,2,6,7,0,3,8,0,6,7,2,1,2,0,14,1,3,0,0,1,0,0,1,1,1,1,1,3,4,1,1,0,9,1,0,1,1,1,2,12,4,1,1,0,4,0,4,3,5,6,3,2,2,0,4,0,1,0,2,7,4,2,0,0,3,1
"ENSG00000127863.16",587,31,27,31,109,270,2,58,51,980,5161,5768,4672,1334,5,107,38,94,4542,719,74,109,64,82,97,99,9,45,63,15,84,430,22,97,36,70,624,10,1497,503,5,695,109,6364,216,9,15,176,155,59,42,53,91,1399,3046,27,1975,305,36,13,2393,28,11,58,13,493,52,5710,15,31,259,122,23,50,33,74,883,62,3293,85,1415,7,25,41,36,45,37,247,216,15,52,182,63,9,852,29,3674,214,1369,185,177,29,42,207,47,2019,66,39,1259,57,131,168,197,92,147,20,496,28,14,3123,517,27,19,460,20,16,113,3,282,640,42,117,14,38,34,156,1340,65,13,8,44,311,503,116,113,60,73,38,936,1749,202,97,19,42,27,1827,7,287,1101,29,20,137,5,148,304,69,64,132,27,39,11,18,2299,23,66,49,84,1094,374,4221,57,193,360,48,1372,34,126,190,40,10,16,843,5,130,13,7,48,27,31,56,29,50,375,1356,50,58,57,64,78,25,155,82,12,41,293,4411,1271,680,81,153,70,14,20,43,354,79,2478,9,4,1757,6,53,96,3269,887,1046,29,1317,17,65,216,36,1689,46,9,467,92,221,689,329,24,17,23,10,33,52,133,59,2653,20,77,64,204,376,58,81,59,82,38,52,47,59,5,65,91,235,28,30,1499,12,42,657,18,17,30,219,82,80,13,95,1119,20,219,26,622,31,80,806,49,6228,66,15,50,35,19,29,40,34,30,3346,4274,1129,9,34,357,796,3252,344,127,40,313,4066,56,83,102,39,565,5970,761,39,3489,36,52,38,2540,219,1242,92,2083,336,220,3184,77,110,23,36,36,43,63,5,27,400,68,3673,810,47,2909,3562,457,8,49,126,2468,20,8492,51,1,132,1295,24,22,1432,6,2668,8,18,13,376,106,116,9,47,44,17,79,2,1500,81,51,33,1731,5365,58,354,149,74,44,3289,1620,48,45,5,50,321,28,101,21,17,17,195,160,8,22,63,64,50,1,2540,5,242,56,17,12119,82
"ENSG00000127928.13",0,0,6,0,0,0,26,0,0,0,0,0,0,179,32,0,0,61,0,1,0,0,1,1,7,0,1,27,0,1,0,0,1,0,70,0,29,0,0,0,15,0,0,0,0,0,0,14,1,0,0,79,0,24,0,71,0,0,0,0,0,43,0,2,0,0,0,0,0,0,34,0,57,0,0,0,7,0,9,25,116,26,0,0,20,0,0,16,0,0,0,25,0,0,0,0,0,2,30,17,0,0,0,1,0,0,3,0,98,0,0,0,0,19,0,0,0,7,20,14,0,68,0,0,0,0,0,10,0,0,0,0,39,0,0,0,0,0,50,0,0,0,55,1,0,271,1,0,0,1,1,0,0,70,0,0,19,14,36,56,1,0,0,0,0,23,7,0,0,137,1,56,0,68,0,0,8,17,0,0,0,0,0,0,15,0,0,0,1,29,0,0,21,16,15,0,0,0,0,0,0,0,0,111,0,117,0,0,15,3,0,0,157,47,0,1,0,0,6,50,0,12,1,0,0,0,0,207,0,0,0,0,1,0,0,12,0,0,1,0,0,0,0,0,0,0,9,0,1,0,0,0,0,0,0,0,0,0,0,102,34,48,3,64,0,0,0,1,13,0,14,0,55,0,0,0,53,0,0,6,17,24,24,0,0,0,0,0,0,20,0,0,0,0,0,74,94,0,0,0,1,71,32,0,11,0,0,0,53,32,1,0,0,1,121,23,30,0,0,8,0,0,0,0,2,0,0,0,0,0,108,0,1,1,0,1,0,1,0,0,0,0,0,0,54,1,0,0,0,0,3,41,0,62,0,1,0,0,0,0,27,2,0,0,0,1,76,45,0,0,0,0,18,6,24,0,68,0,0,24,28,42,0,0,0,0,0,3,4,1,0,0,0,0,0,0,13,33,0,0,1,5,0,0,1,1,33,38,0,0,0,1,0,0,9,0,7,0,17,0,0,0,0,2
"ENSG00000128016.7",8087,6673,7340,6955,3688,3982,399,3998,6283,5036,12068,3046,2025,6467,8751,14045,3380,3138,2071,18076,6207,12109,4099,10871,3674,2763,2059,27416,1955,8006,5692,4933,6803,11555,3231,11743,9447,2173,5164,5453,731,3557,7461,4253,23715,324,3198,5006,35314,6909,2508,4353,12006,3153,7668,3251,20341,18482,2413,5240,1767,8845,3594,11007,9306,6444,2508,6590,5832,4220,11204,6992,10829,18945,1652,10629,7285,7200,3399,9503,3384,2184,13682,6239,2496,1051,2504,663,9315,650,5029,8303,1866,315,1284,4772,5125,17110,3384,4566,5454,18413,5503,1662,6425,5923,3965,29208,5090,2478,2944,17442,12748,7810,1153,9960,4552,5272,6223,7344,990,4997,1752,10518,2806,32933,16736,2408,11354,3345,4773,15996,4079,7411,10985,23560,4869,8836,4035,5675,4557,7767,12648,10521,7829,21167,7821,3831,7830,22975,22363,18062,3827,4655,17514,3933,1779,7798,2800,6745,4148,1552,6357,4698,1165,13889,7457,2212,2679,4233,2840,7337,5596,7709,6187,4502,2461,3259,13064,5010,4190,3083,2316,4906,2474,7418,12354,2876,3988,3740,11439,5137,6294,2989,4419,2053,6249,4512,2903,14176,3008,4466,4390,1096,22657,3543,6273,6084,1359,5428,7638,3780,3756,11718,12276,7231,6221,1822,7029,12537,17303,1813,635,5194,3996,25937,3000,4283,1013,6613,5510,6455,3203,1801,1418,3815,14922,1938,3137,8919,8381,3537,4543,5908,3365,12044,3267,1047,5994,1465,6570,1333,17410,12154,6100,5755,6850,5578,6371,16124,3988,4837,5178,1710,44938,5386,2547,6496,2017,43006,6653,2781,6495,9447,12524,1922,1034,11141,2774,3325,4043,3782,1071,8629,4428,1470,13759,6082,1124,5996,51100,5622,2488,5509,4579,8150,3510,6847,9513,2568,6168,657,1540,6575,1172,2474,3042,3851,2570,1799,1543,2885,3623,6215,4705,3337,1988,6346,7976,4861,6579,2182,17211,3145,6050,1822,55691,2674,1097,10653,2006,3555,7206,3851,7971,33126,1578,20222,1741,5603,8546,6552,9085,4351,2486,4335,3423,431,1826,42043,29539,9284,13403,5486,2356,22295,2434,2713,3219,5060,14476,17469,10867,5738,2793,3308,964,3129,10487,2505,4321,4376,781,856,4103,2558,3843,37798,3681,6674,9033,3634,2691,3852,14625,3546,4085,2977,2421,6456,2236,4300,5688,3161,2102,4295,3472,1316,24165,11632,7063,3304,3735,1752,6754,18217,12252,9269,1246,8952,10494,4353,5826,9397,2450,3668,1229,3712,2000,51706,14746,5484,2115,35066
"ENSG00000128165.9",1431,50,79,737,1888,1271,306,4,451,111,563,331,686,2469,2459,142,1435,941,759,939,1578,90,3323,509,79,100,576,866,291,752,1790,352,1619,110,238,53,613,596,92,154,21,891,245,84,149,228,489,2225,79,130,201,1137,89,188,78,2459,276,88,284,122,173,2703,128,90,54,653,102,48,6712,905,1788,378,719,112,147,72,840,492,526,87,1578,4159,372,1597,2040,3496,354,877,148,600,3367,1631,423,755,191,84,129,626,3754,670,155,97,756,120,1250,712,1640,157,641,896,1601,171,254,991,824,213,1417,198,1043,1168,109,580,50,164,840,60,82,329,1113,2294,305,174,2970,695,1779,242,808,230,976,582,82,1563,356,435,1484,1642,1112,4001,588,107,56,120,4152,278,237,905,253,4403,86,1421,344,1298,1171,2276,610,223,2222,2394,30,123,583,701,856,4374,419,573,787,539,1913,280,34,2530,1432,1145,89,774,482,298,1119,230,1091,135,1646,2114,1732,1141,129,866,151,1097,153,825,3438,504,64,630,49,858,481,155,919,3371,2274,925,917,496,184,20,257,2512,81,181,354,1155,228,327,662,2951,437,346,901,324,1135,48,47,2026,45,238,146,573,853,555,156,619,4108,474,286,585,305,40,42,1246,122,628,74,598,244,2480,89,1639,401,51,3323,5939,239,1199,1697,93,377,66,1892,95,471,58,128,110,670,104,74,1337,150,499,502,185,42,915,71,387,1483,1824,176,577,1280,918,1210,1145,1141,254,363,107,913,291,257,786,275,257,33,486,1093,658,124,2283,1847,1256,563,701,90,853,294,867,2804,2654,170,1892,448,1142,80,127,227,154,90,281,487,3630,547,93,191,1092,347,450,50,79,1769,2919,624,25,0,2695,354,66,66,1270,19,5954,217,478,1558,1385,2304,970,749,674,201,3744,302,21,678,1238,45,224,430,399,483,477,231,912,1847,190,28,163,122,1638,857,275,452,1352,3381,937,224,710,4220,380,48,1406,372,585,290,371,308,109,510,220,1396,348,1832,18,710,218,176,86,1450,382,649,47,340,275,292,2025,1926,187,28,24,775,50
"ENSG00000128242.13",9356,49,0,68,792,444,51,2,77,8847,1239,87,1341,962,1622,154,622,160,9964,1080,295,41,4175,71,9,175,165,27,1763,1518,8724,5800,173,92,72,1576,65,14,3,22,11,4185,807,20,118,217,13,36,87,157,24,1221,206,217,404,1305,292,2843,2904,41,104,443,26,294,4,695,4,141,200,682,2326,37,4,54,16,74,3059,32,1284,173,141,188,47,1036,135,2271,4,0,81,20,1197,695,1894,653,107,21,678,7,3512,646,51,79,12064,65,237,1413,1850,147,4702,1252,374,69,143,327,1256,9,2431,94,3291,1749,20,100,38,18,26,125,129,7,371,1824,105,116,801,14,584,114,344,71,1707,121,192,1852,281,210,364,1013,306,380,930,15605,111,59,17,143,141,557,16,394,40,66,52,797,94,669,1746,35,337,6706,652,11505,89,1116,145,236,246,88,92,3127,651,45,38,4860,82,583,24,321,12,303,168,982,62,11,2355,49,1135,970,130,1308,3,853,4,15,533,1240,54,19,53,166,101,30,529,1071,257,7,4255,4456,41,235,22,121,94,20,874,82,85,108,7,1557,39,176,2745,7,103,54,51,103,108,113,5,143,1729,34,212,794,1394,420,64,71,266,103,43,91,23,269,150,657,698,2324,137,466,108,134,1906,1534,39,143,1016,48,25,76,3,59,2021,104,93,3507,10959,189,101,1209,208,927,26,97,63,197,58,174,1099,403,277,24,338,424,425,741,2799,30,12,10609,639,1182,477,71,206,47,14,4,28,1686,241,1446,671,1372,32,8576,87,1125,93,45,1721,4204,55,13454,42,437,123,155,57,102,28,474,87,140,86,152,80,961,222,552,127,141,9,6636,493,12,30,2927,728,30,17,1759,18,8918,9,73,2421,4411,1822,588,244,32,118,598,5226,29,6,5790,23,49,58,109,259,411,40,50,13,110,5,47,44,40,74,44,373,91,1270,96,52,209,1620,11,170,556,619,101,268,3317,272,96,22,91,616,16,316,3,748,721,4,216,40,147,146,154,103,135,58,22,3342,337,32,2,1348,144
"ENSG00000128250.5",0,0,0,0,0,0,0,0,0,0,0,0,0,0,0,3,2,0,0,0,0,1,0,0,0,0,0,0,0,0,0,0,0,0,0,0,1,0,0,0,0,0,0,0,2,0,0,0,4,0,0,0,0,0,0,0,1,0,0,0,0,0,0,2,5,0,0,0,0,0,1,0,0,0,0,1,0,0,0,0,0,0,0,1,0,0,0,0,0,0,0,0,0,0,0,0,3,0,0,0,0,1,0,0,0,0,0,1,0,0,0,3,0,1,0,0,0,0,0,0,0,0,0,0,0,0,1,0,0,0,1,9,1,0,0,2,0,0,0,0,0,0,0,0,0,0,0,0,0,0,0,5,0,0,0,0,0,0,0,0,0,0,0,0,0,0,0,0,0,0,0,0,0,0,0,0,0,0,0,0,4,1,0,0,0,1,0,0,0,0,0,0,0,0,0,0,0,0,0,0,0,0,0,0,1,0,0,0,0,0,0,0,0,0,1,0,0,0,0,0,0,0,0,0,0,0,0,0,0,0,1,0,0,0,0,0,1,0,0,0,0,0,0,0,0,0,0,0,0,0,2,0,2,0,4,0,0,3,0,0,2,0,0,0,6,1,0,1,0,3,0,1,1,9,0,0,0,2,0,0,1,0,0,0,0,0,0,0,0,0,0,0,0,0,0,0,0,0,0,0,1,0,0,1,0,0,0,0,0,0,0,0,0,0,0,1,0,0,0,0,0,0,0,2,0,0,1,0,0,1,0,1,1,0,0,4,0,0,0,0,1,0,0,0,1,0,0,0,0,0,5,0,0,0,0,1,0,0,0,0,0,0,0,0,0,0,0,0,0,0,0,0,0,0,6,1,0,1,0,0,0,0,2,0,0,0,0,0,0,0,0,0,0,0,0,0,2,0,1,0,0,0,0,0,2,0,0,0,0,0,0,1,0,0,0,0,0,2,0,3,3,6,0,3
"ENSG00000128266.9",316,24,194,156,470,163,390,139,226,118,108,36,86,368,728,137,37,235,12,744,366,17,2862,497,122,72,1007,125,282,1537,3624,787,862,47,309,124,220,46,7,7,13,175,106,26,41,1344,595,308,55,28,19,2745,158,399,37,306,19,253,186,98,17,641,15,163,3,1121,32,8,3453,804,2519,434,126,13,48,15,1266,153,606,179,216,1266,1568,462,794,99,275,47,574,254,785,233,44,3441,169,2,9,250,1207,389,64,16,3434,30,281,161,986,55,617,131,577,43,815,906,140,112,502,37,435,1095,1,257,21,42,231,14,32,84,104,984,93,21,529,462,541,22,1334,15,1762,18,29,913,690,51,644,5030,938,1037,592,189,14,35,366,23,82,96,321,3654,64,155,239,510,1554,991,722,343,665,1785,441,834,137,802,4449,697,605,297,511,320,236,111,7,1325,1022,546,23,130,106,50,28,487,320,865,5411,1175,97,500,11,458,2,1420,9,1546,1524,1837,24,140,71,760,248,218,514,1515,1020,78,405,330,4,213,608,26,14,66,1091,1698,39,17,7,787,291,518,2256,20,265,55,7,690,28,14,234,73,685,254,73,247,824,130,450,700,146,6,223,914,18,3829,5,1474,31,122,328,929,1314,8,1956,826,44,507,587,14,352,23,602,49,1366,25,353,86,547,17,34,726,47,631,189,47,10,72,11,207,1396,482,93,53,435,299,201,366,3792,17,979,160,821,500,90,22,965,30,16,79,395,207,39,1598,160,807,62,327,100,262,1110,1341,186,241,30,426,513,766,35,10,460,9,40,611,352,81,101,40,581,1248,74,252,16,26,357,91,600,4,6,2338,102,46,19,2262,16,812,19,42,913,510,1267,698,428,219,17,584,608,11,365,782,3,197,1692,202,341,110,960,16,567,61,1739,23,11,324,55,558,103,372,120,823,112,393,1117,17,16,473,202,364,128,470,244,27,367,43,396,14,172,41,220,289,5,263,456,74,19,20,41,189,71,1050,1556,460,21,310,38,28
"ENSG00000128298.17",1918,31,159,397,859,255,234,170,203,2815,613,43,681,832,4863,220,268,777,2820,85,1425,19,7113,176,66,302,3726,77,238,1707,1822,2080,295,271,82,2607,343,46,28,23,8,2277,1433,102,93,106,658,101,114,1058,214,3168,225,55,126,353,372,360,266,84,86,350,22,832,100,55,610,52,11114,205,2258,255,147,33,118,30,2921,496,1132,79,1031,338,3603,1607,317,106,48,27,374,64,802,65,295,3841,32,23,105,138,516,310,273,18,1620,20,92,45,838,68,2623,1276,411,49,87,270,24,187,168,266,4905,317,42,229,609,123,229,16,31,114,1147,205,450,22,833,299,1092,62,1993,39,995,288,126,448,1571,154,122,433,346,553,466,1733,23,49,196,195,166,212,27,355,296,574,161,611,110,1020,160,43,591,4224,114,1243,1052,111,125,61,57,921,96,253,6336,44,15,6,122,633,20,144,340,490,97,1398,122,8,226,262,150,3566,92,1307,478,655,18,1923,154,106,13,590,560,1355,249,73,177,202,4112,418,346,1581,63,17,177,489,13,182,699,139,33,29,25,544,304,375,2444,148,128,36,57,247,30,66,141,152,46,91,667,143,3297,700,132,40,68,142,56,1692,26,7060,41,1126,30,3175,25,1608,158,112,1078,395,61,266,404,19,166,127,187,22,646,48,233,323,1588,43,88,704,61,516,94,46,187,258,14,382,367,95,135,161,191,219,261,607,2354,39,394,1978,889,28,1941,47,153,625,63,174,1705,71,80,254,1018,1268,111,4410,62,1118,319,599,1207,740,39,1279,224,219,123,30,109,43,21,75,386,103,158,51,83,1376,84,195,17,41,443,7228,31,169,26,346,344,7,50,2622,66,682,13,62,366,646,555,6402,118,979,113,2616,88,138,192,264,127,203,112,71,564,116,508,176,138,76,59,170,190,390,305,1299,529,404,1176,343,312,251,920,29,108,1184,276,387,854,328,563,62,754,93,444,299,4209,91,404,133,19,78,461,176,93,176,650,385,130,11,342,70,17,51,4887,102
"ENSG00000128408.9",56,2,11,9,170,29,25,0,2,34,3,89,104,150,260,20,5,10,103,17,16,2,22,11,21,0,1,73,14,45,665,77,43,22,8,54,4,12,26,35,4,30,5,5,6,51,4,1,2,26,17,165,41,60,3,174,13,12,171,143,3,330,9,65,5,41,6,5,196,149,121,10,9,3,12,0,79,27,299,85,6,40,173,32,126,27,13,18,29,2,81,31,16,54,9,1,6,89,33,172,25,2,268,0,34,60,136,3,449,32,26,9,14,15,35,17,558,12,164,162,5,60,7,3,38,1,4,1,47,108,20,3,23,7,264,1,14,1,288,0,4,500,48,17,24,747,57,95,27,1,8,12,43,60,22,0,10,85,20,44,24,21,74,38,66,2,43,714,156,364,6,18,59,326,15,9,9,83,69,9,1,42,24,98,25,9,13,4,13,155,9,108,378,51,4,214,12,66,10,88,2,175,54,214,2,93,16,368,122,53,12,95,3,29,78,47,4,2,22,7,3,30,10,5,5,9,64,255,6,5,634,23,16,20,0,12,2,3,3,14,14,16,9,17,164,42,1,32,8,3,3,29,6,42,2,218,18,46,14,246,87,25,367,119,3,29,157,13,21,3,42,2,154,3,2,81,279,4,10,273,53,69,2,4,3,46,3,12,9,71,35,9,17,10,66,264,374,22,5,29,204,3,847,4,24,2,0,12,31,92,15,169,26,227,19,20,42,47,18,5,36,168,14,453,42,158,17,19,11,3,28,15,12,89,63,9,72,496,6,14,4,8,15,53,114,41,3,25,47,2,2,50,24,111,10,4,99,98,144,10,31,93,12,511,116,11,22,112,9,2,129,14,15,41,52,11,111,10,13,80,1,65,34,13,28,43,112,11,0,217,37,2,7,51,14,18,61,157,40,3,2,26,32,2,235,16,44,43,47,18,23,30,10,1,12,12,29,236,49,13,1,1,368,2
"ENSG00000128422.17",253,0,22,232,619,2,6,4,82,158,2,54,363,24971,37,44,16,651,327,223,27,17,66,19,10,2,23,606,11,6101,234,220,123,284,39,4,99,5,19,148,497,613,13,8,28,17,55,756,70,19,6,99,14,8,59,11,19,10,18,7,39,333,25,237,9,70,26,15,28,29,57,5,17,3,15,1,23,130,55,34,51,126,40,11,11,4,11,11,836,88,331,297,3,129,8,1,4,32,13,65,184,7,311,567,15,16,57,16,1749,2,5,24,3,272,6,81,44,4,348,44,6,49,532,20,49,4,267,21,20,259,47,5,328,13,6,1803,35,2,57,5,26,587,3648,48,14,25,37,188,15,30,78,2,3,1700,8,15,14,47,26,2042,36,8,330,139,775,112,48,1368,8,115,1,25,11,935,17,1,32,1659,941,6,2,5,6,2,20,31,78,38,16,1,17,138,67,373,219,4,2432,55,35,17,3,0,28,82,1,13,22,16,273,2,414,148,55,8,213,67,22,3,15,192,3,23,11,4,81,9,13,88,14,55,40,18,272,27,33,42,1,66,15,111,3,64,8,2,29,129,4,17,185,3,58,24,3,51,9,6,32,1637,61,48,17,6,136,43,24,33,170,26,42,18,56,24,129,2,1,2,278,10,4,142,16,91,50,83,112,373,38,18,6,57,176,243,11,14,26,189,97,9,16,20,145,64,387,4,16,39,6,18,21,35,8,73,12,107,14,84,5,24,13,11,16,239,2,34,73,12,153,32,16,1,129,82,94,3,6,47,46,30,5,14,27,39,548,1272,34,10,20,89,1033,5,43,135,3,14,523,448,6,1104,193,15,38,87,68,95,12507,698,11,33,31,8,16,5,177,46,36,190,3,61,17,17,21,19,142,3,11,63,76,33,12,9,92,0,3,9,17,128,365,25,701,3,89,9,82,0,1335,5,1860,12,11,638,159,32,82,9,91,5,29,532,28,98,2,4,668,49
"ENSG00000128578.10",43,7,6,37,51,7,6,75,22,126,27,232,72,184,1200,32,19,73,114,10,18,9,97,39,131,111,25,180,7,118,94,105,104,207,30,2549,53,22,83,91,6,127,83,51,18,43,22,94,14,27,11,246,54,24,23,150,18,11,143,131,17,283,4,104,35,21,80,20,153,323,82,41,64,14,26,8,25,46,83,216,86,97,2447,8,573,199,42,14,115,3,25,224,19,28,9,9,19,537,84,415,76,28,563,16,17,83,402,16,246,63,18,25,90,79,23,99,352,86,29,114,11,226,28,54,39,17,8,56,10,289,62,11,245,19,155,12,18,15,414,73,13,283,832,31,27,609,30,15,8,120,10,8,149,147,27,66,11,29,43,259,93,4,238,14,7,165,117,77,985,1182,85,24,172,246,15,27,25,30,850,56,7,154,56,200,97,7,284,34,18,182,40,824,317,349,79,235,18,41,48,204,38,561,41,424,6,12,32,283,62,253,40,23,73,161,90,315,5,12,114,202,10,91,8,12,14,6,39,652,8,29,313,230,53,36,27,78,3,16,92,39,51,56,5,115,131,49,21,5,18,104,10,34,14,82,8,43,31,17,19,163,341,260,483,94,17,34,74,9,213,5,78,10,108,27,48,40,26,8,26,195,107,36,103,7,96,30,6,21,3,19,23,53,7,12,20,21,524,17,231,35,486,36,149,14,14,46,10,124,69,94,255,34,28,29,44,512,229,103,40,32,12,129,8,50,65,61,13,45,19,9,110,23,42,32,228,27,29,259,17,274,20,47,124,107,367,111,14,18,97,4,27,297,83,200,30,9,32,32,64,48,50,12,93,17,17,166,2,49,14,53,211,81,10,12,154,13,357,4,146,83,16,75,58,19,19,42,29,100,84,248,7,37,16,11,8,71,176,73,40,1,48,75,150,4,1282,175,1907,19,59,21,107,45,48,16,132,26,54,116,140,41,7,46,50,16
"ENSG00000128591.16",1604,28,2086,4072,386,106,508,35,119,647,114,490,19,1325,8885,267,38,465,7,247,672,20,346,134,19,24,52,273,21,26,57,195,12746,166,2032,38,3212,1010,5,88,19,895,24,71,249,203,65,279,291,41,4512,124,111,104,0,367,58,40,44,10,20,228,5,77,3,119,59,25,16,70,148,1767,29,107,42,57,372,38,105,205,806,75,79,4664,34,101,20,7950,601,16,1608,683,11,60,17,11,5,350,63,214,144,49,204,16,156,223,569,75,455,65,911,163,552,73,56,43,238,1,7086,16237,2712,119,20,357,103,33,468,11,148,65,185,183,55,99,13616,12,152,46,1300,26,87,350,223,48,600,28130,17,72,1287,2346,24,52,27,58,113,5,25,956,25,210,190,721,129,126,109,265,945,988,10,53,12,818,215,26,1578,96,186,220,762,45,11,445,436,128,43,17,279,129,29,5,20,19189,57,1366,148,1636,69,74,13,6017,35,11,823,9,110,2854,25,74,139,7,1913,117,25743,23,922,387,694,9,754,332,21,46,10,64,244,88,29,86,3473,4886,2,15,297,167,15,56,47,25,25,125,409,11296,191,50,306,1528,515,202,147,18,54,13,79,23,67,383,182,116,3044,63,167,49,228,68,47,417,3004,164,17,137,11727,25,6240,34,1702,63,1161,23,139,78,6,35,6,54,1,88,88,58,107,3077,481,80,81,12,182,2162,149,4640,19,1201,456,249,489,29,35,326,12,88,7937,125,28,427,323,33646,13323,413,22,80,508,68,314,1657,57,68,222,803,218,14,24,68,24471,46,93,348,1984,122,153,14316,84,14,45,6773,88,1996,58,69,40,79,84,32,42,8718,85,241,220,62,71,1580,221,15,18,105,62,267,139,44,3280,3482,77,78,44,8195,26,276,19,23,21,141,141,14,32,45,19,80,73,160,100,2265,103,274,1318,10,191,408,19,118,127,62,1995,160,9,15,150,652,58,380,1901,164,23,221,1064,9,59,55,85,264,14,31345,492,161,40,28,13294,53
"ENSG00000128610.12",2,0,0,0,1,0,0,3,0,23,1,0,1,1,7,3,13,1,0,0,0,0,3,4,20,0,0,43,6,0,0,0,0,4,0,5,10,0,1,1,8,1,0,1,0,0,2,4,0,0,1,6,0,0,0,6,0,0,5,0,0,99,1,0,2,0,1,0,0,1,4,9,18,0,1,0,115,2,0,23,0,9,3,0,4,3,1,0,3,0,3,8,2,0,0,0,0,38,0,1,1,0,12,1,0,2,0,0,128,285,0,0,0,0,0,49,1,7,3,0,0,25,0,0,0,0,4,31,0,3,2,1,15,0,1,1,0,0,0,14,0,0,0,0,1,181,0,0,0,2,0,0,0,1,1,3,1,4,2,14,0,0,1,0,1,1,40,0,3,8,3,10,0,127,0,0,1,0,13,1,0,1,0,0,0,0,80,9,8,0,3,0,1,0,8,0,1,2,1,2,0,2,0,128,0,0,0,4,6,0,1,0,0,29,13,12,0,0,7,11,0,5,0,1,0,0,0,9,2,2,0,35,0,2,0,0,0,0,11,0,1,1,0,2,3,0,0,0,0,1,7,2,0,73,0,0,0,2,0,218,0,1,2,1,0,0,1,0,81,0,0,0,0,0,3,0,2,0,0,20,44,1,79,0,0,0,0,2,0,1,0,4,0,0,0,15,35,0,0,12,0,0,3,1,1,1,0,8,1,0,0,0,0,1,1,12,0,0,1,1,0,3,0,0,3,0,0,0,0,0,1,0,0,0,0,0,0,0,0,0,0,0,7,2,23,18,17,2,10,0,3,0,0,2,0,0,0,1,0,0,44,5,0,17,0,2,19,0,0,30,0,0,0,0,64,24,41,0,0,59,22,31,2,9,0,0,0,1,7,0,0,0,1,0,0,0,20,1,0,0,0,3,11,0,7,0,2,18,1,0,0,46,0,0,27,4,18,1923,5,0,0,0,0,1
"ENSG00000128645.15",1,0,0,1,87,44,0,0,0,0,0,0,0,2,3,0,3,1,0,24,0,0,2,1,1,1,2,2,2,0,25,3,5,2,0,0,2,0,1,4,0,3,16,0,0,0,1,5,0,1,0,54,0,8,3,20,0,0,1,0,1,1,0,0,0,14,0,0,0,1,218,5,0,0,0,0,20,4,1,1,1,1,3,0,0,2,0,0,6,0,2,0,4,0,0,0,0,7,0,0,2,0,6,0,1,5,0,0,76,22,1,0,4,0,1,0,65,0,0,21,0,0,1,0,1,0,0,0,0,0,1,0,0,4,0,0,0,0,1,0,0,87,1,0,75,18,39,4,21,0,0,0,2,1,0,0,0,7,0,5,0,1,0,0,23,2,3,8,1,1,1,2,0,18,2,0,4,0,46,1,0,6,0,0,1,2,3,1,0,0,0,9,1,1,0,9,0,0,1,13,1,0,8,5,0,0,0,2,0,0,2,38,0,2,3,0,0,0,19,1,0,0,0,1,0,1,0,2,0,0,0,3,1,1,0,1,0,0,1,4,1,1,1,0,12,2,0,0,1,0,0,1,0,2,0,0,0,1,0,5,0,1,152,0,0,2,2,1,1,0,1,0,0,0,2,0,2,0,0,1,2,1,0,0,1,2,0,0,0,413,2,1,8,0,0,24,1,0,1,1,0,0,11,0,0,0,0,2,0,0,1,14,0,8,0,0,0,50,6,4,62,0,0,24,1,1,0,1,0,0,0,1,0,0,0,0,2,0,0,0,0,1,4,1,0,0,1,0,32,0,0,1,1,1,0,0,42,0,0,0,2,1,1,25,0,0,0,1,1,0,2,1,0,0,0,0,1,2,2,1,0,2,0,0,0,0,134,12,0,0,71,1,0,4,5,1,0,42,0,0,0,0,2,0,1,1,0,11,0,9,1,0,3,1,2,1,2,3,13,4,0,0,0,0
"ENSG00000128652.11",2,0,26,1,69,4,0,5,13,0,1,4,5,36,2,3,18,16,9,14,1,0,12,0,43,9,1,8,56,16,11,1,3,6,2,19,23,1,1,22,6,5,21,12,3,1,0,20,0,19,7,9,0,22,19,13,16,13,4,2,4,18,9,7,0,24,8,6,0,11,249,7,0,0,0,0,2,4,22,1,32,18,3,5,5,18,18,8,78,8,3,7,6,2,0,0,2,56,6,4,0,0,17,3,1,42,3,1,125,3,0,1,3,0,13,6,9,10,7,87,8,15,8,5,1,0,4,5,0,4,11,0,20,21,3,0,8,0,7,9,0,108,1,0,25,58,27,3,11,2,0,0,8,4,3,6,11,6,0,6,26,11,4,1,32,18,15,17,22,4,1,11,21,46,2,1,24,7,2,6,0,50,22,7,88,1,2,27,6,16,6,133,7,8,10,103,0,6,5,10,1,23,4,1,0,5,3,21,0,12,8,37,2,40,7,7,2,17,58,9,0,1,9,4,2,0,4,59,6,32,1,14,2,21,7,16,0,6,2,1,15,2,13,0,14,7,15,2,47,14,0,6,2,3,0,8,1,14,20,14,5,2,62,4,0,0,9,0,35,1,2,3,1,3,14,1,25,0,18,4,6,7,20,1,13,2,0,2,2,76,4,2,1,11,1,29,0,11,22,13,0,15,71,0,2,1,2,0,5,1,22,1,15,23,9,6,11,101,15,42,36,12,0,4,24,28,1,12,31,0,25,1,6,12,3,0,1,9,24,3,0,6,20,1,8,2,5,18,21,0,1,6,3,5,2,0,61,1,6,3,16,33,4,16,0,2,5,9,8,2,39,10,6,8,4,0,3,0,14,5,1,15,4,2,1,1,60,0,4,0,15,15,0,2,1,3,28,194,3,0,0,7,5,3,13,7,2,15,0,12,1,0,8,15,5,4,9,220,22,0,0,0,19,2
"ENSG00000128683.14",19,0,5,74,23,13,15,1,25,927,5,15,17,928,5,8,3,6,3,6,1,0,4,1,3,0,11,77,1,25,2,49,2,4,46,23,3,2,21,10,1,310,1,123,0,0,12,4,2,0,0,8,3,12,13,1,6,1,0,2,106,706,0,1,134,4,0,0,24,5,206,125,0,0,0,1,72,47,471,18,2,9,250,12,2,0,7,11,20,3,21,383,1,119,9,0,10,1,69,143,1,1,68,2,7,14,2,1,408,29,2,6,5,2,0,10,14,18,3,109,1,16,0,5,24,0,3,3,3,833,5,4,112,61,5,2,27,2,7,0,0,11,57,0,4,161,384,3,7,106,0,4,1,9,1,10,9,1,3,10,1,10,117,1,0,5,129,75,1,105,4,1,204,1,9,1,7,1,256,30,0,5,124,2,0,6,0,1,30,4,4,27,244,2,1,0,1,175,0,2,0,9,0,20,0,0,8,5,1,1,10,5,4,4,19,99,123,3,3,0,0,1,8,28,1,0,9,13,6,5,19,5,4,33,0,97,0,1,0,1,15,7,47,12,87,402,7,32,3,4,0,0,1,292,5,2,0,5,167,231,11,0,271,3,3,2,141,2,5,0,6,0,1,2,0,2,4,0,9,44,8,10,4,0,2,3,0,1,0,323,6,75,1,3,145,270,208,4,0,133,1,7,73,3,9,0,9,15,0,1,15,3,1,256,5,261,5,14,74,0,3,5,0,5,27,2,3,4,208,0,72,6,5,166,22,0,167,0,0,47,0,17,418,64,177,0,5,4,20,1,0,1222,6,1,0,2,1,171,54,1,3,4,235,34,3,1,166,0,31,0,27,41,0,42,22,1,0,0,5,11,4,1,0,71,9,3,9,2,21,1,3,5,1,4,0,4,56,148,6,0,1,0,8,0,98,16,72,0,1,53,6,0,2,5,1,0,3,152,1,3,2,2,629,2
"ENSG00000128709.13",4,0,345,10,41,4,45,59,35,4,8,10,73,460,17,25,16,162,114,40,4,0,30,2,395,186,64,31,31,145,63,1,5,32,12,377,51,0,4,147,29,59,177,43,43,16,0,158,7,66,22,122,1,55,261,208,8,43,34,26,63,341,176,118,8,227,47,23,4,68,17,30,3,1,10,0,17,6,152,4,860,237,5,39,15,67,15,72,724,53,13,56,5,20,4,0,3,784,62,22,3,1,89,59,2,6,18,0,649,4,2,0,1,10,76,99,29,60,113,49,80,118,49,38,6,2,14,84,0,24,13,1,287,132,8,1,46,0,78,102,2,22,30,0,19,131,161,20,224,4,0,0,60,29,4,99,233,12,0,34,357,125,99,1,2,250,199,69,115,12,63,30,240,135,34,5,4,216,1,41,1,260,313,11,68,18,38,219,75,228,66,484,469,39,230,95,6,208,37,106,4,478,4,35,1,151,27,0,12,91,2,4,20,98,9,69,7,416,10,68,2,2,30,6,12,2,3,26,50,315,1,108,24,525,12,217,2,37,1,2,61,2,373,0,372,260,97,106,519,1,2,123,2,1,3,33,5,3,333,56,19,3,74,108,2,5,43,3,964,3,17,4,45,1,67,3,388,1,211,78,108,147,15,6,49,31,0,3,47,13,29,1,4,389,48,639,9,34,66,124,3,671,567,0,66,5,63,0,0,24,505,4,223,41,29,45,128,471,40,48,591,27,2,16,6,85,8,130,248,1,175,5,27,42,1,4,20,127,351,29,2,123,287,6,108,83,85,366,134,3,8,63,3,49,12,0,364,10,22,2,484,652,8,7,4,14,259,37,27,44,80,63,114,152,150,2,241,0,49,62,4,219,1,5,8,181,6,3,58,0,12,65,1,11,0,13,535,100,47,2,3,28,11,43,163,38,21,136,2,12,1,0,35,8,71,14,128,1020,208,0,1,4,474,15
"ENSG00000128710.6",2,0,21,1,2,0,3,10,3,0,0,0,13,91,3,2,0,15,32,2,0,0,0,0,42,64,5,10,24,17,12,2,0,1,0,61,6,0,0,22,2,3,21,10,7,0,0,27,1,3,7,27,1,10,84,11,0,3,4,0,3,74,66,18,1,24,3,3,0,9,0,2,0,1,0,0,0,0,10,4,171,46,3,0,2,5,0,8,109,2,5,3,0,0,0,0,0,166,15,1,1,2,4,10,0,17,0,0,611,2,0,0,0,0,3,10,5,12,12,1,8,26,8,2,0,0,2,9,2,1,1,0,53,35,0,2,4,0,9,7,0,9,5,1,6,12,27,0,24,0,0,0,3,15,0,13,35,1,0,4,69,17,25,0,3,50,43,31,36,1,3,0,63,16,4,0,1,20,0,9,0,13,41,0,10,0,7,0,9,34,7,888,93,4,83,11,2,63,4,34,1,82,0,9,2,21,0,0,0,7,1,0,2,7,1,5,2,29,0,2,0,0,1,5,2,0,1,18,8,64,0,17,4,104,0,40,0,2,0,0,2,1,80,0,82,19,8,17,120,0,0,16,0,1,0,6,3,0,40,12,5,0,255,12,0,0,4,1,187,0,1,0,6,0,2,0,22,0,31,2,23,6,0,0,16,5,0,0,1,0,2,0,1,50,9,150,1,0,7,7,2,36,28,0,18,0,29,0,0,3,103,1,30,2,3,3,22,83,0,3,195,3,0,1,0,13,0,33,11,0,21,0,3,4,0,1,3,18,89,6,0,34,47,0,19,10,5,24,26,0,8,5,1,6,0,1,123,3,0,0,152,116,1,1,0,2,27,3,2,1,7,11,23,13,27,3,75,1,4,23,0,59,0,0,1,44,0,0,14,1,1,3,1,0,0,0,130,330,5,0,2,2,0,6,27,3,2,19,0,1,0,0,2,2,5,1,34,1353,25,1,0,0,74,3
"ENSG00000128714.6",0,0,0,1,0,0,0,0,0,0,0,3,1,0,117,0,0,0,0,0,1,0,3,0,0,0,0,0,16,0,0,0,0,2,1,0,0,0,0,0,0,0,24,2,0,0,1,0,0,1,0,1,0,0,0,0,0,0,0,0,0,5,0,0,0,0,0,0,0,0,1,0,2,0,0,0,0,0,12,2,43,1,0,1,0,0,0,0,2,0,2,1,3,0,0,0,0,0,0,0,0,5,0,0,0,0,0,0,2130,73,0,0,0,0,1,0,0,1,0,7,0,0,1,2,1,0,0,0,1,11,0,0,0,0,0,0,0,0,0,1,0,0,0,0,0,5,0,0,6,0,1,0,0,10,0,0,0,0,1,7,0,0,0,0,0,0,0,0,0,0,19,0,0,11,0,0,6,1,0,0,0,39,0,0,1,0,0,0,0,0,0,216,1,0,0,0,0,0,0,0,0,0,0,0,0,0,0,0,0,0,0,0,0,5,0,0,17,0,1,0,0,0,0,0,0,0,0,8,0,0,0,0,0,2,0,9,0,0,0,0,0,0,0,0,6,196,0,6,1,0,0,0,0,0,0,0,0,0,143,21,0,0,32,3,0,1,7,0,0,0,1,0,0,0,0,0,13,0,0,1,0,0,0,0,0,0,0,0,0,1,0,0,0,0,26,1,2,0,0,0,0,0,28,0,0,0,0,1,0,1,0,0,0,73,2,0,0,0,1,0,0,0,0,0,1,0,0,0,46,0,19,0,0,0,0,0,0,0,0,0,0,0,1,0,1,0,1,1,3,0,30,0,0,0,0,0,0,3,0,0,1,0,2,0,1,0,0,0,0,2,1,0,9,0,0,2,0,0,0,0,0,0,0,0,0,1,0,0,0,0,3,0,0,0,0,0,0,49,0,0,0,0,1,1,2,0,1,0,0,0,0,0,0,0,0,0,0,12,0,0,0,0,2,0
"ENSG00000129159.9",11,1,3,3,2,2,2,7,1,1,0,15,13,1,3,4,3,2,0,11,2,0,9,2,3,4,3,2,0,0,4,0,4,4,1,2,0,1,3,5,2,2,10,0,4,10,1,0,0,0,3,5,1,15,8,11,1,16,0,2,1,3,3,4,0,7,2,1,3,16,15,1,0,1,2,0,0,3,93,20,17,1,4,5,7,17,0,1,2,5,5,2,6,2,2,0,2,18,69,1,0,0,2,2,0,9,6,0,141,0,30,1,1,0,25,0,24,0,14,6,0,1,0,0,3,2,1,2,11,6,0,3,25,1,8,1,8,1,701,0,0,6,5,1,6,8,1,1,28,1,1,1,0,11,1,1,1,5,9,3,3,0,35,0,6,2,10,11,12,9,1,2,2,13,3,0,1,13,7,2,1,230,0,5,0,0,8,22,4,10,0,3,57,7,0,93,0,7,0,9,0,2,8,22,0,12,0,19,0,11,8,162,1,7,43,1,2,3,4,4,0,0,0,0,3,0,3,44,1,4,2,7,1,5,2,5,0,4,2,7,16,1,3,14,14,15,1,1,2,6,0,1,0,1,1,19,1,0,0,1,9,8,10,23,0,9,0,1,8,0,0,0,1,0,14,32,6,0,0,8,7,2,3,1,5,5,1,0,2,1,3,2,0,1,49,1,14,2,15,16,1,235,128,0,5,1,0,0,6,39,4,447,3,2,3,6,4,5,1,0,5,14,1,627,1,491,1,3,1,0,2,8,0,12,2,1,2,6,187,0,1,1,2,2,24,0,0,25,3,0,3,17,0,40,1,0,4,3,23,1,78,0,2,4,2,2,0,43,0,0,1,5,0,30,4,1,5,1,8,6,4,2,3,0,0,1,3,33,3,10,52,1,0,3,13,2,25,97,2,0,0,39,4,1,1,3,2,6,2,1,0,0,2,1,1,0,0,88,897,2,0,0,3,1
"ENSG00000129173.13",43,0,2,31,470,231,17,48,12,77,50,811,523,680,195,18,11,245,212,37,116,3,28,62,221,212,46,441,15,104,353,95,194,59,19,163,92,52,368,485,9,114,523,26,12,29,8,178,2,42,60,474,80,215,81,217,32,197,328,567,5,367,48,215,6,248,74,32,828,436,277,70,31,1,14,5,214,66,347,294,219,208,188,10,482,56,11,28,47,3,161,148,47,17,18,4,48,695,133,612,41,7,73,37,94,196,266,3,624,152,115,11,61,154,100,35,1186,98,386,456,29,167,12,53,71,1,3,182,301,286,58,4,263,24,168,5,73,2,578,21,9,595,145,34,130,1472,119,124,184,118,9,4,185,103,12,238,34,227,175,268,73,37,235,167,47,288,236,168,714,1863,11,46,145,1473,23,116,57,256,114,137,5,121,108,435,118,27,191,9,63,926,15,344,256,512,93,238,26,30,9,245,79,446,315,1178,0,135,22,1000,71,384,25,247,174,165,280,198,1,7,119,294,1,130,23,16,12,5,82,523,10,78,296,138,66,257,3,199,6,25,152,99,29,64,11,32,176,269,71,21,41,110,19,41,6,150,6,253,40,24,31,514,706,238,679,544,9,122,108,4,620,13,166,3,174,1,34,163,110,4,12,91,876,49,52,0,14,128,1,31,10,49,25,48,24,15,80,206,1247,49,25,82,704,12,503,5,92,15,6,78,65,380,113,580,207,86,82,122,853,203,14,34,285,177,7,680,215,267,12,60,16,1,258,104,32,140,463,9,151,501,22,46,2,175,71,75,571,171,0,21,75,4,42,459,29,305,43,13,193,184,388,13,276,16,28,145,265,52,23,376,9,66,386,162,10,70,435,11,317,6,43,459,17,327,78,1,59,35,267,69,134,531,149,60,25,430,27,73,233,200,49,5,50,70,24,10,250,16,126,170,92,18,126,124,16,10,82,166,60,578,323,32,2,29,312,3
"ENSG00000129195.16",123,0,18,14,110,55,48,8,1,386,9,25,37,862,505,4,18,14,5,99,74,6,49,9,1,25,20,135,12,134,207,14,50,7,10,71,22,5,22,12,6,146,47,2,28,6,10,32,3,9,5,173,14,130,6,11,5,27,13,12,5,224,1,29,11,182,25,2,30,31,175,37,4,2,11,2,461,30,79,58,84,34,177,147,45,50,4,6,54,3,154,8,13,40,14,3,12,27,185,38,26,17,308,4,112,31,32,5,1291,13,41,7,42,88,41,37,215,5,468,512,16,40,3,6,53,0,4,40,28,77,10,6,43,8,244,3,21,3,291,5,3,255,87,13,26,55,23,83,236,669,10,6,18,98,16,10,5,96,66,42,30,30,260,54,196,77,112,252,24,401,34,13,18,416,42,15,59,136,187,106,3,59,11,23,9,13,213,11,60,220,8,2102,29,51,40,553,2,92,5,364,0,8,276,380,3,332,3,146,114,3,34,53,23,53,40,119,4,4,25,43,3,24,29,5,7,1,13,438,9,18,14,7,41,28,4,99,10,20,4,19,25,25,5,5,154,113,2,49,12,5,7,7,5,29,6,65,4,84,47,129,72,35,482,153,13,36,31,6,30,7,35,6,194,7,3,315,311,6,5,43,102,644,14,5,4,226,6,59,106,27,79,6,29,8,42,366,266,9,12,47,28,15,518,14,41,11,8,31,10,266,2,392,8,113,105,66,62,155,15,12,158,133,5,670,26,67,9,3,25,11,34,47,6,72,224,6,5,60,3,39,4,22,6,397,399,100,11,78,237,9,17,186,8,32,3,7,248,269,277,4,11,17,10,143,618,5,3,278,13,10,6,16,28,53,412,4,14,0,13,150,2,90,6,31,15,4,141,18,9,3,191,7,1,166,55,11,58,898,40,5,11,2,43,1,96,24,28,34,36,44,22,9,8,12,10,46,33,2187,362,29,1,8,45,11
"ENSG00000129354.12",355,46,620,1562,2144,2398,5767,0,8,5525,11,43,34,3812,1051,304,3,54,7,9,69,57,38,9,31,3,1581,11,0,135,0,1700,2367,21,2155,3,3523,249,4264,1479,12,2204,1,30,104,2424,191,315,165,9,1,153,99,355,2,3242,12,0,0,1,1,3,76,28,3,10,7,18,298,8,124,785,150,34,0,13,45,19,112,837,2550,670,7,4022,112,1,166,559,20,1674,221,3041,2,16776,14,12,6,13,9430,170,697,1,67,9,65,4,164,30,866,1,1272,102,4,15,27,2361,276,47,159,4359,2402,7,8,2260,1831,32,59,1605,2068,175,29,21,4485,224,1662,79,23,27,691,3,64,786,590,123,26,361,27,3040,610,3182,88,117,51,85,845,65,4,94,65,628,39,1171,163,737,1822,3175,9437,12,9,4,3,5,3478,37,171,0,1681,382,3422,8,25,43,2489,3,320,449,31,4,1028,146,0,319,590,590,572,199,143,4924,2,593,492,53,3042,52,24,6863,1,96,2624,4,146,2993,3784,15,101,3,294,2,278,14305,27,825,2,0,150,32,14,289,1422,2723,24,11,4083,2351,0,3998,38,331,5860,1,1,124,18,47,7,2378,849,8,5567,52,12,2,17,4,73,3,104,15,736,462,650,7,3,71,17,795,158,45,138,81,4345,61,1910,52,4089,2,2790,45,2,60,213,3593,36,66,14,235,65,1,43,39,509,11,0,2201,4230,2629,37,722,17,5298,68,23,88,47,397,20,10,2,172,437,1,1696,3644,5,6,57,1410,649,5,1790,1,2144,42,3,1955,10,165,16,3549,27,357,36,932,5,7,115,8,1027,3,14,36,99,404,2403,43,726,0,345,15,25,180,345,3,14,3,48,7,19,2,17,2493,37,707,5,9,39,2506,1275,5,214,10,348,362,1781,143,7,3125,230,2,186,755,11,322,45,694,3591,1494,870,2495,125,1746,2,132,4454,758,36,281,125,613,72,48,90,4,10,1300,1,983,2818,1,14,627,287,2,11,0,0,1358,55,96,98,34,0,2048,101
"ENSG00000129654.8",2659,4,1,4,519,8,242,0,0,2438,11,82,44,619,5527,32,13,6,0,44,3,7,8,4,1,0,2,25,3,39,124,63,57,3,5,4,1,0,23,11,5,1766,1,93,41,0,1,5,11,35,1,2,19,58,4,65,6,3,1,15,2,5,1,9,0,98,0,5,7,31,5041,3,3,4,0,1,11,4,2026,146,9,17,80,0,4,3,3,6,12,1,20,10,15,50,1280,0,10,0,62,29,26,6,450,0,9,45,44,12,293,2,0,8,2,1,16,1,1080,2,1,1423,1,3,3,1,4,2,154,3,20,2216,5,9,45,0,9,5,8,2,39,0,7,352,111,28,22,440,8,25,478,302,11,35,2,2,0,4,0,24,23,2,1,6,1,36,113,11,132,5884,8,13,8,2,554,456,203,0,10,131,22,4,0,19,8,52,0,5,6,0,1,0,0,2,24,20,8,202,17,189,0,802,1,45,34,16,13,3,5,7,58,5,17,13,8,2,33,49,11,10,2,3,4,3,0,1,37,6,5,711,0,6,737,1,19,21,1,42,3,5,3,1,20,7,8,2,669,52,0,8,7,2,12,0,8,3,6,10,16,25,198,118,26,2,150,198,5,7,526,4,1,8,5,22,525,7,2,61,1443,3,2,44,10,52,3,7,0,157,10,17,72,5,179,0,140,0,19,4154,36,7,7,177,20,62,386,8,1,11,1,2,3,621,3,241,0,48,18,17,7,298,1,8,78,791,5,12,4,1386,74,138,2,3,31,6,5,2,8,2,5,2,32,19,8,12,1,3219,13,2,1,94,78,14,22,304,7,198,0,7,126,2167,92,12,102,0,73,215,103,2,0,1679,2,2,103,0,7,148,54,13,178,91,0,55,3,4,4,5,13,0,32,51,0,44,96,10,2,20,13,6,79,371,91,6,1,1,11,0,2,26,11,437,0,19,14,12,5,22,2,0,0,13,188,20,1,0,277,16
"ENSG00000129810.15",11,2,9,29,110,72,137,17,11,74,15,172,194,843,240,7,26,141,111,26,65,5,37,43,40,57,55,160,22,127,146,63,118,47,29,154,71,22,201,108,14,90,197,22,10,39,6,182,0,27,40,260,43,171,61,70,13,147,275,216,12,171,28,181,3,105,24,20,303,207,138,33,27,2,24,8,156,44,286,179,140,168,211,43,183,111,41,44,27,9,140,56,33,61,20,8,13,203,160,252,41,15,208,22,53,145,138,9,678,84,72,12,24,163,70,39,361,34,193,434,32,171,36,79,56,3,5,101,70,232,28,5,650,13,166,9,12,9,335,14,6,244,115,27,38,397,164,223,207,128,9,10,218,100,17,127,37,249,144,141,146,66,289,53,67,226,152,457,343,810,50,54,95,900,49,34,41,88,102,52,8,125,56,183,41,30,167,8,45,348,8,645,131,289,70,219,14,49,18,114,47,390,100,959,2,164,29,343,130,168,28,93,419,54,78,152,30,32,57,73,11,100,95,13,8,4,61,473,14,76,279,70,94,71,19,179,21,37,109,75,11,40,8,16,189,314,144,42,58,44,11,62,16,224,26,68,22,30,24,573,297,123,719,240,4,51,105,9,391,9,133,6,167,5,16,139,185,3,16,78,372,126,52,5,58,226,4,37,44,70,26,34,33,20,56,175,346,40,61,21,198,11,407,15,247,34,15,35,44,232,40,226,78,64,91,66,599,138,10,39,147,47,12,300,122,158,10,52,43,9,188,69,17,67,202,12,93,482,20,19,4,57,20,216,394,168,12,54,142,4,26,189,24,444,27,20,202,244,246,38,108,11,52,193,163,17,44,237,12,96,119,95,50,65,431,20,133,1,25,283,23,148,35,6,26,42,162,33,135,107,116,49,7,104,40,77,110,258,27,4,40,99,30,4,114,7,223,170,89,22,57,86,10,9,95,29,62,590,105,21,1,6,464,3
"ENSG00000129990.15",5,0,2,2,5,2,0,7,8,4,1,3,3,8,186,6,4,4,1,3,12,1,23,1,2,0,6,4,2,4,3,60,1,2,3,5,6,2,3,2,3,5,6,0,2,1,4,15,4,1,1,96,4,9,1,0,2,1,9,2,0,81,1,2,4,5,1,1,1,1,21,1,1,1,0,2,5,38,191,55,5,28,1,10,2,2,17,1,6,4,256,9,2,23,0,0,2,1,2,7,3,7,7,0,22,27,4,3,158,1,207,0,3,5,2,2,37,3,41,8,0,6,0,2,2,8,13,1,2,10,2,1,56,1,124,10,2,0,15,2,0,1,9,3,22,26,16,19,45,4,0,2,1,8,0,4,0,1,2,21,5,421,15,6,9,17,2,9,1,26,0,0,2,0,27,1,5,160,7,3,0,5,1,4,0,1,3,2,31,0,11,5,12,5,3,6,0,14,1,13,0,2,5,21,0,16,2,2,3,1,17,227,2,12,2,5,2,0,60,3,1,0,6,14,7,10,6,8,19,0,9,3,1,0,6,1,0,1,0,1,23,1,1,19,14,19,0,31,2,2,15,4,0,10,2,182,4,7,0,24,82,4,19,8,8,7,2,0,6,0,2,0,32,0,3,1,3,1,0,15,2,6,0,3,1,6,2,10,17,15,9,8,5,16,25,1304,30,1,7,3,0,2,17,2,110,11,1,3,10,6,3,9,3,96,181,12,13,4,15,13,7,1,1,135,6,162,4,0,1,1,13,1,3,12,12,0,0,27,0,7,1,2,4,4,5,7,0,4,2,0,8,21,0,33,0,4,0,0,16,4,5,9,5,3,14,0,18,4,7,4,6,11,16,2,66,4,10,3,1,0,1,2,3,20,2,1,23,7,1,6,103,2,0,0,9,5,11,13,10,2,0,2,3,0,0,1,2,2,0,19,3,0,6,3,2,0,2,11,6,4,2,3,5,5
"ENSG00000129991.13",3,0,0,0,2,0,0,0,0,11,0,1,0,0,109,0,0,1,0,1,58,0,2,0,1,10,0,0,0,152,0,0,0,0,0,0,0,0,0,0,1,2,2,0,0,0,0,0,0,0,0,21,1,11,1,2,0,0,1,1,0,40,0,2,0,2,0,0,0,0,4,0,0,0,1,0,23,8,8,22,0,6,45,7,0,1,0,0,0,1,173,0,0,8,0,0,0,6,1,0,0,1,3,0,3,0,0,0,72,1,136,1,0,0,0,9,1,0,23,2,0,0,0,1,0,0,3,2,2,2,0,0,39,0,36,0,0,0,1,0,0,8,3,0,43,6,1,13,160,0,0,3,0,2,0,5,0,2,0,0,2,230,3,7,39,2,0,0,0,7,1,3,0,0,71,1,0,391,113,0,0,0,1,2,0,1,0,0,0,0,0,21,26,3,0,1,2,2,0,0,0,0,3,2,0,0,0,0,2,0,3,115,6,1,1,1,0,0,0,0,1,2,1,1,2,0,0,1,0,0,0,0,0,0,0,0,0,0,0,0,1,0,0,1,4,81,1,77,1,0,1,1,0,0,0,67,0,0,0,2,8,0,0,5,0,1,1,1,17,1,1,1,5,0,1,0,2,0,0,16,1,0,1,3,1,1,0,1,4,2,0,0,1,1,197,417,2,0,1,0,0,0,2,0,10,0,0,0,0,0,0,3,0,4,0,6,5,7,1,0,1,106,0,31,0,256,0,0,0,0,0,0,0,101,0,1,0,0,1,0,0,0,4,0,0,1,0,0,2,0,0,34,0,2,0,0,3,0,0,0,1,1,1,0,12,0,3,1,0,1,1,0,1,0,17,1,0,0,0,1,0,0,0,52,17,0,52,0,9,1,39,0,0,1,7,0,1,0,1,0,0,1,0,0,0,0,0,0,0,1,0,1,0,0,0,0,40,2,4,0,0,0,0,1
"ENSG00000129993.15",49,447,168,116,246,52,38,237,331,272,59,148,131,143,48,280,63,29,23,112,145,177,96,110,42,32,17,55,46,41,545,88,77,732,51,186,94,77,14,20,125,89,121,274,311,31,213,95,156,437,73,107,263,107,157,29,320,42,407,23,36,75,7,235,23,73,295,47,62,123,151,265,44,264,124,453,47,52,17,186,53,30,16,213,69,41,42,56,314,33,279,58,21,91,23,212,514,179,70,121,108,1019,39,73,87,75,213,357,50,80,164,464,457,43,76,9,111,30,21,43,6,16,172,57,93,145,139,25,68,72,196,245,71,188,45,490,38,358,34,22,481,255,68,551,321,45,110,74,87,22,445,553,70,230,257,84,67,197,32,36,111,193,151,122,226,136,107,39,27,29,13,19,64,29,215,85,111,24,618,57,346,213,205,57,236,160,94,63,202,52,35,292,89,125,35,12,273,28,46,58,142,24,80,70,445,42,130,273,211,21,263,442,50,39,157,44,17,218,340,44,371,48,30,90,584,313,62,52,27,36,58,36,237,159,68,173,619,63,29,51,211,167,199,125,52,27,16,138,290,173,45,20,442,72,454,126,479,204,46,168,186,56,18,49,136,84,100,377,54,246,117,148,92,288,89,19,28,845,159,126,27,46,220,170,17,90,195,193,45,131,462,64,124,40,96,75,77,110,560,47,165,185,1267,825,10,94,46,75,34,18,232,116,15,57,69,91,72,587,461,55,128,120,733,74,313,175,402,38,47,235,51,163,168,91,74,614,260,106,45,53,804,110,115,623,23,55,39,94,61,526,222,229,49,73,50,399,34,38,121,22,74,313,157,184,90,566,12,99,163,28,18,66,7,46,42,176,12,105,596,70,1135,102,620,56,328,25,333,39,40,13,42,412,320,88,29,50,38,27,454,200,23,16,237,43,109,231,26,177,60,316,173,46,408,177,81,21,14,2190,79,696,760,591,44,177
"ENSG00000130032.17",13,4,44,8,17,10,0,26,1,13,7,12,2,16,1,1,38,4,2,7,13,3,26,12,21,13,1,9,15,13,14,27,4,10,10,4,27,3,14,37,0,14,14,26,0,12,4,17,5,17,4,17,1,3,6,8,33,1,11,13,15,0,9,13,8,34,8,2,43,21,23,39,15,1,12,1,34,3,1,4,26,2,5,19,30,8,7,4,49,7,25,4,26,1,3,0,16,9,1,2,24,2,23,39,13,2,29,3,195,0,27,4,20,21,12,3,85,19,1,25,1,7,6,1,1,0,0,0,17,5,12,2,19,5,50,8,38,0,12,25,3,57,11,3,11,31,4,22,45,32,3,0,15,12,2,1,6,16,13,10,15,9,13,63,5,8,19,10,1,60,1,9,19,19,9,6,27,18,18,17,0,41,16,28,29,4,63,116,20,9,2,49,2,5,3,1,3,0,6,24,13,3,35,42,0,1,13,24,7,16,29,9,13,6,12,11,4,21,10,72,0,4,11,30,6,1,40,33,15,44,0,13,21,14,23,5,2,10,8,13,82,1,6,13,13,12,2,11,94,14,5,9,2,4,0,3,2,28,19,4,38,52,10,3,4,18,6,1,20,0,4,1,2,2,18,4,26,1,2,8,2,2,9,0,23,23,4,19,8,27,14,3,6,16,24,13,51,18,81,27,6,31,49,0,1,7,22,4,16,9,2,46,9,19,23,18,10,29,9,6,41,4,3,77,42,17,2,5,4,1,18,3,5,5,33,5,1,85,6,5,1,12,18,2,2,13,28,17,9,0,0,14,11,7,8,1,19,2,17,3,11,127,8,14,67,9,3,31,10,4,17,17,2,19,3,3,0,1,28,4,5,3,8,7,3,0,15,27,9,13,24,33,1,16,9,14,1,11,31,6,2,2,32,4,4,12,3,31,9,14,24,7,1,8,9,23,6,6,13,19,1,0,34,4
"ENSG00000130054.5",314,1,23,1,128,47,47,72,61,389,5,13,8,115,266,22,105,131,16,98,168,21,234,9,28,125,119,0,45,217,53,658,178,7,114,304,5,27,1,38,2,381,1,0,13,11,101,19,8,1,0,57,19,12,0,8,21,25,1,1,0,170,0,5,70,462,1,28,4,98,245,204,0,7,15,4,328,83,176,71,43,55,253,341,127,59,27,18,163,47,228,452,2,41,16,2,47,28,56,119,13,30,12,0,89,265,8,4,216,167,64,14,127,5,49,1,49,0,13,146,0,10,3,46,294,6,6,6,6,389,14,9,426,0,247,3,0,13,185,2,7,292,203,13,74,5,2,61,378,686,1,6,0,86,6,1,34,40,91,45,2,54,758,25,70,37,200,209,72,115,1,1,2,6,106,15,1,0,182,25,3,952,172,60,3,10,11,7,244,4,0,4,0,107,39,5,8,61,8,228,1,135,124,1,3,141,3,22,11,0,68,131,300,14,68,441,2,12,197,20,9,0,17,5,10,9,39,14,47,113,294,49,2,9,5,0,10,0,10,0,261,223,91,219,152,256,5,158,12,1,17,0,13,2,7,33,21,157,0,64,20,2,114,10,13,110,180,10,100,4,108,2,123,13,371,64,108,7,0,138,0,2,1,6,1,41,3,28,43,7,37,0,25,701,153,259,172,29,2,264,6,101,553,32,17,5,23,5,38,24,21,34,7,312,84,77,194,57,149,223,133,1236,7,313,0,145,27,2,10,1,6,1,7,461,339,7,0,552,31,64,3,4,144,354,495,50,8,30,326,20,18,414,3,152,0,13,166,220,3,1,0,50,6,26,165,0,57,161,0,0,21,5,6,96,142,0,40,13,23,0,14,4,1,166,62,104,42,73,0,2,469,0,5,10,22,100,201,160,22,7,30,1,97,3,279,32,123,277,6,54,28,4,10,20,0,71,82,14,100,76,14,1,21,3
"ENSG00000130294.17",28,30,4809,7,72,7,0,893,11,85,1659,0,169,9,5,26,533,0,8,15,33,109,39,14,115,10,18,59,11,0,1319,0,8,270,20,1,9,4,1,6,24,78,11,20,13,3,3,1,33,71,3,19,8,33,32,1,23,33,30,167,52,9,8,2,65,2098,64,13,76,17,4,8,8,33,2,59,792,17,274,45,3,4,3,12,2,752,0,2,8,8,2929,11,2,35,75,15,65,3,1,18,7,43,9,3,16,258,1,21,1226,22,1782,48,17,19,5,8,99,12,2,26,1,76,46,10,1,50,33,17,539,2,8,38,15,4,555,65,61,54,41,4,31,508,56,102,58,2,4,55,18,0,32,35,1,63,24,1,2,5240,6,2,36,55,5,563,2,6,2,394,42,4,7,8,1,41,7,28,0,14,9,0,14,15650,0,0,30,13,38,431,2326,3,28,2,23,6,13,4,47,7,9,14,15,387,1721,161,51,2,1,35,21,295,3561,708,3,31,31,5,24,8,4,19,46,11,3,11,38,83,10,32,1,1,41,241,13,21,10,0,42,3,5,16,162,4,90,215,1041,170,0,92,7,23,20,13,22,6,44,987,82,943,0,20,74,581,8,18,13,65,10,22,47,13,0,17,5,5,3,16,1,44,19,2,28,2,31,26,101,6,7,45,0,10,22,25,635,2,2221,5590,178,3,5468,1,9,1535,170,39,2,20,6,48,130,9,42,309,29,14,39,46,0,519,31,1,37,3690,33,63,25,3175,19,18,21,23,30,12,9,643,18,66,11,1,22796,24,88,66,12,6668,63,11,8,134,36,6,9,11,57,2245,2,14,40,18,1,22,53,2,6,585,6,84,8,45,2,4,1455,1,1,2,109,138,293,7,3708,3,74,5,349,1,13,29,52,1,1,520,12,47,21,80,77,47,24,66,22,9,8,6,331,3,0,5289,0,1,10,5,15,3,31,17,59,23,0,268,253,60,29,3579,93,15
"ENSG00000130300.9",4610,255,42280,7370,6596,3286,664,8560,3400,6566,5781,14266,1365,7547,2084,813,4386,4144,951,4033,3237,260,7397,6919,5001,4795,1492,2085,3944,3545,3106,7148,3836,7445,5471,5605,9849,1802,8552,9364,3055,7369,9664,13691,1496,1758,3448,7206,589,7975,6821,4810,453,1351,4379,1636,8481,11077,12343,3039,10093,2114,2213,2724,292,14682,7376,7021,5464,3426,7542,9483,4506,218,7313,305,3186,4156,1889,4026,7111,1424,1903,6074,3155,3944,2332,1187,19192,3414,7556,1440,3589,3587,6704,131,5311,14286,1233,5679,7387,519,11979,5453,3680,6775,9217,448,3432,4947,6315,1699,8807,4937,5670,6442,8228,5137,1849,3752,725,1233,4666,3431,6699,410,2039,2411,5412,5671,2997,318,1756,5984,4225,295,5813,162,2164,3883,738,12358,2787,321,5642,8028,2631,2315,3396,3510,479,753,5259,4166,4907,1563,2235,8762,5663,3506,10202,2117,2886,4820,1307,6486,3646,4143,3197,4636,332,1525,4838,3923,2643,2639,6686,4096,2843,3872,176,13251,3689,3808,9520,5705,8215,21839,2285,954,3570,5971,3710,4222,3896,1800,324,1736,4616,7455,5667,3036,5866,3963,481,2686,4680,3975,3791,4476,4503,5595,2012,3402,5245,4983,3143,3000,5315,11199,125,5072,2547,4553,541,363,4018,4214,2106,5528,2789,8650,7496,2632,5296,6575,421,10268,4395,5831,18919,4144,7019,3881,2602,2009,697,3770,14038,3091,2674,4607,657,3807,513,9610,537,10683,3002,1264,7103,10884,2959,2000,558,7143,2351,446,6050,417,8768,292,859,267,8056,4370,3977,544,5902,4012,6089,2645,5785,760,8176,4933,233,9484,1892,6646,2734,5222,2823,2721,6460,3194,4719,9613,29967,8095,4343,5724,2392,916,938,3989,3755,6199,2981,2199,6165,6185,3373,4934,5883,4940,4632,3698,20513,6715,8568,3665,463,5757,9853,4406,1269,7340,2149,360,4622,3412,6604,2789,6396,768,2594,7954,3124,2175,275,5273,6867,2106,1277,4817,12146,4810,1297,436,489,5673,6005,2075,3765,449,3111,2595,6139,609,3266,6148,3951,1939,11348,6884,2611,5689,10805,3051,2579,5923,1463,1434,1115,3131,2115,1007,12422,3634,4797,4570,1953,7799,498,2143,6695,3041,3211,2560,2811,5107,369,6587,2470,4541,2907,1729,5603,411,3503,878,7847,2413,3665,6405,1212,3866,3969,25038,4879,4243,6234,7372,6926,3438,2329,2793,2122,1870,483,1687,4554,531
"ENSG00000130477.15",30,0,13,36,97,4,100,1,0,57,1,3,11,19,40,8,2,2,1,17,65,2,13,10,4,11,2,67,0,72,24,382,25,16,7,104,24,24,1,4,1,15,5,3,11,6,21,2,4,0,5,244,4,1,1,2,8,9,4,4,2,958,0,3,4,18,14,1,3,20,21,18,5,0,1,3,437,178,649,334,23,194,62,866,1,2,5,0,84,1,105,11,3,587,5,0,1,28,36,119,7,7,33,2,50,16,5,4,222,2,45,16,175,656,6,4,26,0,17,45,0,5,2,5,20,1,5,9,36,22,12,2,188,3,185,0,11,2,18,0,1,35,291,5,57,6,3,10,10,61,2,0,1,28,8,1,2,35,11,6,2,77,197,16,3,114,14,12,74,1280,225,5,8,4,15,7,24,2,12,8,5,22,7,18,2,6,10,5,8,3,2,0,3,65,11,13,0,1060,0,273,0,9,23,77,5,8,2,3,17,1,23,50,14,2,18,17,1,0,40,4,0,7,1,1,11,3,10,11,3,50,6,8,62,9,0,5,0,4,2,2,14,27,6,2,40,113,0,36,2,2,3,5,1,3,4,43,13,43,5,11,39,2,158,6,3,18,15,2,52,10,27,3,1,3,82,6,23,2,4,669,9,4,5,4,2,15,1,7,1,19,6,20,3,1,114,102,25,2,7,124,27,1,99,4,1,7,1,5,20,2,5,13,9,940,30,655,9,29,200,6,20,143,1,245,104,38,1,0,4,1,12,8,70,230,25,2,1,30,2,1,0,5,20,9,66,32,1,3,3,1,3,2680,5,15,4,3,5,5,4,2,2,13,11,8,36,8,10,10,4,2,2,10,0,1,113,3,4,1,10,10,4,12,7,14,9,7,31,13,2,2,34,3,1,5,5,5,249,224,20,10,2,2,25,0,46,5,7,0,6,33,1439,3,4,14,5,90,19,17,2,13,1,3,26,5
"ENSG00000130540.14",23,7,0,4,1,8,0,0,7,129,1852,202,116,0,1,6,0,7,2239,5,239,8,22,0,3,0,0,0,0,2,2,0,3,2,91,2,509,33,4,33,0,2,0,832,0,1,15,0,2,10,6,3,6,2,1691,0,1231,1,1,0,964,2,37,2,3,0,0,2115,0,0,0,31,0,3,2,2,4,3,7,1,332,1,201,1,0,113,0,249,41,1,152,67,0,0,833,3,3228,0,6,2,0,5,16,37,69,15,62,2,124,0,329,0,21,0,11,0,1,1,46,463,67,7,2,5,50,8,9,0,3,2,3,6,3,6,158,1,1286,5,130,9,2,12,2,4,30,2,0,9,77,1,0,2,1,2,24,74,0,0,17,1,0,100,25,3,121,1,1,2,0,1,0,0,276,0,64,111,0,1,325,714,1,29,24,2,767,6,0,0,0,0,6,0,3,23,7,4,9,2,4,0,2,0,39,0,0,1,3,0,5,2,8,141,0,1,1,0,448,190,0,16,3,0,0,0,2,1,1191,2,0,44,0,0,3,451,675,248,0,418,0,0,12,0,996,1,0,0,0,224,153,1087,0,1,3,0,1,48,3,5,112,0,1,0,0,1,5,1,13,1,0,4,0,8,0,1,3,1,0,7,949,1,0,1,0,2,1404,0,1,11,0,4,1,5,0,6,1186,15,0,240,0,1,2,32,0,2,0,2,5,0,2,0,883,5,3,69,14,39,1,0,63,5,2,134,0,234,1,50,4,3495,70,1,509,2,49,20,65,7,713,1,647,794,3,2007,1,1,0,0,0,30,4,1,4,63,3,1,150,1,3,305,0,1,1,0,611,1860,58,14,1,8,677,0,1,540,0,61,1,0,0,0,1,4,3,0,5,19,82,0,85,0,0,4,219,765,4,5,157,2,264,4,348,4,4,165,1,162,2,8,4,0,0,57,2,0,4,13,1,1,0,23,2,1,0,0,1218,6
"ENSG00000130643.9",2,0,1,0,0,3,134,8,2,14,1,0,3,4,0,4,3,4,4,3,467,0,2,1,1,0,3,1,2,1,21,2,12,11,11,0,2,0,1,5,0,21,4,3,5,4,1,2,1,0,6,5,2,0,0,3,2,6,0,2,0,11,2,6,1,2,1,3,1,8,9,4,2,1,4,2,10,5,340,23,15,16,5,97,1,4,1,0,4,1,91,5,3,38,51,0,3,2,1,1,9,0,1,2,158,2,4,2,43,2,281,3,0,0,3,7,20,1,5,201,0,9,3,6,6,3,4,0,7,0,0,0,15,2,85,0,9,0,38,1,0,4,41,1,71,3,5,7,173,4,0,3,2,7,1,3,1,2,3,6,10,550,2,9,3,1,82,8,5,6,2,7,0,1,458,3,6,21,4,3,0,0,1,8,6,1,3,1,24,2,2,8,13,2,1,3,0,42,0,6,1,46,15,3,1,7,1,0,23,13,14,103,14,15,1,2,1,0,1,11,0,0,0,1,0,1,8,4,3,1,15,4,6,2,2,0,1,2,7,2,3,2,8,5,2,18,14,8,3,3,5,11,0,6,0,38,2,5,504,3,96,1,1,5,0,119,5,1,10,2,1,1,121,0,10,0,22,0,3,5,3,133,0,3,5,0,2,12,1,119,4,2,3,1,201,2742,9,5,7,6,4,2,3,4,6,1,3,3,15,3,4,1,8,4,1,0,0,12,1,2,2,0,0,9,4,35,1,4,9,0,2,1,6,10,10,2,1,0,1,0,1,2,4,5,23,2,3,9,5,0,1,25,3,74,0,2,2,4,11,41,19,3,11,16,2,5,5,4,3,3,4,0,7,1,44,38,9,1,2,5,4,2,12,386,2,7,32,5,0,12,18,2,5,17,2,5,6,11,5,0,1,11,10,1,1,6,9,0,0,5,14,5,0,1,11,3,5,20,2,1,0,3,2,2
"ENSG00000130675.15",182,0,2,0,88,60,0,0,0,641,9,0,27,1,380,0,223,2,0,7,1,0,6,0,0,0,0,0,30,3,0,4,0,1,4,0,1,0,1,0,0,171,0,0,0,0,0,0,0,2,1,6,3,0,0,0,4,0,0,1,0,1,0,0,0,110,1,0,1,9,3,0,0,1,0,0,89,1,10,23,0,0,368,1,0,427,0,0,68,5,0,2,0,0,0,0,2,0,0,13,1,1,447,0,2,134,1,0,23,1,6,2,0,0,27,0,20,1,0,0,0,6,0,0,0,0,0,0,184,6,1,0,2,0,0,0,1,1,1,0,2,28,86,0,14,1,2,41,400,439,0,2,0,5,0,0,0,1,1,1,0,14,0,25,63,0,1,0,0,6,2,0,0,166,1,0,0,9,379,0,0,157,1,1,2,0,0,0,0,0,0,0,393,2,2,0,0,0,0,1094,0,0,2,61,0,0,0,0,5,0,69,42,5,0,1,532,3,0,0,0,0,0,0,0,3,0,1,0,0,0,132,0,2,1,0,0,0,0,0,0,19,1,0,24,397,42,1,20,1,0,1,0,0,0,0,0,0,124,0,38,3,0,0,4,0,1,0,1,0,0,0,2,37,0,0,0,199,0,0,2,0,0,0,0,0,3,0,78,0,0,3,0,29,0,12,65,96,2,1,355,3,116,1102,0,0,0,0,0,0,4,0,232,1,8,2,430,4,62,4,1,76,470,0,6,1,3,5,0,0,0,9,0,2,1,10,3,0,0,40,12,0,1,1,330,0,1,0,317,0,0,17,30,0,43,0,0,346,231,0,0,0,0,3,22,2,1,19,3,0,0,0,0,0,1,2,1,94,2,0,2,0,0,0,0,0,0,102,3,0,0,235,0,0,184,4,3,1,215,16,2,0,0,90,0,1,1,0,1,0,4,1,0,2,3,0,0,0,0,331,24,0,1,3,2
"ENSG00000130720.13",34,1,64,5,65,2,1,6,3,1246,5,0,2,7,676,0,4,3,26,2,0,0,15,7,2,2,1,2,0,30,0,52,3,2,3,4,47,5,0,0,0,28,1,15,0,1,1,7,1,0,0,552,0,0,1,3,6,1,0,3,2,56,0,1,0,2,0,1,1,5,10,0,1,0,5,0,2,8,3,4,13,29,247,55,5,2,1,3,16,1,9,140,0,285,7,0,0,4,2,36,0,0,29,1,2,9,7,0,9,3,8,0,9,7,0,0,13,0,0,9,1,0,1,6,0,1,2,1,17,2,1,0,17,1,79,0,8,0,2,0,1,8,309,0,3,119,3,4,0,494,0,0,0,17,1,0,0,4,1,8,2,4,1,2,2,1,5,16,5,46,0,2,110,1,16,1,5,3,642,0,3,9,0,0,0,1,15,0,1,0,2,1824,356,4,50,2,2,125,0,328,0,6,5,13,0,0,1,64,0,7,5,26,101,1,3,350,1,0,12,1,0,26,0,0,0,1,0,3,2,0,179,1,3,3,1,1,0,2,2,2,6,2,4,13,1,7,0,4,1,0,0,1,0,0,0,7,0,39,6,15,0,0,3,3,0,2,79,0,1,0,8,0,0,0,0,0,3,1,902,370,2,2,0,0,3,2,0,14,0,4,7,1,8,2,82,226,56,0,0,29,3,4,3,0,1,1,0,0,1,2,9,3,4,81,408,24,1,3,6,0,0,32,0,2,6,14,1,4,1,0,3,1,3,14,572,0,3,9,1,4,1,5,2,23,2,2,0,10,39,0,0,23,0,1,0,0,0,10,1,1,6,2,42,72,13,0,0,1,1,0,4,0,5,3,27,0,2,0,0,3,0,1,0,1,0,60,5,2,0,1,6,15,0,1,2,6,9,2,5,0,0,0,18,2,207,0,118,0,3,9,2,0,1,0,10,1,0,679,43,1,2,1,516,3
"ENSG00000130812.10",14,226,6,77,27,8,54,374,191,100,39,53,21,35,87,892,24,107,157,173,213,663,305,207,259,60,72,60,3,192,111,21,75,231,18,37,295,74,44,33,10,43,86,96,559,5,128,100,1011,73,62,204,488,30,91,69,199,5,73,10,163,229,100,426,170,13,232,245,152,73,287,112,101,828,202,759,28,52,4,209,79,51,49,83,111,47,23,39,114,113,174,155,11,34,20,238,261,230,39,74,338,294,68,32,81,57,111,648,220,7,66,563,121,94,8,74,20,36,38,24,124,13,111,151,56,633,323,78,6,96,195,782,67,98,43,953,31,777,62,79,340,21,113,950,182,32,118,74,30,6,752,870,107,111,305,128,26,139,23,83,145,117,115,40,12,185,98,145,230,84,14,89,93,18,91,29,127,11,234,82,317,139,100,50,247,173,105,233,708,83,391,13,125,47,105,15,671,89,428,10,45,114,32,321,1122,189,98,83,157,141,288,58,308,54,173,28,10,105,85,192,626,206,1,134,180,616,119,101,20,42,35,158,67,97,13,65,741,81,47,219,30,77,178,88,73,33,6,35,41,308,124,44,303,60,554,76,736,29,46,42,268,180,42,17,835,41,14,681,111,470,36,388,50,679,94,8,126,623,228,66,180,70,57,343,167,62,542,60,8,52,513,83,11,175,123,99,26,141,325,6,190,25,79,1751,8,167,75,72,57,6,103,5,84,87,89,20,36,93,171,70,10,31,436,10,113,73,636,56,22,623,16,85,273,346,79,732,114,28,0,26,837,168,50,37,89,508,39,31,32,807,460,307,189,87,95,852,6,8,167,19,88,278,99,94,72,161,25,48,134,38,40,114,1,34,75,177,103,648,224,357,141,143,113,102,541,85,72,140,95,71,56,161,397,6,0,156,178,43,587,535,100,16,42,61,111,38,25,141,55,155,137,118,64,160,229,4,84,8,101,814,743,211,0,528
"ENSG00000130821.17",4322,24,22211,305,420,256,224,401,189,7318,497,2388,438,802,2716,278,455,327,1288,433,1188,106,3180,105,26,72,470,227,162,3347,105,426,220,153,2705,4358,444,61,1797,1193,88,5687,81,2367,251,39,718,933,221,62,44,13485,172,582,1894,81,543,36,42,205,3663,8663,21,62,85,876,37,1927,1132,210,132,548,354,76,113,66,1966,392,8693,344,4249,3524,6122,445,345,1051,154,263,2796,80,3738,34873,33,1579,1907,27,440,215,1573,289,291,93,3342,299,462,2666,63,75,19929,154,865,149,775,91,383,547,2494,436,196,390,228,57,981,86,497,45,163,72,399,652,156,80,1674,402,2123,70,433,55,1768,127,150,1252,3066,111,490,4102,487,710,6971,4689,62,216,58,217,130,962,359,593,470,211,94,1685,6959,474,282,1895,458,4934,720,40066,2686,163,1121,214,949,176,304,3903,2175,285,22,7131,914,44,37,220,247,88,836,21,228,7018,5008,236,3390,58,106,1535,48,1003,32,65,2291,135,322,107,771,126,236,48,744,1454,5226,167,217,931,523,749,367,190,53,78,75,361,406,124,1312,237,917,297,52,86,367,819,102,1397,122,59,40,71,2690,997,1054,1499,13196,1438,27,1705,208,79,41,267,60,1943,80,361,73,3166,1371,1352,312,75,11166,7725,327,706,628,195,141,128,115,88,586,81,663,36,2517,637,429,3366,84,809,58,140,151,243,66,1318,2552,564,533,747,780,178,2044,1462,9131,421,575,9261,192,2060,3135,430,242,112,102,254,97,2084,311,2021,69,1933,302,13293,142,445,1219,424,582,4652,99,88,1386,816,256,802,557,93,300,65,86,2160,2169,116,525,1278,316,902,51,87,987,7370,19368,130,156,4438,1009,168,149,3573,140,6022,146,168,1322,5138,878,198,198,301,270,319,6281,49,1070,769,303,58,419,4219,8890,810,528,39,174,268,92,65,23,72,37,543,458,3726,959,282,151,110,11140,826,124,1007,581,130,74,1037,655,88,67,129,896,34,11345,12384,2909,205,36,483,277,103,32,106,193,250,74,5430,3102,513,59,98,785,238
"ENSG00000130822.16",83,0,127,1,0,3,536,0,0,156,1,1,23,20,59,1,1,28,10,1,20,0,16,0,1,0,0,30,0,27,25,2,1,2,2,1,4,0,0,2,2,9,0,3,0,0,4,75,0,1,0,1475,0,1,5,14,2,0,1,0,1,996,0,1,8,57,1,0,4,7,1,0,0,0,0,0,10,4,2842,41,881,1596,13,3,131,12,0,0,4,2,254,5783,0,36,2,0,0,1,40,0,1,0,70,1,78,8,2,0,6595,0,43,1,0,0,0,11,23,0,18,7,0,6,3,1,2,0,2,1,1,2,0,2,329,1,107,1,2,0,716,1,0,14,45,1,54,59,4,176,5503,46,1,2,2,5,3,12,0,3,1,1,9,412,145,2,4,758,5,125,6,4267,21,4,10,12,32,0,0,185,6,0,0,24,28,0,0,1,1,0,1,0,3,20,207,2,1785,1,1,34,0,61,0,2,47,4,5,16,1,1,2,0,4,42,83,3,5,19,0,5,0,7,0,0,6,0,0,0,0,25,2,2,2,1,1,1,0,1,2,0,0,0,15,1,4,1,708,12,1,170,0,0,0,0,2,32,1,9,0,24,1,17,14,0,101,6350,0,2,4,0,1,0,1,1,152,0,0,1,145,0,0,2,0,4,0,1,6,56,1,173,3843,0,1,4,4,17,45,377,441,1,11,194,0,39,1967,6,14,1,0,2,0,25,2,40,13,111,1,40,1,19,2,3,1,42,0,30,1,14,0,1,0,0,1,1,0,10,3,5,2,25,0,0,0,0,0,166,19138,0,1,75,305,7,2,4,1,910,1,0,322,29,347,11,8,3,2,90,36,0,12,1285,0,0,0,0,710,23,38,1,3,4,0,0,1,6,4,0,0,526,17,0,1,1,13292,0,0,0,6,1,3,202,3,0,0,0,3,0,24,225,86,45,0,1,1,0,0,0,0,0,6,98,604,3,0,0,6,74
"ENSG00000130829.18",108,20,0,147,365,94,7047,36,79,37,86,35,353,727,1355,13,923,91,41,482,201,20,910,11,124,34,376,87,649,141,8579,45,496,332,5,51,180,207,212,227,11,46,478,373,18,148,146,174,26,44,166,803,43,989,37,96,151,11709,20,284,71,1577,164,533,78,8578,94,480,1238,295,1212,129,170,39,171,20,8784,262,8061,7039,1750,464,480,142,109,373,55,106,429,145,1529,516,5048,1494,1076,10,74,120,14305,579,158,49,2817,31,270,4497,829,47,40078,1879,134,12,61,51,9465,246,1276,101,193,135,84,200,39,926,611,52,42,111,115,1779,33,69,3943,227,191,32,184,32,15075,9,9,491,337,29,541,4260,412,1247,13467,67,13,22,56,131,122,181,88,1876,97,94,235,656,6250,1321,554,68,2342,3022,150,8913,18,169,1652,3788,259,24,63,2333,35,687,15,878,144,211,149,550,38,64,170,90,109,33,15969,139,1569,3163,22,151,79,1021,69,178,2395,1327,21,169,76,93,184,126,359,188,1411,44,5070,21,8,321,147,88,34,72,3612,657,21,27,1262,178,343,43,266,366,838,247,83,508,26,382,81,43,263,291,563,356,5102,862,35,178,27,325,56,94,43,1626,14,849,56,227,24,2611,544,61,964,28125,16,125,410,28,451,16,177,26,13539,23,205,22464,5508,25,209,4485,409,347,238,25,357,9816,13,56,2451,342,45,219,147,84,49,1434,437,162,47,216,1473,2340,1710,81,888,158,123,71,103,12491,406,581,19,463,348,46,294,1840,353,152,1046,22,25,2326,206,664,13,92,433,27,15,316,20,1662,430,57,126,1703,163,93,19,462,211,956,2172,51,1,6043,8500,47,24,953,202,20212,19,50,3533,63,12203,114,424,571,253,411,21,23,308,7205,665,285,229,168,217,336,533,235,184,67,1,530,72,443,352,595,30,458,878,442,252,350,11942,1141,14,931,161,397,215,13843,107,19,54,270,683,378,4207,0,122,8785,27,201,19,371,38,78,633,17,225,208,1000,217,26,6,459,63
"ENSG00000130876.11",3,0,24,0,47,40,2,0,1,1,1,2,388,1,3,0,13,20,1,14,41,1,11,3,0,2,4,6,2,1,6,0,3,1,8,0,0,1,7,2,0,66,0,1,1,1,0,3,4,3,1,2,0,17,1,1,9,20,3,1,0,8,1,5,1,43,3,0,1,4,132,2,0,3,8,1,13,3,47,10,850,11,2,2,13,8,1,0,30,0,302,0,13,2,1,1,1,0,46,1,2,2,0,1,52,56,46,3,2601,24,272,1,8,2,1630,0,11,0,9,231,0,0,1,0,1,2,1,0,33,64,0,0,16,1,141,0,0,1,136,0,3,29,2,2,20,6,1,25,518,0,2,0,1,1,2,0,0,3,2,17,3,84,3,7,335,6,1,830,2,9,0,0,0,6616,119,1,0,24,0,0,0,5,1,6,1,1,1,1,8,0,0,0,1,2,10,110,3,1,0,24,1,3,363,2,4,14,12,3,0,1,7,743,4,2,9,3,1,1,1,2,1,0,15,5,1,2,3,2,1,0,4,0,1,1,1,0,0,0,0,0,19,1,0,0,874,31,1,6,35,0,1,4,0,1,1,24,3,8,0,0,1,1,553,8057,0,2,3,0,3,1,0,0,14,0,1,19,226,2,0,60,3,12,0,0,3,340,0,3,68,16,3,0,5,0,83,59,7,2,0,1,4,7,12,0,516,0,0,0,1,8463,3,50,1,12,3,6529,5,34,1,4,6,4,0,446,8,255,1,2,0,1,4,3,0,273,0,2,1,0,3,0,1,2,0,362,27,2,0,0,228,1,0,130,0,1920,3,2,303,1,2091,48,8,0,1,304,2,1,0,1477,0,2,0,0,1,1087,39,3,25,0,1,16,0,2,2,0,4,1,357,3,1,4,1240,3,0,32,10,0,1,14,6,1,0,10,2,0,2,2,12,7,1,4,2,1,0,9,4,0,13,42,47,2,1,1,28,2
"ENSG00000131050.11",0,0,25,1,66,0,11,1,0,2,0,0,0,47,0,0,1,15,0,27,0,0,9,3,0,3,0,4,1,0,50,8,0,1,0,15,0,6,0,0,0,188,0,0,1,0,11,0,0,2,9,12,0,0,0,0,0,0,5,1,0,14,0,0,2,0,0,0,0,2,39,52,3,0,0,0,4,182,15,12,0,0,15,1,4,0,6,1,6,1,6,10,0,812,0,0,0,0,0,19,0,0,28,0,0,0,7,0,14,0,0,0,0,0,3,0,25,0,1,0,0,0,2,2,20,0,0,0,2,22,0,0,102,1,32,0,0,0,2,0,0,65,27,0,11,11,0,150,2,0,0,2,36,0,16,1,0,35,0,0,7,0,32,16,76,0,229,46,16,51,0,20,10,3,0,0,4,1,1,0,0,0,1,0,0,3,0,0,2,0,0,2,1,0,30,21,0,871,0,5,0,6,15,3,0,2,2,1,49,0,0,4,0,0,9,1,0,7,0,0,0,0,2,0,0,0,1,1,11,0,5,0,16,0,0,0,0,0,0,0,0,4,0,0,152,1,0,0,0,0,0,8,0,69,0,0,0,112,0,342,1,0,70,45,1,85,9,0,0,0,2,0,42,0,1,1,734,0,0,55,0,5,0,0,0,0,0,0,26,38,0,6,10,0,0,615,503,0,0,2,7,3,15,0,0,0,0,2,0,0,0,5,0,100,0,14,0,1,0,2,5,0,0,41,3,0,0,0,0,0,1,2,1,0,0,0,6,0,0,8,0,0,5,39,16,0,0,0,9,0,0,6,0,1,0,0,0,0,0,3,1,4,0,149,1,0,0,0,0,1,4,0,86,4,58,11,1,0,0,0,0,0,0,16,0,1,5,0,0,7,2,0,0,1,3,0,1,16,0,0,0,3,0,0,0,0,51,49,0,0,0,0,0,0,0,0,2,1,0,1,0,0,2,0
"ENSG00000131055.5",36,24,698,104,55,30,26,128,68,51,43,167,27,49,51,13,36,99,0,17,19,2,74,23,67,42,83,65,100,67,17,101,28,78,51,76,144,10,258,143,45,52,162,151,14,265,146,182,10,112,160,33,5,40,68,103,164,129,224,36,198,54,30,49,7,170,75,74,22,72,119,140,74,1,611,4,59,123,75,77,136,21,42,131,70,68,98,49,354,192,147,96,20,341,93,3,131,201,56,43,54,5,139,53,28,108,143,8,105,33,49,42,83,52,46,68,129,42,47,127,35,72,65,160,193,10,16,163,90,29,36,16,38,123,63,11,112,0,58,71,6,200,8,2,56,98,55,69,105,14,10,15,63,55,42,32,10,81,106,51,339,103,64,35,81,81,27,169,72,42,21,88,44,114,153,11,144,158,7,9,3,238,94,49,215,137,111,74,52,17,42,52,85,80,39,62,6,40,65,110,55,65,86,107,9,150,53,43,131,40,21,120,92,60,85,27,132,221,112,168,5,282,261,76,8,5,134,30,158,48,54,134,114,109,452,142,1,201,59,153,102,62,73,30,41,47,38,158,196,32,75,99,39,63,9,135,15,321,91,304,55,74,29,91,1,100,64,12,128,10,181,5,49,2,111,41,63,8,86,68,157,141,115,49,79,158,10,238,200,223,17,60,97,172,235,34,12,102,289,49,21,331,274,28,172,138,42,141,34,31,86,58,109,75,66,44,72,123,82,61,90,78,4,106,91,84,11,221,203,11,121,50,132,36,52,13,57,105,37,250,15,131,142,7,35,90,133,265,25,9,8,60,95,84,44,10,38,11,120,17,89,293,124,34,78,57,308,52,260,151,5,148,72,26,37,68,48,6,251,138,98,128,36,99,3,68,197,18,77,21,75,56,7,133,85,54,42,211,61,10,85,27,147,14,26,15,15,22,465,176,35,150,91,72,172,13,41,56,65,22,6,25,224,3
"ENSG00000131094.4",109,10,27,5,248,37,4,74,2,178,4,175,47,2987,208,57,15,320,22,105,412,19,240,88,177,384,596,106,23,23,22,54,217,21,20,17248,19,3,30,20,746,17,47,0,34,14,33,4,98,46,119,288,53,18,106,198,4,6,175,582,4,1645,20,281,2,55,0,16,172,3033,338,39,33,25,9,3,67,74,151,1038,904,293,28,188,1789,1002,3,34,1188,2,42,244,8,36,43,2,0,241,129,147,39,8,515,14,13,27,2641,26,480,205,553,24,3108,20,0,17,678,91,34,11,0,237,1,2,32,24,20,720,557,369,46,6,105,15,161,10,94,0,582,142,16,3298,54,38,17,866,7,857,4,929,11,31,115,11206,4,241,1,95,203,970,84,6,27,132,37,2032,21,1297,1529,516,414,114,16,21,16,91,17,117,5,55,4,794,38,974,49,43,221,24,1814,273,56,971,7478,554,1282,2396,25,38,3114,3218,26,2518,1093,45,9,45,2,481,642,555,69,105,28,40,55,368,48,0,17,2,8,2080,3,283,60,5,15,182,13,23,2654,1149,5,38,65,2,12,9,4,131,985,1,45,233,51,77,8,3,42,4,20,50,22,10,11,312,28,70,12,75,1230,34,53,145,4,351,300,13,183,32,27,22,43,14,87,6,11,16,19,857,77,16,194,9,19,10,29,25,7,20,53,96,2889,13,81,49,587,25,2115,246,517,899,251,31,13,9,2,62,379,29,16,364,222,110,1017,59,2,164,4407,40,310,63,13,14,7,1618,79,3,7,7,39,185,6,1489,338,44,119,13,41,46,7,6,26,149,3088,57,80,395,25,7,7,8843,0,67,4,12,229,174,2,128,1,4,44,49,681,4,70,7,6,149,1286,46,8,22,1306,15,1590,18,18,245,3888,204,289,867,54,18,30,251,243,1491,14,39,27,1572,3460,16,183,11,89,24,14,2270,23,6,459,6,54,4,27,64,15,1001,3,2,682,159,21,646,623,398,8,298,36,14
"ENSG00000131097.7",47,2,17,45,30,26,3,46,23,65,11,38,10,26,30,2,15,36,0,8,12,2,50,10,22,14,32,29,36,31,23,61,23,33,18,48,38,5,43,72,8,48,49,47,3,12,50,68,5,39,33,20,3,12,14,68,49,54,79,24,58,17,15,16,4,51,10,31,32,36,48,67,25,0,62,1,37,80,33,19,79,32,18,68,46,18,25,14,209,38,73,25,11,16,47,1,21,62,18,20,59,1,76,23,32,27,54,6,48,9,25,15,64,53,17,35,86,19,5,36,29,22,11,36,53,1,4,24,41,20,7,5,32,47,26,2,50,1,42,25,2,116,11,1,17,96,28,37,56,18,5,5,51,20,25,16,6,67,52,19,84,37,49,19,33,41,13,77,45,48,15,27,39,58,31,13,52,81,5,3,1,211,55,49,45,28,85,49,36,17,8,51,31,36,18,10,0,18,35,77,14,45,45,37,2,50,15,30,37,15,18,36,37,43,68,46,11,82,34,87,3,97,72,50,8,3,45,22,37,31,12,46,56,30,15,51,2,42,19,74,72,26,18,21,37,23,2,74,80,26,22,24,14,29,4,19,1,119,84,158,31,33,28,46,0,49,22,10,37,6,46,2,27,1,61,32,29,2,20,35,63,39,23,12,24,70,5,64,38,73,7,21,42,79,67,34,19,14,97,53,18,59,105,11,16,39,30,37,22,11,70,68,35,27,55,50,33,83,58,43,62,47,1,61,39,47,2,54,56,2,66,15,42,31,36,4,7,100,26,33,4,29,56,8,14,21,96,85,11,0,5,97,29,44,18,6,55,28,42,2,42,50,40,48,115,20,18,32,56,21,3,28,7,15,22,10,20,8,88,30,12,30,16,31,1,29,18,6,13,15,57,31,1,69,21,24,18,74,20,6,18,5,66,4,19,9,16,9,59,124,14,31,19,27,112,11,18,47,19,13,7,9,71,3
"ENSG00000131142.13",2,9,0,7,114,56,13,320,19,1,46,0,41,24,2,19,289,48,1,192,5037,0,11,78,39,617,320,227,84,98,115,136,159,27,61,19,11,112,39,9,13,20,38,0,4,25485,3,5,1,12,69,10,81,280,1,100,0,115,350,71847,0,224,21,22575,226,205,129,4,8,689,0,57,864,3,168,5,1,18492,7582,143,403,650,3,99,78,338,75,0,4,12,85,21,24,10,1,4,2,220,2,26,13,4,9,81,18,156,282,32,9,119,2426,5,0,13,20,20,37,243,62,1,2,27,1,11,205,2,14,2238,408,0,30,0,59,10,23,4,0,0,152,82,2,20,2,5,40,4,86,244,68,0,2,7,12,163,21,1,11,8,5,54,31,18,28,1149,18,100,301,13,121,663,45461,37,1,2,34,4,210,30,2,3,1,134,2,60,33,102,276,3402,10,38191,45,7,1248,24,92,1,16,11,1,122,39,16,85,186,4,6,2,134,313,153,41,1506,3,58,13,1,0,0,3,6,1,38,11,48,1,0,5,75,41,0,192,156,22,4,11,4,7,7,50,55,35,784,0,489,23,6,0,9,2,63,6,25,1,28,12,223,7,93,1,184,130,95,20,22,4,1999,95,1,6261,18,50,5,42,3,72,41,4,3,64,195,38,21,25,0,47,16,3,20,64,26,1,38,78,16,4,1,15,6,170,2,157,161,11,2,27,18,0,32,75,3657,6,592,59,92,3,2,1428,65,2,193,239,26,10,771,88,86,6,1,8,11,0,358,6,33,4,3,2,1,1,0,4,5,12743,1,438,15,51,90,6,4,2,3,36,15,17,3,53,1,4,45,24,14,4,5,0,60,4,35,3,184,61306,15,1,113,573,448,34,2,139,48,316,6099,1876,289,86,1,819,72,13071,193,339,1,27,56,146,168,58,24,2,4,74,118,92,43,0,1,1,15,77,7,1,39,102,1,50,166,236,3,1760,2,4,33,0,8
"ENSG00000131650.14",19,0,7,0,4,1,14,1,2,309,7,25,169,27,44,1,2,2,11,7,8,1,4,9,0,0,4,19,0,17,31,13,16,3,3,10,5,3,18,8,7,19,1,2,7,11,2,4,2,3,4,5,7,9,9,15,2,10,26,2,12,13,0,21,2,6,5,1,6,41,13,2,0,2,8,3,11,14,91,176,21,9,184,3,7,1,5,4,1,1,653,11,1,82,0,1,1,8,9,9,4,2,60,2,16,9,7,1,419,1,33,9,2,5,1,3,12,5,8,5,0,8,0,13,3,0,4,23,1,22,5,2,10,4,12,1,5,1,97,2,4,11,15,4,23,27,39,4,79,175,3,10,2,4,4,6,0,3,7,31,5,104,48,12,6,13,19,38,5,23,7,7,5,5,22,2,8,24,70,1,3,7,0,9,4,6,5,0,0,7,1,28,34,16,25,6,4,16,1,52,2,42,12,13,0,6,5,47,12,27,9,172,22,2,12,157,1,3,3,11,1,14,2,5,4,1,2,15,0,5,26,4,12,13,8,11,5,0,16,10,5,4,1,1,10,55,3,23,6,5,1,7,1,4,1,35,1,0,2,28,12,6,21,15,4,10,22,1,29,0,5,3,9,1,1,1,18,0,1,8,10,9,10,3,5,4,1,3,2,9,14,0,2,5,44,74,33,1,4,92,15,10,169,9,5,2,0,3,25,7,6,12,6,79,3,7,22,14,10,0,9,18,2,26,6,52,8,6,0,1,5,8,2,102,7,0,11,6,5,1,4,2,3,213,11,3,7,5,20,4,0,146,3,18,2,5,3,28,18,1,31,28,4,15,14,3,7,3,7,12,19,5,4,28,39,1,4,9,1,7,5,6,4,2,4,5,42,9,5,11,24,2,1,3,3,7,6,56,14,0,7,3,10,0,32,71,4,5,7,4,11,14,5,0,0,3,3,106,48,7,3,1,28,4
"ENSG00000131721.6",0,0,0,0,0,0,0,0,0,0,1,0,0,8,0,0,0,8,0,0,0,0,5,0,5,0,0,0,0,0,0,0,43,0,1,0,47,0,0,0,0,0,1,0,0,0,0,1,2,0,0,83,1,13,0,0,1,0,0,0,0,8,0,0,0,0,0,1,1,0,15,0,0,0,1,0,0,0,2,1,12,23,0,0,0,1,0,0,0,0,0,2,1,0,0,0,0,0,0,0,0,0,0,1,0,0,2,0,766,0,0,0,0,11,0,0,0,1,0,0,0,1,0,0,0,1,2,1,0,0,0,0,21,0,0,0,0,0,5,0,0,0,0,0,0,0,0,0,0,1,0,0,0,48,0,0,0,0,0,0,0,0,1,0,0,37,1,0,0,85,0,0,0,1233,0,0,0,0,0,0,0,1,0,1,15,0,1,0,3,74,0,0,0,2,3,0,0,0,0,0,0,0,0,0,0,7,0,0,16,1,0,1,0,0,0,0,0,0,44,0,0,0,0,0,0,1,0,0,1,0,0,0,0,0,0,4,1,0,0,0,0,0,1,0,1,0,0,0,1,0,0,0,0,1,0,0,0,0,1,3,26,2,0,353,0,0,0,0,27,0,3,0,55,0,0,0,1,0,0,0,0,1,1,1,0,0,0,1,0,0,0,0,0,0,1,318,0,0,0,0,0,1,0,0,0,0,0,0,6,142,0,0,0,0,0,0,42,0,0,0,0,0,0,0,0,0,0,0,2,0,7,0,0,0,0,0,0,0,1,0,0,0,0,0,41,30,0,2,1,0,0,0,0,275,0,0,0,609,0,1,3,0,0,0,0,0,0,0,0,0,0,1,0,2,98,0,1,0,0,1,2,23,0,0,0,1,1,0,0,0,0,0,0,0,1,1,5,285,1,0,0,0,0,0,0,0,0,1,0,1,0,0,0,0,1,0,0,0,1,0,0,0,0,0
"ENSG00000131747.15",486,1,211,417,5822,1582,353,453,95,2847,418,5724,6555,14486,4904,172,399,2740,3539,735,772,77,526,870,833,1207,868,5806,436,2962,4852,3224,3041,378,128,2199,1294,430,1838,2185,57,2854,6310,169,156,517,168,1944,78,216,878,8777,597,5409,1322,1147,133,4492,5239,2994,151,5954,1072,1874,85,3003,488,267,8709,5701,5376,653,305,25,378,36,7492,631,4507,3718,2186,1866,2925,527,1904,889,397,401,495,46,1359,685,787,340,271,30,90,6104,2248,3320,779,152,2781,490,1172,3034,2791,81,12051,2287,1164,190,391,2676,1228,161,10905,861,6383,7655,336,1538,241,1511,976,20,50,836,2524,4817,575,71,4889,263,2931,87,615,39,6618,304,38,6439,2263,232,913,9022,2006,1777,3464,5437,161,61,2179,1446,376,4081,383,3585,2516,1514,1054,741,3153,1207,1576,2971,2939,4615,8908,22075,407,887,1990,19099,385,1124,1004,1462,2124,2583,85,1612,970,4856,797,571,2319,136,1073,6853,226,10016,4332,5451,622,3680,210,727,270,5269,846,9726,3766,13803,20,1057,178,8376,1003,3890,418,2036,2921,1042,4149,3343,163,141,896,3807,29,1012,781,252,122,56,1117,17174,166,1163,4620,1110,1544,1892,139,1764,129,511,875,1357,416,655,90,509,2699,1962,2637,305,779,1806,150,682,151,2686,110,1719,360,441,521,10301,2661,2149,16844,6493,99,1010,2372,44,3315,81,1547,70,4499,81,573,3049,1955,9,401,2172,8389,2521,672,26,348,3644,50,1235,543,1132,434,572,398,344,547,3787,29489,832,529,434,5207,163,6571,77,1504,233,148,677,684,5711,809,4739,1765,1437,1782,2945,9321,3473,161,445,4595,2986,116,9608,2087,2967,122,765,360,46,8134,1086,471,1019,8462,153,1731,17666,525,434,18,1500,398,1615,8339,1986,51,251,2221,27,618,10697,376,6209,292,109,3317,3991,6126,593,3939,133,874,3445,7911,211,885,4962,157,901,1670,2349,764,1207,5439,99,4854,15,679,5489,159,3158,883,103,486,468,2910,916,1768,4234,4291,1166,79,2938,897,1852,2356,5019,652,53,898,1587,491,117,3169,334,3122,3108,603,357,999,1199,309,156,1093,1470,725,8530,2381,432,25,114,7415,89
"ENSG00000131771.14",3,0,14,26,46,1,147,1,2,3,156,418,2354,4,778,1,2,27,2,3,3,2,32,2,4,0,1,11,20,113,1,9,1,6,92,0,33,2,0,6,2,28,2,1,15,4,1,0,2,3,0,0,1,18,5,1,2,0,1,0,0,1,4,2,0,11,0,0,10,5,24,10,0,1,0,4,4,548,20,3,7,5,49,9,5,2,4,1,67,9,9,8,0,32,2,1,23,1,6,109,7,1,767,1,1,18,2,1,54,0,5,1,83,79,5,19,10,1,4,4,0,6,0,2,2,0,13,3,55,624,8,6,28,0,11,0,14,1,14,1,1,354,27,1,29,6128,44,2,2,0,0,6,1,90,31,1,0,10,37,1,1,7,2,3,78,4,1,14305,1,82,1,0,4,48,0,0,9,229,7991,2,0,45,1,2,59,7,23,0,0,4,2,837,17,2,165,5,0,8,1,4,2,4,11,5,3,5,2,2,10,2,0,1,0,4,52,2,10,2,20,7,4,5,0,0,1,0,24,21,3,20,2560,1,2,81,74,0,2,5,3,3,163,7,0,1,5,3,0,14,32,3,4,0,1,0,5,1,1,6,43,2751,2,3,2731,21,1,33,56,2,3,1,1,1,1,0,95,1,791,4,1,2989,0,9,1,1,5,1,1,5,4,3,6,3,30,0,11,118,41,2,10,80,9,2,19,6,5,9,0,170,14,0,0,5,13,1028,7,40,29,11,67,18,2,4,0,21,13,3,2,80,0,4,342,3,13,0,6,2,4,2049,4,27,1,2,1,52,7,4,2,5,83,4,319,1,4,1,0,2,1443,43,0,2,2,0,14,17,0,0,6,1,0,29,0,0,0,35,10,10,4,2,0,11,1,5,8,20,3,1,6,6,0,1,2,4,4,4,10,5,164,144,32,4,2,2,47,2,12,0,1,0,0,269,8,5,0,8,1,0,3,14003,2,1,2,1,551,2
"ENSG00000131914.11",0,0,0,0,0,0,0,0,0,0,0,0,1,1,0,0,0,0,0,0,0,1,51,0,1,1,0,0,0,0,1,1,0,0,0,0,0,1,1,0,0,8,0,0,0,1,6,0,0,0,0,2,0,2,0,1,0,0,0,0,0,0,0,0,0,7,0,0,0,0,1,1,0,0,1,1,1,0,1522,502,0,0,0,1,1,1,1,0,0,0,2,1,0,3,0,0,1,0,0,1,0,1,0,0,2,1,0,0,490,1,2,0,0,0,0,4,0,0,9,0,1,1,0,6,2,0,0,1,0,0,0,0,20,0,1,0,0,1,0,0,0,0,1,0,0,1,2,0,4,0,0,1,1,0,0,2,0,1,1,2,2,0,0,0,1,0,1,1,0,0,0,0,1,0,0,0,0,1,1,0,0,1,0,1,0,0,0,0,1,0,0,0,0,0,0,2,0,55,0,1,1,0,1,1,0,2,0,0,0,0,0,2,1,2,0,2,0,0,0,2,0,1,0,0,0,0,0,0,0,0,0,0,0,0,0,0,0,0,0,2,4,0,0,0,0,0,0,0,1,0,0,0,0,0,1,0,0,0,0,0,0,0,0,6,0,1,1,0,1,0,0,1,2,0,2,2,0,0,0,1,0,1,0,0,0,4,0,0,0,0,0,0,0,3,2,137,2,0,0,0,0,0,4,0,3,0,0,0,0,0,1,0,0,1,0,1,0,2,3,0,1,3,0,2,1,1,0,0,0,0,0,1,0,1,1,0,2,0,0,0,0,0,0,5,1,0,0,0,0,0,0,1,0,57,0,0,3,1,12,1,3,0,0,1,0,1,4,2041,0,0,0,0,0,4,0,0,0,0,0,0,1,0,0,0,1,0,2,0,0,0,6,0,0,1,1,0,2,18,0,0,0,10,0,0,0,0,0,1,0,0,0,0,0,0,0,0,1,2,0,1,0,1,1,1
"ENSG00000132026.14",1,3,3,3,2,0,1,0,10,0,0,0,1,8,100,2,0,4,1,0,0,0,2,0,0,2,0,6,1,227,0,439,0,8,0,28,44,0,1,0,0,0,1,15,3,0,4,12,0,0,55,8,0,4,10,5,0,0,2,0,259,7,11,0,0,1,1,14,8,11,0,1,0,0,1,0,1,3,6,19,1,14,39,1,3,0,6,0,138,7,9,0,0,15,5,0,0,48,5,9,0,5,51,0,0,1,6,0,77,0,3,0,3,0,0,9,10,0,4,0,0,1,0,12,1,2,0,128,0,9,0,0,235,3,15,0,0,0,3,0,1,1,41,1,3,12,2,0,3,1,2,0,0,9,53,131,5,1,10,2,3,28,23,0,5,6,0,2,1,10,0,141,13,0,8,1,7,46,0,1,0,0,9,3,1,0,1,115,1,7,2,4,4,12,0,15,0,4,1,8,0,6,0,2,0,12,1,0,66,1,0,3,6,0,0,27,12,10,1,2,0,0,0,65,0,0,2,6,0,1,71,56,1,1,31,0,0,154,1,14,0,2,3,0,1,0,0,8,0,3,1,0,0,38,1,4,0,0,8,39,14,12,1,1,0,0,2,0,220,1,49,0,5,0,1,0,1,0,66,3,52,1,59,0,10,0,1,0,0,0,2,19,0,142,10,73,10,1,0,1,5,0,6,0,0,0,0,121,7,0,99,0,0,31,0,0,22,0,18,0,0,1,0,2,0,11,0,4,0,0,0,0,31,10,2,0,6,0,0,14,0,29,1,0,2,17,1,0,0,0,0,227,1,0,0,3,0,0,0,0,0,7,0,1,1,7,149,0,16,0,0,21,1,6,44,0,0,0,2,91,0,0,248,0,0,135,1,3,0,0,9,25,0,1,0,0,5,13,118,0,0,5,0,0,17,0,3,1,0,4,0,47,1,0,1,0,11,158,0,3,2,0,1,1
"ENSG00000132031.13",9,0,28,12,73,8,0,1,2,28,17809,4150,3838,155,26,6,5,26,8,20,29,6,29,11,3,8,1,14,6,8,19,37,32,19,1,27,147,2,2,17,8,277,14,298,3,1,8,63,6,5,1,231,0,12,722,4,19,18,6,3,430,1,1,12,1,4,3,229,48,3,453,19,7,0,2,0,300,8,885,49,130,18,9,8,4,8,9,19,14,1,43,199,11,7,2,1,66,7,67,15,10,3,47,1,46,16,3,2,154,9,40,5,238,41,6,10,10,5,341,9936,8,1,3,61,6,0,12,2,3,132,15,0,0,4,6,0,15,0,11,44,2,30,77,4,20,44,39,36,11,33,10,4,3,13,23,0,0,261,7,28,2,2,1,37,17,19,74,133,5,137,1,3,10,4,43,7,2,5,162,14,1,2,205,8,38,7,29,3,5,0,2,1589,0,19,3,0,2,3,4,9,4,3,157,2,4,1,5,6,13,1,7,31,4,44,85,65,2,1,24,4,0,2,20,2,7,4,373,4,2,27,25,0,66,233,298,47,2,1479,0,17,39,12,30,3,244,29,1,1,3,3,4,0,4,5,2,1,3,58,3512,4,20,1,17,188,1,62,6,3,1,6,23,5,335,2,22,4,41,0,73,19,4,12,2,2,5,9,7,19,4,24,49,15,9,5,42,35,106,48,10,43,22,4,253,7,14,16,1,23,5,4,33,6,1,17,38,1917,203,250,21,5,39,23,6,14,18,4,14,616,220,3,2023,9,10,6,4,3,3,21,53,257,1,951,44,28,6,7,0,0,165,3,2,150,3,56,3,4,20,15,46,9,6,19,189,364,32,4,5,20,94,2,1,20,46,302,10,4,2,4,6,4,1,4,3,3,4,1,23,11,10,5,9,8,2,3,0,13,179,4555,65,2,0,0,30,47,49,23,3,95,3,61,59,2,4,11,2,1,4,3269,1,16,2,0,1766,4
"ENSG00000132164.10",30,2,2,23,1466,6081,1,1926,7,5,2093,0,7,5,8,470,12,4,0,2403,631,7,533,249,3,499,0,8,3,27,3037,0,193,1,33,1279,6,0,1,0,33,78,228,510,682,44,428,260,4,1,1,17,512,755,1,2,434,2577,0,3,0,89,0,9,3,4048,2,16,1,38,25,8,489,0,0,5,574,835,3530,10,9,1,312,603,0,5323,0,1,132,235,3213,620,359,2,30,1,0,2,31,26,1,77,0,0,1009,11423,3,33,722,1,1719,9,2,2,6291,429,3436,3,1288,38,0,1,2,0,179,3,9,209,614,3,81,1,0,5,473,15,0,1,3,81,69,2685,78,154,3031,1201,978,2419,1410,2,0,7,0,1999,1,0,1,112,5,8,0,594,82,2,1091,1,767,99,0,98,0,1,2,0,848,1,2,2169,161,0,0,904,0,1,0,2,0,2,12,1,701,8,298,37,3,1903,139,1657,12,5222,0,0,3633,1,165,1,0,0,289,0,617,2982,0,5,1025,4,24,0,88,150,1,108,894,563,530,3,0,0,3,2,1994,420,0,6,1,0,12,1,4,68,7226,538,11,4906,303,596,2576,255,11,14,0,493,24,2,55,1129,117,182,1,5,48,3,3,2767,994,13,185,1,12,76,347,227,117,57,6,793,791,3,1,18,1,1414,88,73,1,2725,4,169,1350,4,11,3,525,0,168,0,8,3,2587,2,6,133,0,28,535,6,0,1,1,2470,1780,3827,0,1421,175,81,913,737,1406,488,2656,339,3,893,1,330,3,0,2,0,443,364,22,0,0,5,161,6,3014,681,8,2,1,361,0,1,4,3690,9,21,1,186,0,7709,1,10,2100,121,3471,188,271,2,3,1483,557,2,34,2068,2,2,363,3,429,1,908,0,20,26,2509,1,1,110,1,152,185,1,1294,2,0,0,2249,1596,410,1703,804,31,872,2740,22,0,38,134,4676,0,4,0,25,252,4,141,20,0,1,40,2,1863,371,5,1698,291,16,1483,0,69
"ENSG00000132429.10",0,0,117,422,2,1,178,0,0,1,0,0,1,272,1785,2,2,381,0,0,0,1,1,0,0,0,1,6,0,1,2,39,6,3,38,1,12,211,0,0,0,0,1,0,0,0,0,12,1,0,0,137,0,45,0,0,5,0,0,0,3,12,0,0,0,0,1,0,0,1,1,220,3,0,1,0,0,3,85,32,111,4,1,68,2,0,2,2,8,0,3,1,19,0,0,0,0,0,69,1,0,1,2,0,3,1,0,0,260,10,0,1,270,2,1,1,2,1,1030,1641,1,1,0,3,114,0,0,0,2,2,0,1,204,1,747,0,0,0,1,0,0,2,2,1,0,4,0,0,2,0,2,1,0,1,2,1,4,1,0,2,2,258,49,1,0,2,120,1,0,5,0,2,2,6,0,1,0,353,202,0,0,2,0,1,65,0,1,2,70,0,0,556,0,5,1,1,1,0,0,0,0,0,3,109,0,7,0,0,81,0,4,2,0,1,2,2,0,0,11,3,0,4,2,0,1,1,0,1,1,0,0,2,15,3,0,85,0,1,0,7,3,1,1,9,1,95,2,1,3,0,1,237,0,1,0,0,0,16,0,5,1,0,1027,1,0,0,103,2,1,0,13,0,144,1,10,2,545,0,0,13,3,67,0,1,1,7,0,12,0,866,4,0,0,0,2,785,18,142,3,2,0,0,489,0,739,0,4,0,0,61,3,0,3,200,714,1,1444,5,1,0,0,0,0,0,20,0,1,0,33,0,6,0,0,1,2,0,1,427,0,260,1,0,2,0,537,1,0,0,248,1,4,1,0,1,0,1,0,0,2,0,5,0,42,1,0,0,0,6,3,0,0,26,172,102,5,0,0,0,1,0,0,1,0,16,0,0,0,2,0,0,0,0,0,5,0,1,16,5,0,0,0,0,5,0,0,7,22,8,0,1,0,0,0,0,0,0,5,3,1,1,0,0,3,0
"ENSG00000132518.7",46,5,24,13,12,99,4,8,2,5,7,1,4,4,32,8,49,1,7,12,50,3,21,4,0,30,1,3,63,2,12,13,3,1,4,3,12,10,0,0,3,14,2,0,12,49,2,5,2,8,3,10,11,2,1,52,5,45,72,3,0,112,8,21,3,46,0,0,6,36,1,10,21,3,0,10,75,76,27,3,8,137,1,248,12,139,8,0,4,32,131,4,19,111,2,1,4,8,892,2,3,6,67,2,14,167,108,8,102,61,53,10,3,38,48,3,15,6,17,0,1,36,2,2,7,1,2,10,86,18,8,11,12,3,25,8,14,10,44,3,5,24,11,9,14,27,4,38,94,8,3,7,1,4,2,0,12,30,14,26,24,31,2,90,20,40,111,100,101,24,10,8,9,41,70,1,20,13,11,2,2,14,12,1,1,1,20,13,2,9,6,16,39,11,41,44,6,17,0,71,1,25,154,81,7,5,7,78,16,1,15,62,12,6,28,2,0,5,4,1,6,6,21,12,5,1,2,2,91,2,43,5,10,2,5,3,1,2,2,2,57,7,3,10,65,25,2,89,24,1,1,5,18,6,3,4,6,38,0,45,5,8,19,3,1,139,62,2,185,5,14,2,1,3,3,66,10,4,5,53,29,50,3,7,14,49,1,9,611,9,5,4,102,15,10,18,2,4,23,24,2,155,2,2,14,4,8,28,3,11,0,155,0,247,25,0,3,38,5,4,20,28,3,46,10,8,5,9,1,7,5,24,9,34,22,5,15,68,23,5,12,7,63,181,52,3,41,813,10,5,3,11,4,20,7,7,96,34,3,243,10,5,1,51,37,17,99,13,2,10,2,5,9,1,101,0,36,4,3,18,9,10,55,40,13,1,31,34,1,9,109,1,4,96,71,0,20,265,7,10,1,1,97,2,42,3,1,13,9,3,4,8,4,1,24,1,174,4,71,5,6,12,3,9
"ENSG00000132563.16",48,4,57,15,42,42,320,2,13,546,9,31,83,185,31,9,12,66,18,12,11,5,38,14,7,32,15,17,73,44,288,18,29,24,13,12,46,6,414,180,4,97,74,3,12,6,0,23,5,2,7,33,7,34,2,6,7,246,9,4,9,28,1,16,2,44,11,1,9,93,32,15,5,1,40,2,129,16,431,43,24,38,14,75,237,7,11,9,49,29,148,0,129,290,8,1,11,25,109,28,17,6,309,0,54,18,90,6,386,1885,32,20,48,21,21,19,39,11,10,50,2,5,0,77,24,1,25,36,10,14,20,8,23,12,29,3,5,5,91,4,6,63,24,8,41,11,103,47,64,61,1,3,162,70,4,5,5,42,65,104,20,170,10,22,61,25,59,128,61,13,39,36,11,0,54,24,13,23,36,11,2,16,14,51,5,42,17,9,9,1,3,1152,21,30,19,129,4,43,1,28,2,10,76,12,9,17,2,16,42,7,10,41,58,3,27,168,13,6,23,32,3,23,154,15,5,2,2,27,17,41,75,20,27,19,5,52,2,5,6,8,11,8,3,5,57,117,24,20,44,6,12,203,6,21,6,7,4,134,15,9,41,3,17,72,2,51,35,2,17,6,14,3,77,2,32,190,138,5,11,26,39,93,16,12,1,90,2,42,37,17,27,4,43,2,141,2263,21,1,7,53,55,28,253,7,29,13,5,15,30,52,9,234,11,22,8,42,115,131,17,40,52,18,8,32,20,30,7,10,33,4,9,132,24,17,9,9,5,15,152,8,5,27,12,1176,90,39,6,93,44,5,2,120,10,196,4,6,34,524,111,55,16,16,13,80,18,4,32,109,16,54,16,14,13,19,103,6,10,5,5,21,6,29,3,7,9,42,59,30,17,6,34,0,5,14,12,15,30,675,53,9,17,81,50,2,7,36,10,5,5,14,49,15,1,7,7,2,14,340,18,8,4,3,12,12
"ENSG00000132677.13",14,299,4,92,145,1604,49,0,210,110,3444,6351,1435,6,1370,191,188,1141,9714,187,143,231,10,12,17,1119,76,15,29,2,5,65,184,118,6,25,2143,570,8272,8137,14,14,70,8973,1178,12,23,25,131,1,824,8,212,7465,3361,12,1802,5713,4,5,32399,51,24303,52,162,793,0,9165,31,157,289,241,5,133,95,700,150,20,1380,172,23692,93,16,466,46,48,256,7569,6,750,119,2090,2683,5,8759,64,11105,0,5607,10,608,1385,19,5964,250,2720,830,670,778,181,364,92,22,22,980,1127,71,4152,55,10295,2512,5,1,13786,1058,119,31,13,3656,81,125,129,245,340,223,69,10638,583,154,57,119,73,13,400,74,1073,460,298,503,1,85,345,100,6,91,6346,38,70,2881,25,21,5577,8,494,272,20,286,31,55,216,20,3,11869,6,2098,615,4673,7220,22,11950,122,6,2896,51,9408,407,11,0,2,18,1680,2,165,339,13,2277,595,9996,0,108,58,22,226,7,68,2237,8,39,408,1,188,101,13,11,200,10,26886,13056,26,46,648,7,21,14,828,146,16466,112,24,7048,8,24,71,13871,17462,4863,159,10273,9,21,13,154,7622,74,758,202,3624,1239,7008,18633,152,357,225,25,137,77,188,65,9802,34,40,4,58,715,103,1181,233,601,34,517,273,70,49,90,409,1125,312,178,34935,57,115,6386,71,533,15999,486,71,306,1010,308,675,1656,75,7759,3738,93,4,10072,1,21,261,3,0,277,137,622,2029,3534,63,10675,18131,1992,9433,1138,8530,5,6872,509,14,784,242,44,94,1535,9,48,271,7374,8202,150,16444,138,294,34,16033,520,29043,804,6729,448,652,10452,24,320,189,8,164,120,208,59,49,58,1121,1419,5369,269,322,91,168,225,15,163,20700,463,223,651,188,130,7802,44,23,12570,6,9052,60,5,25,26,5,24,32,15,42,68,694,22,3745,663,33,69,4872,7632,76,827,559,14,373,1950,10288,361,83,721,5,7772,41,0,41,48,2,13,49,138,4,131,1,5,37,18,1375,1000,532,1,11954,121
"ENSG00000132692.19",75,1,52,232,12,23,41,186,103,125,0,94,1228,77,467,29,40,11,15,9,1885,1,3795,167,34,5,5,39,79,99,319,208,410,218,350,41,160,60,52,72,19,1478,13,65,8,22,157,117,2,1,48,245,24,23,14,199,5,2,62,53,2,54,100,4,29,1,2,85,304,2,95,109,77,3,5,3,363,112,67,92,115,58,69,332,21,90,167,4,42,147,1088,662,7,528,4,0,0,5,117,13,107,5,118,1,88,89,6,5,51,0,463,6,41,37,11,94,45,1,270,190,30,83,1,392,140,4,40,41,2,229,51,1,19,112,1653,4,71,5,29,103,1,35,99,3,84,154,1145,13,199,162,5,5,6,11,45,140,90,23,98,28,171,344,79,8,79,49,168,364,1,19,1,75,87,7,1948,17,452,268,35,67,0,11,0,135,1,385,5,46,179,25,143,5,93,192,9,2,3,323,29,353,128,241,9,15,7,273,4,46,61,132,161,46,133,106,112,130,94,47,28,451,0,33,5,239,15,0,3,51,238,47,210,158,41,99,35,59,3,30,234,134,294,649,4,1804,99,148,93,6,124,24,25,374,7,1485,0,8,5,144,115,8,62,36,4,29,6,141,426,3,76,4,359,6,233,0,54,1,198,2,3,24,21,107,31,5,30,6,3,580,31,238,28,360,11,775,253,220,133,8,31,891,383,9,19,19,3,95,1,125,340,6,91,19,1059,688,358,230,79,30,70,31,32,1271,2,13,243,85,9,21,10,1,384,7,148,2,462,4,137,539,1,38,3,80,123,60,18,52,19,204,5,1,2,38,39,197,85,16,131,4228,24,49,83,59,94,46,335,23,170,12,5,113,13,227,38,70,148,9,178,9,21,36,94,9,126,202,38,816,15,194,34,1,14,44,14,8,4,19,127,79,36,7,110,0,875,57,24,126,52,20,58,29,384,34,21,44,213,77,6,19,4,100,0,1,75,5
"ENSG00000132749.11",686,0,6,33,219,120,71,64,22,531,64,150,192,368,264,31,86,92,10,167,117,11,319,128,50,102,180,52,52,87,206,266,102,49,54,91,188,68,79,53,13,388,114,23,30,57,31,104,30,6,44,112,51,139,56,321,66,102,41,72,119,137,42,16,17,246,8,22,184,66,497,43,71,7,2,8,427,83,26,70,229,134,89,354,157,248,40,103,41,31,311,94,52,70,116,6,125,116,164,33,52,18,291,22,93,254,200,16,698,4,141,48,14,43,83,76,616,80,934,201,40,5,7,80,64,4,10,10,205,358,31,9,193,34,180,12,94,16,54,25,3,437,146,23,258,385,348,248,263,758,30,23,65,119,12,174,73,145,147,15,60,250,275,214,236,15,239,185,67,53,167,424,89,155,74,25,137,169,385,125,3,264,86,172,22,59,111,39,51,48,66,33,130,139,44,219,31,222,61,328,26,86,308,23,15,47,11,79,83,8,130,551,235,166,437,539,97,25,74,11,2,21,23,92,13,10,120,78,69,27,113,53,92,134,17,26,14,6,8,33,337,79,55,249,277,308,10,72,36,77,15,89,10,349,16,99,24,133,259,150,140,57,312,54,15,167,172,24,19,2,118,16,88,23,107,52,171,10,67,28,13,94,40,12,96,104,22,179,63,117,82,130,145,378,147,442,85,51,11,574,280,67,102,59,95,65,17,85,78,68,54,446,136,242,198,514,376,267,52,28,412,705,24,174,19,239,50,74,128,9,63,24,9,90,189,44,114,609,19,58,12,2,93,673,26,45,19,132,31,9,30,194,28,33,33,24,118,388,131,381,77,28,62,111,1052,86,87,519,6,111,51,156,57,153,255,4,45,22,9,1,43,12,133,62,74,57,205,157,125,91,313,69,36,125,112,682,38,8,73,7,10,46,188,51,114,25,107,13,18,24,51,62,29,20,1,287,57,13,288,64,5,8,335,31
"ENSG00000132938.21",4,30,42,16,1,15,2,125,1,22,0,1,2,19,2,10,3,0,5,11,12,498,1,2,127,0,0,10,2,3,9,39,2,20,108,9,1,2,0,2,0,38,3,0,81,13,0,0,75,469,1,3,20,3,2,4,12,3,0,15,0,85,0,57,11,14,103,1,6,2,23,60,12,67,1,167,5,13,0,3,6,3,4,121,48,5,1,1,8,9,23,4,2,14,1,67,0,363,1,6,30,61,2,0,7,1,0,22,21,10,1,71,6,0,10,66,7,0,39,5,1,0,3,1,12,95,33,15,5,1,69,35,6,60,11,75,0,63,0,0,49,11,3,158,10,4,38,2,10,3,189,98,1,1,55,1,0,13,1,1,137,9,5,48,1,122,57,2,46,4,1,0,1240,4,5,0,1,9,31,1,12,55,6,2,0,0,126,179,66,11,1,28,4,2,5,0,17,51,1,3,0,14,1,4,64,5,6,0,2,0,46,4,0,20,13,2,0,110,54,7,51,157,14,5,89,290,1,0,1,3,0,48,7,1,0,0,38,0,30,1,33,0,0,35,11,55,0,0,0,0,162,1,74,5,14,1,32,1,5,34,3,5,4,5,37,4,2,63,12,23,0,27,2,16,57,4,1,59,0,0,5,1,0,8,0,2,141,17,2,2,22,1,1,1,0,4,14,0,99,5,18,2,74,2,2,5,2,0,0,0,1,5,0,22,11,12,0,6,2,0,9,18,115,4,46,1,50,0,1,66,2,1,11,4,6,177,0,0,2,0,40,0,129,11,11,30,25,7,0,105,69,141,77,1,0,196,1,39,2,5,213,112,9,9,3,244,0,1,0,0,15,0,0,2,10,141,81,136,329,35,1,123,18,0,13,4,3,1,59,2,6,0,6,10,0,0,14,1,71,116,121,0,53,0,4,887,1,4,2,8,13,0,4,3,71,1,0,92,61,100,78,261,3,20
"ENSG00000132972.19",1,0,3,0,0,1,0,0,0,0,0,536,2,118,58,1,1,21,0,0,4,0,0,0,5,1,0,3,0,2,0,0,1,4,0,0,306,0,0,0,0,0,0,0,10,0,1,14,0,1,1,1679,0,134,0,0,1,0,5,1,0,2,0,16,0,0,0,0,1,0,422,0,0,0,0,0,1,0,0,140,41,237,1,1,241,0,0,0,0,0,0,1,1,0,0,0,0,93,8,0,0,0,1,0,0,0,0,0,701,1,0,0,0,1,0,0,2,1,0,29,0,85,0,0,0,0,11,56,0,1,1,0,455,0,0,0,0,3,1,0,0,0,19,0,0,351,3,2,7,5,0,0,0,1,0,0,0,0,1,5,0,0,3,0,0,41,284,0,1,659,0,0,0,51,1,0,0,251,4,0,1,1,1,0,306,0,2,2,0,475,0,248,0,49,7,0,0,2,0,0,1,0,5,870,0,118,0,0,45,0,2,1,0,6,0,0,0,0,274,0,0,4,0,1,0,0,0,0,0,4,1,0,2,0,1,0,0,0,0,4,0,0,4,0,4,0,0,0,0,0,0,2,3,0,0,0,0,2,1,737,408,11,1,529,0,1,0,0,47,1,21,0,548,0,0,1,0,0,0,69,1,13,0,0,7,1,0,0,0,0,0,0,0,190,0,11,131,0,2,0,0,0,3,0,1,2,0,0,26,1,0,2,13,1,0,0,2,35,0,0,0,0,0,1,1,0,1,0,0,0,502,1,0,2,0,1,0,0,0,0,0,0,0,0,2,2,0,2,0,0,0,3,0,468,0,1,0,13,0,1,0,0,2,0,0,1,1,0,0,0,0,80,0,2,136,2,24,0,0,0,0,534,0,0,0,0,2,5,0,0,1,1,0,1,0,0,0,3,0,0,0,1,4,0,4,3,1,0,1,0,0,1,0,0,8,0,40,3,4,0,0,0,0,0
"ENSG00000133020.4",0,0,0,0,2,2,0,0,0,0,0,0,2,46,1,0,0,0,0,4,0,0,15,0,9,0,0,0,3,3,0,0,1,0,0,0,2,4,0,0,0,0,0,0,0,0,13,0,0,0,0,51,3,0,0,0,1,0,0,0,0,14,0,0,0,1,0,0,0,1,1,1,0,0,0,0,1,1,0,0,5,8,0,7,0,16,0,0,17,0,8,1,0,0,0,0,0,7,0,0,0,0,0,0,3,16,0,0,50,0,0,0,14,1,1,0,1,0,0,0,0,7,1,0,1,0,0,30,0,0,0,0,1,0,0,0,0,0,1,0,0,1,0,0,2,0,0,0,0,3,0,0,0,8,0,0,0,0,0,1,10,0,1,0,1,0,10,0,0,4,0,8,0,110,0,0,0,0,0,0,0,45,0,0,0,0,0,1,0,7,0,46,0,11,0,0,0,1,6,9,0,0,2,28,0,2,0,0,7,0,2,1,0,2,3,0,0,0,2,2,0,0,0,2,0,1,1,0,2,0,1,0,2,0,0,0,0,0,0,0,27,0,0,17,2,0,0,0,0,0,0,5,0,0,0,0,0,22,0,0,5,5,0,0,0,0,0,0,0,0,0,0,0,0,0,0,0,0,0,6,0,1,0,0,0,0,0,0,0,2,1,0,0,1,0,1,3,0,0,0,0,11,1,0,4,0,0,2,0,0,0,3,0,12,0,0,3,3,21,5,0,2,0,0,2,0,0,0,0,0,1,0,2,0,0,1,0,0,0,2,0,0,1,0,0,3,0,9,0,0,1,0,0,11,0,1,2,1,0,0,3,1,2,0,2,1,0,0,0,0,0,0,0,0,10,0,19,0,0,0,1,1,0,63,18,0,2,2,0,0,0,0,1,0,2,2,0,1,0,0,0,0,7,0,1,0,0,11,2,7,0,0,0,0,0,1,8,0,2,1,0,0,0,0
"ENSG00000133134.12",601,34,44,6,636,1089,6,76,21,253,12,3,20,44,54,136,267,253,1,673,389,23,441,498,11,801,105,25,979,24,354,91,38,12,2309,235,22,252,2,4,4,215,1864,0,138,282,4,10,62,8,8,37,297,780,1,2,31,3247,1,2187,15,454,2,117,33,2095,19,278,7,485,741,13,0,25,1,9,1257,23,238,80,201,67,129,557,12,358,7,217,65,9,1344,939,0,5,160,8,5,3,2679,166,38,11,12,0,21,333,7,29,972,3918,520,105,3,0,12,395,1447,4109,1350,441,10,5,20,2,84,19,27,92,1524,15,12,29,270,5,86,33,4,30,4343,2,24,1836,202,57,54,329,17,710,188,40,18,101,175,529,3,0,6,174,85,8,7,86,1594,592,354,558,521,119,1012,51,834,1,0,167,169,65,154,1815,525,10,20,860,9,8,5,3,4,7,80,11,3,118,13,74,128,416,38,7,3,1041,2,291,1388,107,78,5936,66,70,716,0,144,742,9,1230,420,65,2,0,358,6,11,74,1719,6,70,28,0,9,3,1,603,7,33,20,0,20,22,4,1,5,378,9,32,843,1061,814,3,52,7,3,6,1,49,13,21,0,30,563,223,58,355,3,542,1651,22,359,20,50,426,75,214,39,576,24,7,3005,149,20,1,678,2,1529,131,51,4,1122,26,140,2109,448,170,8,939,7,220,242,12,2,0,137,20,810,597,100,1024,11,3,5,95,196,4,1775,2,340,656,72,1541,1004,284,564,608,175,35,777,21,51,84,5,8,21,18,154,25,296,991,62,4,253,7,119,37,3,390,757,2564,7,4,858,595,52,24,776,20,598,1,41,2160,442,1557,145,24,6,6,267,32,1,151,1356,1,71,1070,6,95,45,1383,3,2518,127,2,5,167,93,3,693,103,98,1461,13,425,1,333,2,38,3179,1354,585,450,2832,141,31,3,115,223,1,4,29,327,1273,18,284,35,7,3,39,18,928,463,459,1687,98,50,2,16,28
"ENSG00000133216.17",4344,11,73,209,479,336,9,34,24,1435,5328,5107,2582,1443,136,255,34,275,3856,142,137,66,86,138,11,74,39,112,39,142,365,142,184,63,39,135,1993,36,1939,1974,41,903,77,998,107,53,171,248,73,38,17,252,175,1312,3630,7,1179,20,21,10,1971,253,441,63,23,15,43,3040,63,71,721,410,62,14,61,23,34,100,794,143,2753,90,65,91,38,25,98,993,143,45,238,249,7,255,3324,22,2409,73,2748,256,167,24,166,337,149,203,24,96,727,163,135,259,355,137,88,37,320,76,32,3515,379,23,15,59,216,17,128,8,361,206,155,57,150,250,83,33,331,13,22,15,46,471,1678,123,344,158,198,467,77,732,38,134,71,55,96,1238,37,613,760,306,72,274,77,213,482,152,482,273,12,124,237,18,1040,33,130,453,364,455,645,1005,15,238,1436,124,904,155,94,13,8,1,157,6715,60,660,134,8,75,71,6,67,14,8,1260,33,40,152,23,25,170,13,226,134,54,39,177,3321,670,9,154,109,8,16,40,23,88,50,3411,167,71,532,20,46,502,3726,973,1773,15,2838,110,45,200,249,1479,44,62,522,72,336,454,736,25,42,18,58,98,94,120,85,1176,582,89,50,480,232,37,52,251,74,47,46,206,87,95,83,213,30,252,41,2004,117,21,1828,37,63,518,69,21,197,76,278,439,281,209,147,820,50,254,2641,48,1889,221,40,1853,126,47,96,536,72,18,3803,2363,372,20,122,129,857,1234,1054,402,196,72,2716,36,180,192,24,307,10173,1191,30,3290,207,174,47,312,44,1562,277,3792,344,18,1354,48,610,64,46,172,139,522,84,354,1851,66,882,296,59,45,660,71,30,30,167,1187,37,1223,17,23,49,5977,69,71,1116,11,2052,45,23,10,88,17,31,8,77,9,121,170,80,1190,69,7,7,284,4709,101,611,16,85,490,923,2317,23,34,51,204,308,540,165,91,105,60,356,239,83,81,45,63,9,15,6229,126,160,13,18,2822,50
"ENSG00000133454.16",0,0,2,11,25,4,337,0,4,2,3,2,0,40,2,12,0,7,36,7,5,1,37,0,23,9,1,136,3,9,14,44,35,366,9,18,1232,2,1,0,0,18,3,5,4,1,23,895,5,0,0,889,1,6,0,0,12,6,1259,0,22,2417,0,3,7,7,4,28,64,2,125,117,64,1,0,0,691,0,12,262,257,3435,22,15,999,2,0,13,10,1,69,108,0,520,0,2,1,62,17,16,1,2,18,113,1,1,0,0,304,0,64,2,8,594,5,97,17,5,25,885,4,4,1,2,3,0,19,474,2,4,147,1,30,13,22,0,1,0,0,557,1,10,6,1,12,266,5,4,13,5,1,0,0,85,44,3,4,57,0,729,430,0,14,8,72,2,10,4,12,5,38,39,21,143,1,1,16,259,2,1319,0,17,2040,705,544,21,314,1,171,61,3,23,3,626,827,0,1,74,0,8,442,3,9,177,0,1048,8,3,562,0,1,24,24,4,5,10,1,135,138,6212,1,0,13,4,1,0,2,1,19,1,17,29,377,0,0,13,0,221,0,171,35,16,3,8,168,1,5,0,4,1,0,4,0,220,1,24,0,17,732,24,1652,482,31,23,1,2,4,1,1127,1,129,2,1506,0,8,1,14,0,0,418,531,5,267,2,1,91,0,2,25,491,28,0,1,0,28,22,747,1,8,6,96,0,1281,0,732,5,0,0,2598,1500,0,49,2,72,1,9,389,3,6,1126,31,2,0,49,20,1,3,0,4,0,1106,0,188,2,5,0,1,4210,0,11,0,27,24,1,625,2201,0,48,27,0,1,25,0,84,1,1,7,1,7,2,57,26,7,6,47,2,0,2,4,103,0,4,218,1,1308,0,4052,0,29,2,2,412,782,4,0,124,7,1,3,3,8,2,1,4,9,10,2837,6,239,0,1,0,102,1,8,8,43,544,0,1,21,1,0,17,584,4,1100,7,2,7,3,10,17,3
"ENSG00000133636.11",1,0,0,10,30,1,151,0,0,119,31,0,7,11152,9,270,4,24,0,40,42,9,29,30,0,0,0,17,4,29,741,9,18,105,24,207,10,1,2,5,7,318732,2,0,485,4,7,35,26,1,9,102157,21,13,4,0,7,19,6,2,0,0,13,299,7,6,0,3,25,6,177,9,88,29,6,45,19,9,463,259,13,2,755303,6,3,6,5,0,25013,0,4,46,2,57,2,7,66,57,18,9,103,316,70678,2,7,1930,4,5,4013,2637,6,29,18916,2,2,5,19,2,4831,116,4,10,0,6,32,25,38,2,0,6376,16,12,512,9,11,12,0,20,1,8,31,8,2410,235,154,8,1001823,0,12,266,22,20,2,52,9,72,3,102,1,3,1,1,0,43,5,38,3,8492,0,919,0,5,1,6,37,6,0,13,33,5,20,11,11,1,9,6,118,1,4,1,1,40,1,0,4,3,103,113,15,581,0,2,6,637,45,7,14,17,202,0,135,19,1,119,103,8,1,2,92,0,7,12,4,128978,213,18,12,2,22,4,5,30,12,7,0,0,24,26,0,18,10,3,1,11,641,17,2,5,0,2,7,11966,13,39599,64,1,84,2,4,3,86,32,1686,30,120,5,15,222,0,87,5,24,160031,24,8,2,5049,23,24,2,10,10,21,93,0,484,27,0,0,34,713,8,3,3,0,52628,14735,1,0,5,108,2,2632,48,0,6,0,418,19,0,0,2,23,14,8,225,104,492,166015,7,6,11,96,4982,31,0,64,4,24,38,12,75,64,10,29,37,18,0,8,3,23,4,32,103938,9,128,0,1361,661,21,2,127691,12,2,2,90,5,27,36,0,116,8,18,73,131,3,111,2092,6,4,1,15,23024,21,12,0,2,18,0,4,1,31,73,50,118,0,15,12,0,5,0,0,60,5,0,14,55,91,518,24,2,4,1,0,305,0,45530,268,11,8562,57,25,2,9,1,0,0,20,15,8968,85,18,0,69
"ENSG00000133665.13",10,0,0,63,14,104,37,5,17,2,111,94,96,1,60,2,55,7,1,48,80,14,276,55,6,128,62,88,76,20,118,2,58,5,114,46,3,126,320,198,0,35,115,5,13,26,281,12,5,4,135,133,14,603,0,1,15,44,3,2,0,84,30,6,1,124,2,1,135,15,145,46,99,0,29,2,100,1,14,2,37,98,143,15,8,128,145,14,1378,388,397,20,3,51,9,1,42,9,68,14,10,10,37,0,83,641,35,0,157,314,58,21,158,12,832,92,144,13,5,28,15,15,3,76,161,8,6,249,88,386,28,3,54,18,13,1,1,8,157,2,1,180,57,6,160,0,87,195,374,1,3,5,2,43,48,158,198,99,154,34,5,139,187,246,21,24,473,32,45,8,23,438,0,1,46,42,73,97,58,1,2,379,165,2,7,84,0,7,10,9,81,1,82,59,7,33,10,6,0,173,0,14,233,86,11,113,9,8,531,1,80,30,7,90,29,1,0,9,26,313,7,82,226,116,2,2,8,0,54,3,255,2,124,37,2,272,2,0,83,265,450,70,21,138,21,21,28,222,446,0,3,35,11,228,1,16,3,135,1,4,174,8,0,277,8,57,15,3,95,5,85,8,174,18,20,106,44,1,0,106,113,131,8,12,1,533,0,0,289,95,10,4,18,868,157,61,3,4,2,7,73,189,23,8,275,8,1,124,6,223,4,41,73,29,8,87,105,51,209,379,27,13,6,53,26,48,5,0,4,4,9,132,47,0,6,5,0,2,0,199,4,414,20,50,8,0,0,2258,29,2,8,85,18,348,0,35,228,21,256,49,169,4,34,98,2,11,123,288,8,119,2,364,32,7,71,4,400,11,53,34,3,15,126,40,12,22,234,11,18,17,372,0,1,42,32,7,15,37,8,20,4,9,763,0,0,3,32,240,1,680,79,7,6,11,8,21,35,60,1,166,6,3,1,7
"ENSG00000133710.16",2,1,31,7,16,39,20,19,2,6,95,65,2,410,427,9,111,208,4,3,6,5,93,56,123,286,5,107,14,114,7,78,12,11,64,390,100,28,43,70,0,1,7,213,6,9,5,28,8,1,40,190,7,53,54,24,102,5,148,169,57,308,19,2,28,5,32,200,9,71,174,4,124,5,25,3,256,300,113,80,183,230,101,1,6,28,3,15,30,4,23,15,10,26,33,0,191,36,230,46,7,16,98,39,3,25,3,6,144,35,1,7,2,154,27,43,35,29,21,91,21,305,35,2,16,12,13,5,9,18,36,8,169,10,31,59,18,5,2,37,13,26,97,21,16,753,18,8,12,1,10,2,18,158,1,14,31,1,94,367,30,1,12,6,4,19,69,9,5,101,8,89,22,529,0,15,9,141,87,97,1,297,10,5,133,52,24,28,7,100,0,28,1773,184,19,100,34,7,3,1691,10,70,36,290,1,263,0,5,30,1,12,77,209,29,282,2,2,12,97,45,1,16,22,176,5,2,16,199,73,35,1755,30,5,7,209,59,1,24,1,19,45,4,196,1629,2,4,38,3,407,39,7,5,0,5,4,142,6,53,60,786,143,87,35,12,26,23,3,4,106,2,64,2,57,7,14,19,100,4,124,18,6,59,216,6,38,4,1,41,66,96,3,48,8,8,31,305,28,5,67,1,25,54,7,10,127,16,26,145,310,56,57,150,66,1542,37,7,6,56,33,16,34,11,8,85,53,2,4,123,49,5,154,57,6,86,27,6,3,41,18,31,4,102,108,4,95,88,71,267,30,1,3,21,281,61,65,7,1,1,30,291,267,105,22,1,2,33,4,3,40,4,107,42,49,32,345,9,20,1,205,3,222,37,18,38,5,2,22,13,37,51,6,18,3,9,10,45,349,78,32,5,0,7,26,36,44,5,111,142,22,101,35,41,119,42,9,25,21,39,48,36,3,17,20,3
"ENSG00000133800.9",112,16,431,52,90,80,4,407,59,229,652,396,54,76,2997,667,85,28,16,211,275,2413,79,190,53,42,31,50,27,37,127,39,56,317,76,99,974,113,59,52,33,127,290,215,1154,21,42,205,1498,118,33,130,718,16,460,61,879,134,68,20,59,99,59,663,610,71,57,67,194,39,126,124,46,744,88,1382,53,43,70,93,283,40,201,25,87,84,61,122,317,77,55,49,195,12,89,845,772,254,58,67,273,1045,41,59,50,90,210,1507,112,121,89,913,171,99,113,200,208,182,54,1578,85,39,58,417,64,3442,1520,124,201,263,158,2632,42,169,66,2388,151,1316,139,69,281,420,38,2287,447,165,24,4,130,40,1009,963,364,113,2365,718,49,406,93,55,68,33,200,61,13,639,212,28,80,66,7,19,6636,43,134,31,109,19,343,731,1990,291,202,131,21,87,397,196,20,4,19,1119,50,22,333,49,899,95,100,180,15,53,147,31,1675,392,349,153,178,20,166,63,17,44,542,130,59,62,91,216,231,59,44,21,493,998,387,17,145,284,575,86,127,180,38,1040,880,81,31,67,401,32,249,33,47,89,27,164,108,141,94,18,118,87,1426,145,1405,65,1726,69,260,316,110,11,3251,82,22,1154,65,956,57,497,68,4225,42,98,13,690,184,48,284,205,41,643,13,102,1798,128,17,95,1349,368,39,110,83,80,96,112,662,69,236,24,63,3624,42,74,264,33,45,96,88,197,90,424,194,68,359,376,538,34,441,54,1298,47,114,10,586,212,74,1183,291,147,81,276,209,2377,127,228,139,207,1693,1782,87,65,26,108,78,31,28,1989,2614,362,416,307,40,1279,145,71,166,23,66,585,149,10,316,14,22,187,214,31,60,82,15,66,57,96,64,523,222,237,106,100,56,29,626,22,52,61,51,31,38,218,585,79,14,105,88,130,941,401,33,36,38,107,1626,15888,244,429,75,337,232,90,578,227,57,58,108,165,41,2266,1925,646,79,1539
"ENSG00000133937.5",2,2,89,3,3,4,0,0,1,5,0,0,0,3,0,0,2,0,0,3,1,0,1,0,0,0,0,7,0,0,1,14,2,0,2,2,0,0,1,4,1,7,2,3,1,0,3,4,0,1,0,1,1,3,0,2,2,2,1,1,0,1,1,0,0,3,3,0,0,2,0,4,0,1,0,0,0,0,3,3,7,284,5,7,1,1,1,0,21,2,16,5,0,1,0,0,3,2,0,23,0,3,95,0,0,3,2,0,74,0,1,3,2,4,12,2,5,0,0,169,0,1,2,2,3,0,2,0,4,0,0,0,0,3,0,0,5,0,0,2,0,15,3,0,1,0,0,2,1,2,1,1,0,0,2,0,1,1,0,0,1,21,0,0,2,1,3,0,0,0,0,0,1,0,24,0,0,1,14,0,0,0,1,1,0,3,1,3,2,1,0,0,6,2,0,1,0,1,0,25,0,0,0,0,1,2,0,0,7,0,2,9,1,1,0,20,0,2,3,4,1,0,0,0,0,0,0,0,0,3,1,1,3,0,1,4,0,0,1,2,16,1,2,0,1,103,1,6,20,1,0,1,1,0,0,4,1,20,5,6,0,0,50,2,0,0,11,0,2,0,2,0,2,0,1,1,0,0,1,6,3,4,1,2,0,2,0,8,1,0,2,0,0,3,92,1,1,0,0,1,0,6,6,0,0,0,0,1,0,0,1,4,3,7,3,4,3,28,15,1,6,0,0,5,0,2,0,3,6,0,2,0,6,0,3,0,2,1,0,15,2,1,3,3,1,0,0,8,0,0,1,5,0,1,0,0,2,9,0,1,0,6,2,0,0,2,5,0,7,0,0,1,2,1,3,2,1,0,3,3,0,0,0,4,0,2,0,1,0,0,2,0,0,3,0,1,0,0,0,0,1,0,26,0,1,3,0,0,1,10,0,0,1,1,4,0,0,12,3,2,1,0,5,0
"ENSG00000134028.14",12,0,0,94,109,85,1,10,7,100,13,20,184,3402,11,123,10,38,0,33,89,1,1,187,16,4,37,11,3,456,7,126,218,29,31,2267,36,17,1,7,9,144,32,10,20,3,7,89,1,8,14,760,72,67,1,4,21,37,26,2,1,437,2,8,9,16,36,4,12,88,61,252,15,1,1,10,9,4,19,409,0,26,109,21,7,3,18,1,144,21,63,8,13,35,0,0,3,60,43,245,50,3,98,3,70,14,8,50,109,8,148,827,48,57,155,8,22,8,32,83,7,0,3,6,120,3,6,3,21,129,27,3,9,28,11,7,3,0,3,16,8,177,260,26,78,43,709,14,56,25,9,11,17,11,58,1,5,173,10,11,21,0,7,84,23,92,421,10,2,56,2,25,11,2,57,259,244,6,57,74,2,9,97,23,0,125,11,10,5,1,30,2431,27,30,6,0,9,7,7,86,14,0,588,4,11,2,20,6,14,0,135,298,13,45,153,135,0,8,85,20,0,1,3,58,1,8,3,472,98,15,33,74,3116,198,1,140,4,24,115,39,151,644,9,5,25,33,1,7,6,7,21,0,0,63,15,11,4,36,3,2,43,118,23,30,4,8,10,15,35,12,619,20,405,6,74,40,90,3,1,247,17,14,17,6,3,22,1,126,132,174,44,126,77,0,5,44,115,11,68,49,23,13,88,10,17,75,13,90,3,11,10,4,1,4,23,196,600,2988,46,50,51,163,4,7,181,7,21,1,4,3,0,218,85,8,3,5,1,92,8,1,0,39,29,5,15,27,1,1,24,7,47,949,58,21,6,7,13,15,355,1,5,193,21,3,177,16,1,25,2,21,21,61,1,44,53,1,0,4,6,14,1,111,0,77,95,29,610,39,13,0,74,5,11,101,0,27,10,16,42,5,10,29,44,0,210,15,20,57,45,104,402,39,13,5,11,3,34,1104,93,13,1,3,14,4
"ENSG00000134042.14",6,91,159,110,21,12,6,36,22,48,28,67,34,286,131,257,32,115,66,42,146,545,52,48,68,132,299,28,30,54,6,131,66,239,24,71,284,53,24,58,29,49,55,123,279,68,12,55,335,136,105,28,388,13,173,135,184,56,169,75,246,188,96,104,312,62,23,293,28,45,23,37,12,332,35,318,46,19,13,122,87,131,9,30,244,201,3,136,30,16,122,24,36,6,55,226,204,56,56,148,134,642,41,22,24,43,155,389,290,65,225,325,21,56,25,12,75,49,118,176,189,49,17,232,30,254,132,30,107,160,153,456,85,26,65,356,20,272,36,27,224,85,12,491,66,104,10,1,12,37,291,447,26,139,270,41,11,129,54,91,63,19,23,60,4,85,136,52,141,44,161,23,66,14,43,48,58,58,80,252,519,164,37,52,114,24,147,252,11,63,74,450,35,185,147,8,240,29,3,236,15,306,232,444,420,20,13,6,45,207,113,18,52,106,115,48,118,14,39,152,110,28,18,89,188,193,165,315,52,50,32,98,37,215,77,689,233,221,148,153,70,61,229,39,112,41,6,98,42,283,66,9,49,26,1004,157,684,17,26,9,144,170,53,17,708,11,43,354,61,189,34,258,22,1331,67,34,18,371,252,51,74,15,78,176,40,90,267,40,7,28,499,59,33,151,282,68,164,131,109,17,110,29,38,659,18,31,81,60,119,28,696,28,61,180,47,27,56,30,7,50,228,15,360,53,78,58,270,401,599,421,74,83,85,469,114,686,68,238,63,0,594,678,191,20,74,99,34,17,12,222,410,18,297,90,2,352,9,52,4,2,51,132,125,6,34,166,11,78,222,135,121,87,2,19,23,45,416,114,256,31,272,39,168,6,100,73,39,28,416,69,51,447,90,54,20,45,361,7,215,226,32,17,80,41,199,501,61,69,49,71,110,94,139,88,180,30,32,870,28,553,393,277,224,459
"ENSG00000134057.15",414,28,194,393,1268,1159,1215,225,107,2604,128,1472,4979,6405,2407,100,280,1764,1248,199,390,43,225,364,574,568,978,1191,363,1135,1836,1738,1326,377,203,1186,907,300,1474,620,97,2011,1737,90,117,444,222,1596,51,131,342,2503,290,2794,594,603,64,2598,2023,1812,145,1358,177,1122,78,1021,126,85,4314,1850,932,607,297,35,170,41,1633,430,3760,1167,1367,440,2645,861,991,1225,584,302,343,94,663,579,382,1287,201,28,80,1576,1544,1553,445,92,2338,257,1663,2372,1171,71,5304,1388,625,120,266,1100,611,458,2204,619,3826,4091,228,445,149,1340,896,34,50,1112,703,954,241,49,4266,153,1419,87,339,58,1672,195,39,2364,1309,133,350,4066,1097,977,1632,2032,118,60,1608,829,172,1190,624,1840,771,874,724,874,2341,738,1546,1577,1879,4425,2053,4088,774,889,1002,5133,436,328,731,1505,1061,854,99,1580,436,1239,232,603,575,124,481,2018,201,8199,2014,2297,503,1709,107,724,186,1751,275,2247,2281,4710,36,1863,96,3642,1232,985,230,920,6825,998,1882,1260,234,176,503,2080,41,703,1090,204,95,49,561,4091,203,779,2846,479,1003,771,118,2070,123,298,1379,585,181,429,57,366,1505,1018,457,291,376,280,113,627,156,1749,75,707,187,421,465,1869,1573,840,3094,2692,68,771,668,60,2678,63,1134,33,3101,59,340,1824,2119,43,124,1089,1293,2917,435,37,173,3286,45,435,771,541,257,324,416,267,608,4301,2262,360,625,360,906,232,9082,94,1211,178,110,515,650,1424,346,3130,992,1314,787,687,5497,1030,201,731,1341,613,95,936,1483,1165,108,439,595,51,2025,759,374,885,1293,122,880,4561,270,510,55,387,255,1449,1925,1267,139,1209,2789,30,251,2336,151,2888,137,112,1586,3298,2443,290,553,186,483,1335,4298,209,763,2876,201,853,1324,747,614,761,1495,171,997,45,260,1124,230,1526,742,136,294,694,1576,564,1442,436,1574,418,70,1572,552,716,1084,2355,230,39,358,600,327,81,3191,206,1648,2825,408,203,380,475,141,106,506,448,314,7441,1179,239,60,88,3137,68
"ENSG00000134253.10",448,5,507,64,381,65,4,29,83,478,49,103,59,854,343,65,47,269,299,626,136,19,135,126,273,86,123,165,44,348,340,619,129,53,93,61,141,58,81,87,70,146,277,51,63,140,23,85,26,34,59,183,110,125,107,573,38,187,162,94,84,265,216,206,67,108,49,158,130,289,7219,86,68,17,26,25,686,123,229,158,488,331,405,118,551,135,41,85,157,56,177,454,77,33,57,11,31,137,223,415,94,21,334,50,56,71,198,41,963,466,61,44,87,103,107,121,428,73,962,501,183,285,38,534,68,22,26,58,79,2421,92,39,574,38,222,18,77,19,454,63,17,364,188,52,118,724,137,201,122,662,33,55,222,211,43,390,15,133,211,250,95,68,138,86,123,131,176,542,256,358,171,71,451,420,25,39,130,127,189,209,12,252,38,409,285,49,199,86,127,373,161,115,313,273,105,195,56,353,25,564,49,279,139,577,25,88,31,146,141,141,90,118,316,247,141,414,95,14,105,327,7,143,75,54,49,17,259,472,39,70,302,122,47,153,59,230,18,131,73,209,87,74,70,61,221,235,149,34,37,198,44,63,28,411,16,95,40,54,201,475,321,179,672,492,32,72,397,44,301,28,118,22,136,19,135,46,79,16,41,324,114,121,129,19,200,57,18,47,112,70,127,72,254,555,51,163,815,97,129,864,556,48,511,30,118,30,36,102,212,226,184,649,232,149,149,706,221,130,96,100,124,1715,25,939,71,162,58,127,72,9,668,93,44,88,408,48,233,1632,66,91,21,352,38,291,246,62,39,47,150,8,22,2046,83,362,75,29,131,1021,274,176,143,81,231,512,909,110,74,184,27,91,147,265,14,105,675,67,181,81,26,129,71,157,534,18,45,133,82,100,165,225,154,80,65,227,119,109,176,155,209,27,30,146,54,100,635,329,200,114,28,43,89,71,61,36,85,75,131,473,342,55,16,94,506,24
"ENSG00000134323.12",23,0,4,35,469,164,2,17,10,25,6,22,541,47,2,7,204,4,24,174,168,2,252,41,2,205,7,2,26,8,244,10,28,19,256,125,8,52,42,8,0,11,363,40,2,2,30,302,3,5,69,27,16,4,44,73,10,57,7,164,97,11,0,7,52,369,38,112,51,17,17,72,58,1,93,3,8,54,295,23,16,0,8,16,33,258,8,4,45,4,182,368,95,12,132,12,6,5,62,80,71,3,3,9,22,26,36,5,2389,643,107,4,10,7,29,163,800,169,53,749,12,0,3,77,193,3,0,0,34,15,56,2,5,11,29,5,11,3,0,34,4,235,5,10,40,7,7,11,302,7,4,6,22,25,5,6,4,237,20,22,137,0,11,159,109,1,6,901,23,1018,1623,198,8,6,31,28,18,5,20,8,3,51,48,6,10,278,152,68,375,2,10,11,1,52,1,1,3,159,16,22,3,4,78,13,1,248,1,69,11,8,48,112,0,300,67,39,3,3,14,28,0,8,59,20,5,1,122,7,2,20,312,15,38,50,3,346,1,109,5,24,126,97,8,121,226,11,0,4,13,13,1,65,2,1,21,55,3,602,6,411,20,25,42,1407,29,46,17,1,10,1,41,1,164,5,54,352,163,0,8,14,6,11,16,2,12,2419,4,26,0,267,7,100,25,8,114,7,163,87,50,165,50,18,30,4,9,11,4,72,18,20,3,442,102,33,56,95,5,161,33,20,370,30,23,1839,31,3,12,3,121,13,4,24,16,133,6,2,6,13,37,53,13,8,225,2,0,15,8,17,1168,1,4,18,8,910,15,1,448,16,712,803,5,6,68,3444,40,103,0,1436,8,12,16,10,63,3,1,201,6,0,63,13,0,10,14,30,28,0,674,18,8,38,172,88,40,181,8,206,111,753,20,3,13,5,63,26,13,13,6,40,5,49,18,5,11,5,29,686,0,100,59,6,3,8,373,1
"ENSG00000134339.9",15,2912,65,32162,45,1050,107,57,187591,3585,6,28,692,11104,13541,1095,42,4852,129,804,1924,9109,385,659,4985,957,1472,2399,52,194,1,17,307,619,344,2497,9350,5345,3,20,2007,18,98,41,1959,119,22716,4433,5068,9129,261,511,1232,154,0,1220,264466,258,427,72,257,4144,92,1876,18652,1,26857,265,312,114,250,16993,1880,3462,9410,491,3,407,60,2897,913,13105,945,431,683,46,17879,1617,760,24624,35719,3539,169,662,160,2187,150420,30836,2052,28,7660,93,99,5,3148,18,1624,647,299,23,210,1572,6991,12950,7,205,35,129,3,1402,1898,2948,6822,60,14612,9661,13245,3382,111,124,3550,87210,1583,37582,1399,1146,26,3032,47,248,1674,534,1706,567,1325,118,28,50,32,4,3161,736,2570,1571,10249,261,211310,267,47,3138,10742,7725,30153,76,219,1244,6031,32,1741,132,7,539,958,1077,6022,213,18770,16,7484,1013,1356,1,9506,1135,21,29176,85,879,385,45,193,10,100,375,8888,13,511,133,272,38,52,1967,49,3015,812,976,6872,4181,438,732,515,35,174,594,998,11,27,4144,5278,13798,22612,1063,229,752,251,1026,60,720,1618,61,52,683,4987,9896,2678,10506,238,398,1135,8940,57,21958,475,323,2819,112,385,231694,693,2209,327,15,12922,41,305,102,164,0,434,1328,209,3313,750,0,214642,1087,209,503,215,2142,2740,24465,22,200103,4028,29,75,210,83,618,86,7764,2092,120679,164,663,6099,1466,67,389,19686,15588,3801,1235,1560,14,13,844,9873,588,1811,49,12,15000,2847,12129,54877,427,11,14,6,25,215,5910,109,1122,920,5,7434,10914,42,3652,1757,24,23471,30,1664,6,8218,87425,1,2504,29059,6437,43,2105,171,347,18,6285,1910,6635,928,2996,543,1297,28,382,277,927,216212,2064,3689,659,13,8522,13,364,54,7,1201,24413,2478,93,129,2113,1220,203,10671,3235,223,3718,146,282,604,468,48,6161,3746,733,113,1299,1020,18917,2386,19194,271,1666,1833,35,319,252,404,67,23,1278,1712,53,188,42919,360,138,229,71,8664,0,3625,153,9617,3190,4040,2597,61874,86891,1137,0,1235,0,209,1325,691,737,15,1065
"ENSG00000134443.10",7,0,0,0,11,0,0,0,0,35,30,0,0,26,0,0,0,0,0,0,0,0,18,0,1,0,0,1,0,6,0,40,4,0,0,2,5,0,0,1,0,18,0,4,1,0,0,0,1,0,0,1,2,3,0,1,0,0,1,0,0,4,0,2,0,0,0,0,0,0,40,6,1,0,0,0,16,1,18,42,59,36,3,0,0,0,3,0,2,1,3,0,1,0,0,0,0,20,0,1,0,0,3,0,0,2,2,0,19,0,1,0,8,1,0,0,0,0,0,0,0,1,0,0,1,0,0,3,2,2,0,0,0,7,0,0,0,0,0,0,0,0,89,0,0,0,1,2,0,5,1,0,0,1,0,0,0,0,0,11,0,0,28,0,1,0,0,0,0,4,0,0,0,1,0,0,0,3,7,0,0,8,0,1,0,0,1,0,0,0,0,0,0,6,2,0,1,0,0,0,0,0,0,490,0,0,0,0,1,0,0,1,0,0,2,39,0,0,17,2,0,10,0,1,0,0,0,0,0,0,0,5,6,0,0,0,0,4,0,0,0,4,0,0,1,0,0,0,0,0,0,0,0,12,0,0,0,24,0,1,10,18,0,0,0,1,4,0,23,0,0,0,0,0,0,0,2,0,0,0,10,0,9,0,0,1,1,1,0,0,0,0,0,0,0,0,1,1,5,72,1,2,0,0,5,3,0,0,0,0,0,0,0,0,0,136,7,2,4,0,0,14,0,0,3,3,0,15,0,0,7,0,16,0,0,0,0,2,0,0,0,0,2,0,0,49,0,0,0,0,1,8,0,4,0,0,1,1,0,0,14,0,1,1,11,0,0,0,0,12,0,1,0,0,9,1,1,0,2,0,0,4,77,0,0,0,0,1,1,0,1,0,0,0,0,0,3,23,0,0,1,0,1,0,0,0,0,1,7,14,0,0,0,0,4,0,0,354,0,0,0,0,0,0
"ENSG00000134612.12",3,109,0,6,2,8,4,0,144,29,14,259,289,3,2,371,1,145,287,76,139,281,2,54,365,500,0,6,23,8,0,8,15,1045,23,12,14,0,50,151,544,3,251,3295,577,46,6,13,392,132,118,0,147,1,1,28,171,497,291,88,169,17,17,150,182,23,194,154,89,126,49,17,2,231,448,455,4,3,114,110,107,38,33,4,766,9,2,320,34,23,56,18,25,0,21,289,530,134,140,17,22,1146,0,1005,11,51,118,226,8,703,70,674,13,25,100,153,3,160,11,22,226,2,573,22,55,258,109,2,14,7,238,197,0,9,0,418,2,733,1,0,224,13,3,338,0,6,6,0,36,0,308,595,1055,108,170,0,18,205,6,168,108,20,237,3,2,1,16,4,343,8,197,31,74,1,51,171,12,11,79,0,357,21,65,10,530,5,166,20,2,138,1,4,6,45,180,0,782,8,0,47,458,346,0,15,664,38,106,193,40,216,217,87,185,120,73,7,1,215,29,46,223,110,14,8,593,308,1202,1,2,117,80,44,96,131,371,117,621,429,523,252,10,7,552,27,15,2,74,216,108,30,68,2,302,5,617,160,913,0,0,8,477,713,3,317,176,0,13,1032,201,610,25,172,46,358,16,476,142,506,460,20,6,31,148,166,454,86,381,1,16,4,185,0,2,1,130,3,5,416,3,1,195,0,0,561,17,12,68,0,35,34,222,9,187,0,5,0,36,36,0,8,42,29,814,1,79,51,295,100,95,214,81,37,47,1739,8,670,1497,0,77,1,535,45,4,22,34,11,37,2,5,693,314,9,360,149,272,334,5,2,12,4,188,180,66,1,63,630,0,217,970,11,456,90,1,31,15,222,115,339,2,1,319,456,156,5,49,0,0,55,720,2,48,208,222,51,4,262,60,22,127,241,55,48,0,106,26,1,1,30,71,0,65,18,186,202,2,0,64,2,0,619,538,0,0,298
"ENSG00000134640.3",0,0,0,0,579,1,2,0,0,0,0,0,0,0,0,0,0,76,0,2,0,0,0,1,2,0,0,2,2,0,0,1,0,1,0,0,0,0,0,0,0,1111,11,0,0,0,0,2,0,0,0,0,0,0,0,2,0,0,0,3,0,363,0,0,0,1,0,0,0,173,11,0,0,0,0,0,1,0,0,1,56,207,1,0,4,0,0,0,0,0,0,8,19,0,0,0,0,0,28,1,0,0,0,0,0,0,0,0,124,0,5,0,0,0,0,1,1087,0,1,3,0,0,67,0,0,0,0,0,0,51,0,0,1223,0,0,0,0,0,120,0,0,5,1,1,0,0,1,20,1,0,1,0,0,0,1,0,0,1,0,35,0,0,30,4,1,0,1,13,1,4,0,4,0,136,0,0,0,0,0,0,0,0,0,85,0,2,0,0,1,0,0,0,0,1,90,0,0,0,0,0,2,0,3,515,0,0,540,0,0,0,0,1,3,1,28,0,0,0,1,140,0,0,0,0,0,0,0,1,0,0,0,0,242,0,0,1,0,0,0,0,0,1,0,0,1422,0,0,0,0,0,0,1,0,0,0,0,1,0,0,0,4,3,1045,1,0,0,1,0,2,0,0,0,0,0,0,29,0,0,0,0,5,0,0,1,0,2,0,0,0,0,0,0,0,0,0,0,2,3,1,0,0,0,0,0,0,0,0,0,0,4,0,9,0,0,0,0,0,0,0,0,0,1,0,4,6,0,0,0,0,0,0,0,0,1,0,0,0,0,0,0,0,0,0,2202,526,0,0,1,136,0,1,0,0,4,0,0,0,0,128,2,6,0,0,2,0,1,0,0,0,0,0,0,0,0,6,0,41,0,0,0,0,2,1,0,0,0,1,1,0,2,96,0,0,0,0,1,0,3,0,0,0,9,0,0,0,0,4,0,0,0,0,0,0,0,0,0,48,4,16,0,0,0,0,0
"ENSG00000134668.12",31,0,210,36,43,33,0,6,4,142,0,2,1,167,339,9,2,8,20,4,119,8,20,4,7,7,1,60,5,8,10,92,16,19,12,23,11,7,3,15,2,77,6,5,10,6,10,22,2,5,1,79,5,15,3,14,8,4,10,2,2,99,11,13,3,19,12,7,9,14,68,18,6,4,1,0,256,4,4,6,36,73,24,145,2,3,5,1,87,1,76,7,8,98,10,1,2,18,14,23,11,0,55,1,29,6,4,4,178,25,71,7,4,62,9,3,23,0,256,50,4,37,2,12,11,1,13,7,18,45,26,1,29,18,62,1,21,2,33,3,4,9,43,3,15,223,88,34,11,77,3,0,0,28,27,11,12,7,12,79,15,16,20,13,23,90,287,23,4,16,1,12,6,25,26,6,30,45,177,6,1,0,4,24,5,7,7,8,2,1,7,3685,18,11,29,6,3,34,6,179,0,3,199,5,3,56,10,3,8,1,3,75,10,14,16,74,3,2,34,7,0,3,16,3,1,1,2,9,1,5,2,9,185,50,10,12,7,5,13,121,3,10,2,1,187,85,0,15,15,4,2,0,4,11,2,1,3,4,5,17,3,13,122,8,7,12,14,6,19,9,6,2,14,2,5,10,30,0,6,20,3,18,16,2,3,23,1,3,11,24,13,2,3,40,10,72,49,3,66,30,18,4,119,8,11,15,7,6,7,4,7,5,7,20,49,59,7,12,13,29,3,44,1,61,11,9,17,3,3,0,2,4,20,0,47,3,4,53,13,4,1,9,8,37,17,4,11,2,38,6,6,33,2,54,1,2,7,16,22,10,39,10,16,43,17,0,37,7,12,19,22,13,5,3,57,1,1,5,4,3,5,5,2,1,6,0,100,7,4,2,24,1,4,23,3,7,22,52,8,2,2,9,20,1,482,65,191,54,9,23,17,2,8,12,10,4,3,453,17,6,0,2,81,5
"ENSG00000134690.11",128,7,57,140,346,257,307,145,41,700,60,375,1117,4134,695,52,111,605,313,104,138,16,262,230,303,181,156,726,66,651,645,605,679,173,81,510,341,154,435,360,32,522,530,41,40,113,76,695,20,76,258,857,128,469,289,702,38,646,881,703,83,739,161,569,30,299,111,77,960,724,686,183,89,6,91,23,918,173,873,730,586,473,985,218,617,367,107,152,131,33,308,492,138,219,76,15,33,1246,341,1046,262,56,496,98,294,779,592,21,4718,326,205,61,72,479,416,145,1175,113,2268,1310,107,346,39,427,300,7,20,317,249,725,120,22,1728,97,521,31,116,20,1254,82,21,1161,495,60,181,1613,528,414,353,713,39,42,740,410,87,579,88,631,326,333,329,141,752,273,366,604,863,914,584,3468,226,252,488,2551,129,124,242,387,307,272,25,388,105,578,184,174,489,108,375,933,76,3451,950,1284,213,1186,45,292,84,701,164,1425,515,2342,19,304,55,1183,211,655,94,579,1869,250,443,695,50,42,226,787,8,269,168,96,53,16,290,2090,56,127,651,261,230,492,28,405,48,115,585,225,102,214,34,65,431,913,228,93,114,275,57,257,62,757,31,357,82,142,93,1579,818,446,2170,1868,27,269,600,36,1812,39,507,20,1010,19,91,395,354,21,128,703,1230,655,195,11,124,520,16,164,156,226,101,163,83,41,129,1221,2431,121,170,77,410,40,2270,54,300,85,32,161,205,1231,209,629,271,320,295,392,2047,491,44,144,561,1071,33,674,339,461,32,172,79,13,1313,308,127,191,635,47,448,1616,179,110,35,170,89,473,991,471,28,121,684,15,111,1257,83,701,76,26,450,768,699,136,378,78,199,483,2520,103,175,1003,50,231,306,303,77,271,1292,61,552,11,168,895,80,482,302,74,140,219,551,368,139,316,1148,253,54,381,101,152,490,583,131,25,270,301,99,26,1470,80,594,754,95,56,175,228,69,31,343,145,215,2539,982,69,19,44,1022,21
"ENSG00000135097.7",18,11,57,444,666,802,761,13,117,15,25,166,440,24,8,86,47,11,0,316,294,31,26,75,4,708,250,59,406,11,2101,21,18,20,433,5,10,81,974,338,5,40,2471,13,24,773,17,50,36,14,12,11,63,1309,4,12,10,2198,8,203,5,164,0,14,1,851,9,4,101,804,61,856,27,11,155,4,504,1347,991,108,116,17,5,130,37,74,291,3,47,308,879,3,878,807,14,9,15,654,1817,80,17,13,4,4,408,188,120,14,3201,1846,855,29,16,9,1171,23,2423,540,82,87,0,2,10,5,1204,2,19,7,790,12,37,21,369,161,434,6,20,7,2614,7,35,706,68,52,789,264,1017,575,1603,5,38,19,17,5,12,4,246,1474,41,7,32,162,56,1521,304,4,1212,234,1113,3252,26,31,11,7,515,145,740,65,8,0,3,77,13,552,4,265,28,14,43,14,3,7,1636,6,9,1094,6,24,6,513,2,18,1187,4,24,6,5,22,54,4,214,501,487,53,454,30,8,12,20,425,4,10,878,947,14,60,7,1,362,625,894,6,495,5,8,36,12,6,3,1077,114,753,9,56,448,1239,1245,231,69,3,165,111,42,92,15,423,20,48,1,61,336,3,308,1655,22,2347,640,8,4,82,517,9,372,1,337,1556,797,3,5,666,217,1852,3,24,4,1561,26,97,1070,459,52,103,487,2,153,1607,189,8,12,21,386,143,1399,26,826,174,88,20,3,1407,3,4205,5,790,45,13,1130,175,24,1247,701,12,18,3541,292,302,9,13,80,12,14,670,108,867,58,16,2,513,4,7,5,1,82,542,1813,11,20,611,517,20,12,460,7,2533,5,18,578,8,2555,524,468,517,18,235,32,12,8,2467,27,169,270,11,771,73,6,4,6,21,24,14,11,15,6,592,273,818,493,460,228,354,2029,7,28,1598,1011,452,26,1594,25,12,132,50,209,1,8,35,88,95,8,27,56,4,1,33,16,99,6,240,758,21,3,2,17,17
"ENSG00000135119.15",62,3,400,39,189,49,85,20,16,116,5,9,75,858,132,16,10,57,4,41,32,14,21,24,21,88,20,46,21,153,91,172,166,19,127,90,61,23,9,8,30,92,55,10,12,52,60,112,12,22,24,313,39,306,10,163,9,137,137,46,19,506,8,89,14,55,17,21,135,210,331,53,12,8,25,10,196,82,253,136,126,122,133,135,100,59,64,2,65,19,55,155,115,146,13,2,12,22,297,146,52,4,205,8,43,27,301,9,543,106,28,35,55,46,23,24,312,20,128,230,7,54,68,71,95,5,16,74,83,506,26,8,279,57,49,3,31,10,583,16,4,111,278,13,65,151,49,215,73,77,5,8,30,75,58,28,32,279,114,55,15,34,29,72,172,77,420,509,228,200,112,36,43,239,51,16,41,412,37,40,4,94,13,96,11,79,53,16,110,55,19,194,82,151,73,352,20,175,25,299,4,82,140,197,3,482,80,24,134,1,28,123,149,30,121,51,9,8,54,249,4,49,110,70,7,13,10,306,30,22,189,43,77,48,5,102,10,10,20,67,10,72,9,11,319,145,60,476,10,9,23,32,9,194,9,22,15,31,26,267,194,83,271,755,20,92,254,19,66,11,94,9,419,8,70,109,267,10,19,115,24,181,46,22,1,132,5,27,306,41,30,33,34,24,20,138,603,4,34,35,84,105,521,23,43,34,9,67,43,347,23,204,10,53,94,64,153,139,64,60,71,68,14,288,74,33,15,5,32,7,52,51,290,27,137,9,9,97,3,307,1,28,17,112,807,422,19,39,174,10,19,62,20,317,14,12,73,110,241,64,67,26,31,610,98,6,83,242,11,68,24,39,49,29,243,23,129,10,8,53,21,78,124,52,33,19,170,151,120,67,127,20,8,56,25,41,216,374,29,17,21,114,20,11,94,122,67,203,33,89,32,21,8,8,24,11,47,73,225,15,4,4,353,6
"ENSG00000135127.11",1867,10,88,632,947,698,298,891,215,564,229,77,431,1002,232,227,176,1008,842,144,828,222,425,305,379,514,95,238,290,554,1515,557,1527,977,1375,1111,419,271,56,62,36,4364,120,64,201,134,479,982,114,120,128,639,612,272,42,1797,123,42,127,422,47,2918,22,290,262,497,682,99,272,1660,1159,1072,958,19,23,42,406,246,949,1441,173,953,762,338,1145,126,204,151,193,107,1734,923,21,370,44,31,36,730,1968,1455,607,15,544,12,316,187,1060,210,810,192,572,212,213,163,117,229,1796,1261,240,6272,83,378,407,918,978,32,40,435,590,3940,190,38,2386,723,2486,84,90,25,1700,185,161,2801,621,287,1203,2320,2921,2611,264,334,80,83,83,1649,194,3788,42,810,514,1049,1648,363,330,354,452,406,1859,1231,1144,612,358,892,424,595,457,159,691,208,1748,165,27,485,1024,884,129,172,93,73,1132,209,241,916,456,1040,1023,855,125,755,162,1507,236,4014,1416,284,30,162,427,405,139,487,486,817,789,477,376,765,370,96,417,3403,21,64,16,306,77,97,5,433,78,1030,1247,551,715,500,5,1011,45,40,1106,646,585,542,41,459,5085,1087,18,14,89,973,124,295,21,520,117,624,76,247,885,1135,776,136,3560,47,101,726,1308,17,579,66,739,107,674,25,891,65,398,40,46,895,142,447,114,36,58,205,31,402,135,446,342,492,541,718,227,1160,2469,47,1889,1182,717,90,232,66,23,384,38,385,622,521,189,966,598,1282,700,1748,1848,1300,580,1480,603,1325,34,1128,604,1242,174,57,840,48,13,337,325,2874,287,68,12,1588,195,251,63,728,613,3697,2136,383,15,59,721,28,116,1215,317,24,17,42,259,402,1190,458,789,87,1081,2534,652,201,1291,285,41,426,522,464,22,475,443,414,305,77,1101,698,440,721,349,276,462,1286,1399,854,594,684,416,49,250,867,291,138,953,242,281,65,380,735,419,32,126,178,1421,512,39,120,497,106,270,213,971,286,521,432,718,50,39,1018,684,133
"ENSG00000135222.6",0,0,0,0,0,0,0,0,0,0,54,0,59,0,0,0,0,4,0,0,0,0,0,0,0,0,0,1,0,0,0,0,0,0,0,0,55,0,0,0,0,0,0,122,0,0,0,0,0,1,0,3,0,0,0,0,64,0,0,0,5,0,0,0,0,0,0,33,0,0,0,0,0,0,0,0,1,0,0,0,2,0,1,0,0,0,0,2,5,10,0,25,0,0,2,0,109,0,6,0,0,0,0,1,0,1,0,0,0,0,0,0,0,1,0,0,0,0,0,48,7,0,0,0,1,0,0,0,0,0,0,0,0,0,0,0,17,0,0,0,0,0,0,0,0,0,0,0,0,0,0,0,0,0,0,29,4,0,1,1,0,1,0,0,0,0,0,0,0,0,0,0,2,0,0,0,0,0,0,24,0,0,1,0,17,0,0,0,0,0,1,0,0,0,0,0,0,0,0,1,0,0,0,0,0,0,0,0,0,0,0,0,0,0,0,0,6,13,0,0,0,0,0,0,0,0,52,0,0,1,0,0,0,220,22,0,0,2,0,0,0,0,288,0,0,0,0,15,1,3,0,0,0,0,0,0,0,0,60,0,0,0,0,0,0,0,0,0,0,0,0,0,0,0,0,0,0,0,65,0,0,23,0,0,2,0,0,0,0,0,0,2,0,1,0,1,0,0,0,0,0,0,0,0,0,0,2,0,0,5,13,0,0,0,0,0,43,0,0,0,0,0,0,0,0,0,0,0,24,0,1,0,0,0,40,0,0,0,9,0,0,125,0,0,0,0,0,0,0,0,0,0,0,0,0,0,0,0,0,0,0,0,6,0,0,2,1,0,0,0,0,21,0,42,0,0,0,0,0,0,0,0,0,0,0,0,0,0,0,0,0,10,0,0,0,0,2,0,0,0,0,0,0,11,0,0,0,0,0,0,0,0,0,0,0,0,0,0,0,0,0,0,4,0
"ENSG00000135253.15",1345,4,1424,7,97,24,4,9,11,66,11,61,107,56,619,17,43,20,15,33,76,6,25,9,53,204,76,13,21,68,37,127,48,47,12,19,54,2,117,115,4,97,58,13,6,45,8,8,20,51,156,33,9,27,19,185,15,41,11,15,13,149,28,15,19,16,15,9,9,1812,26,8,10,2,17,7,112,11,77,65,97,31,42,30,149,62,7,5,51,7,438,28,13,28,10,1,18,17,92,87,17,10,134,8,17,14,232,4,317,44,75,17,13,71,44,82,239,7,68,49,3,15,43,88,8,16,5,8,39,37,18,3,101,12,203,5,27,6,304,36,5,87,11,10,29,193,21,21,89,73,9,15,24,29,13,16,1,22,72,46,27,85,39,51,26,69,90,285,25,77,114,11,24,37,13,53,34,90,529,16,5,58,7,51,15,5,13,5,10,8,6,111,25,21,50,207,10,62,8,251,12,27,124,41,4,23,68,626,5,15,23,66,228,16,45,60,9,5,14,46,5,8,11,4,16,12,13,29,12,31,11,11,91,9,10,140,15,7,25,10,41,29,24,60,127,46,10,5,375,13,6,12,6,12,17,258,7,17,18,23,27,9,148,183,5,55,23,6,23,14,11,3,65,2,53,169,25,4,15,804,24,34,14,8,40,32,2,7,31,12,21,9,18,74,66,132,56,35,57,22,58,22,110,6,21,6,8,9,6,20,9,216,31,315,93,53,19,50,20,21,49,117,4,398,39,537,15,22,4,7,40,13,12,261,113,13,5,179,84,14,5,9,12,497,141,4,16,28,44,6,2,122,25,54,8,13,48,117,58,22,95,14,11,180,97,10,47,85,40,10,49,27,8,43,22,8,17,19,9,7,648,18,46,3,13,6,112,18,42,25,338,6,2,123,63,145,85,183,219,8,11,66,40,3,113,6125,95,21,5,17,35,16,16,8,34,26,5,62,155,16,11,8,72,5
"ENSG00000135312.7",2,0,2,4,4,4,0,13,5,0,0,8,1,22,3,3,1,5,1,1,0,1,1,1,3,8,0,1,1,7,2,12,2,17,1,3,0,1,1,15,1,8,5,6,0,0,1,3,0,379,2,9,0,0,0,5,2,8,4,1,1,1,1,1,0,4,4,4,1,3,13,9,4,1,3,1,3,4,67,5,1,0,0,2,3,6,2,1,35,0,7,0,0,0,0,0,2,10,1,16,1,0,0,0,1,3,1,0,5,0,3,1,14,5,2,2,35,0,1,11,0,2,2,0,2,1,1,0,4,3,3,1,2,2,5,1,13,0,2,6,0,1,4,0,3,4,2,1,1,2,1,0,1,4,1,2,0,21,2,4,1,0,2,0,0,5,11,2,1,11,0,1,0,4,1,1,0,7,155,0,0,14,3,7,14,0,10,5,4,0,1,151,1,1,0,0,1,1,2,20,2,11,13,4,1,0,2,1,0,0,0,4,2,1,20,1,2,0,6,7,0,0,0,3,7,0,4,3,0,7,1,2,8,6,1,1,0,4,3,5,2,2,1,1,4,0,0,0,9,3,0,0,0,0,1,1,0,0,1,14,5,3,7,0,1,12,1,1,3,0,9,0,0,0,15,2,1,0,2,4,4,1,0,0,1,3,0,1,0,12,1,0,0,0,3,3,0,7,9,0,4,0,10,1,0,2,0,1,0,0,4,2,1,3,14,8,5,12,8,3,3,5,1,6,6,2,0,5,1,0,17,0,1,1,6,1,0,9,10,0,0,3,16,0,1,2,3,0,0,0,0,2,3,1,0,6,0,1,2,0,7,1,1,0,3,5,0,5,3,0,1,7,0,0,0,0,2,0,25,0,0,3,0,2,3,0,0,0,0,3,5,0,1,5,0,3,1,1,10,1,1,0,14,0,2,4,6,1,0,21,2,0,0,1,17,0,0,16,2,1,1,0,0,3
"ENSG00000135314.12",4,2,5,2,2,1,34,4,0,2,1,0,11,38,125,3,2,20,0,2,1,1,1,5,0,1,1,0,1,12,20,3,4,0,12,11,0,0,0,1,0,5,3,0,1,3,1,6,1,0,3,91,1,13,1,8,0,1,1,0,0,43,1,13,4,3,4,0,1,31,7,7,0,0,0,2,5,5,0,27,1,5,55,0,1,2,2,2,18,1,10,2,6,0,0,1,0,2,1,90,8,4,5,0,7,0,3,1,209,5,1,8,7,4,15,1,16,1,5,2,0,14,1,3,5,0,2,10,1,9,2,0,8,2,18,4,0,0,2,2,2,12,13,2,6,8,9,2,2,10,2,1,0,3,1,0,1,6,0,5,10,14,3,2,4,68,16,28,0,12,1,1,0,382,7,2,4,3,99,2,1,1,5,2,0,1,3,2,0,1,3,236,6,3,0,0,2,5,0,0,0,67,3,36,2,11,3,2,8,0,2,5,16,1,11,7,0,0,10,5,0,5,3,1,2,1,0,19,1,0,4,4,7,4,2,3,2,3,0,0,1,1,0,0,7,6,0,2,1,1,0,0,1,7,3,2,2,5,0,9,5,2,10,28,2,3,2,4,8,1,4,0,33,1,5,41,18,1,0,140,21,3,17,0,1,2,2,4,7,6,7,1,5,1,2,122,105,1,3,3,5,8,177,1,29,3,2,1,35,0,0,1,1,3,4,6,103,20,20,8,1,35,1,6,1,0,3,1,2,1,3,10,4,2,7,1,1,31,1,2,1,4,3,6,101,3,0,3,26,1,1,123,2,2,1,1,1,7,4,0,3,1,3,3,39,0,1,3,0,3,4,0,1,2,42,1,3,5,1,1,1,3,0,2,1,2,5,0,1,12,2,1,1,3,1,0,0,2,6,1,5,1,7,0,2,20,3,5,3,8,6,4,2,2,2,17,7,121,3,3,3,0,1,0
"ENSG00000135324.6",609,1,4,36,94,643,3,2,13,6,7,1348,65,50,705,38,16,37,278,195,66,3,85,31,4,385,562,56,345,362,116,83,88,133,72,12,141,13,1886,1480,33,59,491,510,41,4,84,326,3,0,3,56,32,97,39,2,7,1761,0,162,465,211,308,10,97,10,1,594,474,123,78,133,1,4,35,5,334,60,353,160,1036,69,143,130,3,8,22,82,752,125,321,2102,498,69,9,8,62,8,105,108,136,3,212,29,93,37,8,2,143,165,231,14,1592,3,26,770,559,379,1067,1914,139,0,3,922,75,14,13,175,29,119,117,7,25,68,742,3,158,1,27,23,8,351,345,85,57,95,411,23,39,68,3,8,201,168,5,338,23,912,643,83,3,72,286,24,2,23,26,387,27,155,219,16,5,5,82,363,121,14,977,44,3,323,302,0,116,0,24,3,1,3,1,0,2,89,13,1,10,65,1930,130,0,5,474,101,4,620,2,90,102,1,68,66,1603,1106,26,255,999,0,230,11,6,5,1205,182,4,10,432,23,63,758,52,135,212,111,2,226,7,86,4,178,156,60,174,11,178,504,108,6,8,81,32,53,6,279,5,5,13,417,143,82,166,0,632,245,2,216,115,10,6,11,120,3,5,11,511,162,217,1,147,130,12,184,41,6,0,54,1,259,135,743,41,222,206,656,997,15,294,305,0,4,68,4,17,10,234,9,29,35,52,200,2,11,581,611,1064,238,644,52,1727,390,1099,79,8,44,993,3,27,0,676,2,9,23,19,310,102,7,16,30,478,1102,4,172,95,39,20,11,314,65,95,4,7,19,13,506,19,4,245,45,222,207,121,5,55,228,13,0,99,386,143,388,356,666,224,49,59,3,57,3,1,12,26,18,8,491,33,10,405,242,176,136,22,12,7,107,94,368,17,79,33,7,147,2,173,59,16,4,202,697,1,697,533,2,0,8,14,49,68,660,8,13,0,2,12,1
"ENSG00000135355.4",0,0,0,0,4,5,0,1,0,0,0,0,2,0,0,0,2,8,0,33,3,0,2,107,0,0,1,24,214,0,3,0,411,0,94,0,0,0,0,0,0,14,0,0,0,19,0,138,0,0,0,239,1,0,0,0,0,13,1,0,0,2,1,0,0,32,0,0,281,6,5,0,640,0,0,0,0,0,0,0,12,469,0,0,1,504,0,0,0,0,1,14,2,0,0,0,0,0,0,0,1,0,4,0,2,1,0,0,2,0,8,1,0,0,0,11,187,0,1,0,0,25,0,0,1,0,0,61,29,2,2,0,275,0,0,0,0,0,0,1,0,174,0,1,8,2,222,687,58,1,1,0,0,478,0,2,0,27,3,225,14,0,1,8,14,966,6,9,0,0,2,293,0,0,0,0,0,0,0,0,0,558,1,0,0,0,0,0,12,0,5,1,902,1294,527,9,0,1,1,44,1,0,147,1,1,1,0,0,157,0,29,24,0,853,0,0,0,0,11,19,1,51,0,7,0,0,0,4,3,1,100,7,0,0,0,24,0,0,1,26,36,0,0,8,46,1,0,0,0,0,0,134,0,712,0,0,0,0,0,0,5,0,1,4,0,2,3,3,0,0,1,0,1,0,1,0,1,0,0,0,0,0,0,0,0,29,0,0,13,0,3,40,85,2,13,0,1,0,0,0,1,196,0,0,25,0,0,1038,20,36,0,25,2,0,1,0,0,5,44,17,0,0,0,0,1,0,0,0,0,0,2,20,0,0,0,0,0,0,0,0,0,0,94,1,0,0,0,16,38,0,0,110,1,3,0,0,1,0,0,9,421,1,0,7,0,0,37,40,0,39,0,0,0,0,11,0,421,0,0,0,0,55,0,1,0,1,8,3,0,17,0,0,0,0,0,13,0,1,0,0,0,373,15,0,0,0,24,6,0,0,1,0,0,0,2,0,2,0,1,8,0,0,0,0
"ENSG00000135409.11",1,7,0,1,0,1,0,0,0,7,0,0,1,1,3,43,11,1,0,5,4,12,1,0,0,1,0,5,0,1,0,1,0,17,1,1,0,2,0,0,0,0,1,1,45,0,0,1,5,0,8,1,45,0,0,0,13,1,1,0,5,0,1,14,6,3,0,0,4,0,5,1,0,4,3,44,101,3,5,0,1,0,10,5,0,1,1,1,0,0,0,0,1,4,1,18,23,3,3,108,3,64,0,0,0,5,1,40,684,0,2,43,0,0,2,0,1,1,0,6,1,1,0,0,1,24,12,0,0,0,3,34,2,0,0,51,0,49,9,0,29,3,1,81,2,4,2,0,5,0,40,36,0,1,6,0,1,9,1,0,2,0,1,6,3,3,0,1,3,8,0,1,0,1,2,1,4,2,6,0,18,0,1,2,0,1,2,3,0,2,0,0,21,0,0,7,37,0,0,6,5,0,6,1,17,9,3,0,10,0,7,2,0,6,11,0,2,0,0,0,9,2,0,1,28,20,5,1,2,2,1,0,2,2,0,4,31,1,0,0,67,0,2,5,3,2,0,0,2,0,6,0,9,0,40,0,83,7,0,0,5,1,61,2,32,1,0,44,2,33,2,16,3,43,2,1,0,51,0,0,1,0,1,33,0,40,17,2,1,1,41,0,0,0,0,1,2,0,0,3,7,30,354,114,0,3,0,0,2,3,0,4,5,2,8,17,1,1,0,0,3,0,36,10,1,2,11,6,0,15,2,3,6,6,2,40,0,3,2,1,59,0,1,0,11,0,0,6,3,49,14,0,5,1,3,89,0,29,2,1,2,6,4,0,3,3,1,9,8,0,0,1,4,0,1,3,1,30,0,4,2,1,1,2,27,0,3,1,0,1,48,0,20,0,2,3,0,4,47,13,0,0,4,0,6,21,1,12,0,0,5,6,0,0,0,0,0,1,7,47,41,27,2,33
"ENSG00000135451.13",179,7,129,68,417,269,323,44,38,820,50,428,699,1708,842,14,146,330,500,98,122,6,113,121,154,143,164,751,129,344,641,288,341,62,33,231,156,104,572,298,63,337,677,17,19,152,24,327,7,18,170,448,79,593,191,289,14,1030,1106,610,34,791,66,682,18,516,91,27,1760,724,886,79,65,5,140,10,1285,279,1189,405,319,437,1551,82,361,373,121,137,112,18,381,203,152,627,99,8,30,599,531,485,140,28,750,48,145,326,430,19,3513,505,208,46,57,419,246,64,1466,371,618,835,20,525,17,269,280,7,12,687,447,455,67,5,1502,55,304,10,163,9,1617,35,8,1094,514,29,111,1135,658,612,818,585,24,14,294,200,70,354,79,406,226,392,346,166,320,300,694,726,957,1738,490,2266,167,336,174,3088,65,131,181,802,291,124,17,309,106,588,138,107,314,25,147,997,42,1700,952,503,148,674,22,252,22,399,61,1170,501,2022,3,683,60,821,580,635,54,594,490,121,692,294,29,30,150,366,5,293,248,32,15,4,231,1684,61,163,760,305,306,216,75,547,27,113,401,146,38,147,12,62,901,938,250,121,173,111,16,240,36,886,17,256,38,182,95,2807,876,282,1777,1078,17,318,509,10,1324,7,286,5,601,6,59,475,611,2,94,566,893,1446,169,13,94,568,5,33,280,120,81,75,111,49,158,1002,2044,138,112,87,414,54,2089,23,236,33,28,135,178,638,100,1239,209,200,210,257,951,322,19,219,371,665,13,2678,84,666,13,88,108,6,481,232,55,246,957,22,212,1101,55,110,4,91,46,1290,1302,345,20,369,686,5,41,752,50,706,28,14,374,704,760,215,138,33,165,666,705,40,460,730,52,213,426,213,142,232,1096,86,378,1,47,949,72,408,164,43,79,98,1094,159,247,239,792,111,7,493,286,361,338,1733,99,11,67,365,111,18,1249,36,417,652,226,43,133,239,44,31,173,167,121,2288,477,40,7,18,1751,24
"ENSG00000135454.14",38,13,79,366,33,9,246,3229,135,166,9,29,11,120,1967,51,22,41,45,18,182,6,89,28,8,7,363,102,18,28,18,225,2791,24,166,56,771,1340,10,16,364,259,14,47,20,147,1780,90,10,6,9,112,13,103,149,11,23,5,13,8,5,3256,203,254,5,10,7,23,429,36,671,964,305,13,56,6,550,14,39,729,73,535,145,515,48,63,2017,92,93,365,139,1055,7,968,42,8,25,62,1130,27,381,40,103,41,254,59,72,17,4217,29,46,24,175,21,49,221,55,31,482,1131,7,19,16,102,558,14,29,232,22,487,168,12,1941,1340,686,12,13,10,307,439,7,25,386,28,66,159,445,38,72,382,10,12,21,228,240,695,128,114,348,96,237,198,306,33,33,799,1103,1124,20,636,43,5,913,8,208,342,1196,189,35,315,3,75,571,626,8,170,30,48,31,3,1347,520,385,1009,55,23,15,400,214,693,3,13,104,48,3,168,11,60,77,2,106,24,1349,28,35,392,207,5,81,507,6,208,13,459,24,13,12,362,149,783,187,1228,353,139,7,1465,8,94,2181,214,213,1679,32,1299,658,1451,82,191,123,367,18,53,15,798,8,59,15,50,628,31,301,14,2007,127,7,132,665,18,242,8,714,5,494,8,1041,2,142,6,18,54,854,751,159,24,127,53,3,34,62,1744,39,1228,16,698,148,3296,551,82,25,278,1434,37,96,28,14,262,31,523,328,60,30,13,16,1195,730,367,389,111,453,121,21,37,8,40,1214,73,5,311,477,20,307,40,58,31,469,15,18,238,4,69,5,206,879,95,232,274,60,369,236,5,7,1024,328,12,11,13,12,440,33,4,90,8,240,296,568,79,1760,39,44,85,47,311,137,117,1046,16,28,7,173,365,3,37,519,1164,13,804,28,77,175,1733,81,84,16,27,6,6,890,27,70,45,101,92,501,44,1414,36,357,115,6,116,298,76,656,145,21,14,214,2281,10,37,6,714,498,26
"ENSG00000135638.14",68,0,15,74,23,5,10,6,10,102,0,478,0,1,15,60,50,2,0,48,10,0,42,10,608,31,11,214,66,12,2,246,0,589,1,236,0,19,34,102,34,38,985,18,2,0,9,111,5,2,133,57,6,0,461,105,7,3,79,29,0,12,4,88,1,357,1,6,6,4,8,21,48,4,11,5,52,63,1,37,17,15,49,2,195,552,6,1,3,11,7,3,235,3,0,1,0,5,49,38,12,4,116,12,3,96,324,7,282,435,41,2,3,0,250,6,432,66,6,0,1,111,8,0,10,1,4,123,14,4,76,0,1,0,30,3,6,10,2,70,1,446,6,16,91,508,65,5,10,722,3,4,23,621,4,34,2,3,2,283,15,5,5,39,15,30,26,104,44,309,194,6,0,20,22,4,60,258,258,12,3,465,23,26,75,3,14,208,4,4,340,2,336,6,84,160,4,175,0,83,8,58,3,363,1,0,5,60,18,4,102,4,13,13,227,147,3,55,4,5,6,72,0,81,2,3,2,1138,5,0,533,420,1,5,0,1,6,0,1,45,26,14,13,132,25,121,1,11,0,7,12,259,0,280,2,32,7,21,0,330,9,2,27,922,4,15,12,5,4,3,0,3,2,6,2,21,106,3,16,25,376,2,94,6,32,0,4,5,0,7,9,29,47,1,0,126,46,56,28,1,128,1,9,4,12,0,0,131,22,34,119,11,5,110,21,583,40,139,7,10,467,495,1,24,1,68,3,2,1,1,16,4,3,174,9,4,24,1,1,3,2,1,1,62,1,3,11,314,0,2,2,96,24,4,54,5,12,344,33,1,8,30,4,10,20,160,23,0,7,23,17,15,14,0,126,1,93,6,15,405,240,290,478,15,2,81,19,46,5,7,248,2,4,6,8,23,123,15,151,0,7,4,245,5,2,0,6,0,5,2,1,17,7,1,135,50,123,40,571,13,1,73,0,14
"ENSG00000135702.14",4,0,2,1,0,1,0,3,0,0,2,2,0,0,1,2,0,0,1,0,0,0,0,0,1,0,0,0,0,0,0,1,0,0,0,0,5,0,0,3,0,1,0,1,1,13,0,0,2,0,0,1,0,0,0,3,0,0,201,0,1,3,0,0,0,0,0,0,5,1,0,0,0,0,0,0,1,0,5,53,1,1,5,0,6,0,1,0,0,0,0,0,0,0,0,0,0,0,0,135,0,0,0,0,0,1,1,0,26,0,0,0,0,0,0,1,0,0,45,0,0,4,0,1,0,0,1,0,0,1,0,0,1,0,0,0,0,0,0,0,0,1,0,0,0,5,0,0,0,0,0,1,0,1,0,0,0,1,3,3,0,0,0,0,0,0,0,0,2,7,674,0,0,0,0,0,0,0,1,1,0,0,6,0,0,1,0,372,7,28,0,1,0,1,3,0,0,1,0,0,0,0,1,0,0,0,2,276,0,0,0,0,0,1,0,0,0,0,2,0,1,0,0,0,0,0,4,0,0,2,0,1,0,0,0,0,0,0,0,0,0,1,0,0,2,1,3,0,1,0,1,0,0,55,0,1,0,0,0,22,2,0,8,0,1,0,0,0,0,0,0,0,0,0,0,0,0,0,0,4,2,0,0,0,0,0,0,0,0,0,1,0,0,1,0,0,4,0,0,0,1,0,4,0,0,0,3,2,0,0,0,0,2,0,0,1,0,0,1,0,2,3,0,0,0,1,0,0,0,0,1,1,0,4,1,0,1,5,0,0,2,0,0,1,23,1,2,1,0,0,0,0,0,0,0,0,0,5,0,0,7,0,2,0,7,0,0,0,1,0,0,0,0,0,0,0,0,0,0,3,0,0,0,0,0,0,0,0,60,0,0,0,0,0,0,2,8,1,2,0,0,0,1,0,1,2,9,1,0,0,1,0,2,0,0,0,0,2,0,1,0,0,0,0
"ENSG00000135747.11",1,0,0,0,15,6,0,0,0,0,0,0,1,0,17,0,0,2,0,1,0,0,0,0,1,0,0,0,0,0,0,0,1,0,0,0,2,0,1,0,0,9,0,0,0,0,0,0,0,0,0,7,0,2,0,0,0,0,5,0,0,3,0,1,0,7,0,1,0,0,17,0,0,0,0,0,12,0,0,0,0,7,3,0,1,0,0,0,1,1,0,0,0,1,0,0,0,0,1,0,0,0,11,0,0,0,1,0,6,0,0,0,0,1,0,0,24,2,2,7,0,0,0,0,0,0,0,0,3,0,0,0,5,0,3,0,0,0,6,0,0,13,0,0,1,0,0,28,0,1,0,0,1,3,0,1,1,3,0,0,0,0,0,1,4,4,0,1,0,2,0,0,1,33,0,0,0,1,1,0,0,1,0,1,0,0,0,1,0,4,0,0,0,1,0,5,0,0,0,0,0,0,4,1,0,5,1,0,4,0,0,0,3,0,2,0,0,0,0,0,0,0,3,0,0,0,0,0,0,0,0,0,0,0,0,0,0,0,0,0,0,0,0,0,63,4,0,4,1,0,0,0,0,1,0,0,0,0,0,15,4,0,7,13,0,0,1,0,0,0,0,0,0,0,0,2,5,0,0,0,0,0,0,1,1,8,0,0,2,0,0,0,1,0,1,1,1,0,0,0,0,0,4,0,0,0,0,0,1,2,1,1,2,0,0,4,2,1,1,0,8,0,1,10,0,1,0,0,0,0,2,0,0,0,0,0,0,0,0,0,0,0,0,24,8,0,0,0,2,0,0,4,0,4,0,0,0,20,0,0,0,0,0,11,0,0,0,3,0,0,0,0,0,0,10,0,3,0,1,0,0,0,0,0,0,2,1,2,0,0,10,0,0,3,2,0,0,0,0,0,0,0,0,0,0,0,0,0,0,0,0,1,0,0,0,1,0,0,0,0,0,0,2,0
"ENSG00000135773.13",124,0,7,7,4,6,0,5,0,4,24,0,3,318,188,3,1,7,4,5,87,0,113,5,2,2,9,5,0,1,131,60,37,5,8,45,28,7,0,0,3,4,1,4,3,1,4,2,13,0,3,23,2,2,1,2,41,1,1,11,0,9,1,12,3,60,0,3,4,45,10,29,7,1,0,8,20,48,13,3,11,2,19,36,6,6,15,3,15,6,5,40,1,7,13,0,51,3,0,9,2,0,34,7,7,4,13,0,50,0,29,6,14,15,0,9,20,2,44,46,1,6,0,4,23,1,1,6,25,37,4,0,16,7,33,4,13,2,7,16,4,18,18,2,3,50,3,59,26,14,4,1,9,22,1,2,2,3,33,15,8,16,91,39,4,8,142,24,1,19,70,5,15,14,17,2,23,41,100,60,0,11,27,5,1,0,6,1,7,24,9,2,16,11,26,14,3,2,3,217,54,17,18,3,0,16,1,7,31,1,13,63,13,19,13,5,18,5,10,2,3,7,1,10,8,5,6,15,60,4,9,4,2,5,5,43,2,1,1,7,66,123,5,24,32,77,0,66,9,1,0,2,4,9,1,33,1,14,26,96,13,1,8,18,1,38,34,2,19,2,39,1,15,0,7,2,7,1,8,321,86,28,1,5,9,1,2,27,5,40,9,7,24,4,0,16,20,14,1,11,2,3,55,1,3,11,0,19,25,12,0,24,15,178,73,2622,3,22,6,21,1,49,1,9,42,7,2,3,2,4,3,1,6,1,264,3,3,7,25,7,1,0,15,42,14,1,17,40,16,0,0,22,11,40,3,14,14,13,8,22,51,1,2,13,7,3,14,2,0,18,60,10,0,9,30,0,4,4,0,55,5,2,40,71,7,4,15,7,4,16,16,1,2,2,15,3,70,47,48,6,1,22,11,18,73,4,2,44,0,9,8,2,0,6,111,40,1,15,6,18,3,0,48,4
"ENSG00000135821.19",11563,15627,12126,23944,37997,53232,11724,43478,30219,24321,1560592,592234,582806,52724,16805,19648,40715,50366,1028838,44859,69053,46567,36359,27580,22026,47855,16902,28056,12579,18020,36212,23794,51959,70108,27480,18760,462110,22281,570541,614112,4686,6793,24829,1766639,72635,10155,9564,32767,20556,12635,31572,26265,26218,322859,338153,45039,536146,55568,22488,17232,1267183,34057,385266,14177,27841,64026,6988,1120224,23706,12010,32199,75021,23573,31166,7680,28298,23235,32233,172009,31317,166299,14629,5647,18121,25669,28824,15601,310539,4781,40040,43916,314677,28965,5214,570313,20574,1055735,44383,113233,17647,33795,110421,11849,330708,26310,27227,44866,27221,32661,40159,23660,31576,3011,19460,70261,34540,46864,215984,49129,1139582,340039,26411,14401,202483,32140,16850,9656,28266,68037,55699,20096,56955,22250,61209,37419,49190,1083646,66450,26866,27743,11337,54545,12109,48436,34320,17753,22180,23059,40872,11916,34443,15506,36687,40046,40065,1188124,9659,33081,1007404,32591,53392,119465,23815,66210,11981,30870,47432,14815,23895,39442,33586,16745,1227217,44479,95032,317759,108102,135622,35260,1184074,18246,31103,185394,26822,847470,40916,54537,26224,41194,15968,87949,31088,19270,134634,28263,40851,21623,61435,365,28467,47055,93386,64385,29725,24286,43325,16108,27595,24964,16266,76058,39478,34196,49058,29801,7510,504678,1126049,33550,107967,28013,12770,16489,19727,63623,21894,802925,36586,14655,385882,11024,13783,29344,1133088,375211,365179,27199,387471,21378,14078,25649,25701,1407036,39526,25445,148644,29425,133212,225258,739040,41332,17639,16603,16889,36207,24372,28162,16780,1703960,24436,32144,24434,31624,52995,35286,48062,47222,27799,20026,21335,52687,13496,22017,53236,47859,32356,11471,22891,960485,13219,16673,310826,4460,16447,302062,31681,12705,28920,25449,30777,53382,82503,38630,379189,498385,15683,13774,682548,44764,24358,36938,11702,13939,32827,26827,16422,162044,89771,20885,658173,1395914,66233,105909,79075,434708,15455,600681,25581,6654,39327,61710,13921,36921,24280,30379,17328,26721,919170,545598,15104,760264,20859,42614,17710,1636463,36665,994769,78176,1845231,127216,50244,1093738,36092,5828,16305,14862,21073,12354,13302,16403,12590,20538,128821,103901,459259,49506,43534,25429,27735,16858,24438,34522,770324,13805,120430,70741,9058,42520,378267,31591,22782,1123410,7362,363833,11302,17888,30599,17426,35638,12255,10137,13947,83110,22218,43658,13778,103895,50573,30012,17848,50111,1021074,16460,43326,37949,27914,49850,30207,503133,29813,8154,18067,18826,262348,29653,19069,11616,68400,7434,7877,33231,6673,18933,15999,32490,41975,10931,26204,27615,104957,17838,22154,569855,29560
"ENSG00000135902.10",1,0,0,1,15,1,0,1,0,0,7,1,0,3,1,0,2,0,0,0,6,0,227,0,1,0,3,0,2,0,32,15,0,0,0,3,6,6,0,0,0,15,1,0,0,0,1,0,0,2,0,3,1,0,0,4,1,0,0,0,0,1,2,0,0,1,1,0,0,0,0,0,0,0,0,0,0,4,83,11,3,16,1,4,1,19,0,0,4,0,8,2,1,0,0,0,0,0,0,11,4,1,4,0,0,2,0,0,7,0,9,0,0,9,0,1,9,0,11,1,0,6,1,7,1,0,1,0,2,9,3,0,5,0,20,0,0,0,81,0,0,9,1,0,0,12,0,1,0,0,0,1,1,0,1,0,0,1,1,0,6,0,6,1,0,0,0,452,0,9,0,0,12,1,4,0,2,4,3,1,0,2,0,1,0,2,1,0,2,0,1,0,164,10,2,8,5,72,0,54,0,0,1,3,0,3,0,5,0,0,1,1,2,4,0,1,0,0,2,9,0,0,0,8,0,0,0,91,9,2,3241,1,2,0,0,1,0,0,8,4,790,5,0,243,6,2,0,0,2,2,0,0,1,1,0,2,0,148,1,1,1,3,4,12,0,0,274,0,5,0,4,0,0,1,11,1,58,0,1,100,9,2,1,0,0,1,0,0,1,1,3,0,0,0,3,5,35,1,0,59,170,2,0,0,1,13,0,1,1,0,0,46,0,17,3,0,1,2,3,2,3021,10,0,72,5,12,2,0,0,0,1,0,5,0,2,1,1,18,1,0,1,0,0,5,0,0,0,3,2,0,0,3,0,75,0,0,4,264,4,0,33,0,2,2,16,0,0,3,0,4,0,0,4,3,0,0,0,3,0,45,0,0,1,2,0,1,2,3,0,0,2,0,0,0,2,2,2,63,2,0,0,1,346,0,1,0,23,1,0,0,4,5,6,1,1,1,0,2,6,125,0,0,2,0
"ENSG00000135903.20",0,1,6,0,0,0,0,0,1,0,0,0,0,1,0,0,0,0,0,1,0,0,4,0,1,0,0,0,1,0,6,1,0,0,0,0,0,0,0,0,0,0,6,0,0,0,0,0,1,12,0,8,0,0,1,1,1,0,0,0,8,13,0,0,0,0,0,1,0,0,0,2,0,0,0,1,0,0,4,2,1,1,0,0,0,0,0,0,0,0,0,1,0,0,0,0,0,1,12,150,0,1,1,1,0,0,0,1,27,0,0,0,1,0,0,0,0,0,0,0,0,0,1,15,0,0,0,0,0,0,0,0,1,0,0,0,0,0,0,0,0,0,0,0,0,0,0,0,1,0,0,0,0,0,0,0,0,0,1,1,0,0,0,0,0,0,2,1,0,34,0,1,0,21,0,0,0,0,0,0,0,0,0,0,0,0,0,0,0,3,0,0,0,1,1,0,0,0,0,0,0,0,2,16,0,1,0,0,1,0,0,0,0,0,0,0,0,0,0,13,0,0,0,0,0,0,0,0,0,0,0,1,0,1,0,0,0,0,0,0,1,0,0,0,2,0,0,0,0,0,0,0,0,2,0,0,0,113,0,85,0,0,311,12,0,0,2,0,6,0,2,1,0,0,0,0,0,0,0,0,0,19,0,0,1,0,0,0,0,1,0,0,0,0,3,0,28,0,0,0,0,0,0,0,0,0,0,2,1,0,2,0,0,0,3,0,0,0,0,0,0,0,0,0,1,0,0,0,0,0,26,0,1,0,4,0,0,0,0,0,0,0,3,6,105,0,0,0,0,0,0,1,0,0,0,0,0,0,0,0,0,0,0,0,0,0,0,0,0,0,0,0,0,0,2,0,0,0,0,0,0,0,0,0,0,0,0,0,0,0,0,0,0,0,1,3,2,2,4,0,0,0,1,0,0,18,0,0,1,1,0,0,0,0,0,0,0,680,0,0,0,0,0,0
"ENSG00000136011.15",12,16,47,10,70,16,1,9,15,49,15,20,18,1,8,628,85,7,1,87,214,1126,7,52,10,9,2,28,2,9,43,11,33,313,7,6,24,100,5,17,1,54,10,18,822,1,1,78,614,9,51,65,1149,13,3,9,100,17,25,1,18,1,7,327,366,43,24,5,68,42,61,35,6,253,11,1675,17,14,7,23,27,11,9,33,12,17,4,5,16,4,20,17,17,6,32,674,229,34,19,37,159,185,29,2,41,61,18,1681,52,13,22,1226,17,9,26,0,30,11,21,26,2,6,12,12,9,1071,440,4,38,132,191,2311,22,4,13,1464,6,583,6,1,463,61,27,1576,325,44,26,44,20,0,611,1198,5,6,373,2,1,241,9,26,3,2,15,78,4,183,18,27,2,25,4,8,17,3,41,10,60,13,185,6,630,9,4,20,15,28,77,91,14,6,9,30,2,9,1,7,873,40,1,12,1,12,114,20,1807,10,83,13,153,1,158,39,8,13,249,9,14,3,11,39,163,5,0,17,301,690,144,17,7,8,31,23,54,9,39,7,592,6,3,7,29,13,7,34,38,27,2,0,10,7,139,3,181,26,749,23,1344,14,26,6,124,46,10,31,1965,6,10,2577,2,905,9,691,5,2737,5,12,2,556,245,16,2,12,10,941,7,38,697,17,0,15,798,32,27,9,12,17,14,6,16,5,216,14,14,1493,2,37,0,11,33,15,1,51,5,13,98,10,15,9,109,12,35,11,599,45,24,26,372,13,1,611,11,80,149,80,41,1380,9,5,7,0,936,3,13,46,6,37,1,14,5,2244,1328,39,346,11,3,1221,15,10,18,26,10,31,55,40,35,8,3,16,4,7,4,16,7,12,10,62,12,881,8,7,2,0,63,34,577,3,37,29,6,16,27,8,423,17,17,32,11,13,1097,299,4,4,23,5,97,65,10,30,24,6,224,83,9,20,6,12,5,13,24,1526,1181,623,21,835
"ENSG00000136231.14",175,0,2,1,11,268,63,12,0,8,7,18,24,1477,182,18,3,5,20,6,19,7,85,76,31,30,2,301,44,492,211,2375,557,12,304,72,42,5,60,167,0,1483,609,1,6,4,1,19,3,6,2,1332,6,191,0,15,6,9,50,1,2,260,85,6,10,25,4,2,369,251,1137,5,33,4,0,13,391,5,111,348,178,130,455,3,440,16,0,0,8,2,22,124,238,102,1,3,2,124,291,456,4,11,53,21,94,982,652,5,1799,771,60,14,147,4,55,11,11,632,920,1491,2,70,4,22,25,1,0,3,7,1684,3,3,831,1,289,6,1,6,30,121,3,7,625,24,436,1319,155,0,351,36,5,3,31,27,69,336,1,270,263,30,30,0,38,172,2,9,728,2,111,1916,4,50,15,1525,2,7,86,129,530,777,1,22,1,16,12,0,12,2,12,43,3,189,361,34,83,271,8,51,1,205,17,609,748,1513,7,59,2,11,15,4,133,289,283,1294,1424,993,2,0,292,1814,1,6,26,5,7,4,11,1745,1,298,1,19,33,11,0,21,1,0,15,16,1,8,1,11,501,206,42,2,212,12,0,16,0,255,7,47,12,2,2,552,287,32,726,1344,2,5,9,6,19,2,14,1,388,4,17,2,32,1,4,52,58,16,7,0,8,354,1,16,8,102,9,47,0,46,35,954,2024,1,2,13,12,0,162,2,48,0,10,183,20,1115,3,1,2,111,7,170,722,771,164,143,20,2,3,434,29,3,1,2,6,0,157,11,11,33,16,9,13,1266,12,25,9,11,74,1,698,61,5,4,90,0,10,2562,18,2157,3,7,4,1,1324,33,894,0,26,37,7,19,5,3816,1,5,6,11,13,7,8,3,10,0,9,21,13,290,43,0,3,22,77,490,72,229,1053,1,5,11,1,21,67,131,101,3,358,52,15,10,473,3,463,3297,0,83,15,1,11,2,0,2,75,568,18,5,2,4,1,2
"ENSG00000136383.7",6807,11,331,1245,360,1193,169,257,150,284,209,84,3314,200,287,458,151,151,137,239,1283,178,342,1843,108,1552,545,200,645,700,549,199,1554,1697,1193,1997,2543,246,22,94,36,2098,1869,1586,230,540,1186,956,120,190,201,963,120,44,27,3276,276,712,590,764,219,1560,18,92,892,57,421,63,7640,99,1912,1116,95,196,248,94,773,284,77,1036,2802,306,7052,2301,279,1873,291,1053,3690,77,1867,317,329,690,223,50,100,427,3906,1218,540,138,1742,1225,426,4919,1904,74,3715,696,1512,252,1960,770,1677,821,5870,846,1878,5477,36,499,205,62,94,263,155,60,259,2914,491,220,2565,235,3681,158,187,89,106,47,150,445,1182,248,234,140,77,146,818,305,75,196,158,1121,590,163,66,4086,498,225,595,617,4857,388,335,1210,341,2588,46,153,546,122,747,778,989,101,2664,1535,1924,147,52,3195,254,4332,69,395,227,506,2747,42,99,926,3106,313,129,17,78,198,1501,291,901,2854,646,7405,168,221,260,5906,105,1830,500,2789,2654,218,1883,390,83,318,392,358,135,83,449,861,246,136,210,124,368,2670,2888,477,364,104,64,182,42,139,256,882,2657,1172,262,145,462,578,106,585,805,86,55,55,83,148,114,3479,201,358,1509,121,502,603,4497,771,312,1043,2292,145,761,160,1637,120,39,105,592,985,25,126,508,682,59,137,235,67,198,245,72,99,89,633,442,155,28,83,624,135,2113,460,1020,362,1168,586,1047,553,262,117,51,280,220,578,53,762,484,303,907,250,255,91,5084,1459,267,202,106,2116,271,2977,514,481,395,100,495,151,905,2241,226,189,194,3826,65,1983,165,65,329,1548,125,129,103,90,765,173,65,5035,424,879,1469,245,2126,4224,1642,1681,2507,516,266,2450,616,319,746,2926,213,528,59,911,365,39,1182,256,1061,392,569,56,116,1143,462,336,295,1262,47,2926,681,51,4085,1273,65,2080,165,110,193,34,831,160,89,269,1678,780,266,153,46,298,29,1388,1498,855,481,255,2467,103,63,162,54,694,104,64,3122,171
"ENSG00000136689.19",601,4744,36,5969,1124,5382,1315,127,3386,910,559,536,1328,2257,374,7574,2897,965,2131,2967,5308,9854,635,2508,1710,4345,2876,7428,4329,864,89,143,1125,3318,876,261,3642,1580,204,487,875,122,7314,1347,2104,1144,1750,3214,19459,743,890,2875,5138,1251,139,2818,5686,6462,3388,2818,1917,2636,5340,1835,10084,10268,1048,607,2988,2237,801,4019,5875,13832,1454,1521,731,1832,816,3825,1742,2140,394,4112,1163,1186,2163,104,1188,1209,1138,681,3300,460,190,2667,1535,3961,495,508,2803,1262,875,1136,1429,7595,1031,8768,1245,9280,813,3796,1808,4579,608,2645,2184,2042,336,325,270,5942,431,126,1081,20193,5235,2451,10314,200,2419,7666,1861,4842,1652,17158,1538,13161,3599,1114,1728,3453,978,3778,1668,87,2601,2024,2529,120,5001,2761,1886,2216,1992,2082,3244,1443,414,2069,3273,903,1522,1366,65,2095,7084,687,1314,1425,2070,1680,4701,1832,3284,2554,4081,1061,2967,401,4135,1839,2209,2724,634,3020,1397,2565,6044,2774,8028,847,4130,1350,1732,1352,2078,1415,2077,1753,973,3470,3158,5773,2022,3474,1015,2002,2653,2573,974,993,893,4498,4146,210,4456,1320,2543,7691,14448,2713,7479,2607,1730,3206,1027,1751,2239,465,3389,3055,1683,522,671,675,2060,2261,1160,7145,9499,2075,697,4519,2103,155,269,1788,936,919,392,2362,3722,1188,877,1104,3162,3402,428,4170,1884,1577,809,7778,42440,1382,2039,2365,11464,3605,4939,2285,494,23049,3505,7045,687,1839,1173,1105,1888,5463,355,10354,2383,1069,3397,3246,4404,2139,4825,3710,1884,3906,331,220,831,3822,514,29,2160,444,388,2492,1361,359,8157,6015,885,1852,957,2139,1783,3707,547,290,3192,2343,5642,6607,3753,610,3489,546,3679,921,3694,1482,121,19404,783,2780,4204,555,2835,23163,680,2311,53,3584,10627,2469,4497,406,2416,1076,635,2681,1213,5290,11173,1300,2818,4136,1300,7606,2482,295,4835,476,2469,3880,3015,3754,97,1605,1403,946,22781,2619,1009,1609,849,998,5436,1022,5951,5210,266,7759,953,1751,1287,5818,1785,1918,2189,1227,1205,1040,1355,2360,734,3501,2271,4854,1265,1748,3058,4513,1228,660,1322,1158,389,81,719,5135,1073,1185,5020,2907,1232,2414,2035,696,1711,255,471,9406,7176,403,52,17271
"ENSG00000136918.8",4,0,3,0,0,1,1,0,0,2,0,4,2,9,4,1,1,1,0,0,0,0,1,0,3,0,1,3,1,3,0,0,0,0,0,0,0,0,1,0,5,1,1,0,2,0,0,0,0,1,1,4,0,0,0,1,0,1,1,0,1,3,1,0,0,1,1,0,1,0,3,2,0,0,0,0,2,1,6,2,1,7,5,0,1,0,0,0,1,0,2,0,0,8,0,0,0,5,0,1,0,0,5,0,1,0,1,1,2,0,0,1,0,5,0,0,6,1,8,3,0,1,0,0,3,0,0,0,3,0,0,0,4,3,0,1,1,0,2,0,0,1,0,0,1,5,0,1,2,6,0,1,0,0,1,0,0,2,0,3,0,3,21,0,5,4,1,1,2,5,0,0,0,1,0,2,2,1,6,0,1,1,0,4,0,0,0,0,0,0,0,1,1,1,4,1,0,1,1,2,0,1,3,5,0,2,0,1,3,1,0,0,1,0,2,1,0,1,2,1,0,27,0,0,0,0,0,15,0,0,0,1,0,2,1,13,0,2,2,1,2,1,0,0,0,0,1,4,1,1,2,0,0,1,0,4,0,0,0,2,2,0,3,1,0,0,2,0,7,0,0,0,3,0,0,2,1,0,0,2,2,1,1,0,0,4,0,0,0,1,1,0,1,1,12,29,5,0,0,2,0,0,9,0,2,0,1,2,0,4,1,1,2,0,0,1,1,3,1,0,0,12,0,0,0,5,0,1,0,0,3,1,0,1,0,1,0,10,0,0,1,0,1,0,2,0,0,0,2,0,0,3,0,2,0,0,0,8,1,0,3,0,0,1,5,1,0,1,0,6,0,1,4,1,0,0,1,0,0,1,0,0,1,2,0,2,0,0,0,1,2,0,0,1,0,0,2,2,0,0,0,3,1,0,1,1,1,0,1,1,0,1,0,1,0,0,0,1,0,1,0,0,14,0
"ENSG00000136928.7",11,0,8,4,72,159,1,3803,2,40,0,0,23,1,1,338,16,12,890,9,59,1,14,23,8,211,371,3,104,18,12559,20,0,8,8,0,11,40,1,1,0,8,4777,31,16,434,0,0,2,6983,1,7,124,9,3,25,22,696,5,486,6,11,2,3,0,178,12,15,2,47,31,2,2,1,1092,0,22,263,121,25,3,10,24,4,12,341,2,5,22,5,16,0,1,5,34,6,29,38,8,35,0,1,3,6,5,29,1,24,221,159,0,6,1,1,481,58,31,1452,697,8,0,51,311,18,4,1,14,6,2,1,146,4,119,4,10,0,0,1,396,2,6,24,5,8,24,5,11,82,17,2,1,1,1,789,0,7,1,49,123,629,18,9,6,1075,2,9,1,25,17,8,862,5,2,1,0,24,5,0,9,0,0,2612,7,0,10,1,4,2197,23,40,606,3,3,116,7,66,3,12,1,344,2,11,5,8,1,1,573,5,0,12,258,55,2,206,8,8,14,2,2,10,1,46,234,239,6,5,17,38,0,3,26,2,0,2,0,0,4,10,3,3,122,1,8,1671,8,247,0,1,3,339,69,5,5,0,6,167,8,94,0,46,9,5,6,6,6,19,26,0,6,1,1,8,4,1,0,360,5,2,0,1,0,4,3,0,15,2,0,16,4,49,1,1,49,5,60,3,17,1,3874,315,704,165,1506,0,164,0,7,0,1,1528,0,43,10,158,6,1,1,7,1,2,480,17,7,892,2,36,3,2,25,1,5,38,0,2359,17,0,5,51,1,10,3,13,5,5,5,0,310,65,32,1,0,90,6,1202,5,3,7,1,50,3,11,3,4,5,6,165,0,7,0,0,17,2,200,1,5,1752,2,0,29,1,8,5,3,1,1,1,42,1,45,234,13,8,69,35,402,165,854,6,3,0,6,639,66,0,1,8,2,8,3,4,1,1,13,2,6,2,5,7,249,9,6,987,1,1
"ENSG00000136931.10",0,0,0,3,0,23,0,2,2,1,2,1,3,3,3,0,3,3,1,3,2,353,5,0,0,12,8,90,68,2,1,5,0,1,2,1,1,1,2,2,2,0,3,0,1,0,2,0,1,3,1,0,0,6,2,0,1,2,0,1,26,2,1,0,1,3,0,0,0,0,2,7,12,0,3,0,1,6,485,0,2,11,4,1,1,3,2,2,2,0,6,0,0,2,5,0,0,2,3,1,1,0,0,0,2,2,0,2,329,2,1,0,1,0,9,0,4,2,0,10,0,1,0,1,6,0,0,4,9,0,0,2,29,2,3,0,1,0,5,0,0,5,2,1,0,2,2,10,20,0,1,0,0,0,23,3,2,1,5,0,3,6,5,1,8,9,1,2,4,4,2,1,0,2,1,0,2,9,0,2,0,1,0,0,0,0,0,0,1,0,0,0,5,0,1,0,4,2,0,1,0,3,2,41,1,1,0,0,1,1,1,1,6,1,2,0,0,0,0,1,0,0,1,29,1,3,4,3,0,0,3,4,9,0,2,0,0,1,2,5,0,2,42,1,7,6,1,2,1,17,0,0,0,2,1,3,2,0,5,6,4,0,0,11,0,0,2,0,1,0,0,0,0,1,3,2,0,0,1,17,2,13,3,0,0,1,0,2,1,20,0,3,1,6,1,2,3,2,2,0,0,4,58,0,4,0,2,3,0,1,1,0,0,8,0,0,0,3,1,36,1,3,0,1,4,0,0,1,1,0,4,2,1,4,1,0,1,1,1,2,3,8,3,1,3,1,0,53,7,0,1,5,1,5,0,0,1,1,19,0,2,122,2,4,6,0,2,25,42,1,10,0,1,0,10,1,4,0,1,0,0,0,4,3,0,0,2,0,1,2,3,12,0,1,8,0,72,16,5,0,0,1,2,1,0,2,0,5,0,0,0,1,18,0,0,3,11,40,1,0,0,2,6,0
"ENSG00000136943.11",393,0,284,6,394,38,3,2,4,295,12,2,53,141,204,9,12,165,2,13,47,2,11,28,17,5,79,4,31,7,96,48,118,5,23,116,20,33,1,5,21,226,213,2,17,0,16,6,8,6,5,35,13,452,10636,114,8,148,4,393,59,160,3,15,3,189,1,11,5,372,325,9,0,2,2,0,491,66,1874,253,327,23,99,60,32,34,22,534,44,8,85,82,114,0,15,5,7,3,121,172,13,4,1073,9,44,84,333,8,4136,300,80,7,21,81,44,29,497,52,733,1957,0,0,22,1,71,4,2,6,289,220,5,5,312,7,191,11,24,8,1294,3,2,823,80,12,18,574,5,239,99,519,12,7,6,33,5,163,49,81,178,5,8,77,87,51,788,171,117,645,571,1480,113,2,3,494,31,2,68,167,172,6,5,695,1,35,2,1,9,8,55,6,1,92,6,259,10,845,17,1,7,710,2,295,283,952,11,13,11,319,107,3,23,161,135,669,55,349,44,2,84,7,8,10,52,24,5,5,4,731,18,23,173,11,123,80,4,13,4,5,6,78,29,16,21,7,294,219,50,23,2,5,4,29,3,10,8,39,7,35,2846,54,19,8,366,314,1,107,145,13,10,10,36,0,30,4,96,73,294,3,11,1091,2,106,24,3,5,131,2,11,28,57,40,45,36,1,45,553,128,3,1,152,122,110,2978,32,329,11,4,2,72,727,18,257,3,61,72,81,387,72,13,2,114,159,8,337,13,256,13,116,77,4,1049,135,6,387,1114,10,1,326,39,26,4,4,6,574,1150,1,67,41,600,14,24,347,13,120,6,27,121,87,113,5,65,7,7,119,2140,22,52,215,11,36,332,67,31,15,26,6,219,12,6,8,8,20,2,9,40,3,56,102,14,554,36,2,6,399,59,79,209,3213,31,5,7,185,22,7,155,62,9,152,8,35,17,6,3,24,11,153,51,95,1174,27,5,3,35928,9
"ENSG00000136982.6",79,14,45,57,193,236,262,69,82,209,26,435,406,1218,871,62,73,217,161,183,264,11,187,120,72,134,236,181,34,278,191,213,207,125,85,702,261,65,206,165,39,178,151,103,57,85,160,199,26,105,138,270,88,608,66,72,43,152,170,244,92,190,107,126,42,172,56,91,469,195,282,154,59,12,93,27,205,114,468,206,369,63,396,276,307,44,98,103,110,69,285,218,91,481,53,11,59,286,213,187,86,57,361,145,113,164,162,23,1102,99,248,59,132,127,83,112,289,147,517,947,77,53,50,278,288,18,24,85,194,381,51,24,534,98,263,35,93,38,245,29,22,332,273,63,260,525,197,134,284,79,27,46,126,205,29,127,98,442,258,83,172,184,210,99,149,136,1273,358,196,638,134,160,307,126,229,65,257,245,164,75,28,90,126,243,117,137,338,99,54,150,143,1035,148,332,53,164,46,115,42,326,68,212,359,209,51,150,14,163,84,211,42,202,771,111,106,142,53,65,176,251,23,134,109,109,44,27,204,204,40,179,171,129,235,129,66,352,10,130,202,165,60,205,82,50,215,506,302,154,58,179,30,138,24,170,25,154,73,107,192,190,209,114,901,251,35,209,124,31,265,27,307,19,408,43,193,180,384,22,106,205,146,362,125,22,70,189,31,96,120,148,84,119,169,151,193,568,506,117,189,158,318,34,2447,30,179,56,103,70,431,324,181,312,158,241,203,110,590,231,53,134,230,233,25,334,117,224,47,117,115,16,503,86,84,602,336,47,195,652,34,24,30,104,118,230,249,90,61,69,167,34,66,506,80,434,177,67,345,191,320,72,263,135,48,141,510,50,83,668,41,206,323,234,84,210,151,86,221,18,84,85,82,103,112,77,97,98,185,95,437,222,348,207,25,314,64,173,140,517,131,9,53,67,64,110,431,101,232,373,112,134,172,172,43,25,100,182,54,940,89,58,45,94,305,29
"ENSG00000137135.18",153,3,103,49,199,82,150,46,97,416,34,345,434,1165,944,27,91,120,270,106,71,15,32,57,157,68,98,358,98,168,898,104,122,120,46,658,132,64,337,280,25,215,393,83,27,76,40,156,5,38,124,350,57,354,118,236,29,350,455,160,124,379,125,125,34,305,64,131,468,478,385,88,36,5,88,12,300,185,650,230,262,210,506,95,257,90,69,128,76,24,157,126,84,169,65,11,79,241,206,214,147,35,336,94,103,173,268,25,1355,281,97,47,59,242,119,46,929,117,370,620,188,311,30,245,134,16,29,197,188,116,43,11,710,58,167,13,131,13,281,30,4,570,270,25,189,1020,453,398,327,337,10,12,191,92,37,211,91,158,143,187,255,81,198,175,265,232,382,429,264,1192,75,70,144,869,40,99,112,186,224,105,12,131,182,358,234,49,134,72,92,282,46,327,382,244,46,711,25,217,39,281,65,387,238,701,4,146,41,416,220,336,39,153,415,135,171,473,105,53,115,396,11,99,121,80,15,9,228,840,70,114,568,142,100,221,117,341,15,89,127,141,70,92,69,33,332,250,144,93,81,136,46,116,42,307,12,197,39,76,251,1319,173,166,676,237,11,175,228,12,511,20,172,12,261,7,63,356,282,11,83,298,444,508,99,8,105,229,5,70,196,129,52,59,132,81,86,1191,1128,101,89,63,243,43,1237,22,290,56,33,122,114,439,127,606,127,145,93,332,688,297,20,96,328,156,22,893,147,255,15,190,82,9,368,159,38,158,437,31,144,448,33,65,4,139,73,256,412,284,38,81,307,5,47,210,94,351,140,13,291,248,556,136,167,33,136,793,301,97,167,223,63,111,173,203,44,129,702,43,224,31,33,297,39,235,187,34,55,83,373,114,202,108,327,166,9,427,207,131,219,779,167,5,81,184,64,57,181,46,365,504,90,17,85,108,35,26,117,138,79,165,208,45,10,25,987,24
"ENSG00000137142.5",4033,19,48,7,383,70,2,0,2,9,1300,0,1572,73,31,62,267,6,0,43,248,34,185,2,3,303,120,6,13,3,41,4,35,6,548,1,3,8,0,3,0,160,24,3,44,1,43,1564,30,26,1,9,175,396,0,173,689,55,1,22,1,444,0,27,3,37,0,8,15,37,2876,124,0,14,1,13,1969,59,1783,1,46,735,970,122,132,146,0,47,427,4,12,15,19,1349,31,1,146,7,79,24,15,4,1740,0,719,97,474,49,650,3,91,22,150,3,4,1,13317,3,769,42,1,1,70,1,139,11,30,1,95,22,0,12,12,96,1293,24,0,3,76,0,102,3538,28,53,143,21,649,508,39,2,33,23,7,1,1,0,0,6,767,61,241,766,17,124,727,8,436,406,189,70,1,1,0,10,277,636,27,650,13,1,7,557,0,1571,735,39,3,2,537,2,8,393,2604,1,243,120,58,1,0,30,0,93,50,22,28,2,117,17,55,2,264,206,5,10,120,1,0,2,6,2399,20,85,134,171,41,20,113,7,38,16,766,4,3,20,30,0,17,1,6,394,140,2,6,41,1122,843,6,271,1,1,7,3,16,938,32,336,23,51,7,9,34,0,5468,12,18,275,496,9,3,34,0,23,332,10,8,95,362,37,0,9,0,56,0,6,0,32,14,257,144,205,51,7,140,0,305,46,31,4,0,7,91,20,112,32,1627,147,29,1,10,1294,0,141,0,1104,31,217,4,50,449,4,1512,333,40,1347,0,547,80,1,23,27,145,168,18,291,19,45,5,8,0,462,15,2,1,46,165,0,1,102,157,6,31,740,1,412,24,20,80,66,606,5,1,1,8,1269,3,0,0,44,4,1,59,9,161,267,14,2,52,78,1,0,2,288,6,208,189,0,929,272,2,14,13,1,49,113,100,8,104,1301,71,31,9,0,337,52,1,6,74,20,20,78,17,0,28,69,21,18,297,24,926,58,8,1,1000,26
"ENSG00000137225.13",6,0,55,41,29,35,8,29,27,43,16,20,7,29,9,15,85,15,5,41,59,3,83,65,39,24,17,32,17,19,14,8,18,63,34,28,64,29,16,18,10,43,35,33,12,34,34,16,5,36,37,19,13,13,18,18,17,10,46,19,53,10,10,16,12,29,76,17,22,32,57,80,30,7,36,6,7,35,2,48,60,31,8,42,54,26,27,5,93,23,94,2,10,9,20,2,3,101,2,24,26,20,14,20,43,50,59,4,18,46,50,20,33,47,12,28,52,38,21,23,9,10,32,21,31,1,16,19,33,38,26,4,27,29,35,9,16,1,29,10,7,45,11,7,18,18,8,6,15,14,6,4,22,47,53,4,14,36,27,47,52,19,11,34,3,51,33,53,28,21,15,20,34,15,21,17,109,5,14,11,5,35,13,25,17,31,91,78,10,11,28,40,22,25,12,12,4,24,18,65,10,23,53,45,2,28,41,40,64,16,42,63,4,28,73,7,18,1,64,45,1,140,7,28,35,3,38,12,24,30,28,43,81,37,16,22,2,21,21,32,54,57,22,39,19,28,16,29,30,17,20,23,1,16,6,94,4,81,15,21,52,36,12,5,9,40,39,1,31,4,25,3,7,12,37,17,13,9,33,17,25,40,30,13,18,20,2,74,13,44,17,42,47,18,21,15,13,22,125,34,62,50,10,9,8,33,12,43,61,9,22,40,18,69,20,16,34,19,80,29,15,28,6,44,84,40,12,8,11,4,11,25,41,31,15,6,40,20,5,10,3,18,35,13,3,34,53,28,27,2,4,54,34,11,24,10,13,28,20,2,21,44,34,24,37,22,9,28,27,26,75,47,6,7,8,29,40,7,65,20,16,65,20,41,3,10,30,36,22,16,22,22,2,35,22,27,24,19,56,2,34,19,85,18,23,27,8,24,32,126,33,30,47,34,25,35,19,17,16,14,2,12,18,3
"ENSG00000137251.16",15,1,0,1208,2,0,1603,0,0,21,2,0,1,293,441,1,0,358,1,0,1,0,3,13,0,1,260,540,40,1387,0,1364,1067,2,1585,2,236,7,2,35,0,5,0,1,50,248,3,273,2,0,125,12,5,1,0,1371,0,0,0,2,0,230,0,1,0,5,5,0,28,15,2,401,7,0,0,0,6,0,34,2744,114,4,2,363,9,2,2,1,3,140,2,286,1,1330,0,0,1,0,0,168,2225,0,1569,0,19,4,3,0,15,0,1072,0,3,19,0,9,0,1,503,676,0,2363,0,906,7,0,16,4,3,13,36,0,1328,185,601,0,0,0,2,0,0,0,551,5,1,435,317,0,619,9,2,0,0,9,20,14,2,12,4,489,3,21,13,0,1,1,430,6,48,437,3,1509,626,16,591,0,240,3,639,2,0,1,0,9,0,84,5,2,4,5,2,1,2,3193,10,1,0,628,0,534,1,0,0,65,0,6743,0,6,84,0,8,0,1514,132,13,78,0,0,381,4015,0,79,2,0,0,1,0,4237,547,695,2487,2,10,1,0,506,0,25,292,1,1,25,0,0,5,0,476,0,1,0,1,1,3,3,2,0,1,0,0,14,550,726,58,1,0,7,776,1,1,1,2809,0,2906,0,351,0,481,0,0,1,88,49,50,0,1,882,1,7,0,11,3,154,0,750,5,529,129,1,1,2,1,1,0,0,15,16,0,9,4215,0,0,1,1165,1,67,0,435,2,0,994,3,14,0,0,460,0,0,0,0,1,0,2,2143,9,1,0,0,1727,0,0,0,2,129,1,0,51,1,0,8,0,1,319,71,1,0,0,1,5,33,9,33,0,240,10,1,1,528,945,0,1297,0,0,9,0,1,0,434,0,1,8,0,4,1,7,4,1483,1,8,866,2,57,0,0,1713,0,0,3,29,0,1,771,0,1,0,959,0,247,877,14,0,813,3,0,0,473,0,1,1,1,0,0,0,0,1
"ENSG00000137269.15",976,16,92,461,1312,679,461,7,179,2072,488,299,1542,2690,427,139,186,812,10,754,171,29,92,520,23,63,399,628,239,1023,296,1911,701,33,519,821,36,159,713,537,116,905,988,12,146,287,132,32,132,295,18,627,312,66,14,424,188,1140,147,377,68,232,2,25,8,2046,16,52,746,566,1303,206,47,20,72,19,717,369,675,255,438,258,736,160,762,61,235,150,85,162,405,179,1063,594,24,24,154,22,880,701,73,58,1661,18,196,160,1039,62,1148,568,1090,115,153,476,645,33,1302,112,588,916,29,370,244,463,335,19,101,99,1735,1404,174,31,900,376,634,34,39,15,899,8,39,1266,1205,170,769,890,593,884,1188,1840,29,51,457,316,78,127,362,582,433,430,146,278,662,1104,562,299,473,574,476,1471,228,91,15,524,593,160,627,854,3062,144,13,376,578,321,9,208,176,38,177,36,239,136,500,205,80,275,51,301,7,565,21,584,1261,776,32,590,207,715,326,6,222,801,1131,243,70,1492,84,92,462,1729,9,136,1769,135,133,27,24,809,125,729,794,280,373,44,11,250,50,12,250,128,198,383,35,33,1055,425,340,46,139,4,90,259,12,344,59,75,53,95,17,361,798,287,1871,797,78,674,1002,48,283,63,1103,62,1846,39,450,1820,885,18,78,179,5,540,69,54,12,525,48,169,718,226,343,152,762,7,95,826,1570,40,416,2087,754,146,605,61,1181,192,141,113,511,497,361,1830,385,79,361,1232,2145,1001,166,700,582,660,34,859,180,281,246,19,42,24,22,222,303,386,215,48,281,1260,148,55,17,7,179,685,677,161,45,146,333,42,73,1135,56,1177,16,26,976,898,2039,686,701,65,101,832,693,46,122,1171,23,242,280,257,261,282,522,8,669,205,27,5,10,85,17,24,471,489,1020,688,395,115,2162,59,84,2475,900,278,191,1104,225,19,204,261,128,8,467,64,587,379,6,191,239,54,341,177,246,9,392,617,489,117,12,4,525,49
"ENSG00000137270.11",256,0,0,1,2,0,1,5,0,1,11,67,6,22,2,0,1,2,18,0,0,1,3,0,2,2,1,1,0,4,0,12,2,0,0,8,10,1,6,10,1,4,1,3,1,1,0,0,0,0,0,3,0,9,37,0,0,1,0,1,7,2,1,3,0,46,0,1,6,0,8,0,1,1,0,0,11,2,11,4,46,3,2,1,4,0,1,15,2,0,0,5,0,0,74,0,12,0,4,1,0,0,14,6,5,1,1,0,20,0,0,1,2,0,1,2,1,0,20,12,1,2,0,0,4,1,2,0,5,4,0,1,19,1,1,1,10,0,3,0,0,2,2,1,5,4,7,0,4,2,0,1,0,16,0,1,1,4,5,1,4,0,1,3,2,2,3,2,0,5,2,0,1,0,3,1,2,30,8,11,0,2,9,0,18,1,1,1,2,2,2,4,1,0,1,2,1,0,0,2,0,6,1,4,0,7,0,2,0,2,0,0,7,1,2,14,4,0,2,4,0,2,1,0,0,0,88,3,0,12,0,0,3,7,11,0,0,7,0,1,2,2,14,0,17,6,0,13,4,2,0,2,0,0,0,1,0,2,3,1,11,1,10,4,0,0,0,0,0,2,1,1,1,0,0,0,2,0,22,9,1,258,4,1,0,2,0,2,0,8,5,1,0,0,123,0,18,16,3,8,0,2,18,0,1,2,0,2,1,11,18,3,0,2,8,37,121,2,0,0,1,573,0,1,0,1,0,150,0,1,8,2,2,0,29,0,2,0,31,0,0,9,1,2,1,0,0,3,0,0,0,2,1,4,1,2,0,5,0,0,4,0,7,7,16,1,0,0,0,1,2,7,0,110,2,1,2,1,3,0,0,0,2,0,1,4,4,2,0,0,4,7,0,1,3,0,14,10,41,0,0,3,1,0,1,1,7,0,0,0,1,1,1,0,2,1,1,11,1,1,0,1,38,1
"ENSG00000137273.6",139,1,18,25,58,4,1,10,8,158,21,0,3,72,4,7,11,8,0,31,12,0,96,27,3,0,3,13,3,53,18,117,34,16,9,26,10,2,2,4,0,131,6,9,2,1,10,28,2,7,4,34,0,6,7,8,27,5,32,5,4,6,1,4,2,11,6,0,16,11,31,64,18,4,10,1,52,18,14,3,8,5,14,31,5,10,13,0,90,1,30,6,2,0,5,2,8,23,15,19,4,1,73,5,25,12,2,1,356,5,49,16,11,19,8,3,38,4,3,16,3,4,0,11,26,4,12,3,19,36,12,0,7,14,33,1,13,7,18,7,0,89,141,7,17,16,18,29,12,86,4,0,10,3,4,0,2,60,11,31,29,2,15,23,40,20,7,19,2,61,0,8,2,2,35,4,9,9,276,0,0,39,15,33,1,4,37,26,8,0,1,13,6,30,3,0,4,0,3,12,5,3,77,6,3,2,4,27,9,0,6,24,23,7,28,111,6,3,15,6,0,11,1,14,14,0,4,5,4,5,0,6,67,8,0,14,5,7,1,24,34,35,6,5,24,90,0,7,29,4,3,2,4,12,3,0,1,96,1243,30,26,4,37,14,4,59,20,15,2,3,43,1,3,1,24,0,22,8,2,17,3,4,6,1,2,20,1,36,1,30,17,4,8,0,7,133,26,11,22,470,7,15,541,7,0,15,0,17,7,3,5,32,4,24,21,240,6,106,39,18,61,58,1,6,41,8,5,11,64,6,3,2,35,1,4,6,2,35,2,5,0,16,24,20,2,16,9,20,4,0,18,129,7,11,4,9,22,54,12,0,7,15,23,23,858,19,1,5,8,4,0,8,5,6,5,0,3,2,8,7,5,5,3,19,10,1,19,10,0,1,30,1,0,15,1,17,3,7,13,14,1,0,29,0,11,8,12,3,4,60,35,3,1,5,52,6,4,3620,4,13,0,2,17,6
"ENSG00000137310.12",368,15,122,201,2640,579,217,260,87,1085,145,2093,1656,2524,920,190,205,1216,1339,413,416,87,247,563,381,601,358,1492,257,598,1263,477,771,281,219,772,432,233,1976,1558,116,616,1066,133,206,702,64,576,29,346,669,1615,535,1362,544,1621,89,912,2304,3501,166,1441,576,1210,78,1454,415,239,2645,4430,1403,302,319,24,327,66,1077,346,1064,1169,1077,733,697,345,1931,276,156,629,268,42,866,1020,313,378,172,52,138,1703,715,3508,353,120,1991,697,366,547,1967,48,1651,629,487,244,274,807,394,342,3822,397,1316,2605,282,643,112,488,615,30,50,802,1367,1629,268,67,1162,165,1706,101,307,107,6128,91,101,4806,335,249,434,7161,968,915,394,677,62,60,1476,1062,215,897,200,913,869,1006,1323,306,1396,803,536,2189,1136,4237,2473,3518,148,393,864,4048,182,429,427,1011,502,430,59,656,531,1739,817,314,900,486,264,1850,431,4079,3662,1846,383,2143,229,313,112,3470,562,5759,1090,2563,40,1725,96,5409,874,2466,187,947,1084,501,664,1278,62,116,406,1045,39,871,368,127,144,44,1497,1985,148,459,3159,654,458,1150,73,1122,126,463,763,488,224,347,215,202,1825,596,399,304,336,607,88,480,87,1319,112,1182,346,405,588,2768,2078,612,4910,2383,86,486,1941,74,1575,86,1235,66,1140,53,296,623,738,125,332,1886,1782,774,502,31,614,699,22,277,455,583,283,406,430,149,420,1383,4857,603,248,818,4813,118,688,128,393,112,62,307,515,1748,444,2143,1532,515,581,843,2669,1206,201,246,1341,1218,63,1643,671,1764,126,1018,212,52,1658,488,176,804,4010,75,1483,2815,232,105,46,422,215,1457,5462,790,79,343,449,38,99,1336,302,1284,437,117,1189,1301,918,168,1585,120,188,674,2690,279,137,1028,149,875,2952,719,114,836,2524,169,2535,27,275,1841,257,1197,438,105,330,271,780,723,599,2497,569,465,126,1999,312,580,832,950,541,47,399,555,342,174,1710,375,707,755,598,221,465,807,156,67,687,509,374,4293,2241,202,33,132,1766,57
"ENSG00000137558.9",28,0,448,300,67,9,0,0,10,22,3,12,3,760,62,2,0,127,384,139,34,33,53,22,2,75,0,166,4,62,13,158,6,13,24,9,263,2,0,5,8,177,20,16,10,8,0,75,26,52,26,159,0,44,0,11,2248,1,9,0,257,5,177,12,7,2,1,41,6,16,20,99,38,0,3,6,20,10,239,33,160,97,5,1,147,13,53,15,427,0,31,28,70,15,48,0,2137,71,303,65,9,5,30,1,29,36,3,5,160,38,43,28,135,112,10,14,366,8,228,359,13,23,1,3,6,2,21,12,31,207,13,5,17,114,33,5,0,2,82,0,1,454,190,9,219,22,14,49,0,58,20,5,37,57,10,0,8,881,99,82,1,4,16,309,24,80,29,2,30,48,0,199,105,82,19,106,3,116,48,42,3,149,308,5,114,3,91,0,9,67,33,68,0,16,16,15,1,6,1,1,1,96,226,55,1,39,0,3,3,12,0,3,21,165,562,29,0,21,165,2,1,8,0,5,1,7,361,4,1,1,0,9,118,275,167,253,2,63,2,10,4,59,978,17,229,308,1,44,4,612,6,3,0,2,2,2,1,84,641,12,92,17,24,154,15,84,14,1,20,4,24,0,18,6,58,0,38,0,190,27,171,88,29,0,58,28,0,7,30,29,19,2,4,10,23,77,420,126,0,12,20,0,104,0,1,10,0,4,179,306,56,81,3,167,3,15,50,32,99,29,48,27,7,4,67,12,4,4783,86,1,360,7,9,1,1,13,79,2,0,265,5,1304,111,19,42,11,4,0,4,0,6,41,35,14,1,2,0,25,0,1,143,1,165,715,21,1,1,146,344,4,0,416,9,278,132,0,16,5,1,85,12,26,91,11,1,0,1,36,4,1,85,1339,1,6,4,66,52,83,40,3,1,15,11,18,82,508,95,136,1,344,164,0,1,11,13,5,16,8310,203,12,0,0,300,6
"ENSG00000137672.13",23,0,29,32,63,38,3,82,35,45,32,121,21,77,23,11,33,27,2,31,25,9,51,26,17,32,16,26,17,67,43,68,29,77,17,86,28,9,58,162,0,100,74,81,9,5,14,53,15,53,36,68,17,8,66,27,118,44,81,15,25,42,13,18,9,87,69,66,25,32,65,64,23,6,32,6,42,27,12,44,45,13,18,32,51,42,15,7,251,6,51,55,8,0,43,2,42,146,16,53,50,4,36,43,37,88,107,12,58,13,80,64,134,31,21,69,125,10,21,81,4,38,25,10,26,0,37,22,47,43,31,14,24,23,57,4,132,8,44,25,2,53,161,4,78,86,51,8,66,24,3,5,18,49,14,17,11,133,50,33,160,14,37,27,13,53,67,23,48,47,1,28,33,92,13,22,36,53,12,5,9,93,41,35,51,23,109,86,14,2,11,74,12,30,17,9,5,25,28,72,50,8,57,20,6,17,61,32,11,34,28,72,29,20,145,71,41,38,43,117,2,37,13,16,23,3,74,76,22,140,35,43,57,22,46,59,2,40,33,90,52,50,25,18,88,45,4,15,163,28,18,9,11,32,5,49,16,65,19,90,89,67,60,19,11,70,15,16,44,5,25,4,13,3,98,19,33,4,45,42,86,20,24,7,20,119,2,105,41,94,22,36,12,31,21,12,111,157,171,60,46,39,36,4,36,28,35,29,39,18,20,15,27,58,79,103,100,100,70,19,50,93,5,81,67,44,10,45,11,8,67,20,36,25,42,10,30,181,25,20,10,53,78,12,20,27,110,17,12,1,8,213,51,17,48,13,14,60,41,8,52,55,49,25,355,35,2,198,45,19,10,53,2,19,7,12,32,8,77,64,29,48,7,17,6,3,49,24,49,32,53,17,1,189,17,33,28,15,93,6,36,11,34,21,36,17,26,37,47,240,53,16,78,30,77,27,32,37,22,19,11,19,131,3
"ENSG00000137745.12",0,0,0,0,0,0,0,0,1,1,0,0,0,8,69,0,0,3,0,0,0,0,2,0,0,0,0,4,0,1,0,2,5,1,0,0,33,0,0,0,0,1,0,1,0,0,0,2,1,0,0,105,0,1,1,0,0,0,0,0,0,3,0,0,0,6,0,0,0,0,20,0,0,1,0,0,0,0,0,0,1,3,2,0,1,0,0,0,2,0,4,21,0,9,0,0,0,0,0,0,0,1,5,0,1,0,0,0,16,0,0,2,0,0,0,0,0,1,15,1,0,0,0,0,7,0,0,2,0,22,0,0,11,0,0,0,0,0,0,0,0,0,52,0,0,130,2,0,0,2,0,0,0,2,0,0,0,0,0,20,0,0,6,0,0,1,1,5,0,3,0,1,0,544,0,0,1,5,16,0,0,0,0,1,0,0,0,0,0,0,2,748,0,9,9,0,1,0,0,3,1,1,0,44,0,1,2,0,0,0,4,9,0,1,0,0,0,0,1,1,1,0,0,0,0,0,0,1,0,2,103,0,0,0,0,2,1,0,0,0,0,0,0,0,2,0,0,0,68,0,0,0,0,0,0,0,0,3,0,2,3,2,3,0,0,0,2,0,0,0,0,0,0,0,1,0,2,0,0,378,0,0,0,0,0,2,0,0,0,0,0,0,0,0,0,0,23,0,8,0,0,0,1,0,1,0,0,1,0,0,0,0,0,0,0,4,0,0,0,0,0,5,0,0,1,7,0,0,0,0,1,1,3,0,0,2,0,1,1,0,0,1,0,0,0,2,0,2,8,0,0,19,0,0,0,1,0,1,0,2,0,2,0,0,7,2,0,0,0,0,0,0,0,1,37,1,0,0,1,0,0,1,4,0,0,0,0,0,0,0,0,0,0,0,0,0,3,1,0,0,4,0,2,0,49,0,1,0,0,0,79,0,0,0,10,0,1,2019,0,0,0,0,0,1
"ENSG00000137807.16",178,2,67,95,458,207,72,68,27,953,48,499,1010,3850,642,31,75,385,383,82,113,26,149,118,120,197,147,731,29,467,549,424,358,93,34,274,170,67,251,237,13,407,574,23,49,119,30,340,15,40,115,1183,96,331,98,205,21,318,559,537,33,656,66,278,22,381,94,36,1677,642,991,122,39,2,49,7,1277,91,994,398,380,335,891,72,483,216,60,77,145,2,176,206,91,176,42,6,15,792,229,839,85,26,1021,51,228,512,507,14,1787,266,182,61,83,349,195,62,1269,161,957,767,69,216,21,179,174,5,23,96,558,975,72,18,1367,40,382,15,121,7,671,35,12,1490,574,34,153,1058,323,302,422,1096,29,12,463,305,60,341,46,520,254,402,175,52,469,221,362,384,618,588,328,2186,67,135,270,1987,61,150,97,237,525,241,12,217,186,566,74,89,430,32,55,839,29,5788,559,1135,130,521,29,130,33,819,78,1342,562,1422,7,185,54,1592,111,506,93,285,465,126,475,592,25,20,145,375,2,172,137,46,40,15,185,2064,44,153,506,192,173,244,13,556,20,85,298,126,49,138,18,48,674,651,182,59,99,130,30,132,30,447,32,299,47,74,40,1285,654,238,2003,615,24,175,267,20,1510,17,299,17,655,16,72,396,215,3,45,238,763,236,102,7,82,324,12,86,80,138,124,69,77,29,100,978,3407,138,104,217,471,27,1637,30,184,26,11,114,178,569,97,829,217,242,175,439,854,581,25,147,620,724,28,1079,212,544,42,82,74,15,513,144,85,315,843,41,167,1984,48,51,11,113,97,406,946,231,9,53,234,19,114,1178,60,511,51,39,459,1026,474,149,242,38,131,500,1022,54,81,758,26,102,279,200,42,159,689,38,463,18,97,567,22,361,154,18,78,116,378,138,228,317,509,151,23,447,134,243,296,441,128,21,116,229,86,12,1102,86,329,743,103,67,182,129,53,31,192,148,116,2537,300,70,7,14,1110,36
"ENSG00000137825.11",172,60,97,165,396,254,547,2,31,1022,485,1197,234,57,789,91,253,275,1180,69,168,33,111,277,86,111,13,469,219,317,58,35,576,110,643,2457,229,232,1384,584,271,272,961,24,168,298,38,179,15,36,137,1005,125,59,308,275,47,718,920,197,41,1885,312,570,30,210,106,35,562,540,105,158,42,31,172,64,98,362,1451,400,1025,1040,1683,300,705,580,229,44,56,67,336,631,760,3258,38,21,49,106,1072,346,135,129,1500,162,88,509,387,87,2014,167,251,40,125,314,338,188,1270,32,912,77,5,433,23,341,147,32,37,688,70,278,310,20,1512,269,917,69,396,143,2149,347,36,588,204,114,71,2596,895,357,69,659,22,46,478,542,50,359,64,183,277,614,33,378,1297,472,228,1081,592,932,87,2103,259,201,559,231,142,105,252,804,215,72,44,117,218,468,17,334,29,53,213,379,501,401,2012,437,317,1082,55,1365,30,940,59,345,57,720,17,566,11,667,402,182,521,603,111,15,458,335,43,528,103,521,44,597,53,230,48,33,103,564,530,258,2167,576,167,45,21,73,36,105,27,350,505,231,10,491,3922,547,62,45,106,49,48,230,69,1264,48,361,144,1522,9,1305,154,112,1276,2179,35,659,221,34,678,34,379,19,471,24,44,1416,903,26,234,1249,268,331,454,53,41,114,16,275,98,858,99,327,214,69,218,1161,1254,27,197,515,566,498,513,42,254,279,74,417,1326,543,397,897,12,1087,596,1231,499,335,536,101,1156,128,59,1653,511,977,74,90,6,23,82,199,62,11,248,42,694,99,972,320,39,58,202,705,889,74,0,1726,163,42,25,619,96,782,368,42,516,133,189,508,244,276,189,401,220,44,1041,286,48,50,172,100,560,67,732,36,175,23,9,220,11,597,37,136,150,259,882,1139,3,133,696,317,60,351,456,27,168,1972,395,40,297,700,414,9,437,141,732,11,172,109,64,505,77,47,748,47,200,1285,2578,96,97,17,178,76
"ENSG00000137857.17",391,21,43,109,150,88,22,30,90,128,41,141,140,280,589,25,26,147,525,60,79,28,124,45,169,46,50,56,10,53,60,38,36,62,183,2082,213,79,114,113,16,438,52,43,44,22,85,68,46,9,153,53,21,42,562,47,101,88,47,12,66,120,100,90,15,318,34,163,164,32,1935,61,11,12,21,40,3768,78,82,59,128,194,23,39,204,97,18,22,96,20,2268,84,103,29,92,12,82,19,90,712,62,37,1608,257,308,55,749,14,1070,51,1547,54,37,93,73,34,1276,39,236,90,11,119,17,119,40,20,21,17,143,334,54,34,715,25,526,52,76,24,225,5,30,249,245,53,97,278,85,1335,84,121,23,30,45,523,21,57,53,77,88,194,27,369,248,122,109,121,52,522,29,375,37,35,280,152,71,41,62,102,2288,97,11,97,38,467,42,34,62,135,235,33,46,96,273,125,37,211,26,46,2,25,21,302,295,42,19,93,37,151,58,50,81,287,44,39,196,72,64,61,69,216,29,20,46,27,47,22,354,1688,118,31,97,48,31,82,35,46,24,51,20,24,932,42,83,95,1208,123,18,68,93,228,10,18,33,70,15,211,23,195,57,102,86,46,683,169,18,289,113,23,61,31,34,13,56,23,40,155,33,24,41,134,24,122,23,33,68,35,13,70,31,141,98,57,21,177,265,466,189,166,1178,109,123,34,126,19,106,18,23,73,80,245,116,220,55,71,76,701,99,116,51,30,149,3543,15,1096,462,2635,53,244,49,24,152,19,26,192,77,30,51,383,63,21,30,100,50,193,241,8,26,66,23,12,17,5346,41,85,136,26,116,1139,172,106,22,30,72,382,152,47,116,111,23,34,10,91,24,35,835,30,49,39,51,26,13,101,86,15,46,30,293,218,22,91,307,42,11,506,295,46,216,39,330,31,24,26,221,55,578,15,50,25,2,52,74,40,50,50,177,229,122,115,108,46,29,598,105,22
"ENSG00000137868.19",143,0,34,105,270,4,1,0,1,19,82,3,200,179,708,4,5,2,0,6,35,4,8,30,5,0,0,78,1,126,8,779,94,14,4,42,184,7,0,23,0,398,1,1,6,0,15,121,2,2,0,198,5,30,0,2,2,1,3,2,1,30,2,12,2,2,9,1,2,28,4,280,24,0,4,1,10,20,135,13,9,3,38,11,2,1,18,0,94,1,230,6,0,11,1,0,3,8,49,260,19,0,78,1,37,5,1,8,157,1,81,8,324,69,12,2,15,2,0,23,0,0,1,36,90,0,14,1,3,138,19,0,11,33,28,0,14,0,10,0,6,42,182,1,39,15,157,60,12,14,4,5,0,15,11,2,4,250,3,73,17,0,9,59,61,48,65,125,0,71,1,5,5,2,12,6,12,1,124,5,0,6,10,41,3,15,15,3,0,0,0,3152,8,29,13,0,1,5,0,10,0,0,175,5,0,1,2,4,25,1,3,124,13,4,40,195,0,3,108,2,0,1,0,1,3,4,2,4,2,4,251,1,585,75,0,64,0,0,0,25,9,117,1,1,113,34,0,4,8,1,11,1,0,7,10,1,5,41,9,20,5,2,28,5,0,233,35,1,6,3,412,2,4,0,47,0,75,0,0,250,0,4,5,3,0,54,3,40,11,79,29,7,16,2,18,113,35,2,5,137,19,6,50,1,0,107,1,9,50,1,2,11,2,14,1,22,8,342,35,8,23,284,2,5,118,1,15,2,16,0,0,22,37,3,2,8,1,8,15,36,1,2,94,240,2,3,9,6,6,0,4,57,5,5,0,0,0,144,8,2,1,10,17,16,60,0,2,10,1,12,2,14,0,306,4,4,1,0,3,0,0,5,0,3,1,0,93,5,3,1,30,0,2,10,4,27,16,106,29,1,1,7,19,0,74,17,12,1,3,183,280,5,29,10,90,3,2,64,3,8,0,0,1001,2
"ENSG00000137869.15",6,0,0,3,225,15,16,0,0,1,0,0,18,154,203,3,3,5,1,1,11,1,8,1,1,60,1,21,46,0,119,5,6,1,21,2,1,1,0,1,1,185,17,0,3,1,5,6,0,5,0,445,1,10,0,3,9,78,1,1,0,24,0,0,1,108,2,1,8,6,122,6,6,0,0,0,14,1,636,7,26,122,207,8,1,1,3,1,1294,2,8,3,39,0,0,1,0,9,195,7,0,0,3,0,3,7,0,1,374,314,24,0,3143,2,41,2,136,0,1,41,1,1,0,1,3,0,4,19,5,36,1,0,603,2,26,0,2,0,437,0,3,143,21,1,14,17,8,33,636,1,1,0,6,5,5,0,0,9,1,28,2,0,7,7,15,7,16,79,1,4,0,14,75,32,1,0,7,107,27,0,0,3,0,4,0,1,1,1,1,0,0,10,7,3,69,7,2,15,6192,17,0,1,33,29,0,1,2,0,7,0,2,7,3,0,303,4,1,6,12,111,0,8,0,0,0,1,1,3,3,7,19,0,21,2,0,1,1,0,1,3,190,1,3,3,49,2,0,0,8,1,2,0,2,1,2,5,0,12,2,10,28,7,41,59,0,2,9,2,1,1,6,0,47,0,8,272,23,0,0,5,8,10,2,0,0,7478,0,3,32,2,3,3,32,0,1,3,12,0,0,111,5,0,69,2,7,3,1,30,1,35,0,59,0,5,5,3,101,20,10012,2,3,3,1,4,20,1,3,0,1,1,0,138,6,0,13,3,2,27,1,392,1,0,9,4,4045,0,0,17,185,2,0,11,2,4465,0,3,13,3,104,4,3,0,0,463,4,4,15,44,0,1,1,0,0,3,0,1,1808,1,1,0,0,2,0,0,0,20,1,38,0,0,383,0,2,3,7,5,15,150,2,0,1,0,4,0,185,1,12,620,1,5926,6,0,0,0,5,0,154,377,12,3,0,0,2,1
"ENSG00000137948.18",0,0,0,1,1,0,42,0,0,0,1,0,0,890,0,0,1,0,1,0,0,0,0,0,1,0,0,1,0,1,1,0,0,0,0,0,50,0,0,0,0,1,0,1,0,0,0,1,2,1,0,375,0,0,0,0,0,0,1,0,0,8,0,0,0,0,2,0,0,0,4286,2,2,0,0,0,1,0,0,118,370,6,0,0,0,0,0,0,2,0,0,0,0,0,0,0,0,1,1,84,0,0,0,0,0,0,0,1,478,1,2,0,0,1,3,0,1,0,0,20,0,0,0,1,1,0,0,1,1,0,1,2,1483,1,0,0,0,0,0,0,0,2,0,1,4,0,0,1,0,2,0,0,0,1,0,0,0,2,1,0,3,0,0,0,0,1,3,2,0,3,0,0,0,4,1,1,1,438,0,2,1,0,0,0,0,0,0,0,0,1,2,0,0,2,3,1,0,2,0,0,0,0,3,0,0,2,0,1,0,0,0,0,2,0,0,0,1,0,0,0,0,1,0,0,0,0,1,3,0,0,2,1,0,1,0,0,0,0,0,0,1,0,0,0,4,1,0,0,0,1,0,0,0,0,0,0,2,0,0,33,32,0,2,148,0,3,1,0,2,1,0,0,437,0,0,0,0,1,0,2,0,0,0,1,0,0,0,0,0,1,2,0,0,1,0,0,3,1,8,0,0,1,19,0,0,0,1,0,0,491,1,0,0,0,0,0,328,4,2,0,0,0,0,27,1,0,0,0,0,1,19,0,1,1,1,1,0,2,1,1,0,0,0,0,12,0,0,0,246,0,0,1,0,85,0,1,1,0,0,2,15,0,1,1,2,0,0,0,2,2,0,0,1,0,68,0,0,2,0,2,0,1,1,0,0,1,0,0,0,1,0,0,0,0,0,0,12,5,1,0,1,0,0,1,0,140,11,0,0,0,1,0,0,0,1,0,1,1,0,0,1,0,1,0
"ENSG00000137968.16",16,1,8,96,1,0,47,1,32,15,1,445,13,875,668,80,3,373,0,0,4,18,0,176,1630,4,1,724,104,1413,12,220,413,703,181,471,232,0,6,94,140,17,1,2,150,137,5,162,53,0,1,211,1,153,127,59,62,50,871,0,195,2149,129,198,188,1,435,5,2,4,1160,50,5,22,3,119,691,3,157,393,198,495,85,96,455,5,13,367,135,67,0,1264,319,0,0,21,8,955,9,192,1,139,7,183,2,15,185,22,1262,114,5,20,188,251,11,22,13,5,111,410,766,1051,4,476,10,8,17,499,2,908,179,22,358,23,9,8,2,50,67,10,16,8,838,18,6,643,12,1,28,245,115,31,0,1204,53,4,66,7,149,770,5,1,12,12,1,392,205,56,1,33,861,1062,1,4005,4,2,105,154,262,877,5,111,12,816,654,16,1471,11,12,671,0,7,211,1376,459,167,54,5,40,875,15,1000,1,2500,73,580,3,774,94,242,7,2,1111,61,765,102,2,0,358,1277,3,594,0,3,110,3,3,3270,1,3,3,473,7,4,514,45,15,3,1,84,32,34,8,2,58,95,519,0,290,275,114,3,32,12,5,0,2,12,96,2092,1672,309,46,489,17,204,144,29,1347,91,284,121,842,3,142,2,189,8,206,68,1655,65,253,1,1,11,6,3,5,4,146,0,0,69,1,80,2284,16,0,12,4,9,143,9,5,0,0,49,1086,13,520,3,250,54,93,7,832,6,21,312,13,80,41,6,14,2,41,208,206,59,2021,1,119,4,778,206,4,797,1,3,36,22,14,17,485,473,119,2,75,31,42,7824,6,416,2,59,35,765,16,0,635,5,114,14,8,32,4,378,78,2,3,348,30,21,1053,3,445,4,26,1857,228,220,637,0,5,212,0,258,274,1,30,0,5,2,1,1,86,363,223,20,213,306,5,1,939,43,748,632,132,19,144,219,15,83,10,0,212,16,10,136,8,5,4,2
"ENSG00000138028.16",39,64,227,650,318,258,2317,41,1025,143,1134,3159,2122,1454,3795,103,282,691,193,492,970,232,2322,395,580,495,5629,185,346,102,1412,36,1451,355,3061,692,3722,747,4388,2989,281,251,3305,242,434,74,5669,545,220,21,1495,1615,125,1206,16246,492,570,497,197,30,517,229,855,71,82,1738,24,198,1857,48,2591,603,550,47,3761,202,877,20,2977,67,2850,371,1686,3710,581,107,99,4741,1576,230,1933,1044,478,4502,3709,76,3458,154,3563,70,712,476,550,260,575,224,641,61,799,1767,691,155,974,1376,468,1424,189,930,5542,11492,213,55,196,1830,359,158,349,65,325,637,414,306,209,761,1010,199,4564,233,264,450,92,787,523,80,307,1142,256,446,785,33,90,80,2279,1064,1072,1770,1165,138,409,244,2043,1626,5584,293,212,103,1283,2369,204,95,1424,139,1201,28,766,1094,707,1803,1202,528,62,167,5238,1271,1053,2251,88,371,1119,119,370,187,83,1316,134,655,61,1376,0,715,238,347,533,473,62,521,211,222,214,53,227,595,4049,800,231,89,32,545,1332,6837,182,28,1131,1332,186,88,1270,375,1348,3121,273,99,1044,322,154,412,64,960,160,327,219,487,1319,252,298,3231,640,3419,197,46,57,2741,286,1511,109,815,123,461,4135,208,974,224,336,2556,139,298,311,155,75,198,4084,126,1103,67,477,665,4796,111,2091,290,369,2726,49,577,2301,566,32,251,1082,1706,374,265,320,1678,4398,2618,174,3772,2109,29,962,156,590,957,1016,257,1957,265,1616,2869,649,796,8563,1185,579,73,814,726,1199,913,1725,438,64,811,2193,2057,254,448,2718,195,5267,163,874,970,890,87,5164,1045,56,437,274,1236,327,309,282,355,121,558,1029,78,258,3275,112,2154,2485,615,921,34,1892,692,105,809,930,1143,590,214,380,1989,247,540,20,2842,152,2940,1114,366,323,157,2281,218,115,354,227,285,359,2073,210,1551,538,17,1057,360,43,916,91,683,1113,3342,1012,395,60,195,234,718,1477,79,1009,946,7,541,331,370,194,518,240,42,522,106,199,380,133,1832,3553,156
"ENSG00000138083.5",170,0,0,1,20,0,0,0,0,4,0,0,1,0,14,0,0,0,0,0,0,0,0,0,1,0,0,0,0,0,0,1,0,0,1,0,0,0,4,3,0,3,13,0,0,0,0,0,0,1,0,0,0,9,0,0,0,1,0,0,0,10,1,0,0,0,0,0,1,7,4,0,0,0,1,1,332,6,2,0,1,0,4,0,0,0,0,0,3,0,0,1,0,1,0,0,2,0,0,37,0,4,117,0,0,0,1,0,47,0,0,0,0,0,0,0,0,1,4,1,0,0,0,1,0,1,0,1,0,97,0,0,0,0,0,0,0,0,1,0,0,2,0,0,0,5,1,0,2,95,1,4,0,0,0,0,0,1,0,0,0,0,0,1,1,0,0,396,0,21,0,1,0,0,0,0,0,0,0,0,0,0,0,0,0,0,0,0,1,0,0,3,1,0,1,0,3,0,0,10,0,0,0,0,0,0,0,0,0,0,0,2,1,6,189,0,0,0,1,0,0,0,0,0,0,0,0,1,0,0,12,0,0,0,0,0,4,0,0,1,0,0,0,0,77,46,0,0,1,0,0,0,0,0,0,1,1,0,0,3,0,1,57,0,2,0,96,0,0,0,0,0,1,0,0,0,0,0,0,11,0,2,1,0,0,1,0,0,0,0,2,0,0,0,1,8,16,0,0,0,1,0,8,0,7,0,0,0,5,1,1,38,0,6,1,2,0,40,0,0,18,0,0,1,0,0,0,0,0,0,0,1,0,0,1,0,0,5,0,1,0,0,0,6,0,0,0,0,0,0,0,45,0,0,0,0,0,34,11,0,4,0,0,111,2,0,45,0,0,0,1,0,0,0,0,0,0,0,0,1,0,1,1,0,0,0,4,2,0,1,0,0,0,0,2,0,0,2,0,1,0,0,0,0,0,0,1,0,0,2,0,0,1,0,0,0,1,49,1,0,0,0,3,0
"ENSG00000138100.14",2,2,0,34,1,0,18,0,3,2,11,108,116,335,5658,11,4,23,61,0,8,0,1,18,2,1,30,2,6,52,0,25,181,0,60,2,60,12,16,9,0,17,1,14,1,13,12,8,9,0,0,15,2,51,260,55,7,2,2,0,87,7,2,5,1,142,0,17,34,3,101,44,2,0,0,1,29,2,46,20,161,4,10,68,4,1,2,710,30,3,11,802,1,27,9,1,6,9,6,5,12,2,23,0,18,6,1,5,158,0,28,0,1,263,3,0,2,10,9,2539,148,1,1,76,14,4,2,0,3,109,7,1,120,10,500,4,4,2,39,0,3,3,426,3,0,2959,3,1,591,1,1,5,0,4,5,2,1,3,36,9,15,166,31,0,7,20,3,182,0,18,6,8,2388,7,156,18,22,96,76,7,1,3,19,12,3,23,1,2,58,6,0,0,30,16,69,22,3,7,0,82,1,7,11,14,2,22,1,4,3,10,5,4,33,11,22,0,269,0,11,62,0,1,2,1,5,2,14,283,223,125,43,2,48,175,3,576,8,223,9,15,5,31,8,7,11,199,10,98,16,56,4,1,1,0,1,1,0,8,797,7,22,2,13,23,1,146,387,1,6,6,268,5,60,1,17,19,60,1,2,2,9,170,1,11,2,18,0,15,11,33,14,3,2,23,508,141,21,13,32,1,5,2,101,7,19,1,0,16,7,25,6,1,18,929,84,4,62,16,0,16,3,2,0,5,20,4,6,156,407,0,999,0,6,0,276,2,14,80,8,16,1,109,56,4,9,3,2,2,36,2,2,248,3,5,3,2,4,41,501,2,70,2,289,7,4,4,277,43,5,106,1,43,7,294,52,0,23,7,2,0,2,4,4,9,9,16,3,1,53,3,216,4,0,1,1,26,21,6,71,4,1,1,1,32,2724,2,92,63,1,0,6,1,2,5,8,0,5,9,12,1,2,3,108,16
"ENSG00000138115.14",45,50117,75,16964,9959,10625,21,20192,17077,1738,466,2087,3545,201,4869,73910,5776,4454,13825,19031,13431,140030,23574,9009,49541,28007,142,26464,2412,12797,2451,11054,6255,12172,11852,3360,2696,5423,1532,2529,11191,2103,817,61796,73215,10250,20786,4572,55585,40999,51777,4797,114589,75,18119,15111,44668,757,37090,40587,17229,6874,17251,3313,12649,1005,24434,53474,9954,2135,4069,10183,24159,63306,41415,77320,4937,29543,2118,682,19800,6068,8530,4859,15173,21349,3108,12981,370,2114,28582,9825,40,629,7423,36676,35616,4758,89,3625,5636,71467,974,16948,6275,179,32373,101515,268,123,22273,54388,5416,1978,621,48899,3527,2828,2221,386,2312,11150,37781,278,6996,46862,18024,10040,689,2166,17856,38234,2006,10648,9191,56763,15483,61784,70,20258,29360,6316,4772,87008,18431,9656,202,1655,75,5856,69378,51496,19647,6311,32149,2858,2067,30941,4204,21623,16260,295,7188,9190,271,3715,58,1623,27640,8018,32383,9128,3667,26,4084,6578,7701,78,4445,4711,37595,37902,6173,2511,35727,13840,28896,15920,2281,17012,11476,8,8633,6415,13555,12975,88192,3529,2116,28349,13637,12451,178,908,77885,1885,18823,12205,6939,40286,81168,14302,552,15166,5692,75,39683,14502,3942,17533,40609,28978,280,21125,49787,56917,49217,46675,1259,2203,23941,8879,7130,8497,22322,1127,58271,9687,25357,4825,5105,1005,18671,10179,245,3172,3318,2928,20686,55759,32506,5622,59551,14409,87695,41455,91769,845,539,26246,23982,58314,1593,47,44986,4460,6855,59679,36566,59084,1066,52177,525,45146,2801,54,1108,42921,62546,4573,18090,119,7167,28428,20289,1630,70220,49258,551,6979,20997,13714,3891,635,60994,1102,12012,64344,28013,25,19139,441,13,30125,6345,9063,58,30270,12417,2326,21898,1951,26482,13214,2709,533,162,30,5465,14288,2055,3826,70613,1649,28604,35622,24986,25377,45,22371,19257,5692,29959,33244,70,109134,65010,3537,1984,42,71101,7900,2780,1778,2307,6032,4057,2118,932,56180,42974,47826,60557,2626,10131,66409,1018,492,114,1390,6956,16393,21195,434,3314,58341,93,1461,5691,2952,17880,4400,7908,1552,8501,20596,70910,33023,29275,17035,8310,15472,32236,25256,129886,2249,1859,16668,115,14610,1549,13227,49156,3679,5865,1368,19206,16,14267,105356,15416,12859,21714,2827,1438,17,1878,75,18241,1380,8092,24834,17899,25803,2022,24946,3625,34,12083,67171,108056,6515,2597,62367
"ENSG00000138160.7",174,29,87,105,650,344,192,93,70,695,72,740,1289,2629,740,74,83,523,190,236,180,41,125,164,202,322,225,907,90,264,659,634,521,195,63,684,174,76,352,450,63,324,763,106,120,117,58,376,42,65,167,844,234,686,202,139,77,970,431,887,65,436,146,337,36,507,133,172,1000,932,924,139,116,11,111,42,1397,169,1187,636,516,465,880,150,286,226,115,143,197,48,382,296,180,259,57,41,133,585,466,1160,144,106,724,130,194,489,435,59,3337,377,267,137,188,360,294,173,2124,273,657,1216,107,199,82,392,192,27,31,258,652,1232,141,95,879,63,539,74,179,66,1034,82,36,1211,599,105,193,1270,415,608,609,772,67,78,510,181,110,524,128,693,373,354,295,126,575,308,409,370,669,1267,1111,4195,84,184,488,2043,122,260,181,323,402,445,29,287,279,555,125,122,612,70,140,716,114,2532,757,674,175,560,93,187,54,1147,140,1029,654,1319,36,390,93,769,337,401,153,354,729,183,435,510,50,101,189,584,24,256,358,64,72,35,428,1418,61,175,768,219,407,424,95,554,79,176,278,160,107,171,57,119,706,616,262,108,182,282,49,381,72,619,67,403,133,122,142,2142,1187,338,4335,1121,77,233,478,68,1323,41,380,59,818,48,130,530,364,24,124,360,1593,449,63,17,191,669,39,112,261,194,169,161,140,88,211,597,2115,177,187,235,873,46,1863,80,515,69,54,155,202,829,256,892,280,289,310,629,1334,998,84,123,928,611,77,1910,423,459,81,200,129,37,1061,282,125,315,1165,80,423,1388,140,128,74,296,94,600,1544,270,44,113,554,29,159,1331,134,869,121,125,1048,1455,1085,143,398,83,165,680,1275,90,176,1183,88,225,436,299,102,237,1017,78,542,43,232,1044,78,521,209,68,157,178,678,123,226,457,429,231,56,556,230,336,435,1233,210,39,177,252,128,51,1236,99,521,611,230,146,283,274,108,83,125,99,147,5234,368,163,65,42,1347,56
"ENSG00000138180.16",136,2,88,69,256,118,134,35,12,379,22,211,655,2549,910,27,57,190,65,106,76,8,81,70,48,78,107,188,19,206,318,391,266,41,25,309,131,33,116,108,23,221,364,15,32,41,26,307,8,29,68,420,71,210,45,24,13,398,103,219,17,64,35,111,17,94,73,25,513,312,417,131,32,5,37,8,607,66,530,315,153,189,467,78,121,86,82,85,116,8,170,135,53,136,16,3,12,178,180,532,88,23,214,36,114,153,231,18,2157,136,98,72,84,245,98,36,623,105,327,690,35,108,23,108,160,6,15,116,243,825,47,15,934,39,262,18,38,17,542,19,6,470,320,41,59,632,210,458,310,734,27,12,168,90,50,213,57,306,106,144,250,56,417,145,398,388,532,798,278,2455,14,112,161,467,34,95,105,123,358,118,10,108,107,321,45,79,317,27,65,144,14,2655,321,254,108,211,20,76,21,254,41,311,385,416,4,221,10,324,88,105,52,150,441,65,227,343,17,8,89,203,3,98,205,18,23,10,104,450,44,81,341,81,411,121,18,295,12,59,197,75,29,133,13,21,427,346,139,40,52,52,17,112,24,378,21,142,32,80,48,763,322,95,3077,474,33,116,274,18,429,10,239,11,385,5,47,151,169,2,17,312,339,274,38,6,25,243,12,58,105,139,86,72,43,31,58,252,1617,50,68,89,297,29,1045,24,185,32,21,87,42,208,41,332,80,121,107,537,656,469,30,67,313,347,12,750,202,202,21,28,34,17,268,150,56,88,366,21,117,555,19,52,11,94,49,779,570,95,9,31,395,10,111,723,42,363,16,23,335,984,526,77,118,37,56,603,1652,29,90,414,13,63,112,137,112,90,322,16,133,5,37,294,13,188,52,33,37,62,261,60,84,140,282,42,9,184,78,124,101,452,80,9,60,100,44,5,1354,57,335,614,67,69,147,75,24,16,72,59,72,4631,132,49,7,6,1339,15
"ENSG00000138315.13",36,151,12,497,546,435,7,995,365,478,1350,1186,360,43,18,2731,684,206,534,1315,1080,4985,188,389,511,1428,129,405,216,65,1650,137,621,2083,589,292,177,662,731,1466,34,58,1768,706,3182,14,256,279,2947,393,655,30,4180,362,648,184,756,1732,181,389,569,370,425,1467,2045,1401,595,747,923,344,235,388,211,2019,172,4010,373,89,371,337,696,597,62,148,513,750,47,358,315,19,651,540,767,11,163,2234,1199,930,1040,259,919,3406,43,292,244,840,1773,2491,549,993,701,3857,673,167,984,484,728,540,486,952,258,73,681,798,292,4133,2069,103,993,359,1224,5427,141,250,362,4449,550,3544,725,282,1482,302,201,4888,734,339,198,252,453,13,3061,3142,887,332,1693,415,168,1708,685,339,240,101,616,822,88,483,589,121,1123,1890,199,464,610,62,69,376,520,192,1630,604,4148,1151,466,318,446,545,1074,419,456,186,227,209,375,201,137,350,3184,180,392,582,402,325,596,465,5731,142,457,501,280,239,1465,504,223,709,1129,14,269,125,191,1396,927,412,28,246,2247,3865,2179,373,7,926,748,369,381,419,162,402,3059,328,559,442,1254,366,455,1118,312,604,275,21,861,550,619,190,716,533,3941,815,4998,494,342,513,1246,734,243,1458,6792,274,314,6175,608,3016,273,2457,348,8728,576,787,49,3195,386,75,638,91,101,2039,612,707,4999,203,30,311,3459,392,102,344,311,271,412,302,478,20,1673,65,152,13934,34,373,201,530,506,1079,443,538,444,496,757,15,279,474,421,213,973,109,3160,823,689,618,2063,734,51,4435,505,599,899,1860,1006,5356,561,502,1005,77,4076,551,215,257,253,378,144,55,72,5693,4604,936,1243,1543,343,5610,1233,55,1142,154,874,407,546,839,298,512,22,1278,283,79,220,637,48,139,112,479,255,2301,888,930,203,472,487,194,2314,238,213,415,308,472,553,715,1794,700,125,661,701,660,2467,2561,735,240,708,139,416,28,228,293,124,596,1231,460,667,683,613,224,78,11,295,5544,4010,2237,167,4972
"ENSG00000138587.6",44,6,7,23,84,134,7,2391,16,181,9,218,108,475,145,54,26,125,145,31,123,12,14,170,1156,152,20,1481,9,228,24,105,263,47,99,55,99,20,101,94,8,56,89,22,33,5,11,51,23,45,120,212,159,111,42,231,17,99,380,428,7,158,21,805,327,26,290,15,87,216,119,52,18,13,13,24,71,48,101,242,113,74,78,25,1156,19,66,31,58,2,46,77,15,1,23,7,21,2304,48,58,19,55,21,49,58,19,499,35,130,32,67,67,54,169,11,348,27,45,202,134,33,1651,18,62,82,7,60,650,112,270,119,28,374,16,161,13,23,11,136,147,9,287,109,38,17,466,21,239,22,94,11,32,155,1162,62,116,36,49,174,1127,147,12,98,50,26,180,92,42,139,178,154,64,83,988,8,35,54,32,123,50,6,20,24,321,187,54,1648,1156,70,4054,25,183,110,1372,173,243,40,44,1,56,166,576,151,621,12,43,54,252,154,187,94,591,137,445,98,414,8,3,45,99,11,1299,3,14,22,12,73,339,12,28,156,1083,34,84,3,131,16,19,61,73,23,22,10,26,52,183,10,7,44,145,51,13,12,133,8,14,31,10,41,167,994,248,139,96,7,88,42,95,6866,16,81,14,100,14,178,32,31,1,20,55,131,38,164,12,1975,30,10,19,6,29,62,58,12,16,11,185,253,21,26,53,447,1,265,22,7,27,21,131,413,233,180,313,809,137,115,63,472,68,87,58,31,313,22,27,17,101,133,43,7,7,166,37,27,93,256,44,53,286,7,30,22,55,106,14,186,1327,104,1,43,61,23,143,986,44,82,30,39,236,26,65,253,12,28,30,38,140,1,58,45,114,189,100,5,16,3398,18,9144,53,42,1235,398,416,613,3,74,45,99,541,198,432,17,103,48,395,120,265,180,41,171,12,58,1104,18,212,19,52,87,98,160,81,44,46,191,23,310,31,2925,212,65,47,57,16,100,25
"ENSG00000138778.13",93,1,30,59,397,190,89,64,25,191,60,504,863,1993,414,31,81,408,353,74,112,11,143,98,64,149,104,345,45,275,538,379,373,105,26,543,263,74,145,348,13,605,766,25,34,34,33,235,12,19,155,1228,116,354,207,167,24,309,552,296,23,600,88,153,24,237,80,34,906,649,577,133,80,6,43,20,676,77,430,414,379,219,605,58,309,257,112,91,132,12,298,122,60,98,33,9,21,419,241,411,115,38,228,53,200,431,251,16,1797,329,173,58,140,422,202,76,1055,114,589,688,56,220,33,148,154,12,13,208,267,547,95,39,1514,32,387,34,55,15,239,55,4,300,492,47,122,1691,252,209,266,503,28,11,571,202,89,491,51,395,330,352,225,98,296,237,262,486,611,339,523,1712,69,166,257,2153,53,105,70,123,277,298,15,241,183,481,71,143,250,32,122,367,49,2151,336,656,125,288,26,147,42,516,75,1406,320,1562,10,155,65,1764,79,630,70,193,244,127,408,312,36,42,170,626,3,87,51,32,33,6,174,1775,23,181,779,237,224,223,16,428,25,78,315,93,50,120,13,84,467,560,146,60,107,136,29,138,37,553,17,333,46,54,61,1485,449,238,1707,507,31,197,226,12,358,12,140,15,338,30,61,210,188,1,52,227,1223,298,92,16,206,545,10,107,42,87,106,122,25,59,53,904,2322,129,199,65,490,16,884,28,72,24,28,106,138,511,87,287,157,289,185,432,824,503,47,140,400,322,23,1137,318,384,32,151,62,12,612,113,84,135,309,38,174,1637,90,110,11,178,110,436,477,361,9,47,460,3,69,1124,78,924,75,25,284,573,407,102,192,33,156,409,980,87,61,1169,22,129,158,187,54,102,671,49,314,8,129,674,35,671,153,20,69,78,314,124,143,226,554,169,13,238,102,138,311,493,130,7,127,149,65,18,1007,94,465,485,83,70,219,147,60,34,240,114,43,1942,230,93,10,23,436,19
"ENSG00000138795.10",275,0,31,419,734,166,156,9,65,428,2230,2825,3791,378,25,75,104,43,11,167,169,12,332,190,9,35,8,56,120,457,534,647,332,93,48,747,455,210,1533,2741,19,481,517,589,184,58,135,608,11,99,114,324,124,1476,1086,3,245,30,53,20,1703,35,85,40,14,48,96,21,39,106,460,593,257,5,15,37,155,139,642,310,772,30,86,72,33,20,165,398,375,135,273,553,50,120,163,3,1250,75,384,253,310,10,165,224,257,275,40,85,698,1164,565,261,874,206,141,187,396,7,17,2424,150,7,50,513,390,15,88,6,126,205,101,15,969,207,164,38,446,4,9,12,23,326,610,31,475,570,1293,76,304,165,18,34,39,30,117,552,147,326,393,189,73,53,87,274,100,90,352,66,18,133,0,38,1218,33,371,139,396,97,379,551,7,313,533,169,607,193,125,32,31,3,35,292,226,151,9,68,21,182,15,181,27,10,624,71,8,43,63,185,145,4,119,297,34,71,174,585,652,3,683,203,3,54,218,566,18,39,926,123,74,1009,492,38,684,938,801,575,6,735,57,134,206,376,300,15,274,1727,382,74,53,10,73,610,9,1299,33,97,41,259,2389,53,77,70,685,190,27,463,170,29,28,26,574,49,158,12,144,132,251,13,662,113,45,542,21,9,3,113,20,547,474,258,199,263,169,734,1033,901,302,366,12,931,250,48,72,67,826,131,176,256,66,946,880,173,6,186,225,510,698,2386,860,301,300,207,18,31,574,21,109,1555,900,14,1399,170,282,23,181,36,358,82,2447,688,16,663,325,106,142,52,5,12,131,11,21,491,116,929,401,23,33,839,1015,16,21,72,193,280,760,39,229,511,290,76,11,1342,42,1226,76,3,7,32,50,58,8,177,9,46,67,62,874,99,52,6,319,16,16,93,12,82,253,736,290,19,170,40,301,117,170,108,57,480,72,908,493,33,106,24,305,23,15,2904,27,122,20,11,1193,12
"ENSG00000138798.13",12,3,3,222,1,0,1,1,0,3,0,0,2,232,623,1,2,275,1,0,3,5,29,20,1,0,0,246,0,35,2,448,1619,0,25,786,524,1,0,1,0,8,0,16,5,21,34,5,4,0,3,178,0,5,1,1630,3,1,0,1,1,14,0,1,0,4,0,0,208,179,1,130,1,0,0,1,5,0,9,33,5,3,11,78,1,25,0,2,18,3,0,332,0,0,0,0,3,1,1,264,1,1,38,0,0,2,0,2,24,0,0,0,214,9,2,2,5,1,78,310,0,330,4,2,21,0,1,3,10,419,6,1,425,2,849,0,1,0,1,0,0,2,262,4,1,995,55,0,0,4,15,0,5,1,6,298,1,1,30,104,2,0,34,1,0,3,328,30,1,0,0,29,1989,616,7,1,0,1,5,6,1,43,2,0,1,6,6,2,4,2,2,14,1,31,6,0,2,2,1,679,1,15,0,17,1,287,13,199,1,0,53,0,2,4,2,1,12,0,227,1489,0,0,0,26,0,1,2,850,271,270,65,1,5,36,0,73,1,0,0,0,64,5,0,4,6,1,0,2,90,9,0,0,0,23,0,0,0,3,43,8,31,5,177,0,4,0,573,5,2,0,7,4,613,0,78,2,6,0,0,0,202,1,9,2,1,4,3,46,0,154,3,11,0,0,0,35,435,0,1,8,3,2,3,1,1,4,2,215,56,1,0,1,1,1029,178,1,0,0,208,112,1,5,1,0,103,0,1,21,5,0,0,1,33,3,103,8,5,605,3,24,0,298,89,4,22,140,0,7,2,0,3,433,4,0,0,3,0,65,0,2,3,3,962,71,5,6,304,6,0,70,0,2,9,25,7,0,2,5,0,165,0,181,2,4,0,191,0,221,0,420,5,1,0,0,0,3,135,2,3,0,103,0,15,0,232,13,200,13,0,9,332,0,0,5,3,0,0,548,1,6,1,0,4,6
"ENSG00000139155.9",5,0,27,32,34,8,0,12,2,10,15,31,12,13,7,0,4,7,56,19,6,0,30,5,6,9,4,12,2,12,37,19,8,17,9,100,13,2,10,17,0,16,21,21,0,3,21,4,1,15,11,16,2,0,8,4,12,4,19,1,7,2,2,2,1,24,24,9,11,14,15,33,12,0,7,1,7,6,1,15,28,5,73,6,7,23,12,4,104,1,8,20,1,0,2,1,9,53,3,11,14,1,3,4,9,21,23,0,8,3,35,2,85,18,21,8,42,5,5,13,12,4,2,7,12,0,1,1,19,13,6,0,5,14,16,0,7,1,2,10,0,55,8,0,16,21,1,2,12,8,1,0,11,7,9,5,0,57,7,14,36,1,22,11,3,17,4,7,10,7,3,2,17,10,2,15,8,10,3,2,0,50,14,29,13,15,33,6,12,1,1,14,52,15,2,7,0,1,19,28,2,9,29,4,1,3,12,20,1,4,11,16,4,6,37,10,34,8,45,33,1,13,6,5,3,2,20,9,3,18,13,4,14,6,14,10,1,11,7,3,22,16,4,4,6,4,1,3,25,31,3,1,0,6,0,16,0,26,2,30,15,16,8,2,3,28,8,0,24,1,18,0,5,0,9,3,3,1,13,2,42,6,4,0,8,9,1,35,7,18,1,11,5,7,9,1,3,16,46,12,19,10,8,3,1,7,11,7,0,2,25,12,2,10,18,15,7,16,51,8,39,10,2,30,35,0,3,11,2,0,20,6,18,7,13,1,5,23,7,74,0,22,22,7,4,17,16,6,1,0,0,31,21,12,8,0,7,4,16,2,16,16,9,9,42,6,0,23,10,0,0,11,2,0,0,2,8,0,29,18,3,20,1,3,1,1,13,2,3,2,12,13,0,32,4,3,5,8,10,0,5,11,15,1,5,39,13,9,3,180,19,4,23,15,11,6,5,1142,4,12,0,0,17,1
"ENSG00000139219.19",8,0,0,0,7,34,0,0,0,1,1401,1,13952,2,0,1,52,0,1,3,712,2,12,2,0,3123,1,0,24,8,0,1,407,2,442,1,0,13,0,0,0,9,2,2,2,52,2,2,1,0,0,3,14,7,2,14,76,1812,0,6868,2,27,1,4,0,69,0,0,0,39,7,5,3,0,0,1,1,86,14728,7,882,4,37,2,14,12894,0,11,2,0,25176,470,6,39,815,0,1,2,7,3,1,15,0,0,22,1076,6,1,3659,1,237,0,0,1,795,0,41,3,67,188,0,0,0,0,15,0,0,0,3798,0,8,1,6,9,11,2,2,1,6804,0,0,16,1,3,0,18,1,0,752,3,0,0,2,4,1,0,0,2,616,1,3,6,1,17,2,2,2,241,7437,0,6,0,0,4,4,6,0,22,2,0,1,298,2,1,23,49,2,3,24,40,1,16,1,5,10,7,0,9,0,572,5,4,19,1,2,323,0,8,11,1,79,42592,0,14,674,0,1,1,1,0,0,4,769,0,0,0,2,0,27,1,10303,1,3,97,0,2,2,1,2,2,54,1,17,12350,195,85,5,0,235,28,0,1,0,514,0,26,1,10,2,8,380,1,0,24674,1,746,16,2,1,2,11,2,1051,3,123,40938,12142,0,13,1132,1,5,0,0,1,10315,4,0,10,1,3,2,0,1,8902,8,40,5,1808,4,0,8934,9171,2,3175,0,0,1,5,23277,6,3401,0,5,134,0,6,4,1,7,2,0,0,73,1,215,1,2,11,0,125,29,1,0,43,3,6,101,3355,1,3,0,63,9,12,0,0,2,1332,1,0,2,1,60195,0,2,1930,1,16348,15,0,1,15,2503,1,3,1,142,4,0,6,1,0,5,4,3,20,0,5,2,1,46,21,5,2,0,236,7,4,24,3624,1,3,1,19,310,26,53048,2,0,0,0,20,1398,0,0,0,1,0,2,0,0,0,5,0,2,0,1112,5,3,1,0,29,2
"ENSG00000139289.13",1558,4665,2655,2497,1558,1167,186,406,1567,2541,10366,5202,9363,5742,422,6577,414,608,3582,4889,2894,11340,1956,1310,272,988,673,7380,576,4929,2924,1775,1402,1144,1134,11469,2518,553,14336,9497,2329,1491,7405,8966,14238,445,826,2118,19534,6395,1766,12805,4808,1092,2422,368,15513,3195,941,227,6901,1151,906,1498,862,5240,503,3632,2059,460,3930,1772,1952,11057,1272,2163,1121,3142,9187,669,1149,272,2288,771,591,983,834,571,2029,727,1857,3265,533,710,3928,1436,18290,977,4949,754,1719,12058,2271,518,1651,2334,620,6563,1806,2065,1617,14367,6015,3343,636,1349,2896,4619,2044,2393,1313,625,700,3486,950,14275,12251,175,3159,2509,1177,16797,546,2216,475,6141,4016,5977,432,587,985,2897,3466,14477,3871,1122,5195,469,1245,1933,6418,5766,1483,842,6155,451,2019,5419,1775,1441,1624,452,738,2834,515,1262,1075,1017,179,847,939,452,2528,499,903,1504,1005,2124,3611,4230,8515,2073,2954,1131,1953,1092,2878,1276,1138,176,1689,9014,387,1281,561,310,766,2275,587,1478,129,553,2874,185,7339,625,2131,756,862,330,1727,892,701,1023,5572,1989,5295,960,2392,10470,20403,531,6262,1941,6276,13841,5823,1335,646,6218,1726,400,1569,2497,1672,5342,1454,1966,515,2628,5828,1105,8603,1321,1406,4912,2222,2737,2446,1865,1626,2664,5132,8573,945,1742,2449,2238,2770,2579,1015,857,3504,2069,45248,4279,1165,11665,353,6824,1418,3386,694,11323,1053,1459,1235,2840,5261,464,374,1910,279,5850,1645,961,12264,1574,1158,1474,7404,1280,1972,630,9797,2775,3022,6765,1037,1630,2024,468,2499,7963,2599,1138,603,3396,517,1716,2416,4715,585,2348,2052,3514,2307,2775,2799,1417,3748,951,3636,1580,1476,264,14327,12689,5065,5103,3091,981,3665,2257,1565,15378,1636,1913,1486,618,1741,4454,1730,749,430,1286,773,1916,477,15649,7871,2233,1427,5695,1776,25511,2009,1102,2832,2460,2843,10372,5013,760,3261,835,456,1844,7686,656,486,2300,2490,2032,435,623,405,15432,1129,429,160,929,240,1257,5653,1820,2093,1226,1223,266,1745,4066,1801,1838,729,776,2164,3479,10565,13848,2641,278,2095,539,2665,4505,1863,993,297,5835,3382,727,877,5611,1267,1517,189,10057,607,26628,5719,586,5796,24492
"ENSG00000139292.13",7,41,0,57,9,1078,10,0,22,19,593,5375,1955,18,3,19,2,161,2437,1547,23,82,9,66,0,26,2,44,152,19,8,10,516,157,5,3723,851,8,1685,3688,0,43,520,4023,358,8,18,474,21,1,79,6,70,454,1464,0,2946,1111,0,1,2991,4,2502,7,7,2637,0,5504,21,4,109,91,10,57,0,153,2,9,1945,2,1660,0,1,1,5,1,0,413,10,2,28,929,559,2,449,45,2378,0,2529,30,118,621,2,1343,28,5144,25,141,165,22,131,15,161,5,542,175,2980,59,3,1401,637,1,0,1547,44,9,4,1,942,19,68,91,123,17,5,125,3030,267,4,61,35,350,55,190,21,47,59,30,463,5,106,43,17,95,29,1821,9,85,1490,20,0,367,1,99,50,0,2,15,0,7,6,0,5710,1,126,534,338,1107,427,2244,78,6,3416,0,1432,57,6,0,0,1,49,199,4,262,0,4,138,293,1,3,10,0,320,11,30,51,0,1,12,0,102,43,3,7,154,6,845,1562,177,4010,91,0,68,0,287,60,6289,2,0,1579,3,0,59,1087,609,630,42,2188,0,7,43,39,1736,21,60,1543,40,153,884,3722,0,37,24,1,103,0,92,21,210,137,16,0,725,1389,178,94,24,99,0,49,134,42,0,140,12,1132,261,24,2564,5,1,155,1,24,1678,634,55,8,42,79,309,138,368,407,665,103,8,2613,0,17,39,0,217,49,7,18,476,172,15,1798,4866,570,665,12,2482,105,2661,391,55,65,1409,30,94,69,48,0,97,6117,131,28,1869,105,124,0,2706,63,2361,1,212,520,102,3233,1,5,2,3,28,123,503,7,426,3,137,5169,622,168,2294,23,1772,54,1,8,3873,16,67,28,3,390,1573,5,0,1397,91,310,1,0,0,5,0,2,4,1,1,1,61,0,1080,194,1,2,369,6044,40,542,96,19,696,4169,2231,54,7,13,29,847,15,0,103,0,0,55,43,0,0,48,1,0,2,5,2,223,76,0,3042,97
"ENSG00000139445.18",0,12,4,189,289,2,2,87,16,4,2,14,13,2,7,26,3,147,30,3,33,22,32,285,13,225,1,403,333,10,14,7,310,1992,233,6,6,3,1,0,23,4,117,16,9,93,1,97,15,62,1,263,112,28,5,1337,9,6,470,2,48,149,3,654,6,7,394,1,888,271,39,233,26,3,23,4,17,76,26,320,43,1882,12,3,352,70,39,1,5,2,103,3,21,2,28,8,10,685,66,62,10,3,29,1,20,14,751,168,962,2,9,23,4,632,10,2,870,4,17,1,1,298,100,1,58,4,20,34,26,25,62,5,141,290,26,83,1,11,1315,84,17,577,3,403,30,192,2,755,3,5,110,21,259,524,44,20,3,214,23,600,528,14,50,34,9,1388,29,142,643,360,22,537,1,103,1,20,4,4,1,3,3,5,254,690,2,38,95,46,839,843,12,0,41,312,53,39,46,37,0,189,10,6804,15,2559,0,0,39,884,91,1907,7,41,1,6,1231,2,36,4,255,384,6,3,1,23,2,1,0,967,2,1,4,280,76,4,12,4,7,2,397,249,3,48,37,2,502,14,2,8,11,53,3,0,5,10,6,820,17,4,0,1140,171,46,314,494,1,1,208,2,1382,7,2,5,1,1,68,586,23,48,44,27,102,11,120,2,1,6,6,1,7,11,2,4,43,8,93,9,16,1,1155,4,916,0,14,1,30,7,3,6,2,251,1,756,2,25,45,41,17,1,4,49,6,66,6,6737,312,282,4,18,2,21,2,27,10,18,19,30,5,84,0,0,7,8,187,39,95,27,5,5,76,1,3,1,26,175,0,5,3,12,365,10,24,2,5,211,1,77,25,5,1,61,752,23,1,2,142,8,96,10,2,382,198,410,118,1,60,59,162,47,23,1156,2,40,3,89,44,5,52,280,5,18,5,70,15,0,1,2,10,0,5,1,46,313,1307,17,1105,1,77,2,632,14,2,271,12,6
"ENSG00000139547.7",99,21244,37,11687,4308,3043,2608,1748,16953,957,161,11868,879,80,73,27143,1062,10803,1435,2643,19519,32956,116,4890,30947,13503,8784,7602,567,1236,1268,949,4406,22265,5963,160,3294,2546,11385,11988,11378,42,2651,8595,18293,3719,4256,7798,16143,84606,26094,1965,25832,1348,244,22227,15443,1044,6346,1388,5873,5925,5770,11056,12972,99,51176,7227,1009,2088,3664,12294,3357,18954,42571,34216,178,2173,874,5235,3152,27633,156,525,10914,1305,4428,2858,183,5481,39908,1860,806,331,6095,17818,33556,47554,2405,418,21187,15228,125,1115,2896,49,5482,30915,190,2613,2678,13575,4991,16179,276,3820,663,1220,4769,8990,6433,8749,32144,2584,12148,19096,6177,5697,767,1000,13369,19896,1951,6874,3655,21003,35,19644,884,2961,12043,1340,1089,24029,4626,754,169,63,62,18,20458,16393,10281,26638,25955,1632,9498,5656,14385,6988,5430,3354,6485,3582,120,2609,2458,850,10258,1410,3067,6045,162,1208,5729,2720,16393,829,1259,5798,22852,77,2542,4852,13819,11636,14775,29703,16417,5996,10627,13,181,8681,6563,4661,34314,4481,209,2084,1486,20333,339,12060,36925,6448,26936,5705,11361,29103,4536,2910,1346,2566,5709,8,5327,2988,7414,13198,25221,14440,1286,11731,12968,19282,13857,10663,320,5913,130,15378,8162,24207,8647,7272,32333,5232,24571,21676,30,8531,12239,1311,803,3791,5770,6945,12496,36061,10179,446,15772,392,27113,28347,39553,53,189,9714,7434,19723,192,652,21967,842,1761,10164,10413,26597,2584,20714,459,31702,6485,2982,1376,23616,12386,3588,1229,1803,30319,15645,19540,593,19995,4785,1998,8022,6843,10540,426,23081,37301,237,341,22506,27157,7,8686,71,32,13565,2190,7574,3247,669,1625,1274,19222,748,8193,3770,1215,46,242,746,543,14333,274,7053,28442,1755,18311,22713,5129,3510,1217,33718,1556,5545,12686,12406,410,35722,920,5285,132,84,33170,12845,4577,661,1431,12366,1731,342,441,10178,31649,3229,14003,3763,2279,28748,1172,108,1614,1669,10529,9717,3223,541,1233,2729,9042,90,8607,5176,5633,8438,1600,1441,1443,15346,9945,18850,51455,8070,27026,10740,14370,1323,7814,21526,7700,3985,15450,5128,356,10477,16052,9050,1347,4284,6497,2736,2442,31996,9073,11778,1352,1410,603,18,2507,101,12433,2875,5654,29271,16454,20080,5436,18,22129,39,11555,13145,29619,20005,21,13331
"ENSG00000139734.19",46,3,35,46,79,85,39,40,15,248,43,458,295,2359,185,21,21,113,253,18,96,10,49,81,78,542,126,389,40,222,109,214,132,47,14,207,152,39,209,191,660,367,326,33,23,27,18,108,14,12255,224,610,83,555,78,43,12,368,278,156,12,188,53,152,17,96,36,35,1181,120,214,48,59,3,42,5,268,32,270,181,93,80,229,11,161,96,22,60,81,2,96,115,50,159,18,1,6,344,138,986,74,22,224,68,88,320,66,6,967,130,126,19,65,200,96,71,287,257,207,1011,71,135,3991,175,143,0,6,337,182,405,31,10,474,38,148,7,89,3,191,33,5,291,165,39,29,223,141,73,217,284,33,3,132,183,37,250,40,156,101,119,99,66,218,51,64,211,179,115,310,928,7,43,289,915,43,53,65,110,292,205,5,62,70,245,84,67,244,15,70,320,27,673,466,278,44,92,12,40,10,216,69,513,178,1021,1,96,2445,245,125,242,27,93,160,115,160,286,14,20,94,212,4,65,68,14,15,5,182,549,16,178,75,150,83,224,19,202,10,42,78,84,52,92,11,23,100,223,114,57,36,94,24,84,11,169,11,27,19,5,55,735,434,128,500,190,16,73,53,8,290,3,207,8,213,8,33,151,60,2,43,199,531,335,60,7,37,167,6,26,60,52,93,52,32,23,19,352,534,90,113,372,111,18,659,11,102,26,27,50,46,241,72,69,101,18,178,175,627,171,12,57,320,163,16,172,153,58,36,58,337,6,390,53,36,54,986,10,124,300,65,11,4,131,55,242,677,95,8,28,84,5,37,557,43,571,25,3,262,318,253,18,246,32,78,44,824,45,82,401,33,62,146,162,35,107,237,21,236,11,43,378,31,122,34,17,51,81,116,33,182,91,150,86,11,190,50,148,99,462,78,7,62,39,53,9,269,52,149,416,124,38,111,95,15,10,103,59,32,623,73,50,3,19,524,16
"ENSG00000139800.8",646,0,0,3,571,2,46,0,1,42,54,47,219,5,748,1,283,0,7,482,11,0,353,3,188,4,18,56,40,74,576,134,10,0,2,0,1,6,202,189,1,249,423,33,0,96,38,127,0,1,0,71,1,10,134,33,0,49,0,0,0,497,4,2,1,623,15,0,32,0,498,12,95,1,21,0,515,100,85,9,2,453,17,4,303,85,53,1,1,37,51,93,142,128,0,0,0,1,327,159,4,2,348,1,4,186,1549,0,150,232,55,0,0,1,413,9,1661,118,319,2,0,33,1,2,38,0,0,57,0,859,44,0,240,18,193,0,0,1,25,22,0,380,105,0,298,345,255,151,406,46,0,1,0,51,26,19,75,139,15,97,1,13,8,231,204,0,118,860,3,189,33,35,0,341,2,50,13,1,287,2,0,102,82,56,0,1,142,4,18,1,106,36,943,79,25,404,3,90,0,7,0,25,198,135,0,32,0,172,8,2,163,67,752,204,291,78,0,0,94,289,0,10,7,203,1,0,0,279,28,219,1,13,28,4,0,0,0,1,66,2,8,64,0,7,493,133,52,7,12,0,15,114,0,350,0,1,1,72,1,979,50,0,384,732,1,5,352,0,74,1,46,0,438,0,16,60,262,1,0,105,340,18,47,0,0,1,0,100,75,42,6,117,20,105,4,263,526,2,8,0,704,16,456,0,26,0,2,108,87,137,0,5,0,104,0,129,36,242,0,37,619,299,0,1590,115,0,0,0,1,0,1,36,6,1,14,0,0,250,52,2,0,2,53,76,126,17,56,163,8,0,22,137,0,412,0,0,763,701,271,25,109,3,2,829,187,1,99,5,0,26,1,115,19,17,43,21,243,1,0,153,9,141,41,1,0,29,104,130,31,1,259,3,0,15,0,65,23,236,47,0,44,27,104,1,42,1,120,46,2,1,0,47,0,0,1,216,83,12,274,68,0,0,5,0
"ENSG00000139880.19",1761,9,406,56,510,75,32,67,60,614,80,304,121,496,870,48,108,329,159,152,71,24,158,101,70,78,90,108,36,156,146,155,271,134,110,194,113,52,296,227,77,151,137,51,61,107,69,85,10,159,84,71,63,51,54,311,90,72,202,191,108,178,12,88,9,190,124,48,212,591,304,139,39,20,173,15,331,89,226,78,105,89,1496,105,253,97,44,70,198,45,412,136,44,303,69,13,62,209,199,259,107,37,243,50,82,75,295,19,474,78,136,67,136,104,128,67,840,82,80,115,14,83,39,116,92,15,47,135,150,119,72,27,54,71,238,28,75,26,455,34,29,946,282,30,119,1303,80,121,94,249,24,22,215,141,70,81,40,145,146,232,126,47,51,147,50,73,114,895,259,112,93,82,60,488,41,91,124,84,952,48,14,324,95,332,59,126,83,177,77,176,23,1232,472,214,50,493,36,27,19,343,55,618,265,109,5,42,52,359,137,341,135,225,166,56,171,1089,84,10,151,179,7,112,36,45,91,27,168,295,45,82,344,205,110,135,76,87,24,38,145,74,142,104,62,90,138,138,54,60,180,81,56,61,28,58,20,255,53,193,14,114,188,114,365,61,15,177,155,18,125,19,71,30,102,27,120,92,134,5,51,414,140,45,145,19,57,54,18,125,52,98,148,95,59,36,113,151,1139,68,144,1030,533,125,221,66,85,60,36,73,138,45,81,232,85,168,147,292,44,127,200,46,87,567,23,284,115,335,57,192,47,24,113,76,135,236,508,37,99,354,60,22,20,61,88,651,172,207,56,160,97,17,12,370,90,87,50,29,70,460,110,130,118,54,86,330,271,72,180,211,93,121,704,81,21,45,168,44,386,70,124,201,60,149,73,80,57,47,217,178,101,254,191,50,17,323,44,130,103,274,237,21,75,82,151,33,936,166,241,33,25,168,104,202,122,133,81,76,42,1448,427,65,26,42,879,25
"ENSG00000139914.6",7,234,31,23,17,7,39,38,177,68,15,70,27,21,15,107,35,34,17,29,22,294,34,58,103,75,44,21,16,26,31,7,5,62,18,18,82,28,36,34,139,8,48,42,71,61,31,10,244,71,237,6,67,17,35,99,60,24,404,58,516,15,36,112,744,19,130,134,19,23,41,37,11,206,489,139,13,201,12,61,99,63,22,22,62,30,25,55,12,83,27,24,36,77,26,186,227,31,9,12,87,178,19,83,13,18,59,113,22,16,18,125,8,29,22,124,18,32,18,37,6,64,38,42,26,604,315,62,19,8,51,189,25,19,73,164,5,151,95,35,96,39,19,127,23,72,39,25,25,1,152,281,15,57,34,32,30,37,46,30,105,21,848,16,8,37,19,79,48,102,82,26,65,14,58,11,59,55,68,161,167,14,7,16,62,52,11,115,21,69,140,13,158,13,11,144,123,113,18,11,93,41,10,33,174,22,45,71,123,79,80,43,20,42,44,4,67,50,51,63,383,119,55,77,61,88,103,51,39,18,514,107,6,23,77,2,130,241,29,50,37,53,74,41,4,5,7,158,91,85,43,88,130,37,255,95,271,60,16,59,54,268,9,38,123,12,69,84,185,481,15,67,14,278,24,29,58,124,194,1168,137,56,53,246,215,19,112,25,27,39,141,47,16,47,74,4,18,48,126,11,37,21,36,349,52,70,21,86,36,2,131,17,50,183,13,4,14,18,51,22,16,42,145,38,23,65,95,49,21,419,39,47,121,86,109,172,46,19,13,21,484,65,11,24,41,25,33,65,5,132,426,30,62,30,156,285,19,11,11,34,80,140,99,11,36,33,16,5,116,73,228,41,12,29,82,377,52,145,36,199,55,34,88,188,76,18,38,17,13,13,35,477,104,22,24,24,69,22,69,198,87,56,31,27,43,22,4,12,64,9,26,359,93,104,38,46,82,18,62,112,175,26,35,348
"ENSG00000139915.21",0,0,0,0,0,0,0,0,0,2,1,1,1,121,223,2,0,13,0,2,1,2,49,2,396,0,0,1,0,102,0,0,10,4,83,0,36,1,0,0,0,0,0,86,2,0,1,50,8,0,0,152,0,0,0,0,1,0,1,0,3,266,286,158,0,0,0,1,0,0,630,0,0,5,0,5,1,0,7,210,376,31,0,0,80,0,0,15,0,0,0,226,66,0,0,5,1,3,172,2,0,1,0,1,0,0,1,2,265,1,0,0,2,327,0,1,0,0,3,29,0,0,0,0,1,2,0,20,0,189,0,8,159,0,0,2,0,0,32,0,17,1,8,0,1,0,5,0,1,0,1,9,0,74,23,0,0,2,1,3,11,0,0,1,0,133,400,1,0,858,1,7,0,205,0,1,0,214,3,185,1,0,45,73,65,1,255,2,0,163,0,7,0,54,223,6,1,0,0,0,0,1,1,88,0,139,0,1,1,0,2,1,0,299,32,0,0,0,9,4,0,47,8,0,0,0,1,1,0,0,0,4,0,2,0,3,6,1,40,47,0,1,2,0,3,81,229,0,0,0,0,0,3,1,1,0,0,0,29,252,211,47,1,4,11,0,0,0,399,1,41,4,240,2,0,0,0,1,0,1,622,2,77,0,0,0,1,0,0,0,1,0,0,0,3,8,4,0,0,1,1,0,8,0,5,0,0,0,14,25,0,0,4,0,2,2,425,0,1,2,2,0,2,3,1,0,7,0,271,1,231,1,5,1,1,7,1,0,0,0,3,0,0,3,217,77,32,0,43,1,23,36,2,109,0,1,2,0,1,0,228,0,0,0,0,0,0,13,0,0,0,0,0,67,130,0,1,1,3,6,105,253,124,0,1,0,0,73,0,0,0,0,1,0,0,0,268,1,7,3,2,0,1,0,0,1,5,23,14,0,2,0,0,3,0,0,62,193,0,3,0,2,0,1
"ENSG00000140015.20",5,0,0,0,0,0,0,0,0,3,0,3,1,198,1,0,0,12,0,1,0,0,0,0,5,0,0,52,0,26,0,0,0,2,99,1,0,0,0,0,0,0,1,11,0,1,0,0,1,763,0,5,0,0,0,0,0,0,0,0,0,94,0,1,0,0,0,3,2,0,68,0,6,0,0,1,0,2,0,2,20,83,0,0,0,0,0,0,0,0,0,68,1,9,0,0,0,0,1,0,0,1,0,0,1,0,1,0,36,0,0,2,0,1,0,0,0,7,0,16,0,3,198,1,20,0,0,0,1,7,0,0,2,0,0,0,0,0,0,2,0,0,88,0,0,0,0,0,0,81,2,0,0,76,0,0,0,0,4,56,0,0,0,0,0,22,0,0,1,23,0,0,0,99,0,0,0,1,2,0,0,0,0,0,1,3,0,0,0,46,0,2,1,0,1,0,0,0,0,0,0,0,0,190,0,0,19,0,8,1,0,0,0,150,1,62,0,0,1,7,0,14,0,1,0,0,0,173,0,0,0,0,0,0,0,21,0,0,0,8,0,0,0,0,4,0,0,0,1,0,0,0,0,0,0,0,0,0,0,0,1,2,1,2,0,0,0,0,113,0,1,0,0,0,0,0,10,0,0,5,8,4,0,0,0,0,0,0,0,0,0,0,0,0,0,3,9,0,0,0,0,0,61,0,0,0,0,0,3,0,0,0,0,0,2,54,82,0,0,0,0,15,0,0,9,0,0,0,2,0,2,0,0,0,0,0,0,0,0,0,0,0,1,0,0,1,0,0,1,0,0,23,0,3,0,0,0,3,0,0,13,2,1,2,0,0,22,0,0,0,1,0,0,0,225,0,24,3,0,1,60,0,0,0,0,1,0,43,0,0,0,0,0,0,1,0,0,7,0,0,0,0,0,0,8,0,1,57,1,0,1,0,0,0,0,0,0,1,1,0,0,0,0,1
"ENSG00000140107.12",26,25891,27,14637,44,3827,5367,13550,34308,3795,6679,406,95,2,38,23952,2485,157,694,3752,11739,27143,17,7574,19914,7796,1045,168,4456,66,15887,23,10477,30487,4050,24,1832,12948,242,972,205,7,4796,266,16485,1035,12310,477,18731,21600,295,8,14879,696,3585,7589,9035,4122,20968,24,598,2859,104,8868,12978,12791,8554,125,2269,252,3184,7576,17,29862,30391,38702,6,271,968,54,2129,227,8,185,1503,68,128,7668,33,1355,864,142,3295,75,67,13247,36023,5040,574,464,2650,42494,44,380,857,118,9302,17703,626,14642,7790,13799,10,1081,967,1335,72,4922,609,351,45,14138,2444,1530,6444,27172,12526,26,2621,520,13249,21739,32,2482,230,23072,54,24104,291,12413,17770,147,315,24039,307,63,82,28,6113,8,21158,31264,210,9921,19209,52,2179,6924,75,1499,22217,162,9641,4654,168,1015,1609,389,3386,56,109,13353,1749,18,8568,2836,7690,168,4885,188,19048,37,8536,542,23076,19868,32,38216,28808,1530,58,7,23,2252,16460,253,16960,12231,44,5,5417,1103,58,1,21264,139,2444,3297,4675,25307,11616,1995,36,523,5504,8,62,63,16946,48943,30537,2598,2693,3646,27574,32582,8257,92,3230,1125,2492,103,6944,50,6201,2494,24467,204,1026,1076,172,992,5027,461,15,252,2165,6852,5459,78,7221,403,35887,37,23537,7875,27616,83,97,181,3823,31238,3,212,17077,347,890,13579,164,29777,2160,12015,599,15120,1066,12156,5134,29241,471,1504,1593,1710,124,26383,1052,4055,11522,743,516,113,20409,543,479,3770,1235,737,12,4185,46365,5,7034,138,2,28508,1449,1407,2431,21,775,290,93,350,30182,1774,18,3,200,536,54,18436,1129,1520,26356,192,13487,4467,37492,105,242,23766,22,9954,27994,5597,34,25812,501,32,11788,42,36505,840,80,2317,3160,601,1369,87,57,21017,9843,90,3554,40385,339,52487,83,449,4297,226,2402,30697,5541,17,2287,16802,35,4882,3598,2137,71,1454,267,121,78,32459,22725,43300,41345,289,33868,849,48066,2630,20817,257,76,3171,2038,8,2567,116,11191,1163,593,500,8760,3012,13380,24178,9901,3435,852,2300,940,2,34,571,2928,207,3536,6300,18121,8632,1609,24,3974,3,4628,31943,27932,42106,22,27981
"ENSG00000140274.14",25,0,0,480,4,6,0,0,329,6,0,1,0,586,26,46,6,24,0,0,4,2,79,2,1,0,9,84,9,999,0,143,0,0,9,30,2,10,0,10,0,150,22,1,1,35,38,38,200,0,1,55,1,2,0,9,10,3,0,21,3,69,1,9,0,4,1,3,2,134,4,202,9,6,0,0,1799,15,2,1121,6,0,1605,7,13,43,8,0,7,6,34,44,2,73,1,0,2,2,0,639,44,0,1653,0,184,1,25,0,233,2,27,4,17,29,9,0,14,0,58,2,0,168,0,0,65,12,18,3,1,41,3,1,86,161,593,0,27,0,8,0,4,8,3228,0,2,8425,13747,0,2,4,1,27,2,33,0,0,118,5,2,2,0,18,430,4,5,4,188,38,13,1080,0,3,46,0,75,0,41,1,7595,0,1,275,29,44,0,2,0,0,10,0,1,0,3633,1,15,0,0,0,0,693,0,68,0,10,1,1,0,879,6,4,21,7,25,8,635,2051,1,0,28,11,0,0,0,427,1,16,1,5003,642,2,185,10,10,3,0,4,4,0,4,1,1260,237,0,16,1389,10,3,47,4,4,10,0,2,1014,5,100,0,84,1,118,7,1,1022,1,33,8,153,0,2,57,6,18,5,0,16,1,43,1,0,209,17,17,12,3,0,2,4,370,1,14,0,49,1,0,2,5,382,2,217,3,28,41,15,1,17,93,645,4,1,0,0,2,0,18,4,37124,0,5,12,505,41,218,1,7,24,39,10,0,0,1,1,10,14,27,1,5,3,4074,0,3,2,3,32,27,174,6,0,69,2,0,12,1902,0,5,0,5,2,44,0,0,4,45,28,19,0,0,0,141,17,45,37,3,48,0,1,0,1,57,0,38,1,5,0,9,55,90,0,34,21,161,70,1,0,21,2,63,17,3,2118,44,14,0,269,0,18,2,1216,13,0,4,18,242,0,40,4,1,0,0,16,3,4,0,4,1
"ENSG00000140279.13",97,14,11,763,47,34,0,0,2643,108,0,1,5,1618,68,213,30,97,1,3,20,3,854,15,11,7,19,545,10,2977,2,631,1,25,108,317,17,28,0,65,0,604,72,4,38,120,77,97,941,2,5,826,21,7,2,15,46,11,2,121,1,240,5,9,0,35,7,5,4,234,38,248,36,3,2,35,10053,132,35,1070,15,11,8434,14,38,407,59,3,30,52,278,126,31,348,0,0,11,3,6,3502,214,4,3555,2,1271,16,58,2,759,2,477,51,104,20,25,4,40,2,76,34,0,798,0,1,305,10,24,2,6,227,16,39,154,362,5540,9,142,8,6,0,88,33,20401,4,48,35570,21707,4,17,56,2,144,17,284,5,0,165,35,4,19,4,141,1025,59,14,143,512,145,84,5752,0,13,292,2,433,2,169,5,83022,1,5,1813,28,181,0,12,7,79,39,1,10,5,14384,13,168,2,10,6,0,12834,0,350,11,22,6,10,4,2330,6,11,201,23,122,31,2495,72548,3,0,78,24,3,3,1,1688,32,186,6,52373,2615,21,918,24,87,11,0,3,29,4,8,3,16384,1288,1,131,5756,6,25,258,10,14,54,1,28,5977,20,369,17,202,2,1362,8,15,2784,5,67,88,1578,37,11,304,12,51,22,10,111,17,72,35,0,357,31,34,30,7,5,27,3,2637,3,144,30,271,1,1,10,59,5552,5,802,82,148,265,63,8,97,172,988,15,4,3,2,14,0,142,31,350703,4,32,125,940,264,2988,5,41,110,276,50,3,7,7,4,4,49,211,23,68,19,30772,1,10,15,6,150,77,849,68,2,68,12,1,109,15141,3,10,3,68,15,274,7,5,27,262,52,122,2,1,9,1016,7,98,76,5,292,0,32,4,4,162,9,69,8,32,1,38,639,232,14,97,75,431,174,4,5,273,14,158,137,15,10961,766,49,2,1113,2,44,21,3458,30,0,31,166,772,4,176,8,0,8,4,42,114,19,3,5,1
"ENSG00000140297.13",2210,6,1,404,242,47,73,3,52,894,23,4,16,1286,7476,260,8,410,122,5,106,15,60,50,37,2,26,141,4,721,2,1876,570,6,964,54,622,94,10,8,8,763,2,175,43,36,549,352,736,3,7,835,18,140,7,78,49,2,2,1,5,1874,18,27,4,5,2,65,294,131,152,279,81,17,3,20,1995,24,82,316,635,62,2315,641,156,21,101,23,172,121,646,1505,5,457,172,2,15,3,165,1796,490,4,9883,4,114,25,11,5,1544,9,298,23,95,38,9,3,147,7,157,816,646,414,45,157,193,22,26,164,147,1149,43,6,1253,124,1342,24,66,1,879,2,14,85,2025,19,192,6218,644,42,64,531,10,88,116,49,31,1465,97,201,987,605,38,240,911,179,22,16,1412,600,84,473,7,42,788,431,174,9,233,228,17882,394,3,404,105,320,3,27,23,2,6,8,16,11,569,525,2359,718,4,553,49,596,1,111,157,74,4,1156,73,18,51,20,71,7,1354,142,547,5746,46,5,139,425,5,10,6,137,9,51,60,302,487,74,84,12,116,421,1,1666,24,7,95,244,553,336,23,61,4742,279,38,49,137,80,22,11,2,275,8,22,6,76,113,129,208,29,9282,7,27,321,380,9,16,207,499,4,1652,13,112,11,167,3,4,205,21,135,32,33,18,34,11,202,20,106,35,263,3,130,49,2773,1460,8,9,930,50,66,199,7,22,53,54,355,80,26,4,39,1,509,662,6445,169,31,116,1035,19,716,5,16,179,107,83,9,67,11,37,37,128,14,1072,28,100,1587,200,91,2,76,135,83,1271,166,65,189,309,6,49,1514,12,26,3,75,36,262,38,36,99,11,232,272,6,13,410,697,19,39,14,115,14,311,132,2,478,264,0,30,8,10,8,141,217,677,10,464,51,151,277,31,4,94,18,4,394,21,926,155,50,8,200,2,2404,1,1020,1026,0,44,568,9,14,73,11,7,42,17,55,24,8,0,691,33
"ENSG00000140451.13",51,1,135,37,225,94,210,27,25,267,9,142,570,777,304,16,47,123,112,31,40,16,37,34,96,55,112,181,55,134,168,52,155,37,10,87,63,34,227,107,9,84,321,14,34,79,24,50,3,5,78,293,48,245,33,158,17,218,321,136,15,371,14,107,20,255,85,9,443,309,345,75,19,3,85,17,827,64,512,282,212,421,314,43,126,196,96,18,103,13,100,49,43,131,25,8,23,198,83,55,41,19,190,12,66,449,161,18,1180,249,127,56,48,112,75,41,524,96,330,191,15,78,7,102,117,6,19,212,196,151,34,23,615,30,117,12,31,14,343,13,4,369,183,43,48,280,260,325,217,212,2,25,171,69,25,116,30,110,83,203,234,42,114,112,166,248,456,514,64,424,69,76,44,934,32,54,60,127,200,48,7,88,45,252,23,67,83,28,22,268,17,822,821,602,31,278,23,54,8,183,21,354,206,804,7,223,37,534,237,118,31,131,167,91,273,63,54,10,106,116,8,89,49,20,16,11,57,677,16,32,558,126,137,154,24,211,15,42,123,34,35,64,7,38,415,217,79,35,71,46,12,105,23,286,18,88,14,91,21,1025,184,103,380,396,14,112,208,11,675,21,109,15,524,5,39,349,184,6,25,184,277,289,100,15,50,154,2,41,74,39,52,22,44,20,62,775,634,32,64,27,185,47,760,30,163,23,19,41,151,314,33,432,49,70,60,120,411,286,46,60,132,276,19,616,90,294,24,23,46,13,91,151,48,47,153,9,73,288,14,28,10,38,25,336,326,110,18,240,177,6,29,430,38,331,5,25,152,299,221,52,94,18,58,276,234,27,72,200,24,57,76,105,13,91,229,47,179,13,28,342,13,173,50,15,24,52,287,52,84,47,239,38,11,178,110,49,130,328,66,8,71,113,63,8,306,87,187,250,55,44,56,91,34,14,57,24,52,538,249,31,24,24,245,9
"ENSG00000140505.7",16,32499,11,49,93,48,0,57,2341,989,90,657,44,13,3,10677,0,5313,1225,1714,430,25790,7,489,17,587,8,424,6,143,0,10,14,5699,4321,1,7260,8,196,648,293,2,0,6380,44437,16,856,1314,9002,8,40384,16,8969,10,469,12,42630,22,19,0,4212,10,6695,3378,25568,2,756,37821,3587,26,704,103,4184,37693,263,32922,1,2,494,11,6367,3,1,142,1237,2,43,9833,2,1165,48,19701,0,7,1287,23448,1308,747,2,524,4124,116632,5,6346,68,24,225,52221,13,0,24,8048,3,10,11,69834,10,334,231,210,1428,51,70,267,72,15901,3160,2,14,94,2843,27270,154,132,41,50036,2968,69469,1,2823,7281,44,311,36670,10,129,0,2,6,0,26665,8412,2623,608,3537,455,63,3027,1251,64,62,42,12,798,41,147,12,4,41,3,5,41,149853,18,374,1889,2142,10,585,5177,26234,0,57,1,2890,7643,143,3443,3,34,6461,2,1,115,297,41,29627,75618,782,3776,83,106,11,3,35107,4794,23,2,4588,1,6318,599,60,8,609,3,123,108615,28,974,31797,110,2,76,23603,23332,11134,17,3,1056,3,245,9,3909,26736,1477,50435,1192,50,5,6,25,6140,298,12,271,300,402,30741,83320,2699,1134,35646,6,40116,23,36474,1,516,0,2142,19,4,6,22129,1,194,68904,115,24584,6,3770,2,49510,38,23,14,13857,6442,5,374,3,2700,26905,52175,2543,26439,49,2,66,14613,3554,7,841,1227,161,9,14162,3299,6,4572,0,4,17032,41,3135,825,1633,1275,59,91976,1,47278,1130,323,3,203,0,32,72,0,283,38391,0,86,32,3118,10992,1200,5728,2786,176,8585,19058,22457,79646,81408,12,97,2,68060,1875,0,984,4,8700,885,0,274,10409,8390,1,13875,172,3726,12300,0,123,2,53,160,3148,5534,0,5020,8687,32,8,17136,657,25,13108,30,279,8737,83,2209,14387,116,962,355,110,62,1434,8992,144,1,932,76,4,1,46554,9602,7,66,354,5151,5,16583,86901,26,266,13,6756,841,0,47,6,43,2,3706,321,23,10544,10,7,1759,5,0,55459,29971,257,961,38812
"ENSG00000140525.19",341,25,152,98,605,319,154,182,70,1106,172,1147,1243,3214,820,110,103,581,473,188,284,67,215,307,293,385,225,1122,125,626,733,660,570,375,231,793,474,88,711,755,85,760,850,139,152,290,82,396,48,132,144,1849,312,744,99,341,103,445,711,615,96,880,120,635,52,636,176,127,2047,1096,985,189,137,33,106,59,1300,133,1941,673,607,377,1104,154,1162,200,203,97,185,27,250,400,113,368,87,41,59,805,923,931,176,135,903,167,271,905,839,60,1860,375,266,202,246,580,272,241,2428,269,884,1166,84,521,104,446,244,47,30,274,992,1854,217,75,1041,96,650,75,224,68,2079,79,57,3156,615,216,283,1460,489,517,474,1082,73,47,443,537,108,611,134,776,503,660,243,167,725,295,306,743,725,427,848,2430,91,265,670,3863,73,333,324,668,847,392,49,291,394,1732,231,154,696,97,108,1087,75,2097,1101,1365,168,789,126,183,93,1178,159,2037,739,2905,41,697,80,1488,408,1211,172,578,643,280,649,1433,53,125,304,745,23,168,209,104,117,61,258,1788,88,364,544,566,301,460,51,623,92,102,324,266,213,216,96,114,918,1133,369,138,202,256,29,195,58,443,64,421,219,161,153,959,1574,498,1582,800,81,232,382,73,2454,49,526,75,897,60,199,469,364,60,94,437,1046,480,297,24,352,349,34,163,355,239,200,244,255,55,303,1273,3973,170,177,452,539,135,1675,81,288,66,60,284,280,1260,363,926,442,310,456,680,1470,1151,135,171,936,1294,53,762,356,718,103,280,157,45,704,316,149,357,2065,81,464,2345,268,91,34,269,236,377,1767,398,54,244,249,37,186,1539,229,1301,104,110,900,941,429,169,604,95,167,335,1094,134,167,868,92,298,1073,370,91,239,2571,63,1071,31,248,338,119,618,175,71,211,161,525,261,373,545,522,240,67,742,196,441,590,794,272,35,170,224,230,47,767,228,368,832,259,186,361,295,118,64,243,380,276,1631,354,193,35,105,742,63
"ENSG00000140534.14",23,0,28,24,171,125,152,13,3,357,21,231,492,1114,385,14,29,132,150,37,38,2,55,16,54,37,69,171,32,138,192,126,186,43,20,103,26,31,174,157,9,102,338,6,10,23,9,115,1,5,37,322,44,173,15,69,7,168,241,82,13,214,17,131,5,163,26,13,539,245,335,32,17,0,29,9,455,39,705,182,197,149,357,72,172,46,28,32,52,4,86,62,61,159,24,3,6,123,259,215,40,16,203,15,54,335,184,3,831,144,62,18,13,107,178,20,448,64,289,197,7,114,12,43,85,0,5,90,208,282,29,10,311,10,121,5,30,0,382,9,3,703,152,6,73,237,131,299,217,154,8,0,115,97,22,99,22,145,125,113,67,36,136,118,140,171,305,145,115,984,20,58,107,908,28,47,56,111,171,64,0,97,45,307,23,21,126,8,25,341,22,629,353,427,34,307,10,39,7,150,30,388,296,985,4,152,16,373,98,103,18,122,227,30,227,296,7,8,49,222,2,26,119,13,11,4,57,563,10,78,179,54,48,92,9,247,7,22,144,32,10,54,11,22,252,285,201,26,42,51,9,55,6,187,4,60,23,32,22,360,303,69,328,425,8,78,152,5,500,5,126,9,293,3,24,286,157,5,10,103,248,224,26,3,19,193,2,24,142,27,20,27,28,17,30,374,919,20,44,37,157,21,697,8,83,11,9,40,53,319,23,372,91,74,84,78,278,191,24,45,201,269,10,408,66,216,9,37,38,3,178,103,26,99,503,8,74,457,48,24,2,30,29,115,363,90,1,119,78,1,46,406,16,352,20,9,193,314,267,42,99,25,35,113,256,18,97,441,9,36,74,113,26,84,272,13,114,1,22,88,15,145,29,9,20,36,173,56,82,71,266,45,7,172,45,106,107,283,37,7,37,98,42,8,271,30,92,310,23,11,48,122,19,4,42,50,80,605,119,24,5,7,281,2
"ENSG00000140600.17",14,0,14,0,0,0,0,0,3,11,979,1,99,0,2,1,0,8,3815,1,3,0,1,0,0,0,0,0,0,0,2,0,0,2,1,0,88,0,0,1,0,7,0,34,1,0,0,0,2,0,0,0,1,4,1750,0,11,0,0,0,91,0,0,3,0,2,1,673,2,1,2,1,0,0,0,1,2,0,0,0,52,0,0,1,0,1,0,7,0,0,3,69,0,2,821,0,35,0,3,0,1,0,1,30,2,3,0,0,36,1,1,2,0,0,0,0,0,2,0,1,360,0,0,0,1,0,5,0,0,0,0,0,0,0,1,1,0,2,0,0,0,1,2,3,0,0,0,1,2,9,0,0,1,0,1,0,0,0,31,0,1,1,2,0,1,1,1,0,0,0,0,0,0,0,5,0,0,0,1,52,0,1,0,0,1239,0,0,1,1,0,0,219,0,0,1,0,4,0,0,0,9,0,1,1,1,3,0,0,6,0,0,0,0,0,2,5,239,0,0,1,0,0,0,0,2,0,96,0,0,13,2,0,1,52,357,0,1,554,0,0,4,0,1381,0,4,1,0,1,0,9,1,0,0,0,0,0,1,9,300,1,1,0,0,1,0,0,1,0,0,0,0,1,0,1,0,0,0,0,993,0,1,0,0,0,95,0,0,0,0,0,8,0,0,6,2071,11,1,473,0,0,2,2,1,0,0,0,0,0,0,0,1545,3,0,2,97,65,51,0,0,0,0,2,4,0,0,0,0,1530,3,0,765,0,3,4,4,1,1,0,1886,4,4,2,1,1,1,0,0,7,0,1,1,1,0,0,0,0,0,6,0,1,1,0,27,0,0,8,1,0,3,0,0,1,0,107,0,0,0,4,0,0,1,0,0,0,0,0,0,0,0,2,1,1621,0,0,0,0,3,1,1,0,0,0,0,2205,0,2,0,1,0,0,5,0,0,0,1,0,0,371,0,2,3,0,0,0
"ENSG00000140807.7",221,21,3584,77,150,101,7,250,81,216,39934,28635,18358,110,90,274,35,429,16173,191,84,48,145,52,86,102,6,216,23,35,3,117,383,242,45,4880,4232,50,13106,24008,22,177,41,27089,372,13,59,435,58,106,217,89,193,3526,11033,45,3102,9,27,31,9438,261,938,143,110,203,59,14614,34,18,79,309,65,41,24,152,22,122,18797,31,5698,293,25,58,97,177,79,4664,362,81,111,5323,18,0,7178,48,4355,156,19399,102,193,273,28,2510,72,6175,127,171,308,35,46,101,526,124,94,283,511,2221,23,25012,1642,8,20,1840,150,21,47,251,160,140,117,166,247,82,40,150,2824,174,18,170,176,257,480,243,175,33,207,67,240,91,32,116,72,444,155,1757,22,121,8838,286,105,149,7,159,20,134,51,176,62,33,809,3,12142,103,179,1104,136,11883,955,11283,56,192,7208,104,2458,129,247,83,31,68,642,30,8,908,132,291,124,1283,70,52,29,3,220,120,113,356,21,34,118,17,246,67,16,12,333,291,6381,1844,258,876,60,51,34,16,324,84,26851,24,4,8354,13,80,74,9186,2022,10430,68,6797,36,37,149,97,5358,240,33,2556,125,273,2134,5861,42,110,102,14,90,29,185,115,19953,130,97,63,156,2984,62,166,59,151,189,80,153,116,2,63,90,44,675,71,7474,140,144,3708,56,92,3134,87,26,65,8,167,262,805,433,562,4609,177,43,4076,132,436,180,19,41,175,54,97,262,181,55,8441,21337,498,1438,126,2215,579,4515,387,493,224,121,266,124,57,83,24,283,35096,5502,47,35409,82,163,16,3305,81,11550,15,32463,3929,123,4632,34,88,63,216,193,293,382,59,111,278,344,4936,1076,130,1242,86,526,290,7,90,7335,219,234,183,19,8,3093,24,42,8488,24,9202,183,36,159,55,89,78,9,27,187,54,477,9,2478,335,7,57,196,21868,122,147,86,23,1695,10621,4434,73,37,64,238,1278,217,55,16,4,13,165,127,23,21,71,187,35,84,210,145,173,75,106,30981,68
"ENSG00000140873.16",0,0,49,11,21,38,0,23,1,0,12,2,5,5,1,5,0,5,1,5,7,0,4,4,1,1,0,22,37,0,185,2,5,16,53,19,15,1,0,2,0,27,6,363,9,0,2,33,2,36,1,133,1,3,6,0,65,24,3,0,8,0,1,2,0,8,13,2,10,3,7,9,9,0,0,0,6,0,12,1,34,105,0,1,0,9,0,0,26,1,0,0,3,28,0,0,8,34,11,12,2,0,7,0,1,1,1,0,18,4,0,6,8,3,3,1,126,148,1,98,1,3,5,0,1,0,9,26,3,53,6,0,2,16,1,0,4,0,0,15,6,17,12,1,32,6,5,8,0,1,0,0,1,6,10,2,6,90,0,132,9,1,0,27,2,5,20,6,0,4,2,2,7,5,0,0,3,0,1,7,0,14,7,6,5,0,46,52,0,7,3,21,1,8,14,0,0,0,0,13,19,5,6,0,1,0,9,3,1,7,8,2,0,30,14,1,7,8,27,2,1,0,0,6,2,0,1,1,0,3,0,26,20,15,3,25,0,1,2,26,111,4,10,4,15,69,6,2,126,0,0,1,1,0,0,2,5,2,2,2,15,12,0,75,0,1,3,2,9,1,1,0,0,3,4,1,1,0,5,0,17,5,86,1,0,1,5,1,0,4,53,6,2,0,1,2,119,2,31,28,3,5,30,0,0,0,9,6,4,0,5,2,0,1,21,26,10,19,49,0,12,18,2,108,6,4,2,1,6,1,3,4,3,13,5,0,1,1,4,0,2,4,16,1,0,217,19,0,1,1,2,1,11,1,0,0,18,3,0,0,22,13,0,190,6,5,0,0,14,3,6,8,0,1,282,0,1,1,14,10,5,158,2,0,1,1,9,1,1,1,5,5,2,12,4,9,14,78,38,1,0,7,13,0,8,65,1,1,5,19,25,1,2,3,1,49,0,13,20,2,0,2,72,1
"ENSG00000140945.17",422,5,72,164,376,69,0,407,43,48,333,553,96,209,12,67,66,100,86,179,122,27,611,346,413,263,6,232,42,123,174,292,190,302,143,344,329,53,176,590,3,257,430,372,59,2,49,213,43,234,157,359,29,71,271,13,186,96,65,96,191,190,152,50,34,470,165,275,161,204,202,233,61,1,8,24,130,26,36,158,417,23,31,54,70,183,6,14,834,0,147,94,75,16,81,9,34,1146,52,262,141,43,30,229,120,432,616,12,113,156,510,61,805,203,77,45,563,220,65,219,61,61,107,27,72,11,36,10,309,270,114,146,35,147,95,11,124,6,91,157,31,236,112,13,384,358,28,15,103,301,13,25,274,118,414,109,16,219,78,184,149,27,183,87,11,259,535,24,257,184,4,50,353,265,11,151,173,98,91,423,4,841,219,209,161,52,1097,517,99,158,58,708,98,194,211,18,31,19,268,700,211,212,229,172,57,20,115,265,10,199,231,98,34,122,447,351,1,17,163,511,10,69,3,194,125,14,241,188,9,460,28,282,262,219,16,161,14,142,173,171,832,107,318,211,241,46,3,12,553,167,58,14,23,37,28,307,34,76,78,38,333,573,166,82,16,186,15,49,457,17,250,18,32,12,58,73,8,14,163,43,356,6,48,2,234,81,34,235,6,141,164,195,23,43,51,51,245,328,485,550,198,26,118,15,6,51,150,146,50,105,336,139,122,173,353,625,227,247,598,87,631,106,18,140,337,30,31,371,5,33,276,26,142,155,415,66,78,599,268,5,18,186,198,8,70,161,104,11,22,27,29,291,289,118,100,22,126,26,147,0,539,241,76,29,595,231,2,830,129,12,115,148,0,33,16,9,153,8,903,220,37,322,32,32,10,12,47,153,71,113,69,254,11,167,6,204,224,22,465,49,64,3,197,107,123,142,75,364,13,973,199,7,281,134,313,308,58,133,108,167,19,75,100,15
"ENSG00000141314.13",3,5,77,3,106,15,0,2,12,38,157,1085,324,4,9,6,2,58,268,2,3,3,5,3,0,5,5,7,3,2,18,13,5,3,7,2,14,2,20,33,2,16,41,459,9,32,3,2,1,5,7,1,3,342,690,12,198,33,0,70,192,2,649,6,0,16,10,155,9,296,14,2,4,2,2,6,41,6,130,0,114,12,12,1,9,15,3,88,6,4,17,5,5,11,181,3,544,16,176,51,2,10,3,190,14,34,23,4,40,26,9,8,16,0,206,1,72,13,3,602,287,2,1,13,5,1,5,2,12,7,6,7,3,7,27,10,9,2,281,1,4,65,4,9,7,103,8,0,4,30,2,4,3,9,6,40,0,10,76,0,2,2,11,9,6,1,5,118,56,11,1,1,519,2,4,11,8,1,11,26,1,9,33,8,502,2,2,8,1,2,6,54,317,5,1,5,3,6,0,122,7,30,4,5,3,5,0,134,5,13,11,13,0,5,17,178,224,92,5,5,3,5,7,5,8,2,819,3,5,94,151,4,3,1064,159,1,9,279,0,3,12,5,362,13,3,28,132,28,106,2046,6,1,9,1,0,54,3,10,144,32,10,5,23,11,2,11,25,4,4,5,3,2,2,2,4,14,2,3,460,3,3,46,1,5,7,7,0,3,6,11,2,1,8,6,220,7,26,295,10,13,53,23,60,9,13,3,6,1,3,742,562,27,10,11,84,6,7,6,12,4,2,10,6,12,9,170,2,3717,12,0,2949,6,3,28,205,5,1286,8,1152,3,6,502,4,25,6,1,3,5,3,7,2,294,0,369,92,3,10,29,2,0,3,5,453,2,17,12,13,0,105,8,35,12,0,236,5,6,1,6,4,6,3,5,1,0,5,1,20,20,4,46,87,433,3,19,7,4,13,40,181,0,8,4,5,68,5,232,4,9,2,6,3,2,1,0,2,6,0,153,171,4,4,5,6474,2
"ENSG00000141404.17",532,10,169,196,363,107,92,57,46,62,359,274,309,140,181,65,67,41,95,31,44,21,45,27,25,133,110,50,26,71,44,83,339,110,83,109,749,133,219,323,14,66,27,654,89,206,181,69,62,86,25,142,134,543,856,240,1102,58,36,55,175,270,163,17,671,25,30,423,105,30,74,180,81,51,14,25,58,151,32,395,233,250,166,455,72,44,137,587,95,208,439,236,16,437,300,37,1410,16,1253,151,359,24,212,10,61,81,145,67,644,22,74,26,192,72,188,139,104,18,23,740,517,167,34,621,242,38,34,29,113,305,35,37,305,129,458,13,531,20,120,33,33,165,79,28,77,152,80,108,41,1337,44,17,26,27,119,707,89,48,232,60,30,165,822,95,43,63,173,91,725,2610,171,24,1634,44,151,81,171,375,91,640,15,44,242,50,216,68,55,29,117,9,25,24,238,245,69,198,20,732,444,308,8,18,185,180,14,203,34,1384,104,9,133,157,313,55,78,95,263,563,100,972,10,19,15,17,72,75,66,467,109,389,78,31,161,1027,44,398,14,664,37,93,304,176,201,110,261,98,83,215,452,601,15,4,16,34,18,30,29,133,176,32,170,191,426,30,107,2139,221,23,34,15,98,27,439,14,200,17,144,7,304,179,79,406,15,41,24,85,22,238,28,138,43,27,515,212,546,498,79,13,108,119,43,22,16,51,189,54,28,220,36,48,307,287,23,715,348,60,268,268,171,219,55,429,21,45,283,53,62,565,354,19,585,66,155,880,592,97,173,928,163,115,14,879,301,72,1084,88,8,104,106,17,20,189,31,67,63,18,41,264,52,45,110,12,382,135,91,43,279,398,15,218,52,178,104,211,82,16,113,28,20,38,26,28,24,178,113,610,102,426,43,145,64,332,33,155,632,20,308,133,126,29,20,17,167,72,62,291,265,49,12,230,180,7,20,209,65,16,37,490,33,133,26,10,1468,37
"ENSG00000141576.16",98,16,3486,76,317,55,1076,25,257,64,1382,701,489,970,2087,115,25,1609,218,119,137,34,17,259,25,123,253,313,58,40,138,58,418,507,435,913,1332,104,618,497,227,68,46,293,76,121,561,500,51,60,231,34,173,363,260,762,269,92,163,73,272,395,6,332,61,425,147,95,73,846,2078,124,78,46,20,13,1481,57,620,74,369,351,364,74,1772,27,41,554,299,161,1424,830,99,1349,442,15,165,157,1595,935,1011,31,1273,148,43,119,1650,73,428,40,55,126,222,14,21,432,1572,65,26,1797,15,571,1096,569,102,55,65,45,36,1757,206,32,577,174,365,41,773,47,2900,157,27,333,121,105,96,2511,341,29,102,84,14,63,1533,1377,143,1466,168,867,387,597,64,238,351,139,127,165,161,2730,1260,1132,33,246,1514,1026,156,69,244,1440,96,54,26,27,641,1286,868,348,47,207,905,639,24,327,488,45,566,1689,129,67,1184,1055,1069,3968,86,1437,43,620,482,821,366,2046,40,38,2596,83,365,125,130,263,225,2574,19,27,26,51,51,81,222,177,139,373,368,37,472,148,296,139,45,322,134,368,50,264,310,8,2168,267,135,1097,271,8,20,294,21,42,75,481,134,80,936,653,501,279,1953,1085,98,77,201,34,46,61,171,121,1194,71,43,412,456,55,188,185,568,294,106,66,25,535,12,55,167,92,158,164,71,142,992,1024,1804,566,1201,53,1681,17,763,54,43,74,194,454,374,645,332,95,1735,194,56,35,242,311,346,33,1191,232,28,74,53,1005,72,153,104,15,1203,193,200,896,744,29,27,281,1491,1035,16,675,46,398,726,330,38,24,648,15,53,1057,172,1560,319,38,415,20,688,58,227,334,211,1080,201,880,1027,292,309,405,687,609,67,203,1719,30,2197,39,39,620,973,529,363,110,124,193,334,631,32,201,274,51,122,1072,16,168,573,669,104,26,131,17,68,72,460,561,332,243,368,251,267,900,98,56,941,34,138,779,815,30,19,131,2555,82
"ENSG00000141750.7",117,0,1,3,4,0,1,0,1,15,2,1,3,24,33,2,0,4,1,2,3,2,5,3,0,0,0,1,1,49,3,1,4,0,1,147,3,0,0,0,0,15,1,0,0,0,0,1,4,0,0,5,0,6,0,1,0,0,0,1,0,1,2,0,0,3,1,0,0,0,0,1,146,2,0,2,3,1,0,5,0,2,5,1,0,0,2,0,8,1,3,3,0,2,1,1,0,0,0,1,2,1,1,0,1,2,1,0,9,0,3,2,1,10,0,2,10,1,0,0,0,0,0,2,0,0,4,0,0,2,0,0,2,1,0,0,0,0,3,0,0,7,2,1,5,6,1,1,0,5,2,1,0,4,1,0,0,4,0,4,2,3,2,3,0,5,1,516,0,0,1,3,0,5,1,0,2,0,7,0,0,1,0,0,0,2,3,1,1,0,0,468,3,0,3,0,0,3,0,0,0,0,3,0,0,1,0,0,0,1,0,0,0,2,19,19,2,0,2,1,0,3,0,2,2,1,1,14,1,0,1,1,3,0,3,2,0,0,0,1,0,2,0,0,2,0,0,0,11,1,3,1,0,3,0,0,0,0,2,2,1,2,11,0,1,0,5,0,1,1,0,0,0,0,1,0,1,0,0,1,0,3,0,1,129,25,1,5,1,0,4,0,0,0,0,1,4,2,0,1196,2,0,8,1,0,1,0,0,0,1,0,3,1,3,0,35,0,2,3,0,0,3,0,0,2,2,2,1,0,0,1,1,3,3,1,2,0,3,0,0,0,0,0,1,1,0,1,7,0,1,0,10,0,0,0,0,0,3,2,0,0,1,0,2,255,2,0,0,0,1,0,1,1,1,2,0,0,0,0,0,2,1,3,0,1,1,0,0,0,0,3,0,0,1,0,0,0,5,3,0,2,1,1,0,316,4,0,2,0,2,0,0,0,0,2,0,1,110,0,2,0,0,6,2
"ENSG00000141934.10",13566,143,575,56,4698,1248,13,35,1,17184,253,58,177,145,6545,395,738,2433,5,2349,3739,119,5215,1217,34,6,23,31,21,2758,2329,1288,123,71,532,565,61,1062,62,58,18,12495,46,21,286,39,26,58,466,80,1047,2289,210,240,54,355,100,33,188,32,75,7651,49,87,10,1145,24,34,3097,1002,246,163,22,152,16,65,5743,69,223,27,292,2103,3293,2651,32,206,34,88,70,134,5256,2869,4,50,1651,21,24,22,9,545,543,11,2020,7,2562,17,50,123,1590,14,1431,289,108,34,81,93,3683,8,3702,4758,6,16,14,4,27,76,178,12,285,4449,55,82,2335,6,3421,104,1427,44,2377,13,128,1648,3146,285,2741,6020,2838,4299,2825,9717,113,385,29,135,28,9,10,276,1026,17,15,3416,1583,1572,6022,131,32,3586,71,18,10,2,2502,18,6612,9,24,1555,1780,25,71,739,5,101,15,79,71,88,11,3,19,672,140,349,796,1457,164,26,28,2396,760,6,3593,22,93,11961,20,144,2107,28,616,762,12773,4065,203,11151,12,12,165,41,75,264,51,532,361,166,184,13,1729,18,19,52,166,3,20,36,88,44,14,39,655,50,46,1359,6722,2534,3,206,55,26,47,1711,81,24,107,248,174,2677,1305,571,216,20,3379,633,125,1061,2251,118,21,296,49,168,2019,139,26,17,2984,84,23,680,27,22,27,229,29,180,138,1152,1775,2654,1368,1378,2191,13,2563,9891,4750,90,97,14933,61,90,142,160,414,23,13,28,1374,1415,28,2726,2995,3482,1320,9299,35,1853,217,73,717,5467,132,976,44,2536,841,50,6,91,609,54,84,195,26,303,7,626,148,1710,110,35,52,5649,2,16,48,2492,1,98,291,2569,16,811,651,132,1080,6798,17,2040,9,46,42,5315,16222,5,56,2773,36,61,16,1359,226,374,5095,25,3831,1259,61,33,7,31,37,8189,959,6350,2919,35,9,438,2543,21,175,3503,546,115,30,23,1462,160,40,5,824,1096,21,38,34,222,13,151,165,30,5,71,34,1788,165,100,246,544,124,8,1383,235
"ENSG00000141977.9",1,0,0,0,5,0,2,0,3,0,0,0,0,0,0,0,0,0,0,0,1,0,1,0,0,0,1,1,1,2,1,4,0,0,1,1,1,0,0,0,7,0,0,1,1,5,0,1,1,0,1,1,0,1,0,0,0,0,2,1,1,1,0,5,0,0,1,1,1,1,1,6,0,0,2,0,0,5,0,0,4,2,3,22,1,1,4,0,3,2,3,0,1,88,5,0,0,5,0,1,0,1,0,0,0,0,0,0,0,0,1,0,0,2,0,0,0,0,3,38,2,1,0,1,7,0,0,1,1,2,0,0,5,3,3,0,0,0,5,0,0,0,1,1,0,1,5,0,0,0,5,1,0,1,0,1,3,0,10,1,0,1,6,1,1,2,8,0,4,3,0,1,0,0,8,0,2,2,1,0,0,0,0,0,0,3,3,1,0,1,0,0,1,0,0,0,0,7,1,2,1,1,13,3,0,20,0,0,7,0,0,2,7,2,0,0,0,1,1,0,0,2,0,1,0,0,0,1,3,0,1,1,1,1,3,20,0,0,1,2,1,0,3,0,2,3,3,4,0,2,1,0,0,0,0,0,0,2,1,1,1,1,1,2,0,10,1,0,3,0,1,0,2,0,4,0,2,0,0,12,0,8,0,0,0,2,0,0,6,5,1,1,3,6,9,0,5,0,6,1,0,1,0,1,3,1,0,1,4,0,0,0,2,8,9,0,5,2,2,6,0,0,0,0,22,0,0,1,5,0,0,4,0,0,0,0,1,0,0,0,2,0,0,0,2,0,0,2,1,0,0,2,0,0,1,1,0,0,1,1,0,3,0,0,0,1,4,0,0,4,0,1,14,0,22,2,3,0,0,1,1,4,1,7,1,1,8,1,0,1,4,0,0,0,0,1,2,1,0,0,1,0,0,0,0,0,0,1,11,0,3,2,0,0,1,0,4,1,0,1,0,1,2,0
"ENSG00000142319.18",9,0,0,2,4,0,0,0,0,12,1,0,11,29,463,0,0,1,1,3,3,0,15,1,0,0,0,1,0,0,0,12,3,5,1,1,1,0,0,1,0,40,0,0,1,0,3,6,3,5,1,19,0,2,0,0,0,0,3,2,0,38,0,0,0,143,5,0,1,0,1,14,4,0,0,0,2,1,1,4,1,3,2977,5,2,0,6,0,1230,0,31,16,0,0,0,1,0,2,2,12,5,0,10,1,3,1,0,0,48,0,2,0,13,1,0,0,9,0,0,1,0,0,0,1,4,7,4,2,2,2,1,0,7,4,8,0,6,0,40,0,0,0,5,1,6,3,4,1,110,11,4,1,0,0,1,3,0,28,0,8,1,131,12,0,3,4,4,136,0,9,1,0,1,2,1,0,1,91,2,0,0,3,0,1,0,0,0,0,1,0,0,3,1,2,42,2,0,0,0,0,0,0,3,0,0,0,1,0,0,0,58,7,7,1,20,1,0,0,31,1,0,0,0,0,0,0,0,9,0,1,0,1,31,1,0,0,0,2,0,2,718,1,0,10,14,3,0,20,0,0,1,0,1,0,0,5,1,5,0,1,0,0,5,1,0,8,1,1,0,1,3,0,6,0,3,0,4,0,0,0,0,1,0,1,10,4,1,0,9,4,2,0,1,0,5,3,8,0,0,0,1,0,5,1,0,13,0,2,0,1,1,0,1,4,0,65,0,0,68,1,1,2,2,1,6,27,0,2,2,0,3,1,2,1,0,1,0,3,0,2653,1,0,5,43,3,0,0,0,2,0,0,361,3,2,0,1,3,1,0,0,2,1,3,43,0,4,0,1,4,1,2,0,14,0,5,2,5,0,0,2,0,0,2,2,2,7,1,0,0,0,602,0,0,0,2,1,1,0,3,5,1,0,5,0,5,8,8,0,0,87,5,0,0,1,0,0,0,9,7,8,0,0,0,1
"ENSG00000142449.13",4,0,0,71,405,20,240,4,15,5,89,238,71,5,8,44,13,4,10,37,294,6,12,213,3,152,4,50,516,373,109,104,64,93,13,1,7,14,479,1063,1,4,992,1,16,7,9,52,12,1,18,96,13,3,6,88,5,1042,31,21,5,12,0,6,16,1606,66,2,285,136,33,39,8,3,378,18,100,353,895,77,19,470,0,64,3,10,34,0,6,62,120,15,942,86,2,16,3,12,78,5,82,3,1,2,1,8,17,3,236,8347,174,20,1,12,231,55,25,18,83,2,1,6,2,283,24,2,6,5,35,0,192,5,6,37,7,14,2,9,37,487,2,31,74,83,260,2,913,77,30,0,4,6,4,9,23,29,1,894,3,61,50,95,13,138,172,19,167,20,14,235,46,49,1,7,0,126,55,8,2,4,2,22,7,30,3,166,4,293,68,61,219,0,5,11,15,3,6,86,0,9,5,23,355,8,6,20,5,10,43,17,20,99,33,41,13,0,3,0,3,359,0,9,297,79,4,7,16,48,3,14,15,71,76,7,11,2,13,9,478,11,44,125,2,9,28,77,1,0,1,2,111,22,29,404,16,687,13,544,1,371,80,134,2,356,0,12,6,6,50,12,61,2,27,0,124,1034,188,2,40,8,16,32,1,7,6,693,1,1,121,2,4,49,8,14,20,222,38,14,30,1,46,2,354,0,21,17,0,19,146,109,2,75,23,1,0,12,99,506,1,239,940,10,6,6,64,94,10,22,3,0,10,371,112,4,18,3,4,7,233,1,0,0,17,20,35,2,2,398,6,2,0,275,44,2013,72,16,127,0,72,777,3,147,15,381,2,9,4,461,3,65,97,37,3,4,70,169,7,25,203,21,2,13,53,20,16,15,715,27,46,28,111,0,5,2,4,195,34,723,6,0,153,25,941,6,0,0,5,6,3,1,49,57,13,3,19,9,16,2,16,3,8,45,4,1
"ENSG00000142513.6",3,0,0,2,16,1,7,0,0,8,7,3,13,4,1,0,6,1,1,44,34,0,34,1,1,4,0,1,1,0,42,0,1,4,3,2,3,1,1,0,1,9,10,1,0,10,0,1,1,0,1,3,0,53,2,9,0,3,7,16,79,1,3,1,1,259,0,2,0,3,13,0,0,0,2,0,1,51,25,3,24,29,15,52,7,22,0,15,12,0,3,7,11,24,43,0,0,1,4,1,0,0,3,0,0,56,20,1,366,3,13,1,0,122,199,0,21,12,8,16,0,5,0,1,2,6,0,2,58,5,1,0,27,2,11,0,1,1,115,0,0,15,7,1,4,11,5,34,110,2,0,2,4,4,2,1,3,9,3,4,15,24,1252,15,12,3,31,8,5,25,15,0,0,50,3,1,5,49,4,16,1,54,1,1,1,1,6,2,7,5,1,13,52,2,6,20,0,10,0,5,0,8,4,388,1,42,0,18,2,5,10,133,12,3,2,8,2,0,6,1,0,0,21,1,1,1,2,5,1,2,98,1,17,1,1,2,2,5,2,3,90,0,0,21,62,16,7,11,0,1,0,2,0,1,0,16,0,14,12,6,6,1,8,193,2,7,52,2,5,1,8,0,20,2,0,109,24,0,1,532,9,100,0,4,3,12,0,1,13,7,3,0,4,3,4,16,5,1,0,7,2,35,8,3,3,0,0,1,5,32,1,64,0,3,6,5,6,8,8,16,14,6,0,74,4,14,2,0,4,1,14,7,3,21,73,0,1,3,7,1,4,1,0,5,29,1,1,546,19,0,0,0,2,179,1,1,44,7,22,4,14,5,1,298,1,0,2,37,0,2,4,4,4,2,22,6,14,4,2,11,2,4,2,0,1,1,17,0,0,2,484,1,0,23,9,2,7,117,3,1,4,9,750,0,2,1,3,10,0,1,1,3,1,2,4,9,24,28,103,1,1,0,17,2
"ENSG00000142515.15",0,0,0,0,0,0,0,0,0,5,0,0,0,0,0,0,0,548,0,1,0,0,0,0,0,0,0,0,0,0,0,1,0,0,2872,0,1109,0,0,0,1683,2,0,21,0,0,0,0,0,315,0,1,0,0,0,0,0,1,0,0,4,0,254,0,0,0,0,0,0,0,339,0,0,0,0,0,0,1,0,0,2,0,22,0,340,0,3,1,0,0,0,0,0,4,12,0,0,0,0,0,17,0,0,0,4,0,0,0,7,0,0,0,0,0,0,3247,0,0,0,0,3,0,0,0,0,0,0,0,4232,0,0,0,0,0,0,0,0,0,0,121,0,1,2,0,5,0,0,0,0,1,1,0,0,0,0,0,0,0,0,0,1,0,0,0,0,0,0,3,1016,0,1,7,0,1,0,0,11,1017,1,0,0,0,0,1,1,0,0,0,0,0,0,0,1,0,0,0,0,635,1,0,2,0,0,16,0,6,0,0,0,0,0,0,0,0,0,1,2,0,0,215,0,0,0,0,0,0,0,1,0,0,1,1,0,0,0,0,0,15,0,0,0,0,9,0,0,1,0,920,3,0,0,1,0,0,0,0,0,0,0,166,0,0,0,2,0,0,0,0,4,1,1,0,0,0,0,0,0,0,10,0,0,0,0,3,0,0,0,0,1528,0,0,0,0,0,0,11,9,0,0,28,0,0,1,0,0,0,2,0,0,0,0,1,0,0,0,1,0,1,764,0,0,0,0,0,0,14,0,1,0,0,1,212,0,2,5,0,13,0,0,0,0,0,0,1667,1092,0,0,840,0,0,0,1,0,0,0,0,1,0,0,0,0,0,1003,0,0,0,0,0,0,0,0,0,0,1,1,0,0,0,0,2,0,1148,0,0,0,0,0,0,0,0,0,0,122,0,0,0,0,2,0,0,0,0,0,0,0,0,0,0,0,0,0,0,0,0,0,3,1,0,0,0,0,0,17,0
"ENSG00000142583.18",52,1,473,290,36,2,116,5,14,16,7,299,446,1788,2154,22,34,738,4126,13,49,34,114,21,31,13,8,56,1,67,4,28,118,59,5,367,377,6,1,11,10,61,6,283,29,263,13,55,20,9,12,187,23,199,1906,2109,85,8,2611,7,1473,2533,6,38,5,6,35,609,19,679,120,424,2,6,3,4,23,5,80,939,2542,1107,139,398,1399,841,14,198,188,11,77,645,5,174,2312,5,159,18,132,852,54,5,372,21,118,15,7162,19,289,0,24,86,45,6237,67,20,39,4,58,84,24,41,7,32,14,55,30,32,2,164,13,7,2129,20,747,7,6,4,75,5,6,19,61,20,96,2665,140,12,41,36,7,34,1109,1189,410,1629,3,39,30,359,131,109,2882,38,20,381,299,71,4210,2944,1585,55,87,45,24,455,36,485,201,1031,0,291,129,36,1504,17,218,1361,268,470,5,2320,512,65,1257,2659,14,257,0,20,6,2036,293,26342,5,34,23,3902,10,660,16,52,154,9,68,89,557,8,197,210,6,4,15,6,6,15,58,2023,46,101,106,14,1518,1201,3,85,6,922,276,35,40,141,3250,13,226,8,60,16,731,5,11,0,2,44,13,36,22,70,60,25,90,50,630,59,4,19,145,9,21,7,46,13,693,8,24,2,203,63,909,557,9,56,1934,8,8,30,7,39,45,106,79,9,20,29,53,145,375,28,947,29,593,291,601,39,32,29,5,43,44,20,5,13,14,48,18,224,45,441,120,23,15,47,8,7,175,140,62,2359,12,13,5410,100,58,11,2187,24,11,243,15,12,5,915,14,38,2264,270,225,32,1112,33,18,93,19,395,4,18,12,15,54,50,14,76,524,13,33,346,8,55,20,240,33,33,36,145,106,4,6,11,6,60,1772,1231,5926,242,19,83,166,27,19,4,190,267,6,12,2,28,1378,24,58,5,4,290,222,2,4332,370,5386,202,13,52,102,298,23,12,8670,1,9,795,100,46,4,2,490,72
"ENSG00000142619.4",4761,0,0,6,18,0,0,0,0,31,0,0,0,33,3,0,0,16,0,0,0,2,4,91,1,0,0,2,0,3,0,0,13,109,1,1,648,13,0,0,2,19,0,0,0,1,0,0,0,34490,0,14,0,1,1,92,0,0,9,0,0,13,0,5,0,3,16,0,0,5,139,4,2,0,0,0,5,38,1,6,89,99,0,3,3,35,0,1,0,1,0,21,0,0,1,0,0,0,0,0,1,0,0,0,0,0,81,0,376,0,0,0,2,2,0,1,3,0,0,1,0,16,4,0,18,0,6,1,0,36,18,0,17,1,0,0,0,0,1,17,0,2,25,0,0,0,0,2,9,32,3,0,0,8,0,1,0,0,0,10,20,0,0,10,2,19,0,27,5,595,0,5,594,2,0,0,0,0,3,0,0,0,0,1,0,1,0,3,11,2,1,4,1,14,22,0,0,0,0,33,390,4,0,89,0,2,2,31,2,4,2,0,0,1,0,59,0,1,1,259,1,0,0,0,0,0,0,2,0,5,2,0,5,0,0,0,0,0,3,1,4,9,0,0,0,0,0,0,1,0,0,0,0,0,0,0,0,2,2,57,2,234,7,1,0,18,593,0,7,0,4,3,3,0,56,2,0,0,0,2,1,21,4,1,0,7,1,1,0,0,0,18,0,1,0,1,6,0,14,0,13,0,3,0,0,0,0,0,8,8,2,8,0,13,0,1,6,0,0,3,2,22,0,4,4,0,1,0,8,0,25,0,34,0,1,1,0,0,0,0,0,0,0,6,2,25,2,0,2,0,1,0,0,2,1,0,0,1,0,0,15,0,1,1,2,10,0,1,0,3,0,0,21,0,274,4,4,0,4,9,3,0,313,0,0,1,0,2,0,2,4,0,0,0,0,0,0,2,0,0,0,0,26,1,0,0,1,0,0,0,0,2,0,0,117,0,1,8,1,2,0,0,4,2
"ENSG00000142621.19",307,0,8,15,63,11,4,1,2,65,3,3,8,209,64,5,22,5,3,17,26,2,88,15,12,6,0,20,29,28,79,17,14,8,11,19,20,8,0,2,0,34,7,20,7,123,10,8,5,5,1,98,16,9,78,23,9,7,151,7,53,56,1,63,21,31,1,41,17,68,130,33,5,2,1,2,52,42,12,221,151,106,47,59,74,9,19,52,26,5,45,44,5,9,11,2,40,74,17,46,19,1,64,147,27,5,232,1,114,1,58,34,16,47,9,1,16,12,41,67,41,16,2,13,51,2,7,2,4,36,7,2,38,8,13,5,1,2,21,3,2,24,52,5,29,62,24,43,12,85,2,9,13,16,7,7,5,15,7,10,11,7,108,29,29,28,43,12,137,76,136,69,8,35,2,3,19,15,84,301,0,131,7,20,30,2,29,29,81,90,3,204,123,62,75,4,12,18,1,170,1,8,49,251,3,13,0,593,93,1,8,169,14,1,18,100,3,0,71,25,0,7,6,20,7,6,158,56,14,4,11,6,92,21,7,38,2,33,48,12,65,49,29,48,49,3,4,13,37,6,6,1,6,7,8,35,5,5,22,91,166,87,50,16,3,70,12,4,96,12,29,9,24,4,134,7,4,3,16,210,18,5,188,8,17,1,8,7,14,52,39,7,34,8,9,42,87,5,16,53,9,40,57,6,33,3,3,4,7,4,5,20,1,45,53,64,14,33,7,9,18,80,4,92,56,14,16,1,2,1,26,3,13,10,2,4,14,27,3,5,2,113,28,21,106,8,2,27,8,4,5,55,6,33,13,8,17,13,8,6,51,8,29,20,45,14,3,21,1,37,49,7,1,14,161,13,80,15,15,3,43,91,235,11,17,7,24,20,15,449,50,137,12,59,239,5,215,9,18,2,1,6,19,43,98,44,24,37,7,38,18,3,36,6,25,7,42,157,57,8,1,0,41,14
"ENSG00000142623.11",9324,1,9,38,6,2,0,1461,6,93,13,0,0,31,7,3,13,98,93,3,3,62,3,74,8,0,0,4,1,73,0,15,20,8317,12,0,9,4,0,0,0,11,0,0,8,18,0,5,0,99,2,33,3,5,0,469,0,0,834,2,0,38,0,1,0,1,15,2,0,1,0,50,3,7,0,12,28,19,5,205,92,289,5,3,40,6870,0,0,4,9,7,84,0,0,158,10,0,0,10,0,27,9,5,0,1,2,1381,1,89,0,2,2,0,926,5,3,18,0,1,0,2,89,484,2,9,40,130,1,100,4,61,177,2,3,0,2,30,1,0,103,1,23,21,9,6,0,0,0,1,79,74,0,0,49,35,2,0,2,0,19,1048,4,30,95,1,6,7,10,5,254,0,37,52,17,1,22,7,0,86,0,0,217,114,0,19,2,2,500,505,0,5,1,0,75,1085,1,2,3,1,2,2219,4179,2,55,0,2,8,1784,1,2264,14,0,2,0,23,38,4,0,59,5171,1,16,0,0,9,1447,0,5,0,0,3,0,0,0,2,1,0,0,1,8,32,11,6,5,1,0,0,0,1,1,0,1,8,0,0,2,2,17,0,13,12,511,12,0,3,5,24,0,0,0,0,4,0,1,0,0,50,8,1,1,0,6,7,1,11,161,0,3,0,0,2,12,6,0,0,2,61,0,15093,9,55,2,12,1,0,2,0,8,0,0,0,2,0,6,0,2,3,0,1,4,16,21,0,4,22,5,27,2,2,18,3,3,46,1,0,48,3,8,0,3,25,2,1,18,13,5,21,2,1,1,7,10,2,72,1,5,0,36,1,0,1,0,1,7,7,348,0,0,5,3,0,3,13,0,31,956,16,8,522,15,143,0,8803,0,1,6,0,34,0,1,4,0,1,0,0,1,38,0,6,1,16,0,11,0,47,3,16,1,1,1,4,2,1771,8,10943,1,2,2,3,13,6,3592,0,0
"ENSG00000142627.13",2673,1097,1261,755,510,343,389,332,1012,1072,2267,423,893,9890,1458,2877,607,899,161,2501,2249,3164,1944,2514,1232,580,221,4198,173,3981,789,1641,2053,701,2508,2215,1007,392,369,469,855,2810,488,973,4147,86,1190,505,10879,1388,662,2714,3407,407,1117,357,1268,692,340,111,567,1439,636,1203,992,863,694,254,611,453,5307,608,3290,6329,560,894,367,357,901,666,752,686,3424,247,1040,449,412,96,1227,412,1318,3223,193,674,245,779,250,880,592,1016,1601,3900,1136,526,539,1745,2100,1635,1021,219,446,2381,591,1544,838,1778,937,134,808,1059,28,477,340,6832,746,10006,6495,99,1567,3140,834,2149,1281,2107,813,2739,972,1234,486,388,1086,1569,3406,7213,1149,2830,360,557,1031,1746,3411,2203,2908,2023,2295,1284,211,1442,800,1035,2116,197,735,828,478,1855,987,929,255,215,646,888,1171,606,495,550,837,261,3973,296,1972,1275,217,821,303,2279,1666,2488,1675,254,557,1553,310,1791,1392,1165,1360,2591,539,1238,619,624,783,414,2607,1457,1300,535,621,881,1374,1055,1001,5837,1852,2473,1231,169,854,2812,3954,964,76,1367,2168,7153,484,543,216,476,574,1563,563,326,106,280,917,209,825,2630,2463,915,388,1211,961,242,1181,117,1370,593,664,520,1893,1517,736,2189,1533,517,314,2643,1306,848,2744,1065,16806,776,1079,1657,303,4647,2807,1361,3071,2112,1533,276,917,4917,1195,681,1086,305,829,696,249,1481,2382,1031,114,453,3728,2267,348,335,227,2044,2203,861,913,3141,1605,415,595,2553,154,295,224,1371,861,509,671,978,2151,1278,800,6000,371,789,3102,611,726,1191,2619,427,1352,428,9174,312,54,1096,280,386,1649,370,259,2713,1385,694,323,408,1041,315,374,1199,163,1224,317,711,385,3077,1399,3976,1347,2283,1068,4243,565,2434,843,1158,2593,3844,1071,306,2052,1393,225,2617,1066,167,291,616,122,315,686,777,4539,4746,520,877,436,716,1259,1337,3178,528,552,2402,117,1066,800,994,1413,474,243,296,315,474,5658,2791,1325,124,639,1011,876,831,915,3251,181,929,2317,776,458,1367,308,282,352,1953,794,4312,1134,323,1725,11353
"ENSG00000142731.11",53,6,59,41,148,138,72,53,20,285,39,247,370,1465,229,38,35,142,168,36,58,23,43,75,83,43,48,715,39,198,247,189,154,76,39,257,148,38,180,166,24,284,278,40,50,49,26,100,18,31,58,429,110,201,35,126,52,156,534,173,59,181,36,125,25,156,68,44,515,345,305,50,45,12,21,10,374,45,361,236,138,238,243,57,120,99,44,28,67,9,70,115,35,37,21,13,50,145,110,169,50,37,262,46,86,286,100,11,689,129,106,60,70,353,106,44,826,70,229,363,35,213,35,72,84,3,18,112,200,239,54,15,372,23,174,20,49,28,184,22,28,269,222,44,79,600,204,96,166,204,22,10,118,94,34,148,43,175,250,185,77,50,104,117,56,288,256,169,139,697,23,97,122,1308,19,52,63,49,159,114,12,100,127,217,80,31,151,44,47,363,38,887,232,262,64,79,37,60,23,188,28,444,185,1021,14,82,33,341,108,280,53,155,183,128,135,278,7,40,66,261,11,102,54,16,52,15,87,778,22,80,241,108,121,119,24,142,24,60,82,41,67,53,17,31,188,226,124,24,60,83,20,27,13,215,29,107,66,38,36,1013,372,142,385,197,27,84,100,17,1199,13,132,13,156,19,41,99,81,7,31,77,1015,92,56,9,97,249,7,52,44,60,93,65,24,28,45,457,1111,49,92,81,231,18,474,21,106,14,20,68,57,290,101,222,94,75,80,292,522,247,30,60,148,239,19,422,115,171,34,82,45,14,161,68,49,86,212,34,128,692,29,24,16,126,55,157,178,164,36,39,84,15,52,460,57,494,42,28,125,308,237,30,88,35,59,118,467,33,53,438,35,49,113,111,35,60,565,23,226,10,75,307,33,224,54,19,61,39,203,49,54,82,154,63,16,133,56,129,156,279,97,14,67,104,53,16,299,64,102,184,103,71,134,105,47,44,61,41,47,877,77,71,12,24,433,28
"ENSG00000142748.13",95,303,590,264,309,41,206,1601,43,3217,65,90,17,74,360,15246,2116,60,20,1430,731,7351,388,471,99,58,61,19,47,20,71,594,83,2575,228,855,256,803,46,49,124,346,158,53,5410,36,68,208,5447,156,1140,23,7929,18,120,18,873,19,158,39,54,57,38,2024,4268,10,234,127,749,45,563,93,77,4893,634,6535,56,190,9,129,50,113,103,121,123,85,72,20,218,41,214,56,52,261,140,2924,2784,211,15,240,1233,8746,172,11,179,106,194,9211,50,485,279,6356,261,124,6,228,150,20,15,64,37,58,51,144,170,6499,4192,81,113,1640,1026,3762,19,150,219,8914,60,8491,11,58,2312,179,83,13241,822,163,140,13,23,47,6992,4066,102,109,1816,43,51,823,64,78,107,10,44,272,133,706,170,45,25,73,26,12,95,51,113,31,313,33,2910,18,5496,78,24,23,97,475,235,44,125,15,7,173,127,48,127,80,6086,73,163,75,33,102,241,64,8358,170,36,529,1718,23,2496,681,42,29,983,167,33,65,248,136,966,201,42,80,3615,4155,818,45,113,51,381,130,225,151,49,155,713,175,46,162,54,65,252,127,31,149,16,83,74,80,1209,41,748,266,9699,264,7145,169,40,74,424,491,110,9,3667,89,234,3940,89,9146,399,3251,43,11083,16,55,83,7496,43,108,110,83,84,6931,25,832,2936,412,9,133,6775,260,242,46,70,75,48,26,1026,42,2724,56,24,19486,32,405,696,84,421,18,125,21,46,90,240,190,110,44,134,112,98,251,4535,14,243,52,3647,96,31,7446,18,1963,1306,2574,55,7213,48,90,72,60,7099,106,171,826,30,140,86,47,27,2455,5928,639,1363,157,58,9798,31,316,63,6,30,298,619,14,800,44,51,9,86,161,56,100,10,17,62,2762,307,1310,103,125,70,378,698,724,7016,291,124,136,117,31,31,93,3740,100,32,139,67,64,3988,3349,46,54,124,7,1266,205,16,19,361,447,1508,2171,102,354,125,23,23,172,19,8560,7509,5508,9,7748
"ENSG00000142871.18",4499,6094,2566,3518,4315,512,121,1766,6526,1678,3171,3804,662,29787,298,8827,512,1964,2498,5244,1566,4336,2503,3516,1405,309,1635,11302,107,11058,1345,1095,1988,8791,3321,3442,5547,1133,3365,3403,2200,2486,4360,2148,29718,273,387,5371,7769,2907,480,2313,5721,1001,2060,288,8163,869,1469,275,2234,2384,1072,8024,710,1686,544,3004,487,3316,18539,4887,1212,8122,701,2169,3684,699,1157,1534,4448,744,8656,2489,1003,124,848,1168,5516,536,2776,1489,286,265,349,867,4205,3711,1938,4350,1816,14811,5013,1829,5239,3960,1082,7501,2169,990,941,26748,18750,1360,844,1695,1945,930,764,2104,449,2103,594,1020,1124,6050,14324,218,373,3132,1223,17822,1344,2311,793,12743,1954,8426,2935,498,4153,1774,4421,16015,3918,1930,1291,370,2287,4388,2563,6372,1557,2083,5873,998,1015,3770,1273,3004,1830,608,2929,2297,540,6912,3386,1543,231,792,526,1016,1251,2190,1959,989,1216,4630,4369,1538,541,589,1240,1755,2484,2745,12089,8264,1361,169,2508,9441,1403,1043,1654,145,7610,1070,800,800,2266,1484,1955,590,8568,386,2721,521,1905,677,6520,3688,735,706,3353,3091,1485,802,3338,5184,4525,901,854,536,4520,8390,3138,1336,235,2198,565,1454,1403,1390,1122,1664,5440,2780,173,4401,1089,837,4055,693,1379,1864,467,633,4068,1505,1105,566,7045,1421,1112,1729,7161,726,1203,1195,4006,1618,1303,1439,3848,665,870,3766,1364,2923,980,1323,682,5792,2813,390,956,3275,830,1566,583,772,598,4656,2373,1785,2061,2817,499,3364,10312,1593,4526,2131,1595,751,1611,4345,3230,3767,4277,611,2820,15714,950,2662,780,618,842,604,1331,316,3389,1324,3523,1727,1270,10857,4605,658,1390,3339,8078,2292,1648,647,16754,2452,1285,3193,2252,678,4202,1256,2488,7195,2933,2337,1600,712,8260,4578,1760,1942,659,940,2147,551,740,4385,2267,2544,1331,2269,1735,28447,915,17699,1024,746,2327,9904,5313,526,5372,760,177,1679,4630,492,1035,1875,339,726,714,1649,765,1938,1269,1208,363,1707,807,521,5616,1255,2690,852,357,811,345,871,2583,843,1003,1075,1930,1004,15242,3213,327,536,2191,1131,2295,8543,711,1038,726,14166,7124,1438,1985,7308,1105,223,2383,9742,1172,11256,10996,1232,771,7921
"ENSG00000142945.13",193,4,110,97,314,179,532,67,34,1209,56,293,1023,4347,1062,25,81,576,408,80,140,9,194,125,144,84,250,562,88,763,586,618,533,62,43,497,291,93,708,360,26,657,470,22,33,327,62,662,9,30,184,1307,90,698,265,343,21,612,632,777,35,517,64,543,13,286,95,50,1278,879,902,155,96,7,137,9,912,182,982,674,498,374,1330,302,337,204,130,123,162,48,284,349,94,999,102,10,32,519,295,1145,231,25,1109,95,281,774,374,13,5396,217,135,51,86,344,297,104,1149,199,2721,1656,75,329,41,373,331,5,17,463,163,614,90,15,2295,69,609,22,64,16,1473,44,9,998,656,35,127,2121,672,519,686,636,47,16,427,256,59,624,112,556,241,238,348,277,842,206,403,566,636,1810,391,3309,184,232,367,2347,149,104,247,794,389,232,18,261,79,487,101,163,310,34,151,856,84,4911,1232,1067,127,848,33,336,61,551,100,1046,431,2073,5,770,59,1016,551,493,113,498,2478,171,447,601,36,39,217,572,10,269,560,64,16,9,195,1713,97,234,1031,347,236,372,36,720,28,128,413,220,56,162,19,52,310,907,340,138,145,142,34,344,38,1010,15,298,56,121,105,3246,926,276,3046,1732,26,141,427,25,1040,19,459,11,1681,16,65,307,1065,7,78,800,764,978,160,12,89,634,15,176,457,231,90,151,107,132,142,1607,2571,107,92,123,734,84,4291,22,743,55,28,152,191,1203,135,565,337,363,241,409,2710,501,43,127,313,1045,17,799,305,358,31,79,153,14,955,392,113,135,573,22,375,4409,85,170,9,174,55,740,1136,304,20,317,1026,13,86,1638,55,1311,70,31,315,984,728,172,361,47,179,696,1906,53,531,1147,47,420,372,178,206,475,1138,55,455,10,73,691,49,370,125,73,88,263,557,176,396,380,977,158,11,234,162,152,324,782,113,11,167,239,68,18,1457,74,753,1134,334,55,197,362,22,28,202,98,192,3982,609,63,10,21,1452,16
"ENSG00000142959.5",12,4,18,9,5,8,28,3,1,36,9,6,31,50,24,4,6,14,28,4,0,1,3,12,36,17,24,26,4,32,11,6,12,7,17,5,37,5,27,14,1,37,16,9,5,28,1,1,2,5,18,14,8,5,96,31,6,20,16,7,12,22,31,12,30,2,3,204,25,6,171,3,2,2,5,2,19,31,33,29,44,16,116,3,24,9,0,0,10,1,23,68,11,1,9,1,59,2,58,4,10,7,10,26,8,25,63,7,119,32,5,6,5,9,11,21,8,37,231,45,1,56,0,11,9,16,2,11,6,53,16,1,15,2,3,1,17,4,63,2,2,24,20,8,12,13,17,4,42,18,6,11,1,29,6,22,5,17,19,8,12,26,13,4,25,17,26,27,4,9,8,13,2,20,5,13,17,142,77,12,0,3,1,19,9,5,4,6,10,6,12,35,60,22,4,68,5,12,5,26,2,5,11,11,0,35,18,7,11,1,8,20,40,3,20,11,34,0,8,33,2,10,9,11,5,3,20,9,7,12,109,48,18,13,111,10,0,33,0,14,4,7,19,6,34,98,16,2,18,25,2,2,0,2,3,21,2,6,8,8,12,4,8,83,1,8,26,5,29,6,6,3,105,3,5,36,19,3,14,33,49,18,15,3,52,8,0,3,19,9,7,2,7,140,28,79,7,42,19,9,7,12,56,6,15,4,6,70,17,42,8,12,15,17,5,14,34,31,4,4,4,94,3,8,1,24,3,71,5,2,104,17,3,10,46,0,18,16,11,6,0,5,2,45,64,0,16,27,14,1,1,133,9,36,34,3,18,90,5,71,37,8,99,32,6,12,13,9,3,10,11,36,9,38,83,2,54,10,3,24,10,15,185,0,4,4,15,14,16,6,120,134,0,12,6,4,20,55,61,3,4,8,10,32,18,5,20,5,1,4,7,13,27,2,2,9,11,22,30,3,2,2,41,4
"ENSG00000143001.5",45,2,0,1,50,11,0,0,3,144,0,0,0,15,54,0,1,14,0,53,3,0,3,3,2,1,2,0,1,13,27,16,0,1,0,4,1,3,0,0,0,21,1,0,3,0,1,2,1,1,1,1,3,5,0,4,1,1,0,2,3,7,1,7,0,0,0,0,1,5,98,0,0,0,1,1,33,2,10,5,4,6,7,29,8,0,0,0,2,10,42,2,3,0,1,0,1,1,23,7,1,1,40,0,6,1,28,1,12,4,17,3,0,12,1,2,47,3,66,0,0,1,0,14,0,2,3,1,15,4,0,1,12,3,9,1,0,0,28,2,0,100,13,1,6,28,12,18,1,332,0,1,5,17,2,0,1,2,10,6,35,10,6,23,29,16,30,17,3,33,3,3,2,4,12,0,14,4,86,0,0,9,0,20,0,1,0,1,0,4,0,0,6,2,2,12,4,1,1,5,0,3,34,6,2,2,1,2,4,1,7,15,22,1,2,144,1,0,1,0,1,0,0,2,0,2,0,1,6,0,0,0,1,0,0,2,1,0,2,0,2,2,0,0,6,19,0,2,0,8,1,1,1,8,2,5,1,1,0,10,10,0,9,5,1,19,7,2,20,1,1,2,3,2,2,0,8,0,2,4,140,4,3,1,0,0,1,5,0,3,8,1,62,7,1,49,58,0,1,62,3,0,1,1,1,2,0,1,1,1,0,10,0,38,2,55,0,6,6,2,34,106,0,6,0,3,3,0,0,0,1,2,1,14,0,0,0,42,0,5,1,0,0,15,9,1,2,0,0,1,1,143,0,3,2,0,14,7,0,23,2,0,1,47,74,0,1,0,3,2,1,2,0,1,79,0,0,1,1,146,0,6,0,9,7,7,25,22,6,12,73,0,4,37,26,1,1,4,0,0,0,2,3,0,0,0,0,0,0,1,1,3,0,1,1,15,36,6,25,2,1,0,0,1
"ENSG00000143061.18",3013,20,119,389,632,485,289,1072,293,3387,82,154,166,5815,1066,155,38,850,140,354,1137,45,506,356,22,65,749,908,306,1644,170,2776,917,167,1492,84,932,29,56,61,207,1411,452,98,314,280,123,864,120,78,43,729,244,292,23,1486,115,447,316,70,72,2670,214,331,28,31,718,478,1378,882,6151,595,672,24,40,26,2346,94,878,1059,2137,2375,360,123,2040,648,215,55,208,119,1045,1727,344,376,88,16,39,930,2425,1536,247,78,760,40,212,48,1717,57,4588,507,534,185,216,649,265,39,841,88,3509,1864,103,358,88,120,251,26,129,273,440,10754,462,75,2836,313,1155,167,23,28,1647,471,110,1176,2073,245,690,3561,750,129,892,6773,113,116,2511,1346,113,521,422,3356,435,1298,14,334,2419,392,748,656,1467,1114,2380,5019,642,496,132,425,224,66,687,57,1081,808,24,397,421,1263,7,55,1019,39,729,227,35,428,2671,1739,392,133,82,631,12,622,29,1436,217,1753,49,129,72,484,182,564,250,179,3051,2286,2406,6109,224,13,594,1480,33,713,219,108,264,69,36,2002,210,849,58,581,285,70,35,1025,35,12,777,893,416,584,203,110,3541,281,955,73,437,24,34,163,35,1180,58,915,116,262,93,2652,799,1043,1544,971,174,79,687,90,1045,39,683,97,1969,114,869,71,242,39,63,662,499,536,967,33,18,88,67,65,220,879,870,244,370,1063,190,828,2875,45,2814,8786,140,73,1219,111,586,99,64,52,673,475,19,78,44,178,748,4876,683,888,180,358,154,7433,41,1012,953,490,403,16,171,59,59,31,52,761,321,118,367,7783,77,25,46,76,1298,1379,1376,867,184,111,801,31,71,2893,207,4517,6,68,507,2846,571,773,2349,214,146,1621,9458,61,200,2489,16,232,475,755,150,248,1044,51,2354,247,119,425,149,1173,327,367,354,949,123,1069,1531,747,2831,81,134,877,185,470,553,542,541,59,463,66,74,23,320,230,920,2822,157,217,603,393,97,156,891,729,720,2658,917,230,51,482,133,109
"ENSG00000143125.6",0,2,9,0,1,0,1,17,3,1,0,2,0,1,0,2,0,3,9,0,1,0,1,0,1,0,5,2,1,0,1,0,1,1,0,0,0,0,0,0,1,0,3,5,0,2,1,0,0,1,0,0,0,1,20,2,15,1,3,10,2,0,1,30,1,0,1,0,0,18,1,1,4,1,0,1,1,0,289,15,1,10,0,0,10,1,0,0,1,0,0,9,0,0,29,1,0,3,0,0,1,2,1,0,0,1,10,2,352,4,0,1,0,0,2,0,0,3,7,1,1,8,1,1,0,0,1,1,1,1,1,2,0,0,0,0,4,3,4,1,0,0,1,1,0,0,1,1,0,0,0,7,0,14,0,0,1,2,33,11,0,2,2,0,1,0,0,2,59,4,0,0,0,3,0,0,1,4,1,0,0,1,1,0,4,0,5,9,3,4,2,0,0,3,15,3,1,0,0,0,1,6,0,5,2,0,3,1,2,17,0,0,1,11,4,0,8,11,0,2,1,2,0,2,0,0,4,1,0,5,0,0,0,2,6,1,0,0,4,3,0,1,13,2,1,2,0,2,2,1,0,1,1,0,3,1,4,0,0,4,4,5,1,0,0,1,0,1,5,0,0,1,0,0,3,1,1,0,2,6,3,0,2,0,1,0,1,0,1,1,0,0,0,0,22,0,1,0,321,0,4,0,3,2,0,2,2,0,0,4,3,0,0,1,18,1,2,1,0,0,0,4,2,1,1,2,0,40,0,0,10,1,2,202,5,2,3,0,1,0,2,17491,1,0,357,1,4,2,1,1,1,1,1,1,0,2,2,0,2,1,6,0,581,2,0,2,0,3,1,1,3,0,1,2,0,4,0,0,25,0,1,4,29,0,1,0,3,1,5,2,0,7,2,0,1,4,7,1,0,0,0,3,3,1,0,3,0,0,0,0,0,0,1,1,5,0,6,13,0,1,3,37,0,1
"ENSG00000143194.13",52,7,18,22,46,8,0,2,14,44,0,1,1,31,53,9,131,44,23,22,7,7,320,15,29,22,0,60,4,45,3,18,6,1,15,2,45,3,0,1,1,55,7,8,8,0,4,29,5,10,3,39,1,1,0,105,11,0,6298,6,5,10,33,97,3,0,1,19,40,4320,114,83,48,5,0,0,89,26,0,359,71,129,15,41,38,17,16,51,9,27,32,35,13,7,4,6,0,1,1,133,2,19,199,0,15,2,117,4,12,20,2,14,12,461,5,8,138,0,8,1,15,15,3,15,29,21,15,19,3,91,7,1,92,16,160,20,2,4,261,20,5,133,2760,7,10,110,7,192,1,5,8,15,57,29,7,3,0,30,7,16,7,16,8,0,18,13,12,154,734,131,71,86,240,21328,63,0,28,121,12,2,4,6,0,66,7,1,84,22,56,64,4,2,2,11,34,4,1,17,1,35,241,419,3,14016,3,21,2,32,46,9,7,4,162,7,5,16,3,0,1,24,6,0,0,23,2,2,161,29,50,2,44,80,5,7,8,2,0,0,0,12,1,81,3,4,107,2,0,0,4,3,7,13,6,4,0,0,2,2,3,202,68,1176,299,20,3,18,136,11,97,2,39,3,271,1,22,1,14,6,116,43,97,1,19,1,35,2,10,12,0,37,13,31,12,16,4,0,60,5,1,15,42,1,0,3,1,9,0,107,74,2052,4,5,1,77,5978,8,0,6,10,32,7,10,1,4,4,2,1,24,0,5,81,7,8,0,17,7,25,287,0,0,25,1,28,211,486,22,11,7,17,3,1,22,20,1598,2,16,16,14,0,26,9,23,12,79,13,121,16,12,0,74,15,5,0,2,15,1,29,3,0,47,4,429,79,23,55,17,1,48,1,10,1,21,1,7,1,8,29,0,19,5,16,0,10,36,54,37,57,20,5,8,109,0,11,0,217,0,5,35,3,2,13,0,5,10
"ENSG00000143195.13",174,43,90,281,112,135,1,243,159,99,0,177,9,1573,614,82,61,373,606,61,304,61,29,777,684,248,10,874,21,460,6,88,781,19,1343,29,803,89,11,47,41,172,127,103,104,1,188,405,44,129,96,75,26,34,8,1565,12,7,387,110,49,608,609,394,4,3,8,207,1372,3127,1897,703,809,19,0,64,1219,61,11,14,22,2166,62,507,1446,17,223,53,49,198,471,1492,284,136,11,63,5,681,16,1083,20,83,411,7,214,36,594,51,357,673,7,39,85,496,25,90,267,5,126,201,122,239,5,885,283,76,32,217,11,1895,449,86,827,153,2492,198,2,106,593,845,38,847,270,69,39,3462,140,7,2,64,32,68,1439,168,76,306,17,1408,183,678,73,77,380,13,25,320,434,1816,2326,2880,405,386,3311,4697,314,3,550,1,124,17,35,65,48,1325,131,16,963,248,542,76,22,31,3,380,467,59,18,300,69,804,957,2975,14,2409,82,556,6,496,191,406,30,16,1042,136,188,213,294,0,256,1315,84,14,3,268,54,83,1039,326,237,96,429,555,169,89,60,226,19,1,2,253,53,954,28,106,246,34,21,6,60,311,85,94,44,6,34,2,87,16,4,2034,489,1056,1506,4,27,65,1650,35,1043,6,883,8,98,39,915,3,22,28,382,538,1408,87,169,14,95,9,52,27,1,417,42,620,79,761,25,0,1631,62,4,51,1434,7,4,74,11,153,4,1149,4,352,332,10,3,1114,2516,34,6,14,85,249,69,76,14,13,20,52,54,231,7,20,32,60,32,26,424,73,471,6436,0,3,156,22,276,208,1032,389,40,20,268,19,37,900,403,61,14,55,81,127,16,69,182,99,310,502,49,1120,154,652,48,475,314,182,3,63,399,18,1081,57,6,684,58,324,573,282,7,269,7,1090,49,275,5,115,6,108,8,199,685,4,435,109,451,4,119,114,157,220,794,938,26,56,1335,43,261,4,4991,2,159,900,8,66,43,2,149,27
"ENSG00000143228.13",75,2,37,56,537,320,104,46,24,301,66,312,626,2098,1306,17,113,232,326,94,144,8,80,74,114,133,119,671,60,290,575,312,281,41,36,180,215,132,254,163,17,240,466,52,20,50,14,296,12,27,178,469,64,846,160,163,15,704,466,628,42,499,122,434,19,397,52,37,1434,752,718,151,59,4,38,8,870,230,772,350,1130,358,537,200,267,220,85,174,94,14,336,212,162,72,51,5,25,647,212,364,158,14,495,60,106,632,262,5,2513,243,202,31,47,278,166,62,1295,185,1248,1396,101,417,15,281,267,3,5,313,460,621,63,7,1408,26,873,12,99,2,864,26,3,1091,256,33,110,1770,678,529,628,306,26,3,161,215,31,405,70,274,156,174,171,156,401,181,432,521,347,767,523,2802,85,176,319,4104,121,77,177,405,256,173,17,115,164,469,88,140,292,21,173,758,38,1711,392,533,83,1098,15,272,37,463,147,1318,431,1602,6,286,34,630,292,486,40,403,626,140,206,226,31,78,117,307,5,171,81,54,19,5,223,1406,53,128,857,206,275,257,32,452,13,69,143,217,35,149,12,44,462,947,229,56,77,97,22,111,26,852,14,189,27,114,125,1942,756,163,3136,1217,15,238,399,14,1119,16,396,7,573,4,73,553,399,1,80,475,1330,668,97,3,135,542,7,166,121,347,44,159,129,70,120,415,1004,150,99,89,365,18,1030,20,278,33,19,110,122,938,88,1398,317,353,321,160,1368,422,21,172,431,345,15,1693,347,260,16,63,126,6,813,178,46,96,857,19,196,2988,77,68,3,109,90,560,1023,193,18,70,524,4,50,554,57,638,55,15,578,749,543,185,433,23,175,646,1896,46,94,692,38,233,369,275,154,264,724,31,331,2,36,603,38,282,138,12,46,86,848,110,231,286,510,95,8,340,273,242,192,996,77,6,85,261,58,25,887,38,562,415,172,69,128,158,27,23,224,140,115,1177,305,49,10,10,1731,12
"ENSG00000143369.15",2745,734,696,353,610,121,20,193,170,1366,425,136,50,1153,5480,2692,604,136,84,828,1063,3628,848,684,119,109,77,340,34,346,217,661,588,1224,323,258,475,308,99,171,52,783,154,49,2665,136,138,607,3372,125,222,354,2517,37,56,143,502,83,168,92,81,285,35,1277,790,109,87,51,742,103,866,653,144,1732,260,2143,446,318,85,214,125,107,180,571,115,97,281,13,973,73,483,209,46,210,98,1901,999,411,185,428,733,2074,711,65,558,427,213,2627,494,50,628,2536,1029,817,130,63,599,69,98,305,26,274,177,138,271,2164,1426,88,179,789,762,3160,208,242,539,3318,230,2629,426,110,1279,1127,760,3526,798,462,142,204,193,550,2860,2631,130,236,989,83,73,1184,219,404,379,53,171,540,412,750,502,437,83,316,57,114,143,148,260,83,336,275,2007,58,1031,838,101,221,84,206,938,859,168,58,204,2694,114,442,189,141,2612,114,42,246,104,151,1036,187,1853,172,120,265,1327,123,1486,430,159,120,1244,1585,56,103,359,328,1277,147,159,108,1256,1651,234,122,147,182,63,124,859,271,100,222,1975,102,110,275,968,339,101,244,336,215,18,159,249,84,375,40,1142,140,3147,381,4116,1142,459,256,940,429,470,148,4412,717,166,2786,178,2702,396,1162,154,2780,259,43,346,2680,34,294,90,56,89,1203,115,554,2612,460,91,278,2793,207,434,112,179,293,542,77,464,938,883,195,779,3993,20,344,90,215,184,44,109,590,87,368,1181,1638,99,226,1105,282,504,437,2392,327,750,176,2351,78,97,1928,75,356,758,205,282,3657,68,349,55,47,2553,88,388,322,111,253,217,405,199,2448,2952,678,412,385,156,2421,122,341,165,89,87,361,455,413,2758,232,143,498,332,222,96,249,43,78,229,421,86,2531,237,78,56,164,234,427,2261,57,302,387,68,62,255,61,1139,325,92,237,160,276,3602,1689,93,55,461,37,1383,1536,141,118,180,682,1074,310,206,397,356,154,124,5378,257,4530,2632,730,311,1844
"ENSG00000143476.18",121,1,95,168,1294,486,171,135,16,611,136,952,654,1773,1104,110,98,384,922,176,233,12,229,201,141,374,135,1456,164,470,1161,898,601,237,108,573,272,298,631,541,23,298,883,106,51,491,29,533,21,113,176,1120,378,896,153,716,28,575,1000,2120,29,861,177,960,26,347,219,191,1543,1232,1067,188,184,13,112,7,679,274,1512,911,244,654,1209,206,983,217,78,335,153,12,709,408,226,229,137,18,37,2175,314,1903,152,58,911,252,243,607,475,21,2283,380,260,42,90,711,346,137,2077,339,879,1751,314,910,30,577,486,8,25,730,678,1307,181,21,1334,77,1684,45,209,13,1975,50,60,1465,321,101,316,1085,539,457,578,338,27,16,182,270,79,706,100,633,455,479,169,141,1052,353,339,545,636,1462,1115,4746,116,305,1360,6477,111,207,238,348,425,543,29,286,374,1020,387,168,774,79,233,1730,137,1597,975,1064,247,880,68,360,59,1916,292,882,646,4535,9,912,30,1036,727,541,100,432,709,429,363,1134,29,98,146,996,8,437,249,103,93,16,586,1752,159,326,1737,483,287,703,52,1370,40,241,357,221,86,259,119,167,1149,1461,454,136,153,422,35,200,27,499,59,597,241,218,241,3134,1540,493,1959,1365,27,339,1160,28,2976,31,848,17,691,30,151,733,408,41,188,977,1729,811,178,32,85,764,18,155,295,725,157,274,246,109,154,474,2702,223,58,419,2763,47,1181,39,409,77,46,211,300,1293,321,1417,475,662,839,401,1834,652,94,152,1024,891,28,1662,531,640,40,246,207,20,1021,259,93,350,4128,57,858,1408,261,108,16,342,186,316,1752,406,19,172,430,21,70,878,119,1464,136,63,1067,1592,742,128,987,72,189,617,1853,133,408,870,61,447,1604,395,122,226,1543,100,773,16,90,897,105,542,359,36,184,216,653,198,543,2655,405,398,67,544,189,462,340,1193,244,27,164,339,112,70,681,105,633,783,542,107,485,364,56,20,487,757,221,1328,603,137,7,34,1733,22
"ENSG00000143494.15",89,12,13,153,200,37,9,2,16,40,21,35,270,125,133,28,30,20,66,30,34,8,17,57,18,35,11,160,8,50,24,24,834,15,434,283,244,143,10,11,3,57,27,177,44,65,52,45,7,155,40,169,122,85,5,243,23,23,12,7,22,457,31,20,5,39,60,91,157,46,90,240,39,4,13,7,48,22,52,133,153,264,730,87,72,7,155,47,431,93,32,657,13,0,60,6,11,35,42,137,196,14,6,9,19,38,49,26,255,15,52,46,523,94,27,74,78,29,67,1021,170,305,21,168,323,6,3,20,50,165,70,20,586,41,575,7,48,9,229,10,12,62,99,80,47,13,68,28,41,19,7,9,17,12,38,114,41,47,267,19,20,13,151,45,18,144,160,29,57,223,4,194,948,37,44,244,58,161,80,1046,7,37,120,28,35,31,33,21,16,89,9,273,180,823,16,24,12,558,260,156,12,8,63,389,9,144,10,12,40,8,73,28,107,446,52,97,17,145,54,773,6,97,2,66,17,9,60,82,24,124,160,265,59,246,10,493,8,160,172,49,83,192,27,15,69,132,48,11,236,273,6,17,12,26,6,8,22,52,172,55,319,161,42,112,11,44,114,12,46,7,254,15,100,13,610,26,10,1,19,44,18,64,166,13,12,33,6,27,20,170,67,419,36,135,22,48,210,15,17,59,244,16,96,9,6,109,27,600,215,56,33,83,11,389,180,97,256,277,356,203,57,132,13,58,473,20,38,72,188,14,409,31,27,27,779,19,29,125,13,219,5,352,498,38,142,209,9,17,80,7,17,93,160,50,69,13,55,51,75,34,306,12,136,77,171,20,101,77,11,259,25,103,28,19,144,14,157,21,9,9,5,19,469,72,120,536,51,449,127,860,59,59,13,37,23,26,675,40,92,14,134,10,36,17,34,37,380,171,10,185,418,26,17,45,64,8,157,140,283,57,5,6,122,12
"ENSG00000143512.13",4,1,6,234,18,5,8,0,8,0,26,13,6,117,3994,1,12,5,7,5,12,1,15,21,8,1,539,13,2,14,2,74,4875,22,13,30,3775,8,21,5,1,1,5,204,5,2,4,13,0,2,4,11,2,45,4,19,9,8,8,5,165,22,8,2,6,8,6,31,18,24,18,132,1,8,3,6,44,38,59,1275,378,24,70,97,5,8,8,940,122,97,47,1040,2,76,2902,0,8,2,5,0,244,3,3,46,3,7,4,3,79,1,79,3,280,30,1,7,6,9,106,4604,889,36,0,165,91,3,0,2,611,41,4,0,24,74,89,1,16,2,57,3,0,5,16,5,6,3,9,24,10,1,0,0,3,3,4,1929,3,11,509,12,19,43,7,25,6,9,67,143,2,29,3,20,3577,18,68,72,14,63,4,128,0,2,194,16,24,28,0,2,10,7,8,870,4,3585,103,2,4,1195,4,53,2,7,2,65,0,180,1,5,14,1,17,122,39,44,18,0,941,7,45,927,1,0,1,12,2,0,84,99,77,679,12,4,6,5736,9,9295,7,28,18,19,4,94,328,4,13,37,7,3,699,73,2,6,2,3,0,3,0,343,445,20,134,3,25,12,3,134,88,0,10,3,327,9,31,2,91,1,16,0,33,17,10,49,5,8,8,1,0,7,17,63,2,36,2,1899,59,4,16,44,2,2,5,1,37,3,6,0,2,6,80,37,12,19,151,104,1925,108,46,7,44,548,5,3,0,9,408,5,1,14,6432,2,341,2,79,1,265,0,26,250,58,31,2,1894,42,5,4,4,0,4,18,0,2,2,10,10,2,1,6,23,5,270,0,4,4795,1186,1,3,1403,3,10,14,5,534,5,79,69,4,6,4,2,12,16,1,7,29,2,59,20,242,160,3,8,9,0,14,3,8,173,10,138,1,2,3,0,782,128,1,716,21,1,16,986,5,6,5,34,1,5,3883,4,0,0,1,12,1
"ENSG00000143590.14",170,25,90,27,44,85,16,19,64,662,72,54,38,249,312,7,40,70,43,35,32,49,92,20,24,9,156,61,30,116,5,217,61,17,11,47,91,34,38,54,3,44,42,97,17,97,98,111,18,11,50,202,19,193,139,57,73,60,38,178,67,347,102,23,33,108,7,14,160,87,61,62,27,10,15,31,215,60,112,78,388,213,613,526,43,20,51,46,206,56,165,267,27,360,32,1,131,59,163,32,42,4,946,14,33,32,45,10,836,27,42,17,47,37,36,37,49,173,159,102,15,86,6,30,41,6,16,235,57,59,36,30,177,126,389,13,120,30,283,12,10,146,119,7,35,154,50,258,685,275,10,22,39,31,43,111,156,30,105,59,219,571,359,85,51,73,89,113,68,427,44,57,41,47,289,30,209,876,234,69,11,46,240,68,26,70,91,23,31,60,72,84,232,52,66,159,27,184,12,107,9,299,61,44,9,542,4,61,144,195,43,85,222,50,18,62,70,49,32,61,12,37,99,186,11,8,83,101,552,54,33,62,45,68,80,93,12,55,6,42,26,40,43,26,162,164,112,211,137,70,22,59,37,126,12,87,7,48,225,266,90,13,217,328,32,39,73,21,60,14,75,17,180,28,105,7,230,5,78,102,40,434,26,37,13,46,12,38,365,222,43,53,94,456,260,187,514,64,41,84,31,39,138,36,222,31,76,44,58,239,36,29,181,188,73,147,44,34,97,63,20,67,15,39,96,97,25,175,101,10,112,30,33,37,537,17,98,319,45,352,6,62,46,227,104,35,17,119,25,3,32,214,12,921,23,48,73,47,78,229,197,63,75,390,379,17,504,141,24,86,78,70,221,52,473,23,66,33,56,36,56,26,12,69,23,95,188,52,64,140,945,38,4,17,108,68,20,150,40,10,11,26,17,35,158,28,122,62,77,169,14,180,11,25,24,43,132,118,61,45,35,18,215,14
"ENSG00000143595.13",1,0,0,0,0,4,0,0,2,7,1,0,2,4,0,0,2,2,3,1,59,4,46,1,1,139,0,5,46,3,28,21,1,20,1,0,0,7,0,0,0,2,0,0,0,0,6,1,0,0,1,57,4,0,0,0,6,2,2,0,1,625,0,1,0,4,0,0,22,1,0,2,0,0,0,1,121,30,16,22,20,16,0,1,28,41,0,0,0,0,11,9,1,0,0,0,1,0,65,43,0,0,11,1,0,4,3,0,5208,0,287,0,0,0,3,0,47,0,86,4,0,1,0,0,0,0,6,243,11,40,2,0,47,0,77,0,0,1,32,1,2,51,0,1,1,29,0,0,20,0,0,0,1,379,30,0,0,0,0,74,1,0,8,34,211,7,12,0,8,571,230,3,0,0,0,64,0,704,4,0,2,0,0,0,1,2,3,28,2,0,0,0,12,0,31,0,1,2,0,9,0,7,6,0,0,2,6,0,1,1,6,3,0,3,10,4,0,0,0,7,0,112,0,0,1,1,1,1,212,4,1,0,30,0,0,0,1,0,5,2,128,2,2,100,1028,2,1,0,1,2,0,0,1,80,0,1,0,86,0,2,3,3,663,10,2,5,2,1,1,1,1,0,90,2,0,1,4,3,0,132,1,1,0,1,0,27,0,3,1,55,1,0,71,0,3,39,76,1,190,6,2,16,206,1,0,2,0,0,2,8,0,124,0,336,0,0,1,10,0,5,259,0,1,20,25,0,3,0,1,1,0,0,0,1,0,2,0,3,1,0,1,0,1,0,216,0,0,45,44,1,1,0,0,251,0,3,1,9,3,1,23,1,1,4,0,0,0,1,2,0,2,0,104,0,1,0,7,2,1,1,1,9,9,5,0,6,13,3,1,0,261,0,3,46,121,0,73,25,0,0,0,2,19,1,2,7,898,1,0,0,1,0,0,0,0,1,0,0,16,5,1,0,0,8
"ENSG00000143847.15",270,0,161,4,31,3,9,1,5,6,6,17,59,41,389,3,20,58,545,4,5,3,37,4,6,4,1,10,0,44,16,9,11,14,4,1,6,8,5,13,0,24,4,11,12,0,4,5,5,1,0,328,4,17,6,18,1,2,1,2,19,211,1,5,6,36,5,4,12,5,32,12,3,0,0,14,21,6,123,15,66,4,44,6,65,13,0,11,16,3,13,1070,13,11,10,2,7,2,264,6,4,1,93,0,8,17,6,1,968,34,8,15,16,10,9,1,61,6,43,170,5,4,2,8,10,2,2,5,11,46,3,7,666,7,19,11,10,6,47,8,5,30,169,9,13,346,13,37,121,188,7,12,2,5,8,61,1,22,4,20,10,8,221,16,17,27,58,113,8,141,3,4,4,78,1,1,8,235,21,6,1,4,68,17,0,6,6,6,9,1,10,193,26,20,30,60,4,61,2,25,1,1,24,16,8,16,78,4,18,0,17,4,116,8,15,4,7,2,4,6,2,0,1,5,4,5,17,201,1,7,12,9,7,6,1,21,3,5,0,2,6,7,5,6,824,15,1,3,4,8,1,10,7,6,0,3,2,16,28,15,14,0,1070,185,3,11,28,11,7,7,2,1,65,1,18,4,52,0,6,19,8,7,1,3,10,8,6,5,9,13,9,10,2,17,14,99,607,7,2,41,33,2,151,4,6,4,1,4,5,12,12,58,8,25,16,312,5,17,25,3,5,57,4,20,9,4,3,23,26,0,25,3,6,8,30,4,12,38,9,2,5,2,11,175,135,4,1,7,229,3,1,31,5,58,2,7,75,135,16,22,1,8,8,83,88,2,14,27,2,2,5,16,9,18,36,2,0,10,2,1,1,3,4,2,3,56,10,7,1,9,55,12,0,9,9,8,17,25,39,3,4,15,15,6,242,1396,517,28,0,12,14,2,4,1,4,3,6,212,38,7,5,4,62,29
"ENSG00000143954.13",0,0,0,0,0,1,0,0,0,0,97,0,0,160,12,0,0,3,16,0,3,0,0,0,0,0,0,0,0,0,0,0,0,0,0,2,3,0,0,0,0,0,0,34,0,0,0,0,0,0,0,1,0,1,0,0,99,0,0,0,0,0,1,0,2,0,0,28,0,0,0,0,0,0,0,0,0,0,541,0,2,0,0,3,0,0,0,3,0,0,0,5,0,0,3,0,690,0,18,0,2,0,0,0,0,0,0,0,27,0,0,0,0,0,0,0,0,0,0,2,0,0,0,0,0,0,0,0,0,0,0,0,2,0,0,0,0,0,1,0,0,0,6,0,0,0,0,0,0,0,0,0,0,662,0,0,1,0,0,2,0,3,6,0,0,0,1,0,0,0,4,0,0,0,0,0,13,2,0,0,0,0,0,0,0,0,0,0,0,0,0,0,0,0,0,0,0,0,0,1,1,0,0,0,0,0,0,0,0,0,0,0,0,0,0,0,1,0,0,0,0,0,0,0,0,0,1,0,0,8,0,0,0,41,0,16,1,30,0,0,0,0,0,0,0,0,0,0,0,5,0,0,0,0,0,0,0,0,14,0,0,0,26,0,0,0,0,0,0,0,0,0,0,0,0,0,28,0,7,0,0,0,0,0,0,0,0,4,0,0,0,0,0,0,4,2,362,1,0,0,0,0,200235,0,0,0,0,0,0,0,0,0,0,0,19,0,3,0,0,0,0,0,0,0,0,0,0,0,0,0,0,0,0,0,0,0,0,0,0,0,0,9,0,0,0,0,0,0,0,0,0,0,0,5,0,0,0,0,0,0,0,0,27,0,0,0,0,0,0,0,0,0,2,0,0,0,0,0,0,0,0,0,0,0,0,1,0,0,0,0,0,0,0,0,0,0,0,3,4,0,1,0,0,1,0,0,46,0,0,0,0,0,0,1,0,0,0,0,0,0,0,0,3,0
"ENSG00000144045.14",5,0,0,2,649,637,20,2,2,7,1,2,8,8,388,0,392,3,11,458,0,1,9,3,6,4,1,32,49,3,487,470,2,2,0,2,3,0,0,1,1,5,54,0,8,2,1,1,0,3,0,349,2,661,3,1,2,191,0,1,1,3,5,1,1,1309,1,1,3,580,21,1,1,0,2,0,141,1,485,114,129,114,11,1,3,3,0,2,4,3,3,3,377,0,4,1,2,4,2029,1,1,1,54,0,0,1001,0,1,365,576,19,1,5,0,380,3,530,2,47,250,0,0,3,3,2,0,0,51,700,13,1,0,144,1,8,2,3,1,177,0,0,7,47,0,27,5,25,64,986,10,3,0,2,6,2,0,0,3,1,6,13,14,3,713,330,426,409,51,4,2,1,1,1,60,3,1,0,1322,773,4,1,22,0,3,0,0,1,0,0,1,0,37,95,2,10,189,3,19,0,56,0,8,633,806,0,527,0,4,38,0,10,677,1,5,221,34,2,0,8,0,1,0,104,0,1,1,7,2,0,4,1013,2,0,7,4,0,0,1,1,2,0,0,0,4,49,158,0,6,3,1,1,0,2,4,2,2,0,10,0,37,1,0,7,1540,1,9,1,4,3,0,2,0,1242,0,2,25,284,0,1,28,0,1229,8,0,2,247,0,0,846,81,5,4,0,3,27,58,16,0,5,3,10,4,23,0,538,0,2,1,2,107,0,60,6,4,2,20,531,508,0,1,606,2,3,1615,0,22,4,2,3,1,6,3,0,20,2,1,0,1,2,11,0,0,1,6,341,1,0,373,13,1,1,13,2,1497,0,3,759,9,37,10,3,5,0,2713,2,0,5,15,0,1,1,0,10,82,19,3,208,4,3,1,1,228,7,0,2,0,945,2,3,0,2154,1,2,40,442,1,7,744,3,2,5,32,7,3,6,4,0,1,0,4,3,0,1,3,2,0,56,63,968,1,1,2,3,1
"ENSG00000144057.15",183,50,86,24,129,23,0,12,12,1264,49,38,31,53,1,226,62,7,0,113,105,166,55,118,1,23,1,27,3,9,91,153,52,209,12,10,14,16,1,7,0,590,6,0,417,3,3,66,155,9,48,65,174,5,0,0,44,1,30,9,3,0,0,105,63,8,20,9,45,14,109,74,15,41,14,227,40,26,3,26,2,7,8,19,4,2,23,0,294,3,29,7,1,12,4,100,53,58,3,95,42,195,38,3,49,191,7,184,67,3,195,252,448,97,6,3,152,1,0,4,0,5,12,0,20,59,88,0,36,85,70,271,8,10,60,254,5,205,6,5,96,52,101,500,194,22,7,32,12,935,112,105,1,13,132,0,0,130,25,52,26,0,3,79,22,63,2,16,0,59,0,0,0,2,40,20,17,3,215,0,47,30,2,21,21,15,288,85,14,0,29,238,1,34,3,2,207,0,5,39,6,6,344,7,131,2,21,60,61,4,317,80,9,2,299,1420,0,3,18,3,69,16,0,13,214,66,55,4,5,1,4,4,67,9,0,6,153,13,2,15,59,36,2,53,33,12,0,6,21,3,21,0,113,6,162,55,211,41,3,9,142,68,44,1,351,64,33,318,8,81,23,86,2,175,11,10,1,81,6,6,14,0,9,76,4,61,116,48,0,41,471,17,22,1,9,6,39,7,32,714,81,6,27,308,1,17,2,15,42,0,16,33,0,47,110,369,10,15,47,24,113,212,166,27,66,10,179,1,1,56,10,26,29,23,5,319,1,12,0,1,201,7,25,56,1,66,14,8,1,212,160,60,47,1,23,339,5,256,0,0,19,4,33,41,1725,19,1,7,16,15,0,51,2,1,4,28,3,100,3,1,6,12,11,8,170,4,42,65,14,6,28,0,201,45,4,29,19,25,404,118,3,1,36,0,45,538,3,0,14,79,148,41,1,74,55,15,6,459,3,496,125,46,15,94
"ENSG00000144285.22",1,0,0,1,0,0,0,0,0,0,3,1,122,2,0,0,1,0,81,0,1,0,1,6,1,1,0,0,0,1,1,0,0,0,0,0,1,0,2,4,0,0,27,6,1,0,0,0,0,1,0,12,0,12,0,1,53,8,5,0,0,18,2,0,1,0,0,0,1,0,2969,1,3,1,0,0,5,0,36,6,22,1,3,0,12,1,2,6,10,0,0,2,4,0,3,0,1,1,213,7,0,0,0,0,0,0,1,1,30,16,0,0,1,12,0,1,0,0,0,102,1,0,1,0,0,0,2,0,0,0,0,0,8,0,1,1,106,0,0,0,0,1,4,0,1,0,6,0,1,0,5,1,1,0,5,0,3,0,1,15,0,0,0,0,0,4,0,3,0,3,1,0,1,26,2,0,0,18,1,1,0,0,44,9,1,0,0,0,0,1,3,0,1,5,7,1,0,1,0,1,1,2,8,15,0,0,0,0,4,2,0,1,0,7,2,1,0,0,0,0,1,1,5,0,0,0,4,6,2,1,2,0,1,4,3,22,0,0,1,7,1,1,1,3,56,5,0,1,1,2,0,0,0,1,1,43,0,1,2,3,1,0,0,21,2,8,1,4,2,0,0,0,54,0,0,1,0,2,6,0,0,329,0,0,0,0,0,0,0,0,2,0,0,1,1,4,6,2,1,1,0,1,2,2,57,0,0,0,5,33,0,0,3,0,0,9,16,1,1,3,1,4,0,2,11,1,0,845,3,0,22,0,1,1,27,1,0,0,6,0,1,4,1,2,9,0,1,0,1,2,0,0,0,16,1,0,27,2,2,0,0,0,8,0,0,0,0,2,0,0,0,0,0,138,0,0,23,1,2,1,4,1,0,1,3,0,1,3,0,0,2,0,0,1,0,6,12,139,32,0,1,0,1,1,13,7,1,1,0,0,0,0,0,0,0,0,1,864,0,1,1,0,1,0
"ENSG00000144354.14",79,1,32,10,756,96,163,5,3,324,294,490,3099,380,10,12,51,14,8,969,40,9,44,11,8,10,106,5,3,42,2452,94,43,17,132,221,21,12,329,186,4,162,76,7,35,81,20,37,4,5,30,84,45,239,13,439,9,232,29,264,17,21,3,9,5,238,78,4,1073,617,24,81,22,2,3,6,625,33,2321,394,64,8,1438,64,17,39,9,2,183,7,131,9,6,134,177,4,29,40,34,271,14,6,377,9,45,520,36,9,1607,9,71,130,61,46,353,10,4331,15,748,461,9,23,4,10,40,3,8,11,212,353,5,4,29,19,327,7,28,6,424,2,3,4268,26,16,160,25,62,137,982,63,6,8,23,49,21,13,6,855,23,20,72,39,554,71,225,73,159,419,258,25,6,9,21,470,16,67,25,64,1853,18,7,78,19,42,8,19,48,6,24,2,4,970,460,40,9,151,13,6,1,279,6,566,166,40,4,4,16,1517,10,20,36,96,559,13,69,31,12,3,165,61,2,11,372,5,19,6,29,1176,12,189,719,2,129,291,9,70,2,20,13,10,24,38,28,22,844,955,673,70,34,10,5,3,5,36,6,350,18,139,17,360,23,24,778,702,11,77,504,3,36,8,41,9,311,8,18,643,420,3,31,41,45,37,6,5,4,546,3,65,310,164,52,9,247,8,304,1131,58,13,29,259,37,27,1483,15,272,21,35,28,3,379,8,251,6,68,111,46,483,688,100,12,3149,181,11,1761,45,146,11,12,16,7,107,113,25,333,742,12,8,2010,36,394,1,29,33,116,92,20,1,109,317,3,110,113,27,49,12,13,4357,578,601,49,6,12,9,1688,874,6,2,1835,8,7,213,9,45,42,13,8,7,5,15,41,3,84,4,9,38,1,373,14,6,770,760,6,8,229,37,102,6,993,63,1,40,51,46,7,273,137,150,1367,32,160,56,23,14,17,7,249,13,3398,211,27,6,6,1264,9
"ENSG00000144355.15",0,0,0,1,0,0,145,1,1,2,24,0,21,19,5,0,0,1,0,3,0,0,4,0,0,0,0,1,2,2,3,18,2,5,19,3,7,0,2,1,7,1,17,160,1,0,2,0,0,3,0,1,0,4,1,3,0,0,1,1,1,9,3,0,0,2,1,13,4,0,14,3,0,0,0,2,12,0,1305,4,8,3,16,1,2,4,1,131,12,1,0,6,0,0,0,1,2,2,95,5,2,10,4,0,0,3,3,0,26,20,2,0,4,1,1,2,2,6,0,9,59,2,1,9,2,0,0,0,10,5,1,1,6,1,1,1,0,0,2,0,0,1,4,0,2,7,12,5,0,2,0,2,0,0,3,1,4,5,0,3,3,0,2,1,0,0,8,31,1,20,2,1,7,2,1,0,0,0,1,3,1,3,0,2,6,1,2,2,1,0,4,165,4,3,1,1,2,4,0,1,0,0,1,14,0,1,0,1,1,0,1,2,57,0,8,6,1,1,2,9,0,0,6,1,1,0,99,1,6,5,0,2,0,5,0,16,0,120,2,3,0,1,4,0,9,3,1,1,7,8,1,2,0,9,0,0,0,0,3,78,0,0,25,574,2,3,19,1,2,1,1,0,1,0,1,0,290,0,9,7,2,2,7,0,1,1,0,0,2,0,2,0,0,6,1,175,1,5,1,16,0,2,8,0,12,0,0,2,9,3,7,1,0,21,1,19,1,16,1,0,13,6,1,2,0,1,0,468,65,0,4,0,1,2,2,0,0,1,49,0,1,4,3,1,1,1,0,8,1,0,0,3,2,3,3,3,91,13,8,0,2,2,8,15,117,8,9,2,62,0,0,10,0,494,3,1,1,0,1,0,11,5,3,1,1,1,4,0,0,0,2,5,0,0,0,5,4,738,2,0,0,2,0,0,6,2,3,10,1,0,3,0,1,3,3,1,0,66,2,0,0,5,3750,0
"ENSG00000144407.9",1440,20,0,2,1,0,191,0,1,23,5,131,4,22,17,7,1,931,1,486,1574,4,2,0,0,539,1207,2129,0,10,0,154,1,496,0,0,842,0,916,1016,0,1,1220,1,9,3,1,8,24,1,22,5,6,2,0,1,5,22,2789,0,2,1019,0,4,1,0,474,2,3,4,303,29,0,10,502,6,8,0,5,54,1,4,1,2,1500,0,2,163,1,362,1140,405,2,3,0,15,0,3,1,250,619,0,467,281,600,3,1072,1,1106,350,6,46,4,1,0,1714,1853,378,5,3,318,0,1,0,5,96,44,2,1,4,2,2,527,9,8,4,48,3,2,2,1,5,8,14,199,5,500,798,1022,3,1,10,0,7,694,0,29,666,169,10,81,159,583,768,0,12,4,1,1,2395,289,17,1,3,1,3,2,0,43,2,3,687,850,1,1327,9,0,2,2203,1,0,7,4,1049,3,293,6,1,0,0,397,0,4,8,4,19,1,1,6,0,11,705,298,2189,3,44,217,1,4,1322,1,0,13,0,3,13,323,1,211,1,0,1,220,2,188,542,56,487,1114,813,1,150,7,1,610,2,0,319,1630,1,193,0,2,3,29,2416,7,1371,2,0,2482,15,0,0,13,10,0,126,3116,9,434,5,7,13,779,0,5,6,0,4,3110,0,98,19,530,2,7,2,3,201,11,1,1,0,857,1,7,1,9,5,2094,3,58,7,0,0,210,1283,1126,0,0,1,273,0,377,1702,2,576,1,0,17,2471,7,809,5,0,10,533,131,5,363,5,558,817,1,11,0,0,0,129,6,1,498,5,1,1232,167,0,2,6,14,3,1,0,437,22,4,10,2,302,3268,973,12,4,2,13,1017,618,417,0,0,0,156,1,2881,254,7,10,2,4241,503,366,122,0,20,1,12,0,1231,0,577,324,4,2,0,0,647,9,20,18,0,1,1036,159,10,7,3,3,2,6,184,40,891,5,1141,1,0,716,0,5,6,0,2,79
"ENSG00000144554.12",140,5,38,83,280,255,323,83,58,589,75,390,492,2138,645,46,90,236,339,145,170,42,107,154,176,191,173,729,115,407,261,312,362,205,108,420,178,47,439,298,36,334,394,49,105,114,69,263,33,102,108,994,210,668,96,205,56,322,494,238,128,314,67,413,49,406,163,76,941,416,694,119,71,15,79,31,690,85,978,570,486,350,673,112,656,118,95,114,110,40,303,219,155,483,47,25,42,1068,481,541,115,54,323,84,186,497,293,38,1606,227,270,164,124,328,231,162,814,196,595,921,96,485,65,299,215,15,47,185,406,893,95,36,933,53,311,33,84,46,671,45,27,835,411,98,257,920,362,612,687,525,45,38,265,320,93,329,100,940,256,325,300,121,234,152,246,380,599,654,462,1993,84,250,373,2075,102,153,134,247,582,258,33,238,114,524,111,100,422,48,87,1251,62,1732,394,925,94,536,65,234,62,455,80,799,375,3005,35,307,53,348,261,413,102,358,649,203,377,830,41,44,245,483,23,318,223,46,66,45,172,1178,61,272,245,313,217,250,32,378,59,77,228,161,80,155,62,58,573,722,627,73,113,129,60,121,42,326,34,219,123,98,124,1785,1280,243,1480,610,60,237,188,43,1467,49,333,56,969,43,99,333,406,37,75,225,762,370,180,20,201,453,22,110,256,139,162,132,134,47,177,1001,1273,99,122,246,266,66,1243,52,637,52,30,103,231,583,135,507,239,134,238,363,1177,748,55,113,376,458,27,795,214,177,71,174,64,22,590,263,115,241,921,62,285,1113,151,43,30,144,86,922,747,368,37,181,270,16,87,1003,114,1798,54,64,640,756,626,207,355,79,112,844,676,67,88,689,47,131,413,213,29,160,1077,54,513,39,144,411,95,396,85,26,133,127,456,211,372,374,295,122,57,467,120,238,362,549,165,25,100,160,197,38,532,123,442,704,210,72,264,251,77,61,168,121,182,1289,212,99,26,67,996,43
"ENSG00000144583.5",4,0,25,15,14,5,2,17,2,8,3,13,2,28,4,3,14,10,5,16,10,1,20,15,6,4,9,12,3,7,1,34,6,18,9,20,2,6,14,17,13,32,7,11,1,0,6,13,0,1,1,10,0,5,5,5,1,1,0,3,7,8,0,3,1,4,11,2,2,16,9,4,3,1,13,1,11,5,30,6,2,3,2,11,7,18,3,2,15,0,6,1,3,1,12,0,5,22,5,20,7,4,29,5,9,20,18,0,12,31,12,0,27,33,4,0,9,0,1,11,2,5,0,1,6,1,0,4,3,4,2,0,8,2,22,0,2,0,10,2,0,8,9,2,5,24,3,9,3,22,0,0,3,10,3,3,12,8,18,13,29,5,13,6,5,9,44,13,3,12,1,2,0,14,13,10,28,28,1,14,1,9,5,4,6,6,141,11,2,1,1,124,4,12,7,0,1,0,9,34,9,0,16,41,0,1,2,16,10,2,24,9,7,9,8,23,2,1,3,9,1,35,0,10,5,0,9,13,2,3,2,8,8,12,4,3,0,5,10,6,4,2,4,5,2,3,0,4,11,3,3,2,0,16,0,3,2,1,1,1,13,7,17,5,3,38,5,0,6,0,8,0,7,0,0,14,9,1,14,22,9,0,6,0,3,5,0,9,2,4,4,6,17,1,11,1,25,1,10,81,11,9,21,0,1,5,2,7,18,6,1,6,7,20,6,20,3,1,3,4,4,8,1,5,20,9,0,13,0,0,0,4,0,13,2,2,12,26,1,9,1,7,2,5,3,22,10,16,1,0,2,14,2,5,3,1,1,18,8,2,9,22,11,5,58,1,5,22,11,1,17,3,2,2,2,0,3,0,31,25,3,24,1,7,0,1,17,12,1,1,6,5,1,6,0,2,5,8,21,0,0,0,4,6,10,0,2,4,14,29,16,5,30,5,35,11,10,156,13,7,0,4,9,0
"ENSG00000144644.14",0,0,0,0,2,0,0,0,0,0,1,1,1,1,0,0,0,0,1,0,0,0,1,0,0,0,0,0,0,0,0,0,0,2,0,1,13,0,1,1,0,2,0,79,0,0,0,1,0,0,0,0,0,0,3,0,8,0,0,0,107,1,7,0,0,0,0,76,0,0,2,3,0,0,0,0,0,3,0,0,3,0,0,1,1,0,0,0,1,0,1,2,0,1,7,0,22,0,2,0,2,0,0,1,1,0,0,0,1,0,1,0,0,2,0,1,0,0,0,11,56,1,0,0,0,3,2,0,0,0,0,0,0,0,0,0,1,1,0,0,0,2,1,2,2,4,0,0,1,0,0,0,0,0,0,0,0,0,7,1,3,0,0,0,0,2,0,2,0,0,0,0,0,1,0,0,0,2,1,6,0,0,1,0,14,0,1,0,0,0,1,4,0,0,0,0,0,0,0,0,0,1,1,3,1,1,0,0,4,0,0,0,1,0,1,0,7,0,0,0,0,0,0,0,0,0,18,0,0,2,0,0,2,70,0,2,0,6,0,0,0,0,176,0,1,0,0,1,5,5,0,2,0,0,1,0,0,3,6,1,0,0,0,1,0,0,2,0,0,0,1,0,0,0,0,0,0,0,41,0,1,1,0,0,0,0,0,0,0,1,3,0,0,3,12,0,0,0,0,1,1,1,4,1,8,0,0,1,0,1,18,0,0,0,2,0,3,0,2,0,0,0,0,0,0,0,4,43,17,0,1,0,0,0,9,0,3,0,4,1,0,31,0,0,0,10,0,0,0,1,0,0,1,0,1,0,0,2,0,0,1,1,2,0,2,0,0,1,0,0,0,1,0,7,0,0,0,0,0,0,0,0,0,0,1,0,1,1,0,0,0,4,0,0,0,1,1,0,0,0,0,0,1,2,8,2,0,0,0,2,0,0,0,1,3,0,0,26,0,2,0,0,18,2
"ENSG00000144655.15",1522,4106,886,1472,989,1394,359,443,2495,1033,2203,878,582,2797,1108,5429,598,1328,1105,3347,2031,6495,945,2247,1174,639,419,10287,592,1293,580,891,1044,2897,997,4308,2519,504,1411,2135,893,652,2366,1385,6545,226,1072,1148,5489,1808,549,2373,5017,921,1071,930,7633,2566,827,821,780,1633,1169,2305,4939,644,1790,2400,1459,920,1173,1503,3154,4243,483,1590,599,840,637,988,1237,889,2961,1190,561,229,387,235,1708,818,861,1918,581,641,342,1634,2497,2444,732,1200,1538,6940,1120,662,1442,1278,485,3736,1482,722,804,5593,2983,1231,297,1841,1790,717,541,1375,157,2018,461,988,611,7231,3327,839,3370,1151,870,7944,703,1706,1534,8313,675,11586,824,806,1654,2597,2050,4652,2094,3373,1566,895,1558,1778,4504,4435,939,1020,2189,1038,975,1862,904,1145,728,495,1060,942,322,973,1476,1051,488,1505,397,608,2563,2462,1102,1169,1108,1055,1521,1464,1445,1249,515,872,931,1183,1593,829,1655,409,2587,1960,1286,742,1030,840,1836,2045,1127,780,1263,854,1306,1187,4763,1186,924,584,1304,1211,1120,1172,989,2925,1858,600,2684,834,2292,4620,6353,773,543,2704,1412,7021,990,923,563,1451,1083,1733,713,509,552,883,2134,638,631,3901,1717,813,1580,1460,1270,361,2338,827,1486,514,1113,234,3785,1661,916,666,4671,773,1033,2213,1301,1383,1404,944,8896,1081,614,3985,1336,4222,1404,1477,921,6459,2785,433,999,2963,861,697,1578,430,530,4650,3687,477,4466,1901,414,1205,6877,2678,1063,1141,1104,1588,887,1378,1111,904,908,318,757,3971,307,1398,2283,1174,789,555,957,510,2012,1254,1206,1077,491,1029,2282,1279,987,638,4299,523,1480,410,8289,1773,320,1913,933,1285,2961,603,1258,5017,767,2772,724,1932,8315,1695,1084,839,899,1691,856,783,395,7854,4626,3289,1380,2163,1609,5798,1369,1496,1098,1277,4518,5036,3004,811,945,949,719,1805,5291,720,1051,722,214,320,2003,579,2184,5538,511,1597,1273,871,412,1797,3175,1198,1054,1270,433,2706,855,1061,864,826,751,1084,813,385,5219,3095,1064,366,841,556,1026,621,2062,1386,921,1707,2339,1640,1051,3284,837,1302,370,2020,546,6927,9113,943,1081,5299
"ENSG00000144820.8",1,289,1,159,37,286,64,323,1224,141,49,96,65,52,2,561,1,33,14,43,100,1793,65,91,176,778,108,148,37,153,27,5083,64,2335,111,9,32,31,31,55,134,1,207,60,668,70,267,34,989,60,50,104,876,106,245,70,306,141,119,156,12,395,21,126,1432,835,401,26,164,34,41,78,329,1019,167,542,9,25,31,318,12,82,5,25,287,18,70,11,9,31,113,155,53,15,3,453,391,278,35,105,249,719,7,76,93,6,419,602,101,64,132,701,63,114,53,273,65,146,84,111,22,99,188,23,42,526,216,91,560,16,422,1739,37,91,17,1320,19,975,43,87,473,73,42,1163,15,7,216,37,58,0,540,505,127,269,834,18,47,123,75,120,246,21,593,32,19,71,180,1,335,375,164,44,27,1,36,42,16,11,191,91,1479,38,62,159,15,106,269,355,102,170,26,1,117,324,105,20,465,74,66,8,63,280,66,89,1057,36,85,77,144,155,204,42,182,401,184,22,39,28,36,371,1035,552,59,168,499,270,14,1886,84,83,69,398,56,104,27,50,942,43,379,337,18,80,53,25,60,43,30,266,63,87,74,41,843,147,937,559,741,3,6,134,439,487,19,60,748,17,12,346,532,749,78,786,16,1025,59,131,15,156,26,277,1281,68,140,249,64,221,168,4,66,35,426,63,101,37,56,86,35,50,795,2,109,4,21,893,84,22,64,123,70,90,120,25,14,45,21,2,166,34,56,71,555,67,500,6,190,62,489,6,25,666,15,185,336,213,17,1478,57,253,36,3,1257,150,134,22,129,141,30,18,14,317,1696,243,272,290,28,1217,44,2,69,4,433,402,39,36,24,348,8,331,26,70,320,45,14,36,242,176,498,314,131,1233,193,86,151,77,1007,283,65,93,421,32,105,63,416,353,99,123,420,83,150,475,122,32,8,9,29,0,68,184,249,2370,140,121,599,254,96,240,147,0,28,1034,940,201,0,684
"ENSG00000144834.14",3,0,0,0,1,0,0,0,0,1,1,0,14,108,0,1,1,3,0,0,1,1,0,0,0,0,0,0,0,0,0,3,2,1,0,3,0,0,1,0,0,2,2,2,1,0,0,1,0,0,0,0,0,1,0,3,0,0,0,2,1,5,0,0,1,0,0,0,13,0,3,1,0,0,1,0,4,0,53,1,1,0,1,0,0,1,0,1,3,0,1,6,0,0,5,0,0,0,0,1,0,0,0,0,0,0,0,0,14,1,1,0,0,1,0,0,0,0,1,7,0,1,0,3,1,0,3,1,5,2,0,1,1,1,3,0,0,0,0,0,0,2,2,0,0,0,2,0,1,0,0,0,0,2,0,0,0,1,0,1,0,1,0,0,0,1,0,0,0,2,5,1,0,1,0,1,2,0,0,0,1,1,0,2,0,0,1,0,0,2,1,47,0,1,2,1,0,0,0,0,0,2,2,2,0,0,0,0,1,0,0,2,4,2,0,1,6,0,0,1,0,0,0,0,1,0,2,4,1,0,1,5,2,0,0,3,0,0,1,1,0,1,3,3,0,0,0,0,1,0,0,0,0,1,0,0,0,0,4,3,1,0,4,0,0,2,0,0,3,0,1,0,5,0,0,0,0,0,0,1,1,1,1,0,0,0,0,0,0,0,0,0,0,0,3,0,0,0,0,2,0,2,6,0,4,0,2,2,50,1,1,0,1,0,1,1,0,0,1,0,0,0,0,0,1,2,2,0,2,0,1,1,0,1,3,0,1,0,0,0,0,0,0,3,1,0,0,2,2,0,0,9,0,0,0,1,0,0,3,1,0,0,0,0,2,7,0,1,0,1,1,0,1,1,2,0,0,0,0,0,6,2,0,0,0,0,2,2,0,0,0,0,0,0,0,0,4,5,0,0,1,0,0,0,1,0,0,0,0,0,1,0,0,0,0,0,1,78,0,0,0,1,30,0
"ENSG00000145040.4",16,0,0,0,10,0,2,0,0,5,3,4,2,23,31,0,0,3,5,1,2,1,1,0,0,0,0,2,0,15,2,3,4,0,0,0,4,0,0,0,0,8,1,4,0,0,4,0,0,0,1,2,0,6,8,0,1,1,0,0,116,2,2,0,0,0,2,16,1,1,0,4,1,0,1,0,5,0,0,6,18,1,19,0,0,0,0,9,5,1,0,0,0,0,20,0,7,3,7,0,0,0,0,5,1,2,1,1,28,1,1,0,1,4,1,0,0,1,1,4,2,0,0,5,0,0,0,0,0,0,2,0,8,1,0,0,0,0,21,0,0,1,26,0,0,2,2,0,4,6,0,1,1,2,0,1,5,3,1,4,1,1,3,2,2,0,1,9,0,1,0,2,3,3,0,1,6,8,6,0,0,0,1,3,1,0,0,0,2,1,1,174,3,5,1,1,0,5,0,1,0,2,4,8,0,5,0,0,1,0,1,3,1,1,5,1,37,0,0,3,0,1,0,2,0,0,13,0,0,3,3,2,0,15,44,2,0,8,1,6,0,1,16,0,7,1,0,0,9,7,1,0,0,0,0,2,0,1,2,1,1,0,1,3,0,0,9,0,3,0,0,0,13,0,2,0,86,0,16,1,0,3,6,0,9,0,0,0,0,1,3,2,0,1,5,11,1,3,14,2,1,0,54,1,2,2,1,0,0,0,0,1,0,0,2,2,1,0,0,0,1,1,0,4,1,0,2,0,1,0,20,0,2,2,6,0,12,0,2,0,0,6,1,8,0,0,0,0,16,0,0,13,1,3,1,0,0,23,4,0,14,1,22,0,3,0,2,4,4,0,2,7,0,6,9,0,2,0,0,1,0,2,0,1,0,1,0,3,8,0,5,11,0,1,0,0,1,11,1,1,0,0,0,0,1,1,2,1,0,2,2,0,0,0,1,0,3,13,1,0,0,0,16,0
"ENSG00000145087.13",2,0,4,0,1,0,0,0,0,0,0,0,1,5,0,0,0,6,0,0,0,0,0,0,0,0,0,1,0,1,0,9,0,0,1,1,14,0,0,0,0,0,2,0,0,0,0,0,0,0,0,4,0,2,0,0,0,1,0,0,14,1,0,0,0,0,0,0,2,0,1,0,0,0,0,0,1,0,45,18,8,0,9,0,3,0,0,0,3,0,0,4,0,12,0,0,0,2,1,6,0,0,0,0,0,7,0,0,82,0,0,0,0,2,0,0,2,0,0,2,0,4,1,0,1,0,0,0,2,0,0,1,22,0,1,0,0,0,18,0,0,1,9,0,0,4,1,0,1,0,0,0,1,30,1,0,0,0,2,180,0,0,33,1,0,1,3,0,4,6,0,0,0,4,0,0,0,4,0,0,0,30,0,1,0,1,0,0,0,1,1,1,0,2,0,0,0,0,0,9,0,0,0,16,0,0,0,0,0,0,1,76,1,1,2,1,0,0,0,0,0,1,0,0,1,0,0,4,0,0,0,0,0,0,0,0,0,0,0,0,39,0,0,2,2,1,0,0,0,0,0,1,0,1,0,0,0,1,0,2,6,1,2,1,0,0,1,0,4,0,0,0,1,0,0,0,2,0,0,2,1,1,9,0,0,1,0,0,0,0,0,0,0,1,0,3,2,0,0,1,1,9,45,0,0,0,0,0,0,0,0,0,0,0,0,0,1,0,1,0,0,0,0,2,1,1,1,1,0,0,7,1,0,5,6,0,0,0,0,0,0,0,0,0,1,0,0,0,15,0,10,1,0,2,0,0,0,0,2,0,1,0,0,2,0,0,0,2,0,0,0,0,0,0,2,0,1,0,2,0,0,3,1,0,0,1,1,0,0,0,1,0,1,2,0,0,4,59,0,0,0,0,1,0,1,0,4,0,0,0,1,1,1,0,0,1,0,9,16,0,0,0,0,0
"ENSG00000145242.13",0,0,0,0,0,0,0,0,1,0,0,0,0,46,0,2,2,4,0,0,0,0,0,0,0,0,0,2,7,1,3,4,6,0,0,10,1,0,0,0,0,1,0,0,0,0,0,1,0,0,0,9,0,0,0,0,0,0,0,0,1,11,0,1,0,0,0,0,0,0,4,0,3,0,0,0,0,0,0,1,0,1,0,0,0,0,1,0,0,0,0,89,18,0,0,0,1,2,3,0,0,0,0,0,0,0,0,0,12,48,47,0,0,0,3,1,1,0,0,6,0,0,0,0,0,0,0,0,0,18,0,2,3,0,0,0,0,0,0,0,0,0,4,0,0,0,17,0,0,0,3,1,0,0,0,0,0,0,0,0,0,0,0,0,0,0,0,7,0,0,0,0,0,30,0,0,0,1,0,0,0,1,0,0,0,0,0,0,1,1,0,0,0,2,1,0,0,1,0,1,0,0,0,2,0,0,98,0,0,0,0,2,15,0,12,0,0,0,0,14,0,2,0,0,0,0,0,0,0,0,0,0,0,0,0,0,0,0,7,0,0,0,0,0,1,8,0,0,0,0,0,0,0,1,0,0,0,2,0,2,13,8,227,3,0,0,0,0,0,0,0,0,0,0,0,10,14,0,0,1,0,0,0,0,0,0,0,1,0,0,0,0,0,0,0,332,18,0,0,0,0,0,96,0,0,0,1,0,1,0,0,0,1,0,0,1756,1,0,2,0,0,0,0,39,0,0,0,0,0,0,1,0,0,0,0,1,0,0,0,0,1,1,0,2,1,0,0,0,40,0,0,0,2,2,0,0,0,0,17,0,1,0,2,0,0,0,0,3,0,0,0,0,0,0,0,0,0,8,2,0,0,0,1,0,1,0,0,0,0,0,1,0,0,0,0,0,0,1,5,0,0,0,0,0,1,6,98,0,0,1,0,0,0,0,0,0,0,1090,1,0,0,0,0,1
"ENSG00000145244.12",17,3,7,8,84,5,1,11,11,25,14,3579,703,104,3,12,6,20,54,2,4,15,9,9,15,6,4,21,14,15,11,79,15,10,14,55,13,1,501,2901,2,194,15,181,14,0,2,25,7,12,2,63,11,18,600,3,15,7,10,2,38,89,1,9,6,7,12,108,27,9,7,80,5,11,3,11,20,1,1000,33,101,21,5,5,14,34,15,2,46,2,13,31,4,5,48,2,31,17,236,23,5,6,41,4,9,3,5,9,248,5,36,15,381,13,5,10,10,27,26,722,3,1,9,2,18,13,10,7,1,31,14,10,19,9,3,17,25,11,9,34,4,15,50,10,8,18,48,14,7,16,7,10,9,33,12,72,13,83,615,96,7,6,11,15,10,17,19,11,11,12,4,4,11,8,14,9,4,37,59,22,9,24,20,9,14,1,21,5,12,1,6,21,13,22,19,0,7,1,3,14,2,7,59,98,11,9,37,9,8,1,5,9,18,93,100,104,135,2,28,14,6,17,24,6,8,6,74,8,2,95,11,9,72,1214,5,347,9,100,11,15,9,27,19,9,44,20,3,24,108,6,4,1,9,10,3,4,7,34,1147,26,7,19,19,1295,14,81,10,10,7,8,10,9,15,8,10,9,4,3,11,16,8,24,10,4,2,53,6,25,10,34,14,6,7,9,370,54,16,8,41,185,13,8,37,4,5,17,6,11,5,64,13,3,8,2,95,86,10,10,67,19,56,26,9,51,32,5,11,452,615,9,226,6,1,6,7,9,18,3,54,295,8,162,38,27,10,13,3,4,23,11,16,49,13,29,1,12,8,9,30,4,12,6,60,27,18,6,15,55,88,8,7,50,3,26,21,14,22,7,48,6,7,7,10,8,9,18,5,3,10,0,12,13,7,3,4,10,122,655,30,7,10,8,24,4,12,9,8,29,2,97,50,4,2,6,17,9,26,32,8,8,9,11,79,5
"ENSG00000145287.11",115,12,35,15,767,30,134,9,12,306,28,21,87,3142,4,648,81,10,12,87,96,828,25,41,9,25,5,20,57,66,21,30,22,135,20,237,41,65,22,11,27,17,45,7,536,20,16,52,186,18,80,69,1055,116,19,5,133,18,36,2,25,173,14,176,359,39,39,18,73,47,168,67,11,105,12,344,231,39,54,190,27,7,1007,38,23,29,9,5,3649,40,91,118,20,41,16,163,173,38,28,103,104,899,49,11,38,15,17,433,1741,43,34,869,41,16,45,4,17,7,28,53,10,11,18,25,57,336,135,10,8,87,95,338,84,13,17,541,23,421,22,3,104,125,74,877,141,17,103,31,134,111,223,640,26,67,155,5,17,120,19,16,49,14,15,56,27,74,31,15,14,26,4,8,7,23,17,52,72,14,3392,24,406,23,17,34,15,76,38,60,1,4,18,1877,152,20,1222,3,356,30,13,12,8,8,42,49,260,739,51,6,252,15,323,154,9,9,85,138,9,60,113,18,100,4,14,11,177,408,112,121,89,20,71,14,95,52,17,77,168,78,10,24,57,57,25,21,858,35,2,37,18,8,50,11,63,73,513,58,562,26,18,299,68,52,71,75,416,13,32,393,23,508,44,182,284,419,23,38,20,270,21,33,24,56,23,561,14,104,198,161,121,72,923,54,171,11,34,23,24,14,50,87,161,69,213,866,36,65,27,25,3,11,18,13,4,13,38,9,147,1936,13,37,52,158,313,31,38,11,239,2,75,294,32,308,93,82,14,333,5,30,47,5,286,71,40,27,11,24,18,26,990,416,447,996,101,27,5,703,12,29,108,8,20,55,71,139,93,11,18,44,29,16,45,26,22,47,74,29,38,134,39,22,21,35,5,21,610,5,295,43,27,10,281,34,225,51,20,49,19,36,260,224,29,6,60,6,288,124,8,125,82,377,109,183,15,22,12,7,114,58,25,489,489,146,19,563
"ENSG00000145386.11",229,6,21,128,429,692,293,104,57,414,142,931,1562,4770,844,67,113,545,594,103,163,15,123,199,5066,228,187,10809,165,460,705,502,536,140,22,649,366,119,625,443,24,646,1354,24,33,144,50,660,15,111,263,1407,213,838,261,242,26,841,1172,505,44,552,198,408,33,476,154,54,1464,923,600,199,105,8,105,15,947,146,997,647,629,538,823,132,333,640,89,149,158,26,228,276,113,203,48,15,23,11343,417,608,242,48,451,89,252,1256,278,25,2698,731,277,41,95,1167,437,110,2163,268,1116,1257,156,406,253,302,280,5,6,750,476,361,179,21,1622,70,655,14,98,13,574,100,11,872,531,59,201,1274,398,304,469,1113,40,19,630,333,106,730,75,406,723,533,342,231,366,483,308,1222,1117,492,908,3022,63,188,471,2510,130,155,212,319,282,431,56,761,297,474,145,161,497,43,104,727,70,2164,811,626,442,306,74,191,118,1200,107,1766,787,2173,5,210,251,1561,3090,614,97,435,790,466,464,724,36,52,160,967,11,395,192,56,42,21,290,1441,52,248,858,245,342,520,40,879,68,108,555,144,114,175,35,140,488,557,357,118,259,245,45,208,73,545,31,449,120,96,113,1363,786,450,1645,800,34,332,345,16,10687,20,393,13,483,25,97,548,224,5,80,346,3088,649,142,19,87,1111,15,189,139,112,137,142,62,66,79,2030,3035,220,281,207,704,58,1505,23,183,62,72,223,123,915,206,523,326,253,292,507,2619,825,54,191,848,470,52,1007,489,426,39,100,110,19,516,249,116,234,664,29,396,2125,173,77,14,261,129,492,839,792,15,143,402,10,63,1442,94,1427,61,47,519,671,803,78,375,59,223,367,1738,109,115,2255,59,304,236,300,177,245,521,40,11448,14,136,1748,59,11398,194,43,198,137,738,161,304,204,972,237,52,530,156,238,540,1743,130,17,193,173,202,31,933,79,307,959,198,78,302,1309,101,53,287,198,109,2122,419,132,7,36,925,38
"ENSG00000145526.12",0,0,0,1,0,0,0,1,0,0,1,0,5,55,208,0,0,8,0,0,0,0,0,0,0,0,0,1,0,0,0,0,1,1,0,0,16,0,0,0,0,0,0,0,0,1,1,0,2,0,0,1,0,2,0,0,0,0,0,0,0,58,0,1,0,0,0,0,0,0,1,0,0,1,0,3,1,0,0,67,2,3,0,0,0,0,0,0,17,0,0,63,0,3,0,0,0,1,0,0,0,0,1,0,0,0,1,0,154,1,0,0,0,0,0,0,0,0,5,85,0,2,0,1,0,0,0,66,0,0,0,1,11,0,0,1,0,0,4,0,0,0,4,0,0,1,0,1,0,0,0,0,0,0,0,0,0,2,0,0,2,0,0,0,0,35,0,1,0,388,0,0,0,1226,0,0,0,1,1,1,1,1,0,0,0,1,0,0,0,1,0,492,0,0,1,0,0,0,0,0,1,1,0,410,0,80,0,0,19,1,0,0,1,0,0,0,1,0,0,0,2,47,0,0,0,0,0,164,0,0,0,9,0,0,0,92,0,0,0,6,0,0,0,0,3,0,5,0,0,0,0,0,0,2,0,0,0,0,0,0,42,0,1,12,0,0,0,0,29,0,0,0,0,0,0,1,6,0,0,125,100,2,0,1,1,0,1,0,0,0,0,1,0,3,0,5,137,0,5,0,0,0,87,0,0,0,0,0,3,0,0,0,1,0,0,0,5,0,0,0,0,0,2,46,3,3,0,0,4,0,70,0,0,0,0,3,0,0,0,0,0,1,0,0,0,5,1,0,1,0,0,80,1,2,0,1,1,1,0,0,0,0,1,1,1,2,4,35,0,0,0,0,0,0,298,0,15,3,1,52,2,0,0,0,0,0,0,1,0,0,0,0,0,1,0,0,0,1,0,1,0,0,0,0,14,5,19,0,1,0,0,0,0,1,2,0,2,67,0,0,0,1,0,1
"ENSG00000145536.15",5694,1,20,6,614,291,6,404,1,310,0,6,0,745,21,5,1,12,395,286,18,0,5,206,63,11,6,534,75,4,1695,30,256,53,87,0,2,6,3,4,44,41,2887,7,68,101,1,4,66,7,81,3,15,12,1,373,11,652,1560,18,4,4,6,354,4,158,307,4,9,5,149,27,2,3,0,9,9,6,426,1581,116,6,0,1,114,10,33,1,3,0,4,8,61,0,1,7,4,193,1037,3,12,8,24,6,21,2,286,8,662,782,11,13,4,353,20,8,347,70,10,12,1,107,3,8,28,2,37,3,29,3351,192,2,1,1,6,35,6,8,20,59,14,24,12,16,39,7,36,31,149,275,1,14,256,39,6,1,5,11333,282,2197,23,0,3,555,124,10,162,164,143,12,14,127,8,2,1,50,11,2,49,0,0,5,189,94,9,6,109,15,376,30,26,274,3,10,4,6,1,2,4,6,19,10,629,9,5,2,3,53,5,1,15,409,5,360,599,258,3,1,66,1415,1,63,12,0,21,3,6,4,0,170,43,24,2,4,5,6,3,2,10,58,6,1,6,5,72,1544,1,0,12,7,49,40,10,0,7,11,13,0,3,4,81,618,10,112,4,429,96,3,7,6,18,11,2,3,102,40,344,11,0,2,51,3,7,10,6,155,3,1,232,3,78,2,5,3,1,96,627,6,577,908,3330,3,488,2,14,2,2,3421,6,107,4,1492,211,9,13,9,4,167,2,4,1459,576,6,1034,109,11,47,4,5,31,8,10,22,219,122,9,5,0,5,2,4,4,82,13,1,208,424,2,5,0,7,0,22,156,2,2,53,777,209,48,2,0,22,111,12,22,0,57,6,0,3,79,3,2,21,3,7,11,77,35,1,179,27,0,1,199,41,1532,270,58,372,2,1,232,9,78,167,47,44,6,289,70,2,5,19,1,1,462,2,15,835,1,66,16,52,4,21,71,5632,15,11,133,11,0
"ENSG00000145681.11",1,0,0,1,1,0,9,16,0,3,14,7,53,159,0,0,1,12,6,0,0,0,4,2,0,0,0,14,0,46,6,2,0,11,0,137,38,2,0,0,0,88,27,3,0,0,0,9,0,1,2,25,1,12,12,1,10,29,1,0,0,47,10,1,9,22,0,0,0,1,2,0,0,0,1,0,1,0,8,125,71,2,4,0,3,3,0,13,86,0,1,2,0,2,0,0,2,0,6,26,0,0,5,0,1,1,1,0,70,3,0,1,3,25,18,1,9,1,10,2,1,0,0,2,0,0,1,12,8,2,0,0,3,15,1,0,4,1,1,4,0,1,18,0,1,30,42,0,3,3,0,0,0,0,0,0,31,0,0,4,3,0,2,0,0,3,32,0,0,3,0,0,0,5,0,0,0,1,4,63,0,11,16,0,0,0,54,18,0,26,5,24,37,1,28,1,1,0,0,74,0,5,0,1,0,2,0,0,0,1,1,1,1,8,6,82,2,0,1,0,0,1,0,1,0,0,0,0,7,1,2,21,0,11,0,3,3,7,0,0,1,0,6,0,100,7,2,6,45,0,0,4,1,1,4,0,0,0,2,7,66,1,0,3,0,1,6,0,1,0,0,0,23,1,8,0,126,3,0,5,0,0,0,0,0,22,0,1,2,8,0,0,0,1,3,12,16,2,18,89,0,10,464,1,2,0,1,1,0,0,27,0,4,3,3,121,39,43,0,0,18,20,0,0,1,1,0,38,0,0,3,1,0,0,0,0,0,9,0,1,0,20,6,1,1,3,0,0,90,0,9,100,0,0,12,1,6,2,8,0,1,3,2,1,14,6,15,65,6,0,5,3,666,6,5,1,1,0,1,3,1,3,1,0,0,59,0,0,0,0,3,1,0,0,0,1,91,1,4,2,0,0,0,13,217,7,183,1,1,2,1,0,0,0,23,0,33,14267,0,3,1,5,63,4
"ENSG00000145708.11",6,52,142,69,26,25,1,129,167,345,178,50,15,44,26,2510,732,10,4,611,457,4893,23,360,891,167,15,6,15,9,3,21,27,1350,28,46,55,436,15,7,9,11,35,63,3137,14,7,42,2730,470,586,16,5552,7,68,5,1122,297,27,24,41,308,71,760,1578,17,31,81,161,24,152,64,8,1196,191,3622,4,97,7,35,27,39,6,47,12,10,11,9,52,3,18,31,82,0,38,1711,1189,50,8,117,556,2571,21,32,58,50,174,3327,6,89,171,2097,32,28,7,6,23,21,9,39,8,3,185,17,32,4732,2069,46,9,325,657,3212,10,24,28,5284,7,3741,17,6,1409,108,44,8965,211,60,9,6,2,7,3392,1122,11,19,1257,9,11,1011,14,32,18,11,10,228,16,215,34,16,4,29,42,3,27,10,29,15,214,11,860,165,2945,16,21,29,55,159,113,916,23,86,44,72,26,37,15,3,3086,9,31,29,14,22,71,91,4261,25,565,38,448,217,1056,156,9,9,298,5,18,23,42,23,470,12,7,18,4338,2345,843,6,13,35,5,28,79,30,30,35,1900,47,17,43,106,44,174,257,6,35,1,25,189,18,692,10,331,17,3182,125,5714,23,38,18,467,223,10,10,4489,9,42,3585,7,3992,38,2424,10,7407,20,52,4,2398,98,4,15,8,24,2460,73,207,2826,68,5,80,3474,92,110,12,30,2,11,34,89,14,1318,28,3,6601,6,205,25,21,71,26,58,14,6,80,250,17,19,101,55,32,18,51,2606,5,83,41,1962,12,18,3080,8,394,727,688,27,5038,8,32,104,2,3055,18,18,135,51,134,343,10,3,2005,2848,26,736,15,24,5185,9,31,14,15,32,46,189,2,214,26,1,34,42,38,25,61,9,24,32,406,18,1047,43,17,110,24,192,81,1860,14,40,90,29,26,8,77,1712,23,26,78,190,13,1942,1169,15,9,95,103,337,183,5,55,67,44,638,547,66,125,10,35,24,153,219,3564,3809,1854,17,3684
"ENSG00000145721.12",0,0,8,0,0,0,0,1,0,0,274,0,2709,237,0,0,0,0,0,0,0,1,1,0,0,0,2,0,0,0,3,1,1,0,1,2,1,1,0,0,0,0,0,0,0,0,0,0,0,0,0,2,0,1,24,0,0,0,0,1,2,0,0,0,0,0,0,1,2,1,1,1,0,0,0,0,11,0,112,0,2,1,0,0,0,0,0,2,0,0,0,7,0,6,1,0,17,0,0,8,0,0,1,4,1,33,0,1,5,0,0,1,0,0,0,1,0,0,1,163,0,1,0,0,0,0,2,0,0,0,0,0,0,0,0,0,2,0,0,0,0,0,1,0,0,0,4,0,0,1,1,0,0,0,0,1,2,2,27,1,1,0,1,0,0,0,1,1,0,0,0,0,0,1,0,0,0,0,0,0,0,1,0,0,1,0,0,0,0,0,0,2,1,1,0,0,0,0,0,0,0,2,0,5,0,2,0,0,0,0,1,0,0,2,4,1,4,0,1,0,0,0,0,0,0,0,38,1,0,3,11,0,1,16,3,0,0,4,1,0,1,0,0,0,2,1,0,0,0,1,0,0,1,1,0,0,0,0,3,7,0,0,0,0,0,0,0,2,0,0,0,0,0,0,2,0,0,0,9,0,1,1,0,0,9,1,0,0,0,0,0,1,0,0,1,0,2,6,0,0,0,0,1,0,0,1,0,1,0,0,0,1,0,0,9,5,38,6,0,1,1,2,1,0,1,0,0,85,1,0,108,0,0,0,1,0,0,0,39,16,1,1,0,0,0,0,0,0,1,0,0,3,0,0,1,0,0,0,2,0,0,0,3,0,4,0,0,1,1,0,0,1,0,244,0,0,0,0,4,0,1,1,0,0,0,0,7,0,0,0,0,1,0,0,0,0,134,890,0,0,0,3,1,0,0,1,1,0,0,0,1,0,0,0,0,0,0,24,0,0,0,0,386,0
"ENSG00000145777.15",25,157,19,42,20,4,0,92,132,43,10,45,2,66,3,190,9,259,14,89,165,275,7,114,317,201,32,115,0,351,1,83,32,100,29,2,69,40,2,15,138,26,52,267,526,21,17,80,697,0,178,49,154,10,1,132,210,28,243,21,24,135,1,185,80,2,92,18,185,73,57,111,38,397,382,444,9,15,57,261,147,7,0,61,486,3,18,2,12,84,62,273,1,27,23,136,927,126,10,53,66,368,23,2,103,5,6,337,39,138,9,368,16,152,4,187,18,49,485,7,18,54,19,3,18,493,331,8,3,25,230,210,3,36,3,349,1,624,1,75,146,31,156,426,65,113,241,0,7,7,144,345,576,449,91,1,41,263,78,213,227,23,21,32,13,18,40,30,23,7,143,41,53,40,88,164,27,1,135,1,235,5,63,8,110,22,307,281,164,182,424,28,11,109,1,1,341,31,1,5,11,77,24,149,327,265,20,209,29,101,120,28,167,399,186,28,34,4,142,326,316,225,31,17,276,432,22,169,11,23,95,78,41,11,2,21,222,9,1,221,11,70,103,7,33,21,74,24,54,235,89,144,227,4,213,218,262,9,1,62,208,5,16,1,303,11,21,341,6,587,95,112,7,215,148,39,70,61,10,5,66,2,169,179,161,20,449,17,2,18,212,26,4,2,95,37,11,6,1,22,71,3,43,238,65,106,40,65,139,1,91,3,0,33,52,19,11,73,6,97,7,27,233,10,224,52,417,127,57,242,4,22,138,101,17,534,0,30,4,22,265,162,241,10,0,50,512,0,20,162,180,96,366,35,1,506,2,10,1,7,137,487,62,4,26,75,35,5,181,79,22,235,40,0,42,169,8,585,229,37,342,6,137,36,111,210,21,25,152,4,5,180,102,1,1,57,65,9,310,306,207,25,11,0,62,503,47,5,6,20,230,91,198,201,4,3,31,290,1,430,462,467,1,564
"ENSG00000145824.13",55,1218,4354,124,255,37,6,2,6,526,32,13,68,1339,32,2364,337,6,0,237,486,1747,31,54,12,3,0,8,1,202,6,8,35,363,17,14,18,55,4,20,5,449,11,0,2542,18,6,42,1153,6,12,47,2115,12,6,1,263,0,10,2,0,43,3,334,556,23,9,2,182,17,297,192,14,656,14,2325,9,31,44,30,7202,13,14,15,2,0,37,3,145,6,505,42,0,14,2194,1227,347,1,55,160,468,416,33,2,34,32,1,2406,41,0,108,1215,26,18,75,25,21,6,77,6,0,1,34,19,73,861,467,1,7,229,315,1241,5,10,14,2871,53,2546,12,0,794,82,898,2376,1261,11,375,26,36,12,2699,1262,2,22,268,1,1,585,8,28,6,1,39,149,66,100,14,104,1,70,19,3,2,0,8,103,27,4,1422,2,1066,9,6,5,8,99,56,11,2,0,19,7,49,9,5,1,2321,2,5,29,1,0,31,13,974,10,12,5,475,0,663,423,6,8,298,374,7,8,356,1,1916,3,2,2,918,862,43,4,11,12,24,2,129,4,0,26,1208,20,2,2,35,299,12,33,13,86,1,2,82,1,122,2,272,18,1695,79,2273,91,0,295,70,20,1,13,2101,42,116,2695,17,1645,190,502,6,1073,5,0,8,1412,1,34,10,9,11,1310,48,226,1504,386,100,67,1816,77,440,0,5,6,31,7,53,698,648,30,45,4350,33,69,5,10,19,0,1,2,12,14,23,485,23,6096,727,90,57,255,1249,2,102,20,2128,6,491,989,3,1080,177,68,3,2734,2,10,3,35,1242,10,2,76,2,17,0,1,36,978,1780,29,41,0,2,1745,14,690,35,2,5,67,101,27,441,21,8,8,6,34,4,21,2,22,10,25,1,985,7,5,2,6,11,35,1871,1,2988,36,4,0,21,0,704,1,4,75,50,34,2351,1910,13,1,721,3,159,11,2,0,25,10,419,64,0,12,7,0,3,16383,2,2512,2873,325,256,1007
"ENSG00000145850.9",97,4,8,5,37,7,65,3,14,21,48,2,124,84,3,184,57,1,4,45,27,292,2,9,47,81,70,7,1,11,2,76,6,14,1,207,8,24,0,0,10,5,5,1,234,1,0,6,84,2,42,8,472,68,3,1,64,1,8,3,5,46,0,65,75,6,159,0,18,69,9,80,7,49,3,267,5,0,43,49,8,2,5,8,1,9,1,1,46,0,16,1,5,44,3,252,20,26,15,32,44,51,2,1,7,40,3,206,22,1,14,634,8,0,3,5,7,1,0,27,0,16,6,7,32,187,139,8,12,56,58,758,11,1,18,537,2,263,18,2,9,13,36,406,129,2,32,6,54,32,22,222,0,4,267,1,3,29,8,6,15,2,18,8,5,64,55,5,5,1,3,6,6,76,28,71,25,0,39,47,216,3,4,36,4,16,2,1,1,50,1,458,167,5,19,4,107,0,1,7,0,0,15,33,115,7,27,2,46,1,55,39,183,0,93,38,2,0,62,3,26,1,25,5,29,241,1,14,11,2,9,9,11,28,1,32,61,1,3,0,4,12,5,38,41,9,8,10,12,3,20,1,33,8,213,19,139,0,1,16,13,18,4,18,2453,3,3,48,45,79,1,789,108,1517,5,13,31,118,0,10,0,75,1,541,1,13,126,259,26,6,248,464,150,0,11,24,4,3,6,66,46,59,3,474,119,88,14,9,0,9,2,2,0,16,10,8,22,348,19,9,9,32,128,4,4,1,226,1,26,95,7,249,8,16,1,320,6,94,32,8,188,19,3,1,14,5,41,26,177,471,514,121,130,22,0,201,2,4,15,16,2,397,2,8,8,3,24,351,7,15,29,1,0,11,14,16,70,44,553,10,3,90,2,19,133,11,56,5,34,1,90,1,120,3,1,14,3,4,33,79,1,4,16,0,134,1344,4,126,91,7,49,43,63,6,2,0,16,104,17,254,426,193,0,109
"ENSG00000145908.12",296,12,59,20,259,197,137,22,19,84,119,188,72,1371,70,34,267,76,78,440,37,22,49,140,78,109,4,175,27,395,303,16,95,108,63,35,19,15,135,373,1,181,74,27,57,6,17,37,14,8,14,265,27,520,9,209,28,135,590,10,12,216,6,97,37,886,50,15,317,77,127,65,105,11,13,25,571,64,63,148,470,218,28,42,282,12,29,93,110,11,92,190,256,0,16,10,18,309,248,113,33,38,96,46,97,39,47,38,1085,157,92,82,73,38,24,209,390,498,68,1063,44,405,12,11,72,5,25,35,441,673,50,25,882,22,78,25,43,18,46,59,11,134,378,56,140,332,63,313,27,90,15,26,9,65,34,27,102,72,241,339,108,36,79,54,170,195,263,88,14,136,24,122,11,1481,34,19,56,242,344,29,17,19,35,157,21,26,130,59,8,616,13,115,13,347,33,92,34,0,1,82,37,74,161,1236,14,136,21,38,182,399,55,180,50,98,366,278,8,2,114,383,11,91,21,16,63,14,131,187,20,31,2,22,88,101,34,188,16,20,7,18,27,29,14,10,519,30,447,96,294,26,7,21,43,115,15,14,26,14,270,345,264,64,149,472,11,98,32,31,559,25,92,17,248,18,31,192,31,1,24,56,1002,124,21,10,26,35,3,33,91,108,104,29,71,123,97,36,282,39,102,149,135,17,8,35,71,16,18,42,128,191,421,305,352,38,568,543,231,158,86,17,382,211,12,555,52,39,48,8,57,10,158,14,49,112,81,33,16,29,9,8,12,17,61,124,656,87,19,2,268,22,22,140,33,697,186,36,420,214,158,147,150,18,32,532,71,187,7,17,13,20,8,67,11,56,1242,7,929,47,24,261,44,56,97,7,36,56,190,170,89,35,265,37,7,328,66,120,250,199,143,18,61,21,38,10,203,83,127,60,23,113,69,15,104,17,50,115,46,11,46,28,23,38,126,28
"ENSG00000145920.15",1,0,8,356,1,4,619,1,3,2,5013,16499,169,410,2750,0,0,465,1024,0,836,0,97,39,0,0,15255,0,10,8,0,187,2509,0,112,734,29093,185,15511,8775,0,2,20,9171,14,89,122,106,0,0,314,252,14,2695,1433,127,78,1,1,3,1319,0,2301,3,24,2,0,2144,77,10,0,3504,7,6,0,0,4,2,17922,375,2012,3,31,9045,0,23,21,2673,9726,114,147,4343,0,201,4156,1,84,1,2356,24,1968,1,14,445,87,14913,0,0,93,0,1154,2,17567,1,1,15,59,5,15601,116150,4460,45,2,34405,4083,0,0,13,310,76,9,0,5991,278,25447,0,120,11,3,80,0,22,1769,53,14,157,103,6,202,0,1,1,0,1,12,3468,11,19,48958,1,2,847,215,1,2,0,364,12,0,0,0,8,21949,0,2301,458,196,38066,5,1695,0,2077,7235,12,130,153,1,1,6,0,335,1,451,10885,1,67,0,19270,12342,10835,75,2,12,2,0,1379,0,1,17,25,198,15,14149,7,11,5,16891,1054,340,5186,0,4,0,5,0,15,981,183,78,54721,13,5,143,26427,473,13172,6,4100,357,604,3836,9291,325,329,9,7516,2199,2302,1062,14211,0,0,1,36,0,1206,0,4,3599,0,722,0,0,24,0,2,71,0,0,16,588,31,426,2,16948,22,227,0,102,8,1,6519,5,2,78,13,1,98,21,685,0,403,4,5295,18063,2470,2,391,5,21,7,6,9,3,142,26,1,73,279,344,2165,14,1046,7938,28423,16,6675,7,17386,2821,1,4,0,0,974,151,0,12363,38697,5,34358,2,199,1,9035,1,2958,3317,1214,71170,0,44359,4389,1,3,0,7,88,3,2,0,67,117,27,14,2,71,35,61,1,122,1,15283,8,145,24,866,1000,17,1704,102,6270,109,10384,3,28,0,0,1,0,8,1,3,942,12,2902,21,122,2523,1,141,416,0,658,1,1,3933,1209,601,0,34,34,12,25377,4,1,11020,754,0,2699,169,25,0,0,1,6,0,67,1,261,1,0,12076,2
"ENSG00000146054.18",22,1,34,10,11,8,63,5,4,53,29,55,26,142,862,6,5,253,16,10,87,4,4,35,38,6,131,43,7,59,12,34,5,9,16,8,44,16,11,17,9,20,6,18,7,26,6,76,5,9,224,166,3,16,9,24,11,10,21,1,17,160,7,51,7,11,9,8,92,25,110,24,11,7,10,3,115,16,62,4,44,73,594,31,16,7,9,108,42,2,310,136,7,62,10,0,23,12,218,49,16,8,29,9,39,12,7,3,49,9,43,12,24,23,1,13,22,20,54,78,3,181,7,8,16,2,1,51,5,59,21,4,31,3,33,14,199,4,54,5,6,13,77,3,42,276,123,19,12,168,3,10,19,134,4,103,36,38,55,292,50,63,41,46,12,72,54,55,5,94,23,107,10,17,83,42,16,57,169,19,7,15,71,132,28,51,34,24,100,24,45,64,18,23,20,14,13,55,13,86,8,54,23,29,11,55,6,73,38,10,20,53,8,19,10,11,329,4,28,32,1,99,1,6,4,6,57,117,11,15,67,34,10,29,10,13,7,11,12,9,15,22,21,9,29,197,7,143,6,18,21,6,13,158,5,21,11,14,46,167,30,27,13,13,3,26,8,14,35,4,16,0,21,2,12,7,13,7,28,12,118,13,20,6,2,18,3,8,4,21,3,13,17,35,625,141,138,39,22,13,6,7,20,6,5,10,10,26,101,1,8,6,157,57,26,24,11,19,25,28,25,18,4,4,39,134,3,6,72,1,82,10,19,259,38,10,92,5,78,78,1,12,24,20,27,17,51,7,4,4,10,277,8,27,5,6,5,77,7,13,8,4,13,33,82,15,128,9,6,47,22,10,2,33,370,9,9,3,9,191,3,97,11,16,7,23,26,6,7,6,13,64,4,7,7,15,77,7,27,3,26,16,18,124,75,58,35,4,40,34,25,34,4,5,58,8,22,150,5,3,0,6,42,3
"ENSG00000146151.14",1,12,0,7,21,6,0,2,6,3,3,15,3,53,0,43,2,2,0,11,16,31,9,11,1,7,0,5,1,0,1,1,3,10,2,0,2,4,0,2,1,3,5,29,53,2,1,7,25,10,8,4,36,0,1,0,12,6,7,1,0,0,0,13,5,6,1,1,0,1,9,33,1,5,1,24,1,2,1,8,0,1,0,10,1,0,2,3,1,0,11,4,0,0,6,18,9,0,1,6,6,20,0,3,2,4,0,36,18,0,18,74,3,2,5,5,8,0,0,0,3,0,8,2,4,4,20,0,11,11,7,31,0,12,1,37,0,15,0,1,17,14,9,56,42,2,1,0,1,1,28,37,0,1,5,0,1,38,1,2,4,0,2,5,0,4,0,36,3,2,0,0,0,44,7,11,4,0,17,2,16,10,1,1,13,6,21,16,0,0,2,0,0,13,0,0,32,0,1,0,3,0,4,0,34,0,3,1,8,0,16,1,1,0,5,6,0,1,5,0,10,6,5,1,21,10,4,0,0,1,0,0,8,1,2,1,22,0,4,3,35,4,3,8,0,1,1,0,0,1,1,0,17,0,11,7,45,5,0,2,11,8,0,0,48,3,4,64,2,12,3,7,0,16,1,0,0,13,2,1,0,1,0,19,4,3,14,25,0,6,40,5,11,0,1,21,1446,3,17,1,7,0,24,41,0,1,5,1,3,0,14,5,0,10,7,29,1,80,18,8,3,1,24,2,17,3,37,1,0,25,4,1,12,5,0,54,0,3,1,0,26,0,16,0,0,5,3,0,2,23,28,0,12,0,3,48,1,4,0,0,1,14,12,0,6,4,0,0,10,0,0,5,0,0,2,1,0,19,25,2,0,1,1,5,29,0,10,12,0,0,2,1,44,11,5,1,4,4,55,16,1,0,9,1,6,29,0,0,0,25,37,0,3,7,4,1,2,2,0,63,37,4,1,17
"ENSG00000146215.14",2243,24,1,72,48,103,64,76,86,5,69,65,82,288,1584,31,280,497,108,115,157,28,2090,237,400,45,218,73,51,358,86,161,211,127,104,57,266,156,16,85,48,1610,249,143,63,91,187,475,11,92,43,323,39,77,234,636,67,99,230,157,264,212,127,190,99,1835,75,119,294,85,190,100,434,18,88,43,2423,106,83,236,756,655,183,167,492,324,67,104,431,91,1035,1352,219,414,78,18,171,112,86,172,201,38,785,205,122,0,223,23,127,104,271,32,82,69,44,219,532,66,916,1136,139,328,46,42,98,33,31,286,168,323,133,47,495,93,552,48,431,57,124,153,29,338,190,76,156,727,78,829,38,4,31,72,111,318,71,101,392,188,211,161,918,521,333,353,11,155,72,172,60,610,100,247,269,3298,270,38,519,189,41,129,29,720,205,391,109,154,77,796,256,475,296,1,242,558,209,302,75,165,10,250,210,175,286,390,36,1791,102,506,619,220,147,781,274,546,58,4,118,125,187,177,33,137,171,377,31,9,694,261,362,49,169,261,184,196,37,352,21,314,57,174,10,167,48,94,648,159,35,413,146,225,19,356,52,154,22,289,22,43,93,466,498,404,1445,141,26,139,293,53,305,28,520,32,25,40,81,98,290,48,199,175,142,115,110,38,330,52,16,306,126,953,55,319,904,216,726,82,155,88,507,13,265,216,4,68,229,56,19,213,709,418,278,255,371,217,205,0,287,67,66,49,222,463,35,297,341,464,59,603,351,48,220,18,113,298,443,30,271,132,110,119,56,346,267,542,158,341,87,160,31,39,57,165,24,184,143,63,116,356,89,94,123,52,61,386,36,122,74,167,99,267,323,627,79,65,300,235,299,62,335,699,125,146,201,191,31,417,446,117,116,187,382,74,25,223,86,362,1175,34,137,37,63,34,298,243,556,5,579,156,322,172,43,110,107,25,400,195,243,12,154,32,77,298,34,38
"ENSG00000146233.8",16,2762,90,114,80,467,293,902,353,124,0,46,1350,128,642,2387,218,992,5,370,213,2616,3072,3181,2807,2613,671,1598,341,334,9,21,1834,2087,394,88,538,188,5,1,295,22,40,3424,3668,11,615,770,2897,963,2475,1012,2194,64,45,637,4899,447,71,1,47,978,2502,705,1155,30,862,474,254,196,270,33,1333,3194,352,3413,10,2,148,301,522,52,12,20,1139,131,13,72,45,272,57,2201,476,3,295,1020,2303,3,113,82,1579,3913,18,40,89,11,1671,2754,129,175,1657,2283,219,330,70,4943,24,6,64,429,377,1041,3609,1850,17,2730,1079,764,642,1372,1646,3164,440,123,18,5124,3807,4338,386,961,1607,202,117,4724,92,699,9,5,334,10,2956,2627,511,6438,1481,89,15,968,136,1427,1918,126,4,39,12,62,514,194,57,2,7,602,3916,509,78,1095,160,64,384,126,3283,166,261,8,1515,95,759,2255,2152,38,1253,32,1,395,1169,355,3632,1674,3820,670,2441,105,154,19,4299,1462,2493,164,176,37,1124,102,250,196,804,6,60,2572,275,871,2622,573,4,106,2161,2928,3550,545,37,9,1346,1526,30,1146,644,128,2779,161,30,26,24,10,264,261,369,29,20,27,1918,1891,134,646,2776,184,2920,1623,3248,11,7,31,2794,2167,287,545,1426,48,613,3041,26,3781,706,1635,605,2109,440,317,96,1792,4298,5,794,101,864,1693,3020,518,2420,196,26,14,1221,321,41,1038,173,271,283,1925,6674,13,380,7,24,1809,81,376,3,2244,1037,20,5291,41,5335,64,172,77,11,149,436,480,30,166,3306,59,275,96,1881,2236,2,1795,855,109,1074,57,231,6438,1884,30,6,82,3900,1514,321,116,2,376,57,9,445,1597,2917,343,3789,138,103,2561,23,40,192,726,125,407,902,188,154,440,147,805,959,629,4,1073,37,62,590,360,2554,3207,6445,654,872,280,1811,194,2883,67,17,756,291,19,227,853,1391,312,27,125,58,32,1345,3352,239,166,286,2989,613,179,435,863,989,317,505,199,1954,2462,249,281,162,1194,1065,3579,5200,2142,16,2266
"ENSG00000146276.12",1,0,0,1,2,0,0,0,0,5,0,0,1,6,0,0,0,0,0,2,0,0,7,0,1,3,1,4,0,0,5,3,4,0,0,1,4,0,0,1,0,0,0,0,0,0,0,1,0,1,0,9,1,2,0,0,1,0,0,1,0,0,0,0,0,0,2,0,1,1,50,1,0,0,0,0,132,1,2,2,19,2,1,0,0,1,0,1,5,0,0,0,0,0,0,0,0,4,1,0,0,4,0,0,0,1,0,0,68,1,4,0,2,0,1,0,5,0,3,16,0,0,0,2,0,0,1,0,0,21,0,1,0,0,1,0,0,0,0,0,0,3,0,0,0,7,3,0,1,4,0,0,0,0,3,1,0,0,0,2,13,0,0,19,4,0,0,1,0,3,0,0,0,78,1,0,0,0,0,0,0,1,1,0,2,0,0,2,0,48,0,0,2,0,2,1,0,0,0,2,0,0,0,8,0,3,1,0,0,0,0,2,1,1,3,1,0,0,0,2,0,0,0,0,0,0,0,0,0,3,0,0,0,0,0,2,0,0,0,0,1,0,0,0,2,0,0,0,0,1,0,0,0,0,0,2,0,3,0,2,1,0,0,1,0,7,3,0,7,0,2,0,29,1,0,0,7,0,0,0,1,1,1,1,1,0,0,0,41,0,0,0,0,0,0,61,2,0,0,2,0,0,1,0,12,0,3,3,0,1,1,1,0,0,0,2,16,0,4,3,5,1,1,4,0,0,1,0,0,0,7,0,0,0,0,0,0,2,1,0,0,0,6,0,2,0,0,0,3,0,1,2,0,16,0,1,2,2,0,0,4,0,1,11,7,1,0,0,0,0,0,0,1,0,5,0,0,0,0,0,0,1,1,1,0,0,0,0,0,1,2,0,0,1,0,1,10,3,1,0,0,0,2,0,28,1,2,9,0,6,1,0,0,1,7,0,0,2,2,0,0,2,0,0
"ENSG00000146352.13",0,0,0,2,0,0,0,0,0,0,0,76,4,1,0,0,0,0,7,0,0,12,0,0,139,0,1216,21,6,0,0,0,0,1,1,0,5,0,0,1,0,1,0,2,4,1,0,1,0,1,0,0,1,3,10,1,1,4,577,11,0,34,0,0,1,0,0,1,0,3,21,0,0,8,0,0,0,22,155,5,2065,0,1,0,15,1,1,0,0,0,0,16,5,0,0,2,0,0,7,216,1,0,0,0,1,0,2,0,117,0,0,2,0,0,0,5,0,484,546,90,1,0,0,0,0,0,0,0,0,0,0,8,0,0,0,2,1,0,2,0,0,0,0,18,0,0,0,0,0,0,3,3,1,303,0,0,0,0,1706,197,0,0,0,1,0,1,0,1,3,3824,458,0,1,0,0,316,0,3,0,0,0,0,0,0,5,0,2,236,0,513,1491,0,1,43,0,4,0,0,0,1,0,50,0,0,0,0,0,0,0,0,0,0,0,35,60,0,1,0,2,1,0,1,3,0,0,0,1,0,0,5,1,0,1,0,1,3,1,2,0,1,28,0,3,12,0,1208,0,1,0,0,0,0,8,1,3,0,0,0,453,0,7,1469,854,0,0,0,0,0,0,0,0,0,0,0,0,4,0,0,0,0,0,0,180,0,1,0,0,2,0,8,0,0,0,1,34,0,16,0,0,0,0,5,8,0,29,0,0,1,0,1566,0,1,5,0,0,1,6,0,1,0,1,0,1,1,0,0,1,1,23,0,4532,4,0,1,597,1,0,0,3,0,2,2,0,0,6,1,466,1,34,0,0,0,0,3,0,1,0,0,0,0,0,2,0,1,0,0,0,0,1,17,0,0,0,7,1,0,2,0,1,3,0,3,0,0,2,0,1,37,0,34,0,0,0,1,1,8,127,0,5,0,0,525,0,1,1,0,24,2,112,1,1,0,0,0,0,0,0,140,0,1,0,0,0,1
"ENSG00000146374.14",1,47,3835,67,72,4,2,1,4,67,13,5,6,100,13,169,27,1,0,51,66,201,23,33,5,1,0,19,0,15,2,20,26,155,3,21,9,23,1,2,4,53,14,0,416,0,11,107,169,24,39,29,223,4,2,1,52,1,10,1,1,5,0,83,80,0,14,4,39,19,86,76,11,132,5,288,7,15,0,17,3,1,0,6,3,4,19,0,263,4,72,1,1,1,1,111,36,53,9,71,65,648,9,1,39,31,1,244,8,4,55,255,72,61,0,5,67,0,0,2,0,2,14,7,28,144,92,5,2,74,132,255,3,28,21,215,1,323,0,1,69,55,16,464,72,9,21,19,6,17,312,159,0,4,77,0,0,126,1,27,1,0,0,59,12,61,21,2,0,7,0,0,0,0,15,4,6,1,112,1,119,5,1,19,11784,18,111,14,6,0,2,13,3,10,4,1,337,2,5,6,1,1,75,1,161,2,12,22,95,2,248,47,5,6,128,4,1,0,85,3,147,9,0,3,208,116,17,11,5,4,4,5,127,18,3,13,194,13,1,5,9,34,1,8,4,18,0,0,4,2,49,0,123,5,245,31,231,24,3,1,55,14,55,0,219,69,29,236,1,129,81,60,1,232,38,0,0,58,0,50,3,2,5,98,1,70,270,17,4,28,384,8,14,0,7,4,5,3,1,0,123,5,5,580,0,47,2,18,12,1,2,5,0,11,23,12,5,275,51,14,5,9,320,1,31,1,522,2,3,124,0,37,79,8,0,422,2,1,0,4,185,6,26,17,0,26,2,2,1,146,405,82,40,0,1,291,3,11,2,0,0,3,58,7,95,2,1,3,4,26,7,19,0,1,3,20,0,272,6,0,0,12,9,6,246,0,45,22,5,0,35,2,108,3,3,17,12,4,356,115,5,6,28,0,72,8675,9,0,7,112,164,27,3,24,29,3,0,87,0,658,220,54,0,207
"ENSG00000146410.12",26,0,33,13,50,62,21,14,20,158,11,138,187,355,309,12,20,39,41,19,29,2,32,26,12,61,45,146,23,79,99,101,88,39,27,93,126,33,113,69,7,206,76,55,14,36,18,93,0,12,22,190,37,222,34,34,9,177,197,129,15,108,21,111,12,55,14,14,314,119,102,46,18,0,9,2,162,46,100,210,70,80,302,11,62,46,83,10,44,7,82,61,25,163,24,2,16,101,101,107,24,6,108,11,47,149,48,6,526,32,47,30,33,106,30,35,201,40,136,508,11,82,7,34,79,4,3,43,140,330,26,4,317,11,108,10,62,5,194,11,2,139,106,16,17,127,134,156,167,56,2,5,27,76,19,93,29,147,35,58,111,44,116,64,82,253,163,181,259,976,14,39,14,531,18,27,39,107,54,51,7,24,31,51,30,29,134,8,74,258,29,402,151,206,13,95,16,42,20,121,13,135,188,434,4,73,12,25,104,88,18,61,210,42,61,62,18,38,69,89,2,63,39,8,5,3,50,101,21,33,97,35,81,32,10,103,2,23,64,85,12,32,5,9,158,240,37,27,18,36,10,29,5,99,13,38,15,54,39,247,168,54,567,219,16,57,48,2,251,8,91,3,288,3,43,116,137,5,9,194,63,173,39,5,32,151,2,20,83,66,17,57,44,15,110,148,573,10,41,45,49,30,436,14,145,20,14,48,28,125,43,195,41,25,91,54,529,105,18,50,35,51,12,230,102,34,6,11,36,2,117,72,33,40,352,7,17,191,17,18,2,51,17,173,187,42,1,37,163,1,31,165,24,227,10,8,65,86,176,15,76,17,22,133,145,14,15,121,15,51,143,89,44,52,341,14,88,2,9,65,14,46,33,7,38,15,162,23,56,115,74,12,3,58,37,46,69,133,23,1,20,50,43,5,199,21,122,188,65,20,42,52,8,8,14,23,54,562,53,22,5,6,292,4
"ENSG00000146670.10",361,10,90,181,453,354,768,142,59,1515,87,969,1129,4322,712,74,80,851,773,178,259,31,222,233,327,299,656,929,245,350,702,892,813,209,106,569,591,132,1243,597,134,827,1309,73,72,602,93,938,18,144,221,1132,211,715,259,751,44,1242,1499,726,91,840,181,551,33,653,163,159,2111,1053,893,205,242,11,290,24,1069,214,1375,853,795,1215,828,404,918,275,183,170,152,77,555,421,258,2387,141,16,52,1109,739,700,270,53,1509,183,306,1115,729,27,5015,617,278,69,118,675,396,177,1649,235,1915,2128,114,277,53,691,513,10,24,841,510,977,147,39,1845,179,695,41,349,24,1358,73,23,2012,714,97,277,2551,1065,1201,654,631,27,34,641,665,116,869,168,1088,653,601,480,337,1052,427,849,852,1222,1959,993,2386,158,265,511,1732,281,191,422,701,545,317,32,645,249,952,251,216,591,69,305,842,112,2528,1173,1482,227,1541,81,322,79,663,192,2684,698,2574,29,724,77,1655,1136,884,121,504,1779,458,281,1003,30,166,315,887,22,620,1118,78,44,24,151,2531,102,265,590,337,416,644,44,1087,35,157,588,208,108,253,147,112,844,835,207,259,266,350,64,508,52,692,46,487,106,336,201,2260,1564,605,1341,1921,44,370,635,23,2463,31,854,20,1272,26,198,1078,1840,36,141,609,2455,1016,313,41,216,1232,15,162,645,347,132,336,241,204,473,1719,3227,180,131,235,755,176,6311,53,1402,95,63,215,382,1550,231,652,578,327,365,570,3240,688,87,215,692,1155,30,2531,555,624,38,341,311,25,492,509,163,391,1220,28,549,1588,164,103,29,272,167,814,1569,955,43,699,739,17,134,1446,94,1814,101,49,672,1219,1660,103,1103,121,167,647,1866,125,390,1442,107,497,886,332,188,432,1546,117,566,16,147,2040,199,737,271,132,195,371,1022,473,583,658,692,256,68,859,186,315,648,1577,155,16,299,384,207,25,1365,134,738,971,999,90,290,988,157,46,334,260,319,3102,979,99,24,53,1448,23
"ENSG00000146755.11",2,1,5,261,1822,2444,4,2,10,56,8,77,1,6,13,4,712,5,2,368,24,2,439,3,8,9,5,5,256,1,22,3,7,3,6,2,7,1081,0,3,0,3571,706,1,9,37,1,2,2,5,3,10,3,2,9,2,2651,39,2,6,3,477,13,9,2,396,7,3,0,12,6,14,59,1,12,5,28,64,61,10,72,9,3,103,3,3710,1,3,8,0,67,19,232,26,22,2,254,8,78,21,9,7,90,0,6,6204,988,2,1376,51,121,7,7,3,75,1,2644,8,8,3,2,14,0,6,11,17,5,30,650,1056,17,19,153,14,124,7,5,4,1327,0,1,775,0,3,20,272,9,288,39,1,2,9,3,14,10,269,1,2,1592,7,8,76,28,468,1354,3,1266,1013,74,420,12,3,92,3,28,13,39,126,2,685,2,31,0,11,5,3,1,4,9,3,3,10,1424,9,190,1142,13,112,3,2475,1,2,1418,3,8,12,4,9,6,1,490,349,2,8,1818,5,54,45,8,12,10,2,5,259,5,6,1,4,15,84,1500,2,3,4,10,17,1,2,2,17,7979,3,6,4855,2785,4,0,10,2,2168,2,154,4,12,7,20,4,1352,4,7,9,1,3879,224,5,610,248,5,13,1,3,4,1,32,11,219,4,1,5,1,4,14,1,3,1,519,1,1116,571,384,9,16,984,2,33,3,105,15,4,366,5,1338,6,8,5,43,27,501,1,531,13,4741,0,5201,42,7,41,630,190,59,1164,3,3,2539,566,26,10,2,0,2,9,47,3,13,3,4,4,41,11,32,9,3443,7,2911,25,0,1,2318,647,5,7,2,0,23,0,8,1792,1904,318,43,9,15,343,583,1875,2,6,25,2,2,7,2,5,18,14,8,7,7,12,90,2,4,2,40,9,0,1951,56,0,0,166,1,3,147,2908,4,5,275,13,4,6,172,1547,2,5,57,2,4,0,330,5,6,17,156,0,705,4,13,1259,469,4,5,10,6
"ENSG00000146809.13",0,0,0,0,0,0,0,447,0,0,0,0,0,3,1,1,0,5,0,0,0,0,140,2,5,27,0,16,1,1,1,3,1,492,1,57,1,0,0,0,0,1,1,2,0,0,19,5,1,0,3,0,1,1,0,0,0,0,0,5,0,15,1,0,2,0,0,0,9,1,3,0,8,0,2,0,4,0,2,8,1,7,34,0,11,2,1,1,7,0,10,6,0,6,0,0,0,8,3,1,0,1,2,1,2,1,8,1,4,1,1,0,31,0,0,0,2,1,1,0,0,4,1,0,0,1,3,0,1,7,10,0,0,0,0,0,0,0,2,6,0,1,1,3,0,3,2,0,2,2,0,1,2,1,1,1,1,6,1,4,9,0,48,0,2,1,3,2,4,4,0,2,0,2,0,0,1,1,0,2,0,4,8,0,1,1,2,1,0,0,0,0,1,1,2,0,0,0,8,31,14,1,2,0,0,1,0,0,2,0,2,0,0,8,3,0,0,0,5,1,0,1,0,8,0,0,3,0,3,1,1,8,1,0,0,0,0,0,0,2,0,0,1,1,26,1,2,0,2,93,0,0,0,2,0,0,0,0,0,0,12,5,3,0,0,0,0,0,2,0,2,0,2,0,3,0,2,1,1,2,0,1,0,2,1,1,1,2,0,2,1,0,0,0,0,1,3,0,1668,0,1,0,10,0,1,0,0,1,0,1,0,0,3,18,1,20,0,0,9,0,1,0,2,4,8,1,1,0,0,0,4,0,3,2,1,0,0,0,0,9,0,6,1,0,2,131,0,0,1,0,0,7,2,2,0,0,0,1,5,5,2,1,0,4,0,1,0,2,0,2,14,2,0,1,5,0,3,5,1241,21,0,7,43,1,1,0,0,3,0,26,1,0,0,0,0,0,17,6,1,0,0,3,1,0,0,0,2,0,2,3,0,0,8,0,17,0,0,3,1,0,1,1,0,0
"ENSG00000146857.4",1,0,0,1,1,15,22,0,1,2,1,1,0,6,8,0,175,1,0,0,2,0,1,2,0,2,2,1,2,1,87,2,9,11,0,0,1,2,5,13,1,1,8,1,1,21,0,1,0,0,0,5,0,6,1,2,1,37,2,4,0,2,0,1,1,42,0,0,0,11,8,3,1,0,0,2,4,5,8,1,3,3,0,36,2,10,1,1,4,47,1,1,85,14,0,1,0,0,2,0,3,3,1,0,0,1,3,0,30,133,15,0,0,0,0,0,1,0,5,8,0,2,1,225,1,0,1,1,2,4,0,0,5,2,0,0,2,0,9,1,0,2,4,0,7,45,44,4,18,0,0,0,0,11,0,1,0,9,1,1,2,11,22,28,1,1,15,48,0,16,0,43,3,0,3,0,2,0,0,0,0,8,1,2,0,3,0,2,0,3,5,1,7,10,0,3,0,13,1,18,0,0,1,3,0,2,0,2,3,0,3,22,6,4,1,0,0,0,1,1,0,0,4,105,0,2,1,6,6,4,103,0,1,1,1,4,0,0,0,0,2,2,0,6,0,15,0,0,0,0,8,1,1,12,0,1,0,60,2,2,30,1,1,33,0,27,56,1,0,0,10,0,4,0,1,69,4,0,1,12,2,18,1,1,0,9,1,2,12,9,1,2,15,0,2,10,1,1,0,1,16,7,3,0,2,6,1,3,5,2,0,65,0,35,6,0,1,5,2,8,1,3,0,15,4,0,2,0,23,0,0,15,0,2,4,0,0,3,2,0,0,2,1,10,2,2,0,2,2,1,0,0,1,281,22,0,7,13,24,98,2,3,1,8,2,0,0,54,2,51,0,2,1,0,1,1,1,6,0,7,2,1,0,4,0,9,7,43,9,3,2,0,0,2,4,1,2,110,0,0,8,0,14,0,2,0,2,4,1,2,1,0,0,0,0,0,0,1,0,3,0,0,1,1
"ENSG00000147003.7",17,407,1,204,30,57,6,4,30,474,16,9,12,346,8,415,28,164,282,56,28,435,5,96,409,958,11,58,20,234,5,671,30,634,28,10,39,5,4,6,36,72,1,212,671,679,12,68,657,550,242,8,977,22,31,524,307,33,1455,40,68,163,26,100,287,10,282,55,60,259,534,56,3,363,341,323,449,25,5,59,78,15,20,80,476,20,21,81,64,15,31,109,45,32,15,259,603,27,15,169,65,605,900,43,21,52,915,387,69,7,61,473,211,137,3,24,49,4,27,110,78,123,1284,65,26,459,204,179,136,113,366,216,61,7,37,584,11,384,16,26,470,36,134,2012,23,206,19,15,28,1617,571,471,466,518,64,6,8,132,41,220,15,25,12,40,15,34,4,56,747,84,551,9,116,150,41,12,8,68,146,60,373,21,2,1,52,18,607,466,50,198,29,4,3,16,150,10,1023,23,92,42,208,337,9,209,719,41,817,370,71,226,100,30,26,15,131,29,17,423,27,253,357,26,9,5,501,362,221,481,8,143,368,19,37,36,186,46,600,48,6,18,14,11,324,29,102,33,2,84,26,326,46,18,218,5,783,56,1148,3,27,372,222,785,19,8,376,36,494,237,219,655,30,239,232,397,15,52,7,557,280,45,91,13,235,272,37,116,499,30,2,10,356,17,9,40,10,5,122,50,47,70,67,8,33,216,13,46,5,9,21,33,249,8,93,75,44,11,116,26,42,84,21,133,933,15,14,29,482,70,11,578,45,21,531,27,19,1002,94,27,38,15,621,134,15,65,521,211,18,0,46,246,668,1994,495,42,9,506,19,25,18,55,151,85,296,22,57,135,2,42,173,80,107,16,21,71,84,234,98,615,20,97,534,684,142,16,424,28,7,73,16,303,29,18,467,36,24,28,36,14,311,369,218,2,13,45,22,7,198,11,296,83,244,278,338,413,331,8,11,22,82,547,337,17,48,820
"ENSG00000147113.17",569,16,1598,719,785,295,69,722,288,474,369,729,152,816,152,182,576,290,279,457,407,42,982,560,805,377,145,288,301,444,384,596,358,690,296,735,887,217,637,877,320,703,890,823,243,264,342,937,101,586,497,561,76,173,996,307,523,377,681,232,569,328,319,229,139,1165,643,384,622,493,845,963,313,22,361,35,319,286,183,336,984,205,159,449,360,339,252,139,2633,315,666,70,310,131,248,23,333,1625,166,464,566,151,942,376,444,525,751,62,351,310,768,293,961,689,356,335,968,490,220,484,130,236,260,333,440,46,245,321,428,457,385,242,276,583,396,52,408,29,243,404,87,1261,301,82,736,715,261,286,566,390,76,80,446,338,616,269,494,1045,568,445,954,206,370,647,140,811,807,356,433,423,45,204,712,582,348,315,570,339,369,503,25,1309,558,507,509,457,1219,1709,285,270,250,1337,481,474,447,185,37,204,245,875,422,629,742,463,66,206,301,382,518,487,625,436,146,358,630,448,203,538,735,1416,10,352,307,359,197,37,574,360,202,880,270,718,800,878,566,581,102,605,289,441,2018,397,632,290,464,303,94,441,1588,316,170,374,78,208,87,608,129,966,658,218,626,966,254,230,94,840,166,87,1053,43,617,64,182,65,468,270,403,68,697,421,665,395,315,73,322,483,36,938,158,624,465,474,352,387,519,346,416,446,2124,766,429,570,425,96,200,332,443,448,276,188,725,803,301,500,612,395,433,893,1610,439,1223,366,90,574,898,434,119,431,365,143,431,285,526,351,418,121,277,956,599,220,50,505,649,136,99,467,848,593,225,69,103,616,513,351,238,49,481,175,425,94,722,1429,407,295,809,433,203,683,703,233,533,533,214,332,116,183,419,97,909,531,239,780,143,426,66,144,520,290,302,191,375,582,57,656,177,463,523,351,929,68,195,148,673,242,304,414,153,633,604,2229,667,344,567,418,529,382,288,430,302,280,45,121,765,81
"ENSG00000147145.12",3,0,0,5,17,5,0,3,3,3,1,3,1,3,2,0,1,0,0,3,5,0,26,3,10,7,0,1,0,1,0,4,0,2,0,2,1,1,0,1,0,9,5,1,2,6,5,11,0,1,1,4,0,1,4,2,1,2,0,0,1,4,3,0,1,5,1,0,3,0,13,15,4,0,1,0,4,0,1,1,0,0,1,5,0,1,5,0,11,0,2,1,1,0,0,0,0,16,1,3,5,1,4,2,3,2,4,1,1,2,12,3,22,2,3,0,11,1,1,0,0,1,0,1,7,0,1,0,9,4,6,0,1,7,2,0,0,0,1,2,1,4,5,0,5,2,1,0,0,4,1,0,0,1,3,0,0,8,5,5,2,0,1,7,0,1,5,2,1,5,0,0,7,1,5,3,3,0,5,3,0,8,1,4,1,2,10,18,1,0,1,1,3,7,0,0,2,0,2,3,1,2,13,1,0,0,1,3,0,4,7,1,0,0,9,5,1,2,5,11,0,3,0,2,2,0,3,1,0,3,0,2,24,2,1,1,2,0,2,2,16,8,1,3,17,1,1,0,7,0,0,0,1,0,1,6,0,8,0,1,7,2,8,3,0,12,3,0,4,0,6,0,0,0,9,0,1,0,1,0,2,2,1,1,1,0,2,2,0,4,1,2,7,0,0,1,2,2,3,6,3,1,7,0,0,2,0,4,0,1,4,5,0,3,6,5,3,6,13,3,9,3,0,3,11,5,2,1,0,0,1,0,9,2,1,0,1,5,5,0,0,4,4,0,0,1,0,1,0,0,0,8,1,0,2,0,0,0,3,1,2,7,1,0,6,2,1,5,0,1,4,6,0,0,0,0,2,0,10,6,1,1,3,2,0,1,2,6,0,2,3,0,1,1,2,1,0,3,10,0,2,0,16,1,2,4,3,3,1,49,1,4,2,1,5,5,0,29,0,0,0,2,0,0
"ENSG00000147206.17",5,8,3,11,3,0,1,1,3,18,3,1,0,7,32,67,51,4,4,11,22,30,1,10,1,2,0,10,0,1,2,10,3,56,3,1,0,11,0,0,1,6,0,0,76,3,0,0,46,1,22,12,112,4,0,2,13,2,0,0,2,9,0,20,47,1,2,0,25,5,13,1,1,27,3,42,1,1,1,79,0,5,5,0,4,1,2,1,0,1,1,13,0,0,0,31,16,0,5,2,17,64,4,0,7,1,1,62,2,1,7,68,0,13,1,1,3,0,3,1,0,8,1,1,25,41,57,3,2,11,37,11,14,0,3,58,4,39,3,1,30,6,7,115,15,7,1,3,2,0,18,48,0,1,27,3,1,15,3,17,6,0,7,19,7,24,19,3,1,2,4,0,3,3,0,0,6,3,18,1,19,0,1,9,3,3,12,1,6,4,0,7,2,5,11,0,61,5,0,3,0,0,18,4,35,8,34,4,26,2,36,6,2,0,62,3,1,0,4,1,8,2,0,0,126,18,15,0,0,2,2,3,4,2,1,3,21,3,5,3,0,8,2,4,5,6,0,1,3,1,31,0,10,5,60,3,76,2,3,3,13,3,14,0,143,2,10,47,2,56,1,64,2,85,2,2,0,44,0,4,1,4,2,30,0,8,19,3,0,2,94,5,2,0,2,2,12,0,7,3,23,1,4,117,0,5,0,3,8,2,0,1,4,4,25,15,1,0,3,1,1,4,44,2,16,1,45,0,0,34,0,21,23,12,3,41,0,2,1,0,4,2,2,14,29,8,2,0,8,25,33,1,20,6,0,131,0,8,2,1,16,6,13,1,25,1,2,0,2,2,3,2,0,0,13,10,2,30,5,1,2,1,18,14,85,9,3,3,0,0,5,0,27,0,0,3,0,3,96,20,2,0,2,0,91,66,4,6,2,0,26,25,14,11,6,0,2,30,8,95,22,47,1,63
"ENSG00000147246.10",0,0,0,0,0,0,0,0,0,0,0,2,0,62,5,0,0,33,0,0,0,1,1,1,1,7,0,24,1,2,0,1,6,1,165,0,9,0,0,0,0,0,0,1,0,0,0,0,0,0,0,8,0,4,0,0,0,1,0,0,0,2,0,0,0,0,0,0,0,0,4,0,0,0,0,0,1,0,3,13,0,4,0,0,0,0,0,0,1,0,0,545,3,0,0,0,0,1,39,0,0,0,0,0,0,0,0,0,147,4,0,0,0,1,0,0,0,0,1,8,0,70,1,0,0,0,0,0,0,300,0,0,10,0,0,0,0,0,0,0,0,0,38,0,0,0,0,0,0,0,5,0,0,126,0,0,0,0,1,1,0,0,2,0,0,0,2,0,0,6,0,1,0,15,0,0,0,13,0,24,0,5,0,0,0,0,0,0,0,5,0,9,0,0,0,0,2,0,0,0,0,0,0,14,0,3,0,0,0,1,0,0,0,134,2,53,0,0,7,2,0,0,0,0,0,0,2,1,0,0,0,10,0,0,0,0,0,0,0,2,0,0,0,0,0,13,0,0,0,1,3,1,0,6,0,0,0,0,0,11,6,0,0,39,0,0,1,3,10,0,0,0,10,0,0,0,0,0,0,0,537,2,0,0,0,0,0,0,0,0,0,0,0,0,0,58,17,0,0,0,0,0,60,1,1,0,0,6,0,0,0,2,0,0,0,0,0,0,1,3,0,0,0,0,0,0,0,1,0,0,1,0,0,0,3,0,0,0,0,0,0,0,0,0,3,17,0,0,5,0,0,0,0,1,0,1,0,1,0,0,1,2,0,0,0,0,4,1,0,0,0,16,0,0,188,0,0,0,0,279,0,0,23,0,0,0,0,1,0,0,0,0,0,0,0,0,0,33,1,0,0,0,1,0,54,0,6,8,0,0,0,0,0,0,0,0,9,45,1,0,0,0,0,1
"ENSG00000147255.19",460,10,6,27,1539,1195,469,13,8,13,0,42,4,904,61,140,254,346,36,110,120,87,101,136,321,157,23,49,309,115,4725,554,327,449,115,374,13,14,0,0,44,43,365,15,161,27,28,45,83,186,45,284,93,1488,0,59,27,835,111,113,3,267,17,11,79,244,124,55,155,69,2632,85,68,55,31,97,3,16,7654,1276,249,187,16,46,191,1154,44,10,5,42,374,251,920,1,5,77,6,130,3758,499,174,211,1,17,182,1632,24,66,1047,138,223,51,25,47,353,144,2198,2,544,167,75,133,263,58,464,29,15,182,703,427,49,54,562,23,249,100,25,45,201,142,72,1087,205,149,211,2041,470,18,1860,4,74,40,9,83,64,28,41,70,248,97,267,16,149,503,84,276,68,969,268,44,118,79,67,297,107,32,75,433,151,79,112,2065,4,113,11,16,65,358,0,23,61,323,775,168,239,3274,99,88,76,59,52,252,2510,203,68,949,266,422,59,14,56,722,27,271,3649,23,3,2,277,346,25,30,17,49,57,45,15,418,87,35,109,53,12,67,10,29,57,9,138,13,866,302,6,37,274,275,12,0,50,270,5,124,28,74,105,43,160,34,6,102,81,303,327,7135,21,765,261,59,52,41,145,48,2473,44,141,15333,886,35,9,40,163,442,132,27,150,3447,42,33,2155,49,21,124,10,10,8,192,352,32,69,0,55,2814,1212,17,1556,12,5,190,115,27,103,288,63,40,218,432,1866,263,19,283,278,73,23,1523,35,58,32,10,1,50,35,167,91,110,289,78,40,794,0,3,40,36,308,52,328,98,57,692,577,12,30,89,51,4380,45,82,1784,579,132,52,16,19,10,875,0,51,55,2395,10,72,24,49,130,67,83,38,413,39,13,160,32,210,92,73,73,41,720,140,134,33,4044,54,50,1685,744,28,132,16698,58,74,55,81,79,69,89,3,373,769,18,22,113,28,18,44,265,142,63,2,4524,95,56,19,4,77
"ENSG00000147257.15",844,59,76,10069,48105,94059,597,186,235,342,5680,59677,75999,3961,4318,878,31534,25699,40610,61559,12285,441,5785,10477,2686,22941,370,14394,67605,388,80602,293,23335,692,4579,153,959,35468,28463,25707,1603,5399,152665,177,1058,11982,20886,54792,160,415,5280,6070,5416,136414,18,7801,1121,132441,2982,201657,8555,82461,26386,6418,8718,248492,135,15812,13949,39099,29757,38619,302,124,44367,135,26322,39161,69454,874,59061,7387,101,4149,24682,25529,5018,3550,2576,30956,118957,46074,96305,12486,27692,34,56,1572,157646,36181,23122,186,13758,7993,18988,133287,153125,702,462,134857,18548,317,2237,506,77277,4281,143948,59703,62362,84719,4192,2616,3383,8593,111050,77,1045,108,278496,49781,4192,74,71285,24824,20719,201,283,136,112220,227,589,123426,320,1244,34136,14802,62702,23479,1842,260,168,208,1870,69,4104,19781,8321,43799,61413,1569,14873,33038,546,61948,22443,3541,39430,32416,43092,183153,10246,10506,45975,77689,80402,6526,115459,97015,541,8382,54,65661,25262,37463,1130,5239,2637,14893,43260,3177,6879,9251,108004,14650,10029,87462,226,71297,12341,31980,15224,13819,181641,76889,243,73646,22790,3745,30620,66,10384,120464,53790,17712,120776,187,964,131,19379,25121,47,481,73657,138940,393,231,12976,15446,10262,15560,48315,298,59731,13371,1176,472,203,11523,7905,11996,20729,52987,226,2663,63149,35605,12,2588,6279,247,147,11116,223,25508,127,305,2062,2843,5877,12086,26414,1037,80349,200319,120,50118,33014,147,43643,185,135841,475,88868,205,24346,169479,32736,1584,456,99453,10833,163615,671,192,17,80851,96,17443,54395,99656,1926,39231,97501,3918,6050,22899,12566,18342,1103,177,32645,45148,3893,375,38329,4082,7997,23018,16240,175080,2569,118743,12417,72072,21000,114,846,82421,9947,41189,183761,81,78,45710,1224,3825,625,14587,4235,483,28693,55781,800,153899,13489,500,6917,8183,3114,19,163,38658,36161,6311,113713,1366,741,64157,49388,145,149,15092,924,262199,20595,129,160418,197,127542,3469,163,671,20894,34670,122,2932,18092,83242,440,17670,12781,19729,25234,86187,21425,35725,83527,252,144,17376,14888,36441,1879,4481,1298,13873,361061,59283,3742,83968,93371,109,515,152314,70380,50586,2060,116098,12217,68,879,15419,8631,2401,120,88,9417,150764,219,2722,889,447,358,123,42476,8268,111907,3395,112306,1240,85,113,1095,205
"ENSG00000147262.4",0,0,0,2,0,10,3,0,0,0,1,0,8,3,0,0,0,0,0,0,0,0,0,0,0,1,0,1,0,6,0,0,1,0,0,0,0,0,5,2,0,1,0,0,0,0,0,1,1,0,0,1,0,35,0,0,0,0,0,0,0,0,0,0,0,2,0,0,0,0,1,0,2,0,0,0,0,0,29,1,14,0,0,0,0,0,0,0,0,1,0,1,4,0,0,0,0,0,25,0,0,1,0,0,2,4,0,0,3,18,3,1,0,0,1,0,0,0,0,11,0,0,0,1,1,0,0,0,1,1,0,0,0,0,0,1,0,0,0,0,1,0,3,0,3,0,26,0,9,0,0,0,0,0,0,2,1,0,1,1,0,0,0,3,0,0,58,0,0,0,0,0,1,0,0,0,0,0,0,1,0,1,0,0,0,0,1,0,0,0,0,0,0,0,0,0,0,1,0,0,0,0,1,0,0,1,0,0,0,0,0,2,5,0,0,0,1,0,1,0,0,0,0,0,0,0,0,0,0,2,4,0,0,0,0,118,0,0,0,0,0,0,0,0,1,5,1,0,0,0,2,0,0,0,0,0,0,0,7,0,0,0,0,16,0,0,0,0,0,0,4,1,4,0,1,11,2,0,0,0,1,13,0,0,0,2,0,0,0,1,0,0,0,0,0,97,1,0,0,0,0,0,0,0,0,0,0,0,0,76,0,2,0,1,0,0,72,9,0,1,0,0,0,0,0,0,0,0,8,1,0,0,0,1,0,0,0,0,59,0,1,0,0,0,11,0,0,2,0,0,0,5,0,19,1,0,0,0,26,3,0,0,0,0,0,0,0,56,0,1,0,0,0,61,0,0,0,0,0,0,0,0,0,0,0,0,0,1,0,0,5,0,0,0,0,0,1,11,0,0,3,0,0,0,0,0,0,0,0,0,0,0,0,0,0,0,0,0,0,0,0,0,0,0
"ENSG00000147378.11",48,0,223,7,4,0,16,41,3,4,10,83,23,6,6,1,3,33,5,2,0,1,4,0,2,9,11,7,20,39,26,3,2,3,6,25,35,2,144,54,6,7,27,30,1,8,2,21,3,1,18,71,0,25,47,33,4,51,36,4,28,16,25,11,2,39,19,16,31,35,7,8,1,0,9,0,15,2,12,6,114,9,11,16,33,7,3,28,126,20,1,1,29,0,36,1,20,18,21,9,51,5,83,27,4,3,11,2,10,7,0,0,5,10,15,19,23,9,17,86,22,31,2,0,13,0,2,40,3,3,3,0,28,3,8,0,47,1,52,15,0,31,5,0,3,29,30,14,114,11,6,0,31,9,1,23,27,16,16,2,55,18,25,11,0,78,15,29,23,16,4,11,5,47,2,0,5,47,1,30,0,31,56,12,35,8,29,61,7,5,5,128,51,2,13,7,1,17,5,15,3,41,8,27,1,17,1,1,3,9,0,4,25,12,10,2,14,13,7,78,1,7,16,5,0,0,21,65,14,26,16,19,6,56,20,35,0,107,0,11,17,2,25,2,30,34,3,32,52,20,3,27,1,34,1,6,2,7,121,17,13,31,4,85,0,10,7,2,28,0,13,2,104,1,15,12,60,0,17,29,27,9,10,0,6,26,0,3,53,12,4,2,6,31,82,50,4,6,210,7,3,36,82,0,22,2,20,13,2,11,3,30,42,2,18,7,26,56,4,3,21,5,2,53,1,14,0,56,112,0,33,4,1,17,31,1,9,44,31,35,1,18,18,2,19,12,55,41,40,0,1,18,8,17,0,0,49,2,75,7,9,53,16,4,6,4,31,28,36,2,31,35,53,122,26,6,4,0,23,18,3,22,3,8,1,7,7,1,4,9,14,13,0,28,1,29,35,47,2,1,2,14,1,13,5,1,5,96,36,14,0,9,4,2,9,7,10,21,19,1,0,1,34,0
"ENSG00000147381.11",0,0,0,0,1,0,0,0,0,0,0,0,8,8889,13050,0,0,2,0,0,0,0,0,0,0,0,0,0,0,6,1,0,1,0,166,0,0,0,0,0,0,1,0,0,0,0,0,0,0,0,0,1063,0,6,0,0,0,0,0,0,0,1,0,1,0,0,0,0,0,0,1277,0,0,0,0,0,0,8,24,200,234,461,0,0,0,0,0,0,0,0,0,1,0,5,0,0,0,1,4,0,0,7,0,5,0,0,0,0,1424,0,0,0,0,1,0,0,0,0,1,118,0,3,12,0,0,0,0,2,0,23,0,0,597,0,0,0,0,0,2,0,0,0,0,0,0,1704,1,0,9,1,0,0,0,4,0,4,0,0,0,0,6,0,0,0,0,0,0,1,0,0,0,0,0,1,0,0,0,3,0,0,0,0,0,0,0,0,1,0,15,7,0,1,0,1,1,0,0,0,0,0,0,0,0,8,0,0,0,0,0,0,0,0,598,7,0,0,0,0,618,0,0,0,0,2,0,0,0,14,2,0,0,0,0,0,0,0,0,0,0,0,0,0,0,0,0,114,2,0,0,0,0,0,0,0,0,0,0,0,0,3,1,0,0,5,0,0,3,0,1,0,5,0,46,0,0,0,5,5,0,1,0,2,0,5,0,0,0,0,0,0,5,0,0,0,0,0,2,0,0,0,0,0,20,0,107,0,0,0,47,2,0,0,0,1,0,0,29,6,0,0,0,0,0,1,0,0,2,0,0,0,5,0,0,0,0,0,0,0,0,0,5,0,0,1,0,0,0,0,25,0,0,0,0,2,3,6,0,0,7,0,1326,1,0,0,1,0,0,0,0,0,0,0,0,10,0,0,0,0,0,0,0,0,0,0,0,0,0,0,0,0,0,0,0,0,0,0,748,0,0,0,0,0,0,0,0,0,0,6499,0,0,0,1,0,0,0,0,1,0,0,0,0,0,1,0
"ENSG00000147485.13",20,0,52,36,7,16,2,35,11,2,46,39,29,19,16,5,8,4,0,11,13,0,8,5,37,27,13,50,10,28,17,29,12,70,7,84,30,0,38,48,0,7,144,83,10,2,17,11,3,4,0,49,3,12,13,25,7,46,40,17,70,39,7,19,4,50,18,7,9,43,29,40,10,0,7,6,4,25,5,34,72,31,10,4,14,45,3,5,37,17,11,43,14,4,21,6,12,373,8,2,36,6,2,2,5,26,60,4,82,6,13,6,11,86,18,29,69,8,5,35,7,2,4,34,8,3,2,14,54,21,6,15,17,3,19,12,21,1,9,25,1,29,29,5,3,4,27,7,18,1,4,0,72,16,15,12,2,14,17,21,51,7,20,17,0,41,68,6,33,28,2,17,56,84,6,3,25,24,8,12,0,71,102,31,23,22,24,20,51,10,1,20,32,21,44,5,6,19,19,104,4,11,31,106,4,12,3,17,11,17,7,14,28,71,111,9,16,0,7,71,0,25,7,21,8,0,50,30,2,92,7,47,27,20,3,75,3,2,82,26,7,12,12,1,34,7,3,6,73,19,3,10,3,15,1,26,2,20,3,124,31,87,12,17,3,8,2,1,90,2,31,1,9,4,16,0,1,1,14,20,72,16,6,1,18,3,2,2,21,19,11,5,1,6,28,14,12,27,96,10,37,34,21,4,0,7,9,25,3,17,19,18,11,1,20,83,43,44,16,21,12,26,3,25,45,13,4,49,29,1,11,10,15,28,38,7,26,89,20,3,4,150,71,3,9,36,14,6,11,3,1,28,15,89,8,3,2,3,54,2,9,32,25,10,1,11,1,82,9,7,1,21,3,11,37,4,13,2,120,61,18,67,140,3,1,10,23,7,7,18,7,28,3,32,3,6,16,27,19,0,60,3,29,2,12,1834,6,20,2,53,35,13,112,14,48,16,27,10,28,10,3,12,29,1
"ENSG00000147509.14",16,0,57,3,2,2,4,3,8,9,1,1,6,197,11,2,1,4,1,9,2,0,3,1,2,4,39,1,2,11,1,14,11,6,3,6,7,0,2,1,0,12,2,2,5,8,17,0,3,1,0,9,2,3,1,5,1,48,2,5,3,11,0,0,1,1,1,2,6,0,3,2,1,0,1,0,9,4,3,63,10,6,14,14,0,0,8,3,46,6,12,15,11,27,0,1,0,3,10,3,3,1,21,1,2,10,8,0,21,1,3,4,3,14,34,2,54,0,7,83,5,3,1,13,4,1,2,3,2,37,1,1,8,3,6,1,0,1,2,0,1,8,22,1,1,7,2,4,43,59,0,2,1,9,2,0,7,4,3,7,4,37,0,1,6,4,18,3,12,8,5,6,0,5,10,1,4,9,129,2,0,3,3,4,1,1,2,2,10,1,0,38,1,8,1,0,5,57,2,19,0,2,4,8,1,5,1,19,11,2,2,2,11,1,2,15,3,0,4,4,0,2,1,0,0,0,0,17,3,2,2,0,36,5,1,20,1,2,5,14,1,34,2,3,13,26,2,9,0,0,0,1,0,2,2,2,0,3,20,3,1,1,5,10,0,5,23,0,7,2,23,0,32,1,21,1,15,0,1,1,1,24,9,0,2,3,2,9,7,2,0,2,0,0,27,76,3,2,11,1,2,2,6,0,22,0,0,4,2,1,4,1,1,13,0,5,19,5,1,6,1,14,1,4,3,1,2,2,27,1,2,0,2,41,4,3,2,11,79,2,0,2,4,180,5,1,3,9,6,0,0,218,1,1,0,9,4,3,6,2,9,2,3,1,53,0,36,12,1,1,3,2,1,2,1,2,6,2,3,3,0,3,3,7,4,13,7,1,1,0,2,1,0,7,1,2,8,51,6,1,2,4,6,0,9,48,41,5,0,5,7,4,2,3,0,0,2,311,10,2,1,2,35,0
"ENSG00000147614.4",4,0,0,7,49,54,33,0,1,5,0,0,2,18,4,4,24,9,7,4,78,2,64,5,1,4,7,5,4,16,1726,20,23,25,2,138,9,8,1,11,0,103,9,1,10,2,13,10,1,45,2,833,0,6,0,1,9,44,4,9,6,204,3,3,2,1,0,7,11,1,83,18,3,0,0,3,1,0,15,144,81,150,63,12,23,9,5,0,489,1,41,50,19,1,0,0,0,8,23,11,3,0,14,0,10,9,14,0,103,2,39,34,8,47,29,22,80,3,39,34,0,13,10,0,3,0,0,21,37,35,22,1,63,21,86,4,6,1,170,2,1,25,24,3,4,11,6,432,467,3,4,4,2,7,7,0,6,41,4,5,6,7,10,61,7,55,83,11,31,33,4,11,21,8,14,8,16,52,16,0,0,8,11,28,0,2,3,9,30,22,1,77,8,22,35,3,0,13,1,16,1,6,2687,2,7,45,2,7,0,10,7,4,33,11,19,25,5,0,15,14,1,2,8,2,0,3,1,6,5,16,3,7,513,14,0,15,2,0,15,54,25,86,17,1,441,3,5,1,10,5,0,0,3,9,2,0,0,65,1,6,54,7,231,32,6,4,36,29,5,2,215,0,10,1,82,7,21,1,3,10,2,3,0,1,3,35,2,3,5,61,5,30,0,10,21,31,65,5,16,3,7,1,284,1,11,7,3,7,0,19,12,17,12,360,51,5,4,58,14,4,16,7,0,20,222,2,48,4,0,1,2,3,23,13,31,0,2,495,7,4,0,2,13,28,42,4,32,14,110,3,0,45,1,79,2,18,5,7,92,20,30,3,16,292,9,11,1,4,0,6,23,14,3,0,5,0,0,3,2,7,0,3,5,2,1,0,6,27,4,16,14,4,0,28,0,1,58,9,30,3,3,10,11,1,42,11,135,30,1,22,43,1,4,2,174,0,12,8,17,2,0,0,2,1
"ENSG00000147697.9",39,1,8,37,33,3,2,30,2,36,1,1,7,219,202,4,3,102,0,5,15,2,26,8,2,1,1,35,1,7,18,16,17,3,15,28,94,0,0,1,1,41,3,4,1,1,31,74,2,6,2,38,2,40,0,34,0,3,12,5,1,190,6,12,4,0,5,2,6,29,243,145,22,0,0,0,8,7,2,72,113,31,19,28,99,5,11,32,15,1,33,94,2,0,8,0,0,44,1,34,25,0,10,6,14,18,13,2,2,1,25,2,55,103,12,1,27,0,9,289,945,6,15,8,98,1,1,12,5,23,7,0,134,16,104,5,1,0,0,0,0,23,23,0,11,68,25,4,4,12,1,0,16,17,6,28,0,25,16,49,6,6,87,1,3,35,29,31,77,2,2,14,24,13,5,2,10,10,115,23,0,66,10,30,2,0,40,2,5,1,2,51,1,16,20,4,27,19,0,49,7,7,23,441,0,17,4,14,6,1,6,14,54,0,16,26,2,2,25,22,0,2,0,0,1,0,62,4,4,5,6,5,14,116,2,136,0,3,30,19,5,33,5,6,33,47,5,1,14,15,1,1,0,3,0,6,0,32,25,3,13,53,47,1,0,54,55,0,5,1,70,1,6,1,30,0,9,2,2,63,9,27,5,5,0,14,1,5,1,31,5,2,7,18,8,2,10,46,96,21,6,1,20,0,6,9,0,12,6,5,2,10,1,168,20,61,31,8,49,13,1,23,2,0,39,3,0,11,3,0,149,0,11,0,47,5,25,27,5,1,0,8,24,7,75,71,1,4,53,0,1,48,5,6,5,3,4,20,9,1,2,1,13,13,16,8,2,8,0,77,6,24,10,18,7,0,15,0,28,4,0,56,40,7,1,33,1,12,53,1,1,1,2,2,1,7,75,3,4,1,2,9,4,4,1592,1,197,15,4,129,42,0,6,2,71,1,69,53,4,0,0,13,71,0
"ENSG00000147889.18",130,7,834,291,709,46,865,244,415,585,455,16,803,5436,1328,173,58,30,391,57,39,10,75,114,772,117,520,695,9,1259,1038,487,27,296,219,484,897,114,22,18,252,1799,455,211,84,1160,79,759,11,22,180,50,154,527,581,2607,34,8,1876,485,675,2267,219,1610,95,115,361,354,523,1308,1076,142,81,5,443,13,3546,273,352,964,569,1475,3968,47,488,36,330,216,287,764,184,257,155,1365,90,10,18,1113,379,1638,514,47,6168,129,74,45,435,50,927,456,33,52,69,1255,86,554,2424,173,749,615,601,946,14,1871,148,28,122,1263,39,507,352,6,1214,228,654,9,234,7,736,128,34,1798,1427,111,147,683,817,175,298,679,5,48,13,333,169,498,222,415,191,324,472,101,467,47,45,756,412,7131,904,2856,439,414,430,2445,157,133,360,736,24,464,14,69,34,692,319,122,1060,165,466,1400,464,2493,67,496,731,766,36,1309,140,976,111,3409,24,1086,6,316,19,1019,1465,1538,159,142,1175,345,175,463,537,183,274,3060,5,1356,87,201,16,40,250,4230,207,116,1277,609,411,537,323,339,9,710,587,640,58,261,181,18,1514,445,970,92,414,613,136,283,4,376,30,1008,33,167,209,1722,470,891,2055,1008,36,68,1388,17,2916,9,822,70,1878,18,212,14,4496,9,149,2310,766,334,808,32,437,191,9,54,74,233,70,161,48,972,29,1020,3524,111,408,308,746,130,2302,10,766,548,138,422,380,752,374,61,171,267,452,124,585,232,86,243,133,295,13,3522,286,1019,101,226,395,5,518,65,428,304,1116,9,417,2280,80,120,6,523,254,457,976,1106,205,113,1173,14,15,901,366,381,292,32,16,20,1312,1304,391,516,752,4002,933,101,704,2079,322,658,1047,537,432,366,2526,417,1720,121,67,1842,213,463,328,29,164,775,51,200,571,167,42,398,51,220,32,208,190,10,196,3,327,441,60,102,2530,123,662,853,1216,141,200,2464,101,78,248,36,1192,3838,396,28,8,117,2336,45
"ENSG00000148344.11",169,8,1254,440,1588,191,4,6,21,15,7,38,18,6831,199,89,50,113,1,25,58,21,90,12,23,22,5,252,51,134,5,732,1200,22,25,45,2364,9,2,5,1,1665,9,19,119,42,7,30,48,12,26,865,36,29,5,1,487,3,7,11,3,393,2,29,5,20,15,34,7,228,35,660,17,4,10,13,329,23,19,234,908,131,902,63,6,3,37,1,115,14,877,69,0,25,1243,8,414,12,55,1315,43,10,42,19,1029,9,14,49,365,2,100,96,20,600,22,2,18,17,119,4187,2,8,10,11,329,15,45,3,66,299,38,10,2246,221,851,22,16,10,308,8,26,87,93,31,70,883,28,100,38,23,52,21,0,18,37,50,12,58,344,180,11,2209,562,38,279,16,685,93,5,1902,5,3,13,13,867,22,81,14,2068,123,7,10,30,65,1,36,45,24,7,1,5,3125,20,619,72,9,59,307,3,1746,0,4,77,34,11,4,33,5,70,1,79,393,703,2,101,30,110,16,110,49,7,1,11,2,24,15,6,748,1899,46,9,13,295,38,19,3237,12,11,14,6,1361,910,4,171,1977,9,15,10,154,141,4,3,10,2,12,17,24,431,6,79,495,5,2344,11,40,1676,450,38,9,37,253,22,208,1,246,18,18,9,5,205,28,214,4,48,1,14,30,75,6,1975,89,139,201,920,1103,32,144,7,6,425,61,24,350,31,21,36,7,16,5,3,19,192,2,1985,13,240,19,333,368,962,26,1087,24,34,1376,168,110,1244,6,25,355,46,59,27,26,42,9,103,10,1209,3,196,14,2298,16,26,7,40,981,27,20,230,9,12,18,29,21,332,106,244,49,101,169,981,1827,8,24,16,19,50,22,15,167,5,183,2,5,62,11,89,2,5,2,33,102,151,586,862,6,8,175,1,33,29,62,10,29,17,149,19,8,8,81,0,82,189,769,5,31,273,204,21,2,143,2,2,24,2434,17,42,23,5,4423,31
"ENSG00000148346.12",7577,78,9,31715,541,5097,6161,4,25852,1508,5106,2933,2573,5667,178816,918,1377,4214,660,510,1707,112,771,383,488,151,890,2079,3186,39535,18,2852,1479,113,1569,711,27202,1704,727,2236,24,1089,10007,1509,285,102,12286,93797,563,99,232,2066,398,8381,280,63,26050,97,108,37,8033,5108,1174,50,167,91,119,1629,210,169,276,67395,11688,232,713,104,686,1317,2308,507,1160,230,19862,5246,554,21,20327,11555,1580,30482,31921,7234,1866,55240,1668,19,38518,254,3605,1391,43873,42,15427,418,18800,26,1555,95,244,8490,2266,213,120,813,308,136,1341,471,31,8194,32117,801,147,8288,19651,184,691,29,396,457,5551,258,5475,57708,21981,92,1395,156,323,421,129,9101,42707,109,17506,15719,108775,99,728,52,108,382,738,593,4118,5379,71628,849,1707,1120,761,71227,2928,612,298,512,13810,967,105,892,19,138,46835,610,6551,368,66477,1575,63023,8224,29,173,12390,362,149,33310,93,78,174,24,1833,9,155,385,772,72,91,101965,1560,448,49,37,163,217,93,1059,666,398,570,29,2949,107,17275,21,1220,7011,989,9166,7695,39951,131,11,1735,3392,101,630,1484,975,29270,3298,112,358,14579,17160,4091,27146,97,14682,1203,797,2110,56802,2402,292,62531,306,4716,148275,1526,5356,569,33827,205,111906,108,100,102,219,34907,2493,76,133,14138,65,3084,8549,1348,119,87,442,11813,272,22,520,192,246,6900,133,10064,3679,152,125157,69,1420,124,302,138,81274,2845,4183,943,118480,37630,13486,1333,3142,2546,15916,115,18082,2387,136,81,238,23599,2675,38165,1344,54,199,3145,82,64,1446,692,21810,26176,998,1021,217003,3034,2500,48,90,7243,342,658,2186,4890,112,51,4042,31699,2843,120,141,2085,5285,1709,194257,80,12422,4639,1860,1487,168,21,3356,1273,109,441,1784,99,999,238,535,1635,993,1052,123,52,75786,13322,1078,481,663,4980,1051,29309,823,37,10493,4224,1186,280,24,11,506,3,420,6,100,36,18049,2319,6496,2159,9174,3427,33,14119,661,120,1691,408,14529,6085,2200,11599,209,6537,10,11685,298,5724,3,22336,36,282,940,3433,306,553,9699,535,41,246,46,2307,373,53,28,5438,306
"ENSG00000148408.13",2,0,3,0,126,1,0,0,0,0,0,2,6,1,15,0,1,1,0,7,3,2,0,2,0,0,0,0,0,2,0,0,0,0,0,2,2,0,0,1,0,13,1,0,0,1,0,2,0,0,0,4,0,3,0,0,1,0,1,0,1,15,0,2,0,1,0,0,1,0,2,0,0,0,0,0,2,3,0,4,0,11,2,3,0,3,0,0,4,0,136,3,0,10,0,0,0,1,3,0,0,0,0,0,2,2,0,0,501,0,26,0,1,0,174,1,3,0,0,1,2,1,4,0,1,0,2,0,3,2,0,0,4,0,35,0,0,0,0,0,1,7,3,1,1,0,0,1,45,0,3,0,0,6,0,0,0,0,1,0,0,23,7,0,2,1,0,2,1,15,0,0,0,7,0,0,0,3,194,0,1,4,0,0,0,1,0,0,0,0,0,0,2,1,2,2,0,0,0,0,0,4,1,13,4,0,1,2,0,3,9,13,1,0,1,1,1,0,0,1,0,0,3,1,2,1,0,8,0,1,0,1,0,0,0,0,0,0,0,0,18,3,1,4,1,17,0,1,4,0,0,0,0,3,0,0,0,13,0,11,1,0,0,6,0,0,1,1,3,2,1,0,1,0,0,2,0,2,0,0,0,0,1,0,0,0,0,0,0,0,0,0,1,0,10,13,12,0,6,3,1,2,3,0,0,1,2,0,11,3,1,2,1,0,2,7,1,1,1,0,0,1,0,1017,0,33,0,0,0,0,3,0,0,47,2,0,0,0,0,3,0,1,1,1,0,0,0,0,0,0,0,0,0,6,0,1,0,0,0,0,0,0,0,3,4,1,0,2,0,0,0,0,3,0,1,8,0,0,0,0,4,3,1,0,0,1,4,0,0,1,7,3,0,1,1,2,2,3,1,1,0,0,3,0,2,9,36,2,0,3,0,0,15,2,3,0,0,0,16,0,2,4,5,0
"ENSG00000148488.17",2,10,7,64,73,21,0,11,11,28,16,10,7,12,1,98,52,1,0,44,88,97,57,92,2,14,0,18,2,3,2,43,41,125,25,47,13,16,1,2,0,30,7,4,188,1,22,36,58,8,34,30,129,2,5,4,96,0,4,6,11,4,1,24,55,4,34,5,23,9,63,65,27,35,5,160,5,10,1,46,8,0,2,9,10,4,11,0,19,0,41,70,4,1,0,30,61,8,6,46,30,481,0,6,32,47,6,190,67,8,78,167,268,18,1,4,34,1,1,10,1,4,19,5,26,91,36,1,22,56,65,89,3,12,8,242,5,82,1,2,96,34,15,333,129,5,5,5,8,14,102,51,9,9,100,0,0,104,19,11,3,0,1,40,6,33,22,5,0,10,0,8,9,4,17,17,20,3,94,0,59,8,7,10,22,28,100,42,3,2,9,4,9,14,7,2,71,1,21,11,3,2,54,10,218,0,28,23,18,6,135,23,3,7,118,26,1,2,86,20,26,16,0,14,114,66,42,9,8,3,2,9,76,4,4,7,98,13,3,19,82,26,5,25,8,2,1,1,35,7,24,0,43,0,124,21,185,17,3,8,59,53,10,0,133,53,8,361,4,69,25,43,14,95,9,3,33,14,1,9,6,3,3,28,11,19,49,25,0,24,254,42,15,2,2,14,12,2,30,4,98,11,2,154,0,19,10,42,21,6,2,11,4,52,65,9,6,126,146,26,7,12,130,2,87,11,87,8,0,47,3,24,44,26,26,193,3,9,2,1,59,5,21,12,2,38,2,0,0,37,55,62,109,4,7,192,3,4,5,0,11,8,36,1,48,23,0,7,10,12,1,29,0,1,8,4,1,60,42,8,6,10,21,11,111,1,21,42,6,8,7,7,70,9,2,18,6,4,317,60,8,3,45,1,42,79,0,13,5,202,107,14,14,16,31,8,3,8,2,263,73,58,0,68
"ENSG00000148513.18",0,0,21,2,0,3,0,0,1,0,0,0,2,65,76,0,1,2,0,0,2,0,3,1,0,0,0,12,0,4,0,0,0,1,6,0,2,0,2,3,0,0,0,0,0,0,0,0,1,0,0,292,0,1,0,3,0,0,0,2,0,0,0,2,0,0,0,0,1,1,73,0,0,0,0,0,1,1,0,9,0,4,0,0,4,0,0,25,0,0,1,9,0,0,0,0,0,0,3,1,1,0,0,0,2,0,0,0,91,1,0,1,0,0,0,1,0,0,0,14,0,0,0,0,0,0,1,0,2,1,0,0,126,1,0,0,0,0,0,1,0,0,2,0,3,38,0,1,0,4,2,0,0,7,1,0,0,0,0,5,0,0,0,0,1,32,39,1,9,354,5,3,0,239,0,0,1,0,0,1,0,0,1,0,0,0,16,0,0,3,3,0,0,2,0,0,0,0,0,0,0,1,0,25,0,0,0,4,0,1,0,5,0,0,0,0,1,1,1,2,0,2,0,0,0,0,3,1,0,3,0,4,0,0,0,1,0,0,0,0,0,1,0,0,2,0,2,0,4,0,0,0,0,0,0,1,0,0,27,1,2,4,0,11,0,2,0,4,3,0,0,0,17,0,0,0,26,0,2,10,23,0,1,0,0,0,4,4,0,0,2,4,0,1,0,0,4,0,1,0,1,0,1,0,1,0,0,2,0,0,0,0,1,0,0,0,0,0,0,1,1,0,0,0,2,6,0,1,0,0,31,0,0,1,0,3,3,2,1,1,0,0,0,0,8,0,0,0,0,0,0,0,0,2,2,1,0,0,0,0,0,2,0,0,2,0,0,0,0,2,2,0,2,0,2,2,52,1,1,14,0,1,13,0,0,5,0,10,0,1,0,0,0,1,1,1,2,0,0,0,1,0,3,1,1,0,2,3,11,0,2,3,0,0,0,0,6,17,0,1,0,1,1,3
"ENSG00000148735.15",63,0,0,10,36,4,0,4,8,1,1,0,6,120,474,2,1,2,0,5,9,1,1,2,6,6,1,10,1,223,0,1098,12,3,50,7,11,0,1,4,0,14,11,3,4,73,0,10,3,0,1,35,3,8,3,123,2,0,62,1,2,5,2,1,0,4,2,0,44,27,10,5,4,0,1,0,20,28,5,7,3,13,7,1,9,8,0,0,3,5,345,23,4,541,0,0,0,8,7,957,11,1,551,0,4,1,1,6,27,1,10,10,3,0,2,4,19,0,14,9,1,15,0,5,4,1,6,2,10,35,15,2,44,0,51,1,9,2,5,1,3,6,58,9,23,4,65,4,1,1,10,3,18,4,0,4,6,97,4,12,7,3,190,52,0,4,120,7,2,926,4,5,3,11,1,2,7,3,5777,0,0,2,5,0,1,1,15,4,0,8,0,12,16,9,2,1,0,10,0,7,0,1,8,48,0,52,4,144,17,1,1,95,2,1,24,15,3,0,2,4,1,0,1,0,7,6,0,136,20,7,6,4,9,2,2,4,1,1,0,5,0,5,0,3,51,1,1,3,2,0,9,0,1,126,1,4,2,1,1,242,65,135,4090,9,2,34,77,8,34,4,8,0,8,0,2,0,14,0,1,32,5,15,1,0,0,5,6,0,2,20,10,18,2,5,1,17,93,8,0,0,129,0,3,0,39,2,6,5,7,3,1,3,1,37,3,17,3,345,0,4,51,681,2,12,4,12,8,0,14,1,1,3,90,1,9,12,1,39,0,6,0,1,9,1,2,6,4,0,1,0,23,4,7,4,0,2,4,5,3,10,5,6,4,13,1705,2,3,1,2,2,13,1,24,4,6,4,1,16,0,3,1,9,2,0,0,3,2,24,2,724,20,0,1,12,3,15,13,2,41,1,0,6,2,1,27,0,830,4,0,1,3,5,0,2,3,0,2,4693,5,9,2,0,0,7
"ENSG00000148773.14",609,4,388,252,3232,1346,657,457,92,1841,218,2728,4036,8084,1653,160,230,1502,2101,704,726,62,347,519,852,1133,890,4400,423,824,1732,1995,2166,409,115,2754,780,267,1924,2112,122,1683,4173,111,167,414,123,808,57,153,545,3644,621,1280,243,460,84,3263,2842,1759,115,4239,155,1178,59,1804,537,178,6327,4097,2051,604,376,22,402,51,4352,588,5074,1738,2040,1622,5017,624,1102,1121,343,534,2386,89,1097,1295,477,2991,232,55,57,2940,1219,5463,644,170,1980,306,987,3612,2036,108,13242,1493,1114,221,529,986,1316,241,8077,939,1533,3474,140,649,107,1502,817,13,47,1486,2827,3760,404,87,3347,165,2583,92,576,48,3115,276,49,2735,2985,200,672,7790,2306,2704,1724,3464,153,57,2379,685,263,2411,265,1541,1240,1990,592,415,2508,1342,1848,1333,3845,4613,6471,14524,199,663,1307,5508,278,1111,673,1031,1495,2024,64,1529,878,3472,390,344,2059,99,223,2585,185,6281,3303,2626,914,3338,155,711,794,3721,519,5665,2694,3702,27,1148,352,4910,1223,2147,296,904,2553,878,2349,2197,87,124,630,2927,32,918,1099,171,140,40,1280,6843,170,1070,3038,953,1204,1633,129,2512,155,364,2155,488,307,696,74,381,3685,2635,894,497,601,781,101,820,169,5927,119,1377,365,503,391,10314,5042,1028,14847,4798,115,783,1240,54,1727,77,1018,77,2099,55,398,1649,1841,24,169,1476,4829,2107,352,45,226,1963,41,368,1222,547,424,412,219,185,553,3526,30022,519,367,415,1977,237,3558,94,749,218,159,668,418,3337,587,2375,937,904,1242,2168,3688,2978,2455,438,4881,2142,120,4505,882,2316,91,356,543,67,4408,925,343,1210,5296,163,617,6461,475,1569,38,676,392,2280,6447,1559,44,1291,2224,26,696,6257,270,2424,191,139,2221,3217,3747,593,917,162,564,2737,3770,290,1074,5560,140,638,2210,870,414,654,2910,237,3140,13,457,3551,179,3101,677,162,436,530,2238,550,601,1635,1919,705,97,2249,702,1493,1897,3395,474,68,585,1090,593,65,4220,252,1928,2075,841,611,981,1224,279,153,579,442,267,10763,2181,487,30,96,2264,86
"ENSG00000148795.7",1,24,5,27,19,20,0,37,292,5,156,28,112,264,2,40,30,1848,9022,10,64,24,3,110,111,8,270,62,39,13,1,223,311,4292,4010,5968,28,36,21,19,5,7,49,183,44,668,3740,677,20,207,202,20,8,96,30,7,2,53,1446,24,40,110,4857,27,9,2,58,681,1943,8929,9,1729,147,25,83,24,27179,376,41,56,12417,306,3918,8517,143,3578,311,4006,60,71,273,4241,7,226,90,10,50,96,18,0,487,30,0,2128,4,24,9683,8,1432,33,219,7,1226,6,8,846,9,24,2,114,43,78,334,192,420,106,81,658,85,94,130,16,61,478,1,29,889,91,33,26,11,14,34,26,9,27,28,8,4,0,39,15,13810,2,156,3020,5306,194,177,3396,771,6,6755,25,10,1995,6,6,365,14,6,288,216,587,3,14,46,120,11,1781,12,35154,7445,4126,55,341,8,34,48,230,238,3,43956,198,2228,155,38,253,451,31,5578,6470,22,692,15,4489,5454,6775,13,51,4601,23,23,489,39,0,6726,1,98,512,24,46,10,1284,38,9,3967,7,6709,318,664,95,523,9118,47,1966,18,2895,2809,236,1179,546,25,8263,464,4,533,16,12,30,8,37,34,247,18,1438,23,19,51,119,1861,1480,49,37,10,2201,5,9,3985,18,5,4,3,17,124,23,5,29,36,21,8984,112,1069,17,229,14,3,14,13,9,0,808,2,1148,1787,158,2,145,235,2,307,121,0,20,14,3,467,1230,1168,25,37,20,302,53,1794,5,32,4,3753,34,18,16,32,9,267,2217,7,74,75,22,10,24,91,6,4,112,3157,0,1276,17,36,140,25,4,8,7,983,3864,18,11,14,2355,559,58,2495,13,15,3,7,30,14,2,5,67,2,990,1267,14,23,45,2,23,27,24,679,563,5971,8,106,7343,3384,72,169,251,3,66,16,586,42,3,71,6,9,16,15,106,5988,31,9,14,69,14,974,773,0,5,4,6,110,339,43,113,3252,6,335,0,658,3,8927,93,17,88,1,11
"ENSG00000149043.16",885,4,0,30,231,177,2,0,10,5514,10,4,4,36,20,412,21,14,561,79,17,5,11,10,3,14,2,21,64,63,1074,70,12,5,1,621,1,1,0,3,0,56,20,0,7,4,1,14,61,2,0,115,505,5,5,83,7,26,0,4,2,97,5,1,1,70,0,4,20,3,10,6,2,10,1,18,5,10,10,3,28,67,139,4,70,5,2,0,21,20,32,245,8,22,22,1,15,1,117,18,18,1,61,2,7,17,1,3,361,170,41,2,5,5,3,8,738,1,10,7,0,2,1,90,2,1,6,3,95,72,18,2,118,0,10,5,110,4,10,1,22,878,58,132,168,54,20,39589,43,308,3,23,1,14,3,98,0,16,4,1,6,125,12,250,253,14,71,770,2,138,63,5,52,13,3,6,15,66,5107,9,2,0,2,4,1,2,2,0,56,1,4,1,59,8,82,34,11,19325,0,218,0,4,89,455,4,1,0,6,24,3,20,28,20,0,99,384,2,89,0,56,3,0,7,1,43,0,5,159,0,5,21778,4,4,2,4,1,19,10,1,4,62,0,4,37,391,162,3,25,20,4,3,75,2,17,9,80,4,129,0,42,0,2,88,275,2,60,157,2,6,72,8,7,6,5,1,48,1575,7,35,21,1,30,19,9,0,32,1,16,18,9,20,12,692,2,3,358,833,7,0,736,84,6,46,12,17,0,1,14,5,27,0,1652,28,8,1,963,19,212,15,2,360,270,6,97,23,14,11,14,0,0,4,64,156,19,23,7,58,4,5,62,1,3,1,2450,112,1,1,86,34,2,1,153,1,41,16,15,495,352,34,149,35,2,2,85,327,4,0,3,30,4,60,3,301,1,3,3,2,56,1,36,0,2,6,6,328,290,202,21,0,1,118,10,60,391,580,11,152,154,1169,39,4,0,43,0,10,2,2414,0,1,4,3,25,3,4,2,13,0,29,75,10,2,0,405,6
"ENSG00000149090.12",330,93,67,77,415,86,4,206,37,416,113,129,56,175,25,442,62,77,3,167,392,671,92,259,79,77,40,97,19,159,14,216,74,340,58,171,212,138,224,273,7,496,169,169,801,8,73,333,848,93,29,214,622,47,100,54,230,70,150,63,116,131,26,338,214,100,154,55,210,120,252,81,42,459,44,390,106,132,11,93,148,35,59,42,102,129,38,15,469,28,82,104,20,37,30,216,88,306,22,301,449,251,139,106,211,92,256,446,244,7,146,630,114,157,38,33,60,52,40,132,22,18,43,86,63,577,426,69,90,333,155,818,50,39,67,628,132,535,53,49,267,204,308,1221,230,140,74,34,171,82,533,510,99,57,308,44,19,407,97,82,287,31,31,226,27,573,58,65,81,139,10,32,119,183,26,26,122,93,1286,26,179,174,91,135,179,79,523,342,55,29,44,721,80,101,60,13,651,10,56,216,51,91,468,138,332,66,61,48,652,67,751,141,87,26,423,713,77,52,105,270,176,131,23,50,411,485,80,81,18,109,32,84,254,164,118,132,358,131,76,81,2044,53,57,144,65,66,14,96,240,43,115,31,235,101,421,52,733,97,82,317,255,125,132,46,601,58,60,591,181,405,107,235,65,409,85,2,55,468,57,113,165,36,75,229,48,200,419,127,29,169,2750,63,72,66,81,89,90,85,492,657,269,77,184,448,15,63,50,146,72,40,363,29,37,37,172,687,124,66,152,67,24,226,344,51,159,51,859,226,34,529,112,139,157,56,72,843,85,324,16,85,469,141,50,78,28,183,188,63,35,341,444,350,113,61,15,495,32,86,118,2,117,253,85,36,1063,45,28,333,158,34,23,100,13,25,18,41,69,537,145,245,52,142,31,54,424,14,76,170,41,30,88,61,291,138,29,142,122,49,2267,266,43,12,174,14,114,209,31,42,128,856,407,59,142,85,152,34,48,16346,55,1697,607,210,271,368
"ENSG00000149305.7",0,0,0,0,65,7,0,0,0,1,0,2,3,0,0,1,0,4,0,179,0,0,0,0,0,39,0,1,3,1,19,5,4,1,17,0,0,0,0,0,0,0,0,1,2,4,0,3,0,0,1,2,1,33,0,0,0,0,0,0,6,0,0,0,3,26,0,5,2,4,0,11,1,1,0,0,3,0,3,1,15,0,0,115,0,0,0,91,0,0,65,0,0,0,0,0,0,1,2,1,0,0,2,4,0,0,0,0,26,1,61,0,0,0,7,0,57,0,2,7,0,0,0,1,29,0,0,1,10,0,0,0,5,0,2,0,0,0,5,0,0,13,1,0,0,1,0,2,65,0,3,0,18,0,0,0,0,3,0,1,0,0,261,10,8,0,2,1,19,24,0,0,0,0,1,0,7,179,0,0,0,13,0,1,0,0,2,0,0,7,0,0,11,0,0,3,0,1,0,2,0,2,12,2,2,0,0,37,0,0,2,61,0,1,3,0,8,0,10,0,1,0,0,0,0,0,6,0,0,1,2,1,1,1,0,0,0,0,0,0,33,0,19,1,11,0,0,77,2,0,0,0,0,1,0,2,0,0,2,0,0,3,16,9,0,40,1,0,0,1,0,1,3,0,38,2,3,0,1,12,0,1,1,1,0,6,0,1,3,2,0,0,20,0,16,0,2,0,0,0,0,3,2,1,0,0,0,0,1,0,14,75,1,1,0,1,0,1,1,108,1,0,0,4,1,2,1,0,0,0,1,4,0,1,1,2,0,4,0,0,0,0,1,1,25,1,0,42,0,0,0,6,1,1,0,0,55,2,54,0,6,0,1,1,1,0,2,2,0,0,0,3,3,0,0,0,0,0,1,3,1,1,0,0,0,0,0,2,0,0,51,0,0,11,4,0,5,19,0,0,1,0,3,0,0,3,0,1,0,0,0,1,0,0,0,1,1,0,41,1,0,0,4,0
"ENSG00000149403.13",95,0,11,3,107,86,7,28,7,23,32,2,61,32,7,0,22,18,2,276,38,4,198,7,3,244,5,3,150,0,626,37,20,6,26,14,3,7,0,1,0,46,350,4,6,7,24,6,3,1,0,13,4,197,1,0,6,170,6,1,1,104,0,3,3,99,7,0,12,7,6,24,149,2,0,2,21,11,90,7,56,119,2,11,14,207,3,3,15,3,90,18,125,0,0,7,4,2,323,36,3,1,9,1,15,48,0,3,56,117,27,48,9,32,36,2,191,0,21,88,1,0,6,0,19,1,9,3,234,17,3,4,6,11,34,3,4,5,128,1,2,323,25,16,77,4,4,109,44,38,8,1,3,0,0,8,2,184,123,20,4,7,174,100,29,2,41,87,8,13,12,1,4,1,3,35,14,12,4,9,1,406,302,1,2,0,1,3,12,0,2,26,170,4,11,4,3,30,3,22,0,5,38,90,2,11,24,7,215,0,28,4,6,57,7,85,3,4,17,4,0,0,52,1,0,1,1,8,4,91,8,5,45,3,3,161,8,0,1,2,52,11,4,37,280,48,0,10,9,0,0,75,1,7,6,17,5,153,14,4,8,0,166,537,11,31,51,5,7,1,14,5,21,15,109,337,37,1,0,13,0,65,0,5,2,99,2,6,49,21,4,12,123,1,64,8,9,2,293,276,5,56,7,7,167,3,3,0,1,73,2,91,1,37,12,80,7,108,18,30,218,11,2,73,25,17,2,0,1,1,1,43,6,44,4,2,0,20,56,16,7,0,18,6,11,2,3,38,52,5,8,59,6,210,0,10,317,119,91,9,3,3,1,80,1,0,3,312,0,3,0,0,4,43,46,1,23,3,12,6,1,5,3,15,4,1,199,50,5,16,18,8,7,134,143,4,11,27,4,0,1,4,59,1,33,7,3,8,2,12,1,3,1,5,4,117,5,988,171,8,4,4,3,4
"ENSG00000149452.16",0,0,0,2,0,0,29,0,0,1,0,0,14,0,1,1,0,0,0,0,0,0,5,2,0,0,3,2,0,0,0,3,20,0,34,0,9,0,0,1,0,0,0,1,0,4,3,0,0,1,4,3,0,31,0,11,0,0,0,0,0,0,2,0,1,1,0,0,0,0,2,8,0,0,2,0,0,0,107,0,5,1,0,30,1,0,1,46,0,1,0,2,0,7,0,0,0,0,16,0,0,0,0,1,0,12487,2,0,18,0,0,0,3,1,7,1,1,0,16,92,1,3,0,13,4,0,0,1,0,1,2,0,8,6,4,0,0,0,1,0,0,1,2,0,2,1,1,1,1247,0,0,4,0,2,6,1,1,4,0,2,0,4,8,0,205,1,31,205,0,0,0,2,6,6,6,1,78,10,0,3,0,2,0,1,0,2,1,0,1,0,1,0,2,28,0,10,0,24,40,2,0,0,0,0,0,10,0,1,3,1,7,0,1,2,0,0,3,0,6,18,0,0,0,0,0,0,0,5,0,2,1,0,2,12,0,11,0,3,1,0,2735,3,4,0,0,4,1,0,1,3,0,3,0,0,1,0,0,0,2,2,4,0,0,115,0,0,2,2,3,0,5,0,792,0,18,1,406,0,0,1,3,29,0,2,0,12,0,5,1,0,1,0,0,49,0,13,1,1,0,0,1,0,1282,0,1,0,0,2,6,19,0,0,62,11,2,0,3,0,1,6,0,0,1,0,1,4,0,0,3,0,0,1,1,1,0,0,4,2,0,1,0,14,1,0,1,0,1,230,5,0,0,32,0,19,0,0,4,0,7,1,6,0,1,1,0,0,6,0,0,12,1,2,0,79,0,0,5,0,0,1,0,0,3,0,0,1,0,14,1,1,3,0,0,1,0,0,41,192,1,0,3,0,0,10,0,0,0,4,0,183,1,1,0,0,0,215,68,0,11,0,0,0,0,0
"ENSG00000149488.13",0,0,0,0,2,3,6,2,1,0,0,4,280,6,3,0,2,2,2,3,3,0,4,0,3,0,4,3,0,1,6,7,3,3,2,3,1,1,2,2,0,5,1,2,0,0,1,0,0,0,1,3,1,4,2,8,0,0,0,0,4,1,1,2,0,7,0,1,3,2,9,0,0,0,1,2,5,2,11,6,1,3,1,1,6,2,0,2,3,0,2,8,4,15,1,0,0,4,8,2,0,0,1,1,0,3,1,0,17,3,3,2,0,0,1,1,18,6,0,6,0,59,0,3,2,0,0,2,12,49,1,0,8,2,3,0,0,0,10,1,0,10,1,0,7,16,5,10,5,0,0,0,1,1,1,1,4,1,4,0,0,0,3,0,4,0,8,3,0,6,2,1,2,3,0,0,1,3,6,2,0,4,5,4,7,1,5,2,1,1,1,0,2,1,0,1,1,7,0,8,2,3,5,20,0,3,0,3,2,2,2,4,2,0,1,5,0,0,0,13,0,0,0,0,0,1,4,2,0,6,1,1,3,4,0,3,0,2,0,1,20,0,1,1,3,10,0,0,1,1,0,1,0,2,0,0,0,2,6,0,3,4,1,5,1,2,7,0,2,0,0,0,3,0,7,8,0,0,0,4,2,1,0,1,3,6,0,1,1,3,0,2,4,6,5,7,2,3,2,11,4,3,16,1,0,0,0,3,3,4,5,8,2,11,12,2,11,6,2,1,3,12,0,6,3,1,1,0,1,1,16,1,1,2,2,0,5,45,0,3,0,2,0,4,0,2,0,6,3,0,0,4,2,2,5,1,12,11,6,2,2,0,1,23,14,0,0,24,0,0,2,4,0,4,5,0,4,0,1,3,0,0,2,0,1,1,2,26,1,1,6,6,0,13,0,0,1,11,4,0,3,0,1,2,4,0,15,2,0,6,3,0,3,0,2,1,1,7,2,1,0,0,9,0
"ENSG00000149506.11",43,0,0,0,1,0,0,1,1,5,0,0,11,9,24,1,1,1,0,3,0,1,2,2,1,0,0,0,0,2,12,1,0,4,2,3,1,0,0,0,0,36,0,0,1,1,0,0,0,0,1,16,0,3,0,1,2,2,2,1,0,2,1,1,0,3,0,2,1,1,13,3,1,0,3,0,1,6,2,4,2,0,0,1,1,0,0,0,5,2,6,1,2,0,1,0,0,2,2,0,2,0,18,0,1,0,1,1,0,0,0,0,1,1,0,2,4,3,0,1,3,2,1,0,3,0,1,0,2,2,0,0,39,1,1,0,2,2,0,0,0,6,26,1,1,4,2,1,6,3,0,2,0,0,0,1,0,2,2,0,7,0,2,2,3,1,2,7,0,1,0,1,2,7,0,0,4,12,6,1,0,0,2,1,3,3,1,1,1,0,2,54,2,0,1,0,0,1,0,2,0,2,1,1,1,1,1,2,0,2,0,2,3,0,1,0,4,0,0,1,0,3,0,1,2,1,1,3,0,1,0,0,1,2,2,0,0,0,0,0,0,5,0,1,2,3,0,1,6,2,0,0,0,3,1,5,0,3,3,2,0,0,1,4,1,6,0,0,3,0,3,0,13,0,1,0,23,0,0,1,4,1,2,3,0,0,0,0,0,1,0,0,3,2,0,13,27,0,1,1,2,2,46,1,1,2,2,5,0,0,1,4,1,3,2,0,0,1,1,0,3,1,0,7,4,1,0,1,1,0,0,2,4,2,3,0,0,1,0,1,0,0,1,5,0,1,2,4,42,0,0,0,0,3,0,1,2,15,5,0,1,1,2,4,6,0,2,0,1,1,0,4,1,0,1,0,2,1,6,1,0,0,1,0,1,1,2,0,0,1,3,1,0,4,1,1,3,0,1,0,2,0,1,2,51,2,34,0,0,14,1,2,1,2,6,1,0,113,1,0,0,1,2,0
"ENSG00000149516.14",0,0,0,0,0,0,0,0,2,1,0,0,7,1,0,0,1,0,0,0,0,0,4,0,0,0,0,1,0,0,0,1,0,1,0,0,0,0,0,0,0,0,0,0,2,0,0,0,2,0,0,1,2,0,0,0,1,0,0,0,0,0,0,1,0,0,0,0,0,0,0,1,0,0,0,0,0,0,0,2,0,0,0,0,0,1,0,0,0,0,0,0,0,0,0,0,2,0,2,0,0,0,3,0,0,0,0,1,8,1,0,2,0,0,0,0,2,0,0,0,0,0,0,0,0,2,0,0,0,0,0,0,1,0,0,3,0,0,0,0,0,0,1,1,0,0,0,0,0,0,3,2,0,0,0,0,0,0,0,0,0,1,0,0,0,0,1,1,0,0,0,0,0,0,0,0,0,0,0,0,0,0,0,0,0,0,0,0,0,0,0,0,0,0,0,0,1,0,0,1,0,0,0,0,1,0,32,0,0,0,0,0,0,0,2,1,0,0,0,0,0,1,0,0,0,0,2,0,0,0,0,0,0,0,0,1,0,0,0,0,0,2,2,0,1,0,0,0,0,0,0,0,0,0,0,0,1,0,0,0,0,2,2,0,0,0,0,0,0,0,1,1,0,2,0,0,1,0,0,0,0,0,0,1,0,0,1,0,1,1,0,0,1,0,0,0,2,1,0,0,0,0,0,9,0,0,0,0,0,2,2,0,0,0,0,0,0,3,0,0,0,0,0,0,0,1,0,0,0,6,0,0,0,0,0,2,0,0,0,0,0,0,0,0,0,0,0,0,2,0,7,0,1,0,0,0,0,0,0,0,0,0,0,0,0,0,0,0,0,0,0,0,0,0,0,0,0,3,0,0,0,0,1,0,0,0,0,0,0,0,0,0,0,0,0,0,0,0,0,1,0,0,0,0,3,0,0,3,0,0,1,0,0,0,0,0,0,0,0,3,2,0,0,4
"ENSG00000149527.18",25,11,75,699,176,42,27,5613,3961,67,22,14,86,145,54,124,2568,41,156,23,1901,84,1121,820,1926,9,7,139,8,134,379,43,624,2726,115,176,717,2777,5,22,14,18,35,7,117,16,1491,24,56,18,145,788,126,81,11,178,52,11,45,7,14,855,17,314,709,27,1074,22,102,85,74,971,631,34,9,110,13,3615,13,200,260,1734,46,485,25,982,103,37,103,338,3045,43,30,19,205,111,35,53,33,28,427,58,70,16,212,64,63,110,56,13,128,140,532,5339,53,443,15,23,263,27,8,903,30,184,220,168,94,1434,98,45,2020,40,58,504,520,71,150,41,520,1459,82,51,54,419,181,195,922,75,108,17,81,66,13,689,403,32,57,23,16,83,821,322,8453,3063,8,321,409,44,11,165,5,2812,66,35,350,673,324,18,300,46,15,1676,293,252,152,257,38,2120,1084,1740,534,140,127,124,329,28,112,1493,3,1423,158,59,32,110,11,284,49,192,72,308,610,60,74,346,109,23,17,2,184,1445,22,30,2,6473,51,132,15,83,1172,52,2612,140,201,113,8,133,359,24,36,1655,1582,482,75,16002,59,23,7,34,205,52,140,32,35,1082,60,378,63,1002,46,1289,140,3391,43,77,142,2089,117,61,55,113,176,73,102,10,1116,36,110,230,44,2827,825,86,38,47,81,15,30,204,4,1206,128,2210,23,64,25,76,106,101,763,34,278,67,5,66,5,457,31,388,428,25,15,96,697,3349,2106,74,39,944,51,161,37,358,43,46,749,265,39,8,16,106,30,130,651,24,284,118,26,98,6,200,12,41,303,66,50,46,32,98,22,29,61,646,180,79,45,137,13,78,49,100,432,85,54,120,16,262,243,15,54,142,88,100,23,23,361,475,206,89,1299,4967,2825,250,1948,2033,164,1695,252,172,32,70,101,27,51,47,64,21,4974,14,271,52,151,41,2017,7,47,175,16,99,31,24,622,899,580,580,1047,201,928,154,631,94,69,968,6,181
"ENSG00000149554.13",342,39,97,86,586,239,333,87,41,926,126,490,983,1817,514,77,50,357,428,108,120,41,112,97,228,205,214,661,81,282,993,392,404,158,76,589,274,56,822,439,57,467,442,78,67,134,45,296,29,102,83,343,221,425,168,397,59,420,666,701,43,340,110,191,31,236,143,129,1167,402,667,110,111,41,101,44,626,86,821,415,633,291,805,207,526,112,21,118,180,46,304,297,111,192,47,26,121,911,365,534,88,101,981,113,137,540,234,35,2306,302,175,74,81,269,319,96,2045,181,838,1306,103,211,34,286,173,24,20,249,344,637,108,41,612,59,519,61,172,28,539,26,45,1640,306,88,227,1187,331,381,513,729,40,43,239,194,77,297,60,623,493,386,154,86,692,245,467,735,431,972,299,1066,99,77,342,2229,81,99,106,350,553,177,33,256,191,576,156,93,366,63,109,322,104,1486,661,940,131,205,59,160,102,556,81,955,413,2024,36,201,53,411,305,349,98,192,1266,200,184,811,47,82,110,577,30,234,209,21,87,42,224,1332,35,231,695,188,208,286,51,567,52,169,288,168,74,135,130,40,660,796,152,77,80,192,58,75,25,536,39,472,167,141,154,900,772,165,1227,924,30,182,476,28,1368,31,348,23,568,56,74,472,513,43,99,282,617,320,322,32,139,506,24,75,190,144,137,79,132,98,239,931,941,140,117,425,578,55,2230,67,328,69,43,98,193,599,236,328,225,420,232,391,2672,518,66,104,433,380,59,1648,249,330,71,130,156,33,294,153,92,314,557,147,351,1774,157,90,28,289,65,274,919,380,67,163,288,19,90,941,68,1008,86,40,569,1219,732,49,176,78,105,347,1544,82,83,1316,109,224,589,181,85,226,1009,26,555,31,56,387,164,411,179,29,159,120,438,146,268,330,310,125,51,250,61,89,232,807,182,28,107,248,87,43,589,171,371,705,218,95,189,222,76,24,130,118,144,1890,420,170,32,47,459,28
"ENSG00000149609.6",6,0,13,1,5,5,2,2,0,5,4,6,5,7,12,1,0,2,6,6,4,2,6,3,7,3,1,6,0,12,8,0,9,10,3,6,8,0,3,8,0,6,6,4,0,14,2,0,0,2,4,4,0,5,5,9,2,6,6,2,2,7,1,4,32,3,5,6,9,4,15,3,3,0,0,2,6,2,6,10,9,6,6,1,10,3,0,0,11,5,6,18,1,7,0,0,1,10,18,5,3,2,1,4,3,4,10,1,26,3,6,2,2,37,6,6,7,32,7,9,0,6,3,1,2,0,2,5,23,21,1,1,8,4,2,2,0,1,5,7,0,9,7,0,8,11,4,1,1,9,0,0,13,3,3,8,1,4,5,27,6,1,8,4,1,11,12,4,4,2,1,4,6,6,0,1,4,3,7,5,0,3,6,17,4,2,2,2,13,17,3,15,1,19,3,5,0,3,0,8,1,6,13,2,1,11,4,13,1,41,0,6,1,17,6,10,4,0,10,11,1,4,0,5,0,0,6,9,2,10,4,11,3,2,0,3,0,1,2,3,7,5,2,10,5,13,0,0,4,3,2,2,1,2,2,10,0,0,3,6,7,7,9,16,0,5,1,1,14,0,4,3,5,0,15,0,2,0,1,1,5,6,2,0,6,0,0,0,1,2,1,5,4,2,1,15,142,5,1,7,12,0,13,1,1,2,0,2,10,9,5,26,7,7,3,7,4,9,2,5,2,3,1,12,5,6,0,5,2,4,4,1,1,4,16,2,3,6,0,0,0,4,26,8,7,3,0,2,3,2,1,23,3,7,3,1,1,6,7,1,6,3,4,11,8,11,2,7,0,0,1,11,1,0,13,8,10,2,2,13,2,3,3,0,1,3,1,9,1,13,8,6,1,1,0,0,8,6,2,1,4,5,8,3,15,8,3,8,0,0,2,2,2,1,10,0,3,15,13,5,1,1,8,1
"ENSG00000149654.11",0,1,0,0,3,2,0,0,1,2,116,1596,862,0,3,7,0,16,180,0,2,0,0,0,0,0,3,1,0,0,0,2,0,2,0,0,30,1,13,111,0,2,0,2312,4,1,1,2,1,1,1,7,4,8,1391,0,39,0,0,0,730,0,0,3,3,0,0,945,0,0,8,12,1,1,0,2,0,5,104,0,63,2,0,4,0,0,0,86,0,1,10,38,1,2,265,1,522,0,8,5,3,0,1,41,0,3,0,2,6,0,0,9,0,0,0,1,2,59,1,17,16,0,0,0,2,0,3,0,0,2,0,2,5,0,2,3,0,0,1,0,1,5,2,2,2,0,0,0,0,3,0,3,0,3,1,3,0,7,275,3,2,21,2,10,1,1,1,0,0,3,0,0,0,0,4,32,2,28,0,42,2,5,1,1,67,1,3,0,0,0,1,1,1,2,3,0,0,6,0,1,0,0,0,1,8,16,1,1,2,0,0,1,2,0,3,80,489,0,0,0,0,0,0,0,2,12,1189,1,0,281,1,0,4,818,194,13,0,1186,0,0,2,1,1085,10,2,23,0,230,14,0,0,1,5,0,0,0,5,0,278,1,1,0,0,1,0,0,11,5,0,0,0,9,0,3,0,0,0,0,498,1,0,1,0,2,0,0,0,1,0,0,27,0,1,563,1233,2,7,183,0,101,0,0,0,0,0,2,62,2,3,3,844,0,0,49,493,118,1,2,0,2,1,1,2,0,4,1,8,129,1837,1,1890,0,2,41,195,4,0,0,185,23,5,53,0,1,0,3,0,5,0,0,2,0,0,0,2,1,0,7,0,0,0,0,224,0,1019,3,3,0,297,0,2,0,0,379,4,0,0,10,0,0,1,0,0,0,2,2,2,1,0,0,1,1260,2,0,0,3,9,0,34,1,0,0,2,38,3,0,1,0,0,0,5,2,0,1,2,1,0,6,1,4,0,0,11,1
"ENSG00000149926.13",2,0,0,2,1,2,2,8,2,16,7,16,22,5,18,0,1,8,19,2,5,0,3,5,5,6,1,42,1,12,22,9,4,3,0,6,4,4,18,15,0,3,13,2,1,2,2,8,1,3,2,19,0,15,11,26,1,13,23,9,2,9,7,11,0,4,4,0,41,30,4,7,3,0,3,0,13,13,18,10,10,26,6,7,10,0,4,1,3,6,13,2,5,0,2,0,1,20,12,2,3,3,5,4,11,1,23,2,37,4,6,1,0,12,5,2,21,8,24,5,4,5,0,72,7,1,0,15,8,7,4,1,7,2,15,0,13,0,29,4,1,10,7,1,31,119,30,17,16,17,0,0,3,10,1,18,3,13,14,16,15,7,4,21,0,6,9,27,27,115,0,38,3,8,4,3,7,12,0,2,1,5,19,136,9,3,15,1,4,85,2,11,22,10,3,42,2,9,0,49,2,10,21,30,0,8,1,21,13,32,1,45,4,7,12,3,3,1,2,11,0,9,0,1,3,0,14,38,2,2,15,14,3,13,4,9,1,0,0,17,0,2,9,1,8,27,1,2,4,10,1,1,0,18,0,40,1,10,5,83,19,15,5,4,2,11,3,2,94,2,5,0,6,0,9,4,7,0,0,1,69,5,26,1,1,5,0,1,0,16,0,1,0,13,38,58,56,6,6,6,45,0,8,2,0,3,0,5,6,24,5,30,2,13,8,9,6,6,0,0,1,29,0,14,1,98,0,15,2,0,14,7,1,1,33,1,14,5,6,4,0,6,1,2,9,4,1,2,1,0,1,5,1,78,4,0,1,7,9,6,5,1,3,4,4,6,0,2,2,5,22,16,1,9,75,1,29,1,3,74,3,28,4,0,0,11,9,0,2,272,6,3,0,5,2,3,13,4,4,1,6,24,6,1,1,2,2,1,4,3,3,9,2,4,3,0,3,10,5,2,0,4,47,0
"ENSG00000149948.14",22,0,2,3,17,0,4,1,3,39,3068,2,1276,14,2,2,3,0,2,90,16,1,19,2,1,0,1,7,167,4,24,26,0,4,6,1,1,1,0,0,0,99,527,0,2,1,10,2,2,0,0,8,1,1,0,1,14,683,0,0,0,2,0,0,1,216,1,0,28,19,206,2,0,0,0,2,122,1,2532,1192,168,1,4,2,0,2,1,0,81,4,4,3,615,10,1,1,0,2,750,3,0,17,32,2,1,6,4,1,6852,204,1,3,2,25,0,0,62,0,0,102,0,6,4,5,2,0,1,1,0,3,2,1,17,0,6,3,1,0,2,0,0,16,620,0,1,1,11,2,162,8,3,3,0,24,5,12,0,5,1,1,1,1,1,5,2003,2,20,138,0,48,2,0,0,1,2,0,1,7,47,2,0,0,0,1,0,1,0,3,0,0,0,8465,34,1,4,123,5,14,0,1,0,0,7,1,0,0,3,10,0,0,8,6,2,3,7,21,0,0,0,35,1,1,3,0,0,2,0,3,1,2,24,2,3,22,0,4,2,2,0,1,3,1,0,0,321,566,0,0,2,0,0,2,4,1,2,2,3,1,0,34,5,0,192,1759,1,4,11,3,6,1,2,1,4,0,2,1634,1300,3,0,2,0,7,1,1,0,4,2,0,0,5,3,1,2,1,1,1122,710,2,2,17,2,2,8287,0,47,1,3,2,3,21,0,4,0,20,29,33,13,1757,2,0,186,4,2,108,0,0,1,1,6,1,1,1,0,73,3,4,0,1,2188,2,3,0,2,1,5,2,1,7,1497,0,10,110,1,4362,0,4,1999,5,337,0,3,5,1,280,35,1,7,1967,7,1,2,0,2,6,2,3,8,2,5,1,0,1,0,1,1,0,983,3,3,0,8,0,0,171,0,2,9,7163,6,2,0,2,0,0,4,24,4,8,0,1,4,0,0,0,4,1,2,455,482,2,0,15,179,2
"ENSG00000149968.12",0,0,0,0,0,0,0,0,4,4,0,1,2,10,423,0,0,9,0,0,0,5,15,0,2,0,0,435,0,132,0,1,17,3,0,255,1338,1,0,10,0,5,0,67,0,0,0,28,10,1,0,16,0,2,1,0,0,0,0,0,14,14,0,0,0,6,0,23,5,2,4,5,35,0,0,0,4,2,8,1,115,0,31,1,2,0,1,0,0,1,7,60,0,0,0,0,0,0,2,2,2,0,4,5,4,0,1,0,10,0,0,0,0,4,0,4,0,0,9,75,1,0,3,0,3,0,3,0,0,0,1,0,4,0,2,0,109,0,1,0,0,1,74,0,0,4,4,0,5,6,12,0,0,3,21,0,6,4,0,213,1,0,1,0,1,1,62,89,0,0,0,3,47,7,30,0,3,5,270,67,0,0,60,1,19,1,22,0,0,0,1,3,0,1,4,0,10,51,0,0,0,0,0,0,0,0,0,1,0,1,3,2,1,0,3,0,0,0,6,42,0,1,0,2,0,1,2,4,0,48,0,0,2,21,0,188,0,5,0,0,0,4,3,0,3,0,0,0,0,0,0,1,0,0,0,0,0,17,37,18,0,1,2,0,5,1,8,5,0,2,1,1,5,0,2,0,42,0,0,116,0,288,1,0,0,0,7,0,0,1,0,0,0,0,21,2,34,2,0,1,0,0,5,0,0,0,0,0,0,0,1,0,0,1,49,5,121,0,6,4,0,1,0,0,1,1,1,0,78,0,1,0,18,2,3,8,1,11,0,27,1,161,0,2,1,4,0,0,905,0,166,11,4,1,0,6,0,1,0,0,0,11,5,2,0,7,0,5,85,0,0,6,2,20,1,1,0,4,0,1,1,1,0,11,1,1,0,2,0,0,0,0,0,0,6,4,74,1,6,0,0,0,0,0,100,0,12,1,0,2,34,1,1,1,1,0,0,3,0,1,0,0,2,17
"ENSG00000150394.14",9,0,55,3,37,5,0,0,0,2,6,43,8,136,3,0,1,20,1,21,0,1,51,4,3,1,0,90,1,9,6,9,5,0,7,0,4,1,51,39,0,0,46,2,0,1,2,9,0,2,2,24,0,5,12,0,13,2,24,29,4,56,0,3,0,18,1,2,14,31,22,1,6,0,24,0,1,4,6,33,15,7,2,2,3,94,3,0,63,0,2,39,11,2,21,1,0,24,5,14,2,0,5,3,0,34,34,0,24,8,25,0,12,16,0,9,11,0,0,32,0,3,0,1,6,0,0,28,30,38,5,0,42,9,4,1,0,0,4,0,0,5,65,4,15,6,0,0,25,2,0,0,0,7,8,0,0,21,35,22,8,0,30,1,1,11,3,12,3,9,0,2,3,81,1,8,34,56,0,39,0,14,1,1,3,3,85,3,5,27,1,11,4,5,16,0,4,0,8,41,0,4,12,30,0,28,25,9,9,0,1,25,2,5,29,18,1,3,10,1,0,39,2,5,0,0,30,92,2,1,1,29,5,2,1,13,3,12,0,4,8,21,2,20,7,0,1,0,1,2,3,0,0,5,0,32,0,34,6,24,72,11,11,51,0,19,5,0,44,0,26,0,19,0,5,1,18,0,1,5,81,2,51,1,4,8,1,19,2,72,1,1,12,3,3,12,86,27,0,6,29,1,2,0,8,2,1,7,3,9,0,17,4,4,9,9,16,0,0,11,26,3,1,18,2,1,1,12,1,1,37,0,13,0,20,0,1,10,0,5,0,3,8,2,2,21,0,0,0,6,0,0,1,3,20,0,5,0,4,1,3,0,10,2,9,1,0,15,1,0,1,5,2,0,12,1,5,0,3,226,1,3,3,0,0,0,7,28,0,6,6,1,0,4,0,17,7,5,25,1,5,2,10,0,34,0,19,13,16,30,6,6,0,1,2,22,5,0,5,3,0,0,7,2
"ENSG00000150551.11",473,2,0,355,90,38,5,96,2,1062,403,345,163,36,369,15,2,10,133,17,7,5,15,8,10,8,9,18,70,21,61,1998,148,72,4,2972,45,20,82,90,27,122,430,5,14,385,153,83,18,22,0,66,29,15,11,19,7,34,17,1,18,30,5,51,5,46,29,6,33,81,502,33,1,0,23,1,158,4,352,37,16,139,761,133,21,8,143,2,451,28,46,28,149,83,4,4,5,20,97,21,80,9,592,0,11,16,50,4,202,666,4,4,680,92,5,10,397,3,170,52,6,75,5,20,29,10,18,39,15,24,20,3,143,110,108,4,19,2,79,6,3,322,193,6,26,77,16,234,15,328,1,5,7,17,17,9,6,176,210,59,36,6,5,56,285,48,139,74,12,77,2,23,215,16,26,15,5,6,107,1,0,189,34,36,5,9,11,37,4,1,2,36,5,43,78,161,3,17,3111,514,3,7,31,12,0,700,0,1,39,0,13,4,75,18,143,936,30,2,93,366,4,3,155,23,11,2,0,165,481,122,372,21,122,117,49,261,0,16,7,10,23,124,7,10,81,108,26,3,8,5,5,2,0,4,3,1,4,5,34,27,22,21,53,194,8,22,45,3,9,11,78,5,319,2,8,141,132,0,1,22,5,48,3,10,1,19,1,7,69,62,35,4,85,9,14,17,18,4,36,1415,55,14,202,3,33,18,0,64,14,46,0,81,6,10,88,892,19,179,689,102,99,197,4,172,84,9,67,162,16,1,117,50,147,6,138,3,5,1356,245,261,0,87,52,53,200,5,37,44,35,6,1,1795,14,847,2,7,69,203,217,6,8,12,53,142,77,4,1906,58,9,103,5,8,31,42,4,100,4,25,3,3,8,289,16,3,9,258,129,7,20,16,19,1,0,116,35,14,38,314,42,3,89,99,1,3,15,2,835,9,2,120,391,1,15,6,110,0,2,770,96,6,3,34,82,9
"ENSG00000150625.16",10,71,95,27,52,54,0,37,49,28,91,18,275,313,7,279,82,26,0,96,168,478,24,110,20,80,0,75,2,4,0,62,25,279,45,3,98,100,1,4,9,10,12,44,731,9,6,26,394,45,254,21,338,15,6,5,163,16,48,3,9,6,2,163,138,18,57,26,51,12,170,38,16,150,35,396,56,6,3,90,33,33,0,61,12,14,1,1,32,24,27,53,12,32,2,153,52,53,2,49,41,1510,39,38,12,39,8,359,47,20,51,727,21,4,17,15,41,12,45,7,11,9,72,1,24,540,395,0,19,68,132,535,1,12,12,415,8,314,2,32,244,24,22,646,307,40,6,3,6,4,248,423,5,28,441,2,4,224,9,53,3,4,17,34,3,80,3,4,0,6,28,5,7,14,25,37,30,4,87,40,260,13,9,8,20,58,310,459,20,15,48,5,3,10,6,0,347,9,16,14,24,16,17,166,458,3,92,25,97,15,348,26,6,41,203,27,29,15,12,8,101,21,6,23,579,222,51,7,0,4,49,20,73,5,13,5,298,11,6,16,1240,19,29,143,4,8,0,5,25,5,43,5,125,132,437,117,480,11,5,32,184,114,0,3,463,10,140,913,27,264,7,167,1,447,12,15,1,195,43,9,12,2,5,272,68,34,630,52,2,23,987,124,51,1,8,5,18,40,85,27,107,27,10,1247,3,17,41,16,14,3,187,11,29,43,95,16,36,48,231,55,18,10,488,9,24,16,374,0,8,219,9,87,101,44,24,778,0,5,17,2,447,7,60,12,4,105,38,1,0,1004,655,7,240,42,25,539,15,6,3,0,58,103,35,5,43,45,12,0,83,9,1,37,0,0,142,36,8,430,99,0,54,25,56,24,398,9,59,46,17,4,7,49,286,29,11,18,514,3,617,167,3,12,120,16,43,227,7,1,30,212,116,51,17,191,1,10,3,1871,0,1122,473,106,6,248
"ENSG00000150656.15",42,3023,12,140,50,292,3,1648,3,67,2,8,3,18,8,214,32,4,78,126,25,6888,14,321,1103,592,2,123,72,3,2,4,95,2623,171,2,501,61,9,12,320,1,10,3,2418,31,31,22,3116,54,249,35,251,1,1,504,1438,3,589,3,3,3254,0,405,1917,37,3638,94,31,376,16,282,88,4645,81,1814,2,3,5,44,148,440,15,10,4,16,39,5,137,0,4,17,11,26,9,1704,274,890,7,25,1265,1702,20,39,7,5,340,262,35,6,4,1109,318,1026,3,360,238,15,3,2,0,455,474,8,30,3336,1004,1367,581,56,575,2452,7,53,19,5749,1,1700,124,1394,1293,208,25,1427,2,7,18,8,4,1,3550,838,0,8,295,62,14,71,446,279,11,0,327,218,8,380,4,11,1465,11,12,2,289,153,1,5,2,18,223,88,2489,4,63,75,1016,202,3,2164,120,74,3,5,518,37,1304,95,3190,1,1,15,302,145,65,991,1682,32,1864,274,245,288,344,20,2,11,137,4,9,749,21,152,4329,412,3,4,132,1525,11,3,67,5,147,2116,9,2,759,15,1878,64,1,328,0,113,4,1715,35,20,1,5,433,1297,37,7,512,4,2050,3,3338,1,4,19,576,1806,40,1,1620,71,6,1177,2977,4465,39,85,3,3911,1,89,1,2872,5,441,1237,11,138,531,1993,48,1936,4,2,18,498,10,80,3,8,0,4,17,5900,4,149,5,10,509,1,326,9,802,0,20,4,116,205,544,4,7,10,27,377,224,87,506,3092,170,126,2,314,92,4,3046,1,67,562,14,8,5601,500,51,1,230,9180,240,86,76,304,2850,0,10,29,569,4344,4,2594,7,0,2606,8,15,28,26,35,6,304,11,44,4255,18,2,563,310,939,2,2,2,163,1002,1986,1120,10719,4318,2437,1097,3071,317,296,27,248,59,5,57,7,20,594,171,393,2,25,0,131,2472,1,85,14,119,66,10,29,1,752,668,445,814,2071,1306,740,2,454,9,808,1560,3052,177,0,1444
"ENSG00000150893.11",76,86,0,58,266,1218,0,2,0,70,15,0,131,71,267,392,0,9,0,9,41,877,6,19,1054,0,0,558,1,2,4,388,10,1231,1,876,222,80,0,8,1,80,3,0,1105,24,0,0,735,3928,0,30,918,0,2,281,11,0,3101,3,3,342,0,188,0,0,4,0,10,355,61,23,1,111,0,519,8,7,17,109,2,97,2,6,263,3,19,1,0,0,10,14,0,11,1,202,0,0,6,944,49,21,126,0,6,16,129,673,417,0,3,277,0,20,0,13,4,1,0,1,0,1,1912,30,27,378,122,0,247,47,19,78,9,0,2,448,0,378,0,98,583,0,159,152,32,1653,6,343,1,94,796,391,86,13,20,0,0,187,9,331,137,0,0,35,112,5,3,2,166,1088,938,147,0,75,1,0,110,0,1064,0,125,0,1,0,4,5,37,3,0,1392,0,3,1,17,100,0,1166,0,0,0,612,2464,493,676,1079,4,1384,836,17,26,88,72,0,3,52,367,0,0,5,14,116,2,0,0,988,879,1,739,501,0,0,22,12,2,0,13,1619,0,102,30,7,5,8,2,6,3,0,2,0,1,33,1,298,7,796,5,512,6,0,513,462,268,198,5,1115,7,188,707,190,692,265,504,2,230,1,4,1,302,0,84,43,0,0,150,1,22,643,0,0,32,281,1,0,2,1,4,1930,4,3,189,111,0,3837,21,3,7,0,0,22,0,540,0,1,435,24,43,3,205,0,5,1,256,469,7,4,50,664,1,1,863,24,1,79,3,0,779,2,2,5,0,340,2,38,86,1,58,0,5,1,294,494,4,6,344,0,276,2,8,0,0,41,0,1,2,1140,469,1,1,0,0,0,0,40,13,267,343,217,226,4,11,431,324,5,0,306,43,266,16,0,681,2,2,212,1337,0,19,4,164,406,172,299,0,1,0,29,2,8,0,5,1,321,27,127,3,871,0,21,481,1,305,178,0,21,251
"ENSG00000151012.13",292,1,110,229,58,85,623,5,7,219,3518,114,410,2998,1931,15,40,499,3,7,127,6,57,20,12,6,126,395,9,405,12,3322,709,47,43,853,2112,37,197,136,1,404,79,10908,26,1,74,604,72,130,8,452,13,232,1246,167,403,77,23,16,11,442,4,6,4,72,6,9,878,27,893,107,97,7,2,15,68,13,476,118,1291,643,453,256,224,49,40,1064,437,81,121,1295,7,475,1174,0,2439,34,560,197,168,10,725,34,21,54,60,15,148,11,69,116,513,240,80,65,166,125,579,4112,724,281,142,13,108,10,8,25,50,790,11,4,975,115,543,6,485,22,16,19,4,18,1283,29,186,2729,1038,74,208,53,2,12,70,114,56,169,44,575,1176,515,35,102,285,56,10,48,799,80,6,178,0,65,175,139,78,38,38,74,596,801,2,224,362,20,989,70,86,19,18,21,9,97,62,1459,227,2,11,406,337,328,80,140,101,143,6,625,185,45,65,9,46,16,2349,457,103,632,395,3,80,6602,0,49,15,56,5,16,490,641,124,2614,16,97,313,3182,64,1961,9,14,321,77,37,105,420,88,324,649,232,117,112,6,32,10,2,274,1,9,4,28,2763,58,205,16,352,614,71,45,498,16,56,8,602,0,1163,0,46,9,88,0,570,18,30,182,93,7,13,222,4,74,82,299,16,10,8,21,3007,1048,452,552,1054,85,10,22,26,131,12,163,18,160,18,108,69,7,102,250,563,410,161,127,435,307,73,200,2,21,211,18,11,313,583,3,2498,16,714,156,614,7,6,4382,7264,219,9,179,592,83,75,180,3,46,35,2,17,334,9,1788,40,21,14,437,83,65,212,14,568,167,116,9,552,841,6,177,5,560,6,1045,78,4,1193,34,8,38,30,624,53,76,46,2473,31,49,239,10,677,9,1,29,2,23,121,586,234,8,264,2,142,43,3326,27,1247,586,28,130,699,50,31,2,123,15,81,5676,20,32,17,7,713,4
"ENSG00000151025.11",424,7,66,150,0,1,49,5,122,0,10,294,629,3633,219,44,8,267,389,1,357,20,823,318,107,243,1,414,96,452,378,409,196,162,138,0,413,5,115,259,21,19,113,145,5,108,36,134,21,2,1,692,10,350,12,825,4,35,576,0,0,375,1,153,210,0,268,470,730,152,460,136,275,3,6,11,45,102,82,101,338,601,1,70,237,76,12,167,87,80,3,598,66,56,0,12,0,658,24,187,111,3,36,91,13,25,347,9,403,92,57,4,11,445,2,131,57,113,462,153,136,254,2,281,46,7,12,98,0,409,213,10,104,94,4,12,0,11,79,190,1,1,328,46,120,993,502,0,0,3,6,10,313,297,113,15,2,5,16,198,169,3,273,127,24,415,238,49,224,222,159,270,146,998,5,97,2,84,4,376,4,172,417,209,361,55,800,183,207,614,9,142,263,875,142,88,19,6,4,280,215,251,4,740,10,200,0,3,56,178,17,24,295,14,102,1,6,209,263,916,5,210,36,7,1,3,446,458,174,521,64,44,48,194,210,116,7,172,152,171,68,6,8,63,194,69,94,4,210,166,34,4,1,481,24,2,9,4,427,911,471,1036,267,249,30,2,4,36,705,5,211,2,225,32,20,0,90,4,4,280,136,177,325,2,4,4,7,221,1,111,11,147,0,188,8,105,1145,135,259,0,273,37,150,5,192,0,153,65,304,238,434,0,394,232,25,26,159,11,1,164,1,49,16,56,40,1,5,345,86,2,674,2,152,18,200,41,238,792,24,1,33,660,373,3,154,292,4,4,66,17,3,380,15,254,108,2,1,0,208,21,600,20,155,0,3,42,16,0,44,128,3,14,35,166,813,195,483,10,3,208,44,291,486,1,3,293,0,323,180,142,3,222,0,0,0,312,603,27,281,13,189,8,2,5,306,394,70,217,226,6,96,142,19,0,210,0,105,367,35,18,4,165,12,16
"ENSG00000151725.12",282,32,117,160,222,641,322,313,96,875,138,498,682,1273,955,126,187,737,958,115,116,43,190,105,231,280,160,2240,175,920,524,683,476,249,69,647,267,151,614,333,35,543,1058,110,145,387,155,572,38,165,255,1426,358,893,252,253,87,248,2223,911,99,1258,335,330,94,163,383,97,1045,1221,1146,331,258,32,271,29,967,312,485,761,290,557,867,164,739,368,237,224,181,46,438,623,177,392,209,45,82,2798,299,468,317,180,247,213,201,318,706,67,2252,724,99,132,129,1429,489,230,688,298,594,653,283,757,106,655,462,25,34,534,294,958,187,41,1538,125,685,71,167,44,583,127,61,669,530,170,422,793,517,465,314,642,64,41,610,433,203,872,179,256,458,807,422,105,250,372,259,972,732,1092,1266,1600,165,421,588,2836,135,114,370,141,293,220,69,683,561,495,313,254,670,115,60,1379,208,1424,1338,1325,154,341,139,346,132,1131,242,1870,196,4477,32,494,47,1558,604,1005,151,427,572,672,815,816,75,109,135,1197,34,513,296,142,188,23,327,2066,36,198,819,792,355,802,51,1374,142,243,658,187,164,281,154,155,802,896,356,137,72,461,77,414,105,322,97,903,260,225,101,3475,1023,640,907,716,64,356,782,47,4798,116,518,32,788,35,165,194,462,30,178,881,2719,765,449,43,197,485,34,193,65,274,188,161,105,227,257,810,2781,266,283,294,1523,108,437,62,300,59,73,141,318,443,393,701,166,331,195,333,2213,657,71,258,533,508,93,1360,534,271,69,500,241,45,413,160,254,215,888,133,875,1432,126,181,36,329,228,555,1611,512,71,201,249,14,104,1232,122,41,170,155,409,1237,385,253,748,106,265,321,495,114,158,357,54,330,461,339,134,134,1736,136,738,44,175,1976,187,542,536,66,241,533,365,201,471,754,454,415,123,630,138,167,757,1990,254,57,218,660,291,35,748,152,903,445,372,110,465,444,119,67,214,122,218,1656,497,256,32,51,2218,58
"ENSG00000151789.12",6,5,61,62,103,5,1,767,4,7,3242,3,10,39,262,12,1,49,1,21,4,3,23,8,836,19,0,32,1,12,9,29,32,175,9,25,442,1,0,4,28,33,23,6619,28,11,80,64,44,22,3,28,5,91,3000,18,204,17,12,14,449,32,8,4,46,15,30,2776,2,29,18,163,29,16,11,9,4,11,81,108,2536,12,3,13,21,5,17,546,155,1,156,506,11,8,10,67,1222,107,4,42,17,4,8,264,8,88,56,7,28,3,29,4,314,26,10,59,51,3,0,1639,2337,10,9,45,70,11,26,60,10,81,45,8,17,55,63,9,7,1,3,17,14,20,38,5,50,6,16,10,8,1,1,7,5,28,60,14,5,55,10,75,21,9,252,10,5,36,35,121,120,3,3,9,516,483,19,8,16,5,42,879,15,21,40,29,3090,7,28,9,13,6,2,540,33,105,375,3,4,34,42,50,65,1037,15,38,2,175,8,7,18,15,18,16,321,13,26,5,6074,996,57,34,4,108,9,6,7,3,4054,20,3,43,149,21,106,1988,2385,241,45,2000,116,31,21,37,3532,14,27,2,21,34,111,1480,10,4,13,14,10,33,29,37,318,12,41,315,48,2,3,18,75,9,25,25,40,7,2,14,55,4,8,4,2940,25,34,43,27,4,6,15,22,34,3,32,11,5,4,39,201,13,2,5121,1853,4,12,16,15,8,9,27,2,45,6,18,44,11,67,31,47,2,18,62,301,17,64,9,1,6,75,16,15,23,485,5,5771,12,52,7,10,18,2228,2,5603,15,9,231,40,2,9,6,6,2,10,4,6,267,15,2,4,8,9,91,15,1,31,31,1853,6,211,16,22,5,53,29,153,888,4,1996,26,7,479,8,784,37,1,45,8,23,11,6,40,12,18,1,5,6,5,21,3,13,83,9,99,37,12,19,26,152,119,113,280,11,210,342,62,5,29,32,17,0,9,333,6,33,4,67,11,8
"ENSG00000151834.16",0,0,0,0,3,0,0,0,0,3,1,0,0,6,1,2,0,20,0,0,97,1,6,1173,0,0,0,0,2,33,2,1,53,7,1928,0,0,1,0,0,0,7,4,0,1,0,4,1,6,0,0,13248,1,0,0,0,0,0,9,1,0,102,0,0,0,0,0,0,1224,1,0,0,2,0,0,1,0,0,128,6,0,1,0,2,3,6,0,0,0,0,645,863,127,123,0,0,1,0,3,0,0,3,0,0,1,0,0,0,1054,1,1,7,0,0,1,0,33,0,1986,0,5,835,1,0,8,0,9,0,0,0,1,6,5,0,1,1,0,1,290,262,0,0,8,1,3,0,324,0,42,34,2,1,0,6,0,1,0,2014,0,3,0,11,1,2,0,0,0,48,0,31,0,0,0,2,0,0,0,5,4,0,0,0,0,0,0,0,0,0,7,1,0,0,0,1,7,0,2,1,0,0,0,0,0,0,3,54,0,0,0,0,28,1,288,1494,10,1,3,0,119,3865,0,0,67,2,1,4,1,0,259,1,0,2,8,1,0,0,0,0,2,451,10,0,0,0,5,20,0,0,0,0,0,0,0,0,0,0,2,2,0,53,9,1,2069,173,0,1,3,3,0,1,1,0,422,0,1,25,343,0,0,0,0,0,0,1,5,34,0,1,0,12,0,0,0,0,0,486,711,0,0,0,3,3,156,71,36,0,0,0,0,0,0,2,0,6,145,3,0,0,0,0,0,0,0,5,0,1,5,0,0,0,0,0,0,0,0,1,0,2,0,0,1,0,120,0,0,3,408,0,120,0,2,7,2,132,0,4,0,1,964,0,0,3,0,35,0,0,3,5211,0,0,0,4,232,0,0,0,1,2,0,0,0,0,0,0,1,1,0,4,0,0,0,0,0,0,0,405,26,328,8,1,0,0,5,0,0,0,731,2160,0,87,0,0,0,0,1,0,0,4,58,0,0,0,1,1
"ENSG00000152128.13",816,4,53,15,63,2,0,10,7,1087,10,2,11,88,169,27,39,7,8,8,5,7,2155,1,58,11,8,12,8,675,52,327,19,9,26,3222,16,14,1,5,2,80,14,17,11,2,2985,13,71,4,3,363,4,13,20,2,97,5,3,3,12,28,31,9,8,11,10,8,12,13,21,89,3,11,2,10,1225,59,10,17,48,12,4116,90,0,12,6,3,6558,1,172,7,3,11,1,1,21,26,29,39,13,1,497,5,30,19,3,19,284,95,11,59,5560,13,28,1,8,8,16,12,1,0,517,49,45,6,8,1,0,34,13,10,14,10,164,12,9,5,14,15,14,17,1345,10,38,401,30,11,14,5302,6,42,14,14,5,1,12,11,8,7,28,58,172,107,15,25,16,167,5,10,105,3,19,11,11,19,15,1,169,10,1,389,10,6,2,6,36,48,0,11,5,37,624,15,3,1,7,24,4705,3267,2,91,19,20,8,6,1479,136,11,16,13,36,7,51,43,456,11,5,62,8,3,0,1,928,7,17,4,117,1484,6,228,11,121,33,9,15,10,4,1,5,1696,69,47,30,52,6,0,8,29,5,8,2,10,13,24,15,14,24,16,32,6,3,81,8,6,25,29,10,36,22,55,28,14,2,128,0,48,11,45,26,30,15,2,11,7,6,12,19,5,316,28,13,12,13,5,24,125,1,5,737,16,98,1333,15,13,16,7,0,7,0,17,15,12,52,4,829,13,455,6442,127,24,1473,23,6,653,29,16,23,0,18,8,27,26,12,3,30,2,1034,53,3761,14,11,9,86,2,12,1,32,4,10,17,2556,7,6,2,21,10,1226,13,0,33,126,7,57,35,0,128,13,18,3,46,4,36,6,20,0,21,56,33,19,1,15,0,7,38,208,112,11,2,0,18,17,4,7,1,1,200,134,107,19,3,4,42,11,186,14,44,8,0,5279,38,2,41,16,1,2,6,19,6,211,27,9,153,7
"ENSG00000152253.9",153,3,40,52,125,163,91,11,10,327,34,238,398,1013,406,28,25,203,197,37,47,3,55,61,52,102,182,241,90,161,154,210,138,39,12,166,96,48,221,82,22,223,261,18,16,53,34,214,5,29,81,310,59,465,100,86,4,295,427,316,28,223,66,108,10,157,41,22,770,268,206,75,35,5,61,6,273,76,389,174,189,77,141,103,212,32,50,70,51,15,187,82,67,205,36,5,13,310,216,265,64,15,425,58,107,137,125,5,663,222,81,17,28,189,89,54,570,87,563,1088,39,255,25,141,101,4,13,175,170,160,38,22,628,24,148,1,66,9,467,20,7,598,107,29,60,664,201,135,315,163,16,6,238,252,24,244,31,205,128,144,131,99,228,91,170,264,304,502,264,553,48,52,156,628,101,67,103,159,118,121,16,99,74,137,77,62,178,10,47,479,27,569,303,369,52,265,23,137,27,244,28,388,173,513,3,225,9,448,203,179,28,145,306,104,155,175,17,21,65,261,4,149,140,21,14,12,79,397,27,81,308,108,110,215,18,305,24,68,107,160,30,64,25,32,166,315,84,99,63,85,31,146,24,170,9,104,34,54,44,672,213,85,475,489,27,69,146,1,484,10,296,14,370,2,59,284,243,3,69,339,190,510,67,14,31,323,9,58,159,86,51,59,92,35,138,460,679,87,66,54,69,31,373,10,236,32,9,73,116,261,50,388,130,96,101,123,642,292,57,88,169,136,13,334,167,130,13,68,60,3,255,173,47,94,391,14,279,443,43,75,1,89,44,232,451,164,12,92,280,10,37,488,36,306,44,23,478,350,397,44,195,24,85,210,685,30,161,329,34,151,266,110,77,138,470,23,176,5,37,203,28,255,56,27,76,113,286,86,222,107,189,86,8,385,105,104,78,790,42,7,73,122,32,16,443,25,191,337,84,55,75,166,6,13,115,62,49,1544,209,29,3,8,457,15
"ENSG00000152377.14",9415,1,153,138,179,170,0,15,3,318,114,15,24,378,159,23,7,18,2,671,370,5,184,16,1852,183,294,35,24,234,206,248,38,21,104,45,48,0,0,12,18,365,56,1926,18,6,30,88,32,14,5,146,10,220,7,1,34,4,1,3,14,2800,1,5,5,18,11,6,36,9,27,81,6,5,9,3,32,6,179,16,2569,7,11,43,9,11,22,3,751,15,184,60,0,101,24,1,43,628,828,23,30,15,143,8,130,75,19,4,308,3,43,5,440,181,61,57,156,807,2,157,10,89,10,55,17,5,31,656,420,31,14,8,55,24,37,1,12,1,75,58,2,206,341,5,69,52,61,417,102,1838,21,4,1,5105,78,1,0,126,3152,362,10,1,48,23,50,108,347,9,18,21,4,23,13,4,44,4,9,108,710,2,0,393,14,19,189,4,281,11,4,2,6,1298,56,24,80,1,3,37,2,14,4,5,525,9,6,2,3,44,19,2,39,701,24,1451,148,420,1622,110,53,86,3,215,1,3,3,4,18,9,11,25,15,259,30,280,34,3989,1,38,6,19,2255,50,530,58,272,118,0,44,24,2,6,7,10,13,9,3,1,19,90,48,743,15,102,216,6,31,55,16,265,3,34,3,4,2,291,6,69,4,5,28,0,118,83,1,2,23,26,7,21,35,53,11,711,4,2266,13,39,7,328,146,52,6,244,3,8,38,12,36,32,117,6087,250,340,11,140,156,32,32,2224,531,180,255,2,23,162,14,35,9,24,3,6,15,79,694,14,30,3,31,5,62,7,596,90,33,14,6,3304,232,50,1,17,88,20,39,4,4,68,345,0,1,2014,104,27,57,141,2,29,23,41,14,3,8,1,43,186,61,201,4,14,0,11,30,6,11,5,10,7,7,171,5,31,6,19,49,226,11,294,40,128,4,12,497,35,1,260,90,105,6,2,1869,150,9,101,14,48,157,338,90,146,32,0,1,6101,24
"ENSG00000152583.12",1436,399,2354,2488,4973,2271,103,5714,1780,521,80781,118772,29752,4203,699,2417,1305,3354,8057,2142,933,340,6276,1620,6520,2521,321,2448,1024,1100,796,2414,1415,4697,1009,2892,14167,525,9389,23760,497,4199,3246,165476,2143,268,2219,4182,1126,4728,5183,2351,827,6504,36818,928,7122,3488,5004,698,51161,2272,3037,1561,659,8830,4096,49201,334,2173,2533,7833,3057,659,1664,565,706,1575,930,2443,12312,1126,340,2869,905,1626,808,48646,9862,768,9342,3413,932,124,14602,200,33751,12097,2803,1777,2424,570,2920,6822,1233,3084,1771,883,642,638,4780,2565,7325,1288,1422,3596,5652,3770,1096,64571,42058,1235,2062,11130,5432,894,2387,1052,3869,1748,2778,1176,845,4750,646,895,2476,495,2116,2799,827,8858,1349,776,5626,3418,651,621,880,635,809,936,1958,4332,3365,3586,1364,10970,8168,3367,6102,773,1370,1554,476,5440,1882,506,3985,989,201,1047,7594,1552,1797,5764,1698,1243,997,4107,393,6043,4058,2623,38428,1536,3549,7926,1636,2206,1244,1202,2494,2695,3331,377,870,1361,3593,3134,3165,5254,2571,1354,1077,1315,2319,1910,452,3767,2195,1661,243,1441,8253,1548,35418,3294,7358,8951,301,1798,336,3063,1360,524,55167,2697,838,19731,469,4172,5996,129745,3717,68562,875,61317,1234,3186,9143,2257,44129,1882,2079,454,132,1356,17615,1696,2186,1421,1263,350,863,5540,1265,2986,45746,1638,1980,4802,639,875,529,5062,334,981,6050,901,4066,389,1011,391,3963,983,105,151,38779,1145,6373,1197,1225,551,4629,1577,406,8689,158,4404,3010,2282,1289,4223,24091,683,174,34041,9189,2045,1580,2406,607,1285,595,2020,2673,4764,595,909,9988,1702,2980,3075,5174,2170,2517,8613,13545,2184,9473,1445,1087,1994,4426,1985,1120,89708,28475,740,38196,1141,2347,1270,4486,2267,3048,1174,105909,389,902,115930,5444,92,1188,1720,3722,479,543,714,675,2845,5873,1815,1950,745,3806,246,1769,33,7451,6086,33342,758,1858,4744,294,1196,25268,1086,2634,18568,391,15898,1332,660,3803,1230,8654,5224,1878,4318,1147,1193,1016,830,3590,904,2914,1007,367,32636,1003,6812,466,1865,4391,949,7981,1003,928,320,3984,11138,9577,19936,409,1903,1658,21150,1782,911,2691,4594,4447,1353,2881,29302,1349,1398,848,1079,7650,396
"ENSG00000152669.9",753,5,19,95,29,26,169,1,21,489,2,16,33,25,106,36,51,543,163,2,41,6,19,96,14,75,73,93,32,267,9,67,23,162,247,36,26,8,207,63,10,264,86,71,22,0,93,65,13,0,1,28,16,1,0,11,1,56,0,22,237,399,1,4,81,4,2,5,3,48,146,110,96,7,17,5,256,122,53,45,1,13,1413,0,231,44,88,0,35,202,172,254,5,136,9,0,0,1,31,209,58,4,548,0,117,126,229,2,191,156,41,18,105,1,8,193,6,44,1,32,1,1,10,3,19,5,10,233,5,331,68,4,1,112,53,10,0,2,4,117,6,147,293,27,96,880,327,269,5,334,5,15,168,139,4,4,2,63,51,9,0,235,108,4,37,0,42,3,45,319,138,0,76,241,27,0,148,4,464,7,4,22,49,1,0,51,61,46,224,3,0,77,234,3,5,0,4,4,1,5,0,19,184,9,1,2,6,4,16,4,34,34,393,233,97,458,73,0,17,182,2,3,22,372,12,6,0,7,50,26,596,332,12,69,0,0,1,1,13,52,21,53,18,87,480,142,2,57,3,9,38,290,11,140,2,1,7,18,1,137,77,0,91,0,12,20,2,6,4,3,1,4,1,1,76,0,1,3,10,53,2,33,64,3,1,7,7,79,9,26,17,88,82,5,240,439,71,0,15,635,1,31,126,1,238,119,27,387,2,5,42,15,1,345,189,504,172,76,103,159,2,318,0,28,60,16,11,0,138,5,0,102,107,139,63,3,43,71,0,21,0,0,135,142,93,59,7,75,26,2,10,216,26,1,25,1,2,230,70,7,38,5,11,40,5,18,426,7,68,86,363,144,8,5,7,51,2,30,1,2,299,3,75,372,40,494,9,14,44,6,6,34,3,3,4,190,228,6,135,1,5,0,271,0,8,2,195,2,2,39,4,1,0,14,1,0,88,121,154,6,2,3,24,8
"ENSG00000152760.10",13,192,18,26,26,34,1,2,2,13,4,5,9,99,58,112,2,17,384,15,44,81,13,69,31,354,0,8,8,30,17,16,10,22,65,21,18,10,0,3,16,20,10,5,189,177,63,15,114,2116,116,4,492,27,6,35,63,30,15,178,5,67,5,161,122,1,3,6,77,15,68,54,4,210,2,129,6,148,5,14,17,11,17,4,165,32,59,0,47,3,29,11,37,3,12,93,11,20,7,33,4,324,13,36,29,13,259,257,198,4,24,41,24,16,2,41,14,83,33,7,4,20,1482,15,45,76,13,54,23,22,104,38,169,15,14,256,6,308,182,16,77,30,8,990,3,86,21,8,23,7,166,12,15,44,6,8,4,104,2,14,24,10,10,61,1,13,53,12,69,10,14,47,58,32,3,4,44,20,44,5,112,11,6,12,0,8,7,55,22,149,3,24,9,20,15,76,483,15,2,15,9,59,70,92,53,9,813,12,6,37,8,14,3,168,102,3,1,14,9,30,167,1,5,28,121,121,7,23,4,38,91,47,32,23,24,8,170,2,6,94,13,48,28,453,58,5,14,3,42,37,9,3,104,3,470,4,835,22,18,21,24,38,57,52,50,24,32,13,14,58,5,30,280,122,16,60,5,120,5,7,1,32,7,23,16,216,18,3,2,73,27,5,5,11,4,5,23,24,16,21,32,19,11,55,7,31,4,33,3,56,11,29,54,104,30,14,8,7,43,18,8,8,230,23,88,13,78,1,10,43,1,12,44,7,12,332,4,43,12,1,321,11,102,7,207,1,5,3,18,88,52,22,135,69,48,115,6,1,26,26,197,28,41,8,41,95,7,267,1,7,177,25,15,6,1,177,38,35,10,2,6,20,48,15,41,6,6,6,5,181,41,5,236,6,0,31,61,16,20,64,2,168,3,59,103,26,140,13,30,38,28,2,31,38,18,0,7,16,7,147,68,0,4,126
"ENSG00000152910.19",0,0,0,1,0,0,295,0,0,0,0,29,1,114,255,1,0,86,0,1,0,0,0,4,91,0,0,102,0,95,0,0,56,28,18,0,120,13,0,1,0,0,0,10,0,0,0,82,0,1,0,133,0,35,0,3,2,0,7,0,0,278,0,99,3,0,11,0,0,0,195,6,43,0,0,0,1,0,12,114,39,224,0,0,20,0,0,27,0,0,0,304,48,0,0,0,1,59,50,0,0,0,0,0,0,0,0,0,172,103,0,1,0,62,0,21,0,106,67,110,0,54,0,0,109,0,0,184,0,292,14,0,285,0,0,1,0,0,7,2,1,0,94,0,0,0,0,0,0,0,0,0,0,95,0,0,1,0,72,147,63,0,0,0,0,43,152,0,0,4,1,62,15,312,0,0,0,102,0,70,0,0,0,0,70,0,123,2,0,98,0,0,1,291,73,0,0,0,0,0,156,0,0,144,0,164,0,1,65,0,0,0,2,86,0,0,4,0,49,81,0,27,0,0,0,0,8,0,0,0,1,3,1,3,0,120,0,0,15,61,0,17,0,0,0,0,149,0,0,4,0,0,0,0,0,0,0,2,0,3,145,81,0,127,0,0,0,0,200,0,118,0,99,0,0,0,61,0,1,26,99,108,4,1,97,0,0,0,0,0,1,0,0,0,1,191,93,0,0,0,0,0,72,0,49,0,0,29,261,85,75,0,30,0,0,2,91,1,0,103,1,1,1,0,27,0,0,0,6,0,259,0,27,0,77,0,0,0,0,0,1,4,114,0,173,46,6,0,7,0,0,0,0,21,0,0,0,0,0,0,0,0,14,0,0,5,1,62,0,101,0,71,5,8,199,0,41,0,0,123,108,83,112,0,0,164,1,50,50,0,0,0,0,0,0,0,122,8,0,0,37,0,0,1,29,22,369,130,34,3,38,42,0,0,89,0,41,4,0,0,1,2,0,0
"ENSG00000152931.9",0,0,184,0,0,1,0,0,1,1,0,10,10,0,1,0,1,29,12,0,0,0,2,0,0,0,0,0,0,0,1,7,0,0,5,25,314,0,0,0,2,6,0,1020,4,0,0,0,2,3,0,3,0,2,3,0,20,2,0,0,80,2,1,0,0,0,0,356,3,0,1,0,0,1,0,0,3,1,68,0,101,0,463,0,1,0,1,13,107,0,0,161,1,43,0,0,0,1,47,2,1,0,0,107,1,0,1,0,5,0,0,0,45,1,0,36,3,1,0,3335,2089,0,59,2,1,0,1,0,6,0,0,0,12,0,8,0,0,0,0,0,0,1,3,1,1,66,0,0,1,1,0,0,0,3,0,32,1,5,14,1,1,4,0,0,7,0,0,6,1,1,1,0,121,2,12,0,2,609,31,962,1,0,16,0,36,0,0,0,0,0,0,1,0,12,0,0,0,56,124,3,0,1,0,1,0,240,31,0,0,0,0,1,1,5,2,0,0,1,0,0,0,0,3,0,0,0,50,0,0,320,1,2,1,804,41,931,0,9,1,0,0,0,3,0,12,0,0,58,2,0,0,1,1,0,0,0,0,0,110,2,2,0,5,16,0,0,1,0,0,0,2,0,336,0,0,0,28,1,1,1,0,167,0,0,0,5,0,0,1,12,1,1,1,224,5,0,7,2,0,0,1,0,3,0,0,0,0,0,0,1,3,0,3,1,105,0,20,2,1338,0,0,0,0,4,0,1,0,0,20,0,1746,1,0,0,3,0,85,0,0,15,0,669,0,10,4,1,1,2,6,1,1,4,0,9,0,0,1,0,5,0,0,0,1383,0,2,0,0,0,1,0,0,315,10,8,0,5,0,1,0,0,1,4,1,0,0,30,2,0,0,0,2,0,0,0,0,1,17,591,12,0,0,0,0,1,1,573,33,44,0,4,2,0,1,0,0,0,0,12,1,0,0,0,1,1
"ENSG00000152954.12",3,0,0,2,0,0,0,1,1,4,0,1,2,9,0,0,0,0,0,22,2,0,22,0,0,1,1,0,0,2,14,7,0,0,2,3,0,0,0,0,0,34,11,30,1,0,0,0,1,0,0,1,0,2,0,0,0,1,0,0,1,0,0,1,0,68,0,0,0,0,16,0,0,0,0,0,5,0,5,1,12,0,0,0,1,4,0,0,9,0,1,6,0,1,0,0,0,0,2,0,0,1,0,0,1,5,0,0,12,0,0,0,9,0,0,0,29,0,4,14,0,0,0,0,0,0,0,0,3,0,2,0,0,0,0,0,7,0,0,0,3,4,10,2,4,0,5,4,4,8,0,0,0,1,0,0,0,1,14,0,1,2,0,0,4,0,0,0,0,1,0,0,1,0,0,0,0,86,0,0,0,5,2,0,2,0,0,0,0,0,0,0,0,1,0,0,0,2,0,0,0,1,2,1,0,0,0,0,0,0,0,0,0,2,1,14,0,0,0,7,0,0,1,0,1,0,1,1,0,0,2,0,0,2,0,1,1,0,0,0,41,0,0,0,4,1,0,0,0,0,0,0,0,1,0,0,0,0,23,0,2,0,0,1,1,2,1,0,0,0,0,0,0,0,0,0,0,0,0,1,1,0,0,1,1,0,0,5,0,0,5,0,6,0,0,2,1,0,0,41,0,1,0,1,0,0,0,1,1,13,2,2,0,0,1,5,9,0,5,0,9,84,0,0,0,0,0,0,0,1,6,0,0,0,0,1,0,0,0,4,0,4,0,37,0,2,0,1,0,0,0,30,0,6,0,0,6,37,40,0,0,0,0,3,6,3,0,1,0,0,0,0,1,66,0,1,1,2,1,0,0,0,0,0,0,0,1,0,0,0,2,0,0,6,1,1,2,6,6,0,0,1,25,1,0,0,1,0,0,1,2,1,0,0,0,0,0,1,0,8,1,0,864,0
"ENSG00000153404.14",11,0,19,1,269,27,1,5,7,121,6,0,14,9,4,7,22,1,8,87,234,3,5,5,1,2,1,6,0,3,4,3,4,0,1,11,2,18,0,5,6,509,22,2,8,16,1,2,10,0,2,10,7,5,5,0,4,3,3,3,28,5,2,13,4,68,6,4,6,6,11,1,1,1,1,1,538,44,10,61,12,4,82,100,2,13,1,2,25,2,246,13,0,10,21,0,0,7,2,10,6,2,19,0,212,20,3,3,775,191,32,18,0,0,13,1,189,3,4,0,6,1,2,12,3,1,6,2,3,2555,5,1,3,5,30,2,5,3,6,3,2,1315,16,3,25,5,10,248,21,23,15,1,0,6,1,1,0,4,1,1,0,31,1,29,439,6,12,153,0,11,13,6,14,3,44,7,2,8,121,6,0,19,2,2,0,1,19,4,255,2,2,187,46,6,1,3,4,6,0,8,1,1,754,6,5,2,2,56,4,7,11,1206,0,1,14,23,170,0,5,3,0,0,11,1,2,4,2,4,2,6,3,3,2,84,4,2,0,1,1,157,24,1,194,23,40,206,2,6,12,0,5,2,0,6,7,49,6,76,1,4,8,2,3,2,5,3,116,7,3,11,3,7,7,29,9,8,5,1,147,175,3,6,0,4,7,4,9,5,25,9,7,5,82,1,206,6,15,8,4,54,3,21,12,2,5,3,2,36,3,0,55,172,3,187,138,29,2,441,30,0,11,676,0,20,4,139,21,8,2,2,27,6,5,46,17,4,9,6,13,2,4,26,10,798,5,1,53,18,1,4,4,11,2,0,2,4,184,1081,3,3,8,11,3,1137,2165,2,1,2,6,0,9,3,6,7,14,2,10,7,11,3,2,4,1,22,21,1,455,124,3,1,1,39,1,143,466,3,3,4,16,4,5,4,35,0,3,6,1,8,4,8,11,2,4,4,1,0,1,2132,15,7,1,0,8,3
"ENSG00000153779.11",0,0,0,0,0,0,0,0,0,0,0,2,0,50,0,1,0,23,0,0,0,0,4,0,41,11,0,9,0,55,0,0,5,1,0,0,26,0,0,0,0,1,0,1,0,0,0,15,0,0,0,10,0,2,0,0,0,0,0,0,0,26,0,1,10,0,0,0,0,0,10,0,3,0,0,0,0,0,1,35,26,33,0,0,56,0,0,0,0,0,0,39,0,0,0,0,0,82,0,0,0,0,0,0,0,0,0,0,38,0,0,0,0,5,0,14,0,1,1,40,2,6,0,0,1,0,0,0,0,154,2,0,15,0,0,0,0,0,3,5,0,0,22,0,0,1,0,0,0,0,0,0,0,9,3,0,4,0,4,21,2,0,0,0,0,1,10,0,0,22,0,0,0,68,0,0,0,4,0,74,0,1,0,0,0,0,15,0,0,29,0,0,0,0,15,0,0,0,0,0,0,0,0,96,0,1,0,1,1,2,0,0,0,9,5,38,0,0,1,5,0,15,0,6,0,0,1,0,0,0,0,23,0,0,0,35,0,0,0,2,0,0,0,0,0,0,1,0,0,0,0,0,0,0,0,0,0,0,10,0,61,10,0,6,0,0,0,0,64,0,11,0,2,0,0,0,0,0,0,5,8,2,2,0,0,0,0,0,0,0,0,0,0,0,0,2,89,0,0,0,0,0,0,0,0,0,0,0,0,1,34,0,2,0,0,3,11,1,0,9,0,0,0,0,1,0,0,0,1,0,13,0,0,0,0,1,0,0,0,0,0,0,9,0,48,20,1,0,0,0,0,1,0,38,0,0,0,0,0,0,2,0,0,0,0,0,0,0,0,0,0,18,0,0,24,0,70,0,0,2,3,4,15,0,0,0,0,1,4,0,0,0,0,0,0,0,35,0,0,0,1,0,0,0,0,0,2,0,3,0,0,1,0,0,5,0,10,0,0,0,0,0,0,0
"ENSG00000153930.12",29,2,1,1,0,5,0,0,0,0,13,8,185,36,3,0,0,36,7,1,0,0,79,1,1,0,0,0,0,6,0,3,3,6,1,5,2156,0,0,3,0,8,0,17823,1,0,0,0,1,0,0,15,1,13,23,0,0,0,0,0,1542,10,1,0,11,0,0,33,0,0,9,1,0,0,0,0,4,0,0,18,258,25,1,0,1,0,0,20,1,0,2,228,1,5,564,0,1970,0,1,0,0,1,1,13,0,1,0,1,14,0,2,0,0,1,0,2,0,1,0,5010,4,11,0,1,1,0,2,3,20,2,0,1,4,0,0,0,8,0,0,1,0,1,7,3,1,1,10,15,0,0,0,0,0,678,0,6,0,0,0,1,2,0,5,0,6,0,1,1,0,7,0,10,10114,5,7,1,1,13,64,1,0,0,12,0,5196,3,0,0,6,1,0,10,0,9,1,0,0,1,0,0,1,1,24,193,0,26,0,0,0,0,0,0,0,0,2,3,475,1969,9,87,0,0,1,0,0,0,2694,0,0,9,0,1,1,502,1135,18,0,7004,1,0,1,1,1924,2,3,5,0,1,8,0,0,0,0,1,0,0,0,42,166,3,1,13,3,4,0,3,0,1,0,0,1,5,2,0,1,0,0,0,1440,7,1,0,0,0,0,0,0,1,0,0,0,0,1,0,36,2,3,638,1,47,0,1,1,0,19,0,0,0,1,19,11291,0,3,0,13,2,22,0,0,0,2,4,0,0,0,1,1,8656,804,1,4937,1,0,1,1,0,829,0,0,4,0,95,1,1,1,26,0,2,0,0,0,4,0,34,0,1,0,1,1,0,0,0,394,0,1,2,5,0,1352,2,0,513,0,20,22,0,0,3,0,0,0,3,35,1,2,1,2,0,0,0,19,45,0,2,0,0,90,2,3,0,0,0,7,5,27,27,18,4,2,0,0,0,0,0,87,0,0,6,1,2,2,0,2431,0
"ENSG00000154040.21",5,4,123,164,463,137,3,10,6,16,2,106,129,1039,76,7,13,321,21,68,38,2,5,69,13,9,245,52,212,72,248,28,2952,9,511,14,888,48,92,52,3,126,19,5,40,469,254,164,3,11,149,161,67,17,6,130,55,76,4,5,17,16,1214,16,7,7,6,53,146,45,170,229,4,5,11,1,297,8,16,6,1745,10,62,1104,23,5,4,846,57,5,293,182,41,0,22,3,12,17,10,11,458,5,26,15,209,51,131,7,364,56,42,17,92,58,4,11,286,1,530,9492,5,154,14,1123,172,9,5,4,34,330,62,6,230,67,2116,4,46,4,99,10,3,378,24,16,175,17,21,237,16,8,13,2,12,75,116,2681,4,169,15,15,29,106,26,8,178,29,114,314,16,2,1,2,2242,13,481,2,221,767,82,664,2,6,17,43,10,117,7,6,452,3,49,41,12,1497,16,190,5,884,79,1238,17,14,243,24,4,89,21,29,31,24,497,481,15,8,33,17,12,5,571,2797,2,5,89,95,3,10,151,3925,63,98,84,85,5,1839,25,8,6,21,3,65,23,111,5,9,183,141,2,87,149,116,4,18,8,10,4,72,3,8,1543,20,15,4,318,78,19,51,282,5,13,3,925,27,609,5,389,62,67,6,5,4,9,4,2,14,9,149,10,15,322,26,27,6,51,11,465,576,91,472,42,9,16,16,431,15,135,75,6,11,132,35,41,307,268,362,620,8,7,156,82,549,126,22,1,717,10,40,8,3,3,0,4967,42,451,64,589,7,4,1049,1,202,2,17,28,61,77,3,6,22,118,0,2,340,59,4,15,7,94,71,203,50,20,8,7595,255,222,32,2470,244,6,68,9,537,41,582,17,0,47,6,7,1,11,11,2,51,43,133,174,6,8,279,33,9,2,110,98,28,80,24,195,14,4,171,8,871,49,34,1066,6,5,120,782,6,7,30,9,18,11,85,254,22,2,2,1400,16
"ENSG00000154096.14",3112,86,8885,4323,4166,813,154,1101,520,4940,1159,1749,665,2950,969,364,1085,859,88,2050,2811,71,4764,2790,608,678,790,1460,557,1749,1387,3196,2544,1833,1887,1751,2792,445,1875,1859,401,3859,2641,1036,1346,925,1532,3596,198,969,892,1589,635,483,1156,838,929,1365,1961,857,873,1409,213,1157,285,2382,1330,646,1753,1320,2599,5157,1454,47,2041,80,2008,1633,484,1273,1891,451,768,4081,1026,1387,1706,264,8119,1293,3776,1211,379,2284,713,33,542,3377,910,1850,1626,127,4202,443,3168,3035,2274,260,1580,645,3894,604,10903,2627,1172,642,4283,429,616,2204,215,869,440,685,2451,78,1877,1019,1333,2388,1308,148,963,2841,3256,141,1000,71,1352,864,325,7786,2349,505,5540,2560,1174,1562,2191,1945,72,173,1059,853,2706,409,673,4864,1718,1583,3327,668,1435,2718,1899,2309,2502,2695,790,1967,189,828,1292,1904,2768,1001,3409,1725,1563,431,36,3652,1096,1180,892,1734,4986,2982,590,142,657,9814,1358,1737,1069,414,259,531,208,1890,590,735,5718,1319,168,830,644,1352,5409,440,1978,2533,1543,698,3474,3116,744,1082,3672,3329,42,2107,1723,808,636,193,1255,818,860,2518,888,1420,3170,2003,1920,2490,125,1374,992,2026,5294,2854,455,545,2565,874,214,1385,1805,438,860,789,288,1458,127,1138,270,6238,913,2038,2428,1819,2473,1083,134,3683,1564,156,1752,103,2878,199,543,112,1776,277,2188,203,489,2114,1256,800,972,428,227,2446,91,4171,1101,3128,3729,1627,4048,1012,1675,1197,1184,1033,2550,4061,3439,2072,4306,458,628,2773,452,1023,862,470,624,3206,628,1481,1818,2953,1602,6024,7975,2017,3537,1582,169,2918,4808,925,1178,1163,1126,377,1045,1110,3774,475,525,286,335,3912,463,1160,50,1464,2464,868,346,1426,1314,4090,494,94,181,3500,753,1458,549,77,1025,827,2070,293,773,4385,1263,2178,13348,545,1609,4057,1619,1871,568,1684,509,399,399,477,232,13,1119,1843,532,1558,402,4137,554,395,3236,1275,364,415,1954,433,193,2829,707,1220,771,1430,5323,144,860,353,3086,98,1551,985,773,922,1551,7533,4650,1353,1585,707,2408,851,696,327,928,1509,73,256,1566,182
"ENSG00000154143.3",0,0,0,0,0,0,0,0,0,0,0,2,0,22,4,0,0,21,0,0,0,0,2,1,2,1,0,0,0,0,0,0,3,0,0,0,0,0,0,3,0,0,0,0,0,0,0,1,0,0,0,13,0,3,0,0,0,0,0,0,0,0,0,0,0,0,0,0,0,0,3,0,0,0,0,0,0,0,23,3,5,2,1,0,0,1,0,1,0,0,1,2,8,0,0,0,1,0,2,0,0,0,0,0,0,0,0,0,44,0,0,0,0,0,0,1,1,0,24,68,0,1,0,0,0,0,0,0,0,1,1,0,3,0,0,0,1,0,10,0,0,0,2,0,1,10,0,2,0,0,0,0,1,1,0,0,0,0,1,11,0,0,0,0,0,5,0,0,0,4,0,0,0,5,0,0,2,7,0,0,0,0,0,0,4,0,9,3,0,3,0,0,0,3,1,0,0,1,0,0,0,0,0,1,0,6,0,0,1,0,0,2,9,5,0,2,0,0,14,0,0,0,0,0,0,0,0,0,0,0,0,1,0,0,1,2,0,0,0,0,0,0,1,0,0,0,3,0,0,0,0,1,0,0,0,1,0,0,7,0,0,1,0,31,0,1,0,0,2,1,1,0,11,0,0,0,1,0,0,1,1,2,0,0,0,0,0,0,0,0,0,0,0,2,0,42,10,1,0,1,0,0,114,0,0,0,0,0,25,9,0,0,0,0,0,3,9,0,1,0,0,0,0,0,0,2,0,0,0,0,5,0,0,1,0,0,0,0,0,0,0,0,0,0,9,2,5,0,0,0,0,3,1,13,0,0,0,0,0,1,0,1,0,0,0,0,0,0,0,5,0,2,0,7,7,0,2,3,0,0,0,3,1,0,0,0,0,0,0,1,0,0,0,0,0,0,0,12,0,0,1,0,0,0,5,0,2,0,0,0,0,0,1,1,0,0,5,1,0,0,0,0,0,0
"ENSG00000154153.13",139,1576,473,167,140,67,2,176,485,570,954,306,10,244,415,1309,652,486,476,315,1394,5918,39,774,2767,640,6,1497,86,37,9,576,459,2513,199,231,804,105,2,18,1688,348,11,37,1498,313,1096,276,5518,617,128,224,803,8,196,700,1724,5,849,6,64,2466,5,780,1916,17,681,217,976,277,153,486,16,4208,25,1699,39,160,41,150,1678,244,117,1749,977,1031,141,217,125,105,287,3280,3,10,122,718,358,18,21,128,475,4848,199,458,224,185,964,1507,215,14,96,1317,318,455,25,3286,115,19,10,687,392,1844,1730,72,111,4493,1394,3700,4495,1499,604,3389,166,178,1350,3978,389,3774,372,1419,922,167,214,5819,109,452,26,158,29,1727,2364,2145,1847,2414,649,566,161,112,237,1223,217,76,601,74,35,1327,185,43,712,58,396,520,1189,475,116,691,165,222,3629,273,3458,2159,33,112,561,357,3020,715,1036,669,234,51,12,665,1908,24,1943,34,2131,23,2797,2151,209,938,2339,43,2426,2714,1322,1615,625,404,18,4,728,518,367,490,158,178,3749,2254,3,26,1188,1526,221,136,794,83,20,1440,298,111,284,293,1550,57,158,616,479,168,319,1387,348,212,3,37,1389,811,298,5,1060,22,1582,14,1087,13,265,219,2699,1063,144,6,2328,212,216,2917,149,2716,68,1008,13,3989,1704,11,4,842,37,61,5157,11,1179,1386,2407,162,674,53,16,228,1844,130,38,11,38,8,20,802,37,1488,794,103,22,3065,14,190,5,106,1496,4,266,26,4498,2133,701,1107,17,320,1667,817,14,164,2954,11,251,389,3016,64,6,1880,11,13,387,53,608,6188,205,4515,1468,20,5908,929,132,198,147,2546,3409,19,61,708,3678,700,2802,14,25,6223,6,506,10,34,1384,345,864,31,335,3163,2001,8,545,782,968,446,7,4,1320,65,15362,1091,17,4044,4602,724,3682,1328,1576,380,37,434,674,58,16,57,619,340,246,34,264,19,1478,1969,206,552,236,1730,105,498,199,16,1314,1140,1090,1283,1450,1314,3849,9,1272,1383,160,5114,2816,26,210,3533
"ENSG00000154162.15",4,0,0,0,0,0,0,0,0,1,0,0,3,0,2,0,0,1333,0,1,0,0,0,2,179,0,0,13,0,1,0,0,1,42,0,2,0,0,1,0,0,0,0,0,0,0,1,0,2,9,0,832,1,0,0,0,0,1,2,1,0,678,0,702,1,0,16,1,1,1,27,0,0,0,0,2,0,1,11,9,1,103,4,1,831,89,0,1,0,0,0,5,31,2,0,5,0,400,0,0,1,0,0,0,0,0,8,0,1239,0,0,0,0,0,0,1,5,0,0,1,0,0,1535,0,41,0,2,6,1,11,4,0,18,0,0,0,0,0,20,8,7,0,0,1,0,10,0,2,0,4,0,0,1,2,0,0,0,62,0,1,150,0,3,0,0,579,0,33,0,19,1,27,1,7654,1,0,0,1,0,1,0,0,0,0,0,1,0,17,812,13,0,0,2,1,15,0,0,0,0,0,1,11,0,7457,3,0,2275,2884,0,2,0,0,0,1,1,0,0,2,2,1,0,0,0,0,0,0,0,1,0,0,0,1,0,0,0,0,0,0,9,1,0,1,0,0,15,135,0,0,1,1,1,0,1,400,0,0,0,0,1,1378,800,1238,171,60,0,0,0,3,1,2,2,0,0,1,1,0,1,0,1,0,429,1,1,0,0,0,0,1,0,8,0,0,0,0,1,6,7448,0,0,0,0,2,14,0,1,0,0,0,0,0,0,0,0,0,1,0,0,0,0,1,0,4,1,201,69,0,1,1,0,1,0,1,1,0,0,2,0,0,0,0,8,0,372,12,0,127,0,0,158,0,2,0,0,1,1,14,0,1,0,0,0,0,0,1,0,2,6,0,0,0,0,0,29,0,35,0,835,0,0,162,310,23,0,0,0,0,0,0,0,0,0,0,0,0,0,0,1,1,2,0,12,0,2,0,2,3,5,0,0,0,0,0,1,0,58,0,224,11,6,2,1,0,0,2
"ENSG00000154277.13",515,6,13369,92,87,23,16568,13,28,342,21,22,62,19263,7067,53,20,6917,15,27,81,11,2335,39,17,9,9,67,6,16,15,63,57,50,1598,57,124,16,16,27,5,3014,32,4,47,18,943,123,13,27,15,139,38,132,11,62,20,17,14,12,22,1655,1,30,8,12,32,8,110,38,2582,168,24,3,11,7,3597,15,216,89,66,20,234,64,42,269,97,33,206,10,80,9,9,27,7,11,19,49,22,76,55,17,4433,7,274,80,38,4,11932,3,91,39,4513,126,15,11,59,12,16278,26548,6,46,61,7,74,12,75,4,13,12083,61,11,124,27,209,8,15,7,23,6,19,57,161,46,125,965,37,70,18,44,18,20,3,69,74,14,62,179,19,38,27,475,16,80,43,79,319,14954,5,70,20,33,18,49,85,30,48,43,313,32,3,86,9,17,16,62,80,44,12,5,7,110,15,32,37,2,15,9,6,16,2,7,288,11,23,2,28,24,74,3,60,79,355,31,130,117,12,4,114,12,11,21,79,14,17,7,19,13,53,7,6,24,422,92,14,40,3,19,7,35,320,59,10,90,60,15,3,76,39,6,25,4,12,14,10,16,8,154,6,13,68,9,803,11,7,88,33,59,19,21,124,17,22068,11,31,10,2322,14,9,87,15,15,6,52,8,122,10,438,9,1377,132,63,109,2,64,813,61,9,48,91,69,113,7319,63,407,96,30,28,112,2,36,24,8,71,2152,452,8,91,267,33,23,138,13,51,273,17,83,19,10,13,192,43,67,12,26,25,4,2571,16,512,12,9,49,97,142,23,28,15,6523,15,12,139,6,13,4,29,4,336,14,3,8,155,35,38,430,8,4,831,56,37,61,35,12,47,67,6,112,29,120,11,10,40,3,121,40,13293,110,27,10,4,28,5,16,45,3,59,26,45,204,23,7,7,141,2,44,7163,7431,12,23,277,172,18,186,175,55,7,13,41799,30,49,8,5,121,17
"ENSG00000154342.6",23,0,6,33,14,4,8,1,0,31,0,1,1,2,2,0,47,0,1,3,0,0,0,0,0,0,0,0,1,0,35,2,1149,2,0,5,137,7184,0,0,0,10,7,3,0,20,3,0,0,3,0,2,0,9,0,0,1,0,1,0,0,9,0,0,0,12,0,0,1,0,5,9,1,0,0,0,3,1380,1,180,86,7,4,149,67,3,0,4,21,147,52,7,0,15,0,0,0,28,0,5,4,1,0,0,4,1,715,0,9,5,82,1,0,5,6,0,11,0,2,6179,0,4,2,105,23,0,0,1,0,4,0,0,23,5,112,0,2,0,0,0,0,11,4,5,32,3,0,5,38,0,0,0,1,8,26,0,0,0,0,6,25,2,5,0,1,2,15,5,1,3,0,0,3473,1,114,0,314,1,5,1,0,8,0,0,0,12,1,0,2,0,1,12,15,15,3,1,0,6723,0,1,1,0,1,3,0,13,0,0,0,0,21,3,1,6,3,3,3,0,6,265,0,1,0,4,0,0,1,10,1,898,2,2,6,0,1,630,0,2,1,1,10,75,0,1498,0,2,13,0,3,7,0,0,0,0,0,0,0,33,31,1,7,0,3,1,1,8,421,0,2,0,42,6,1,0,6,5,22,0,1,1,1,439,3,0,1,0,0,14,1,18,0,0,11,27,1,12,0,0,4,32,1,0,0,1,0,2,1,0,0,0,5,13,1,449,5,16,43,4,5,433,1,7,0,8,163,2,0,0,755,0,22,0,74,2,2,0,0,0,1,0,0,15,3,16,2,0,1,14,1,0,0,20,0,4,0,0,0,136,1,0,8,1,2707,2,0,1,29,0,0,5,0,8,0,21,2,0,2,0,0,5,1,0,1,4,0,14,7,9,4,416,12,0,0,1,10,3,0,1,3,0,0,1,26,0,3,0,4,0,0,0,0,0,4,0,5,1,0,9,24,0,0,0,1,0
"ENSG00000154645.14",16,0,3,2,5,1,11,7,3,3,1,7,4,814,1,6,4,32,0,4,0,3,3,8,2,2,0,4,10,2,2,2,7,1,1,5,49,0,25,9,0,0,1,6,6,0,0,8,3,8,0,12,4,16,3,44,5,7,2,1,2,52,0,4,2,4,2,1,2,3,2,2,2,1,0,2,4,9,4,31,59,3,3,2,5,1,0,4,1,63,4,14,1,0,2,0,2,0,4,4,1,1,3,0,1,0,6,2,113,1,6,9,0,0,0,50,41,1,1,181,46,0,5,4,0,2,13,2,2,6,1,0,127,1,0,3,1809,4,0,3,3,3,8,6,10,551,41,2,3,2,4,3,0,3,3,1,0,6,0,3,2,3,1,1,3,5,6,11,1,8,2,3,155,4,2,2,5,1,5,4,1,0,2,0,63,0,7,4,1,0,8,5,1,175,31,0,2,2,1,2,1,0,2,15,6,11,21,0,49,2,0,4,3,14,3,2,0,1,8,1397,2,1,3,0,2,1,2,0,1,0,1,4,2,4,347,10,2,39,1,2,4,2,7,4,0,10,0,4,3,22,3,1,0,91,4,2,0,1,0,3,6,0,2,93,0,1,1,4,1,3,5,2,10,3,2,2,733,2,2,3,1,0,1,3,165,2,1,3,2,9,15,55,4,4,0,2,11292,2,6,9,0,4,16,6,3,3,1,3,2,39,2831,2,8,2,21,0,110,11,3,2,6,4,0,105,6,0,6,1,0,3,1,6,4,5,3,2,0,0,2,0,7,16,11,0,2,2,0,0,757,3,0,1,2,157,12,1,1,5,3,0,0,2,4,282,18,1,0,7,2,2,1,1,4,6,12,0,29,0,4,39,2,3,4,2,7,1,8,7,0,0,0,1,2,0,0,1,29,0,222,0,1,0,3,2,191,6,66,0,0,8,1,2,2,2,6,1,14,538,2,1,1,0,789,2
"ENSG00000154646.9",0,0,0,1,5,0,0,0,0,0,0,0,0,83,20,0,0,2,0,0,0,0,7,4,35,13,9,112,3,24,0,0,7,6,0,0,43,1,0,0,0,0,0,16,0,0,0,0,0,0,0,3515,1,6,0,1,0,0,0,0,0,3569,0,0,0,0,0,4,0,0,5,0,1570,0,0,0,1,2,3,20,18,17,6,0,0,0,0,0,0,3,0,61,10,1,0,0,0,18,0,0,1,0,0,0,0,0,0,0,137,0,0,0,0,0,0,8,0,0,0,74,1,2,1,0,1,1,40,3,0,3,7,1,13,0,0,0,26,0,1,155,0,0,0,0,0,1313,6254,1,0,9,0,0,0,2,1,0,0,18,3,0,0,0,0,0,0,5,0,1,0,1703,0,256,0,1357,0,0,0,7,0,45,0,0,0,0,2,1,13,2,259,2,0,274,0,2,6,0,0,0,0,0,1,0,0,3599,1,34,2,0,0,0,0,1,0,5347,3,0,0,0,0,9,0,0,8,0,0,0,0,1,0,0,0,2,0,0,6,1,0,1,0,0,0,0,0,0,2,0,0,0,0,0,12,0,1,4129,0,0,0,0,18,766,8,9,13,4,0,0,0,0,15,0,133,0,3,0,0,0,344,0,0,0,25,0,9,0,4,0,1,0,0,5633,0,3,0,2,0,23,408,0,0,0,0,0,16,0,138,0,0,1,0,1,69,0,0,6,0,0,6,0,0,0,0,0,0,51,200,0,0,0,22,1,2,1,23,0,3,0,0,0,0,0,0,3,4927,0,36,18,0,0,2185,0,1,0,0,6,1,0,0,0,0,0,1,3,1,4,0,0,0,0,0,0,0,0,1654,0,90,2,32,0,0,7893,3,0,0,0,0,25,0,4,1,0,0,0,0,18,0,1,1,2,3,0,0,0,0,0,0,0,33,0,0,4,2,0,0,0,309,0,10,2371,0,0,0,0,6,1
"ENSG00000154678.18",58,3,25,42,40,7,1,33,11,111,1,46,9,290,20,13,8,13,3,15,10,2,48,9,20,18,9,38,7,31,23,387,11,31,1,552,33,8,15,68,0,77,62,33,26,4,31,22,18,25,21,36,9,6,19,15,53,38,27,9,4,23,1,11,1,22,29,17,6,22,23,104,25,0,4,2,5,17,13,21,48,12,196,12,45,30,16,8,320,9,51,135,2,18,5,2,2,71,14,26,16,9,30,9,11,17,29,10,17,1,24,15,1028,24,68,17,47,14,6,32,16,9,9,8,33,3,17,6,31,22,25,3,14,32,10,5,15,5,15,26,3,31,273,10,76,160,25,3,32,6404,4,5,14,25,48,4,4,75,10,90,53,14,24,12,9,32,39,62,23,12,3,61,29,43,19,10,10,23,13,9,0,84,30,16,17,14,91,39,50,3,11,120,23,16,14,2,4,6,13,116,15,20,6,14,3,17,12,11,11,11,18,15,2,24,42,41,20,12,69,54,1,17,3,31,6,6,2,23,7,54,42,34,36,24,10,47,0,17,15,30,27,32,24,5,34,7,4,4,49,5,25,4,2,13,0,23,13,16,16,71,13,26,17,17,6,13,15,7,40,3,17,8,3,5,108,1,4,1,20,14,67,9,11,4,2,34,1,83,11,38,26,28,21,14,17,5,8,33,126,36,24,17,71,14,8,28,18,32,0,7,5,22,14,29,29,48,33,219,509,26,37,14,4,26,56,26,38,24,4,1,42,9,33,5,16,9,10,87,27,354,4,49,76,9,8,28,27,10,4,2,7,1810,24,33,5,11,26,39,22,5,51,19,35,25,15,22,25,45,15,7,2,29,2,1,4,2,13,23,74,36,11,27,2,7,4,5,20,2,6,4,29,20,6,46,7,6,16,20,50,7,10,4,61,2,38,4,30,29,12,817,48,7,22,36,28,11,25,32,16,6,2,4,56,4
"ENSG00000154839.10",34,1,91,41,193,172,171,27,14,344,26,303,472,1377,264,19,26,535,319,33,123,8,62,76,49,76,239,388,37,204,202,165,350,52,30,297,238,66,280,145,20,200,384,23,13,53,32,457,2,27,85,493,58,349,90,182,9,424,775,476,20,590,65,390,12,189,47,27,754,272,235,55,45,2,52,8,1421,121,523,365,447,360,393,72,632,335,145,116,61,26,394,117,110,782,32,2,2,230,346,1032,121,6,779,66,102,600,341,4,2015,186,129,15,33,245,191,55,478,91,807,1185,50,265,13,297,193,2,4,272,340,617,43,5,1796,20,595,11,90,1,836,38,5,785,188,18,92,1353,292,239,296,230,9,0,225,290,36,276,54,497,316,227,229,123,334,74,150,240,407,1530,383,1476,131,56,274,828,96,65,139,412,192,143,9,273,193,322,75,75,242,19,28,424,39,1652,505,830,167,936,22,182,9,522,45,628,167,483,2,304,25,323,217,252,38,208,717,117,411,294,22,33,119,245,0,163,93,30,9,4,109,615,29,88,744,137,145,178,31,479,9,119,168,183,39,112,33,22,989,912,73,84,44,131,19,157,19,381,11,174,29,74,38,419,472,111,3319,774,12,82,146,2,772,12,271,5,532,4,55,328,498,6,51,335,348,330,141,4,78,473,2,73,115,96,30,102,70,44,230,656,1528,71,29,28,489,30,1280,16,405,26,13,88,78,522,67,311,245,129,98,190,940,271,11,78,213,239,4,856,267,334,13,60,89,6,324,204,44,277,327,11,224,620,39,43,2,103,52,763,1561,353,6,212,451,0,21,681,31,449,51,16,183,483,554,72,102,18,93,240,870,51,445,527,32,171,513,106,653,109,404,35,273,2,26,157,43,378,137,22,44,124,354,156,332,218,157,112,6,367,138,161,310,649,31,5,95,327,67,20,382,31,598,595,184,28,101,163,30,11,213,102,141,2901,625,25,1,11,743,4
"ENSG00000154920.15",23,1,23,16,36,34,46,9,4,167,11,112,142,643,321,4,33,89,84,33,27,5,27,32,36,21,27,251,13,135,88,118,103,23,17,53,88,9,130,79,8,97,60,18,11,8,12,54,1,13,28,84,28,275,38,94,10,126,189,36,19,66,68,111,5,70,49,31,282,128,361,23,19,4,22,3,259,29,250,144,151,167,147,29,108,54,23,28,38,3,50,79,47,38,11,3,7,135,77,71,21,6,168,22,34,178,103,3,553,57,29,10,10,95,54,27,221,24,245,339,21,135,6,115,55,1,3,59,114,313,22,4,158,11,76,2,36,9,200,7,2,92,76,15,25,244,110,131,128,87,5,4,34,109,19,98,40,156,125,84,63,50,101,42,89,127,128,223,78,570,21,74,60,798,10,21,55,102,60,33,4,48,35,133,76,20,85,17,47,326,12,170,108,225,29,147,8,68,5,120,34,214,114,574,2,351,12,50,77,97,19,70,146,37,58,136,15,7,34,120,5,49,29,8,16,2,49,468,5,38,69,157,43,63,12,85,12,24,43,64,13,28,13,25,120,379,202,8,43,68,8,23,3,62,5,36,13,49,34,352,278,80,226,254,2,46,63,5,645,3,60,1,391,2,21,109,124,2,14,109,252,152,37,3,66,174,6,24,43,53,6,16,11,27,35,216,389,29,14,56,127,31,337,7,50,15,13,32,74,158,24,126,99,35,54,83,324,51,9,29,69,219,5,224,42,123,8,63,11,1,182,40,19,34,483,2,80,348,29,10,5,44,14,156,230,86,5,25,71,5,9,195,8,345,24,9,43,176,126,41,133,23,48,187,152,27,33,87,17,21,69,108,14,58,280,6,152,4,15,145,25,99,38,16,13,28,99,38,70,138,73,23,7,70,18,55,113,189,28,3,31,66,29,6,94,26,78,108,37,6,34,55,17,10,34,37,36,206,79,12,3,5,458,9
"ENSG00000154928.18",293,56,188,19,44,19,1,63,71,30,10,15,26,69,15,109,30,9,2,19,48,361,15,38,93,16,4,24,16,41,13,24,33,86,12,44,46,7,25,34,8,60,37,41,36,12,10,45,161,112,3,77,46,8,15,6,31,10,9,20,9,22,2,74,73,54,58,13,39,32,45,62,21,69,10,143,37,4,153,35,25,6,6,20,20,18,10,1,90,9,28,14,24,27,4,65,6,108,5,31,58,25,60,15,36,41,27,115,34,7,40,88,25,40,16,49,105,14,7,55,0,8,7,3,18,87,17,30,11,21,53,75,8,19,353,119,17,61,12,38,38,85,290,126,30,33,11,12,35,55,135,131,21,69,37,0,8,116,23,21,27,5,99,74,20,10,29,25,16,41,1,7,24,16,25,20,55,11,246,16,226,43,36,40,10,7,99,274,7,26,8,129,11,20,10,2,127,5,3,35,15,81,58,19,153,5,6,6,30,162,39,28,14,9,73,45,11,29,19,94,71,26,6,28,17,164,8,28,6,43,7,22,78,28,7,7,177,19,7,52,145,27,7,83,46,29,0,17,33,11,8,8,129,19,136,77,212,87,16,11,224,397,23,9,43,71,9,40,93,38,17,284,4,97,8,8,20,10,24,21,14,6,12,49,4,61,86,19,5,59,56,16,12,9,23,9,60,9,105,73,33,20,41,13,4,12,18,28,18,10,7,76,2,262,52,30,40,75,62,13,27,20,144,47,71,8,20,1,11,49,26,13,42,3,22,158,2,81,8,1,145,12,25,5,3,32,50,26,14,50,270,68,22,14,0,94,12,48,18,0,65,100,20,20,100,5,4,69,22,5,350,19,1,5,6,258,4,20,45,9,10,19,52,19,18,13,36,27,16,14,15,14,75,37,4,47,31,23,99,46,4,5,84,8,133,497,13,16,60,77,51,5,14,14,22,36,50,47,10,50,357,143,14,36
"ENSG00000154975.14",0,0,15,0,2,1,0,149,0,0,0,0,4,3,0,2,0,3,0,0,1,0,0,0,0,0,0,1,0,7,1,1,2,2,0,1,2,0,0,0,1,0,2,2,0,1,0,1,1,6,1,2,1,0,0,0,0,1,1,2,0,1,0,2,2,1,0,1,4,2,7,1,7,0,0,1,5,0,36,1,2,3,0,2,0,159,2,0,3,0,1,1,0,0,1,0,0,0,2,0,1,0,0,0,0,36,2,0,1,0,0,0,4,1,0,0,11,1,1,0,0,7,8,0,1,0,1,28,3,0,0,0,1,0,0,0,1,0,1,5,0,0,1,1,2,1,0,5,0,0,0,0,0,45,0,0,2,0,0,3,0,1,2,3,0,2,3,4,0,0,0,0,0,0,1,0,1,3,97,1,0,0,1,1,0,0,0,0,1,1,1,0,0,1,2,1,0,0,1,4,0,6,3,2,0,2,1,0,2,4,2,21,1,0,3,1,0,0,1,6,0,7,0,1,0,1,0,1,0,0,1,1,1,0,0,7,0,1,0,0,2,0,0,4,0,0,0,0,0,0,0,0,2,2,2,0,1,0,0,0,16,6,0,16,0,2,2,0,5,0,1,0,0,0,3,0,0,0,0,2,10,0,4,0,0,0,0,1,3,0,0,4,1,0,0,1,1,0,42,1,0,3,0,0,5,0,0,1,4,5,0,2,4,0,2,1,0,0,3,5,7,0,0,0,2,5,0,1,0,0,0,2,0,1,0,0,0,2,1,0,0,0,15,0,0,1,16,2,0,0,0,6,2,1,0,0,2,0,0,0,3,0,0,2,0,0,0,0,0,1,1,0,0,0,16,0,7,0,0,1,2,3,0,0,3,0,1,4,3,0,0,0,0,0,0,0,9,1,0,0,0,4,5,0,0,0,0,0,0,8,2,0,0,0,8,0,7,0,1,1,0,0,0,1
"ENSG00000154997.9",1,0,0,0,0,1,17,0,0,0,0,12,0,642,1,1,0,33,0,0,0,0,0,0,1,0,0,2,0,3,1,3,7,0,0,0,103,0,0,0,0,0,0,0,0,1,0,3,0,0,0,9,1,4,0,1,0,0,0,0,0,758,1,2,0,2,0,85,1,0,24,0,0,0,0,0,0,1,1,3,785,564,1,0,0,0,0,4,0,1,0,58,0,5,0,0,0,0,0,0,0,0,1,0,0,2,1,0,493,0,0,0,0,0,0,2,0,0,209,723,0,0,0,0,0,0,0,0,1,0,0,0,737,0,1,0,0,0,4,0,1,0,0,0,0,4,1,0,0,0,0,0,0,51,0,1,0,2,0,1,1,1,1,0,0,9,0,0,0,50,0,0,0,12,0,1,0,363,1,0,0,0,1,1,1,0,0,0,0,1,0,0,1,9,1,0,0,5,0,0,1,0,0,439,0,0,0,0,0,0,0,0,0,0,0,0,0,0,5,1,0,2,0,0,0,0,1,3,0,0,0,0,1,0,0,2,1,0,0,0,1,0,0,0,7,1,0,0,0,0,0,0,0,0,0,0,0,0,0,5,1,0,0,325,1,0,0,0,1,0,0,0,1,0,0,1,3,0,0,145,1,0,0,0,0,0,0,0,0,0,1,1,1,0,0,152,16,1,2,0,0,0,1,0,11,0,0,1,11,1595,1,0,1,1,0,0,1640,1,2,0,1,0,0,0,2,0,0,1,0,0,551,1,0,0,0,0,0,0,0,0,1,0,0,0,24,13,0,0,81,0,0,6,1,11,0,0,0,0,0,0,0,0,1,0,0,0,1,0,0,0,0,1,0,0,93,0,1,2,0,1,0,1,0,0,0,0,1,0,0,0,0,0,0,0,1,0,0,1,0,0,0,0,1,0,0,0,2,0,1,0,1,0,1,0,0,0,0,1,1,0,0,0,1,0
"ENSG00000155052.14",0,0,0,1,5,0,0,0,0,2,1,0,3,7,1,0,0,1,0,1,0,0,0,1,0,0,0,1,1,1,47,2,2,0,0,0,0,0,0,0,0,43,2,1,0,0,0,0,0,0,0,20,0,0,0,2,0,0,0,0,0,4,0,0,0,0,0,0,1,0,513,0,1,0,0,0,0,0,5,0,0,2,0,0,0,0,0,0,0,0,0,12,0,1,0,0,0,2,0,0,0,0,1,0,0,0,0,0,83,0,3,1,0,0,0,0,11,0,0,8,0,1,0,0,0,0,0,0,1,25,0,0,1,0,0,0,0,0,0,0,0,36,13,1,0,1,0,0,3,0,0,0,0,19,0,0,0,11,0,0,0,0,0,0,2,0,0,1,0,0,0,0,0,13,0,0,0,2,1,0,0,2,0,1,0,0,0,0,0,1,0,0,0,5,1,0,0,0,0,0,0,0,0,0,0,1,0,0,0,0,0,0,0,0,0,0,0,0,0,4,0,0,0,0,0,0,1,1,0,0,0,0,0,0,0,0,0,0,0,0,3,0,0,0,10,0,0,0,1,0,0,0,0,3,0,0,0,0,0,14,1,1,0,2,0,0,1,1,10,0,0,0,0,0,0,0,25,0,0,33,0,10,0,0,0,3,0,0,0,0,1,0,0,0,0,0,177,0,1,2,0,0,36,0,1,0,0,0,0,0,0,0,0,1,0,41,0,1,2,0,27,0,0,0,0,2,0,0,0,0,7,0,0,0,0,0,0,0,0,2,0,0,0,0,0,2,0,3,0,0,0,2,0,7,0,0,1,2,0,0,0,1,0,4,0,1,0,0,0,0,0,0,0,0,3,0,11,0,0,2,0,1,0,0,0,2,2,0,0,1,1,0,0,0,1,0,1,16,0,0,0,0,2,0,0,0,1,1,0,5,0,0,0,0,2,0,0,4,0,0,0,0,18,1
"ENSG00000155495.9",0,0,0,0,0,0,0,0,0,0,0,72,0,4068,458,2,0,4,1,0,0,0,19,8,760,0,0,74,0,8,2,1,565,1236,0,0,517,0,0,0,0,1,0,653,5,0,5,27,1,3,0,208,0,588,3,6,2,0,0,0,1,27,0,565,19,0,64,210,3,0,4115,0,1676,1,0,0,0,1,0,1170,1418,1143,3,0,154,0,0,317,0,0,0,3503,13,0,0,2,0,1652,8,0,2,1,0,37,0,1,6,0,8870,303,10,0,2,0,0,268,0,9,2,2482,79,182,0,49,2,0,3,22,0,3689,31,0,881,0,0,0,0,0,7,15,0,0,2052,1,0,1,0,2,0,0,0,0,0,45,2,2,4,0,71,24,158,0,0,0,0,1082,11,1,0,336,0,50,46,6826,1,0,0,137,0,1871,0,0,2,3,551,0,932,4,1,689,0,2,0,1361,486,2,0,1,0,0,133,5,0,5178,0,893,1,0,203,10,0,0,0,27,0,21,0,30,57,1222,0,597,0,1,0,0,1193,11,0,0,0,16,0,3,30,1028,0,1,0,0,0,4,1,0,0,0,93,0,0,6,1,0,0,2,0,0,0,0,2404,6,632,2310,4,173,0,0,1,0,620,0,24,0,65,0,0,0,0,0,0,1283,947,659,1,0,0,0,0,0,0,0,0,0,0,762,0,85,58,1,8,0,2,0,1,0,114,0,0,0,0,7,1302,0,244,0,1,1,3311,1,0,11,0,3,0,0,248,0,2,2,96,1,176,0,1119,0,14,0,0,0,0,0,0,135,14,0,6,543,106,0,512,0,3,2,0,1424,0,0,3,0,0,0,1081,0,0,0,2,0,0,0,0,2,0,0,0,1,3519,95,523,0,0,975,94,2,877,0,0,0,0,1026,82,0,0,0,0,0,0,0,1347,23,5,0,27,0,0,10,4,0,250,0,222,0,2,4,0,0,1253,0,1060,0,0,0,0,17,0,2
"ENSG00000155666.12",182,3731,320,1217,421,107,99,1887,5109,584,371,151,245,382,315,2018,206,214,1228,304,370,4073,1184,599,735,729,93,1856,141,294,250,659,372,2580,213,412,233,683,176,187,74,177,533,546,3459,1324,2894,289,1124,886,396,1798,2338,230,1675,884,2392,200,3595,1204,332,603,213,1291,1296,228,892,211,1087,293,470,245,260,2706,1817,3770,653,1094,108,330,329,1100,475,469,452,883,957,129,826,96,761,250,54,178,829,3812,4358,355,328,191,338,4501,193,108,223,400,1184,3123,520,151,151,2234,680,7410,180,93,284,143,189,236,45,1844,440,98,201,2371,1291,750,182,190,2428,4488,98,584,214,5179,2068,3512,178,626,2668,273,266,3607,319,246,97,313,186,126,1577,524,134,377,2382,181,502,634,260,603,5810,235,2635,675,55,343,569,325,1063,1071,576,183,539,1275,206,351,481,465,713,172,2422,2890,1119,347,911,1335,366,1616,403,1035,674,222,703,708,533,384,1675,168,176,368,392,2684,461,3240,1016,515,426,2923,702,6223,521,881,175,637,621,103,122,302,547,2475,5610,1909,66,2709,3973,2237,435,362,2052,166,1418,137,442,681,346,636,4184,346,252,284,2395,137,494,2011,160,116,183,936,1061,523,199,161,5724,264,3353,416,4357,128,152,1664,604,6699,155,355,1596,183,294,909,3582,2034,222,1209,210,2795,103,140,150,2565,458,2511,2779,256,222,2260,636,249,408,340,173,1428,1947,936,138,146,258,106,269,229,4710,471,1584,233,264,3901,195,125,64,248,260,396,1625,445,274,712,183,610,209,223,1435,662,308,303,3385,247,602,270,3704,440,109,4180,138,1188,1942,99,238,7761,792,506,264,197,8671,877,260,344,233,437,234,1969,47,644,2854,970,538,1079,153,6430,119,128,154,57,134,1271,488,678,256,406,247,85,193,189,111,188,67,136,1322,8144,309,2244,400,4258,788,1978,3536,238,2958,2737,566,444,243,338,319,260,700,117,226,189,2124,241,2079,4715,594,225,819,102,210,268,57,106,726,925,848,1037,5442,1387,1276,117,1189,129,1827,5677,3581,1182,384,3633
"ENSG00000155816.20",0,0,386,6,0,0,0,2,0,1,1,18,20,0,286,0,1,0,1,1,1,1,0,0,1,0,0,6,0,0,0,0,0,6,1,3,256,1,0,0,0,1,1,518,2,0,0,0,2,0,0,215,0,17,3,1,0,1,0,0,0,1,0,0,1,0,0,11,8,2,1,1,0,1,0,2,3,0,32,12,1,0,0,0,1,1,0,8,1,0,0,1,0,12,3,0,0,2,92,0,2,1,1,1,0,4,2,4,998,0,0,0,1,0,0,1,2,2,7,976,10,1,1,0,0,0,3,0,0,2,0,0,7,2,0,4,9,0,0,0,2,1,5,10,2,81,1,0,5,1,3,0,0,1,0,2,0,0,37,1,0,0,149,2,0,1,3,1,1,26,2,0,4,468,0,0,0,1,1,0,0,0,1,0,207,0,1,2,2,32,3,341,2,1,3,4,1,0,0,1,0,2,0,15,1,1,0,7,1,0,2,0,1,1,4,0,4,0,1,1,0,0,0,0,0,2,11,0,0,1,7,0,0,3,4,14,0,1,0,0,5,0,32,5,3,125,0,0,0,0,0,0,0,0,0,0,0,0,49,1,6,4,0,5,3,1,2,2,1,0,2,1,50,1,4,1,0,0,0,15,2,39,0,2,0,0,0,0,0,0,2,0,0,1,0,5,10,9,0,0,0,0,0,2,1,0,1,0,3,1,258,1,3,0,1,0,0,0,8,0,1,0,2,0,3,1,0,26,1,5,1325,0,0,0,2,0,1,0,3,0,0,0,0,1,13,0,0,0,3,1,1,2,0,9,0,1,0,2,1,0,0,2,1,2,1,1,0,0,2,1,0,4,7,0,2,1,2,1,0,4,0,2,1,0,1,2,0,1,0,1,0,0,1,0,0,0,3,2,1,0,0,0,0,0,138,15,4,0,0,9,0,0,0,0,2,0,0,4,0,0,3,0,2010,0
"ENSG00000155897.10",6,2,2,3,0,0,0,0,0,11,14,57,34,2,0,1,0,20,0,33,3,6,2,0,1,0,101,4,0,64,0,0,1,2,22,0,12,0,0,1,3,3,0,124,59,0,0,0,5,13,0,3,7,0,0,0,6,1,0,0,2112,22,0,0,0,0,0,1031,1,0,13,3,0,3,0,0,5,0,41,0,74,0,0,77,0,0,2,6,1,10,6,386,0,4,367,0,28,0,0,1,28,18,0,1766,13,3,0,1,6,0,1,4,0,0,0,144,2,0,1,158,243,0,2,0,7,1,88,0,0,13,1,3,0,1,0,1,7,0,0,0,4,2,107,17,2,2,0,0,1,0,1,12,0,0,2,828,0,6,44,1,1,11,0,12,3,13,2,1,0,3,0,0,267,0,17,7,8,0,9,158,0,0,0,0,37,4,14,0,0,0,2,3,0,6,6,0,2,0,0,0,3,0,6,0,3,0,0,1,34,0,27,2,0,0,15,2,338,0,1,21,1,0,2,0,42,0,48,2,0,1,7,0,4,114,0,29,0,137,3,2,0,0,1626,8,1,23,0,135,2,57,5,0,3,1,0,0,4,0,92,5,6,0,2,0,0,0,2,1,0,16,1,26,0,1,9,0,1,0,2912,0,0,0,0,0,1,13,2,2,0,6,307,0,0,112,418,7,1,2409,0,3,2,0,41,14,1,0,2,0,4,0,657,0,0,1,308,1,0,0,0,1,0,2,0,1,0,1,57,21,702,0,528,2,2,48,319,1,2861,0,0,0,3,0,0,1,0,1,1,0,0,0,0,4,0,0,7,0,1,6,0,0,0,3,467,0,183,6,0,0,136,0,0,1011,0,1,0,0,0,109,0,0,1,1,0,2,10,1,0,1,2,0,1,0,3,0,0,5,7,1,67,0,13,0,0,458,1,1,3,6,0,0,2,0,0,0,1,0,1,6,2,28,1,0,1233,7
"ENSG00000155966.14",810,0,96,3,12,0,2,6,0,60,2,1,9,301,0,7,2,44,1,1,2,2,5,15,19,24,0,119,32,130,11,36,2,18,142,11,3,1,0,3,0,36,0,3,3,0,0,11,4,1,1,32,4,9,1,24,9,1,132,2,11,122,1,4,2,0,28,1,2,21,4,9,0,2,1,1,6,2,14,40,206,140,5,1,109,18,1,441,10,0,31,190,26,0,1,2,11,8,3,10,2,2,2,12,0,27,2,0,11,28,0,10,5,28,3,1,312,3,51,290,24,40,3,2,2,1,6,51,0,137,3,3,26,2,51,4,1,0,25,1,0,4,122,5,7,1,2,0,0,5,2,9,3,74,6,0,1,18,51,159,1,2,100,3,0,36,29,91,0,1,7,82,1,240,0,3,3,4,12,4,1,71,2,3,21,1,190,5,25,58,1,8,4,76,95,0,2,0,0,6,3,60,4,294,1,34,1,72,3,2,2,8,0,4,24,711,0,0,131,0,0,6,0,0,2,3,1128,20,3,4,0,10,3,11,1,0,0,0,1,14,9,3,50,5,5,3,3,5,3,1,0,1,0,1,4,4,0,0,226,109,103,461,7112,121,3,2,0,6,49,2,6,0,8,0,7,0,0,1,1,8,237,8,112,0,1,3,4,3,1,4,15,0,2,0,4,5,699,2,0,62,1,22,44,0,0,1,0,0,47,0,8,0,2,67,37,22,3,60,2,42,3,348,2,1,24,4,2,6,6,3,59,2,0,182,14,4,4,2,2,2,4,1,6,4,99,153,16,2,44,0,4,3,7,6,0,2,0,31,7,0,53,3,2,0,0,7,0,2,2,3,2,3,3,6,150,6,101,1,8,135,116,83,0,0,9,0,27,4,1,18,0,0,1,0,1,3,49,23,30,4,2,1,22,2,2,167,9584,25,2,16,0,0,0,1,10,0,11,758,4,8,1,0,391,3
"ENSG00000155980.13",10,0,6,0,8,4,15,7,2,1,1,1,36,12,36,3,0,4,0,0,11,1,20,4,0,0,1,4,0,23,5,13,81,1,11,30,7,0,0,7,1,15,21,0,4,0,16,5,0,0,0,42,3,4,0,1,0,59,3,0,0,42,0,3,0,0,1,2,13,3,340,12,1,0,0,1,231,2,57,9,13,7,18,0,2,12,5,0,13,0,11,28,63,6,0,1,0,1,67,8,3,0,3,0,6,119,0,2,183,6,8,3,6,8,3,12,4,8,58,108,0,1,2,1,4,0,1,1,5,19,7,1,22,1,13,0,2,1,31,8,0,3,86,1,7,18,42,3,38,4,1,2,0,16,2,0,1,13,5,31,6,2,28,5,8,4,90,5,3,22,1,5,1,1,0,5,6,15,29,0,1,18,2,4,3,0,4,0,8,0,1,12,11,11,3,0,5,3,2,24,0,9,5,1,1,23,2,4,5,1,8,8,16,81,19,15,6,0,19,7,0,0,0,2,0,1,1,3,1,68,173,3,9,5,1,51,0,0,1,2,48,3,0,25,65,23,2,0,14,0,1,1,2,3,0,2,0,7,13,1,12,1,8,42,1,8,1,1,6,2,41,2,38,1,12,4,32,1,0,9,2,29,1,4,3,3,0,6,3,5,6,1,1,1,2,135,30,0,3,5,6,33,10,3,4,2,1,1,40,7,0,2,13,2,23,101,21,48,16,4,2,5,1,10,4,0,2,0,3,0,22,3,2,0,8,0,0,4,1,5,0,0,15,4,133,3,1,21,13,0,0,436,2,3,3,5,9,14,15,23,10,1,6,16,6,0,3,43,2,2,4,5,2,11,113,1,4,0,4,3,9,9,3,2,2,13,1,0,1,1,16,0,0,1,0,3,3,24,14,3,4,2,5,0,4,7,33,34,0,28,8,0,1,3,5,0,11,489,3,3,2,1,3,2
"ENSG00000156006.5",7,1895,1,393,70,7,0,286,584,125,2,229,11,94,30,1917,8,46,515,76,248,1811,124,186,707,320,1,60,1,249,1,75,94,583,264,5,524,336,2,10,317,10,3,3034,2241,95,428,37,1419,1127,311,84,1322,9,35,90,1070,23,1369,13,603,287,245,368,957,2,1105,1639,105,55,124,285,5,1369,412,2358,0,39,3,380,346,46,83,865,561,114,318,143,349,119,50,293,2,0,171,1409,3808,74,6,84,332,3444,0,128,72,5,309,2021,242,0,16,1180,1037,308,155,429,5,1,704,664,602,87,652,119,246,955,514,388,6,99,1958,2022,15,197,61,2996,923,1977,9,632,1501,3,247,2958,14,8,5,1,2,0,910,1106,117,441,627,639,349,254,316,224,483,33,276,34,20,58,185,4,98,260,504,40,139,35,32,563,157,9,415,980,1770,15,436,0,339,321,126,1296,477,352,144,9,1,581,220,6,3640,237,932,2,248,238,11,113,2526,95,154,292,100,509,480,51,17,83,174,10,1242,85,92,4066,2759,436,0,26,1555,1491,569,29,29,573,96,56,33,1390,26,890,1872,474,200,812,193,91,851,135,5,55,535,94,1012,397,185,3,2148,15,2294,18,2482,37,4,171,339,1277,76,11,905,43,107,1139,500,1854,232,942,10,2068,155,16,4,967,382,391,575,0,308,766,450,193,670,116,0,150,1298,287,0,249,36,12,7,465,1177,17,399,2,0,1738,12,207,222,491,299,17,33,5,72,289,404,3,50,0,526,127,4,157,2214,69,645,35,1483,48,69,1435,488,106,1127,12,412,3578,1411,7,3,38,2826,1922,118,91,57,101,1684,3,0,374,3215,846,369,37,75,3374,0,33,9,1,123,378,803,4,128,586,21,2,274,161,1,138,33,29,91,437,52,1290,30,800,521,55,1228,141,1489,825,9,84,1745,67,5,469,1114,2,1,5,1429,2,515,2917,317,125,99,155,149,2,140,1,183,925,351,220,1782,1049,215,9,134,5,50,2271,2225,1453,1469,2408
"ENSG00000156009.10",1,0,0,0,0,0,0,0,0,0,3,10,0,1017,107,0,2,14,0,2,0,0,2,1,16,0,0,3,0,1,1,0,21,7,0,2,0,1,0,0,0,0,0,6,1,0,4,0,1,2,0,166,0,69,1,0,2,0,3,0,0,92,1,13,1,1,0,1,0,0,2619,0,0,0,0,0,1,0,96,182,457,489,2,0,75,0,0,5,0,0,0,11,1,0,0,0,0,276,1,1,0,3,0,0,0,1,1,0,4276,2,1,1,1,0,2,0,2,1,2,221,2,16,0,1,1,0,48,16,2,0,0,0,124,0,0,1,4,0,2,4,1,2,2,0,1,0,0,1,2,0,0,1,0,1089,0,0,0,0,1,25,3,0,1,3,0,5,3,1,1,62,0,0,4,5,1,1,0,27,0,1,0,0,1,2,70,0,343,0,3,54,1,2,1,435,836,0,0,0,0,0,0,0,0,442,0,16,0,0,0,0,1,2,0,54,4,6,0,0,669,4,0,97,1,0,2,0,9,0,0,2,2,3,0,8,0,8,0,0,0,1,1,1,1,2,1,1,1,0,3,2,0,0,1,1,0,0,0,0,0,2,18,18,1,9,0,0,0,0,27,0,15,0,155,0,0,0,0,0,0,1795,1,12,0,0,5,0,1,0,0,1,1,1,0,0,0,332,51,0,0,0,0,0,78,0,63,0,0,1,484,85,1,0,21,0,1,0,205,2,0,0,0,1,0,3,4,1,0,0,1,0,5,0,0,2,1,0,0,0,0,0,0,0,1,0,197,3,1,0,33,0,0,0,0,4385,0,0,2,2,20,0,19,0,2,1,1,0,0,0,0,0,1,3,0,16,33,0,1,0,0,0,826,0,0,0,2,0,0,6,0,1,0,2,0,0,0,0,14,1252,1,0,0,0,1,0,0,0,1,7,0,0,0,0,0,0,2,0,7,1,2,1,2,1,0,0
"ENSG00000156076.10",25,0,0,0,1,0,0,0,1,0,784,0,1377,3,0,0,0,0,0,32,0,2,1,0,1,0,0,1,4,0,9,3,0,0,0,2,4,0,0,0,0,5,10,3350,1,0,0,0,0,0,0,3,0,22,169,2,2,0,0,0,0,0,0,0,2,0,0,0,0,0,3177,0,0,0,0,2,26,0,790,2,67,0,2,0,0,0,0,93,0,0,0,2,0,12,25,0,4,0,4,7,0,2,0,1,0,5,0,0,183,11,0,0,0,0,0,0,2,17,0,1026,2,0,1,0,0,0,1,0,0,0,0,0,3,0,0,0,0,0,0,0,1,14,4,2,0,0,1,1,1,0,0,1,0,0,0,0,0,0,12,0,0,0,3,0,21,3,0,0,0,26,0,0,0,0,1,0,0,24,9,0,0,0,4,1,31,0,1,1,0,0,0,0,0,1,0,0,1,0,0,0,1,0,0,0,1,0,0,0,2,0,0,0,0,5,0,0,4,0,0,0,0,0,0,0,0,1,1,0,0,4,0,0,0,15,0,2,0,2,0,0,0,0,17,0,5,43,0,0,2,0,0,1,0,1,3,0,0,0,553,4,0,0,105,9,0,1,5,3,0,1,0,0,10,0,0,27,37,0,2,0,0,1,0,0,0,1,3,0,0,1,0,0,1,0,3,22,14,83,0,2,0,0,110,1,11,0,0,0,0,0,1,1,0,0,213,63,1,114,0,0,96,0,0,20,0,0,0,95,45,0,849,0,0,0,3,1,0,2,0,0,1,0,0,0,1,0,0,0,4,0,0,21,5,2,0,0,35,11,0,0,0,0,1,2,6,0,0,8,5,0,0,0,0,179,1,0,0,0,18,0,1,0,0,0,1,0,26,0,0,0,0,0,0,1,0,1,92,626,0,1,0,0,1,2,0,1,0,0,0,0,0,0,0,0,0,0,0,289,0,2,0,0,324,1
"ENSG00000156150.9",100,0,0,1,0,6,0,0,0,0,0,98,0,0,0,0,0,0,0,0,0,0,2,0,0,7,3,4,0,0,0,0,0,0,0,0,0,0,36,42,0,0,29,11,0,0,3,0,0,0,0,0,0,0,26,8,0,0,0,29,37,25,0,0,0,0,0,0,0,98,5,0,0,0,0,0,1,5,2,0,0,0,6,0,0,0,0,0,8,0,26,0,0,0,5,0,0,0,0,56,0,0,49,0,0,0,49,0,58,44,7,0,0,0,0,0,0,4,0,4,6,0,0,1,0,0,0,0,0,16,0,0,3,1,0,0,0,0,1,0,0,36,0,0,0,0,0,0,7,0,0,0,2,15,0,0,0,0,2,0,0,0,65,0,8,0,0,33,0,0,0,0,0,3,0,0,0,0,1,0,0,9,21,0,0,0,1,0,6,0,0,1,63,0,0,0,0,0,0,0,0,2,0,27,0,0,0,0,0,0,0,0,4,0,13,0,0,0,0,0,0,0,0,0,0,0,37,15,0,10,22,8,0,31,0,0,0,0,0,0,3,0,3,1,35,4,0,1,22,2,0,0,0,0,0,0,1,0,1,0,0,0,45,0,0,4,26,0,6,0,0,0,0,0,0,24,0,0,9,14,23,0,3,0,0,1,0,2,0,0,1,0,0,0,20,0,0,1,0,0,10,2,3,0,0,0,0,2,0,0,0,1,0,20,0,0,0,0,0,0,0,152,0,48,0,21,0,0,0,0,0,1,1,30,0,0,20,138,0,0,0,1,0,2,49,1,0,0,10,0,0,6,0,0,0,0,2,0,32,0,0,1,0,0,0,0,0,0,0,0,0,0,0,5,0,0,0,0,0,12,0,11,0,0,0,0,1,0,4,41,1,7,0,17,3,29,2,0,0,0,0,6,0,0,0,0,6,0,0,0,0,0,0,0,16,0,0,0,0,0,0,0,2,0
"ENSG00000156269.5",0,0,6,0,0,0,0,0,0,0,0,0,0,1761,535,0,0,84,0,0,0,0,1,62,11,0,0,44,0,145,0,0,19,2,0,0,582,0,0,0,0,0,0,0,0,0,0,33,0,0,0,1178,0,128,0,0,1,0,2,1,0,299,0,14,0,0,0,0,0,0,811,0,0,0,0,1,0,1,8,78,134,183,0,0,2,0,0,44,0,0,0,18,0,2,0,0,0,255,21,0,0,0,0,0,0,0,2,0,833,1,0,0,0,0,0,2,0,0,0,122,0,14,0,0,1,0,2,6,0,0,4,0,242,0,0,0,0,0,7,2,0,2,101,0,0,1,1,0,0,3,0,0,0,221,2,0,0,0,256,22,0,0,0,0,0,201,62,0,0,140,0,1,0,2835,0,0,0,18,0,5,0,0,0,0,1,0,31,0,0,176,0,476,0,17,30,0,0,0,0,0,0,0,0,1897,0,46,0,0,164,0,0,0,5,4,0,0,0,0,19,196,0,9,0,0,0,0,0,1,0,0,0,81,0,0,0,148,0,0,0,16,0,1,0,0,0,0,71,0,0,0,0,0,0,1,0,0,0,0,0,1,235,208,0,250,0,0,0,2,455,0,25,0,334,0,0,0,184,0,0,150,472,169,2,0,0,0,0,0,0,0,2,0,0,87,0,330,227,0,0,0,0,0,369,0,0,0,0,0,0,7,1,0,0,0,0,0,596,1,0,0,0,0,0,1,1,0,0,0,35,0,489,0,0,0,0,0,0,0,0,0,0,0,1,0,201,152,11,0,204,0,0,1,0,208,0,0,0,0,0,0,0,0,0,0,1,0,0,0,0,0,0,193,3,4,883,0,422,0,0,10,1,68,6,0,0,0,0,13,8,0,0,0,0,0,0,0,548,33,0,0,0,0,0,0,14,3,2,0,6,0,0,1,0,0,0,0,193,7,0,0,0,0,0,0
"ENSG00000156395.13",7,0,0,0,1,0,0,0,0,45,0,0,10,0,1,0,0,0,0,3,0,0,0,0,0,0,0,0,0,0,0,0,0,0,1,0,0,0,0,0,0,5,0,0,0,0,1,0,2,0,0,1,0,8,0,0,14,2,0,0,0,0,0,0,0,0,0,0,0,0,1,0,0,0,0,1,0,0,37,0,21,0,0,4,0,0,0,0,0,0,0,13,1,0,0,0,0,0,133,0,0,0,0,0,0,4,0,0,3,0,0,1,0,0,22,0,1,4,0,43,0,0,0,0,19,0,0,0,1,0,0,1,1,1,0,0,0,0,0,0,0,1,13,0,0,0,4,0,59,1,0,0,0,0,0,1,0,0,0,0,0,2,0,0,0,1,71,0,0,0,1,0,0,0,1,0,0,12,0,0,0,1,0,0,0,0,1,0,0,0,1,0,0,0,5,0,0,0,0,0,0,0,0,0,1,0,1,0,2,0,0,1,0,0,177,7,1,0,1,1,0,0,1,0,0,0,0,0,0,46,2,0,0,0,0,0,0,0,0,0,1,0,0,0,0,25,319,0,0,0,0,0,0,0,1,0,0,0,0,0,0,0,0,23,0,0,8,2,5,1,0,0,0,0,0,0,5,0,0,0,0,158,0,0,0,8,0,0,11,1,0,0,0,0,0,0,2,0,0,28,0,3,0,6,2,0,0,0,0,117,0,0,0,1,0,0,0,0,0,11,0,1,0,0,0,0,0,0,0,0,1,0,0,0,0,1,0,0,17,0,0,0,0,0,0,0,0,2,0,1,0,28,0,43,0,0,10,3,0,5,0,1,0,2,0,0,0,0,0,0,1,0,0,55,1,0,0,1,0,0,0,2,0,0,0,0,5,0,0,0,180,0,2,12,6,0,0,99,3,0,0,0,4,0,0,1,0,1,0,0,0,0,0,0,0,0,0,0,0,0,0,0,14,10
"ENSG00000156509.14",12,1,11,11,34,47,30,7,10,40,9,171,339,208,290,6,22,158,159,24,29,0,22,7,32,35,45,187,10,103,145,14,68,27,2,11,35,21,108,114,10,11,102,17,7,28,6,59,0,12,31,73,10,134,37,67,2,127,211,103,8,226,28,81,7,92,17,55,329,110,223,28,11,2,26,3,134,82,103,54,153,76,50,56,145,21,35,51,28,6,137,41,60,43,28,2,5,120,56,56,42,6,90,36,46,40,159,2,417,63,56,4,6,36,94,25,190,30,358,200,14,84,7,106,95,3,3,58,46,62,19,2,340,7,76,3,33,3,103,8,2,98,68,6,42,199,106,38,39,33,0,8,175,70,10,79,7,111,112,52,136,31,21,40,20,119,56,147,222,381,24,124,117,167,26,45,39,69,49,45,2,33,90,127,31,41,61,6,33,266,29,176,81,152,20,264,6,73,1,94,21,207,76,208,1,69,2,155,42,188,7,41,144,29,141,7,16,20,23,70,1,54,12,12,6,1,95,276,2,25,119,48,78,73,49,106,11,23,44,25,5,74,39,8,79,391,194,21,35,44,5,34,5,81,4,51,11,11,19,281,112,79,449,185,4,56,94,2,222,2,56,3,132,1,19,151,49,0,27,47,171,114,54,3,41,50,2,10,21,22,15,34,16,48,22,94,274,73,16,16,204,4,367,2,49,8,6,30,73,250,21,93,75,86,34,22,222,36,5,17,61,53,5,201,39,170,5,24,14,2,165,16,11,81,251,4,138,364,13,12,0,23,16,51,112,34,6,33,68,1,3,139,26,71,30,3,85,72,140,53,89,12,29,103,142,49,36,150,6,30,64,205,23,39,123,11,73,0,9,131,10,67,51,2,10,39,53,23,84,51,119,102,1,98,32,78,104,159,31,1,34,163,12,18,249,7,64,60,30,6,13,53,19,7,34,23,23,250,110,4,3,7,238,1
"ENSG00000156535.15",186,7,97,1116,440,328,83,221,74,196,81,153,50,1298,2645,61,203,416,77,257,848,245,334,903,96,229,188,827,77,1854,51,218,909,328,318,206,1178,110,57,171,39,330,472,355,264,335,902,382,90,271,66,2097,178,60,79,4346,157,668,5348,453,263,1963,50,233,84,521,61,246,4521,1662,3072,2122,324,28,42,50,1509,382,353,2471,370,761,872,90,3681,130,446,439,525,88,818,687,892,368,35,43,51,770,80,1420,147,206,483,86,314,289,362,62,441,2687,1037,178,879,750,113,91,492,94,2029,7424,73,340,273,125,467,71,133,263,135,1373,600,219,2410,333,2691,298,86,18,130,77,82,415,1870,109,427,2783,285,92,93,171,71,52,272,555,309,49,44,5996,104,1145,1078,56,2397,210,20,974,501,2549,2356,5766,2457,410,1226,6068,244,118,879,85,1210,1233,18,642,114,241,167,113,2660,673,1090,148,23,2676,42,605,514,19,74,73,97,1214,62,5077,639,2715,68,430,502,3903,194,210,331,161,4098,2222,866,295,26,34,845,6737,21,80,50,46,272,44,180,968,624,301,134,211,1392,233,58,687,34,74,2654,572,366,3604,117,65,636,91,67,50,255,82,100,35,71,722,64,173,131,359,1332,1694,1862,1359,1760,132,82,638,2169,132,203,55,2098,43,373,93,695,277,563,44,28,1263,140,72,391,37,49,337,69,165,26,863,458,76,66,126,70,1265,8400,99,581,216,258,68,621,89,292,176,87,193,511,35,122,146,36,492,2327,382,276,200,632,701,332,101,60,476,1732,45,274,44,171,63,3779,66,581,145,1917,299,45,4019,68,27,82,124,3122,71,1491,959,85,37,208,85,94,1923,222,474,59,102,76,132,248,233,931,287,218,269,291,75,299,1161,65,501,443,410,491,34,1899,106,755,135,522,123,25,1119,33,378,37,2037,121,1101,1673,1165,83,83,54,404,15,138,360,112,744,71,454,56,235,28,2233,950,2510,3164,116,1465,1524,55,232,184,1639,290,264,2733,51,434,61,72,97,54
"ENSG00000156564.9",2,0,0,0,14,1,0,13,1,1,0,0,2,0,0,3,1,1,15,103,9,2,12,6,1,2,45,0,0,0,0,8,4,33,8,0,5,6,0,0,2,5,315,0,6,0,0,0,0,81,1,0,1,0,0,1,0,5,0,2,5,11,0,31,1,1,0,2,0,0,0,3,0,0,0,0,9,2,2,21,16,96,0,17,3,1,0,0,2,1,8,2,1,1,8,0,1,10,0,0,2,1,0,2,0,0,1,1,13,7,3,1,1,15,7,1,6,7,1,0,1,6,4,1,4,0,2,13,1,3,2,0,0,1,4,0,0,1,54,1,8,8,1,5,1,1,0,9,1,0,1,1,10,1,1,3,1,1,2,6,0,0,104,9,104,26,9,2,12,1,3,0,8,77,0,4,3,2,3,10,0,15,0,2,1,0,0,0,0,1,0,1,0,5,19,0,2,5,0,3,1,45,1,245,1,21,0,11,11,3,0,1,0,6,0,14,0,1,0,2,0,7,0,0,0,1,0,1,3,0,4,0,1,4,3,51,0,3,2,4,10,0,1,8,1,24,2,0,36,1,1,1,0,2,4,4,2,7,0,0,4,12,4,6,0,1,14,0,6,0,7,1,0,0,11,1,0,5,10,50,1,2,1,5,0,0,0,6,3,5,0,0,14,5,12,1,1,0,8,15,1,3,17,0,3,0,1,1,1,2,0,12,48,14,4,14,1,28,0,3,69,1,0,1,110,1,0,0,21,1,2,3,1,7,2,0,11,3,0,0,0,1,1,3,16,0,8,39,2,0,1,5,0,30,0,2,1,15,1,0,8,1,11,3,17,0,6,1,1,9,4,0,0,28,7,127,82,0,0,0,29,4,51,1,6,0,16,7,12,4,2,0,2,5,3,1,96,3,3,1,0,2,2,2,0,0,0,0,3,0,5,2,5,0,12,2,26,0,34,0,0,5,2,2
"ENSG00000156687.11",0,0,2,0,0,0,0,0,0,0,0,0,1,54,0,0,0,0,0,0,0,1,0,0,5,0,0,0,0,137,0,3,1,157,9,5858,53,1,0,0,5,6,0,0,2,2,0,0,1,0,0,5,0,4,0,1,2,0,2,0,0,1,1,2,1,0,0,0,0,0,18,0,0,0,0,3,0,0,1,11,14,1,244,1,3,0,0,4,125,0,0,301,0,0,0,0,0,92,0,0,1,8,0,0,0,0,0,0,66,0,0,1,850,0,1,17,0,0,0,34,0,0,0,0,2,0,0,0,2,1,3,0,4,0,1,0,0,0,2,1,0,5,20,0,1,0,0,0,1,1,8,0,0,6,0,1,3,0,1,1,0,0,25,0,0,2,0,0,1,15,8,1,0,225,0,0,0,10,1,539,0,3,0,0,0,0,3,0,1,0,0,7,0,0,0,0,1,0,5575,0,0,0,0,277,0,0,0,0,0,1,0,0,0,3,8,0,1,0,0,40,1,2,0,0,0,0,0,0,1,1,0,2,0,0,0,47,0,0,0,27,4,0,2,0,3,0,59,0,0,0,0,0,1,1,0,0,0,0,13,3,31,35,0,1,0,1,8,4,83,0,2,0,1,0,0,4,2,0,0,55,13,24,1,2,1,0,0,0,2,0,0,0,0,1,0,6,7,0,1,0,0,0,1008,6,3,0,0,0,1,11,0,0,0,2,0,6,187,0,2037,2,0,6,0,279,7,0,3,0,10,0,23,1,2,0,1,0,0,0,0,1,0,3,4,2,1,6,0,0,36,2,1,4,0,8,0,1,0,0,0,0,0,2,0,0,0,0,0,1,0,11,0,1,0,0,14,0,4,2,0,2,20,1,4,0,0,0,1,19,24,0,2,0,0,0,0,0,7,2,1,1,0,0,0,0,1,822,63,0,3,227,1,0,0,0,0,0,16,0,0,0,1,0,0,2
"ENSG00000156920.11",0,2,2,0,0,0,0,0,1,0,0,0,0,0,0,2,0,0,0,0,0,2,2,0,5,0,0,0,0,0,0,0,0,0,0,1,1,0,0,0,0,0,0,0,0,0,0,1,0,1,0,4,0,1,0,0,7,0,0,0,0,1,0,0,0,0,0,0,0,1,0,0,1,0,0,1,0,0,0,0,0,0,0,0,0,4,0,0,1,0,14,3,0,0,0,0,0,7,0,1,1,0,1,0,0,0,2,0,4,0,0,0,0,0,0,0,0,0,0,1,0,0,3,0,0,3,2,0,0,1,2,36,0,0,0,0,0,1,0,0,0,0,0,0,0,0,0,0,0,0,1,0,0,0,0,0,0,0,0,0,0,0,11,0,0,0,1,0,1,2,0,0,0,1,0,1,0,0,0,1,0,0,0,0,0,0,0,3,0,0,0,0,0,1,4,0,0,0,1,0,0,0,0,1,0,3,0,9,4,0,0,0,1,0,3,0,0,0,1,2,0,0,0,0,0,0,0,0,0,1,0,0,0,0,0,1,0,0,0,0,1,0,0,0,1,0,0,0,1,1,0,1,0,0,0,0,0,2,0,0,1,0,0,0,1,0,0,0,0,0,0,2,0,21,0,1,0,0,0,0,4,0,0,1,0,0,0,0,0,0,0,0,1,0,0,1,5,0,3,0,0,0,4,2,0,0,0,0,0,0,0,0,0,2,0,0,0,0,0,0,0,0,0,0,8,0,0,0,0,4,0,0,0,0,0,1,0,0,0,0,1,0,1,0,0,0,0,1,0,0,6,1,1,0,0,2,0,0,0,0,0,1,0,0,1,1,0,0,0,0,0,0,0,0,0,0,0,0,7,2,0,0,0,0,0,0,0,0,0,0,1,0,0,0,0,0,20,0,0,2,0,0,0,0,38,0,0,1,0,1,1,0,0,4,0,0,0,0,0,0,0,0,0,0
"ENSG00000156959.9",3,0,3,0,1,0,0,2,1,0,1,1,12,0,0,7,0,0,0,3,286,3,0,1,3,1,14,1,0,0,1,1,3,133,10,0,9,1,1,1,0,1,466,0,4,0,0,0,4,1,1,3,1,16,4,0,15,0,1,0,2,0,0,1,0,0,2,2,1,12,2,1,2,1,0,1,1119,48,217,8,7,33,387,206,1,8,0,1,151,0,551,4,0,12,10,2,0,1,26,407,1,1,8,0,2,142,3,0,84,0,8,1,0,1,1,215,1536,2,236,5,3,0,2,0,345,1,1,1,2,0,0,2,38,0,228,1,0,0,1,0,4,1385,1,3,0,19,3,652,432,0,1,0,1,2,0,0,3,4,0,2,0,174,0,1,226,2,2,15,0,2,2,0,0,3,163,0,0,0,1,0,0,1,1,110,0,3,0,0,1,0,1,0,0,2,2,0,1,5,1,1,0,25,3,29,4,3,4,0,2,1,102,240,2,31,3,1,1,0,264,0,1,0,13,0,4,1,1,0,0,1,4,4,2,3,0,0,1,1,0,0,1,0,1,1,120,114,0,227,0,2,0,0,4,0,2,2,0,0,1,6,3,0,0,53,1,1,631,2,2,5,1,0,0,0,17,1,124,2,2,0,7,33,0,2,9,4,0,0,247,48,4,1,0,0,964,13,9,2,1,0,1,1,13,0,13,0,1,0,33,17,1,521,9,242,191,4,1,184,0,0,0,1,1,360,1,770,2,0,8,1,12,0,4,705,1,3,1,2,0,0,1,0,1,94,1,3,1,0,1,0,1,809,1,2,0,5,752,749,314,0,1,0,0,195,0,1,0,1,0,0,0,0,24,1,101,2,1,2,0,1,4,0,0,0,7,1,23,593,1,1,3,4,1,8,390,1,25,1,6,2,2,0,5,2,0,6,0,0,0,1,1,0,2,0,0,1,400,171,1025,1,2,0,1,1
"ENSG00000156970.13",135,0,23,65,370,197,53,40,13,413,60,491,850,2767,494,15,47,312,323,114,109,9,81,93,134,121,98,545,28,244,395,465,319,56,44,212,203,35,210,282,1,381,547,16,19,19,20,188,10,30,66,975,89,372,89,116,14,285,354,296,10,364,47,192,12,325,66,24,1185,531,449,71,32,2,18,7,447,33,852,398,397,170,419,41,300,170,55,53,83,5,108,166,84,32,29,4,2,502,173,397,87,19,233,56,154,643,245,11,1680,285,169,41,53,298,208,43,1318,97,782,720,59,173,21,124,95,1,6,117,328,732,60,12,1201,37,401,8,114,9,438,30,10,398,394,35,117,1544,243,247,398,725,19,4,281,208,37,412,33,424,221,225,104,42,142,171,159,326,422,323,248,1322,30,101,287,3296,31,149,82,117,276,140,14,180,169,446,73,28,262,12,40,740,25,1901,349,1014,82,272,24,58,29,472,83,1009,617,751,5,97,29,802,47,487,46,128,410,120,287,540,15,18,160,464,4,76,66,30,22,4,134,752,14,165,313,237,151,191,4,316,24,67,268,75,59,102,14,82,456,604,197,16,156,114,20,66,21,314,16,207,48,31,49,1045,664,229,1129,670,14,76,230,6,585,10,279,11,444,5,47,283,96,5,17,211,397,182,72,2,95,234,3,59,52,155,67,71,39,24,54,832,2408,96,45,124,393,14,1305,11,99,15,12,99,128,691,111,435,168,176,223,340,1041,446,21,95,575,491,17,638,171,381,16,107,30,5,468,69,41,135,759,17,171,815,83,40,2,127,61,206,578,193,3,15,156,0,111,840,58,638,39,14,447,548,468,69,152,15,101,211,524,44,68,805,10,58,150,160,29,98,448,18,408,5,71,198,14,319,107,9,53,31,235,129,215,300,467,139,13,340,65,204,186,209,69,6,96,123,48,16,547,31,227,866,53,36,177,58,32,15,90,156,64,1403,140,64,5,9,486,8
"ENSG00000157005.4",0,3,0,0,0,0,0,0,0,0,0,0,2,0,0,1,0,2,0,0,0,1,0,0,0,0,0,2,0,0,0,0,0,0,2,0,0,0,0,0,0,0,0,0,0,0,0,0,1,0,0,0,0,0,0,64,0,0,0,0,0,0,2,0,0,0,0,0,0,1,0,0,2,0,0,0,0,7,56873,0,1,0,0,0,0,0,1,0,2,0,0,1,0,0,37,0,0,0,63,0,0,0,0,0,0,0,0,0,1670,0,0,0,0,0,0,1,6,0,0,0,0,0,0,0,0,0,0,0,0,0,0,0,1,0,0,0,1,0,1,0,0,0,4,0,0,0,0,0,0,0,1,0,0,18,0,0,0,0,0,0,0,0,0,0,0,10,0,1,1,0,1,0,0,0,0,0,3,1,0,0,0,0,0,0,0,0,0,0,0,0,0,0,0,0,0,0,0,0,0,0,0,1,0,0,0,0,0,0,0,0,0,0,0,1,0,0,0,0,0,0,0,0,0,0,0,0,0,0,0,0,2,4,0,1,0,0,1,0,0,0,0,0,1,0,0,0,0,0,0,0,0,0,0,0,0,0,0,0,0,1,10,0,0,350,0,0,0,0,0,0,0,0,0,0,0,86,6,0,0,0,1,0,1,0,10,3,0,0,0,0,0,0,0,0,0,28,214,0,0,1,0,1,55,0,46,0,0,1,2,0,0,0,1,0,0,0,0,0,0,0,0,0,0,0,0,0,0,3,0,0,0,0,0,0,0,0,1,0,3,8,0,0,0,0,0,0,0,0,5,0,1,0,0,0,0,0,0,0,0,0,2,2,0,0,0,0,0,0,0,0,0,0,0,5,0,0,1,0,0,0,1,0,0,0,1,0,0,0,0,0,0,0,0,0,0,0,0,252,0,0,2,0,1,0,0,0,0,0,0,0,0,0,0,1,0,0,0,0,0,0,0,0,0,0
"ENSG00000157330.10",0,0,1,0,0,1,0,1,0,1,0,0,1,0,0,2,1,2,0,0,0,1,0,0,1,0,0,42,0,1,11,0,0,2,1,0,0,0,1,0,1,3,0,0,0,0,0,2,0,0,1,82,0,0,0,2,0,0,1,0,0,284,1,1,0,1,0,0,10,1,2,0,7,0,0,0,4,3,0,2,3,98,0,1,15,2,0,0,3,0,0,135,1,0,0,0,0,0,0,1,0,1,2,0,0,1,7,0,12,0,0,1,0,4,0,0,0,1,2,0,0,0,0,1,0,0,0,1,1,6,0,0,26,0,0,0,0,0,0,0,0,1,0,0,0,3,1,0,2,0,0,0,0,0,0,1,0,68,0,1,1,5,1,0,2,3,1,15,0,1,14,0,2,3,0,0,1,1,0,0,0,14,0,0,0,2,1,0,0,0,1,0,0,0,166,0,1,0,0,3,1,0,0,2,0,22,1,0,6,0,0,1,1,1,8,0,0,0,0,0,0,0,0,18,0,0,1,5,0,0,1,0,0,1,0,0,0,0,0,1,0,0,0,0,183,1,1,0,1,0,0,0,0,28,0,0,0,0,0,15,0,2,93,0,0,0,1,0,1,0,1,0,2,0,0,0,0,0,0,0,0,1,0,1,0,9,0,0,0,2,0,0,0,0,1,11,4,0,2,0,0,0,5,0,0,0,0,0,0,0,0,0,1,2,0,0,0,0,0,0,0,2,0,7,0,1,0,0,0,0,1,0,2,0,1,0,0,0,0,0,1,0,0,1,593,0,0,0,24,0,0,3,0,0,0,0,0,0,0,5,0,1,0,76,0,0,0,1,0,0,0,0,4,0,101,0,0,2,0,0,0,23,1,2,2,1,0,0,0,2,0,0,1,0,1,1,3,1,0,0,0,0,1,0,1,0,0,10,0,3,0,0,0,1,0,0,1,61,20,0,0,0,0,1
"ENSG00000157456.8",460,0,93,121,567,486,669,88,25,1561,71,821,1908,4659,915,36,143,585,749,178,175,11,138,176,182,251,502,974,224,551,706,537,377,117,62,406,283,118,974,375,45,680,891,23,35,284,22,796,16,48,325,1233,136,842,224,331,25,836,1166,886,56,756,113,633,33,744,86,68,1887,1018,684,204,121,7,227,14,1423,137,2232,536,536,247,995,299,492,538,90,141,163,23,331,311,153,549,92,10,32,1112,401,615,298,35,1919,146,355,1498,1059,22,2304,798,312,52,83,579,163,144,1531,287,1721,934,125,410,28,487,322,5,9,311,746,583,132,21,1871,80,558,25,137,15,1274,81,7,2024,343,44,134,949,646,603,679,1328,46,7,591,443,105,603,117,569,472,432,308,286,684,427,799,860,791,1482,683,2499,110,281,431,3404,90,200,277,605,542,326,48,499,212,560,151,230,751,28,155,1134,60,4388,1239,1758,240,954,34,351,63,655,165,1559,774,2775,8,618,59,2150,513,617,85,829,1294,281,484,329,38,59,186,756,10,429,591,56,27,17,347,2317,97,264,1100,156,413,545,50,991,30,162,587,242,75,192,16,123,698,1148,157,130,99,186,48,178,78,1148,20,317,81,238,99,1955,927,433,1619,1485,22,320,368,22,1325,15,509,15,1173,14,104,1108,899,7,133,871,969,554,247,13,115,732,17,248,327,152,92,142,213,112,400,2074,2847,136,223,158,624,98,2558,36,669,94,30,228,309,1118,185,1553,473,301,282,414,2220,930,46,324,1077,823,59,918,436,741,35,167,277,13,614,459,125,283,344,37,434,1543,131,97,4,192,96,722,1242,616,25,536,516,12,100,1196,52,896,77,34,822,1458,717,123,331,78,258,374,1318,73,195,1328,103,331,231,307,151,490,1442,90,615,6,95,933,95,757,297,63,99,141,1017,224,494,268,1062,16,16,790,276,491,280,1048,87,20,167,343,148,24,1458,76,316,936,317,52,199,352,62,34,272,260,178,3678,530,111,16,26,1810,22
"ENSG00000157470.12",362,3,143,22,170,4,15,23,18,388,2,15,17,359,173,15,8,84,24,19,18,7,64,20,12,42,20,20,16,83,10,181,25,12,16,425,7,9,11,7,5,76,38,16,14,30,8,47,9,31,6,187,23,11,3,40,14,15,7,39,4,40,4,18,8,18,13,12,23,107,80,43,13,2,18,9,128,20,169,29,8,89,436,21,181,44,5,13,180,1,60,97,10,188,18,1,6,68,42,102,18,11,320,6,27,303,70,12,156,51,36,15,68,19,13,7,187,2,118,8,10,131,7,12,14,11,13,36,37,127,16,12,337,11,76,8,1,0,335,6,11,217,79,14,28,193,81,40,17,812,8,12,35,132,11,57,4,50,60,119,76,41,70,26,39,25,114,131,71,115,8,6,19,24,19,15,12,131,501,30,7,206,15,227,6,12,50,16,16,5,3,363,338,18,15,71,14,6,14,205,6,88,48,46,3,15,19,127,86,53,27,37,69,16,44,433,6,3,36,60,8,8,3,20,16,5,25,77,22,19,299,46,42,12,1,20,4,12,4,63,56,26,7,11,196,63,2,19,7,16,26,20,5,14,5,86,20,28,11,59,52,15,107,33,9,29,46,10,38,4,19,1,60,9,9,8,30,4,4,32,17,7,44,4,9,20,9,23,12,19,35,14,23,7,30,40,466,13,36,684,207,63,41,5,9,10,7,28,7,80,18,26,6,57,25,164,20,123,45,31,95,733,11,27,37,217,21,6,14,15,9,11,7,38,54,15,5,101,5,48,6,19,31,34,47,5,6,176,12,1,55,250,29,6,6,17,23,509,26,15,23,33,0,23,323,14,13,51,13,15,172,35,4,16,62,12,40,13,35,27,6,33,12,9,11,38,19,20,28,61,22,8,8,27,6,25,124,12,41,7,17,25,43,6,565,110,206,11,12,41,55,11,6,9,24,11,11,140,40,44,5,7,32,3
"ENSG00000157542.11",37,0,5,37,2,0,3,0,23,60,0,0,3,38,2,0,8,2,0,1,54,0,16,6,4,3,7,0,2,6,17,5,12,9,11,15,34,9,0,3,0,1,2,1,2,0,16,3,0,394,0,10,5,4,363,2,2990,1,0,0,0,2,1,2,0,0,0,12,0,2,14,43,24,0,0,0,5,3,30,14,5,13,104,11,0,0,4,9,70,6,80,2,1,7,452,1,3378,11,3,0,3,0,2,7,97,0,0,0,99,5,0,0,40,3,3,0,2,0,5,23,15,7,3,0,32,4,3,0,0,368,8,0,137,187,1,1,1,0,1,1,1,4,16,1,25,1,1,1,2,1,0,0,0,7,2,0,3,210,0,4,2,51,204,18,11,19,2,4,0,1,48,2,2,0,6,4,0,10,10,2,0,156,0,1,2,0,3,3,1,2,0,11,1,2,24,0,1,2,6,0,0,0,1,9,1,2,1,0,57,0,2,1,91,2,7,0,28,0,34,113,0,0,6,57,0,8,3,3,2,0,11,1,5,23,0,8,0,0,4,2,6,12,192,2,4,1,0,568,0,0,19,21,0,207,2,1,0,7,175,13,17,13,18,56,6,0,6,0,2,0,4,3,15,3,369,0,2,0,0,2,1,1,4,6,0,0,1,0,22,1,1,0,5,1,519,0,43,3,4,2,0,1,6,0,2,1,0,0,1,7,0,65,1,51,2,3340,15,9,144,9,4,48,0,0,29,0,0,2,0,2,1,1,16,2,1,0,2,56,0,71,0,51,10,0,0,4,0,4,15,1,2,1,0,13,0,1,0,1,7,8,0,3,2,22,275,0,0,0,0,1,3,2,9,13,46,82,0,13,609,1,0,1,3,152,6,5,1,0,16,0,0,76,1,1,0,1,11,1,7,2,9,0,2,1,240,0,3,1,0,49,9,0,2,39,0,0,1,7,0,1,0,0,8,2
"ENSG00000157680.15",27,0,169,22,34,12,1,31,3,22,7,37,13,82,11,8,8,22,3,20,12,2,39,16,12,21,7,42,7,22,25,42,19,30,10,84,21,8,27,73,11,47,82,28,8,4,2,25,4,11,11,92,1,7,19,11,10,11,21,6,12,16,10,12,3,52,16,35,14,21,74,27,9,0,7,2,25,8,50,67,137,15,124,6,18,39,6,16,139,10,16,20,4,5,12,1,9,81,85,22,11,13,15,18,11,14,31,9,90,8,49,10,57,23,20,9,67,14,5,14,9,16,9,5,13,3,2,7,15,38,13,5,164,15,22,3,16,1,14,9,4,49,50,10,30,23,42,14,10,41,2,2,13,12,16,19,14,42,11,29,16,2,14,10,21,34,23,14,11,18,6,8,20,34,8,6,12,20,23,19,5,62,29,18,21,7,80,33,11,6,10,1396,15,14,24,2,3,7,14,36,19,29,43,16,7,5,155,21,1,9,14,13,11,14,58,23,4,5,34,47,2,13,25,12,19,2,19,17,4,37,12,25,28,6,6,20,2,16,5,8,56,34,13,5,26,8,3,17,41,26,8,14,5,14,2,12,2,15,10,18,33,41,21,23,3,32,6,8,37,1,17,2,8,5,20,6,6,1,8,10,49,8,6,6,10,20,6,12,12,29,38,7,14,6,7,7,15,16,80,66,12,28,9,3,13,2,12,13,13,6,57,18,6,14,58,91,9,49,20,17,74,18,1,38,13,4,9,73,418,1,38,12,9,11,24,8,11,555,19,12,2,38,28,8,14,17,21,35,9,0,3,67,33,14,11,19,8,22,9,14,22,20,28,11,130,10,5,39,9,8,13,9,1,11,5,15,16,7,56,42,5,24,11,3,5,10,3,15,13,20,17,21,3,39,5,11,43,12,59,2,8,4,11,5,33,57,12,41,5,65,17,5,20,8,23,29,12,223,12,20,1,6,19,8
"ENSG00000157734.14",64,54,3233,109,172,421,103,99,121,296,54,230,371,227,189,47,274,2450,89,1412,123,174,195,44,107,384,1557,292,343,115,29,114,89,85,239,114,97,33,118,120,46,1605,1395,24,73,1852,351,60,56,259,65,107,65,148,108,308,66,682,413,475,60,1092,193,181,78,589,98,60,78,1575,84,125,29,109,259,42,2558,190,324,391,1593,1085,280,388,1380,517,106,56,66,75,611,93,413,211,34,37,198,831,299,524,65,90,2144,43,200,85,1718,53,939,779,96,109,65,674,1984,44,851,411,1045,92,16,145,759,38,133,50,31,182,472,911,97,103,1564,90,380,120,20,48,208,9,40,1655,111,75,439,256,255,295,123,183,62,95,1483,1506,67,60,813,1419,501,2530,312,611,335,181,224,153,365,338,1415,2897,392,183,47,722,370,203,405,68,91,106,39,6221,84,363,23,41,85,66,96,1713,354,77,3455,320,187,67,66,99,23,653,34,3722,522,3086,87,98,2360,6974,121,1616,145,300,485,68,993,150,366,29,421,140,99,229,2696,84,44,34,43,1233,42,40,107,124,183,106,38,313,101,29,377,280,499,415,52,80,1138,234,149,258,125,248,51,114,46,114,96,1092,72,243,46,260,268,146,1159,224,62,192,197,85,1367,42,113,41,111,129,311,498,77,51,34,137,112,179,287,50,343,40,52,159,1887,62,76,41,685,701,674,127,384,80,1082,192,253,1138,4576,154,1491,80,78,110,84,138,24,474,36,132,88,177,343,838,60,253,481,263,199,553,237,2288,48,122,72,122,26,335,62,2312,284,112,200,1460,17,75,44,102,104,203,2253,106,94,1401,325,39,85,536,85,53,66,158,212,365,769,72,531,122,71,118,185,83,163,37,86,361,203,264,387,59,182,185,145,92,171,150,1186,200,98,67,70,215,412,138,978,25,1845,9,9,262,207,366,642,82,73,60,59,1117,419,23,168,805,320,73,84,40,106,227,244,67,25,25,792,50,242,87,31,150,140,157
"ENSG00000157766.19",58,4,261,10,95,5,2,0,7,170,16,44,15,597,100,16,6,53,68,23,24,0,77,35,1,11,4,95,2,158,20,640,144,105,3,147,5,1,24,193,1,727,16,2,12,2,24,269,7,6,1,79,8,26,55,4,15,16,45,34,3,27,3,43,4,19,42,4,7,57,136,242,19,0,19,2,314,13,89,18,27,1,118,2,11,87,18,2,736,3,182,41,1,89,32,0,8,108,19,973,54,4,579,0,93,542,9,1,64,19,146,6,132,312,2,34,120,0,7,477,1,201,2,3,128,2,36,20,7,68,19,7,44,135,180,1,1021,0,54,5,13,11,213,0,216,455,51,112,149,101,5,5,14,354,52,1,9,121,11,203,538,23,75,39,86,149,598,122,1,69,1,96,32,148,21,19,107,342,59,4,0,71,30,131,15,7,36,75,5,1,2,68,9,54,39,0,3,101,3,216,7,2,207,1,0,14,20,165,40,3,29,66,28,16,1350,50,16,2,157,108,1,84,10,10,13,5,7,155,211,633,10,5,202,202,3,30,1,41,1,82,7,101,16,3,253,312,0,5,111,5,24,1,7,76,3,11,4,52,35,268,10,3,390,21,0,324,39,7,28,3,126,2,23,1,5,3,136,0,0,321,13,4,8,9,2,531,2,51,14,218,27,8,11,6,20,60,30,43,4,29,43,254,102,8,30,59,0,19,25,5,0,18,1,192,79,560,139,128,55,4,59,98,5,137,38,1,2,17,440,8,5,8,36,8,14,26,27,620,16,3,6,22,141,5,39,10,2,41,20,0,26,266,7,26,4,3,5,15,88,0,22,80,305,73,2585,15,30,311,27,38,9,33,16,67,4,11,4,7,10,12,9,30,2,2,4,1,27,22,12,4,151,1,1,92,2,151,73,2003,158,21,42,3,23,0,79,6,142,121,7,83,101,9,4,28,232,2,12,22,144,37,4,4,176,17
"ENSG00000157833.13",752,5,153,54,510,99,14,30,17,181,14,55,84,133,482,42,90,93,4,70,55,18,264,38,22,25,33,35,32,28,116,95,51,53,109,97,19,24,30,38,20,645,58,38,51,38,12,58,21,32,26,67,36,299,13,43,21,49,31,16,25,251,2,30,12,416,28,13,31,662,784,76,13,5,19,10,999,23,441,67,68,286,173,160,300,109,15,227,149,11,742,108,35,56,138,7,8,67,402,230,29,32,984,18,98,76,826,25,1372,542,216,85,116,44,173,5,410,52,213,163,5,37,31,15,49,5,19,6,56,216,36,20,44,31,712,17,22,19,515,20,17,527,77,24,102,694,36,74,212,601,8,26,24,15,40,11,6,462,31,27,94,189,66,103,78,52,126,1266,675,1032,10,5,21,89,100,45,64,230,313,24,6,442,48,372,8,16,69,88,19,5,15,267,650,53,19,298,24,9,46,221,11,46,419,123,18,17,47,142,50,13,137,238,99,10,122,497,12,7,51,44,10,510,64,28,28,19,16,36,20,44,81,28,256,42,21,302,18,19,22,23,131,47,14,119,409,81,23,33,26,11,15,11,27,23,15,31,36,190,43,43,56,38,778,397,30,75,528,20,49,14,40,12,377,18,208,323,64,13,37,372,9,118,28,21,7,173,11,78,296,218,110,36,53,345,175,88,572,35,49,108,221,118,364,44,79,51,16,33,68,32,41,168,6,276,75,77,43,387,146,32,178,429,21,406,54,259,41,16,35,12,43,104,43,464,129,30,16,590,44,7,28,24,44,302,481,51,16,161,57,33,15,510,31,289,12,20,204,248,303,1,27,89,35,183,171,20,152,339,27,12,17,12,28,57,274,10,273,10,32,9,14,62,7,23,39,9,119,33,23,558,341,18,24,96,22,36,34,204,138,11,21,47,147,4,49,370,182,25,22,130,84,18,20,20,36,41,9,855,100,82,16,8,222,21
"ENSG00000157851.17",4,0,21,0,6,0,0,0,1,235,0,0,4,0,1,0,0,0,0,0,0,0,2,0,0,0,2,0,0,0,1,0,0,0,0,0,1,0,0,1,0,2,1,0,0,0,3,0,0,0,0,0,0,3,0,1,1,0,0,0,1,0,0,0,0,2,1,0,20,0,1,0,0,0,1,1,14,0,4,1,1,0,0,1,0,1,0,0,0,0,6,1,0,0,0,0,0,1,3,0,1,0,0,0,1,1,1,0,1003,0,0,0,16,0,1,0,3,0,1,3,0,0,1,0,1,0,2,0,2,0,0,0,2,0,0,0,0,0,0,0,0,4,1,0,1,0,1,0,5,32,0,0,0,0,1,1,0,0,1,1,2,1,1,0,47,0,0,38,1,1,0,0,1,1,0,0,0,0,1,0,0,15,0,1,0,0,2,0,0,0,0,0,1,0,0,0,2,0,0,2,1,1,0,0,0,1,2,0,4,0,0,1,0,2,1,0,9,0,0,0,0,0,0,0,0,0,0,0,0,0,8,0,0,0,0,0,0,0,0,0,2,0,0,2,0,10,0,5,0,0,0,1,0,2,0,1,0,1,1,0,1,0,0,0,0,1,22,0,1,0,1,0,0,0,0,0,1,0,0,0,2,3,1,1,0,0,0,1,1,0,2,0,0,1,7,2,5,0,0,28,0,3,33,1,1,0,0,0,6,0,0,2,3,25,0,3,0,1,0,0,1,2,0,13,3,0,0,0,0,0,0,1,0,3,2,0,0,4,0,0,0,0,1,11,0,0,0,3,2,0,0,109,0,0,0,1,3,44,0,0,0,3,0,2,0,0,0,0,1,0,0,0,0,0,0,1,0,0,1,0,0,0,0,0,0,1,0,0,1,0,2,0,0,0,1,1,0,0,0,0,2,0,2,0,1,3,2,0,0,2,0,0,0,0,0,0,0,1249,2,0,0,0,58,1
"ENSG00000157856.12",4,0,3,7,5,2,7,1,1,2,0,1,2,42,23,6,0,4,0,0,3,2,6,3,4,1,21,1,8,1,3,9,19,1,18,3,20,6,4,0,7,31,1,4,2,22,28,8,3,0,2,3,2,3,2,23,2,9,4,1,2,10,1,5,0,1,0,13,5,2,3,21,3,1,1,0,6,10,15,27,9,7,17,9,3,1,6,5,5,5,1,11,3,23,0,0,10,0,9,0,3,2,9,0,20,0,6,1,5,0,3,2,11,0,2,4,6,1,21,145,10,7,0,22,9,0,5,4,3,2,5,1,17,16,16,1,2,2,18,0,0,3,3,1,2,18,17,2,5,10,1,0,4,42,6,12,6,7,4,5,3,4,214,2,9,2,27,12,3,22,5,16,10,1,31,1,30,4,10,8,1,1,2,2,0,8,2,3,3,1,3,11,9,12,13,1,1,15,1,13,0,2,5,8,2,35,22,1,2,2,13,3,3,7,1,0,9,7,8,34,0,1,1,8,0,1,3,13,25,21,6,12,11,10,1,21,1,1,133,11,1,7,3,4,10,3,3,10,5,2,2,1,0,1,1,11,1,5,12,2,25,6,2,4,2,1,8,0,2,1,23,0,21,2,22,3,7,0,0,19,2,87,19,7,0,1,1,6,9,20,1,9,1,15,15,5,11,0,1,2,2,6,9,0,8,4,12,8,13,7,2,1,5,6,4,1,8,5,18,13,1,25,0,5,10,1,3,2,25,2,18,1,5,1,3,1,1,21,2,12,1,24,2,1,0,2,3,17,5,0,1,21,0,8,1,1,2,7,5,15,6,6,11,8,1,0,30,8,1,19,6,5,3,9,1,4,5,1,4,0,9,2,4,6,8,14,2,7,10,1,5,2,0,7,2,1,24,9,1,2,0,2,2,3,14,7,27,8,5,10,2,6,0,6,1,1,11,11,1,1,1,1,5,5
"ENSG00000157965.12",0,0,0,0,0,0,0,0,0,1,0,7,0,6,0,0,0,3,1,0,0,0,1,0,9,0,0,77,0,13,0,2,7,10,0,0,0,0,59,23,0,1,0,0,0,0,0,43,0,0,0,3,0,0,0,92,0,0,4,0,0,19,0,12,16,0,2,0,0,0,28,0,0,0,0,0,0,0,2,7,3,116,0,0,24,0,0,2,0,0,0,4,0,0,0,0,0,1,0,0,0,0,0,1,0,0,0,0,2,0,0,0,0,1,0,0,0,0,1,0,0,80,0,0,4,0,1,62,1,0,1,0,39,0,0,0,0,0,0,0,0,2,0,0,0,256,2,0,0,0,0,0,0,29,1,0,1,1,1,10,7,0,0,0,0,0,0,0,0,6,0,31,2,6,0,0,0,58,0,0,0,0,0,4,19,7,0,0,0,37,0,0,0,6,11,0,0,0,0,0,0,0,0,219,0,160,0,0,20,1,0,0,12,54,0,2,0,0,45,18,0,1,0,0,0,0,21,4,0,0,0,4,0,0,8,10,0,44,15,4,0,0,0,0,1,1,3,0,0,1,0,1,0,2,0,0,0,1,25,5,49,19,0,1,0,0,0,0,0,0,67,0,30,0,0,0,13,0,0,4,66,0,0,2,0,0,0,0,0,1,0,0,0,0,0,1,7,0,5,0,0,0,0,0,0,1,0,1,0,0,0,0,4,0,0,0,87,0,0,2,0,0,0,0,0,0,0,0,4,0,0,0,1,0,0,0,0,0,0,0,0,1,0,0,35,27,0,0,0,0,0,0,1,2,0,0,0,0,0,0,0,1,0,0,1,0,0,0,2,0,0,19,0,0,136,0,15,0,0,0,6,18,1,0,0,2,0,0,4,1,0,0,0,0,1,0,32,0,4,0,0,0,0,0,0,0,1,52,10,0,0,15,0,0,34,0,0,0,0,0,0,0,0,0
"ENSG00000158008.10",27,7,254,11,18,0,2,1,5,107,3,21,8,29,20,9,5,14,0,4,14,1,5,12,3,1,0,4,1,1,7,4,6,16,6,3,22,6,1,4,0,38,1,51,11,0,2,5,1,0,2,10,1,2,44,1,4,0,3,0,27,8,23,4,0,2,2,48,0,1,24,33,1,1,2,0,8,3,3,40,15,1,2,7,6,4,3,17,11,2,13,22,1,17,1,1,3,3,8,9,10,1,27,11,7,1,23,1,14,0,7,2,20,9,5,1,9,0,9,10,14,3,3,65,10,1,1,1,1,14,2,0,38,8,7,0,4,0,12,0,0,17,11,1,20,62,19,2,4,48,5,4,45,44,10,137,0,26,14,16,2,0,5,12,8,0,4,7,1,7,6,1,390,1,9,5,8,10,26,40,0,3,3,5,2,5,13,5,1,0,13,799,1,7,8,6,1,16,0,7,2,2,19,12,0,2,7,7,18,0,7,7,5,2,17,26,10,1,6,2,2,1,1,2,3,0,1,57,8,2,4,1,9,47,7,8,1,78,16,2,20,19,30,4,7,4,4,5,17,7,2,2,0,6,3,11,2,7,17,2,7,0,7,75,2,16,6,2,4,1,8,0,1,2,19,1,2,2,63,6,3,2,3,3,17,6,2,8,2,9,14,3,13,16,17,3,8,32,1,43,7,1,25,2,4,4,0,4,2,16,31,12,1,3,28,8,2,24,10,12,15,18,0,0,16,13,7,34,1,1,4,3,16,0,41,3,144,11,2,2,0,12,1,6,3,1,4,6,2,1,0,17,7,30,6,4,1,5,0,0,1,8,25,3,4,8,0,9,10,4,1,9,1,9,15,6,1,1,5,12,2,3,2,2,3,5,17,6,1,1,3,55,0,1,1,9,25,18,39,3,2,1,26,14,78,331,2,2,1,4,23,1,2,2,3,2,2,479,11,8,1,2,14,3
"ENSG00000158014.15",4688,1,10,0,42,8,2,0,135,32,0,1029,36,1324,13,28,1,294,1,2,40,3,7,9,0,0,2,6,1,5,1,6,9,13,174,4,51,3,1,7,0,218,0,689,33,2,1,21,21,1,3,6,12,7,3672,2,109,6,2,1,366,7,23,11,1,0,2,5560,0,0,35,47,7,4,8,6,64,4,4,126,694,7,6,68,19,4,8,1086,4,0,17,1850,0,22,15,3,405,1,4,108,190,22,32,1500,29,5,9,6,64,0,29,36,1,3,1,3,6,2,12,592,283,3,6,1,21,1,51,1,7,50,5,3,263,49,103,68,9,10,14,2,28,12,191,80,9,1516,0,10,7,27,6,43,3632,1721,3,336,3,13,70,48,4,41,46,21,8,50,13,205,1,3,1,2,1751,2,138,0,8,2,91,85,3,4,3,3,49,19,36,2,5,8,1,10,1,13,42,5,6,1,0,60,2,4,4,5,4,2,39,13,69,6,30,5,2,1,16,3,3295,2,3,26,5,0,6,2,23,3,58,32,132,163,0,2,44,38,50,13,1,343,8,0,356,8,574,18,15,5,1,1825,146,14,60,26,3,9,6,41,4,4,65,16,7,2,25,3,34,6,285,7,3,7,9,20,5,10,13,0,2,18,196,5,5,0,5,9,2,39,2,77,1,16,547,43,16,3,1061,6,76,807,5,855,11,11,13,22,10,511,1,2,11,6,1133,0,1,7,5164,37,10,4,8,50,4,1244,4,3,14,78,202,11,0,3,144,15,66,5,4473,6,603,638,0,12,4,52,0,10,9,7,0,7,21,11,3,203,1,1,7,15,1,20,4,2833,7,12,989,6,6,14,0,7,28,3,40,2,2,454,36,1,25,81,2,30,3,3,2,2,39,6,7,107,4,0,5,161,5,25,1,17,104,0,228,23,5,1,5,813,329,17,5,12,1,10,48,4,4,2,0,0,3,20,2,66,14,1,2573,6
"ENSG00000158270.12",118,1,45,36,96,11,32,15,11,191,132,17,286,347,834,56,15,87,90,17,28,9,67,43,26,8,72,170,0,168,23,13,66,20,155,182,140,5,4,37,18,95,27,2109,68,2,5,122,57,68,7,1620,33,467,11,12,197,22,19,42,25,1196,14,14,19,26,20,24,22,168,26,141,10,9,25,10,15,43,565,97,114,63,27,38,34,4,7,1817,271,6,96,186,24,50,675,10,1521,96,537,155,40,19,142,6,82,148,99,19,372,2,45,36,86,150,79,40,101,21,69,2012,1568,54,19,25,206,15,65,9,42,184,20,60,70,27,26,8,11,16,135,49,11,79,51,21,201,97,33,26,144,44,14,4,24,64,70,146,36,163,162,125,52,55,895,47,8,228,652,95,77,86,33,24,163,86,66,47,18,120,88,113,14,47,96,173,8,31,95,55,9,49,29,2412,68,149,493,9,18,98,12,35,8,20,248,17,33,281,52,7,37,7,35,38,148,10,111,81,3,21,80,53,3,8,43,4,54,30,10,54,10,501,16,54,784,120,41,415,14,5,32,15,388,62,58,14,150,205,36,72,71,58,14,2,10,106,24,46,30,50,2811,39,55,33,523,79,78,30,14,28,125,20,112,27,127,19,50,29,310,9,649,117,10,88,10,30,22,53,20,52,79,35,60,111,69,59,1606,76,361,23,21,1325,152,28,506,302,66,72,10,21,5,25,101,68,21,9,147,285,77,466,594,75,60,28,45,15,175,13,73,14,1188,22,5,14,140,1679,28,36,46,14,280,6,9,73,49,13,305,39,24,75,452,68,13,41,32,792,12,25,49,1093,77,98,69,281,15,27,9,40,3,217,45,29,1069,50,31,169,382,2,65,12,94,39,503,129,6,41,52,160,90,60,40,6,41,60,22,10,4,77,2072,197,258,23,6,19,71,18,932,1073,251,310,14,580,119,6,246,86,26,18,190,27616,135,39,21,9,268,11
"ENSG00000158402.20",50,0,46,22,193,188,331,36,10,529,21,276,748,1226,415,16,32,364,175,23,142,9,45,51,118,104,252,533,71,190,290,176,240,42,20,98,126,68,388,159,21,102,415,19,13,196,14,242,4,8,115,276,51,835,115,181,12,635,891,318,12,338,42,643,8,147,35,25,654,499,142,89,40,0,40,1,506,146,664,322,311,246,219,157,208,88,104,62,43,22,257,93,84,134,24,2,7,422,221,251,97,14,265,71,483,180,263,6,732,222,114,11,17,255,122,50,241,148,671,627,57,270,6,353,145,1,8,329,207,121,62,7,694,27,314,3,83,1,660,31,5,471,198,31,57,1308,276,354,264,233,19,2,408,165,40,280,101,319,526,186,207,277,300,186,210,280,424,786,535,861,107,155,209,1688,123,124,172,243,126,188,8,135,121,274,115,74,542,9,99,1122,22,514,355,612,76,528,14,165,7,262,40,533,277,2188,1,631,7,598,671,225,53,322,868,283,274,118,32,37,77,315,0,263,221,30,9,5,126,1059,74,197,301,208,141,162,42,295,16,88,248,168,10,72,8,56,185,714,199,129,54,142,24,102,12,1003,6,206,29,72,34,1517,755,178,336,604,4,148,218,4,1072,4,224,2,378,2,86,363,381,6,85,225,378,605,229,6,43,384,3,125,215,118,27,73,105,35,210,293,400,82,127,18,255,44,914,5,676,36,15,112,123,408,64,557,278,236,255,71,992,116,12,94,146,146,7,473,311,264,8,52,90,4,262,252,42,116,691,18,218,1110,121,90,2,80,49,243,1004,390,11,168,234,1,12,401,25,424,24,7,234,343,275,100,203,25,84,216,476,27,311,647,26,494,445,153,92,113,1063,39,197,3,42,322,50,334,152,23,52,142,372,95,315,234,283,110,13,243,107,174,195,470,39,7,135,138,40,13,311,18,136,364,207,14,88,223,16,15,88,96,138,560,509,23,3,19,388,13
"ENSG00000158406.5",51,12,705,19,157,23,45,291,110,1004,386,535,145,1057,920,43,31,136,264,5,43,15,80,68,42,28,59,184,9,223,1,200,78,294,78,397,143,29,139,177,54,95,319,11,32,63,176,88,31,122,45,120,190,79,603,37,80,48,113,39,18,98,378,43,21,2,67,31,65,90,709,88,97,11,43,11,95,25,80,73,195,204,596,394,40,80,11,569,205,22,487,388,37,222,130,4,137,96,65,129,69,8,204,514,31,83,611,52,419,215,116,37,60,74,106,259,31,24,51,299,575,83,145,178,38,8,10,218,71,118,15,13,90,35,98,20,117,14,53,16,18,32,174,23,30,66,334,11,26,798,19,10,3,34,72,21,204,91,1722,111,285,250,79,41,17,33,127,219,61,203,354,29,838,231,904,30,56,1212,807,77,13,688,31,458,4,103,99,1048,452,36,105,68,153,259,279,149,13,91,242,147,30,837,16,57,16,573,25,142,26,173,54,1099,351,49,26,170,107,138,123,125,10,177,180,351,20,8,65,228,34,93,390,83,98,85,2,320,27,135,79,54,953,28,91,141,246,177,57,883,664,103,55,20,8,68,15,160,22,48,62,101,209,118,33,319,17,19,104,11,179,13,143,28,418,29,11,44,78,30,224,436,127,68,66,28,237,26,13,628,22,38,30,51,24,480,80,303,81,70,626,1151,298,32,76,40,537,7,27,50,167,136,68,44,708,194,226,2859,46,293,77,20,9,1101,8,60,100,388,40,201,28,5,362,49,49,606,209,29,664,118,207,384,6,184,187,57,63,127,16,49,46,9,48,876,73,197,19,24,231,1539,125,88,140,192,46,869,136,94,110,12,838,56,64,63,146,100,338,2,12,4,119,394,126,212,196,196,76,420,43,5,253,17,572,1,19,546,6,12,696,157,19,21,183,19,317,13,92,184,305,95,38,177,53,43,32,39,338,22,30,269,10,81,10,56,2349,49
"ENSG00000158458.21",58,3,48,26,38,48,3,241,77,104,4,6,9,229,289,14,4,27,4,8,29,1,8,54,41,53,91,15,5,51,2,270,93,12,212,560,181,9,6,12,7,9,12,131,8,0,123,8,6,89,12,217,30,50,13,5,38,5,3,3,10,38,12,15,5,36,1,30,1,81,31,103,1,3,2,10,83,7,8,25,77,4,117,160,4,2,33,6,211,49,96,138,1,55,95,0,18,42,14,40,7,1,6,2,160,9,15,32,18,7,25,17,220,3,6,3,6,3,153,137,5,7,3,193,58,5,3,264,9,85,10,3,126,50,563,4,16,4,268,297,12,16,82,5,14,396,2,9,3,39,4,11,9,40,11,369,2,9,539,17,8,93,126,8,1,10,71,85,18,194,4,2,39,25,31,22,80,78,24,4,4,22,4,37,18,154,9,15,6,7,6,28,250,258,46,214,13,66,204,281,1,81,20,0,6,6,16,0,37,26,12,14,229,22,10,16,105,7,19,168,2,61,2,99,1,4,6,2,32,180,81,456,6,52,11,21,4,7,4,122,55,80,79,20,11,250,50,18,72,25,9,4,8,150,6,17,14,2,2,35,27,13,39,18,5,159,27,20,82,2,31,19,71,4,366,3,16,1,69,42,93,23,4,2,23,0,4,15,3,72,11,70,17,361,29,363,21,9,152,16,3,5,8,20,10,3,3,165,102,3,35,70,15,641,48,261,5,70,490,115,9,11,6,12,116,53,19,10,26,4,8,12,6,1,16,9,1,161,20,236,6,12,11,2,99,10,15,8,10,2,15,648,8,6,2,8,4,60,7,5,79,32,49,19,12,7,146,7,10,69,3,40,1,15,246,5,324,9,11,346,4,11,62,147,40,57,19,185,10,11,14,255,18,6,4,1,147,1,24,4,5,57,12,23,8,291,24,31,10,180,62,6,8,25,1,2,28,152,9,17,12,7,2,3
"ENSG00000158516.12",0,0,21,0,0,0,0,1,0,39,1,0,2,97,1,0,1,2,0,0,0,0,2,0,0,0,0,1,3,1,0,15,0,0,0,0,2,0,0,0,0,20,0,3,2,0,2,1,0,0,1,3,0,2,0,7,0,3,3,0,0,0,12,0,0,0,0,2,1,1,0,1,0,0,2,0,11,1,7692,29,19,0,0,0,0,2,0,1,0,0,0,5,0,0,6,0,1,1,4,1644,35,0,555,0,0,1,3,1,228,0,0,0,0,2,0,0,1,1,1,5,0,0,0,2,2,0,1,0,0,2,0,0,4,0,0,0,2,0,2,0,1,2,5,1,1,0,0,0,3,1,0,0,1,1078,0,0,0,1,4,2,0,2,567,0,11,1,3,0,0,716,0,0,26,0,0,0,69,2,0,2,0,4,0,0,0,0,2,0,0,0,0,4,1,1,17,1,0,0,0,43,0,0,2,4,0,0,0,0,3,1,1,1,0,1,0,1,0,2,0,1,0,2,1,0,0,0,0,1,26,0,2,0,7,2,0,15,2,0,1,0,11,6,0,1,0,3,0,0,0,1,0,0,0,1,0,0,0,0,0,1,2,2,446,21,0,0,0,2,0,0,0,0,2,0,1,7,3,0,0,33,0,3,0,2,0,3,1,1,0,1,1,0,0,1,0,8,716,0,0,2,0,4,111942,6,1,0,0,13,0,2,0,1,0,0,0,43,2,1,0,0,1,1,1,2,0,0,0,0,0,0,0,0,0,0,0,2,3,39,2,0,0,0,0,1,0,1,0,1,1,0,0,0,0,1,0,0,0,85,1,0,3,0,0,0,6,0,0,0,0,1,0,0,0,53,1,0,0,0,0,1,2,4,0,0,0,1,1,0,0,0,0,0,0,0,1,0,2,50,1,0,8,0,1,0,0,0,153,1,1,0,0,0,0,1,0,0,0,1,13,0,0,0,110,0
"ENSG00000158525.16",59,0,9,1,2,0,0,2,6,7,6,20,109,8,3,3,0,2,0,1,2,0,6,4,19,0,0,3,0,8,9,13,6,55,0,6,80,1,1,1,1,42,2,20,0,0,4,5,0,0,6,24,12,45,0,2,1,5,2,0,4,8,1,5,6,0,17,19,0,0,14,5,2,0,0,3,2,1,10,107,74,18,0,2,4,0,3,3,4,5,6,89,0,3,9,0,2,1,5,14,10,1,6,2,0,0,8,0,19,0,0,9,30,0,1,6,2,2,0,16,2,45,0,0,1,0,2,23,4,20,0,1,8,1,0,2,0,1,2,0,1,10,0,1,2,0,14,1,3,1,0,3,4,4,1,13,0,0,12,8,10,0,402,0,2,5,5,7,0,2,2,2,0,3,0,2,1,29,2,23,0,1,0,4,3,3,3,1,2,6,0,30,8,14,15,3,1,4,8,9,0,1,0,34,1,9,1,0,16,0,2,8,2,0,2,1,2,2,52,5,1,1,0,0,0,1,2,0,2,2,14,16,12,15,10,524,0,4,2,0,1,3,2,1,1,3,0,0,3,1,1,1,1,17,2,0,0,5,32,11,31,43,8,3,1,1,7,1,8,0,1,1,19,0,0,1,2,1,4,105,1,25,1,1,0,0,0,1,3,1,10,0,1,2,13,3,1,2,16,1,1,14,95,10,5,0,0,0,1,1,11,0,0,0,0,21,4,23,10,20,2,23,0,0,10,0,2,6,9,1,9,5,28,0,2,0,0,0,3,33,2,6,6,7,0,8,1,2,14,0,4,11,3,57,1,1,0,111,10,1,2,0,5,1,16,1,2,1,6,3,0,10,0,31,2,4,8,0,2,2,14,20,73,0,4,3,15,2,0,0,1,0,2,2,0,0,12,15,1,2,0,1,13,1,2,1,17,2,3,1,5,2,0,2,13,0,7,4,15,1,1,16,7,0
"ENSG00000158560.14",55,6,158,19,41,89,0,21,16,56,3881,4856,1865,401,285,22,9,104,1166,22,12,23,111,32,5,26,3,19,49,112,15,34,268,37,157,170,815,6,30,44,3,51,86,3767,29,8,37,25,20,11,10,144,22,245,4708,2,2013,16,16,3,2317,515,7,12,7,11,20,2372,22,25,16,78,7,3,7,21,13,12,31,27,343,92,3,36,8,66,13,623,85,13,32,133,42,9,1221,6,3163,82,223,161,10,12,28,943,13,27,109,23,170,26,40,33,213,32,27,53,28,66,117,1028,1053,32,6,13,45,6,20,8,17,387,7,18,205,22,60,11,223,9,154,8,14,56,187,24,59,582,59,5,17,30,18,24,9,6,16,1311,4,86,687,25,9,13,141,17,2,62,125,179,4,26,335,6,96,563,20,72,25,212,133,1671,10,38,117,18,1765,9,43,43,17,93,6,30,133,29,23,207,9,3,5,152,13,100,42,686,33,171,19,20,15,6,15,11,22,88,58,28,1448,7,252,45,6,26,2,18,35,16,2380,520,45,1049,3,17,45,2684,831,1163,9,1653,17,23,76,26,2402,50,116,43,1,600,793,10,16,3,4,6,6,12,14,31,4043,189,54,27,455,227,24,24,48,22,23,10,46,11,227,10,36,13,293,10,3192,83,24,50,6,4,23,14,15,42,9,154,44,12,16,10,2282,433,509,2833,56,79,26,26,52,39,35,51,9,15,237,114,4883,16,4,190,529,164,802,81,111,7,19,26,8,26,25,4,35,3368,777,6,1373,14,33,72,719,30,13,53,2360,5,16,1968,28,23,271,24,12,16,217,22,21,51,22,87,60,24,14,19,25,14,19,41,1007,43,291,10,23,55,455,13,3,824,20,565,54,3,81,14,27,87,7,177,3,33,18,2,10,79,5,94,12,3338,9,15,3,15,193,195,235,10,6,31,31,25,14,278,122,102,11,64,43,2,19,35,29,12,97,1289,15,37,22,4,224,7
"ENSG00000158639.13",4,10,1,7,0,2,0,5,12,1,0,3,1,8455,7,4,1,36,10,2,3,9,4,23,33,7,11,88,0,213,2,8,427,55,2,1,20,1,0,0,16,2,7,2,23,8,1,971,12,1,6,356,13,359,1,6,7,4,1267,0,3,84,0,57,14,1,7,6,0,3,1909,16,4,9,14,13,1,2,3,9,2184,153,1,35,1675,2,2,2391,7,16,7,99,7,19,8,1,8,22,157,2,6,16,5,9,3,1,22,4,111,6,6,10,4,17,0,12,2,267,2,310,1,2676,1,31,36,9,111,129,2,2,66,7,20,1,2,10,0,11,10,2,2,1,61,18,2,3,112,0,0,2,13,20,4,182,8,1,6,4,2,861,2212,4,4,2,1,16,6,0,9,1695,7,146,3,7,13,2,0,6186,3,1,11,7,11,73,4413,80,1070,9,2,4410,6,5,1,618,8,3,14,26,10,4,222,10,2,43,21,3403,1,5,40,9,3,3,0,58,8,13,0,1,422,16,7,31,1,1,2,16,2,23,19,0,0,63,3,1,117,178,18,3,8,31,6,5,4,1,1,1,2,22,22,2,7,1,11,14,5,7,8,2,221,9,1336,1530,2,6,5,0,5,11,63,20,1040,6,3902,1,1,6,2,3,6,60,17,238,29,18,4,1,22,3,0,3,7,1,0,12,2,0,2765,3,0,0,6,0,0,14,5,3,2,1,2320,3047,7,2,4236,9,1,0,113,1,5,389,1,2,19,3,116,4,3,3,82,8,1171,5,359,12,4,10,7,3,4,0,17,3,17,2,247,54,8,4,3,4,12,231,8,3273,0,8,1,0,2,1,3,12,4,1,0,27,15,3,4,9,4,177,1,1895,450,0,25,17,4,46,364,452,2898,5,4,18,2,89,24,0,6,25,4,1,1,0,14,8,4,7,4,2,5,2,8,3,0,3,6723,3,8,22,4,6,15,0,232,2,4,5,37,1,2,6
"ENSG00000158815.11",2,0,17,3,16,4,0,0,13,2,3,14,4,4,7,2,2,6,5,5,3,2,3,4,67,32,2,6,0,20,3,2,0,4,5,0,5,12,27,36,23,3,4,5,9,11,18,1,1,1,0,1,0,0,4,4,20,4,0,1,3,22,60,15,7,47,6,44,4,3,99,4,0,0,26,5,132,14,5,83,41,20,74,1,94,6,3,0,1,21,27,15,11,85,1,3,35,0,15,3,5,7,9,1,1,3,74,3,14,1,9,3,3,0,3,22,10,0,64,0,0,0,2,12,3,2,1,35,10,47,26,2,8,7,0,1,2,0,46,0,2,13,6,1,2,21,8,7,37,0,0,5,3,71,1,0,1,3,7,42,8,4,3,26,3,1,1,63,1,4,76,6,19,1,0,17,29,23,13,0,0,1,28,28,2,1,4,4,14,6,4,16,17,7,0,24,2,82,0,10,4,7,7,3,1,3,4,11,16,2,8,7,1,0,12,4,3,11,5,13,0,1,4,4,3,2,3,2,3,5,6,23,1,3,3,1,0,1,1,14,1,3,7,12,12,23,15,3,11,4,3,3,1,2,1,22,0,14,0,4,39,1,6,23,1,9,23,1,33,1,5,0,12,0,35,33,8,1,15,11,49,13,10,5,77,4,1,1,4,1,23,6,0,0,2,6545,8,15,8,11,17,3,152,1,0,0,1,5,98,6,0,9,1,2,5,2,1,6,4,2,3,61,2,24,9,105,5,1,2,0,5,1,2,6,99,2,1,3,0,0,1,7,4,20,5,2,3,9,2,1,0,21,16,3,0,1,7,3,2,18,46,1,31,10,0,2,1,0,14,0,3,47,1,29,82,2,16,23,0,83,0,0,11,1,4,0,3,31,1,4,25,11,0,18,17,0,17,9,44,1,4,21,17,1,2,9,3,1,0,0,2,27,45,11,0,9,7,11,4,0,2,2,5,1
"ENSG00000158865.12",3,12,35,409,25,27,71,8,23,5,95,57,406,81,154,10,3,3,1,3,318,15,40,124,11,30,100,12,1,67,43,32,1281,18,688,1702,300,57,3,3,38,31,4,161,38,392,239,13,10,4,149,7,44,163,3,634,12,10,55,5,22,9,27,14,0,1,8,14,181,39,29,398,6,17,9,22,41,16,88,306,203,5,16,808,4,17,257,109,30,84,25,538,0,432,12,4,37,4,83,15,29,17,33,0,73,32,93,22,332,2,271,24,87,12,141,22,1,3,148,1373,92,402,0,897,340,23,5,3,133,18,50,47,183,177,1142,29,22,18,728,5,6,3,123,13,9,27,15,20,151,5,6,13,6,12,169,317,5,26,101,36,9,81,2358,13,3,24,266,46,25,522,90,27,1203,16,125,27,174,309,35,39,14,13,102,8,2,31,5,19,13,16,39,2,160,241,8,1454,27,1299,37,166,12,36,50,35,5,1194,2,9,232,3,42,53,83,5,101,7,2,45,144,993,18,26,31,12,30,4,25,138,38,603,5,31,30,557,2,492,1,6,684,25,127,182,16,35,7,49,253,16,426,29,0,1,22,4,29,44,20,1,117,8,132,115,12,56,6,8,380,4,21,4,1033,65,1151,8,229,172,120,3,12,107,8,436,24,23,75,20,1,95,201,109,29,75,0,360,42,436,11,7,3,10,16,5,14,18,163,62,20,45,290,67,22,33,76,93,457,10,154,4,64,350,2,20,20,19,558,118,8,43,174,12,295,17,107,4,369,12,32,1107,48,4,9,159,136,5,104,4,2,117,26,8,0,19,6,237,3,5,9,3,29,97,102,16,378,26,22,4,124,518,6,162,3,26,125,190,39,4,173,17,13,5,2,4,3,114,73,925,13,231,303,209,884,6,6,215,108,12,154,80,26,47,7,36,56,49,13,1,76,53,0,47,410,4,1,36,4,1,11,6,185,23,80,0,47,20
"ENSG00000158887.19",68,30,141,4385,35,26,427,262,95,67,68,92,25,119,4512,129,53,237,72,63,864,73,154,514,212,44,363,795,31,312,27,288,7872,245,4356,457,2445,2583,99,86,15,122,36,102,147,340,157,696,74,27,3812,304,268,135,98,12084,40,39,99,65,52,522,30,69,32,53,40,46,374,105,142,1484,2384,52,38,88,91,136,242,201,852,255,192,2268,76,57,349,145,409,69,266,2726,41,293,50,13,38,119,48,43,929,116,16,82,294,18,149,38,162,13,98,114,2065,187,25,1033,196,80,1834,8102,219,1868,12,10523,1549,45,30,209,60,2005,334,52,1224,679,8276,64,283,80,36,96,19,81,775,88,70,14594,251,17,201,16,23,89,269,71,1518,471,60,63,132,107,195,59,209,51,279,218,1033,104,89,57,70,353,6009,63,425,60,5840,190,71,418,42,48,581,168,29,305,63,292,552,70,176,91,183,1230,221,149,56,5322,297,427,2497,2017,66,118,56,4457,38,50,248,70,673,38,596,6761,99,45,192,205,397,4929,48,1845,11,324,43,74,189,6370,330,2307,2649,251,93,782,21,581,22,40,439,187,52,2437,48,136,277,117,37,10,245,342,18,50,79,72,23,10,44,86,381,167,235,530,1126,518,117,131,6038,77,253,48,3423,85,4299,25,2519,30,36,9,18,38,123,180,20,88,179,64,22,3726,20,3195,71,2561,21,183,27,174,114,88,65,52,258,23,50,153,354,297,71,2625,3571,83,263,165,4169,10378,1192,46,1537,78,604,456,56,108,54,129,1328,53,89,35,544,31,1017,37,928,18,300,42,284,303,34,259,33,3854,5676,106,116,108,328,45,112,52,12,307,895,111,41,89,151,99,133,38,527,73,2626,26,262,305,1575,273,47,5346,270,316,190,113,160,22,488,115,51,111,58,91,155,5168,522,5906,37,470,199,160,46,35,70,144,24,41,440,585,175,176,572,37,132,1365,513,234,3258,134,81,85,935,70,231,202,952,90,52,68,30,78,65,46,34,55
"ENSG00000159184.8",75,0,1,0,289,0,0,0,1,123,0,0,0,3,9,0,0,18,0,1,0,0,59,0,0,0,0,10,0,1,4,0,0,0,75,0,39,0,0,0,34,13,84,4,0,0,3,1,0,17,0,0,0,14,0,0,0,0,0,0,0,4,2,0,0,6,0,1,0,0,25,0,0,0,0,0,2447,43,7,88,1,0,7,3,11,29,0,0,1,0,0,6,0,1,1,0,0,0,3,1457,1,6,479,0,0,9,0,0,1265,753,0,0,0,0,4,110,2,0,2,0,1,0,0,0,0,0,0,0,106,930,0,2,13,0,28,0,0,0,0,4,0,357,0,2,2,1188,873,0,6,1,0,1,0,4,0,0,0,2,0,0,0,36,0,0,172,0,1,258,74,18,136,1,0,197,0,0,1,20,308,1,0,71,0,0,0,0,3,1,0,0,1,377,1791,2,0,4,0,17,0,250,2,2,0,81,0,4,0,1,0,0,0,2,61,3,178,0,0,0,1,7,0,0,3,0,0,0,4,4,1,0,0,1,0,0,0,0,0,0,0,0,21,0,0,2,160,136,0,15,0,0,0,0,0,0,0,0,0,53,0,358,4,0,66,3,0,1,2,0,0,0,1,0,1,0,0,5,54,0,0,263,1,9,0,0,0,1,0,9,48,2,1,1,0,0,5,201,114,0,0,582,0,44,1,1,19,0,0,0,0,0,0,2,4,236,2,0,0,2,21,0,0,0,0,21,0,1,0,1,0,0,24,8,0,21,2,0,0,0,1,0,0,0,6,332,60,2,0,119,2,0,13,29,0,1,0,1,49,104,0,0,0,0,36,122,0,0,3,0,0,0,1,0,6,1,16,0,6,0,0,3,0,32,0,0,0,1,0,7,0,0,0,0,3,0,13,0,6,19,1,0,0,0,19,0,0,2,0,21,0,0,0,0,0,0,0,0,63,0,28,0,0,0,0,0
"ENSG00000159200.18",631,7662,1412,2877,1248,1809,183,2578,5848,1055,1270,2168,2189,2209,1311,7250,544,2379,5567,3133,2625,6563,1745,2482,2732,9763,892,6243,604,1997,313,1370,2582,6034,1593,1810,2938,674,823,1212,3746,625,1331,4912,19042,1365,1739,1250,9968,5095,1030,1014,7015,1239,2193,4058,9405,937,4019,1379,1182,2265,1964,2730,4063,661,4179,4502,1032,1306,1778,2226,2994,7945,2449,3484,1277,668,462,1112,2324,2424,1090,1245,2129,991,1658,799,1026,965,1836,1644,981,411,1292,2649,5241,7143,1201,1227,2084,17240,1400,997,1061,802,3309,5994,1770,1405,1833,13212,1677,6971,562,2460,1753,450,710,1291,569,3957,2019,2820,1145,12225,6115,825,2945,3359,2858,13850,1383,2152,1501,33648,3090,14226,1738,856,2401,2304,1296,22416,1368,1716,678,2219,669,1412,4238,3803,2408,2979,2507,980,1598,2966,2703,3219,1851,635,2760,1826,279,2144,3334,574,3400,2330,1410,390,1966,2302,1828,2605,1338,1104,3584,2126,4712,3250,789,1174,5524,2293,3723,1119,1005,1101,1716,13411,1753,1815,2114,1232,9660,1388,2795,2142,1489,2027,2025,1967,6330,907,1796,1099,853,3617,3216,1731,917,489,3241,1002,2655,2713,1670,7556,11016,3406,628,957,5205,6591,4351,1705,462,1390,2202,4095,1199,1103,1969,793,5206,5086,1670,6390,1268,1798,6095,1318,2163,389,380,1168,1697,4944,1941,565,3883,1052,3297,2065,7272,845,884,1610,3506,8397,2061,2204,10232,1083,1072,6659,3632,6498,1234,2113,1380,19781,3270,1892,707,7636,6278,1977,2778,868,2656,6711,1859,1288,5947,1482,816,624,7584,895,1243,1253,5344,610,1436,7910,13642,1353,2316,436,256,4672,1247,1730,695,967,1955,817,5038,1229,2419,764,1166,1319,1441,1124,2275,1940,1236,1090,8196,1857,5067,891,6613,2703,376,10923,1550,1600,7137,2289,1671,20986,8050,2322,3005,801,17450,9278,933,1182,1056,2226,599,534,550,7538,7424,5356,4306,1775,1010,26670,756,289,992,775,6234,5912,1878,630,1001,5164,172,1172,4331,1246,1418,1793,354,663,1388,1500,4771,5740,3524,6243,4634,4647,3691,1774,6615,1216,1639,1912,1893,523,3168,1597,1704,1407,1089,657,2536,870,6218,8733,3008,985,2049,969,1325,1383,2559,840,1715,1095,3839,2840,3872,10565,2015,287,1372,20570,1555,8050,9020,2323,591,10047
"ENSG00000159217.10",298,1,1,157,368,1117,544,0,0,9,5442,14,601,2489,269,4,2059,1,1,519,51,0,169,78,8,428,3,403,1383,2,1425,875,3993,31,742,1,11,179,1,1,0,459,903,2090,1,303,244,14,16,1,1,4,13,6058,2,352,14,3406,55,388,0,3,0,2,1,2420,2,0,834,478,3675,199,40,3,367,3,1416,311,7481,1435,1309,449,80,800,714,1890,6,1156,763,4,201,315,3074,860,713,0,236,1977,6920,84,1,10,482,722,36,10021,1188,2,9534,4081,888,5,229,6,2996,1,391,1837,27,8331,617,30,2,1,439,0,0,6,1312,755,2,1,1977,27,248,3,1,2,1104,1,0,2254,510,28,308,61,12,43,3814,0,0,38,6,6,6,5,98,2698,1130,80,2,227,446,182,1924,5,3194,1488,586,3588,54,2,117,374,387,0,1069,5646,427,2503,0,677,215,21,134,1,1,13,450,4,0,5563,1381,581,131,1836,3,50,0,478,2,12,1703,1532,0,40,0,489,200,1,976,1416,485,5,1430,4,2,0,105,49,0,0,2083,423,18,0,74,101,226,269,371,22,159,522,2,571,0,11,0,2,2091,23,430,416,2000,1458,164,193,299,1,2,2,3,131,2,663,6,835,2547,6,95,38,2243,10148,1,656,296,7,714,5,420,19,7525,0,8,2508,3484,2,405,522,688,3589,163,6,3,1753,2,129,2941,112,27,1,923,6,333,5339,70,399,1,8,2,1924,9526,29,831,14,0,28,1366,7557,1,952,3,832,40,5,2206,1505,148,371,1410,383,5,1963,191,250,4,156,70,1,6,52,4,350,0,1,523,98,5106,14,8,9,200,32,2076,0,1,2770,3056,2,1,540,0,3778,1,0,1190,347,3215,1265,314,4,2124,4441,27,420,2,8902,15,176,169,5,221,1810,2,3,2048,2,2,98,496,378,2,101,0,8,900,2154,20,194,2796,0,5,2126,1236,243,23,2132,3,0,20,9,451,47,11,0,1428,7688,1,481,25,0,0,0,18,79,335,1792,2343,69,0,0,672,3
"ENSG00000159224.4",0,0,0,0,0,0,1,0,0,0,2,1,0,3,0,0,0,0,0,0,0,0,0,0,0,0,0,1,0,0,0,1,5,0,0,0,6,0,0,1,0,1,0,63,0,0,0,2,0,0,0,1,0,17,0,0,0,0,0,0,0,0,0,0,0,0,0,2,0,0,3,1,0,0,0,0,0,0,16,1,3,0,0,0,0,0,0,28,0,0,0,21,1,73,11,0,3,1,14,0,0,0,6,0,1,4,0,0,36,0,0,0,0,1,0,0,0,5,0,478,7,0,0,9,1,0,0,0,0,15,0,0,8,0,1,0,0,0,0,0,0,0,3,0,0,0,0,0,3,0,0,0,0,0,0,1,0,0,9,2,0,0,0,0,0,0,0,4,0,5,0,0,6,0,3,0,3,96,1,202,0,0,0,0,1,0,0,0,0,0,0,21,1,0,0,0,1,9,0,0,0,0,0,0,0,9,1,0,1,0,0,0,0,0,1,1,0,0,0,0,0,0,0,0,0,0,2,0,0,19,0,0,1,30,0,252,0,7,0,0,0,0,8,0,0,4,2,0,1,0,0,1,0,0,0,0,0,0,11,0,0,0,2,1,0,0,7,1,0,0,0,0,2,0,0,0,0,0,1,4,0,36,0,1,0,0,0,0,0,0,0,0,0,0,0,15,2,0,0,0,0,0,1,0,1,0,0,0,0,7,1,0,0,0,0,0,41,0,0,0,0,0,0,0,2,1,0,0,14,0,2,0,1,0,1,0,4,1,2,2,0,25,0,1,1,0,0,2,4,0,0,0,1,2,0,0,0,2,0,0,0,0,59,0,0,0,4,0,1,0,0,4,2,7,2,0,0,0,0,0,0,0,0,0,0,0,0,0,0,0,0,0,0,0,0,0,2,29,0,0,1,0,0,0,3,0,5,0,0,0,0,0,0,0,2,0,0,2,0,0,0,0,8,0
"ENSG00000159231.6",11,1,204,11,10,6,17,2,4,14,4,8,5,76,331,7,9,25,4,3,18,2,14,9,1,5,27,20,5,12,1,10,29,2,0,30,32,4,70,7,13,9,6,14,6,101,14,16,3,4,17,17,4,6,2,19,2,0,3,9,20,14,2,13,3,5,7,16,4,78,9,16,11,1,11,4,34,10,3,20,20,7,18,17,12,3,13,6,11,16,44,15,2,30,21,0,3,4,4,9,25,4,149,9,7,7,11,3,10,3,10,7,2,21,0,6,11,1,11,4,11,27,3,5,19,0,3,9,7,20,16,11,87,23,23,6,5,4,10,3,2,16,10,3,8,148,32,10,5,5,6,1,2,49,2,25,1,18,7,31,41,9,4,9,7,12,13,32,34,22,18,1,12,4,30,14,11,4,33,17,3,6,7,7,2,8,130,6,5,7,7,49,52,123,1,5,9,6,1,94,2,72,24,12,2,2,2,33,31,55,12,11,11,1,6,19,71,4,11,26,4,172,8,2,10,3,11,103,42,10,26,18,55,7,8,27,5,26,54,18,4,13,1,3,17,6,1,10,27,15,0,3,3,3,3,63,1,9,11,14,45,10,90,3,4,14,47,6,6,13,26,1,18,0,30,4,13,2,2,29,5,13,41,9,3,10,6,10,8,24,5,9,31,4,129,9,27,7,23,21,19,16,18,9,3,14,4,5,12,1,13,7,2,56,42,10,16,16,17,41,10,9,4,4,36,25,4,7,18,2,46,12,36,26,127,2,8,55,2,11,4,3,5,14,50,20,2,11,14,0,5,20,8,6,0,2,1,11,11,5,11,6,72,16,6,4,18,10,13,32,85,6,14,5,90,7,27,0,11,3,0,6,6,13,6,35,29,5,85,67,9,11,4,8,8,6,28,6,19,3,25,10,8,0,54,219,37,4,18,15,15,130,5,3,0,2,14,270,9,6,2,1,64,2
"ENSG00000159259.8",608,8,60,123,732,139,126,25,23,1174,30,244,417,1056,820,61,50,321,259,173,89,28,190,102,124,89,162,434,173,382,696,371,326,130,70,320,253,56,298,150,41,432,149,47,58,535,56,160,21,79,76,398,181,366,45,591,27,338,361,844,57,552,52,299,14,154,87,67,386,1073,1446,130,104,13,72,17,517,114,531,296,253,143,1017,213,380,129,51,93,74,32,281,91,100,287,75,16,38,297,198,1029,84,46,1655,69,96,237,308,21,1193,208,89,58,60,282,145,86,1916,93,931,743,38,144,35,241,214,31,24,238,180,1136,53,22,1253,97,1485,21,84,22,1040,35,31,1816,197,64,206,2579,230,552,274,552,29,40,174,200,38,397,33,355,218,211,229,105,582,146,592,486,470,1819,813,1369,159,79,267,2004,63,89,134,238,323,145,14,212,70,551,109,100,217,27,21,412,98,1320,1283,517,91,474,48,189,21,1313,60,1563,325,2289,20,154,29,785,452,520,118,239,658,75,159,911,37,28,152,476,11,284,259,24,61,34,185,1439,92,92,589,165,124,134,57,255,27,125,301,145,68,139,31,46,641,256,114,43,30,133,28,116,36,373,35,424,126,117,141,770,470,264,1749,437,19,126,816,35,850,25,412,16,835,22,185,286,328,36,43,982,464,409,206,39,46,432,24,88,206,209,144,69,825,54,144,251,2219,78,73,733,1040,43,1102,59,272,75,30,46,222,270,142,697,183,707,223,235,1433,339,58,128,456,637,37,855,300,383,55,151,84,28,313,129,113,182,753,46,289,2195,77,88,17,99,78,423,1072,297,17,164,306,19,52,766,56,759,52,54,448,375,380,109,12,53,125,205,1089,47,80,579,63,367,326,165,98,107,939,52,1089,36,39,196,49,312,123,40,116,126,368,138,267,861,258,93,50,159,105,77,150,444,152,32,100,184,75,32,340,144,433,448,193,56,142,329,27,28,218,73,200,941,611,79,34,31,454,43
"ENSG00000159263.16",526,1,3,0,397,4,0,0,0,303,2,0,2,4,1,0,6,0,0,10,1,1,8,0,1,0,0,1,0,0,0,17,1,1,7,6,4,1,0,1,5,185,0,0,1,0,0,0,2,0,0,2,0,4,0,0,1,0,0,0,1,4,0,2,0,4,0,1,0,1,1,0,0,0,0,1,260,4,0,7,1,2,264,0,0,392,0,0,13,0,72,0,0,0,0,0,1,0,1,0,0,2,99,0,1,73,1,0,114,8,3,0,1,0,7,5,6,0,0,0,0,2,0,1,1,3,0,0,19,3,3,0,1,1,1,0,2,0,2,0,0,71,4,0,16,1,1,133,3,299,1,2,0,1,0,1,0,2,0,0,0,16,1,122,131,0,7,25,2,1,1,0,0,2,2,0,0,3,646,0,0,589,0,1,0,0,1,1,0,0,0,37,294,0,0,0,0,0,0,63,0,1,1,6,0,0,0,0,0,1,7,261,0,0,1,315,1,0,1,1,0,0,0,0,0,0,0,1,0,1,0,3,2,8,0,0,0,0,0,0,292,0,1,331,26,63,1,4,1,0,0,3,0,0,1,0,0,17,1,19,1,0,252,3,0,0,1,0,0,2,0,0,0,0,1,0,2,0,0,17,1,2,1,0,0,1,1,26,3,0,1,0,31,2,11,1,6,0,1,651,0,130,8,0,0,0,1,1,0,0,2,134,0,113,3,708,0,6,4,0,10,192,1,1,0,5,0,1,1,0,0,1,1,174,1,1,0,2,1,2,0,0,9,78,3,0,0,44,1,1,17,1,0,0,0,0,99,128,0,0,1,0,1,65,3,1,0,0,1,0,0,0,9,0,1,2,0,1,0,0,1,2,4,0,0,0,14,0,0,0,0,0,0,49,46,0,1,48,1,0,2,0,36,0,1,1,0,0,0,1,0,0,0,4,0,0,0,24,71,46,0,0,2,0
"ENSG00000159339.13",4,2,1,4,5,1,1,3,1,7,5,2,6,18,4,6,0,1,1,2,10,18,3,2,1,4,2,14,3,13,0,1,2,11,4,3,13,3,4,0,0,1,0,0,22,0,1,12,8,4,5,22,7,2,3,1,41,0,5,1,2,3,5,11,2,0,1,1,7,1,2,3,9,61,5,6,5,1,2,29,0,4,0,0,2,0,0,2,1,2,1,5,0,15,12,0,5,4,3,2,9,32,4,2,0,3,0,16,14,4,0,11,0,2,0,1,1,1,1,0,2,0,7,3,4,46,31,0,2,2,1,10,2,14,1,12,3,3,1,0,6,5,4,3,0,3,12,0,0,3,26,6,4,5,4,0,0,3,46,4,14,4,1,0,0,14,4,0,3,3,0,0,3,14,1,2,2,0,3,3,17,0,12,4,0,2,3,4,0,0,0,4,4,1,54,1,4,3,0,0,2,3,0,10,62,9,76,2,7,10,1,3,1,1,26,0,5,2,5,3,5,3,2,1,1,15,2,1,0,0,2,2,6,1,4,7,10,1,1,2,0,5,9,1,83,1,0,8,0,1,2,0,4,9,3,2,1,1,10,14,2,6,2,0,20,0,1,6,1,10,3,8,1,27,1,0,8,18,10,2,2,1,1,14,5,0,13,15,4,2,9,10,3,4,0,0,15,2,5,1,0,4,2,8,1,1,5,0,1,3,1,1,0,1,0,2,1,47,1,0,0,3,3,0,0,0,11,3,3,20,0,6,10,1,2,37,0,4,4,0,20,2,3,1,0,0,1,5,3,13,15,10,1,1,1,13,3,0,1,0,9,4,3,0,3,2,0,2,6,4,4,2,0,0,1,2,15,39,1,5,12,1,1,1,1,11,8,1,1,1,1,0,6,5,3,3,0,2,27,13,1,2,4,4,6,4,1,1,2,16,5,4,1,1,2,0,2,1,0,26,3,2,1,33
"ENSG00000159387.8",63,0,2195,0,7,1,0,6,0,42,2,7,2,5,3,0,0,0,2,1,0,0,0,1,72,7,0,0,0,0,1,10,1,4,0,1,1,0,0,0,4,17,1,0,0,0,1,0,0,1,0,2,0,2,11,1,41,1,3,0,22,0,1,0,0,9,0,8,0,0,0,0,1,0,6,1,2,3,6,2,10,0,2,1,0,0,1,1,868,0,0,2,0,0,4,0,3,1,7,0,0,1,0,2,2,1,6,0,216,1,0,0,1,4,0,0,2,1,0,1,0,0,0,1,6,0,0,0,2,0,4,0,0,1,40,0,0,0,7,0,0,11,0,0,2,5,0,0,1,112,0,0,0,3,0,4,0,4,2,6,0,0,1,0,0,2,0,39,0,0,0,0,2,5,0,0,0,0,1,1,0,0,1,0,8,0,2,9,0,1,2,4,0,0,1,0,0,8,2,0,1,1,0,8,0,3,3,1,0,1,0,0,2,1,0,7,0,0,0,0,1,1,2,0,0,1,3,0,0,1,0,5,6,3,2,1,0,20,0,1,1,1,9,1,43,0,0,1,11,0,2,0,1,0,0,16,0,0,0,5,0,2,5,1,0,0,11,4,4,0,3,0,1,0,0,0,0,0,29,0,0,1,0,0,30,0,0,5,0,11,0,0,4,3,26,1,0,11,6,1011,0,1,1,0,0,0,0,1,0,1,30,3,5,16,5,130,2,2,0,2,1,235,0,7,1,0,0,11,2,0,6,0,0,1,0,0,1,3,14,4,1,9,2,5,0,1,1,0,347,1,0,0,0,0,17,1,12,12,2,0,5,0,0,2,0,0,0,0,0,1,4,4,0,1,2,0,0,0,0,7,1,0,0,0,0,0,1,2,0,1,1,4,0,1,1,0,0,11,6,0,0,0,0,1,0,111,0,0,6,16,2,0,3,26,0,3,1,549,5,0,0,0,1,0
"ENSG00000159409.15",12,0,5,6,5,4,1,2,1,8,3,5,3,9,27,0,2,2,6,3,4,2,1,10,2,4,1,4,3,3,4,16,1,3,2,6,2,1,4,5,0,2,3,2,1,0,3,1,0,5,4,1,2,5,1,3,1,2,0,0,3,2,4,1,2,5,4,3,6,5,12,5,0,0,3,0,31,6,180,3,10,7,6,9,3,8,3,5,9,2,11,8,0,1,6,0,7,3,12,3,3,0,3,0,4,3,7,0,130,1,4,8,1,3,3,3,28,3,3,2,2,3,0,8,5,2,1,2,7,12,2,1,12,4,3,2,4,1,9,1,0,5,2,0,5,8,7,20,19,3,0,1,3,3,2,1,1,15,9,1,3,3,1,6,4,2,7,10,4,8,3,1,2,6,1,2,4,1,3,1,0,35,1,1,3,5,3,1,2,1,4,1,16,4,2,4,3,12,1,6,1,2,8,9,4,6,3,1,1,2,5,6,5,1,9,6,2,2,3,1,0,1,1,1,2,0,14,4,3,3,5,1,10,2,0,3,0,1,0,2,4,3,1,3,10,2,1,1,1,5,1,2,0,10,1,3,0,1,12,12,32,0,12,193,1,3,4,1,7,0,7,0,10,2,4,5,10,0,3,5,12,5,2,2,3,2,1,3,2,8,5,1,3,4,7,4,18,0,6,13,5,4,35,1,3,3,0,4,21,2,7,12,2,8,7,4,4,4,5,4,2,16,0,16,0,10,0,2,8,2,4,3,1,4,5,0,2,12,7,19,0,5,8,6,3,1,0,2,2,0,1,11,2,10,3,1,4,12,10,4,3,1,3,21,12,0,3,8,2,2,3,7,0,5,42,0,8,0,0,5,3,2,9,2,0,3,7,1,2,11,11,6,0,8,5,1,5,584,5,0,1,4,8,2,4,1,2,2,0,3,2,1,2,2,3,3,1,3,6,0,2,1,8,2
"ENSG00000159556.10",4,0,12,2,15,3,36,0,0,2,0,0,1,110,4,2,0,1,1,4,4,0,6,5,1,0,26,0,0,41,0,3,38,4,6,8,1,0,10,3,3,3,22,0,2,0,1,42,0,2,0,66,2,7,1,1,0,0,2,0,0,45,0,0,0,6,1,0,4,1,209,8,2,0,4,1,105,5,46,10,1,0,353,1,62,0,1,0,9,0,5,51,4,48,1,0,3,4,31,33,3,3,185,1,4,3,1,0,56,9,6,3,4,3,0,75,0,0,61,2,0,58,0,38,9,2,0,28,0,227,0,0,78,1,7,1,1,0,1,1,0,6,30,2,4,6,16,4,4,1,1,4,0,2,0,44,0,6,7,4,1,0,6,3,1,9,13,0,1,5,9,5,3,59,2,7,6,4,13,3,0,4,2,2,0,0,7,4,0,0,1,147,7,2,0,2,0,0,3,6,0,0,1,4,1,1,0,1,21,1,3,8,73,139,3,3,0,1,12,33,0,2,0,9,2,0,0,3,12,2,0,2,14,30,2,7,0,0,2,2,0,3,0,0,18,43,3,1,2,0,6,28,0,2,0,1,0,7,3,6,5,1,102,13,0,1,2,1,65,0,9,0,207,0,10,1,64,0,0,29,1,10,0,0,1,3,0,1,3,5,1,2,2,5,5,89,36,0,0,2,1,4,86,4,2,5,4,1,1,2,4,3,0,3,0,15,3,12,6,3,4,2,0,1,5,0,1,0,26,3,2,6,3,4,1,0,0,3,2,3,0,1,65,3,28,0,3,19,19,0,0,141,1,112,0,0,3,25,25,4,37,1,2,5,5,0,52,2,0,10,0,0,0,4,251,1,86,0,1,2,1,2,14,56,0,0,6,3,14,2,1,0,0,4,0,1,3,0,6,1,1,12,3,0,35,25,25,143,0,5,24,9,1,1,3,0,20,190,1,1,5,1,1,0
"ENSG00000159650.9",39,5613,7,2898,212,2427,1186,16142,2034,92,137,128,339,9,14,9408,2351,6,10299,1352,5018,8194,4742,464,11643,15680,1000,226,1469,1,3376,8,734,13756,122,3,1460,940,1394,2496,7083,120,4989,8,4795,772,21,369,6457,9289,2316,1,15808,991,18,1508,824,3582,968,742,44,3285,85,8340,6478,2613,8756,118,124,12,674,2606,162,11639,14132,6689,7,542,277,2119,37,98,9,33,1749,3267,493,7,42,329,636,39,2885,2,18,3895,157,68,1290,314,8393,4427,7,129,1021,361,6536,7593,78,5751,1118,3602,1402,3,3443,292,1705,4581,1100,294,7,1654,378,158,1698,6733,1798,78,7459,143,7753,4470,89,861,391,11967,3,5871,2519,4705,6770,1167,93,15374,1123,29,7,3049,1866,15,8699,4600,15,2736,3697,43,10,1080,139,13,1621,21,91,3567,32,42,3838,72,10859,45,3,884,4,23,430,300,449,19,185,147,5081,55,77,346,2088,6273,5890,10634,3912,5262,121,3,62,14,1178,13326,16633,5034,2487,356,442,13,1509,57,11933,67,32,13,1302,6045,8103,153,20,6164,3137,5,1,4,4,5019,7430,7707,931,859,1967,3869,61,9,10,385,15,4323,993,24,301,46,7777,107,5363,12055,2122,1176,17,9453,1400,33,1518,22,494,4489,1090,328,3958,36,9449,5265,9473,925,26,75,1714,7769,1,743,4801,1166,349,1567,312,9954,73,6161,686,12124,72,2820,222,12792,7,1924,598,618,3383,2210,487,1616,3458,2660,636,21,2371,359,716,900,97,98,1,28,19893,3,762,1010,0,1563,38,4162,88,200,2221,1949,4,682,1446,371,143,8,33,656,97,4476,3732,1165,7284,545,14185,2587,5366,7,40,6383,8,2633,5519,93,226,14152,10,12,1878,5,15243,104,51,731,248,345,1077,3666,687,4660,6941,5,2457,13268,78,5862,100,31,2713,873,7789,2724,437,484,186,10788,19,1136,1536,145,237,550,46,19,50,8687,11115,3999,11597,3146,2554,174,16325,3537,6456,41,2164,745,8043,1342,2552,24,11618,2882,2264,7087,493,1450,540,3989,2756,424,2843,34,124,0,27,2005,3089,386,964,1433,988,3500,2965,8273,713,3,3769,4068,7943,7463,7,5071
"ENSG00000159763.4",19,0,0,1,1,1,0,0,0,21,1,1,0,0,5,0,0,0,1,0,0,2,1,0,0,0,0,1,0,9,1,18,5,1,5,0,7,0,0,0,0,16,0,0,0,0,1,1,0,3,0,2,0,0,0,0,0,0,0,0,0,16,0,0,1,1,0,0,1,3,2,8,0,0,0,0,1,1,1,0,0,0,169,0,0,0,2,4,0,0,19,3,0,0,0,0,0,0,0,7,1,0,114,0,0,0,1,0,0,0,3,0,0,0,0,1,1,1,0,0,0,1,29,0,6,0,0,0,0,3,0,0,2,1,17,0,2,0,1,1,0,0,1,0,0,9,0,0,0,2,4,0,0,0,0,0,0,1,0,0,0,0,30,0,0,4,0,1,2,2,0,0,0,0,1,0,1,3,24,0,0,11,1,1,0,0,5,0,0,0,1,1,0,0,6,1,0,1,0,11,0,2,0,0,0,3,176,0,0,0,0,2,4,0,0,19,0,0,2,0,0,0,0,0,0,0,0,0,215,0,0,0,1,0,0,0,0,0,0,0,4,1,0,0,4,0,0,0,31,0,0,0,0,0,0,0,0,0,0,1,0,0,8,1,0,4,0,1,0,0,0,0,2,0,0,0,0,0,0,3,0,1,0,0,0,0,0,2,1,5,0,0,0,0,2,2,20,1,3,10,0,1,0,0,1,0,0,0,0,0,0,0,0,14,1,0,0,0,1,2,0,4,0,0,2,7,1,0,0,0,1,1,8,1,0,1,0,0,0,0,0,0,3,0,6,0,0,2,0,0,0,1,0,0,1,0,0,1,0,2,2,1,0,0,0,0,0,0,0,0,0,0,0,0,0,0,0,0,0,0,0,3,270,0,0,0,0,0,0,0,1,0,0,0,0,0,7,0,0,0,0,0,0,0,0,1,0,0,0,0,0,0,0,1,0,0,4,0,1,0,0,0,3,0
"ENSG00000160050.15",254,17,290,62,123,70,82,732,39,233,39,34,105,692,275,45,71,1145,194,73,210,12,88,147,55,70,72,62,261,176,115,134,104,85,105,111,45,39,55,26,183,1212,173,39,79,44,39,146,5,34,62,157,48,75,54,114,32,131,109,72,133,438,14,714,45,57,54,80,164,232,294,244,235,12,76,25,141,62,142,505,886,350,138,144,1173,128,49,120,140,37,389,268,160,225,47,8,51,72,225,419,69,43,736,26,60,72,314,30,770,306,88,79,84,220,81,64,269,23,528,241,8,69,1995,46,124,24,43,743,68,966,63,25,1405,36,170,29,29,19,225,85,15,388,123,56,116,123,69,431,89,147,19,44,434,1026,50,339,48,103,552,1083,139,84,505,91,94,496,98,843,174,913,757,30,29,320,201,33,106,217,81,67,10,109,36,110,66,59,94,77,31,71,106,735,114,95,713,58,30,41,8,427,247,195,172,546,27,74,2014,227,298,63,59,335,509,25,130,86,89,56,102,182,13,79,69,36,41,28,86,407,119,56,170,98,102,89,57,559,33,54,27,104,59,129,60,107,279,85,21,115,58,52,41,413,18,236,34,95,36,164,68,170,192,152,725,123,34,172,121,33,149,38,89,21,218,12,133,121,122,13,83,172,146,144,290,55,44,141,11,109,135,98,132,39,232,128,179,278,122,74,1382,321,77,70,468,40,57,66,24,44,83,112,45,215,21,102,162,101,316,336,73,111,123,166,24,274,493,204,61,68,1835,18,82,98,72,37,51,34,52,63,85,31,20,46,34,821,257,49,26,307,394,21,21,291,93,223,22,27,111,639,187,73,60,66,62,136,210,41,110,188,43,135,110,86,29,112,367,643,72,61,74,85,142,294,86,67,71,50,423,75,12,48,178,39,19,47,44,39,66,248,135,13,29,551,110,15,289,301,232,110,125,60,166,117,59,27,284,10,125,318,316,48,22,260,136,28
"ENSG00000160207.9",41,0,0,4,43,35,6,2,3,51,16,20,41,87,34,4,4,15,29,25,7,2,26,9,8,27,20,25,10,15,34,33,13,26,8,125,6,1,22,20,1,49,37,1,3,4,9,14,3,4,11,21,10,15,4,19,7,19,14,1,1,8,17,7,4,54,4,3,36,20,60,8,18,0,6,2,103,6,16,8,70,31,90,70,24,3,4,5,14,6,12,19,6,20,20,2,7,21,39,20,5,8,84,6,9,56,27,2,80,35,50,7,7,10,23,11,69,19,62,50,2,8,5,25,7,2,1,3,23,47,4,3,56,15,21,5,19,3,36,1,1,69,8,4,33,51,6,47,25,56,1,5,90,12,18,13,4,28,27,23,12,12,20,22,26,14,26,51,37,91,3,9,20,69,4,9,21,24,14,10,1,32,35,26,2,5,43,1,8,12,29,53,46,13,3,55,9,15,14,36,10,12,42,44,3,10,2,26,4,12,4,20,35,22,19,56,3,7,6,30,1,2,1,2,0,0,5,56,12,23,12,11,43,8,3,19,4,10,3,18,4,3,5,13,59,22,4,7,50,10,5,26,1,16,3,22,3,4,17,40,23,13,59,20,3,18,14,11,68,4,19,4,25,2,24,68,16,2,9,11,13,30,18,4,8,27,1,1,10,12,12,10,5,12,22,22,67,4,12,66,73,2,43,5,9,2,7,4,45,25,1,68,18,50,18,33,109,41,5,13,66,35,1,76,16,19,4,10,14,7,7,18,11,23,13,6,28,147,8,13,4,11,5,21,13,4,7,4,11,2,3,110,9,34,8,3,17,13,66,21,40,6,6,21,27,7,6,68,9,16,4,13,2,10,27,0,18,5,8,13,2,22,10,0,2,3,14,27,24,13,43,4,4,25,16,20,9,26,15,3,8,14,7,15,17,9,10,80,1,20,10,3,7,5,12,10,12,16,12,8,3,3,13,1
"ENSG00000160211.19",3140,45,1604,1049,658,338,3166,171,361,2217,780,1205,1984,26119,20251,357,472,2488,488,905,772,323,596,522,412,506,2043,426,1165,2738,3147,16840,6037,606,976,2145,2766,173,2186,1046,178,4933,797,468,356,498,434,3140,294,304,543,2808,352,2835,891,1641,298,732,497,301,836,956,310,523,128,547,340,636,4497,1021,2243,2552,301,192,311,186,730,313,2270,1927,5412,570,2403,1855,718,225,310,457,1627,493,714,4100,543,5732,610,72,410,546,1705,5775,1063,226,1127,531,808,762,1786,247,7008,743,667,956,2126,740,664,771,1678,319,22993,26282,618,527,260,8904,1792,181,252,777,408,5876,346,190,7564,1037,5783,244,281,185,1867,160,126,1558,11507,234,881,12339,7108,692,1261,1158,158,372,1102,686,509,2314,445,3321,560,1572,1831,392,4927,535,502,1336,2911,15218,548,5284,454,1729,1780,1529,513,280,1672,4289,2233,2310,109,1592,283,724,367,1155,771,341,2874,522,466,6270,3001,4853,765,2469,195,4884,153,1126,403,370,1523,2906,208,4285,450,855,649,200,665,691,30158,614,888,2674,404,216,2143,5694,119,370,1367,500,187,262,836,13875,531,2534,1658,436,3799,1093,181,1925,170,870,2046,871,736,2301,618,298,843,1538,3784,486,447,220,184,401,115,8215,234,454,278,763,4962,739,2497,679,7848,3025,343,766,2573,365,1288,277,3993,208,21134,218,525,905,5740,228,281,3897,458,4355,689,166,506,701,220,605,1388,1211,884,721,530,4819,400,16750,3714,402,607,2049,456,374,2398,444,2808,244,591,464,849,1341,295,990,695,674,1765,1616,3273,1362,1236,775,1164,3502,139,658,1300,416,418,653,2807,170,5908,765,1083,940,811,253,321,9278,533,1467,184,772,424,2239,2708,366,197,610,4244,262,233,2287,274,6090,433,345,1248,3725,5205,240,1342,604,1091,5154,4560,256,3414,2370,450,900,319,1858,375,3874,1355,458,1034,376,260,788,528,1013,217,310,347,3543,1363,1767,1715,442,1338,224,148,864,257,374,348,1488,1721,220,760,875,396,419,38457,1767,13168,11878,292,740,1151,250,225,200,610,117,543,16269,1032,385,189,160,21571,324
"ENSG00000160224.17",22,0,4,5,2,4,0,1,1,1,3,1,1,3,0,1,4,3,1,2,11,1,4,3,0,1,3,3,1,3,3,2,0,2,2,1,2,1,1,3,0,202,3,0,4,0,1,0,0,0,0,5,2,1,0,0,2,5,2,0,0,1,0,0,1,0,0,0,5,1,5,5,3,0,0,0,2,1,13,0,1,1,0,1,3,0,0,0,6,0,63,3,0,0,1,0,1,2,0,1,1,0,7,0,8,4,0,1,241,164,58,2,3,1,0,1,1,0,1,2,0,2,0,0,1,1,2,1,5,1,0,0,3,1,3,0,0,0,6,0,1,6,2,2,2,3,5,0,102,1,0,1,1,0,1,0,0,8,0,1,0,67,1,5,4,9,4,8,0,1,0,2,0,2,0,2,3,16,4,1,0,2,1,2,0,1,2,1,0,0,1,0,0,4,0,2,0,0,0,3,0,1,8,2,0,0,0,3,2,2,0,23,1,1,3,1,0,0,7,5,0,2,10,3,1,2,0,2,0,1,1,2,0,1,0,0,0,0,0,2,3,3,0,1,1,4,0,5,2,0,0,0,0,4,0,2,0,5,0,2,4,2,2,34,0,9,3,0,1,1,2,2,0,0,0,68,2,0,1,6,0,0,0,0,1,6,0,4,1,0,8,1,0,0,244,16,6,1,4,4,0,3,1,0,1,2,0,2,1,0,0,7,0,3,0,4,2,17,4,0,3,5,1,34,2,64,0,0,0,0,0,0,1,93,1,0,0,2,0,0,0,1,1,33,8,1,0,4,0,0,0,36,1,10,0,2,1,2,6,1,1,0,0,7,8,3,0,71,1,0,1,2,0,2,3,0,0,0,1,1,0,0,2,0,0,1,23,3,0,0,100,0,0,1,1,1,2,49,4,0,2,1,4,0,0,2,1,5,1,4,1,0,0,0,1,0,0,3,0,2,0,2,0,0
"ENSG00000160284.15",960,18,525,126,395,163,376,43,102,600,12,43,319,366,1102,58,112,75,12,281,313,17,476,186,20,222,472,268,355,297,792,224,210,191,29,1019,376,210,49,22,31,631,25,33,28,67,236,197,32,11,32,275,60,32,23,375,71,1034,41,110,44,583,5,213,13,685,28,40,394,304,384,218,128,16,72,10,749,237,537,114,482,375,598,1225,89,217,34,6,378,265,802,27,165,682,434,13,71,504,978,210,88,21,129,34,197,65,362,24,660,43,318,53,182,143,158,306,903,30,1109,16,6,41,17,70,119,2,17,117,517,589,45,31,1360,195,465,38,51,25,424,11,22,652,34,15,328,416,92,1428,516,352,16,52,48,396,60,437,163,802,470,39,121,639,170,246,287,415,669,968,307,81,7,175,27,294,447,203,224,221,205,650,7,51,114,27,34,101,108,102,132,346,11,1768,35,44,107,367,38,9,7,1131,17,159,621,361,38,44,116,3,696,29,115,379,674,123,82,367,431,26,76,69,7,683,251,127,30,22,63,20,111,39,735,182,190,105,22,345,26,71,26,87,322,69,153,38,22,232,99,140,240,17,16,193,13,269,17,99,36,300,422,336,91,31,258,1274,16,281,130,33,550,19,186,34,1030,27,144,658,61,20,65,481,189,3072,12,30,20,433,22,172,772,250,227,1,327,761,669,935,79,31,164,623,278,47,1228,10,283,71,134,48,443,467,9,425,14,453,383,264,791,392,440,164,584,218,37,846,73,457,81,67,32,18,458,222,38,216,741,29,12,461,6,21,23,199,55,1570,18,39,26,427,671,39,40,484,50,670,13,30,356,391,796,10,72,614,153,452,930,22,575,1121,69,305,44,19,198,441,825,283,213,43,36,240,156,229,11,206,67,230,886,42,111,262,911,66,20,293,314,75,34,1774,190,22,26,96,205,8,413,364,122,622,25,141,41,396,18,1,53,93,104,1781,435,60,14,9,421,28
"ENSG00000160298.18",268,11,140,50,208,109,65,130,92,508,41,519,518,287,357,52,86,222,356,81,146,15,58,79,222,100,160,309,23,210,410,112,144,234,39,110,133,48,361,402,52,179,163,73,49,212,42,68,7,82,64,119,111,203,85,442,31,397,433,209,84,270,121,309,22,259,79,92,410,662,443,92,40,9,58,37,241,115,205,160,273,420,534,56,314,80,68,92,86,31,280,81,112,103,86,16,104,271,113,223,68,38,208,84,79,256,282,40,703,195,112,57,64,161,85,75,821,78,396,195,16,175,63,350,106,12,10,445,269,469,107,29,649,47,261,35,250,22,742,60,15,470,95,45,118,1013,174,657,136,230,19,39,208,235,52,265,33,197,372,383,135,58,224,116,73,344,264,841,577,561,132,89,158,1175,30,98,139,180,218,187,22,69,98,515,325,63,245,46,31,697,79,332,482,295,96,595,52,142,32,518,111,344,175,1191,19,162,114,512,300,424,104,102,209,82,217,288,72,57,89,206,18,126,59,20,36,9,229,731,21,56,504,259,102,129,83,175,44,83,82,91,39,93,80,61,371,175,69,46,159,259,33,185,37,207,38,149,67,55,88,1041,524,215,519,344,20,152,301,43,902,18,94,24,365,13,101,401,100,25,135,225,406,306,168,7,127,186,6,44,94,64,61,67,105,135,91,150,1031,89,137,137,1373,34,617,39,125,41,32,106,241,363,160,437,336,151,231,283,549,230,74,60,210,270,38,639,168,541,20,182,29,42,166,85,46,108,817,40,270,324,58,82,27,132,85,327,664,330,22,84,170,9,47,318,111,377,29,32,250,222,220,112,71,36,85,230,503,141,24,370,42,117,275,289,17,99,815,70,311,9,107,477,51,416,201,40,75,58,276,123,89,281,180,190,38,178,134,102,205,95,163,17,107,254,93,69,239,96,148,81,89,39,78,244,77,41,151,37,89,299,462,27,30,107,197,18
"ENSG00000160321.15",8,2,229,14,24,7,43,7,0,6,2,0,4,195,68,7,7,217,0,3,16,5,10,22,168,6,0,162,1,7,3,10,17,8,32,2,8,2,0,4,1,142,5,11,19,1,1,17,2,2,6,234,12,16,2,4,6,0,218,2,0,299,2,24,6,8,17,4,2,3,218,27,2,4,0,5,523,3,1,48,192,18,3,6,49,5,1,5,18,2,18,13,13,1,0,2,3,24,5,58,5,9,5,1,12,9,14,23,257,3,30,25,11,9,11,63,22,5,9,235,0,2,1,3,15,2,5,3,10,576,15,0,240,16,14,5,4,1,23,60,3,13,35,9,38,3,3,1,0,9,5,7,1,233,23,0,8,16,86,134,16,2,27,24,3,8,89,4,2,19,1,5,2,519,6,14,18,6,49,223,3,4,7,39,13,3,17,9,2,128,0,5,6,140,7,12,3,0,0,14,6,3,22,720,0,2,7,13,9,6,4,9,6,209,22,12,1,4,26,12,1,10,12,4,12,2,60,4,4,0,2,16,21,6,1,15,2,4,2,44,3,11,5,6,7,1,68,5,2,4,3,1,6,0,3,7,5,12,0,6,187,56,7,27,16,9,5,4,294,2,60,4,15,6,16,6,259,0,0,39,6,14,6,8,7,8,5,21,2,19,16,6,1,1,0,2,11,8,35,21,22,1,13,5,1,7,1,11,90,24,17,5,24,10,18,2871,127,65,29,5,4,9,4,18,21,5,5,1,88,4,9,9,9,5,8,3,0,5,3,0,2,4,25,3,159,59,14,5,21,9,7,784,16,221,0,6,3,2,7,1,120,8,12,4,7,6,0,1,2,9,1,24,1,20,147,1,615,3,10,2,2,84,100,5,3,32,11,52,22,9,2,1,1,5,2,4,19,3,34,4,6,1,13,2,5,259,32,2,8,29,35,3,1,4,3,2,86,4,2,4,4,5,0,14
"ENSG00000160323.19",237,537,135,183,348,403,39,57,92,624,251,149,181,102,1015,1762,414,67,468,846,627,1912,174,439,166,218,322,314,159,162,736,190,173,781,174,131,213,248,71,61,152,129,489,307,2126,195,106,89,2011,339,135,135,1546,161,100,313,461,619,330,113,327,455,173,1185,481,260,63,211,417,193,738,247,305,1152,179,1881,578,454,88,210,82,231,262,325,310,172,82,106,127,179,315,59,224,84,196,1204,784,359,206,156,467,1291,72,75,187,582,465,1596,986,806,280,2279,116,126,285,334,517,142,416,321,148,97,186,357,261,1650,712,28,680,508,409,2113,162,242,196,3088,310,1367,656,79,722,769,205,2820,650,528,214,567,208,550,1574,2069,92,94,749,162,79,657,360,608,334,154,206,391,317,307,325,581,241,157,143,93,148,195,157,72,246,116,445,187,294,253,136,222,108,190,688,355,202,65,378,70,357,151,46,450,1846,425,35,329,26,242,312,286,1883,253,115,63,979,174,1147,397,260,287,526,278,116,138,54,224,966,121,64,309,830,1197,302,532,25,141,596,363,156,137,177,137,2249,132,135,152,312,260,407,226,334,156,208,118,181,175,204,227,918,171,1498,399,1490,214,185,226,670,276,63,477,2621,282,229,2894,600,1204,94,769,294,737,255,632,175,990,400,141,74,268,179,877,175,318,1423,199,575,139,1844,140,229,407,208,377,461,144,126,556,592,154,168,3290,128,113,290,302,501,35,249,909,52,555,479,420,293,289,178,360,239,388,1313,866,186,643,1598,226,286,1651,33,236,371,235,165,1895,274,120,89,115,2221,137,327,650,262,206,169,511,127,1868,957,123,360,701,166,2055,347,383,167,182,158,182,480,574,728,157,131,487,191,276,262,522,25,95,457,235,303,1949,192,104,106,125,657,234,1379,36,623,538,265,202,573,239,1271,486,382,225,259,635,2599,983,94,231,312,121,252,725,53,292,54,84,474,198,120,230,81,171,167,149,607,2208,2163,397,355,783
"ENSG00000160339.16",5,54,7,2,12,0,0,86,5,157,228,11,0,0,24,1766,75,0,1,292,112,2812,1,5,595,7,1,25,12,0,30,2,0,544,3,2,352,262,6,4,3,21,27,88,1947,4,4,41,1519,2,34,4,3181,0,69,4,481,11,222,2,6,7,4,1045,1116,0,111,28,230,4,97,71,110,1054,22,3120,0,138,14,4,264,1,18,91,15,6,2,6,13,25,7,586,24,1,63,1004,965,18,1,43,315,1947,1,13,13,5,12,4126,7,10,0,2305,1,0,1,262,6,22,1,6,9,22,0,17,66,4152,1690,317,5,68,399,2233,1,3,2,3316,71,2595,0,10,673,16,16,4395,129,39,2,1,94,3,2417,3131,53,287,615,8,12,297,28,4,4,1,35,32,9,588,3,3,5,22,285,4,174,6,2,6,57,5,609,418,2091,3,9,2,301,36,376,123,31,128,3,30,1,7,336,7,1706,4,153,3,2,34,3,39,3156,20,4,13,128,204,296,45,6,1,232,2,7,17,4,54,821,21,3,6,322,2013,132,170,1,7,20,76,22,5,31,12,1666,41,58,5,5,11,71,31,1,29,12,396,46,19,34,10,360,27,1778,65,1832,12,2,107,166,407,1,0,3978,5,10,3819,52,2897,7,1769,42,4041,3,26,1,1303,9,0,572,8,15,3517,167,30,2137,4,2,13,1785,34,29,59,38,13,1,57,175,0,425,1,4,6406,1,84,90,14,8,2,82,10,5,0,15,8,11,1,5,14,21,19,2828,10,6,1,1188,134,8,2271,17,203,195,239,144,3297,6,11,14,54,3240,49,2,141,0,12,34,3,2,3956,2979,2,400,24,1,5508,11,5,8,1,417,11,65,1,66,12,2,6,31,14,1,26,2,1,123,133,14,2226,0,978,155,13,54,46,2508,1,4,12,4,13,0,50,765,23,6,18,0,9,1684,1007,5,0,6,47,196,3,0,5,98,8,176,249,281,22,2,5,21,2,1,3195,2500,1022,4,2113
"ENSG00000160505.16",0,0,0,0,0,1,0,0,0,0,0,0,0,7,7,1,0,0,0,0,1,0,5,0,0,0,0,6,0,0,0,0,22,3,0,1,17,0,0,0,0,8,1,0,1,0,1,0,2,0,1,78,1,44,0,0,3,0,0,0,0,25,0,1,0,2,0,0,0,1,155,4,0,0,0,0,0,0,0,186,12,108,0,0,1,0,0,0,0,0,7,4,0,0,0,1,0,0,0,2,0,0,3,1,0,0,0,1,1248,1,0,0,2,1,0,0,0,0,1,4,0,17,0,0,0,0,0,0,0,0,0,0,7,0,0,0,0,1,2,0,0,0,5,0,2,2,1,0,2,2,0,1,0,2,0,0,0,2,0,4,0,0,0,0,0,1,1,1,1,4,0,1,0,7,0,2,0,2,0,0,0,3,0,1,2,0,1,0,1,1,1,0,0,37,240,0,0,0,0,0,1,0,1,456,0,15,0,0,2,0,0,0,0,0,0,1,4,0,821,6,0,0,0,0,0,0,0,0,0,0,0,7,0,0,0,0,0,0,1,0,0,0,0,1,1,4,0,0,0,0,0,0,0,1,0,0,0,0,1,0,12,247,0,2,0,0,0,0,2,0,3,1,14,1,0,0,0,0,0,4,4,0,0,1,0,0,0,6,0,0,2,2,0,0,1,72,14,0,0,1,1,0,0,0,18,7,2,0,0,3,1,0,0,0,0,1,8,8,0,0,2,0,0,0,3,0,0,0,0,1,70,3,1,0,0,0,0,0,0,0,0,0,0,0,14,5,0,0,0,2,0,1,1,20,0,0,0,1,0,0,0,2,0,0,2,0,0,0,2,0,0,0,0,1,219,1,2,0,1,0,0,5,0,0,0,1,11,0,1,0,0,2,0,0,0,0,3,0,1,0,0,0,3,0,0,1,0,1,0,0,1,0,0,0,5,0,1,5,0,0,0,0,0,3
"ENSG00000160801.14",1480,477,166,62,182,117,6,95,120,533,337,79,27,26,384,688,351,30,0,457,329,1337,249,242,31,106,43,43,34,22,156,63,66,460,332,21,113,195,47,33,0,74,20,54,1115,61,92,157,1173,86,95,32,909,4,33,27,359,29,129,19,32,25,7,674,199,78,18,31,245,33,1030,213,103,510,315,1155,130,180,21,24,43,9,27,499,67,45,68,12,211,43,413,56,22,188,55,728,552,71,20,79,184,791,222,36,117,176,166,1073,162,8,170,1804,166,51,50,28,136,52,8,63,14,13,130,82,129,384,519,26,119,467,237,1860,16,174,100,1134,28,1295,31,96,391,912,69,2033,670,74,25,56,102,5271,1317,1099,63,33,488,5,5,390,85,72,117,69,64,171,279,281,33,90,18,40,32,27,73,22,176,65,89,76,157,10,343,172,38,20,54,144,303,663,36,14,136,136,30,93,14,62,1088,30,55,8,12,52,222,50,1011,41,81,87,1040,27,712,243,101,27,285,120,71,62,139,55,943,61,105,44,778,816,164,36,26,37,25,10,174,39,24,64,1030,79,4,51,440,118,92,145,48,48,9,130,100,41,143,52,1202,68,789,376,1029,250,22,205,196,179,38,18,1575,133,119,1174,39,726,74,478,40,606,40,20,117,473,54,34,50,40,45,1497,30,128,362,248,36,127,753,124,296,45,156,81,51,73,193,376,291,82,124,3266,17,115,56,76,94,5,194,104,25,205,202,14,27,588,378,209,132,66,1078,73,120,112,736,29,46,797,65,190,508,114,40,1377,61,61,48,53,1150,180,68,153,13,77,79,383,12,1366,615,148,137,68,79,1289,69,49,28,15,23,90,170,110,211,45,56,34,169,102,1,104,20,20,24,286,21,501,47,39,34,24,65,287,955,19,235,94,14,11,52,78,753,91,48,60,14,158,938,544,28,6,303,5,86,649,52,22,53,226,188,214,12,185,43,44,20,101,38,1364,1864,284,189,822
"ENSG00000160886.13",1,1,5,1,0,0,5,1,1,18,9,0,0,3,268,4,0,8,2,1,1,0,6,1,1,0,1,0,0,0,0,4,0,0,2,2,0,1,0,0,0,2,0,1,1,7,7,1,2,1,1,22,1,2,0,0,3,0,0,0,4,3,1,4,0,3,0,0,1,1,2448,9,1,0,14,0,431,5,1,72,272,999,4,3,62,0,1,0,6,8,8,2,0,0,0,0,0,4,1,0,1,4,3,2,0,4,0,3,397,0,1,2,2,1,0,0,1,0,223,1,0,0,4,0,1,1,2,0,3,1,1,2,7,3,0,1,0,2,0,0,2,1,0,0,2,1954,4,9,182,4,0,1,0,10,2,0,0,6,0,1,1,12,1,0,0,5,8,1,1,89,1,2,1,0,3,0,0,0,3,1,0,4,0,0,3,1,0,0,1,0,0,99,6,0,24,0,5,1,1,3,0,3,0,1,3,7,5,0,1,1,0,0,4,0,1,1,0,1,8,1,0,0,0,1,5,0,3,1,6,0,2,6,5,6,3,0,0,1,4,5,3,2,6,1,1,2,0,14,2,1,1,3,1,1,0,3,1,3,0,0,2,1,0,252,4,0,2,1,0,0,1,0,78,0,0,1,529,2,5,1,0,1,3,2,0,2,7,1,3,1,4,3,4,1,11,4375,5,2,3,1,2,7,31,0,354,0,0,0,103,296,2,1,1,1,1,0,0,1,1,4,0,5,0,4,0,14,2,3,0,2,400,2,3,3,5,2,4,5,0,0,0,0,7,3,30,3,0,12,1,2,7,3,0,23,2,3,3,128,0,0,4,3,1,2,1,0,6,3,14,0,3,3,1,1,2,2,0,0,0,0,1,0,3,1,0,0,2,2,0,2,3,2,1,0,1,3,3,1,8,0,1,1,3,2,1,1,0,1,1,8,6,3,3,3,0,0,6,5,0,1,0,3,0,3
"ENSG00000160932.11",19626,20731,6811,3438,5502,5654,1208,829,34067,15636,546,1181,1683,69056,56096,37414,1290,558,10387,4024,17507,8702,4728,1727,591,501,1917,368,1301,10133,16563,3785,2458,3957,766,2074,2211,7042,283,252,4855,4935,869,265,20539,2898,7677,4105,16326,1037,3168,2785,43405,2629,1349,11446,10228,472,558,405,315,3283,82,2883,5307,773,2152,1287,7112,2224,3217,5152,535,19816,6281,19546,3662,1367,3087,2408,26948,3434,1880,33854,3789,841,1807,88,2902,5527,39538,400,277,22284,243,11530,2275,774,965,3389,4651,4843,7518,191,22937,1022,238,30231,14391,1887,3047,10868,1164,5868,1249,4744,1295,153,5410,1698,92,858,2240,6813,3687,18133,10712,374,4985,9172,5182,12487,7102,16612,31514,21292,266,33096,1147,175,13187,20546,7573,15233,37114,2374,10209,8250,8639,1127,14947,20047,833,404,11532,1998,999,7080,416,815,9860,28593,13556,1450,6781,2476,3193,83591,1078,549,64,1429,14088,679,47603,3057,3564,298,31213,381,10571,923,188,398,417,5016,1110,792,545,826,2967,10591,12435,2850,705,12388,15200,15025,187,6049,1331,1344,9266,596,17756,595,919,2985,17130,5994,11315,8650,15924,171,3009,5494,268,1063,1001,569,24034,643,1216,12742,10170,11418,358,7586,941,1911,4751,689,6525,1106,247,3066,17031,736,2127,460,3927,1773,576,1996,3127,4561,8385,32537,4869,2611,16107,1636,22130,8398,25240,25097,17670,4516,618,599,1010,756,1758,1075,18694,12543,9260,16422,726,18733,2475,14474,13622,11123,5099,1651,28095,15791,1716,4375,236,3496,3056,27492,1992,2344,14195,12555,4234,3685,15639,1167,1854,2830,20744,16022,4121,679,728,9890,12510,1154,1631,19172,3288,6841,37239,10285,14575,234,1009,3105,20305,10614,2188,9911,1447,16989,4574,14250,953,12177,14672,4099,6750,17540,13765,155,860,14605,740,3186,20258,10797,1984,20830,1904,407,2118,80,15316,771,785,7573,1848,575,321,6416,2392,13054,9082,2815,652,10975,190,25300,1974,4897,15461,9459,1828,24133,3194,6971,2355,287,588,8170,2144,1185,4841,12694,1005,8385,809,395,321,20701,322,285,400,878,500,80185,55121,297,15565,5988,4245,1405,22550,29476,24939,2515,753,1412,340,3371,5909,16788,19201,782,3373,154,3456,6373,1647,1213,1316,4798,7651,9286,3467,6339,226,537,776,35161,2562,21457,13218,449,15301,11878
"ENSG00000160957.14",255,54,318,187,447,528,3181,122,342,2735,155,1637,1636,3646,799,197,166,1348,852,149,492,82,190,368,326,333,798,784,217,1516,1036,414,814,238,97,718,596,231,1272,836,331,572,571,170,129,363,831,497,60,232,566,655,214,1193,170,427,73,936,1095,797,296,562,149,809,60,284,306,346,2651,1229,1875,524,146,87,1370,82,754,961,2587,658,1302,765,3233,1348,1061,260,544,555,458,719,2213,337,667,11485,118,28,176,921,787,375,258,97,1220,295,870,940,440,46,2999,419,320,145,241,399,669,406,885,192,1408,2471,50,338,157,2913,1997,28,41,597,745,682,196,82,2129,553,1303,89,285,122,1448,111,77,1449,1552,187,673,3494,2709,1305,1802,642,59,117,762,911,247,609,398,1771,825,602,835,1341,756,551,692,664,1007,3744,498,2281,229,1959,880,1366,695,288,2170,997,1168,271,30,308,293,761,327,670,425,265,245,1008,494,2045,1313,1137,146,1820,210,1261,122,1177,104,4096,1328,1522,96,770,155,571,906,946,159,1247,3651,300,491,864,312,195,628,957,85,448,765,668,109,76,710,1299,239,375,1188,744,819,706,188,1329,124,464,1568,526,158,906,329,247,883,1317,727,852,141,316,157,751,87,1526,147,1051,242,154,406,2294,943,263,3158,1484,78,1019,1065,71,1587,134,1578,103,2112,48,497,1094,2494,137,590,1144,932,3686,381,142,393,641,34,174,1303,619,175,308,276,700,975,5285,2354,520,254,516,1100,225,14670,128,890,164,129,102,546,1603,317,1175,850,691,646,375,1349,436,409,689,316,1195,112,2052,489,3030,79,421,576,92,850,225,343,2217,1687,52,1200,2507,244,280,66,168,227,2650,940,532,172,1262,810,38,115,1834,183,1495,438,138,1205,1225,1083,269,743,907,212,1376,1794,375,1412,1647,126,694,831,1076,500,726,861,266,528,82,191,625,237,549,404,391,249,508,1689,432,734,920,3064,449,126,895,303,532,428,2455,365,56,706,506,346,125,2028,159,1110,1168,295,167,334,1232,101,72,274,137,109,2765,995,96,56,171,2514,123
"ENSG00000160973.8",1,1,0,1,1,0,0,3,0,19,2,1,0,3,5,0,0,8,12,3,1,1,0,1,3,2,2,0,0,5,0,0,3,3,1,2,7,2,10,2,5,2,3,2,1,0,3,5,0,5,3,3,1,0,1,2,2,0,5,4,2,5,1,2,0,0,6,7,0,2,11,0,2,0,1,0,1,3,0,15,16,3,28,11,1,1,0,1,5,4,11,13,0,0,4,0,7,4,1,1,2,1,2,2,3,2,2,2,115,0,1,1,2,5,1,0,1,0,5,3,0,5,0,10,3,0,3,3,0,5,1,1,4,3,5,0,6,0,3,1,0,1,5,2,0,10,21,1,99,23,1,0,7,3,0,1,0,2,11,18,5,6,3,4,2,0,1,4,2,5,1,4,3,6,4,0,0,1,97,1,0,0,0,4,6,1,7,2,4,0,1,0,5,3,2,3,2,6,1,5,2,3,4,3,0,4,0,5,0,4,0,24,8,2,3,4,3,1,2,2,2,2,0,1,0,0,6,5,0,1,1,7,0,2,2,13,0,1,1,0,0,3,0,2,2,6,2,1,1,4,2,1,0,4,1,0,1,0,4,4,3,2,4,4,0,1,2,0,5712,0,2,1,2,0,0,0,4,1,4,0,4,3,10,0,3,0,0,0,0,1,0,3,0,2,1,49,2,8,3,3,7,0,27,0,1,1,0,1,3,5,2,2,4,5,3,7,4,0,5,6,0,1,1,0,3,15,0,9,0,0,1,0,0,7,2,0,5,2,0,6,1,2,3,16,1,1,2,0,1,0,0,12,3,0,4,0,3,4,7,1,0,0,1,2,3,0,0,3,3,3,2,5,0,2,7,5,1,0,2,9,1,4,5,4,1,2,4,2,1,1,17,6,0,3,1,0,7,2,8,0,5,9,0,2,4,1,2,4,0,0,1,3,2,0,0,0,0,9,5,0,2,1,5,1
"ENSG00000161055.4",14,70,45,8,7,12,2,14,3,29,127,23,136,8,6,684,12,8,0,14,12,4,25,15,10,0,10,3,13,2,10,11,5,10,7,10,28,1,14,6,9,12,27,5,31,2,7,13,405,11,15,4,40,1,8,7,22,8,39,5,20,8,5,23,2,27,8,6,7,5,26,7,8,21,47,63,8,18,0,5,2,12,52,27,8,7,4,4,66,21,344,2,8,34,5,3,22,21,6,12,34,7,35,7,6,6,19,12,21,16,9,13,10,14,8,23,14,5,4,4,0,2,2,11,23,17,25,10,8,7,5,19,3,17,9,23,7,39,4,1,64,22,15,10,79,9,11,6,16,9,13,47,11,15,6,0,2,17,10,5,17,19,0,5,1,12,7,64,3,7,0,16,3,4,42,2,18,7,21,7,10,21,0,2,6,11,16,21,18,4,4,13,24,6,8,6,12,13,8,60,7,9,6,10,7,5,9,7,161,2,13,12,14,5,34,16,17,9,13,15,122,14,30,11,83,161,15,4,6,7,8,8,22,4,20,9,182,15,6,14,23,10,30,13,6,5,1,11,13,4,14,16,6,3,64,19,23,48,3,1,9,25,9,2,23,11,8,22,7,301,17,14,2,11,4,4,56,46,12,24,11,22,14,66,3,9,6,26,17,19,27,5,12,9,53,18,11,5,41,13,25,28,1,43,3,7,4,9,10,2,8,12,6,33,14,5,10,4,16,10,18,9,43,15,17,17,5,6,7,46,4,16,18,12,9,50,3,5,2,27,17,4,26,9,2,20,23,35,2,22,17,42,8,6,6,184,6,22,6,1,5,54,5,14,10,6,23,6,36,8,10,3,8,4,4,27,4,22,12,10,15,4,14,44,92,2,21,9,4,3,3,4,12,22,19,13,9,47,410,195,1,3,14,2,11,9,0,3,3,21,8,13,10,6,7,6,1,12,4,7,35,13,2,24
"ENSG00000161249.21",4435,51,214,14,3071,370,12,1,3,13161,6,1677,99,19,175,138,278,42,0,913,257,71,32,25,5,429,2096,8,353,2,49,540,19,117,78,75,7,156,3,22,4,4469,1093,214,197,752,234,10,124,16,1,98,129,140,38,5,120,1120,2,322,2,91,0,45,3,769,16,5,9,125,128,9,9,71,755,40,3038,328,5096,492,74,50,462,477,2,8,24,3,62,7,695,12,209,45,1,23,38,3,1805,116,168,49,1610,6,70,19,1,39,7354,1740,148,218,20,15,1091,7,1203,77,68,11,0,2,39,5,23,54,156,2,565,384,28,110,28,5,130,391,16,36,408,2,90,1999,547,95,396,10,10,122,2242,9900,67,121,0,16,20,3,35,514,3,16,3,337,399,693,2567,85,433,3073,13,337,883,2,1,23,160,23,30,19,1755,0,44,50,2,11,5,35,28,16,13,0,4,581,687,175,155,31,114,10,5,688,0,2,1677,6,59,3,91,142,422,3,208,1542,10,9,588,1629,991,0,12,1,26,3,5456,207,208,56,9,3,7,12,746,5,355,12,3,8,55,13,2,4,93,24,33,16,1679,715,649,428,14,1,7,3,145,11,55,241,71,3219,1,70,50,1,6,2986,53,451,461,113,18,106,9,79,2134,35,3,1739,1028,58,6,493,16,874,0,109,15,233,70,99,5244,28,539,7,1441,5,765,2513,50,6,8,9781,35,55,397,131,2304,19,333,19,20,104,5,2209,7,462,19,4469,1306,847,51,12,1448,3377,49,3011,30,538,465,4,122,44,13,354,39,554,3,91,0,3,0,50,45,4,265,4794,1,5,7,2430,584,55,43,3636,5,2267,1,79,1892,5556,297,4,4,25,7,4361,2516,46,4207,445,5,20,4,4,47,9,11,4,1,344,7,6,2,3,24,17,119,4,922,62,36,1,2191,36,34,873,572,55,9,4170,389,49,6,37,278,0,16,597,9,116,3,196,92,5,3,55,5,271,17,111,247,196,109,5,4,81
"ENSG00000161270.20",0,0,0,0,4,1,0,0,3,10,1,0,2,10,20,0,3,0,0,0,2,1,3,0,0,1,1,2,0,8,4,54,2,3,0,7,31,1,0,0,0,11,1,0,2,1,0,3,5,0,0,3,0,1,336,0,7,0,1,0,0,4,146,0,0,0,0,0,1,4,1,1,0,0,0,0,69,2,101,7,2,0,1,1,0,1,0,0,2,4,5,1,0,30,0,0,3,0,7,13,1,0,56,4,3,8,0,2,42,4,9,0,0,369,0,0,2,0,2,6,0,1,0,0,4,0,0,0,3,4,0,1,16,2,4,2,109,0,5,0,0,5,5,1,7,2,3,0,0,0,0,0,0,4,0,692,23,3,8,21,2,26,2,2,0,1,1,23,1,3,0,1,51,4,13,0,3,3,3,0,0,15,54,48,0,0,3,2,0,0,29,0,0,1,1,1,1,21,0,38,0,1,0,33,0,22,3,14,0,1,6,1,1,2,2,20,1,1,3,0,0,0,0,1,0,0,1,32,1,0,3,0,2,1,0,1,0,0,0,1,11,2,4,5,39,4,0,7,12,98,0,3,0,6,0,14,0,0,1,3,2,0,2,7,0,1,1,0,2,0,0,3,0,0,4,0,0,0,6,1,28,0,0,9,7,3,1,7,0,0,2,10,4,180,3,2,39,2,0,11,5,0,7463,2,2,0,0,1,0,2,0,4,2,15,8,83,1,12,1,5,30,37,0,6,2,13,1,0,0,0,2,0,3,1,28,0,0,19,36,15,0,1,1,1,0,2,0,2,0,1,0,6,0,0,23,1,1,82,0,1,1,2,1,1,0,2,130,2,1,2,3,0,0,0,11,2,1,3,2,60,2,0,2,0,0,7,3,8,1,0,0,1,0,1,0,0,1,41,1,0,1,0,2,1,7,1,1,3,0,0,1,1,4,6,0,0,0,5,2,0,0,0,40,0
"ENSG00000161381.14",647,4,1824,346,594,133,8,126,129,643,142,181,70,832,227,33,178,149,15,172,93,19,599,209,83,45,111,318,56,379,284,664,319,198,135,387,209,72,111,291,27,667,328,84,107,179,270,540,26,114,82,350,84,68,62,233,193,105,180,164,156,174,27,69,41,148,123,81,317,244,613,999,321,7,63,16,338,255,104,181,286,130,387,256,296,206,216,28,2189,132,477,285,65,167,102,12,85,555,80,325,218,32,612,99,336,431,265,35,302,44,445,238,1491,586,169,72,1012,97,73,290,149,192,65,135,237,17,78,89,221,319,85,34,260,399,522,30,214,10,261,121,18,1021,453,49,329,772,227,358,520,579,29,56,223,111,120,79,60,558,165,397,637,89,406,414,387,512,518,487,85,549,50,229,188,352,203,66,267,352,230,51,11,1125,301,650,88,113,447,339,164,38,63,701,176,270,94,37,39,95,51,401,117,123,942,267,35,88,125,250,158,51,224,380,240,214,684,972,96,89,535,953,8,218,237,198,66,33,124,317,218,386,101,201,402,319,102,235,10,93,82,365,339,518,67,83,502,337,53,251,267,73,88,61,34,318,12,91,30,1013,340,692,241,189,517,153,26,866,292,42,182,31,391,22,100,9,549,31,219,23,89,329,137,126,128,38,62,423,11,435,133,554,197,127,191,189,152,320,318,133,484,1850,193,317,816,42,58,211,117,249,166,48,195,639,65,220,428,1321,230,1007,468,204,570,625,27,664,403,173,49,120,125,22,137,71,205,62,216,39,68,890,61,53,19,111,723,119,41,130,193,478,78,15,29,1053,132,212,42,13,203,174,303,127,162,239,422,673,4438,129,154,820,132,163,68,251,30,88,123,28,45,23,149,170,70,168,78,69,23,91,269,117,92,78,589,56,12,359,69,190,151,265,494,16,139,90,384,13,694,13706,192,152,96,917,448,60,252,121,853,76,63,18144,148,165,20,34,358,59
"ENSG00000161609.10",0,1,0,0,0,1,0,0,0,33,1,0,0,22,54,2,0,5,0,1,5,2,3,0,42,0,0,146,0,23,26,19,0,3,1,0,3,3,4,0,3,0,1,1,3,61,7,11,1,0,12,52,1,163,0,0,1,0,0,0,34,20,0,0,4,0,7,2,4,23,66,1,0,0,108,2,0,4,9,34,31,23,0,0,23,14,1,0,1,0,1,9,4,1,1,0,7,110,1,0,4,2,112,1,7,2,0,1,30,21,0,1,0,1,0,11,11,2,101,30,4,0,0,68,3,2,2,2,11,21,0,1,6,2,3,2,5,1,32,1,1,1,0,1,12,91,55,1,5,2,4,2,4,28,7,1,3,10,0,35,25,0,9,8,0,31,5,78,0,329,0,9,9,8,2,0,0,49,1,0,1,0,0,40,74,0,39,3,79,315,17,1,14,9,17,0,1,0,1,133,0,0,10,47,0,48,4,1,42,1,1,1,14,22,6,0,0,0,3,0,0,9,0,1,1,1,1,265,0,0,2,8,0,20,0,13,0,19,8,1,0,0,1,8,6,562,0,0,5,4,1,1,1,1,1,145,3,2,38,27,58,62,1,2,0,6,4,2,186,8,0,1,105,0,0,1,29,4,5,0,1,4,26,2,31,0,0,1,0,0,0,0,4,24,0,56,3,24,0,0,0,2,65,0,12,0,0,2,5,86,0,6,0,0,0,2,27,4,3,0,0,5,2,0,0,74,0,85,0,2,14,0,2,4,31,1,69,4,68,4,1,6,0,0,34,37,29,7,2,3,0,12,1,24,1,2,9,0,5,0,0,0,0,10,0,1,1,7,37,0,0,38,10,22,199,6,51,0,0,0,19,70,17,1,3,2,4,0,0,1,1,1,7,0,0,2,0,23,0,1,4,4,0,3,8,0,2,7,0,2,1,1,0,0,18,2,0,1,25,2,0,0,89,0
"ENSG00000161640.15",5,5,7,3,5,4,25,6,19,17,11,23,105,87,113,73,33,7,3,23,50,165,18,21,3,16,14,11,2,3,1,5,17,23,9,128,14,22,5,5,13,9,9,7,77,11,1,19,31,17,30,24,148,29,27,6,49,3,12,6,3,16,0,45,33,2,31,15,19,12,8,29,3,16,15,79,2,3,3,45,20,1,13,3,5,5,6,10,28,2,18,10,7,18,11,46,39,14,15,31,15,42,40,3,18,10,6,57,14,3,6,174,3,21,11,2,8,7,15,43,12,11,5,36,40,11,0,5,3,12,35,212,21,11,3,110,1,53,8,2,18,6,9,81,10,73,18,2,17,7,29,94,13,11,103,50,8,30,16,5,20,9,27,10,0,15,45,3,2,10,2,8,40,5,8,6,27,6,20,38,63,18,6,16,6,24,21,20,1,13,6,388,164,32,14,5,65,9,3,9,2,4,6,8,19,37,22,11,27,12,79,15,21,1,34,10,24,6,16,17,20,0,14,1,40,57,15,28,41,15,17,6,51,22,7,145,53,22,5,14,15,16,6,10,7,9,15,31,8,36,11,7,31,26,91,24,97,3,66,21,30,56,31,8,113,0,5,77,29,36,22,125,103,293,1,1,8,54,2,24,0,32,0,79,9,5,41,31,26,42,70,10,16,23,28,14,30,2,2,6,36,26,6,257,14,9,20,19,3,27,8,3,2,3,41,4,21,42,5,24,5,6,87,18,12,11,68,3,83,54,3,124,19,18,10,67,21,50,10,3,52,60,7,9,6,7,23,52,11,158,66,9,52,55,2,102,2,2,7,8,3,26,11,5,10,14,1,35,16,18,43,13,3,39,8,7,8,29,31,9,17,53,9,15,68,19,4,12,19,3,2,11,11,10,2,3,12,7,26,30,7,11,5,10,65,218,24,188,55,19,14,19,9,24,7,4,5,39,5,95,105,53,21,77
"ENSG00000161664.7",19,0,11,14,42,69,1,93,19,17,30,33,26,38,63,18,50,49,66,28,65,6,29,29,26,37,14,33,9,19,29,43,39,68,10,27,60,8,10,43,4,15,34,41,15,7,11,4,1,14,5,16,12,36,25,29,8,40,23,2,20,21,17,20,4,195,53,30,31,61,87,45,16,9,7,5,69,29,38,52,110,248,21,80,65,91,4,63,26,5,75,71,54,1,6,6,6,30,73,23,18,13,32,9,36,43,28,10,49,29,61,16,15,9,35,4,81,4,53,105,14,16,19,24,25,0,0,15,63,101,22,12,32,8,118,10,23,7,31,26,7,54,27,6,26,541,44,81,24,27,6,8,16,17,12,38,14,169,35,28,32,19,27,68,12,36,122,90,26,62,17,15,47,130,38,9,27,74,59,62,1,221,34,62,23,20,42,21,32,36,16,12,42,33,17,64,7,14,6,270,42,59,219,127,6,35,10,33,7,34,49,56,7,30,24,54,2,4,19,57,2,16,1,18,16,6,122,80,32,14,32,38,14,22,7,91,12,7,2,7,31,32,16,46,156,46,6,6,43,143,7,12,5,22,8,13,7,34,111,63,203,26,83,38,2,121,46,10,77,6,42,8,30,2,62,34,8,2,26,23,37,10,6,2,49,48,3,16,11,41,7,37,18,42,14,30,64,20,43,80,37,13,80,9,5,12,4,26,111,105,55,85,25,206,59,54,25,74,28,21,46,94,3,74,26,77,5,48,4,6,21,7,17,21,82,5,37,273,60,8,12,25,24,33,57,11,5,8,43,3,4,57,21,40,10,11,31,83,40,21,20,8,32,109,64,15,35,38,4,14,19,46,1,15,53,12,73,8,37,54,20,20,79,13,10,10,45,36,7,65,62,27,10,80,23,20,52,13,46,4,25,15,73,11,38,33,37,57,3,10,31,3,32,9,37,28,13,13,26,16,6,24,24,4
"ENSG00000161682.15",504,5,67,28,178,18,2,27,10,173,14,191,23,26,194,18,36,126,8,71,35,2,180,44,13,13,69,10,17,23,72,174,47,21,8,17,29,16,40,37,11,193,39,26,24,17,55,46,10,30,8,75,9,35,220,13,12,13,18,9,24,100,78,27,10,67,14,12,182,178,479,31,37,2,31,10,193,19,108,63,96,41,31,79,29,53,4,8,96,8,181,32,11,43,10,8,7,55,625,154,31,20,154,10,32,57,41,7,784,171,60,30,79,38,142,7,259,8,137,20,4,2,5,10,14,4,9,17,14,106,7,17,145,37,130,5,18,9,21,10,10,198,78,20,92,204,15,45,96,825,11,19,60,46,33,25,2,183,35,51,238,27,70,53,39,40,21,688,115,246,28,31,14,49,18,20,67,44,47,10,3,299,32,121,16,23,44,53,17,5,133,236,55,28,16,20,7,23,4,151,7,56,171,37,11,4,9,54,18,87,61,88,68,17,45,783,34,4,41,59,6,16,5,17,11,11,43,42,6,30,23,17,92,22,5,28,15,13,15,22,759,26,9,48,144,397,3,9,31,34,10,25,10,50,5,155,10,88,18,32,41,33,167,116,18,65,134,16,23,4,24,11,76,8,8,12,232,14,37,64,28,18,10,6,20,57,9,34,21,71,56,14,18,145,122,220,349,100,55,157,385,142,658,37,3,19,18,18,29,22,4,93,5,80,31,63,26,94,85,12,72,644,7,95,54,367,25,210,9,13,26,14,17,95,57,13,16,391,118,5,9,6,29,367,27,43,47,49,50,19,15,251,21,156,8,13,18,172,47,1,21,56,16,100,611,7,18,137,18,10,16,19,3,8,10,16,7,7,31,20,6,21,15,8,5,4,49,67,63,16,251,25,10,75,9,31,17,157,55,10,12,87,68,1,102,210,20,23,5,87,38,61,19,11,39,33,4,812,45,42,14,5,130,14
"ENSG00000161800.13",835,24,114,180,939,665,238,280,167,1329,542,2719,2032,3594,1268,128,229,819,901,296,454,63,336,409,258,545,234,1355,189,732,1142,907,683,263,263,772,795,168,960,1096,90,987,1217,1167,166,204,164,733,90,175,256,1790,389,1172,820,562,225,1208,1262,1306,628,1392,1006,621,86,1078,244,426,2435,1083,1035,351,179,28,272,68,2004,241,1347,876,1220,562,1513,293,838,435,177,216,387,71,632,585,256,550,615,41,288,1417,939,1752,332,117,1236,361,472,1082,788,97,4777,543,561,191,399,769,445,217,2779,567,1804,4293,463,288,143,578,423,47,54,414,1141,1725,297,80,1701,133,1180,116,782,66,1914,137,68,1995,1068,229,316,3298,1049,415,904,1424,89,64,625,503,232,1208,183,1140,786,551,448,294,987,560,523,770,1310,1259,1378,6693,324,250,1242,3958,288,404,443,924,690,776,91,745,466,990,423,347,869,204,299,1600,182,3361,1095,1629,236,1017,135,468,269,1378,227,2408,941,2940,79,687,116,1951,415,1021,248,929,1083,345,930,1007,161,159,324,1179,37,441,389,140,110,50,1132,2957,104,1156,965,476,742,1025,99,903,95,532,703,429,199,383,661,353,1625,939,359,276,643,568,99,252,78,754,110,510,271,316,704,2298,1428,643,4579,1302,114,442,547,83,1919,79,571,86,830,99,189,782,541,81,469,874,1666,770,206,62,303,1084,45,265,222,445,309,407,291,287,827,1279,4954,916,388,355,1092,124,2516,125,457,131,106,303,425,1259,305,1493,549,482,651,789,3090,1083,341,326,1074,1200,110,2415,606,646,130,1077,445,72,3237,451,292,678,2808,140,624,3158,366,257,87,780,187,879,1467,747,49,237,682,74,219,2068,207,1846,404,120,1375,1058,1720,198,705,245,498,616,1773,192,405,1442,400,335,851,428,197,577,1269,93,941,32,315,1245,167,784,333,123,277,274,962,356,489,735,1003,704,104,1292,308,485,644,1677,317,41,265,273,262,276,2199,293,1036,1461,326,332,390,379,136,93,460,451,298,6631,626,275,69,116,3674,110
"ENSG00000161888.11",265,16,566,102,329,323,560,91,46,894,314,757,859,2036,3301,41,152,986,1426,129,270,13,102,306,184,228,831,2742,296,252,367,430,275,122,57,219,403,329,1165,507,252,372,505,29,47,539,69,750,20,107,265,948,165,548,271,1173,23,1027,2250,620,95,945,165,1487,28,591,80,54,1731,932,503,191,79,15,292,27,1381,235,1026,300,463,1295,589,178,976,431,319,463,84,94,1024,494,259,1482,110,11,96,809,630,1102,194,38,1651,188,403,451,659,23,1942,724,295,39,43,560,379,174,1555,246,901,676,201,813,68,673,439,4,28,1360,415,422,157,37,2131,103,730,17,331,23,1769,110,28,1357,336,57,251,741,402,1766,616,950,41,54,1004,1286,78,926,194,867,566,687,581,528,642,305,730,1212,602,2082,886,2089,1090,336,452,1981,436,157,412,314,144,341,38,450,294,386,349,183,723,100,141,2214,468,2070,619,740,448,1461,77,144,17,398,195,2203,438,3024,23,760,105,1152,1162,488,74,346,1077,359,320,523,89,140,221,607,28,326,1193,33,42,17,585,680,147,129,740,229,291,809,378,1592,61,356,686,281,57,244,101,69,1258,498,267,438,164,401,55,821,63,646,19,211,107,300,172,3849,1022,384,1467,1242,11,344,1046,39,1509,28,445,16,500,17,159,634,561,35,354,773,697,1849,221,38,335,858,7,169,1159,158,73,66,446,189,971,455,1890,166,315,143,589,114,1476,62,504,88,71,177,350,651,153,1294,573,811,364,331,1334,381,42,157,676,441,61,842,287,739,35,340,477,19,407,215,95,586,1272,47,1189,590,324,159,16,187,91,1059,1537,1007,154,653,584,8,31,841,107,585,218,38,665,955,432,252,130,75,176,1285,1163,275,1579,348,242,822,683,435,191,499,1513,221,573,24,70,776,347,1218,637,103,155,338,1018,190,633,499,447,354,55,936,363,318,379,1266,180,17,166,1218,167,114,922,158,351,349,737,36,200,772,91,64,346,212,294,1962,835,101,27,125,927,36
"ENSG00000162004.18",129,0,166,11,20,18,25,4,20,801,58,45,39,58,539,6,18,9,57,7,43,5,9,11,12,3,13,20,4,94,31,49,14,34,1,393,16,24,11,27,2,524,4,16,16,8,12,7,1,11,19,5,9,44,14,37,4,24,20,20,9,22,13,41,17,14,23,16,9,15,49,24,7,0,1,11,19,76,11,62,94,57,397,4,11,9,8,4,64,4,341,63,4,57,2,6,13,23,22,3,16,7,14,14,13,35,8,3,288,10,31,42,23,9,42,8,23,13,9,17,2,46,9,28,19,8,6,8,27,42,12,3,50,11,33,8,41,2,260,1,4,39,37,10,34,16,56,35,338,276,5,15,3,19,9,59,10,7,8,128,45,192,30,53,12,72,53,36,7,22,19,13,9,61,25,19,11,91,365,11,1,4,40,43,10,16,26,16,14,33,31,66,21,22,11,5,10,16,6,158,3,168,47,188,1,22,17,15,21,29,7,120,5,4,18,158,13,2,50,14,2,6,1,41,7,1,15,32,4,15,108,73,37,51,19,19,3,20,5,10,11,27,15,30,24,35,5,73,28,38,14,5,5,19,12,42,3,4,18,24,18,5,25,38,6,19,20,9,128,6,9,3,77,0,16,15,13,4,10,43,16,21,25,6,137,6,2,10,9,17,19,5,15,21,44,23,54,14,48,790,19,21,21,10,6,7,5,18,33,8,159,8,9,3,22,700,34,97,23,29,14,303,7,42,20,83,8,8,10,5,26,25,21,63,53,4,29,7,15,24,2,5,20,251,22,3,9,37,6,3,9,196,34,53,2,3,21,611,20,7,172,17,29,18,98,113,29,21,3,6,32,128,2,22,199,13,34,26,10,56,9,18,49,2,18,5,119,8,4,4,237,49,0,17,6,15,19,82,85,2,16,5,34,15,101,144,20,23,5,13,21,8,18,13,13,7,11,132,137,3,5,7,69,8
"ENSG00000162009.8",30,0,0,0,374,6,34,5,0,72,0,0,0,0,7,3,311,0,0,34,2,2,703,96,0,1,0,11,0,3,1530,235,178,0,0,1,2,2,0,0,0,285,0,0,1,0,0,0,2,0,0,26,0,0,0,0,0,0,0,0,0,0,0,0,0,44,0,0,0,3,98,0,44,1,0,0,174,12,3,1,0,18,88,0,0,1098,0,0,2,0,16,10,0,22,0,0,0,0,0,12,1,0,68,0,1,2,2,0,53,0,0,0,0,1,5,0,94,0,1,0,0,0,0,0,5,1,0,0,2,4,0,1,0,1,8,1,0,1,29,0,1,209,55,0,110,1063,177,162,5,325,3,0,0,0,0,0,1,8,0,3,0,5,0,476,81,0,49,1826,0,13,0,2,3,0,9,0,1,6,0,0,0,1371,0,0,0,1,0,0,3,0,3,0,36,0,1,5,0,265,1,372,15,0,9,0,0,624,0,22,0,0,249,277,10,0,16,67,0,0,0,0,1,0,0,77,0,2,1,5,0,1,1033,0,0,0,0,0,1,0,0,0,123,2,1,77,10,0,0,0,0,0,3,152,0,112,2,21,0,574,0,1,1,0,1,46,1,113,447,0,0,0,4,0,0,0,0,0,144,0,1,0,8,1,0,0,1,0,1,32,0,1,0,0,18,0,0,26,411,0,0,58,383,175,61,1,2,0,0,51,2,0,0,194,0,309,1,90,0,54,3,0,147,12,0,433,17,27,0,1,0,0,2,12,0,0,0,6,1,0,0,0,0,0,0,24,0,1,0,56,0,0,0,229,0,0,0,0,36,80,0,172,0,0,0,685,0,0,28,0,0,0,0,0,2,0,7,4,0,0,0,51,0,0,0,0,1,0,11,21,0,1,11,0,0,4,5,0,0,0,4,0,0,0,262,0,5,0,0,0,0,0,0,0,0,0,0,70,0,0,257,10,0,0,0,1
"ENSG00000162062.15",62,12,127,44,77,60,272,62,39,507,23,355,348,1134,459,59,30,189,165,16,179,4,126,106,160,56,170,358,46,168,239,369,222,68,139,194,175,48,590,250,93,202,124,79,39,153,72,163,6,40,69,216,101,465,100,351,25,139,601,391,86,182,32,514,23,127,78,52,807,739,348,55,73,2,154,14,240,130,579,413,283,457,518,330,402,86,55,59,112,23,472,200,58,1234,68,8,105,484,297,270,64,25,693,43,79,460,145,33,1468,167,122,26,61,249,238,126,258,62,457,815,46,345,20,320,233,2,21,492,88,428,48,18,455,60,540,21,89,24,1083,45,24,403,168,66,109,1333,358,572,180,145,20,9,144,310,38,172,44,251,360,278,126,222,458,169,93,462,324,1152,262,350,67,125,112,1810,128,54,186,539,274,84,8,71,79,265,131,69,257,49,46,491,117,704,562,668,96,357,42,171,39,386,77,863,134,1369,16,1420,27,286,974,298,102,191,819,164,66,226,39,34,105,348,15,386,93,52,29,14,123,777,62,119,326,263,118,170,27,326,31,83,147,212,35,83,65,66,387,486,130,78,105,95,26,102,33,328,21,353,71,86,86,819,633,159,663,1117,19,132,258,14,962,27,286,16,840,22,30,143,740,42,53,401,284,560,250,43,58,203,4,116,102,349,77,59,115,98,437,332,891,42,120,110,386,91,866,27,193,70,57,61,275,461,114,104,210,207,140,188,701,130,92,155,53,585,29,617,280,509,30,80,149,13,347,66,82,179,659,27,192,562,64,88,17,93,44,374,682,343,42,110,282,15,21,260,31,1354,29,24,153,537,254,55,396,143,62,234,478,24,233,249,27,196,377,131,46,128,861,48,284,19,43,311,83,332,101,63,106,114,495,114,193,636,173,95,57,148,17,112,167,858,102,12,123,73,128,15,332,68,287,281,273,67,115,516,26,13,203,50,127,802,287,55,16,61,919,21
"ENSG00000162063.13",129,11,64,115,450,217,542,155,95,530,152,416,739,2340,596,103,106,227,506,104,263,18,184,194,230,155,144,391,115,324,1370,598,476,130,59,303,252,89,448,328,75,440,461,206,74,159,114,309,17,94,138,1044,155,717,247,515,51,464,678,442,195,319,117,460,44,329,137,81,1024,758,759,150,87,25,140,52,462,198,885,484,669,704,557,252,421,260,85,205,167,81,486,270,145,503,88,31,146,642,486,545,203,55,431,115,242,521,290,45,2502,300,229,89,117,284,297,127,652,128,527,1071,45,238,66,282,339,12,24,371,148,529,191,80,643,62,746,69,149,66,1722,95,47,761,385,54,283,1729,334,795,327,298,28,101,262,184,82,402,82,442,300,342,309,170,790,560,268,492,925,1018,312,1493,141,135,223,1164,145,141,206,779,351,310,18,504,103,437,190,147,292,225,113,647,206,1342,874,1009,209,567,75,168,89,731,98,1701,484,1982,56,830,93,700,594,333,222,706,725,162,257,357,73,58,196,605,22,373,233,108,60,81,262,1401,82,239,773,245,210,372,44,681,100,109,365,173,94,122,60,382,298,280,128,67,165,225,59,156,77,529,55,433,90,134,206,1054,801,296,1069,980,56,252,430,66,926,29,375,46,992,64,143,294,493,28,86,882,633,624,152,56,136,451,22,135,192,277,122,147,155,272,359,647,2092,94,210,94,649,79,1578,79,299,66,30,174,228,977,240,695,395,307,234,290,976,398,181,190,390,434,57,686,436,478,49,217,158,48,998,222,127,165,741,36,281,1309,285,106,53,99,88,484,986,446,57,340,383,35,98,941,116,830,87,68,252,362,635,82,356,153,105,314,1152,117,177,903,57,180,451,218,112,258,702,98,860,26,178,826,75,565,266,79,102,141,785,216,201,631,520,171,64,353,183,140,334,801,150,47,193,153,339,40,742,75,398,600,166,103,134,273,77,36,354,82,158,1508,671,73,60,86,1169,38
"ENSG00000162073.14",344,11,20,48,348,38,27,83,26,647,44,640,145,317,401,60,22,52,102,245,219,30,263,177,60,32,49,156,13,343,710,288,153,93,50,253,279,65,139,156,6,390,68,126,34,18,43,100,47,49,37,237,99,98,70,306,26,31,178,453,284,121,8,405,34,65,98,67,434,493,551,78,46,17,18,13,113,116,226,197,216,188,427,76,243,54,16,41,105,9,496,235,15,97,19,10,12,131,87,388,131,24,252,33,100,67,104,25,327,36,171,46,57,180,38,78,721,32,131,501,25,157,18,348,69,9,32,296,60,577,71,21,71,64,526,30,88,11,1553,50,25,581,152,60,228,1180,209,199,55,966,20,35,61,137,80,257,16,97,90,315,90,102,756,202,110,249,174,551,180,668,137,88,103,205,41,81,93,113,735,87,17,133,119,411,87,80,129,43,69,278,68,264,727,520,150,135,38,161,40,609,51,1393,149,430,22,48,18,525,142,629,79,265,261,89,71,933,43,6,66,260,18,207,3,87,52,24,78,475,7,140,647,189,136,109,6,139,9,41,189,275,151,91,71,80,157,251,47,31,39,53,21,43,18,140,33,447,64,59,55,406,346,119,425,184,42,164,488,24,370,25,235,23,136,32,62,21,91,24,44,437,174,47,77,3,25,57,18,33,6,142,142,114,57,37,154,123,1181,37,69,297,547,10,309,40,19,42,16,119,267,187,54,338,156,415,91,113,255,124,141,89,306,426,11,237,142,465,88,259,18,19,232,28,63,107,270,37,198,595,33,23,16,44,64,158,306,145,38,45,88,16,35,1320,68,310,31,33,171,203,116,10,310,212,32,177,928,49,15,82,37,58,425,79,14,38,732,36,340,52,44,235,43,126,127,60,113,74,243,118,99,713,79,137,26,111,16,56,85,145,148,21,141,46,63,14,354,272,106,54,39,110,137,141,33,26,117,96,37,262,178,66,19,21,520,36
"ENSG00000162344.4",5,1,0,94,1,17,637,136,10,9,7,0,23,1,303,753,37,73,0,30,363,2,30,134,6,3,1,16,1,10,0,0,580,1853,1163,13,1,70,1,1,0,53,0,0,13,10,0,539,224,17,21,177,191,0,0,72,0,2,521,33,0,820,0,5,87,15,5,0,4934,7,1,21,1315,2,0,8,53,297,2,7,2,97,13,204,870,144,0,0,0,5,767,3387,0,29,3,3,0,0,0,4,1414,8,238,29,133,0,0,8,896,1,438,6,2,19,0,187,24,10,311,5,0,173381,4,4,17,2,242,1,6,5,24,7,5,22,26,0,337,4,1,68,53,49,27,23,341,29,4043,42,320,2,23,219,410,68,0,2,40,40,1,10,41,240,10,39,77,4,3,5,6,113,157,772,0,2,97,5,2,0,817,1,1,19,295,0,1,356,0,225,1070,1,356,10,61,6284,894,4137,0,7,0,2,11,2,75,14,0,28,0,290,0,4,71,409,856,4074,1096,11,2,0,1,0,3,2,7,41,3,52,0,1,57,2,163,34,1,4,8,26,69,1,0,32,3,29,6,30,265,85,99,22,0,1,6,289,0,0,8,6,42,20,5,10,3,330,1,3,50,373,80,4,1,54,17,0,5,1,0,3,58,1,0,1,0,1,0,1,84,1612,0,24,0,47,14,1017,1,0,146,14,2,1,45,1,228,20,0,1,22,11,0,299,388,1,1,141,2403,18,1025,106,0,14,0,13,172,1,1,0,4,2,91,4,1,3,0,1,8,1,2,10,1,3,0,1,1,0,1503,153,0,342,1,4,0,5,0,0,135,1,68,45,10,35,3,1164,4,1,7,14,24,18,5,1827,0,51,6,4,5,0,7,56,327,71,26,0,0,1,327,933,1354,68,32,2,0,2,320,0,57,134,11,854,1,2,2626,546,2,3,13,218,2,0,9,2734,4,0,13,0,80,2,4564,5800,1,9,33,21,1,184,40,45
"ENSG00000162365.12",49,16543,6,3223,1193,8730,2123,17333,7830,3251,1074,454,1247,42,18,11805,8567,4176,2854,2044,6237,18472,6856,6151,18887,9499,1120,3930,951,4152,4560,383,7445,9116,10589,55,1022,425,2502,3890,5234,11,771,17953,7984,3408,2241,990,17800,12551,6189,631,11427,1202,9537,10794,1880,5039,7103,5174,8845,1438,3710,5253,9348,1681,7461,2318,1808,1163,798,2636,2084,14053,14777,18427,629,1525,843,1586,1403,1026,43,2616,4864,6489,1703,2256,91,1338,1022,6523,2267,361,964,7959,2543,6200,732,260,3154,18695,26,4921,1734,162,8802,13437,29,3664,6550,7436,230,458,1834,3139,395,9197,1431,1151,511,6545,7803,7834,2762,6566,2765,723,4044,272,8219,8631,282,1798,391,13958,9493,17901,1088,12301,9999,4723,1232,10147,1407,403,337,62,285,1948,16748,14752,3155,7186,7235,309,613,8825,1400,2823,4788,977,3057,2341,75,692,4782,738,4582,1069,10685,4737,1137,3634,4305,1584,4234,625,1690,1494,7083,2067,580,3156,11215,10684,10878,14685,2331,3043,2825,7,2461,8036,10613,2640,9444,3465,142,680,4989,1396,2302,1021,18280,1606,4161,3614,3343,11028,13840,12317,1992,3142,3401,139,3169,1990,2727,11487,11775,2141,1478,1866,8272,17211,18782,1458,89,4868,3377,3234,1207,2932,8310,888,17241,3443,9603,6372,5767,2692,9167,3286,52,578,1290,2031,7308,2527,2325,1915,12407,1790,18794,9587,26973,702,24,8398,9559,8799,4,1411,4603,1411,814,11404,4012,16312,2487,6501,217,7925,920,2080,576,17097,14908,1608,3064,806,573,7368,12119,742,15239,4092,1581,185,6670,1667,547,3236,8782,2694,741,11685,33983,9,4495,285,0,4969,2611,146,560,2812,6878,1815,9193,1197,6163,476,1338,46,211,727,386,4089,252,1114,19850,31,3531,5279,9574,3092,611,5347,773,6117,3865,2959,400,13601,12168,615,4453,11,23047,1068,517,578,245,2000,2866,1332,130,6670,11329,3728,7021,10636,2423,15350,1360,150,400,4338,1170,10028,2500,183,973,12944,339,2305,3362,2756,12328,1573,1054,1069,1414,5571,5606,11113,15960,1332,17026,2503,25389,1147,6134,2516,1098,4997,3569,784,1719,2988,5840,1384,3135,2269,4238,201,3876,7551,8189,1622,7678,1757,122,0,51,685,4642,504,1426,4412,3982,3494,1435,2798,1315,1,8059,7916,24062,24016,7,10840
"ENSG00000162366.8",9296,99,214,4420,183,37,25,31,2453,7867,52,278,4,55445,32604,599,101,6933,21,46,5172,62,7897,4731,819,100,1587,2761,8,3236,2,2785,13510,307,7996,231,3427,46,42,117,3580,407,1,50,1286,459,14802,5113,283,44,990,203,111,9,20,2195,8668,5,20,3333,381,615,259,98,1261,9,100,546,43,1876,654,3397,67,56,1750,52,520,5718,479,547,2459,356,4519,13525,13808,39,1559,5779,33,7853,6003,26911,0,252,404,7,63,976,6,882,1666,899,10705,5690,344,29,14252,30,229,9,7204,333,34,1316,17,1829,24,227,22,682,7598,4024,2155,55,12497,44,295,6,20,7101,283,47,1792,19771,2304,118,80,78,32,7,336,86,8016,2269,135,5855,14,47,57,18701,51,400,15184,14520,8848,911,5614,97,268,5460,5408,65,14733,235,66,428,185,462,132,62,191,1270,1567,335,1253,280,3706,17,13203,53,36,97,1863,1538,360,22554,16786,762,2744,9,35,15,44,3785,5770,70,151,366,4,8358,92,8894,30,9,80,22018,1598,1527,4013,5675,942,278,392,42,361,18978,238,28,381,4849,59,6301,46,39,406,110,1815,104,8142,142,41,669,2641,2136,62,1902,78,98,10686,18,1102,3076,2245,87,363,120,8,2455,9927,3137,3119,82,72,24,116,5035,78,26,682,801,7894,181,1654,0,59,4451,277,112,148,233,7349,268,24,69,292,7,44,207,3385,2400,144,271,756,388,496,396,50,15884,5,86,2632,664,535,109,2664,99,72,3337,149,30236,303,165,94,138,326,4650,555,6,28366,3,21,11,13454,5473,3641,24252,25,22,3,11890,424,9051,50,11,574,6276,4126,1424,64,61,69,50,12392,17784,1679,56,3225,10197,7,92,49,1066,174,126,1266,7510,0,20,16,176,177,24216,127,36,45,129,46,112,4,1141,2311,21008,2602,63,3112,103,2613,40,573,5639,14907,12,16,136,2043,9,28428,647,0,946,18165,1280,650,748,3038,5677,40,6777,11994,4129,660,486,87,2357,622,937,252,13,1921,84,661,495,49,2291,5152,11,3731,10,33,9,431,2062,442,5705,182,11,19461,7,24,395,111,9,3981,120
"ENSG00000162399.9",0,0,0,1,2,2,5,2,1,0,1,2,2,1,4,1,0,0,0,2,7,0,1,4,30,0,0,0,0,14,122,7,8,1,2,0,9,1,0,0,0,2,0,0,1,2,0,2,0,0,0,0,2,35,0,54,1,0,1,0,1,0,0,0,0,12,1,0,3,3,32,1,0,0,0,1,0,4,26,3,44,3,2,24,7,3,1,0,1,1,1,1,15,2,0,0,0,0,97,1,0,2,1,3,0,1,5,0,18,0,0,1,0,0,27,0,2,0,45,10,0,10,0,2,1,2,2,2,25,0,0,0,4,0,19,0,0,0,58,0,0,1,6,1,10,1,10,0,30,1,0,2,0,1,0,0,0,2,1,0,0,8,0,1,3,0,173,2,1,5,0,7,2,0,15,0,0,128,2,0,0,2,0,2,0,0,1,1,0,4,0,1,17,5,1,37,0,1,0,1,0,0,5,4,0,8,0,1,1,2,2,1,20,0,30,2,0,1,1,24,0,3,2,1,1,2,2,2,8,14,18,0,0,0,0,0,0,0,1,2,3,0,0,3,2,1,2,2,11,1,5,1,0,6,0,4,1,0,0,4,7,0,1,151,0,3,8,0,2,2,2,0,21,1,0,13,1,0,0,82,13,15,0,2,0,2,0,8,14,2,1,0,2,1,0,4,19,0,4,0,1,12,7,0,0,2,1,0,3,10,1,0,0,0,4,0,8,5,0,9,1,13,1,15,0,5,0,0,0,0,1,10,0,0,0,0,1,2,1,0,0,0,0,6,174,0,0,32,6,0,0,144,0,160,1,0,3,16,2,9,5,2,1,8,4,0,1,17,1,1,3,0,1,9,5,0,2,1,0,9,0,1,1,1,0,5,1,89,0,0,133,0,4,5,6,1,46,13,0,0,3,1,0,1,0,1,2,9,0,1,0,23,0,0,0,0,2,1,14,0,0,1,0,0
"ENSG00000162595.7",8,183,33,32,21,3,1,40,17,19,59,46,21,56,4,260,28,34,6,38,14,461,15,106,811,5,1,13,0,257,24,93,7,803,61,141,53,26,9,13,142,19,14,27,273,9,5,11,117,185,6,4,399,4,25,11,146,4,24,3,50,17,0,70,12,0,238,53,11,10,44,12,14,487,22,269,14,19,6,140,7,39,21,8,71,30,7,14,19,29,25,70,4,1,5,78,54,7,5,42,55,363,8,9,19,8,35,177,133,1,13,270,28,8,2,45,18,1,15,8,5,4,40,150,7,1116,292,2,6,22,148,280,10,7,15,338,53,466,1,27,221,48,65,362,35,199,67,4,6,4,151,248,42,69,20,11,24,70,57,49,6,4,102,17,2,11,10,19,1,145,403,26,176,16,16,3,16,0,97,70,221,16,7,3,10,17,291,224,25,360,11,46,4,14,71,2,229,42,4,8,62,2,13,340,431,3,17,178,14,2,48,13,22,6,27,26,40,277,23,80,399,189,7,12,116,787,80,29,1,13,42,441,8,30,16,6,425,12,11,166,143,14,45,32,2,18,1,4,13,225,68,45,269,47,316,6,243,3,5,671,238,770,103,1,49,16,36,458,3,520,10,227,2,168,59,2,3,133,59,7,428,2,334,41,142,20,277,33,1,20,111,12,2,0,30,30,140,8,4,25,42,2,565,68,0,61,50,172,22,0,304,5,1,52,110,22,3,10,18,4,5,56,173,4,11,9,170,49,2,297,2,38,136,4,14,561,65,42,57,9,601,206,4,45,4,42,218,2,18,295,293,27,243,0,56,118,2,130,7,4,9,12,9,35,99,536,7,3,129,34,2,47,5,3,18,12,2,471,23,533,135,11,384,18,547,64,6,10,16,5,7,68,114,15,1,25,35,5,188,284,148,2,148,19,43,50,33,2,160,18,29,23,35,124,160,7,14,343,7,98,466,55,35,133
"ENSG00000162670.11",0,0,0,0,0,0,71,0,0,0,0,0,8,13,173,6,0,18,0,0,0,0,0,0,21,152,0,73,0,9,0,4,5,34,9,0,2,1,0,0,0,0,0,0,0,0,0,0,1,1,0,7,0,0,0,0,0,0,8,1,0,998,1,13,0,0,1,0,8,0,92,0,14,0,1,0,1,0,2,44,1,32,1,0,127,3,6,0,0,0,1,16,23,4,0,0,0,8,61,0,0,0,0,0,0,1,1,0,128,0,0,0,0,0,0,8,0,1,3,0,0,75,0,0,4,0,3,1,0,122,5,0,156,0,0,0,0,2,51,1,0,1,22,0,0,232,1,0,0,0,1,0,1,3,4,0,1,3,0,118,4,0,4,0,0,4,122,1,0,106,0,30,0,655,0,0,14,40,0,8,0,0,4,0,0,3,5,2,0,4,0,24,1,10,15,2,0,0,0,0,2,3,0,265,0,163,0,0,0,1,0,1,394,7,46,0,1,0,0,4,0,47,0,0,0,0,5,9,0,0,5,2,0,0,0,2,0,0,113,41,0,48,0,0,6,0,0,0,0,0,4,1,0,1,0,0,1,0,0,17,115,91,0,45,0,0,0,0,17,0,59,0,59,0,2,0,102,0,0,0,5,3,0,2,0,1,0,0,0,1,1,0,0,11,0,92,41,2,2,0,0,0,3,0,0,0,0,10,3,1,1,1,1,0,0,0,5,25,3,13,0,0,0,0,2,1,2,0,0,0,9,0,16,0,0,0,0,0,0,0,0,0,0,3,3,239,0,0,23,0,0,0,0,50,0,0,0,0,16,0,1,0,1,0,0,3,6,0,0,10,0,1,3,2,10,0,0,0,1,563,4,43,9,0,0,0,0,10,0,0,0,0,0,0,0,0,64,53,14,0,0,0,0,0,2,492,12,38,84,0,1,0,0,0,233,1,20,1571,2,1,0,0,0,0
"ENSG00000162728.5",3,0,0,0,2,2,0,3,0,0,23,15,4,2,0,0,0,3,0,0,1,2,0,0,2,3,0,0,3,0,0,0,2,0,1,2,44,0,0,3,0,1,3,4,0,0,0,0,0,1,0,6,0,1,0,0,1,0,0,0,17,4,0,0,0,25,0,4,0,2,1,0,0,0,1,0,3,1,199,1,5,3,0,0,0,1,0,3,0,5,3,26,1,1,2,0,26,13,23,2,0,0,2,2,0,0,1,0,28,3,1,0,0,0,1,1,3,0,0,192,1,1,0,0,0,0,1,1,1,2,1,1,0,1,1,1,0,0,0,0,1,0,1,2,0,3,2,0,4,0,0,0,0,3,0,0,0,0,1,1,0,4,0,0,1,1,0,0,0,4,0,1,4,0,0,1,0,7,1,0,0,3,0,1,3,0,2,3,1,0,1,0,0,1,1,1,2,1,0,1,0,0,1,4,0,0,0,2,1,0,1,3,1,2,2,3,4,0,1,3,0,0,0,0,0,1,8,2,0,4,0,3,1,7,9,7,0,3,1,0,2,1,1,1,1,1,1,0,0,0,0,0,0,1,0,1,0,1,122,1,2,0,0,15,0,0,0,0,0,0,0,0,0,0,3,2,0,0,0,0,2,3,1,0,1,0,0,1,1,0,0,0,0,0,5,0,1,0,0,2,1,3,1,0,1,0,1,1,1,1,1,3,3,0,1,4,1,3,0,1,15,1,1,1,1,0,0,13,16,0,16,0,1,2,4,0,1,1,12,4,0,8,2,1,2,0,0,0,1,0,0,1,4,2,0,2,5,1,1,0,4,0,1,6,3,0,0,0,0,1,1,3,0,5,1,1,1,0,0,0,1,2,4,0,2,7,2,1,0,1,4,2,0,3,0,0,12,268,1,0,0,0,20,0,0,0,0,0,0,0,0,0,2,1,0,1,0,2,3,0,0,0,119,1
"ENSG00000162745.10",401,2,1640,351,571,75,59,187,96,766,232,391,194,2569,1002,92,229,277,79,205,336,47,826,323,123,89,213,368,59,706,474,977,844,394,150,902,565,106,313,594,104,1309,650,218,102,94,124,922,25,159,177,697,55,188,448,324,244,339,309,254,254,712,34,154,21,432,313,173,234,417,862,1191,322,3,133,32,846,138,111,379,374,100,285,512,266,270,166,36,2676,175,825,469,47,423,107,26,66,1144,229,769,483,49,661,199,646,745,353,46,292,82,979,216,3112,1035,452,189,846,104,163,721,52,216,69,187,425,30,220,137,115,442,311,42,358,374,717,43,607,15,496,174,21,1081,1534,40,507,1077,354,280,672,600,18,59,351,238,601,87,47,733,379,554,1105,168,423,428,375,971,1377,589,156,606,26,221,483,705,351,204,630,504,397,129,17,762,436,572,173,224,498,723,159,22,61,13779,274,308,420,61,31,161,73,588,131,71,1998,444,34,238,257,644,200,92,345,417,370,241,2025,606,83,154,1183,1123,8,264,510,119,51,29,136,596,318,1209,106,406,851,515,115,628,10,362,263,661,346,626,174,57,773,294,17,236,584,150,130,99,14,374,47,114,36,992,214,712,364,445,949,205,81,876,149,34,452,25,434,51,278,77,445,62,723,22,81,636,224,199,241,30,54,649,13,638,267,724,346,242,277,265,278,284,530,458,824,320,558,422,1012,108,118,307,203,299,84,152,61,496,81,359,625,1378,650,3913,4757,211,1084,372,30,775,446,121,206,168,231,16,217,217,451,158,290,56,206,2043,168,67,24,443,946,78,198,272,314,404,395,29,97,1381,144,530,57,40,291,184,665,65,302,655,457,784,3311,88,157,1609,148,263,82,356,28,179,189,41,139,10,251,239,100,433,69,321,65,172,382,114,164,76,627,172,27,695,27,382,237,378,777,35,134,37,489,22,2528,642,392,594,196,3210,893,151,505,111,686,90,187,43116,508,221,19,67,803,57
"ENSG00000162763.4",0,0,0,0,0,2,0,0,0,0,47,30,1,0,1,2,0,17,116,1,5,0,0,1,0,0,0,0,4,0,0,0,0,0,1,1,13,0,0,0,0,0,0,166,1,0,1,2,0,0,0,1,7,5,4,0,7,0,0,0,15,26,22,0,8,0,0,40,1,1,0,1,0,3,1,1,0,0,0,0,7,1,0,27,8,0,0,50,4,0,11,1,0,0,298,0,2,0,2,0,0,1,0,8,1,6,30,6,0,0,2,0,0,0,0,2,4,0,0,2,35,1,9,16,0,0,0,2,1,5,0,0,3,0,3,0,0,0,2,0,0,1,1,0,1,4,0,0,0,0,2,0,3,36,0,3,0,1,6,1,0,11,13,0,0,1,0,0,4,0,0,0,7,1,13,4,5,19,0,43,0,1,0,0,53,1,0,0,1,1,0,0,0,2,11,0,0,12,0,0,1,0,0,1,0,0,10,3,6,0,0,0,0,0,0,0,23,20,0,2,1,0,0,0,0,0,11,0,0,36,0,0,0,44,14,6,0,9,0,1,7,0,37,0,0,2,0,67,63,26,0,0,0,0,0,1,1,0,28,0,4,0,1,2,0,0,1,3,103,0,0,0,0,0,0,0,0,0,90,10,15,1,1,0,0,0,0,3,0,0,3,0,0,8,42,1,3,148,0,0,0,0,1,0,0,0,0,0,0,7,25,3,15,11,0,0,28,0,5,2,0,0,0,0,2,13,2,2,6,1,20,0,0,0,1,2,36,0,22,1,0,48,0,0,21,0,6,0,0,0,0,6,0,0,0,0,0,0,0,0,50,0,146,0,0,1,1,0,0,0,0,6,0,41,16,0,6,0,0,0,6,2,0,0,3,0,3,8,1,0,5,44,4,1,0,0,27,1,6,2,0,0,0,0,2,0,0,0,0,1,0,2,0,0,0,0,0,1,0,1,0,1,2,0
"ENSG00000162769.13",431,36,281,246,1576,943,381,185,105,234,705,593,669,1035,695,134,441,772,872,579,1062,153,338,388,197,319,380,421,169,560,1319,192,1042,388,329,674,396,389,607,761,177,526,1659,680,210,459,167,1134,120,126,376,1428,289,790,666,823,162,2542,451,380,478,612,692,281,152,1822,135,388,1034,803,1502,465,444,65,110,114,973,620,1992,681,959,972,1869,925,879,246,237,396,817,183,1363,941,1124,286,391,39,276,490,2074,1105,363,160,551,234,327,1437,1421,109,2352,1125,690,192,408,525,839,504,1800,446,1323,1836,305,221,223,1065,528,140,89,278,1794,933,332,62,1354,301,1017,92,798,99,1689,155,57,1534,1017,223,517,333,695,916,1415,330,106,125,331,325,328,777,323,840,187,223,428,569,869,1165,430,280,1619,1343,547,5059,952,282,2313,2400,1577,316,993,839,877,1067,84,845,847,809,705,386,506,451,878,834,664,539,789,557,471,1056,112,968,465,1175,409,488,1549,2201,77,918,247,631,222,258,172,1012,1070,690,459,463,420,414,259,2087,73,149,1013,544,149,138,600,912,1191,1461,1553,552,723,552,230,1167,100,361,509,552,288,579,363,437,2371,982,909,200,388,434,59,394,70,1305,82,297,106,347,1775,965,435,283,2188,2478,299,946,1392,171,752,104,390,63,835,75,1359,1658,342,24,294,450,520,846,129,48,605,2619,118,249,1590,746,188,534,544,964,382,611,1559,397,258,390,1181,97,774,123,421,537,122,296,541,1712,476,2314,993,1676,1866,461,1275,1211,862,339,2330,700,81,2012,542,487,149,755,544,102,1086,525,174,816,2092,144,904,1458,966,704,69,610,651,731,1343,223,151,457,651,52,115,1494,255,3882,407,167,2259,1091,1110,781,3869,221,715,2700,1097,230,679,1597,317,606,650,507,742,566,583,230,836,241,207,305,247,261,510,753,309,1063,793,399,516,842,2355,430,88,1257,1291,904,441,1474,536,134,169,560,223,332,676,229,1795,1692,150,505,314,194,278,103,1055,747,264,441,1201,265,77,146,772,287
"ENSG00000162782.16",2,1,0,0,1,2,0,0,3,0,0,1,1,324,8,3,0,5,0,12,6,0,8,0,1,7,1,9,7,102,4,15,35,0,63,0,3,14,0,0,0,33,4,0,0,1,1,1,5,0,0,13,2,10,0,0,0,0,0,1,0,5,0,5,0,0,0,0,0,1,1272,4,0,1,0,0,460,0,3,22,26,11,0,0,0,2,0,18,2,0,27,26,10,0,0,0,0,0,63,14,1,0,1,0,0,1,2,3,511,0,0,2,3,2,1,1,3,1,957,161,0,25,0,0,3,0,0,0,0,1,0,2,381,0,5,0,1,0,8,0,2,1,418,1,1,2,12,0,39,0,1,0,0,3,1,0,0,0,0,0,0,5,3,0,3,0,73,0,0,3,0,0,4,525,0,0,0,3,50,3,0,1,0,1,1,0,1,0,0,2,0,0,0,2,3,0,0,2,0,0,0,2,166,2,0,0,0,0,2,0,2,13,0,5,1,0,1,0,11,1,0,0,12,0,1,0,0,444,0,1,0,1,1,1,0,4,0,0,1,0,8,4,0,6,1,35,1,0,5,0,0,2,0,0,1,6,0,0,1,20,3,0,1,418,0,1,0,1,0,0,15,3,93,0,1,0,3,1,0,7,44,5,0,0,0,7,0,2,0,7,3,0,0,0,0,229,163,0,1,1,2,0,150,0,76,0,0,2,0,47,0,2,0,24,2,0,0,3,0,0,0,391,2,71,5,3,0,0,0,0,139,2,7,1,1,1,2,44,0,0,2,0,0,12,0,0,0,0,29,0,3,82,1,0,0,0,1,22,1,0,0,3,2,27,128,2,0,5,0,0,0,0,0,1,1,1,0,1,0,101,0,1,1,0,0,1,28,42,0,0,69,0,0,2,0,1,42,16,4,0,3,8,11,0,10,4,10,93,2,0,0,0,1,0,1,2,44,0,2,3,0,0,1,3
"ENSG00000162840.4",37,434,73,84,3,4,21,16,107,114,12,4,37,32,20,155,2,2,2,29,8,694,18,1,27,0,1,25,4,6,1,0,4,143,18,117,78,10,2,8,177,4,1,4,100,8,66,22,671,19,1,30,88,6,34,1,192,80,344,24,5,24,0,31,70,3,13,19,16,2,11,16,98,647,29,67,0,14,2,48,10,1,48,30,21,3,93,2,40,12,5,10,8,20,2,27,94,3,4,5,16,137,39,2,21,6,56,115,8,1,1,389,128,41,6,154,4,49,31,9,0,5,62,69,35,1530,545,8,9,3,28,94,4,114,30,385,6,670,10,22,34,14,4,152,7,3,9,3,2,1,589,297,32,8,44,19,103,33,26,10,21,27,24,0,6,39,26,12,3,26,66,5,16,3,19,19,0,11,29,6,129,1,9,1,2,78,25,21,45,5,24,55,15,0,7,4,33,10,312,1,13,3,1,1,88,18,90,1,79,209,65,16,15,24,55,0,96,1006,65,120,575,18,70,2,37,297,2,7,8,17,15,24,17,8,50,12,96,23,2,401,34,7,8,1,2,24,15,57,25,9,288,10,382,40,288,28,56,14,3,9,33,55,2,17,297,6,2,166,42,595,30,68,5,135,27,16,25,229,12,17,2,17,5,915,22,37,372,8,7,24,222,34,2,2,35,5,3,5,116,7,6,9,30,292,28,515,152,2,13,10,21,0,0,5,388,33,71,6,213,28,2,6,142,2,57,3,421,14,31,466,17,48,201,2,783,880,20,79,18,112,294,23,6,16,18,10,89,4,18,620,510,26,26,7,12,180,0,2,10,144,30,193,43,9,36,94,9,1,585,4,21,31,358,9,15,3,8,415,12,0,6,35,5,219,110,34,1,9,24,0,2,4,25,2,0,5,34,5,80,142,22,12,6,1,61,6,47,4,15,159,21,26,41,163,7,1,2,18,3,570,131,17,29,795
"ENSG00000162873.15",89,0,3,16,168,158,12,5,3,1746,3,0,5,33,17,4,12,2,2,52,20,3,92,5,2,0,5,4,14,11,116,81,30,3,3,4,2,0,1,5,0,108,5,0,6,3,10,13,4,2,0,17,3,6,0,0,0,6,2,2,1,9,0,3,0,676,0,0,19,5,18,8,6,2,2,1,114,11,63,1,13,1,22,2,1,14,0,0,50,0,23,10,10,6,0,2,0,6,3,7,3,1,188,0,10,84,3,4,620,174,20,25,26,13,19,4,52,2,7,1,0,16,0,8,12,0,5,2,90,42,0,13,8,12,12,3,3,0,3,1,1,135,19,3,16,58,23,45,29,79,7,8,2,4,7,3,1,30,1,9,9,2,13,62,41,12,66,168,1,45,0,11,2,3,17,2,5,27,10,1,1,52,5,17,0,0,315,6,7,0,8,24,3,10,0,93,3,14,0,39,1,5,115,3,1,3,17,10,2,1,7,19,10,3,9,95,3,1,12,21,2,13,10,8,0,0,1,12,9,0,184,10,8,3,4,0,14,0,3,3,180,9,1,160,62,19,0,2,2,1,1,110,4,46,3,2,0,75,2,55,6,0,43,13,1,54,28,5,4,2,15,3,1,1,1,283,56,5,0,25,1,12,0,4,2,20,2,37,19,9,7,6,13,4,0,134,35,5,0,484,3,13,28,25,4,4,2,9,4,6,0,105,3,51,2,53,3,62,4,2,124,29,6,46,18,1,6,1,0,3,0,8,10,1,4,4,1,31,2,3,0,2,1,100,1,2,2,29,80,5,3,62,3,17,1,4,131,26,144,10,0,33,4,46,135,1,9,6,1,6,6,1,8,9,0,0,1,1,1,2,1,2,0,3,4,0,96,5,0,1,31,1,1,22,20,4,3,10,4,1,0,1,37,0,29,1,13,2,1,23,6,0,5,1,29,8,2,1016,54,34,9,0,5,2
"ENSG00000162931.12",395,2,18,2,45,19,1,1,1,3,7,36,14,327,15,0,1,1,1,52,56,4,12,4,2,2,29,5,18,0,19,9,8,5,9,8,8,1,1,3,0,24,224,3,6,54,1,0,2,1,1,12,1,46,2,6,3,45,2,1,2,2,2,1,1,2,5,1,10,102,76,7,2,0,0,1,1575,11,49,12,31,19,2,4,6,10,1,3,4,0,333,10,58,0,0,4,10,4,136,3,0,0,24,0,13,12,3,1,727,304,54,4,1,3,6,1,131,3,107,52,1,3,1,4,5,0,1,0,97,21,1,3,8,0,16,3,1,2,33,2,2,133,7,9,76,6,7,15,58,13,0,0,4,0,2,3,1,53,5,7,4,10,28,5,14,4,117,47,1,5,2,1,5,31,6,4,9,9,221,1,2,7,3,90,0,3,6,4,9,1,1,9,597,8,2,5,2,3,0,62,1,2,98,16,0,2,3,3,4,1,8,97,2,3,5,11,3,0,5,1,0,0,4,0,4,1,1,3,1,7,22,1,7,4,2,77,2,3,0,0,24,7,1,5,206,49,5,5,9,3,1,2,1,5,2,33,1,3,15,5,7,2,27,76,0,53,15,2,3,0,1,1,32,2,6,73,10,0,24,7,1,8,0,2,1,28,3,7,40,33,15,2,130,3,73,68,6,2,0,579,7,21,80,4,24,2,1,2,9,23,3,383,5,78,1,53,8,109,7,22,157,668,4,238,11,218,2,3,10,0,2,3,6,24,8,3,3,12,58,0,0,2,10,78,15,1,0,25,10,0,1,41,2,169,0,2,180,234,23,0,5,4,4,10,133,2,5,113,1,0,4,11,1,4,5,2,3,14,6,3,3,22,1,1,1,4,89,8,3,62,238,0,1,228,98,4,1,50,14,0,4,0,16,1,10,6,6,205,1,4,9,3,0,2,0,0,0,7,24,6,1,2,6,11
"ENSG00000162949.16",62,0,4,1,380,318,0,48,0,70,1,0,0,1,44,14,6,0,0,95,60,118,180,0,0,317,1,0,171,3,1183,590,39,1,15,0,2,2,0,2,0,57,4,0,0,39,3,0,14,2165,0,7,26,4,2,0,8,2,1,3,0,115,1,6,5,26,0,0,15,3,17,3,2,4,0,2,0,11,4,163,9,30,1,45,11,154,0,0,1,0,68,6,5,0,53,0,0,1,1,2,3,1,5,0,7,6,151,6,77,0,365,3,0,10,1,13,102,0,0,0,0,2,884,0,22,8,3,23,240,7,1,1,0,2,64,0,1,1,7,61,6,551,189,4,411,0,112,325,3,29,24,1,0,2,7,0,1,0,1,9,3,3,28,453,219,2,546,71,156,0,1438,1,1,16,10,15,16,2,608,1,0,22,0,1,0,0,61,117,0,50,0,21,2,5,27,50,12,228,0,22,0,1,63,2,2,1,2664,256,4,1,17,40,0,1,62,54,3,1,8,0,0,87,0,62,7,5,3,7,2,2,90,4,17,0,0,0,3,0,0,2,163,14,0,71,98,2,0,0,2,0,0,0,0,0,2,1,2,15,0,24,30,0,285,0,2,206,29,6,168,4,5,3,18,4,49,107,3,5,0,140,73,25,0,1,0,1,12,1,0,0,11,1,318,0,4,1,12,4,0,179,3,9,2,7,0,1,0,0,1,0,0,210,0,129,14,407,2,199,15,5,17,6,0,151,13,2,1,1,5,3,0,0,6,2,1,22,0,5,0,1,24,0,6,11,5,1,26,5,4,0,9,3,0,0,0,7,66,42,0,344,9,10,1,467,442,0,0,0,0,1,0,0,0,0,420,1,6,5,0,9,92,17,39,0,20,0,214,15,0,0,144,1,22,754,359,1,2,0,28,10,0,19,45,1,2,0,0,0,0,2,4,1,19,20,2,969,122,2,159,9,0,0,0,16
"ENSG00000162975.5",678,0,30,30,533,7,16,3,0,671,7,0,6,4,524,5,17,4,0,54,15,2,276,31,0,1,21,36,7,33,156,337,92,2,119,96,35,1,1,6,0,379,2,1,8,9,119,11,6,7,1,10,2,7,6,0,8,4,9,3,0,6,0,8,0,12,0,0,16,34,11,43,23,1,2,1,1566,37,4,3,7,0,33,1108,1,11,1,0,277,30,127,13,2,25,11,0,4,1,2,9,24,1,205,1,221,15,9,10,104,279,25,3,120,24,7,3,30,2,132,75,0,4,0,1,16,0,29,5,26,22,1,8,13,75,140,4,4,3,2,1,1,88,306,1,34,387,239,54,108,402,1,5,15,6,20,1,0,324,25,11,11,163,17,97,63,3,69,2398,6,37,0,7,128,4,467,0,40,8,12,2,0,586,0,9,1,0,13,12,1,0,5,32,54,0,1,1,2,89,19,63,5,0,108,2,3,0,1,3,18,0,109,11,136,14,40,128,6,2,95,17,1,10,38,19,10,4,3,38,13,211,89,5,84,1,2,2,0,0,4,6,332,21,0,34,17,86,75,4,6,0,2,1,0,64,0,1,5,731,21,2,9,6,17,1,6,265,244,4,2,5,93,1,75,0,206,3,554,2,9,6,0,48,0,1,1,36,10,123,191,96,37,4,4,20,32,1993,35,3,8,337,5,523,86,4,28,9,1,0,2,0,0,140,1,177,137,14,4,18,501,9,8,431,2,27,15,51,160,0,136,0,5,4,8,4,0,12,4,112,1,35,1,0,2,412,1,4,3,282,16,3,3,1253,4,26,0,2,80,648,38,53,3,13,8,395,84,0,460,619,17,27,2,4,21,3,3,1,0,324,0,1,2,2,4,504,5,4,29,2,30,2,47,1,1,58,10,1,2,60,39,1,0,2,68,0,46,18,3,12,4,52,55,6,1,0,12,3,3,40,7,60,8,1,7,16
"ENSG00000163064.7",94,0,220,0,0,1,0,0,0,100,0,0,1,7,92,0,5,0,0,2,1,0,23,1,0,0,0,0,1,0,0,0,0,0,1,0,1,1,0,0,0,2,0,0,0,1,1,1,0,0,0,2,0,20,0,0,0,0,0,0,0,4,0,0,0,0,0,0,3,5,7,0,0,0,0,0,0,1,6,1,0,2,0,117,0,2,3,0,3,0,1,2,0,0,0,0,0,0,1,0,0,0,84,0,0,6,0,0,61,0,0,0,1,2,0,0,3,2,1,0,0,0,0,1,2,0,0,1,2,4,1,0,1,5,20,0,1,0,0,0,0,1,3,0,122,0,0,3,0,0,0,0,0,3,0,0,0,2,0,2,1,21,0,0,0,0,4,0,0,0,0,1,0,0,0,2,0,0,50,1,0,3,0,0,2,0,0,0,0,0,1,46,2,1,0,0,0,0,0,1,0,0,2,0,0,0,0,0,2,0,4,0,0,0,2,0,0,0,3,0,0,0,0,0,0,0,0,13,0,0,0,0,0,1,0,0,0,0,0,0,2,1,2,25,3,34,0,48,3,0,6,0,0,0,0,0,0,46,0,0,1,0,356,0,2,1,3,0,0,0,1,0,0,0,0,0,4,0,0,3,0,0,0,1,1,4,0,14,0,1,2,0,0,0,6,0,0,0,0,0,0,20,1130,0,1,1,0,0,0,0,0,0,0,495,2,1,0,0,4,0,0,12,0,6,2,1,0,0,0,0,1,0,1,1,5,1,0,0,194,0,0,0,17,0,1,1,1,33,0,0,0,0,0,0,0,0,0,63,0,0,0,6,1,1,0,2,0,0,1,0,0,1,0,0,1,0,0,3,1,0,0,0,0,3,0,0,0,5,0,0,0,0,0,0,0,0,20,2,4,0,2,0,4,0,4,1,1,0,0,15,0,0,0,0,1,0,0,122,0,3,0,0,3,0
"ENSG00000163092.21",0,0,0,0,3,0,0,0,0,0,0,1,6,4,0,0,0,1,0,0,0,0,0,1,0,0,0,1,0,0,2,0,38,1,0,0,6,0,0,1,0,0,0,0,0,0,1,0,0,0,0,3,1,0,0,0,0,0,0,0,0,18,0,0,0,0,0,0,0,0,205,0,1,0,0,0,0,0,4,10,6,8,0,1,0,0,0,0,0,1,2,0,0,0,0,0,1,0,0,0,0,0,0,0,1,0,0,0,57,1,0,0,0,0,0,0,2,0,0,4,0,0,1,6,0,0,0,0,0,57,0,0,22,0,0,0,1,0,10,0,0,0,0,0,0,0,0,0,2,0,4,0,0,2,0,0,0,0,0,0,85,0,0,0,0,0,1,1,1,0,0,0,1,0,0,0,1,0,1,0,0,0,0,0,0,0,0,0,0,0,0,0,0,48,0,0,2,0,1,0,0,1,0,0,0,0,1,0,1,0,1,0,11,0,0,0,0,0,2,1,0,0,0,0,0,0,0,0,0,0,0,0,0,0,0,3,0,0,0,0,2,0,0,0,0,2,48,0,0,0,0,0,0,0,0,0,0,2,0,0,1,0,0,1,0,1,0,0,6,0,0,0,96,0,0,0,2,0,0,0,0,0,0,0,0,0,1,0,0,1,0,0,0,0,0,0,3,3,0,1,2,0,0,0,0,0,0,1,0,1,0,0,1,0,0,1,21,0,1,0,0,0,0,0,1,2,1,0,0,0,1,0,0,0,0,0,0,1,1,0,0,0,0,0,0,0,0,0,2,0,0,3,0,0,0,1,0,1,0,0,10,0,0,0,0,1,0,0,0,0,0,0,0,1,4,0,0,1,0,0,0,0,0,0,0,0,0,0,0,1,0,1,0,0,0,22,3,10,0,0,1,0,0,0,2,4,0,0,0,1,14,0,0,0,0,0,0,0,0,1,0,0,1,0
"ENSG00000163217.2",0,97,0,8,2,4,0,16,1,36,9,5,2,2,0,456,15,0,0,93,82,650,0,30,1,1,0,1,0,3,2,2,2,237,0,1,2,72,0,0,0,2,0,3,534,1,0,0,520,1,37,0,430,0,0,0,111,0,1,0,0,0,0,148,274,1,3,0,25,1,33,0,0,220,10,267,0,1,0,0,3,0,0,0,0,0,0,0,2,0,0,2,0,0,1,166,123,3,6,13,29,794,0,3,6,2,3,391,25,3,7,726,0,0,2,0,2,0,0,0,0,0,16,1,0,409,145,3,0,16,108,1263,2,0,3,638,0,421,0,1,185,1,5,933,23,4,3,0,0,0,256,333,0,1,304,0,0,101,0,2,0,0,0,12,0,26,0,0,0,0,0,0,2,0,1,3,6,0,120,0,194,0,2,0,3,12,26,83,0,3,16,0,3,0,0,0,407,0,1,1,1,0,0,1,464,2,2,3,61,8,163,13,0,0,76,0,0,4,2,0,177,1,0,0,444,465,43,0,0,0,0,1,1,0,0,1,363,6,1,0,3,2,1,20,2,1,0,1,0,0,24,2,174,0,331,15,772,0,0,0,68,37,0,0,1111,0,6,465,3,199,7,231,4,482,0,4,0,267,1,1,2,0,0,105,0,49,350,2,0,1,532,8,11,0,0,0,1,6,12,0,153,0,0,735,0,7,0,0,5,0,2,0,0,0,39,0,0,0,0,3,0,1,261,2,3,3,307,0,0,279,0,27,44,41,0,766,0,2,0,0,803,1,1,12,0,13,2,0,4,549,485,0,50,0,9,1233,0,1,2,0,1,1,16,0,42,0,0,1,8,0,1,4,2,0,2,21,1,284,0,0,0,0,5,3,294,0,14,15,1,0,0,1,128,0,0,3,1,0,569,233,3,0,2,0,30,16,1,2,14,0,110,22,0,44,0,2,0,0,0,950,401,85,0,293
"ENSG00000163221.9",10,2,4,2,1,2,0,2,4,18,19,1,4,29,39,8,0,3,6,3,7,67,9,1,1,0,2,12,6,18,0,5,1,17,8,2,3,3,12,1,4,2,3,2,32,13,3,30,40,3,5,13,12,0,0,2,42,4,16,1,4,4,6,23,4,1,0,3,4,4,2,13,9,78,0,2,3,2,1,1,2,0,3,0,8,0,3,0,3,7,3,7,1,1,12,13,10,1,3,6,19,51,14,4,1,5,1,57,25,11,1,41,4,3,0,9,1,1,2,4,2,1,5,5,6,129,100,2,3,6,3,7,13,34,1,15,3,6,3,3,1,5,13,14,4,1,11,0,0,3,65,18,2,10,2,1,0,8,1,5,2,19,1,3,0,15,2,5,1,1,2,1,4,19,8,0,3,3,7,0,79,1,0,4,2,1,6,6,0,0,7,7,2,0,3,0,7,5,0,7,3,10,2,0,131,7,120,3,6,21,2,2,0,1,35,0,3,10,1,1,12,2,2,3,1,20,3,7,6,1,3,8,4,2,10,5,28,2,0,2,7,3,20,0,62,7,1,25,2,9,3,0,4,21,6,1,5,16,3,18,1,10,0,0,86,0,2,35,3,39,3,11,6,58,3,1,7,34,6,2,13,0,1,30,3,6,75,32,5,0,17,8,5,19,2,5,16,1,14,4,3,2,3,28,0,8,1,1,0,4,2,1,1,0,3,4,3,8,0,2,8,1,13,2,4,0,23,0,20,70,1,20,12,2,8,51,0,11,9,0,21,0,18,6,1,3,5,5,14,32,60,8,8,1,4,48,15,2,3,2,25,4,3,2,4,1,0,4,19,1,4,0,1,3,1,2,7,57,1,6,24,0,2,4,14,11,4,0,0,3,1,6,15,11,1,3,2,9,24,45,7,2,2,4,22,6,7,1,1,22,18,5,4,0,0,0,2,4,3,60,2,5,2,122
"ENSG00000163295.5",0,0,0,5,1,0,0,0,58,0,5,0,0,5,9,0,2,3,0,0,6,0,88,1,27,0,24,21,0,6,0,414,20,9,1,10,1530,10,0,0,3,0,0,0,0,28,558,1,3,0,3,92,1,7,0,10,5,0,2,1,0,15,4,4,7,1,1,0,7,2,0,70,0,2,2,0,11,1,6,2,9,522,66,24714,3,1,2,0,18,0,21,5,0,105,55,0,11,1,0,3,0,0,12,0,8,8,0,0,207,0,16,0,9,19561,2,2,32,0,2,19,1,853,0,0,1,1,4,1,0,0,12,0,5,9,99,3,5,0,2484,0,1,0,83,0,0,188,0,3,4,0,3,6,1,2,0,9,11,0,8,0,15,4,56575,1,1,64,858,103,2,297,12,1,1,48,4,2,90,73,4,0,0,1,0,0,1,9,0,0,0,10,0,0,418,69,28,0,0,3,2,122,0,0,0,100,0,10,0,2522,1,1,43,0,11,3,2,5,1,0,72,381,0,1,0,232,0,0,8,9,33204,19,183,0,500,0,0,4,0,0,2,4,6472,2,1,4,358,28,2,3,58,0,0,0,1,0,0,5,0,91,1,4,4,130,188,1,0,0,39,2,8,24,3,0,0,1,1,0,7,0,0,10781,108,116,0,0,0,0,0,4,0,14821,3,1,0,3,0,6,20,0,1,0,4,10,1,1,62,4,0,0,0,0,0,6,155,4747,18,1,1,0,3,90,5,0,0,26,652,0,0,0,1,0,6,0,10,0,2085,2,1,6,1,0,1,0,895,1,1239,1,0,30,0,0,1,8,5,3,0,0,2,0,0,0,21,0,7,633,0,0,227,0,0,9,21,0,1411,2,11,1,2,1,0,10,0,1,25,11,6,1,0,854,0,1,4,1,0,50,0,0,258,82,0,1,0,0,73,1,31,0,7709,1,0,5,3,0,19,20,39,0,29,0,24,4,1,1,14,3
"ENSG00000163331.12",2,0,9875,0,171,0,0,0,0,0,0,1,0,1,0,2,0,0,0,0,1,2,0,0,0,70,0,0,100,4,11,1,0,0,0,2,1,0,0,0,0,2,0,0,1,2,1,0,2,9,0,8,3,0,0,0,4,1,0,2,1,1,0,1,0,2,0,0,0,0,1,1,2,0,1,0,0,0,0,1,0,2,0,0,1,0,3,0,0,0,0,4,0,0,1,0,0,2,1,35,2,0,3,0,0,9,6,3,7,0,2,6,0,0,0,2,0,0,5,0,0,0,1,0,6,0,0,0,3,16,0,0,1,0,0,3,2,0,1,0,0,1155,3,3,1,0,1,0,2,1,4,1,0,3,0,0,1,1,0,0,0,0,0,1,33,0,1,13,1,3,0,1,0,1,0,0,1,0,13,0,0,0,0,0,0,0,1,0,0,1,0,0,0,0,0,0,4,1,0,0,0,0,3,0,0,0,3,8,2,0,2,2,0,0,1,0,0,0,0,0,2,5,4,0,0,1,0,2,0,1,0,2,17,7,0,0,2,0,2,3,2,5,3,0,2,0,0,0,0,0,1,0,0,1,2,1,0,3,0,4,1,0,25,1,1,0,13,0,0,1,0,0,1,0,1,4,1,3,0,0,1,6,0,7,4,0,1,3,0,1,2,1,58,0,1,0,5,2,0,0,0,1,5,0,0,0,0,1,0,0,0,369,0,2,0,10,0,8,0,0,0,0,0,2,8,1,0,1,4,1,3,0,0,0,0,0,0,1,0,1,1,0,3,19,1,1,8,3,16,0,1,1,0,0,1,0,2,0,4,0,0,3,1,4,0,5,0,0,0,0,0,0,18,0,0,0,1,1,3,0,0,1,0,1,0,3,3,0,0,0,5,0,0,0,3,0,1,57,4,0,1,0,2,0,17,8335,0,0,0,0,4,0,2,3,0,0,0,1527,0,2,0,0,5,1
"ENSG00000163352.5",0,0,0,0,1,1,0,2,1,1,0,1,1,3,3,0,0,0,4,3,1,1,1,0,4,0,0,3,0,0,3,9,0,1,0,0,0,0,1,5,0,4,0,0,0,0,2,0,0,0,1,0,0,0,0,1,0,0,0,2,0,0,0,0,1,0,1,2,1,0,4,0,1,0,0,0,0,1,0,2,6,7,2,2,1,1,0,0,1,0,0,2,1,0,1,0,0,3,1,0,0,2,1,0,1,3,1,0,3,1,3,0,2,1,1,0,9,0,1,1,0,2,1,1,0,0,0,1,4,3,0,0,1,0,1,0,4,0,3,1,0,2,0,0,2,8,0,1,2,0,0,0,1,0,0,0,0,1,1,2,2,0,3,3,0,1,1,1,1,2,0,1,7,4,0,0,1,3,1,0,0,1,1,4,5,0,6,0,3,0,0,0,1,5,0,2,0,0,0,3,1,3,4,1,0,0,0,5,0,1,1,2,3,0,0,1,0,0,0,1,0,2,0,1,0,0,1,5,0,0,1,5,2,2,0,3,0,1,0,0,0,0,0,1,1,0,0,1,1,3,1,0,1,4,0,0,0,0,3,4,5,3,2,2,0,4,1,0,10,0,1,0,2,0,0,1,1,0,0,4,4,0,0,0,4,0,0,0,0,1,0,1,0,2,0,1,8,0,0,4,4,0,4,0,1,0,1,0,3,2,0,5,0,4,4,5,0,2,1,0,1,2,0,4,0,1,0,2,0,0,3,0,0,1,37,0,2,3,1,1,0,0,0,0,0,1,0,0,1,0,0,1,0,1,0,0,0,0,0,1,2,0,1,6,7,2,2,0,0,0,2,2,0,1,9,0,4,0,2,1,0,1,4,2,0,2,3,2,0,4,4,1,0,6,0,1,2,0,0,0,2,1,2,0,6,1,0,0,0,0,0,2,0,0,0,1,2,2,3,0,0,0,2,0
"ENSG00000163357.11",16,2,4,10,3,12,0,11,15,9,17,12,4,27,54,1,8,16,24,3,16,7,23,13,53,9,1,41,2,39,41,281,13,12,6,8,14,10,7,15,5,13,5,83,2,3,6,5,3,8,2,10,9,15,15,45,6,1,6,19,33,29,26,11,32,7,14,28,21,47,21,12,8,2,1,13,57,17,4,28,61,69,18,12,52,18,4,2,8,0,30,32,6,0,18,2,11,11,15,8,5,5,6,12,11,15,13,4,52,12,9,8,6,10,3,2,49,22,11,36,5,30,1,13,20,2,3,8,24,14,16,3,26,5,27,1,50,0,29,9,0,33,14,2,10,122,25,26,5,5,2,5,11,11,4,16,3,7,23,42,32,11,35,12,4,23,21,20,38,37,8,12,32,51,3,6,20,14,44,14,2,4,53,63,17,2,37,21,15,44,12,7,51,23,4,16,3,32,9,79,2,98,11,97,1,13,4,59,8,91,14,9,7,26,9,6,12,0,10,15,1,3,0,14,4,2,73,151,6,13,9,69,2,28,8,16,0,3,4,8,6,19,21,15,55,40,5,2,30,28,7,11,1,38,3,25,8,4,33,31,24,6,24,12,2,23,6,7,62,2,10,1,12,1,5,0,0,0,25,73,32,6,23,1,23,2,3,14,1,13,1,13,1,11,14,23,61,26,22,17,77,3,3,6,2,4,3,37,25,12,53,5,35,39,15,32,9,16,10,6,7,75,5,11,15,43,2,24,3,1,20,5,6,13,169,3,74,41,18,9,2,6,20,19,16,480,2,3,3,0,2,12,18,12,18,1,21,36,3,9,37,7,32,59,98,19,2,10,9,3,39,60,0,4,110,5,39,3,10,25,2,22,43,8,3,3,35,14,6,50,15,46,2,11,8,10,35,6,23,1,6,2,40,26,15,6,11,6,1,2,11,7,6,8,28,15,9,3,22,5,7,8,48,3
"ENSG00000163362.11",1588,9,0,110,4830,1049,173,0,10,72,4,21,75,2113,269,122,21,18,76,51,132,28,90,199,35,16,1,932,14,1151,824,1901,2488,24,356,1124,53,6,29,55,1,41,15,0,67,186,102,179,209,27,15,377,89,38,4,969,14,7,358,12,3,140,7,276,0,10,12,2,252,689,1663,41,27,32,2,23,529,69,480,52,19,20,1652,396,468,44,82,1,266,31,839,112,48,581,8,4,2,7,550,615,70,7,1070,18,252,631,996,34,546,9,994,51,127,829,67,21,483,0,36,20,0,442,5,36,125,12,59,16,264,1125,64,20,106,19,420,32,907,17,1117,8,47,378,1621,67,147,2983,52,633,156,4891,20,75,92,70,15,6,1,993,213,750,6,31,107,554,183,39,1095,2879,247,1542,28,5,3327,1220,116,63,247,135,4519,5,5,36,255,644,0,87,61,28,52,131,3,93,640,347,108,1951,37,27,3,2089,0,124,3522,70,15,113,2,218,91,25,167,1162,471,8,667,2671,12,13,127,230,22,132,38,119,74,98,11,45,85,63,1291,27,36,16,3,57,22,0,13,7,685,38,30,40,783,74,11,12,35,1,229,5,6,75,34,93,77,35,1,232,560,113,2948,1008,24,1648,352,36,1591,63,392,43,523,29,59,162,736,28,2,202,528,89,64,13,6,80,15,276,844,99,484,219,56,5,19,389,2504,5,10,727,972,17,76,20,18,67,3,141,474,65,17,3639,587,127,662,177,33,360,41,264,96,1476,16,416,46,307,301,3,3,22,5,71,94,11,449,74,295,3112,4,21,28,1,12,217,209,354,11,370,283,15,74,2385,3,258,134,26,201,114,296,1783,13,27,10,2718,63,9,138,346,0,78,44,16,21,21,45,8,1973,189,2,2137,2,233,42,15,157,156,713,2945,10,589,1835,87,46,2797,294,119,57,302,361,51,144,17,59,22,260,0,113,529,1,190,522,9,2,12,148,7,206,115,2683,85,29,2,98,52
"ENSG00000163364.10",10,1,7,8,21,20,2,11,11,14,1,6,3,38,1143,8,10,4,0,14,4,0,35,2,18,18,2,18,52,42,8,192,170,11,80,9,23,6,8,7,19,35,28,278,26,22,16,41,3,30,7,18,1,72,16,7,20,12,13,1,13,53,8,7,0,22,11,5,0,16,210,77,6,1,2,2,5,74,69,4,23,2,452,42,5,10,33,6,60,12,29,3,54,3,8,0,1,34,3,1,8,0,51,5,7,12,13,0,326,10,5,1,16,12,26,11,13,9,8,1004,2,2,8,10,12,0,5,4,8,4,9,4,18,17,8,1,9,0,9,8,2,124,405,0,218,157,116,4,44,26,4,3,10,9,22,8,8,20,2,15,18,24,4,4,52,8,279,82,9,6,6,4,111,4,17,5,87,10,23,8,3,63,14,10,21,8,16,47,6,3,9,554,7,15,11,14,1,232,5,13,5,7,30,5,1,3,22,7,6,7,10,3,3,64,13,23,4,15,47,25,1,6,6,71,2,2,3,44,16,23,0,20,23,25,1,13,0,12,0,4,22,5,13,1,13,7,1,12,19,1,6,76,2,217,0,15,4,24,1,2,11,3,201,4,1,7,1,5,18,1,20,0,130,0,10,1,125,0,31,10,10,20,18,10,11,6,2,38,2,152,11,9,21,31,12,379,10,16,36,31,3,26,201,2,11,8,1,2,3,3,29,15,5,120,10,23,19,131,34,184,133,23,5,7,13,22,10,13,297,1,14,6,11,5,5,3,7,11,12,1,0,6,27,8,0,12,13,30,55,3,18,17,3,8,5,8,22,26,7,0,9,64,2,7,266,5,17,10,11,32,18,15,14,5,7,1,4,4,19,9,3,12,7,3,2,3,15,56,8,0,15,8,0,8,4,5,11,819,18,1,1,1,14,0,366,28,10,44,9,28,6,1,13,11,14,8,5,2603,3,20,1,4,58,7
"ENSG00000163377.16",41,0,0,1,15,7,0,0,0,16,0,0,0,0,0,0,0,44,0,1,34,1,10,0,9,1,0,0,25,0,0,0,2,1,2,5,0,0,0,1,0,17,0,0,0,0,0,0,3,0,0,2,3,2,0,0,0,0,0,0,1,54,0,1,0,1,0,0,0,0,20,2,1,0,0,0,1,0,0,95,35,1,2,0,311,23,1,2619,2,0,2,47,0,0,1,0,18,953,14,0,0,0,0,0,7,74,109,0,194,0,0,1,54,0,0,1,6,0,19,665,0,0,1100,0,57,0,0,2,1,0,1,2,10,0,5,7,0,0,2,0,1,13,1,2,0,2,0,0,29,18,1,1,1,4788,0,0,0,0,0,18,1,0,33,0,20,6,0,0,272,4,0,0,0,15,1,2,0,270,6,0,0,10,0,0,1309,0,25,0,0,1,0,0,0,1,658,12,3,0,0,0,0,0,6,352,0,44,1123,0,0,0,2,1,0,184,2,0,2,0,0,0,0,2,1,0,0,0,0,2,0,0,0,1,4,0,0,1,1,0,1,0,89,0,0,0,55,0,0,241,0,0,0,0,0,3,1,1,0,2,0,1,380,0,0,6,0,0,1,7,0,2,1,0,2,2,2,87,13,10,0,0,0,1,1,2,0,278,1,0,5,0,1,0,0,0,5,0,0,8,342,16,0,5,2,0,3,2,0,1,1,202,0,0,3,27,11,15,2,1,24,1,5,4,2,8,3,1,1,1,3,0,5,0,1,121,1,1,0,0,0,7,0,0,1,32,785,2,0,0,212,7,4,61,0,4,0,2,0,5,0,0,0,0,0,1,1,0,0,147,0,0,0,0,0,4,0,0,1074,0,0,1,493,38,0,0,4,0,1,1,0,0,15,0,0,1,4,0,342,1,0,1,0,1,0,0,0,0,0,0,0,22,0,0,0,4,0,0,169,22,27,1,0,0,6,1
"ENSG00000163421.9",2,1,0,2,5,2,1,1,0,3,2,1,4,8,3,8,2,3,0,4,4,0,0,0,0,0,0,9,0,8,0,1,0,3,0,1,3,2,2,0,0,1,0,1,19,0,0,19,21,0,1,21,14,2,0,1,11,1,3,0,2,3,1,6,0,2,1,2,0,0,2,4,2,63,0,3,0,0,0,2,0,1,1,1,2,0,1,0,0,0,0,1,0,0,0,0,6,3,1,3,2,8,1,1,0,1,2,19,81,1,4,27,3,0,0,2,2,0,0,3,0,0,1,1,1,61,15,1,4,1,0,0,0,4,0,13,4,3,5,0,0,3,7,4,3,4,5,0,1,0,7,7,2,0,2,0,0,4,2,4,2,0,2,2,0,5,6,2,1,2,0,0,0,0,1,2,1,0,2,3,8,0,0,3,1,3,0,1,0,0,3,4,0,1,0,0,1,6,0,2,0,4,1,0,74,2,4,1,0,5,2,1,1,1,8,1,0,1,3,0,1,0,0,1,0,24,0,0,2,0,2,3,7,0,0,2,7,0,1,2,1,0,7,2,63,0,1,1,1,2,0,0,4,6,6,0,0,0,1,5,0,0,1,2,31,0,0,9,0,12,2,0,2,7,1,1,1,5,3,0,0,0,0,1,1,0,13,3,2,1,8,3,3,4,0,1,5,0,10,0,1,0,122,7,0,2,4,0,1,1,3,0,0,0,1,2,0,3,0,0,3,3,1,2,0,2,12,0,2,18,0,4,4,1,2,14,0,0,2,0,9,0,7,2,0,0,0,0,7,8,15,11,1,1,1,10,1,0,0,0,5,3,1,0,1,1,0,10,2,0,3,3,0,0,4,1,0,25,2,0,2,2,0,1,2,4,6,1,0,1,0,1,8,7,0,1,0,6,2,7,1,0,1,2,0,4,9,0,1,2,7,0,1,0,0,0,0,9,0,3,4,0,0,9
"ENSG00000163463.13",93,5,134,73,122,122,22,39,55,64,70,53,56,241,257,18,185,72,92,82,52,22,55,62,90,76,43,99,21,125,148,197,106,82,47,50,44,74,39,85,10,68,130,66,26,30,45,21,12,30,80,57,20,100,58,133,26,188,60,67,84,132,85,42,65,130,77,65,150,116,409,100,33,10,16,26,179,106,130,61,193,268,176,68,158,160,44,78,60,7,227,192,91,22,33,3,60,47,120,37,23,34,68,33,39,117,103,7,359,89,57,42,41,58,52,48,288,159,92,121,32,120,21,94,83,20,1,99,162,247,49,13,143,46,135,13,78,15,211,24,4,292,76,19,93,227,197,349,119,50,16,26,46,54,23,95,69,61,50,128,114,39,134,121,108,90,189,186,36,83,62,105,129,191,15,18,77,87,225,109,8,61,152,156,56,46,139,39,207,72,71,79,165,83,21,175,28,147,25,157,51,154,181,211,5,126,38,148,57,110,74,154,39,86,157,35,64,19,102,148,12,12,33,50,25,9,365,249,28,96,179,219,82,63,34,45,6,46,12,46,16,112,37,51,400,132,73,16,108,104,16,22,22,155,16,44,16,51,223,229,133,37,220,179,15,111,123,23,201,23,52,15,292,4,133,95,31,3,63,84,127,82,24,7,99,77,2,50,60,148,41,73,71,124,19,169,173,74,69,170,117,38,168,13,29,26,28,118,96,85,72,314,88,130,151,194,74,112,66,61,83,329,9,439,80,99,5,42,29,12,100,78,47,63,782,22,105,167,35,57,7,34,166,199,105,73,28,40,60,4,18,137,101,121,45,9,161,376,111,191,65,20,199,809,165,64,26,105,31,35,85,191,16,32,376,40,157,28,23,68,35,39,67,13,31,52,188,46,27,81,178,35,4,113,105,80,126,91,116,11,43,65,130,84,289,65,129,110,10,22,97,24,56,38,63,45,62,111,120,22,13,19,136,23
"ENSG00000163464.8",2,0,3,13,23,5,0,10,3,32,6,8,9,252,16,42,7,23,6,7,27,34,8,8,5,4,1,16,6,91,0,9,3,24,6,7,22,16,7,6,4,4,15,2,69,5,9,387,45,2,13,313,62,0,3,7,33,3,13,0,12,3,1,24,8,3,1,5,6,5,94,24,44,173,2,29,31,1,7,6,7,1,4,1,17,1,3,3,7,12,8,9,1,45,34,27,24,3,3,14,34,76,139,4,1,4,3,123,16,17,8,33,9,4,6,17,3,5,20,6,4,2,9,3,13,143,98,0,5,13,10,12,60,88,5,52,5,17,7,7,5,25,132,53,1,21,88,0,7,8,89,12,34,7,4,3,4,31,0,5,0,4,1,0,2,23,4,7,6,1,1,0,7,14,10,0,6,2,26,6,79,5,11,13,3,56,4,11,0,0,3,6,2,1,2,0,16,11,4,3,2,6,3,9,453,3,23,6,4,44,2,2,3,0,18,5,12,7,10,14,0,1,2,5,12,63,5,4,25,3,6,8,21,1,8,7,30,7,2,10,4,45,30,3,565,1,1,16,10,12,4,2,5,73,63,6,25,0,21,12,10,13,5,9,45,2,15,54,4,31,16,12,3,61,3,3,7,42,9,2,8,0,11,38,8,2,56,27,6,14,46,62,9,14,2,6,82,11,13,3,14,3,4,29,2,15,13,0,4,1,12,5,0,2,3,13,2,22,3,2,19,37,32,10,9,1,49,3,21,68,4,17,23,4,10,56,0,7,6,0,50,5,22,15,3,4,8,3,37,38,36,137,10,1,7,28,8,2,6,5,13,18,3,5,117,6,6,44,25,6,21,3,3,5,3,6,3,40,17,3,22,12,1,4,8,77,8,1,2,8,5,16,22,22,2,24,4,3,33,47,14,2,2,9,12,30,27,5,0,17,12,2,6,1,18,1,1,2,4,58,25,8,11,52
"ENSG00000163499.12",2,7,1,0,2,2,1,1,0,8,0,0,0,0,1,0,6,2,0,0,0,1,0,0,1,0,0,1,0,0,0,21,0,0,0,0,0,0,0,0,0,3,1,0,0,0,5,0,0,0,0,0,0,0,0,0,0,0,0,1,0,6,0,0,1,0,2,0,1,0,1,1,0,0,0,0,28,22,78,2,0,1,2,7,0,11,0,0,0,0,4,0,1,0,1,0,0,1,0,5,0,0,647,0,0,1,0,1,41,3,3,0,0,0,0,1,2,0,1,0,0,3,0,0,0,0,0,4,1,86,0,0,1,3,6,0,0,1,0,0,0,0,2,0,1,4,53,6,4,1,0,0,0,1,0,0,0,0,0,1,1,7,9,4,1,0,2,2,1,8,0,0,1,0,2,0,0,2,6,0,0,42,0,0,0,0,0,0,1,2,1,1,10,0,0,0,1,0,0,3,0,1,0,1,0,2,0,1,1,2,3,16,3,0,0,0,0,1,0,0,0,1,0,0,0,0,0,0,1,0,45,1,0,0,1,0,0,0,1,1,10,0,1,15,0,9,0,1,1,0,2,0,0,1,0,0,0,28,0,10,2,0,2,2,1,1,6,0,1,0,0,0,1,0,2,1,0,0,0,9,2,1,1,0,0,1,0,0,0,10,0,2,5,0,2,5,7,0,3,0,0,1,11,0,3,1,0,0,6,1,0,1,0,187,3,0,0,0,1,0,1,2,0,0,33,5,0,0,0,0,0,1,1,1,2,0,0,1,0,2,0,0,6,2,1,0,0,54,0,1,0,131,2,0,0,1,0,2,0,31,0,1,1,15,0,0,3,0,1,1,7,1,3,0,0,2,0,0,0,0,2,5,3,36,0,0,5,0,0,5,6,1,0,0,5,4,0,1,0,0,0,0,47,0,38,0,3,1,0,0,0,2,0,2,0,4,0,8913,0,1,1,0,1,0
"ENSG00000163507.14",137,2,37,62,150,108,67,33,25,174,33,221,361,1723,365,27,24,181,138,81,98,21,100,81,89,109,43,306,22,269,156,309,170,82,70,257,169,39,137,168,4,332,258,47,51,19,16,141,19,33,31,475,74,237,75,59,39,184,293,264,25,250,50,195,39,126,51,27,750,224,335,91,40,15,13,14,363,26,369,379,163,145,294,63,292,127,26,43,90,5,136,123,54,111,15,14,32,332,88,565,38,47,364,33,77,223,250,30,2106,151,87,105,113,212,207,47,483,77,390,688,70,216,37,88,83,22,13,79,227,569,44,18,721,26,188,32,22,14,270,16,15,330,235,47,81,620,194,131,202,298,25,24,238,148,52,189,67,369,110,141,88,29,254,76,79,261,292,296,370,1947,43,65,176,1256,24,58,54,142,268,138,13,152,88,308,43,37,284,25,90,394,26,1251,175,365,47,200,26,85,28,222,59,539,187,1021,7,121,47,564,63,237,59,93,458,87,209,554,15,26,114,241,11,94,71,15,30,20,70,1026,19,92,278,93,175,140,8,174,11,38,152,90,83,75,22,46,209,194,113,20,104,78,21,39,22,230,22,96,56,21,50,823,462,171,1313,295,51,87,116,21,526,21,222,28,343,24,38,132,161,4,19,279,273,117,81,17,58,216,10,54,31,86,110,72,28,18,29,314,1362,44,84,128,195,24,745,24,96,23,18,56,84,295,35,218,81,62,152,254,1173,351,45,81,183,238,24,656,127,114,56,42,27,12,352,99,47,118,661,45,63,1051,29,30,12,106,40,217,470,191,18,25,289,20,78,528,64,945,23,47,177,468,443,34,420,29,62,238,880,38,46,512,26,52,103,116,34,71,503,13,205,24,38,264,20,178,52,7,76,31,133,68,148,108,192,54,16,173,40,112,139,344,102,21,59,107,52,14,464,175,384,377,47,74,146,37,47,21,93,47,69,1165,55,82,16,27,601,29
"ENSG00000163515.6",0,0,0,1,1,4,0,0,15,0,0,0,0,4,0,2,1,13,0,0,1,0,0,0,1,0,0,4,0,2,0,0,11,0,9,0,0,0,0,0,0,0,0,5,0,0,0,0,0,0,0,0,0,3,0,0,0,0,0,0,0,15,0,0,0,0,0,0,0,0,2,8,17,0,0,0,3,4,0,2,14,47,0,1,0,0,2,0,0,0,1,3,2,3,0,0,0,1,0,10,0,0,0,0,0,1,1,0,50,2,0,0,0,0,0,1,0,0,3,0,0,0,0,0,1,0,0,0,0,1,0,0,0,0,0,0,0,0,0,2,0,1,7,0,0,0,6,1,0,0,0,0,0,1,0,0,0,0,1,1,0,0,2,0,0,8,3,0,0,0,8,0,0,7,2,0,10,0,0,0,0,1,0,0,0,0,1,0,0,3,6,2,0,3,4,0,0,38,0,0,0,4,0,27,0,1,1,0,30,0,0,0,0,2,2,0,0,0,0,9,0,33,0,0,0,0,1,3,0,0,0,2,0,0,0,1,0,0,8,0,0,0,0,0,8,0,0,0,0,0,0,0,0,11,0,1,0,0,0,235,0,2,0,1,0,14,0,0,30,0,8,0,1,0,1,0,1,0,0,3,1,0,17,2,0,0,0,0,0,0,0,39,0,0,0,2,3,1,0,0,0,0,1,0,0,0,1,9,1,0,0,0,0,1,0,0,15,1,0,0,0,0,0,0,2,0,0,0,0,0,1,0,0,0,1,0,3,1,0,0,0,0,1,0,1,2,0,0,2,0,0,0,0,0,0,0,0,0,1,0,13,0,1,0,0,0,1,1,0,0,0,0,2,0,22,0,14,0,0,9,0,9,16,1,0,0,0,2,0,0,0,17,0,0,0,0,5,0,0,0,0,0,0,0,0,0,3,0,2,0,0,0,1,0,1,0,12,7,0,0,1,0,0,0
"ENSG00000163535.18",81,17,47,55,372,178,36,70,29,241,34,542,607,1498,367,47,50,251,279,92,129,11,119,111,118,189,138,296,45,223,328,387,208,119,78,250,207,71,259,293,9,195,439,66,65,29,43,229,19,53,108,443,83,394,182,118,52,364,378,197,39,314,77,115,33,364,63,45,864,395,370,91,58,2,45,35,352,59,368,297,386,207,729,94,336,105,52,77,132,9,187,174,96,60,32,17,42,617,264,356,105,67,240,89,120,293,112,21,2411,229,170,58,134,246,156,81,834,89,637,1660,129,214,38,258,123,11,9,186,275,695,73,24,1308,32,277,41,95,23,500,27,14,437,196,67,129,983,185,148,297,327,20,29,255,187,49,303,65,371,255,164,180,61,308,198,180,260,238,409,219,817,92,86,287,1608,98,116,90,196,225,255,29,151,145,210,83,40,306,35,148,396,40,1622,232,579,89,281,39,102,44,442,73,568,291,1281,22,168,37,791,224,237,86,142,305,139,239,243,27,60,139,389,13,171,146,31,36,24,117,974,33,192,348,102,176,186,17,321,37,61,146,152,79,59,21,64,476,932,76,44,54,137,29,96,32,304,26,154,50,86,134,734,567,103,856,750,38,113,141,44,380,22,224,26,366,33,63,352,180,2,45,290,397,249,61,13,100,334,12,66,77,109,86,103,73,56,138,351,1025,97,174,93,342,24,672,61,198,49,24,83,179,483,181,475,127,126,213,234,945,430,59,124,507,186,35,618,253,155,50,159,71,16,854,113,62,176,485,52,131,930,138,33,26,136,78,242,459,181,24,38,276,14,79,494,69,724,81,51,755,388,647,72,205,37,80,313,1043,75,135,518,35,119,116,170,52,112,451,35,340,9,104,342,32,237,161,28,78,88,325,93,174,155,325,122,30,427,144,150,270,692,116,5,87,89,65,18,790,82,373,397,82,90,159,69,40,28,180,142,110,2277,221,94,21,35,413,13
"ENSG00000163554.15",5,1,12,471,1,0,0,3,18,0,5,1,36,133,2,2,1,2,0,2,2,2,3,2,2,7,0,3,0,11,0,104,18,4,1,11,266,163,1,2,0,6,12,1,6,1,1,0,3,2,4,10,7,4,2,644,1,0,7,0,1,970,3,2,1,2,11,3,4,4,3,18,2,0,0,0,1,0,2,22,14,6,0,1,1,1,1,1,8,2,2,8,1,0,1,1,3,5,4,10,0,0,0,0,4,0,2,3,2,0,4,13,7,5,0,0,3,1,0,36,10,31,29,1,14,4,2,0,3,1,60,3,5,2,32,2,1,1,0,0,2,2,4,1,9,69,3,1,3,1,1,1,0,1,99,0,1,4,0,4,7,0,4,2,0,7,10,2,11,2,0,0,36,6,1,5,1,0,8,3,1,1,14,2,1,5,5,3,2,0,2,4,9,720,3,0,3,2,0,8,1,3,6,304,0,2,419,0,0,0,10,4,1,70,8,3,0,0,7,727,0,0,0,0,3,3,0,2225,0,0,2,9,2,4,0,99,1,1,2,1,3,2,0,3,5,0,0,0,4,2,0,2,1,11,0,0,2,0,1,13,193,86,0,3,9,2,60,1,7,1,221,2,6,2,0,1,0,1,0,1,3,0,1,1,1,1,7,2,1,148,5,1,0,0,0,1,5,0,0,5,4,1,3,13,0,2,1,22,0,1,3,2,2,176,35,2,26,9,3,6,4,4,3,1,398,1,1,1,0,3,41,1,34,7,6,2,2,4,17,0,0,3,6104,1,1,6,1,1,1,1,19,3,26,2,0,3,0,5,4,0,4,1,59,0,2,1,7,3,4,19,3,1,0,0,1,1,2,15,7,2,5,11,1,0,6,280,6,0,9,1,3,0,6,4,0,0,8,0,4,0,4,1,3,1,433,2,1741,3,0,13,271,0,2,3,3,1,1,221,1,1,2,1,0,3
"ENSG00000163687.14",19,215,2035,219,139,533,31,1692,1574,653,1043,852,39,157,23,4109,3275,203,213,914,1313,6946,111,659,468,774,247,40,815,219,78,9,55,2842,368,757,1038,1276,176,145,747,56,828,1652,3714,101,212,280,2812,1656,3571,266,5165,106,494,189,2382,444,1070,221,1187,30,394,2190,2231,534,1641,1843,467,302,402,470,152,1904,1089,4145,67,100,229,565,388,48,27,628,451,233,198,246,433,688,350,119,697,5,611,2054,2868,445,105,225,1379,7784,60,898,132,226,1168,6372,112,1525,372,4918,157,64,351,450,265,1112,172,1722,118,104,1449,349,130,7167,3971,97,418,298,1188,5223,202,163,128,5419,754,4752,222,419,1735,818,174,7089,1023,143,228,23,275,47,3857,4905,587,1081,2953,73,91,1405,1638,99,136,285,60,161,107,877,155,59,329,61,135,108,280,158,230,492,1175,106,596,219,4136,559,389,212,1479,565,1127,3377,123,75,358,905,412,120,61,158,3431,309,794,219,578,55,226,519,4361,186,1768,92,1593,692,2180,403,169,273,1411,52,773,441,505,457,935,351,459,799,2110,3835,2059,156,84,297,367,683,452,179,1476,1034,2598,889,431,538,2334,137,693,1213,47,252,69,697,1287,719,1133,343,761,185,4199,1573,5839,438,211,37,1039,2353,42,179,5136,63,113,6460,270,5931,183,2197,44,7000,252,1601,307,2907,504,175,489,133,679,4483,718,495,4816,2875,493,363,3633,1181,1158,300,705,137,165,1417,7808,116,1173,356,103,11415,371,411,1943,425,436,382,910,233,202,458,930,8,621,2763,2151,453,369,244,4684,774,270,691,2375,217,274,3595,301,2380,876,2711,937,6431,364,550,340,125,5537,408,326,112,40,670,3275,98,184,8208,5447,2393,4494,69,778,5304,391,49,546,91,323,1269,754,73,495,1065,83,443,1809,332,176,773,64,160,134,2243,393,3371,1832,341,1373,353,869,897,3698,29,890,511,934,259,132,1037,2056,666,738,250,219,248,3382,1656,311,181,1713,659,653,2650,14,211,1634,1921,770,1736,422,653,36,316,88,82,68,7390,6526,3644,54,4769
"ENSG00000163735.7",11,5,2,18,285,13,5,0,9,20,2,0,2,46550,7042,24,0,8,0,0,27,9,3,27,27,20,2,39,8,2554,1,27,4,12,19,37,90,3,1,17,0,41,221,6,35,0,13,2607,143,3,1,11631,20,11,1,6,124,0,0,0,0,430,0,5,4,0,0,2,94,5,5569,330,1,2,0,6,361,13,664,175,4,2,3512,3,32,0,7,67,470,0,37,41,7,141,0,3,7,0,80,816,60,7,13,0,23,0,7,18,1052,6,3,27,23,10,1,2,10,0,264,498,0,0,1,3,46,15,57,0,0,2439,28,15,1711,16,365,3,0,5,11,0,15,1,3625,11,11,379,132,12,7,35,12,43,1,5,0,1,12,734,1,12,0,4,212,30,197,41,8,2,1,66,0,3,1,5,12,0,29,2,104,0,11,0,368,0,0,27,9,0,7,1,1,190,0,21,3,4,2,1,0,4,0,10,7,10,10,4,12,7,3,0,13,3,10,1,383,4,1,1,0,14,24,0,199,9,70,145,1,36,0,1,7,0,50,1,0,0,4,2,1,0,13,42,1,2,8843,88,1,53,1,6,2,0,4,2,8,1,23,1,2,98,5,0,4555,25,86,2,7,12,1,38,113,14,209,12,12,1,103,9,0,20,0,195,1,20,4,73,3,2,14,461,175,17,2,0,6,556,9663,11,2,1,34,1,45,13,65,29,112,2,4,1,0,0,1,375,8,14,9,16,58,48,825,5096,2,78,22,2,63,0,15,4,0,14,413,1,1,12,2,4335,0,1048,11,0,44,7,8,3,0,2,547,5,33,1675,0,0,0,55,10,35,628,0,6,3,28,12,737,3,0,1216,5,1,0,23,207,1,1,1,0,122,0,1,6,1,1,43,27,87,7,19,0,1,23,0,12,1,1,2210,93,11,281,10,21,0,7,0,4006,2,1649,1,0,393,14,1,1,14,18,0,3,0,1,36,10,1,3,27
"ENSG00000163736.4",8,1,140,0,1,0,1,1,88,5,5,3,20,259,22,0,1,1,2,5,1,6,2,1,8,3,0,5,1,1,0,3,0,4,1,8,1,1,2,5,0,2,1,2,11,3,0,0,9,8,2,2,21,0,4,1,18,3,6,0,9,8,0,25,8,0,1,3,2,0,6,2,1,10,14,14,2,177,0,2,1,0,11,0,1,0,1,0,5,1,2,0,2,0,2,8,10,2,1,2,1,9,2,3,0,0,4,32,4,1,0,27,4,2,0,2,1,3,1,1,0,3,95,2,1,8,1,1,0,2,3,28,0,1,1,6,5,7,5,1,4,0,48,3,1,4,1,1,3,3,8,7,0,1,18,0,0,4,0,1,3,5,14,2,0,20,17,11,1,3,0,2,2,10,4,0,0,1,8,6,45,9,0,3,5,2,6,0,0,3,152,1,0,1,8,0,1,1,3,0,0,0,2,0,23,2,949,3,0,3,3,1,1,0,5,2,1,12,1,1,23,5,0,1,4,8,2,3,1,5,0,1,0,8,2,0,10,0,0,1,6,2,5,1,78,0,0,2,3,1,1,0,17,12,15,3,7,0,2,7,1,2,2,3,118,0,0,34,0,3,0,9,0,13,0,1,1,36,6,2,0,1,0,17,3,1,42,5,5,1,11,2,0,4,0,1,10,3,36,1,3,3,3,21,1,0,2,3,0,0,4,0,0,0,1,1,3,0,0,3,1,2,12,1,1,0,25,1,3,13,1,6,6,8,0,82,0,5,69,1,18,9,1,2,0,0,1,2,1,67,178,0,45,5,1,95,4,3,1,0,105,4,0,1,1,3,0,9,11,0,3,3,0,2,0,2,3,102,0,1,1,1,1,0,1,1,0,0,2,0,0,3,9,3,2,1,1,10,4,16,2,0,2,0,25,10,5,4,1,6,2,0,2,5,2,0,0,0,3,27,29,10,0,30
"ENSG00000163793.13",1,0,3,2,0,0,1,0,1,2,5,26,1,2,3,1,1,3,1,2,3,0,0,2,2,1,2,0,0,2,1,5,1,2,0,0,1,0,6,11,0,4,4,0,2,0,1,0,0,1,0,3,0,0,114,0,0,3,0,0,3,1,2,0,0,5,2,0,0,0,11,2,0,0,1,1,6,2,2,1,41,0,4,0,4,1,0,2,1,0,0,4,3,0,1,0,4,1,1,0,1,0,0,0,1,2,3,0,8,1,1,1,1,0,0,2,0,0,1,255,2,0,0,2,1,0,0,0,2,1,0,0,8,1,0,0,0,1,0,2,2,5,1,0,1,0,0,1,3,3,0,0,7,3,0,0,2,2,2,2,1,2,3,3,2,1,0,1,0,1,3,0,4,0,0,1,0,1,0,2,1,2,0,0,1,0,0,0,1,2,1,7,2,2,2,1,0,0,0,1,0,0,3,1,1,0,1,1,0,2,1,1,1,2,2,1,49,1,1,6,0,4,0,1,0,0,5,3,0,74,8,3,1,15,0,1,0,8,1,2,2,0,0,1,2,82,1,2,1,35,0,3,1,0,1,1,0,1,6,5,1,1,2,6,0,2,0,1,1,1,1,0,3,0,0,0,2,0,1,1,8,1,4,0,0,0,0,1,2,0,1,1,0,2,32,3,1,3,1,5,0,2,1,1,0,0,0,1,0,4,3,0,0,2,2,1,12,0,1,1,0,2,0,2,1,1,1,39,6,1,295,3,0,3,15,0,1,1,1,2,0,3,0,0,2,1,4,1,1,0,2,13,0,1,1,0,1,2,3,0,0,1,5,1,3,1,0,0,0,1,1,2,0,25,9,0,0,3,0,1,0,1,0,0,1,2,5,0,1,0,0,0,1,0,0,1,4,3,5,0,0,2,2,0,1,0,0,2,0,1,2,0,0,0,1,2,0,3,1,0,0,0,11,0
"ENSG00000163808.17",42,0,35,10,385,150,96,40,12,155,59,435,640,1638,353,18,43,211,154,65,107,4,72,96,91,15,73,403,19,266,327,186,158,66,24,270,111,21,280,247,21,135,296,14,29,28,13,136,10,36,81,608,56,488,139,110,8,363,370,252,27,283,56,207,22,282,27,8,556,476,476,43,29,3,22,13,438,56,681,328,248,145,313,27,202,82,23,106,70,4,186,79,47,57,26,7,5,623,148,379,73,26,142,74,90,323,195,17,1193,126,160,34,47,259,123,49,851,120,493,776,74,123,24,142,90,7,15,94,327,62,27,13,547,12,177,11,52,7,660,7,7,486,232,39,96,788,223,170,300,207,19,5,433,116,37,260,22,264,202,159,83,35,228,151,156,205,255,408,575,1519,24,54,219,1457,36,78,81,121,133,19,6,104,94,380,57,36,233,20,92,817,20,1916,186,663,82,614,15,105,5,261,21,809,223,1458,4,147,39,831,66,8,31,209,125,111,313,222,15,32,95,162,4,86,69,23,17,6,136,1315,12,96,258,122,75,208,10,55,17,20,56,78,20,48,18,22,194,305,259,36,44,68,9,76,3,286,18,102,14,27,57,952,636,164,1163,612,20,120,145,16,609,10,194,13,354,10,44,394,235,3,15,116,623,183,40,1,60,352,5,46,23,80,42,61,37,27,86,567,985,74,71,62,335,16,967,16,73,12,5,71,43,663,53,589,109,71,149,209,927,343,32,35,381,120,13,821,76,207,18,110,43,13,594,73,14,120,31,16,199,922,77,34,7,87,35,133,583,185,10,23,250,11,53,441,47,697,41,18,530,258,548,51,232,15,73,344,393,38,12,698,36,63,104,145,16,127,584,16,204,6,50,473,10,253,6,12,38,47,242,93,111,213,382,119,12,307,88,152,153,621,79,3,69,140,36,19,469,49,223,391,73,50,49,117,32,12,47,79,70,934,278,41,7,25,681,8
"ENSG00000163888.4",149,65,167,31,112,50,200,54,186,857,76,830,37,28,172,47,9,141,523,40,51,29,286,36,64,36,55,196,57,125,21,21,44,104,136,131,388,14,887,408,2079,84,161,319,33,158,248,767,45,19,1176,12,32,58,164,26,99,27,33,873,147,445,684,48,124,92,146,12,25,1574,24,27,326,46,73,14,129,363,271,282,28,56,144,43,103,651,50,2,47,47,220,269,9,1160,89,21,323,1017,283,291,141,37,571,6,48,1487,54,10,462,46,35,12,52,65,10,128,587,352,16,8,62,122,34,486,18,26,53,1606,84,158,174,11,55,51,374,36,96,27,1003,22,16,444,75,38,70,233,253,57,59,151,36,43,60,237,113,305,40,43,157,330,119,110,209,10,30,30,107,973,360,72,163,8,129,46,261,58,451,908,38,25,79,744,121,308,7,11,202,24,49,13,679,367,1193,58,17,245,34,182,536,818,6,362,69,50,6,26,5,159,279,252,66,69,66,22,144,1406,241,86,32,30,38,61,50,985,24,8,9,3,21,65,2384,1075,12,144,16,695,13,49,13,541,2146,23,118,870,317,386,8,353,7,153,28,319,46,299,15,346,127,312,21,59,263,25,244,17,54,17,95,1,82,14,145,24,10,27,489,13,44,27,84,902,811,13,309,25,70,44,23,145,73,21,76,189,76,144,957,20,423,66,681,636,192,377,2199,15,85,100,13,582,34,55,282,70,14,763,60,73,24,30,194,46,646,81,15,38,235,722,22,138,66,6,50,24,23,516,91,21,62,16,197,228,20,79,14,138,495,104,98,2065,256,62,43,323,83,74,5,46,34,405,159,12,1001,335,38,104,56,41,355,22,247,121,748,220,11,87,604,148,467,55,67,784,15,112,18,1194,23,51,34,99,165,22,23,572,24,144,135,53,743,61,381,13,129,88,681,4,37,29,41,8,7,86,6,251,7,33,59,387,81,1881,827,183,58,292,125,121
"ENSG00000163914.5",6,0,6,10,16,30,0,0,1,8,1,0,0,15,1,0,35,8,3,9,8,0,14,1,2,23,0,4,16,0,6,2,25,0,4,0,0,16,0,0,0,6,21,0,2,1,4,2,0,0,0,2,1,0,2,3,1,13,0,0,3,11,7,1,0,50,1,0,0,4,9,6,7,0,2,1,6,6,0,6,3,8,2,1,5,30,0,0,3,6,31,2,46,0,3,0,0,0,6,1,5,0,2,0,20,8,7,0,26,44,5,0,0,9,13,0,51,0,0,3,1,5,8,5,14,0,0,0,34,8,6,1,12,3,2,0,1,0,0,1,0,18,2,2,5,9,0,0,2,0,0,0,14,0,2,0,0,7,5,6,1,4,1,5,6,1,16,8,13,0,0,1,17,37,5,0,12,3,1,4,0,9,10,21,0,2,0,0,13,0,0,0,6,1,16,0,0,24,0,30,1,2,13,15,0,0,2,1,4,0,14,2,0,0,10,2,0,1,2,1,0,4,6,8,0,0,0,3,1,0,13,3,10,1,0,6,1,1,1,9,15,7,1,21,37,1,1,0,2,5,1,11,0,0,0,1,0,13,3,7,4,0,6,24,0,10,8,0,0,0,2,0,2,0,8,14,5,0,2,1,38,5,1,1,1,3,0,15,41,2,1,10,23,1,2,0,0,0,0,14,10,28,0,0,0,2,0,17,2,3,1,38,0,54,2,8,11,13,6,5,17,4,0,8,24,2,2,0,0,0,0,4,3,0,3,1,18,1,0,1,0,0,3,15,0,0,0,10,8,0,1,2,2,15,0,1,12,11,11,0,1,0,5,41,13,1,0,22,1,6,0,8,2,2,0,0,2,0,0,36,7,1,15,8,2,0,2,29,1,0,5,2,0,16,31,1,5,5,0,0,1,0,33,0,3,0,0,4,0,2,0,0,4,10,10,0,0,4,4,3,0,0,0,1
"ENSG00000163915.7",1,0,0,1,3,7,1,0,2,2,2,1,5,1,1,1,16,5,0,1,24,1,0,32,0,18,1,58,0,7,0,2,4,0,6,0,1,5,0,0,0,0,0,0,3,8,1,0,0,0,15,3,2,12,0,190,0,8,121,0,1,0,1,12,3,5,0,8,3,30,1,1,1,0,0,1,0,8,1,4,10,2,2,2,61,9,4,0,0,1,14,10,1,1,5,0,0,0,4,6,0,1,1,165,7,1,55,1,13,7,26,1,0,5,1,0,2,0,10,5,0,42,0,3,12,0,2,0,2,0,0,1,8,3,9,0,0,0,16,0,3,6,5,0,5,4,1,0,4,7,1,3,19,1,1,0,2,2,2,14,6,3,9,5,3,2,1,10,27,15,53,4,15,7,6,0,19,7,1,0,0,1,0,1,0,2,122,142,0,116,17,1,0,18,6,74,2,34,0,4,0,19,1,7,0,5,0,216,45,0,26,4,5,12,3,6,0,0,3,0,1,79,2,1,2,0,1,19,2,0,2,1,1,0,1,0,0,0,0,0,4,2,0,4,6,2,0,4,1,0,3,1,0,12,0,5,0,0,1,7,21,8,2,2,1,18,35,1,101,0,5,0,11,0,7,6,0,0,10,5,1,5,1,1,23,0,0,7,0,4,0,15,14,0,1,1,8,5,0,1,12,0,7,0,3,4,0,3,115,12,10,2,0,7,5,2,21,0,0,3,4,4,0,0,0,8,3,0,0,0,1,2,1,5,31,1,9,12,0,0,0,0,0,1,9,0,1,0,2,0,1,3,16,5,0,2,1,0,0,15,11,0,2,9,0,2,2,0,1,7,13,12,3,3,36,0,93,2,0,1,4,30,6,0,6,0,0,311,3,63,1,14,0,27,21,28,46,0,45,0,0,10,0,54,2,1,3,1,0,0,0,0,21,0,20,7,18,0,3,1,0,0,9,0
"ENSG00000163993.7",6,2,1,87,1508,862,4206,9,261,29,47,77,15,3717,8122,10,3686,199,0,8,264,21,1558,56,2,34,146,123,21,103,506,2161,7528,8,15629,12499,7770,146,77,52,0,27,50,0,230,31,56,240,32,2,17,18889,14,352,4,379,53,20,27,256,0,951,14,16,197,838,46,2,45837,511,527,129,206,82,4,17,404,721,59,356,267,15,7179,3792,6,319,261,230,3011,170,132,280,179,107689,86,10,32,39,59,3,59,35,65,27,428,53,23,25,4637,53,133,16,1028,60,67,3935,77,3,16731,21000,9,424,9,10,191,23,207,23,632,51,48,17,128,379,13339,38,256,47,6782,23769,29,821,3831,26,45,24041,22730,1162,601,54,22,19,10,5,13,209,10127,22659,77,6,56,3031,6380,533,135,68,13776,37709,16,11,0,114,4,2461,193,12,3138,4428,13524,6,28,7296,824,35,3,125,7,77,37730,91,1,13,7882,404,45,155,23,7038,9,24098,2,20,2721,37,144,46834,28,316,1453,9,4419,88,21178,2194,208,1,4,2,3321,23,7,13,479,8159,4,9,16,33,6628,714,12142,5,1145,37,2,95,4,2,5,173,315,34,31,226,19272,46,17,2699,1766,23,7,6,27,22642,1,10,2,792,296,15039,7,22,4987,530,20,13992,568,20,14,39,20192,14,14032,35,5,3,12911,15,7,85,31,2309,56,162,6,1701,19,16891,447,78538,121,796,57,452,25,2750,3207,21,39,2,44,21117,208,158,3441,175,3882,14891,30,11,6,162,95,54446,2171,576,19,51,2822,310,1762,18,17,36,932,17,48,3,126,60,6,728,17,0,576,68,6,1322,10,1875,18,8,24844,125,259,36,99,926,5576,32,106,14631,5,453,26,57,1621,26,5209,64,378,1058,300,8944,19,16,3509,132,12,1925,496,81,25644,687,555,70,9,49,103,180,116,75,31,12298,146,1721,161,1008,13,120,104,4,20,500,60,143,884,348,67,42,6,0,1257,32,141,4,4739,3937,18,1293,222,6,16,28,13,35,1165,20,253,38,7,161,32,18
"ENSG00000164007.11",187,1,3,1,9,0,16,4,11,4,5,15,11,346,2,20,4,5,374,7,5,3,6,2,2,13,10,0,3,6,55,4,10,3,2,0,3,11,0,7,348,3,3,0,9,24,1,4,6,88,4,0,5,192,13,20,24,18,4,0,22,3,8,161,2,115,0,2,5,6,285,4,0,1,2,8,7,4,162,40,559,34,2,87,187,5,10,7,0,0,5,2,0,33,10,0,14,3,515,16,10,6,19,9,73,7,2298,11,392,0,15,13,11,26,475,6,1,2,96,113,4,5,153,4,62,0,0,0,11,18,0,6,168,3,5,5,0,1,186,0,7,1,9,11,1,5,6,0,90,0,3,1,488,17,13,0,0,1,403,21,1,3,50,3,20,12,83,15,36,57,16,42,8,8,14,0,6,435,0,20,0,5,0,56,2,6,2,15,0,201,0,1,78,21,1,59,35,11,0,35,0,26,1,24,5,7,2,2,8,3,8,13,30,9,42,0,3,6,22,0,3,2051,0,2,37,5,8,563,0,301,2,0,3,45,3,2,13,12,205,7,2,1,6,29,4,17,194,4,88,1,12,0,8,0,9,289,12,1,2,12,161,34,4,15,1,1,0,3,152,15,5,6,173,1,6,71,70,3,46,112,59,156,333,8,5,18,0,5,1,3,4,2,0,3,3,15,2,4,2,1,4,8,16,9,1,11,0,8,33,1342,0,4,4,51,17,1,479,11,1,32,6,30,3,111,4,6,5,3,2,0,24,0,3,2,7,4,53,100,184,0,4,2,3,11,1,6,1,2,149,0,2,1,1,349,310,4,1,38,52,1,251,2,10,2,0,175,20,271,6,8,6,3,2,167,0,0,4,8,97,47,515,41,21,2,17,34,0,448,85,3,632,4,14,15,1,0,62,167,9,7,1,9,6,0,0,0,4,61,6,2,7,15,4,20,0,1,3,0,44,8,3,3,0,1
"ENSG00000164045.12",35,24,88,71,231,170,683,30,13,115,91,238,519,1564,348,63,34,319,206,63,57,13,54,46,80,153,67,233,122,144,320,120,173,132,47,396,55,32,313,226,24,122,420,57,39,164,31,285,19,68,50,579,150,427,28,109,29,166,219,336,48,247,51,230,15,194,60,41,426,349,191,44,42,9,125,10,296,75,1175,302,201,175,1077,69,324,101,25,97,88,9,300,147,81,771,34,24,53,350,232,404,59,36,315,67,84,460,262,20,2250,407,76,20,40,164,155,88,1143,105,213,589,58,138,33,157,96,18,17,274,208,229,41,31,743,43,263,44,42,21,680,17,21,1083,236,64,113,685,250,172,437,40,20,30,247,134,34,107,79,486,262,142,130,48,290,85,230,171,488,509,356,1071,84,63,223,765,61,57,61,101,187,63,31,170,125,253,69,51,328,26,55,339,16,1020,359,391,77,247,30,96,49,268,61,484,328,1466,8,211,54,210,154,178,31,245,511,81,168,114,7,30,93,361,14,75,524,65,58,34,178,562,35,125,433,86,153,165,23,316,27,86,214,83,19,96,22,22,586,193,515,112,54,50,15,101,48,255,28,121,148,43,31,615,278,162,1069,551,58,144,130,26,444,15,189,22,346,30,44,341,390,28,43,154,461,277,94,18,23,955,34,46,171,99,92,42,110,21,138,391,390,47,31,47,279,23,2238,39,297,38,20,62,56,508,108,355,107,92,94,75,1005,192,20,70,340,75,66,1179,112,196,49,175,62,21,246,202,49,445,240,80,171,793,147,70,18,70,49,250,695,199,10,136,341,17,71,352,52,1371,78,41,352,156,848,30,207,73,29,301,287,43,100,1121,45,110,336,71,113,104,348,56,216,9,23,176,54,277,53,45,94,70,281,58,163,244,501,46,23,231,91,151,120,871,67,19,100,137,39,15,235,62,229,652,141,27,99,129,23,18,112,41,48,797,277,154,13,11,341,29
"ENSG00000164076.17",0,0,0,0,1,3,0,0,0,1,3,4,5,4,0,0,4,1,0,1,0,0,7,0,0,0,0,0,2,0,0,0,1,0,4,2,0,0,1,1,0,10,2,0,0,0,0,0,0,0,0,18,0,0,0,0,0,0,0,0,0,0,0,0,0,0,0,0,1,0,0,0,0,0,0,0,2,0,340,2,1,21,20,1,2,18,1,7,2,0,8,8,3,1,494,0,0,2,1,2,0,0,0,1,0,0,1,0,301,6,1,1,0,0,1,0,1,1,3,3,1,3,0,1,0,0,1,0,2,0,0,0,3,0,1,0,0,0,55,0,0,17,0,0,1,2,0,345,11,0,1,0,0,0,1,0,0,3,0,0,1,13,0,2,2,3,0,0,0,0,0,0,0,0,1,1,0,0,2,0,0,4,2,0,0,0,0,12,9,0,0,2,0,4,10,2,0,1,0,9,1,84,5,2,1,0,0,2,0,0,1,1,0,0,11,0,0,0,1,0,0,0,0,2,0,0,2,375,1,0,3,0,0,1,0,1,0,1,0,0,2,0,0,0,4,0,0,1,3,0,0,1,0,0,0,0,1,0,1,0,0,3,0,4,0,0,1,0,1,0,0,0,19,0,0,2,18,0,0,2,0,2,0,0,1,1,0,6,7,1,0,0,9,0,77,14,21,0,16,3,0,0,968,0,5,0,0,0,3,2,0,12,2,4,0,3,0,2,0,0,0,0,0,2,0,0,1,0,1,2,1,0,0,7,1,0,0,1,0,0,0,0,0,7,7,0,0,7,4,0,1,8,0,28,0,0,2,1,105,0,0,0,0,36,1,0,0,13,0,1,1,0,0,4,12,0,10,0,2,0,2,1,0,0,0,4,2,0,0,0,28,0,0,0,0,0,0,89,0,0,0,1,0,0,0,0,20,2,0,1,0,0,0,0,0,0,0,1,6,0,0,0,2,1
"ENSG00000164093.17",21,0,0,1,0,0,62,0,1,0,246,1,6,32,12,0,1,0,0,0,0,0,1,0,0,2,0,3,2,3,2,55,1,667,0,1,5,0,0,0,0,0,0,0,0,0,0,0,0,0,0,13,0,2,0,0,1,0,0,0,1,58,0,0,0,2,0,0,1,0,0,5,5,0,0,6,3,0,3,4,0,32,8,0,0,0,0,0,2,3,2,0,0,109,0,0,0,0,5,56,3,1,4,0,3,4,0,0,2620,0,0,3,0,0,9,0,0,0,0,1,0,0,0,0,3,0,1,0,1,1,1,1,46,0,0,0,0,0,1,0,0,0,12,0,2,2,273,0,65,40,0,1,1,3,1,0,0,2,1,1,1,1,13,4,0,15,22,0,0,89,15,357,0,4,0,0,0,2,41,1,0,0,0,0,1,1,0,0,0,0,0,782,3,1,2,0,2,0,0,0,0,2,4,100,0,0,12,0,0,0,0,1,1,1,300,2,0,0,31,61,0,0,0,0,1,0,1,3,1,0,0,0,2,1,0,0,3,0,0,0,9,0,0,1,313,0,0,0,1,0,1,0,1,78,0,0,2,0,0,317,0,15,194,2,3,0,3,1,2,1,1,0,2,0,0,0,26,0,0,85,2,1,0,0,0,2,0,3,0,0,1,1,0,1,0,413,126,1,1,6,0,1,21,0,0,2,0,3,0,0,1,0,0,0,2,30,0,12,2,0,0,3,0,4,3,1,0,0,0,1,1,0,1,0,0,0,0,0,0,1,1,0,29,0,1,0,1,3,0,0,1,2,0,2978,1,2,6,43,0,3,0,2,0,38,2,1,19,249,0,0,0,0,6,0,17,3,0,0,1,0,86,2,126,1,3,10,1,0,0,0,857,0,0,0,0,0,1,107,0,0,1,0,2,0,240,5,1,75,0,8,6,0,0,1,500,0,0,643,12,2,0,0,3,1
"ENSG00000164100.9",1,1,0,0,1,2,0,0,2,2,4,1,8,2,1,32,7,3,0,15,8,88,0,2,3,1,1,0,0,2,2,6,1,14,0,7,1,5,0,1,0,0,2,2,107,1,0,0,15,1,7,0,106,1,0,0,17,5,2,4,0,1,0,14,28,0,0,0,5,2,5,1,1,4,1,60,2,0,7,4,0,0,1,0,0,7,0,0,3,0,4,7,1,0,1,42,30,0,2,3,6,53,0,1,0,1,0,75,6,4,1,258,0,0,65,2,7,5,3,2,1,2,0,2,0,23,22,0,0,5,12,145,0,0,0,100,0,68,1,0,11,1,6,135,8,2,0,3,0,6,19,62,1,5,76,0,0,14,1,4,1,0,1,5,0,3,1,0,0,0,0,0,0,0,1,1,3,0,8,0,87,0,0,3,1,4,0,3,1,2,0,2,7,3,0,0,83,0,0,5,0,0,1,0,32,1,2,1,3,0,18,3,1,2,18,0,0,1,0,1,15,0,2,0,55,23,7,1,0,0,2,1,1,9,0,0,22,1,0,1,1,0,2,2,1,4,1,2,2,3,8,0,24,0,82,2,84,0,0,1,3,8,4,0,141,4,0,32,7,32,0,89,0,188,0,3,0,11,1,0,0,1,1,51,4,11,11,0,1,3,52,17,1,0,2,2,0,5,1,0,6,3,3,175,0,2,0,0,1,0,1,1,0,0,4,3,1,1,0,1,0,2,49,1,0,1,41,0,0,34,2,19,5,12,2,85,0,0,5,0,69,5,1,2,0,0,3,1,3,111,50,0,21,0,1,60,0,7,6,0,1,3,8,0,2,2,0,12,2,0,0,1,0,0,0,7,0,7,6,0,0,1,1,0,22,0,4,4,4,1,0,1,48,4,0,0,2,3,18,25,0,0,5,0,5,35,0,6,0,2,10,6,1,7,1,1,0,175,2,79,107,39,0,57
"ENSG00000164109.14",302,18,17,146,285,319,258,138,49,1347,101,937,1121,3322,840,58,128,551,664,90,160,39,281,227,179,211,155,581,158,628,534,397,360,258,53,778,576,91,784,454,24,797,758,90,86,81,85,573,41,87,218,1233,262,720,201,265,74,628,1426,445,68,646,152,365,71,203,150,81,1308,678,681,242,170,36,163,28,1167,133,890,496,404,426,665,230,344,497,123,107,160,24,253,267,94,203,83,34,75,1066,288,382,145,69,762,106,206,1111,275,63,2352,394,179,96,209,738,326,208,1511,180,1029,1391,169,400,90,380,324,42,28,221,316,555,153,43,959,117,390,58,110,64,651,65,51,755,641,185,215,1230,607,223,529,773,53,42,284,323,116,490,174,499,709,301,196,226,1828,353,225,734,937,463,458,2533,79,388,511,3076,177,159,234,259,450,228,79,539,490,424,193,242,604,110,109,967,90,1682,711,596,143,200,111,189,170,747,111,1286,359,2425,51,317,51,1127,185,596,123,370,1103,381,247,617,30,229,171,771,21,164,214,92,81,33,301,2147,46,268,693,320,272,463,40,920,71,180,472,152,194,222,67,226,444,603,463,95,277,219,63,253,83,713,70,283,149,234,107,1936,791,368,1220,890,58,270,352,29,2287,68,544,35,992,67,117,456,381,52,110,299,2412,458,152,30,303,1243,37,247,109,168,172,244,88,71,103,1071,2596,311,286,549,557,115,2357,62,181,78,56,144,143,761,272,423,323,208,212,562,1734,636,90,202,457,548,70,793,256,273,94,238,197,37,500,171,198,398,599,84,435,2086,124,82,35,307,91,425,628,491,40,138,192,25,114,985,137,1804,116,63,484,1198,626,60,338,138,183,328,1476,128,98,1713,104,283,253,326,291,183,1336,76,303,28,166,879,92,476,213,59,213,263,513,166,367,263,687,199,85,269,54,273,385,1652,149,21,205,77,346,31,1148,221,307,727,376,151,328,512,77,65,332,118,170,1971,381,200,37,87,960,60
"ENSG00000164112.13",4,0,0,1,3,1,1,0,0,2,0,2,54,246,0,1,0,5,2,0,0,0,1,2,0,0,0,1,0,14,2,6,9,1,0,2,1,0,2,5,0,3,9,2,4,0,1,1,0,0,8,13,0,2,2,1,0,1,1,0,0,435,0,4,0,1,8,0,4,3,1,6,0,0,0,2,2,0,2,11,1,3,6,0,4,1,1,3,21,1,2,0,0,0,0,0,0,1646,2,5,1,0,23,0,0,3,0,6,15,0,0,4,9,0,4,0,5,3,0,14,0,1,0,1,4,0,0,93,2,3,0,2,2,0,14,2,0,1,3,4,0,4,2,0,3,18,11,2,23,2,0,1,1,1,2,0,1,8,1,6,31,2,4,4,0,17,18,4,0,12,2,1,0,1,1,4,7,5,7,5,0,9,1,4,0,1,7,25,0,0,3,164,4,2,1,1,0,0,1,9,1,0,7,6,0,2,1,0,3,0,0,7,1,0,9,5,1,1,3,5,0,5,0,2,2,0,0,19,2,2,1,2,3,30,0,5,0,2,2,0,0,1,0,0,9,0,0,0,0,0,1,2,0,1,1,0,1,11,0,71,1,3,6,3,1,2,13,1,3,0,5,0,7,0,0,2,3,0,0,1,19,5,1,0,0,3,0,5,9,4,13,0,1,0,0,1,1,1,0,15,1,2,1,2,0,1,25,3,0,1,1,5,0,0,139,5,455,133,3,0,5,6,0,9,9,0,1,3,7,0,1,59,4,1,0,0,0,8,0,0,0,8,0,1,4,2,4,2,6,0,3,66,5,1,0,1,0,3,4,1,0,2,1,7,8,1,0,5,1,20,0,4,0,6,0,1,0,4,2,2,0,6,0,0,2,0,7,0,22,0,5,1,0,5,0,2,1,0,4,0,1,7,5,0,4,1,20,11,0,5,5,0,0,1,3,1,8,94,7,1,0,0,2,2
"ENSG00000164128.7",109,85,331,54,200,36,6,111,94,115,72,101,19,91,20,450,178,8,20,173,130,584,568,200,48,38,5,34,14,8,67,52,24,323,76,276,134,37,23,86,2,511,54,160,715,8,6,76,703,36,135,302,543,11,44,13,121,24,73,8,31,22,57,144,266,186,43,80,91,23,4939,142,31,102,64,434,41,14,14,42,75,16,1139,140,41,56,26,11,1393,13,116,421,18,0,50,186,376,101,11,71,77,573,363,83,58,68,97,644,48,21,248,680,2216,31,64,19,103,63,9,9,31,10,32,86,67,442,222,7,47,874,110,386,6,35,33,578,70,392,29,42,220,287,80,864,514,24,12,11,18,229,1143,497,10,14,277,67,24,302,24,24,43,8,20,118,21,48,13,207,6,16,4,3,24,63,81,32,60,28,106,66,275,57,65,19,170,47,829,429,37,16,35,2,65,57,26,8,351,11,1583,24,40,105,91,25,348,36,48,36,91,78,372,68,12,15,314,51,10,66,68,8,156,47,8,47,330,260,234,15,13,15,3,39,109,12,21,52,305,82,5,32,165,62,54,59,44,11,0,54,101,130,72,13,222,23,353,143,758,69,56,179,168,143,7,13,593,70,86,1027,136,314,39,223,29,494,8,59,5,223,29,9,65,1,37,331,76,36,587,123,7,89,442,58,207,22,39,17,154,90,475,55,208,55,163,1266,19,67,98,20,16,6,221,29,86,55,307,144,11,460,1883,58,176,24,459,27,138,54,471,192,29,278,40,45,220,98,107,1156,13,165,157,443,521,73,54,120,28,83,54,15,154,673,325,3426,178,3,43,847,97,72,6,0,90,578,55,522,122,36,0,12,76,36,7,33,6,21,54,40,77,425,64,25,14,32,208,71,470,9,61,99,32,32,36,90,325,94,38,32,165,20,823,244,4,0,57,68,56,232,8,14,65,871,194,38,3,83,25,27,30,107,26,971,440,141,34,729
"ENSG00000164161.10",8,162,1,103,145,12,1,6,11,148,141,12,5,5,1,374,115,0,0,205,608,642,291,286,3,8,0,7,0,50,18,23,84,307,104,15,10,51,0,3,4,26,1,2,819,0,5,33,725,9,41,40,563,0,0,0,118,1,4,0,1,8,0,212,248,0,5,2,69,0,76,17,0,199,19,818,76,2,4,3,6,4,7,377,1,5,2,0,18,1,48,7,0,1,2,430,98,1,186,67,85,445,19,2,54,28,3,602,51,2,252,555,360,17,58,4,21,3,0,0,0,2,17,6,8,383,149,1,2,212,397,992,0,8,20,838,5,907,4,5,378,83,174,1693,551,15,5,6,10,2,1111,611,0,0,582,1,0,362,6,14,0,0,7,151,18,226,2,4,0,19,0,1,1,2,55,49,1,3,1371,21,291,12,2,6,4,43,89,47,4,7,30,79,16,4,0,1,778,1,1,2,3,20,61,3,627,8,5,22,174,9,455,66,2,1,332,59,7,4,82,0,473,0,0,2,499,304,16,1,0,1,5,1,27,2,0,0,669,12,0,12,1215,11,6,53,15,19,0,4,2,1,55,0,229,12,882,69,1385,24,0,16,259,12,16,2,1164,64,41,852,1,442,11,306,3,1128,10,1,16,238,0,3,9,0,5,172,1,89,622,140,1,35,1254,73,121,0,17,0,36,11,18,3,960,29,1451,2405,0,15,1,6,5,1,6,36,1,1,14,1,0,84,356,31,37,14,979,3,32,15,1026,0,7,271,0,95,108,21,1,1206,2,4,7970,2,649,0,2,27,0,28,2,11,0,651,985,23,64,1,34,661,13,21,0,0,0,43,79,12,169,3,1,5,46,11,9,29,0,0,9,18,0,848,2,1,0,0,33,44,777,1,236,21,2,0,31,1,201,5,1,22,4,14,1271,582,0,0,403,0,89,24,14,0,1,454,382,55,2,106,5,11,1,2227,1,1665,698,126,1,690
"ENSG00000164176.13",505,20,1239,305,671,92,14,207,176,446,531,390,96,1178,5215,127,161,142,8,184,105,7,976,227,36,261,36,642,8,304,139,977,365,331,150,582,335,116,61,397,3,921,319,15842,62,92,99,721,70,158,160,587,41,76,194,48,155,133,211,126,34,240,72,100,17,176,70,84,32,288,440,1038,241,7,141,38,337,218,51,217,210,60,283,276,100,123,245,15,1834,47,339,159,14,46,17,8,45,411,78,429,99,368,843,127,237,681,164,7,674,105,554,55,2156,640,144,118,628,65,875,193,40,125,62,56,316,61,344,62,168,128,94,95,103,315,276,22,345,11,360,116,88,282,671,68,299,265,194,137,63,534,19,14,104,119,214,21,39,625,91,678,483,47,113,212,90,466,513,298,19,260,21,62,272,4085,491,188,71,148,571,81,9,620,174,370,98,66,1176,729,100,33,55,15337,47,247,157,6,16,26,138,365,133,55,1137,86,38,67,184,422,94,90,216,149,91,84,1486,1238,40,93,364,486,9,160,60,99,451,18,200,101,144,355,28,158,534,261,38,253,48,100,56,403,407,420,216,190,737,131,4,133,408,53,34,58,36,87,26,72,61,528,57,1533,388,235,325,78,41,553,150,37,177,19,410,10,40,20,241,22,332,11,26,236,92,19,60,38,38,230,36,130,48,333,396,38,54,36,110,103,1382,646,522,819,195,148,2115,55,34,152,98,121,62,38,373,151,60,214,588,932,227,398,977,80,946,221,12,215,371,66,95,211,111,9,218,16,159,64,132,70,76,726,101,31,16,213,467,111,53,230,123,49,224,17,73,759,176,304,91,29,246,100,85,17,196,159,245,561,569,160,128,687,329,155,29,189,134,36,61,48,92,46,150,195,77,1009,37,96,76,75,41,71,73,51,186,86,16,257,39,156,284,81,1258,70,59,24,138,48,187,328,628,101,67,2033,471,45,43,44,562,61,181,4463,166,397,19,61,105,15
"ENSG00000164188.9",3,301,397,4,21,83,0,153,76,7,639,854,451,18,1,462,17,42,247,54,25,509,38,43,238,300,1,102,14,26,20,9,46,158,17,152,226,9,991,2214,24,6,22,1149,1013,2,7,10,291,12,175,8,227,53,912,12,498,123,69,7,123,6,393,67,48,14,191,437,25,9,66,42,7,607,126,1480,12,13,21,30,397,4,16,8,112,2,19,25,25,11,25,180,20,0,70,339,832,25,43,19,54,641,4,281,39,26,18,880,12,17,48,107,84,17,2,72,28,33,46,17,69,92,98,38,18,202,43,30,41,49,210,350,5,34,7,601,1074,771,4,44,230,38,7,439,42,9,10,12,2,2,532,202,107,237,134,11,28,141,341,78,16,9,13,48,5,15,6,3,5,14,25,25,59,76,13,310,18,56,70,128,582,17,35,13,549,62,79,317,35,34,88,4,1,42,5,13,409,2,40,14,33,105,34,14,464,24,35,154,27,24,82,36,35,35,85,17,786,151,52,208,629,12,0,4,458,173,303,28,3,111,58,13,13,307,265,42,723,202,92,25,79,18,807,11,18,82,56,10,507,713,91,1,367,3,328,37,853,2,52,13,133,91,8,67,136,32,29,569,13,197,11,174,5,223,13,316,1,93,783,13,97,17,14,92,1381,11,459,13,7,14,221,28,5,56,590,7,6,609,225,15,106,3,4,170,30,14,238,97,43,95,517,16,48,54,50,2,152,15,74,8,16,30,372,16,36,14,134,268,91,250,68,6,71,181,205,927,340,9,2293,31,499,228,16,17,7,48,81,0,8,88,275,24,534,15,549,360,29,16,19,25,20,281,143,16,44,247,0,10,157,14,4,297,6,326,15,56,16,42,522,48,19,23,83,3,104,6,8,80,26,3,32,1211,311,40,8,48,28,11,922,240,65,128,12,102,81,549,10,1,9,56,101,17,129,96,10,5,7,523,25,614,1550,839,6,310
"ENSG00000164256.11",1,0,0,0,0,1,2,0,2,0,0,2,0,44,69,1,0,9,4,2,2,1,0,1,5,1,5,4,5,0,0,1,3,21,4,0,9,0,4,4,0,1,5,2,0,0,0,2,1,0,2,1,0,69,1,0,1,6,2,1,20,3,2,1,0,0,0,2,0,0,116,0,4,1,1,0,0,0,2,7,76,2,0,0,5,0,0,3,0,0,0,2,2,1,2,0,0,0,42,5,0,2,2,9,1,0,3,0,97,4,4,0,0,2,0,64,4,39,37,15,13,4,2,9,2,0,0,0,0,6,0,0,11,0,0,0,0,0,123,9,0,0,0,1,1,3,0,0,9,0,0,0,16,20,0,1,0,2,5,6,5,2,1,0,0,11,0,1,2,71,8,0,5,3,0,0,6,50,0,17,1,0,1,3,10,0,0,0,1,3,0,0,0,12,1,2,0,0,0,6,4,0,2,18,0,19,0,1,15,0,0,4,11,15,8,0,2,0,4,3,0,3,0,0,0,0,24,0,0,3,0,0,0,8,9,17,1,3,1,26,0,1,6,10,12,8,0,4,0,1,0,0,0,0,1,3,0,0,7,1,15,1,1,56,0,0,0,0,9,0,3,0,46,1,2,0,4,3,1,5,12,6,7,0,17,3,0,0,0,2,0,0,0,14,4,6,10,5,0,0,9,0,6,0,26,0,0,2,3,85,6,0,13,7,3,1,12,0,0,0,0,0,0,9,0,0,0,10,30,0,9,0,0,5,6,0,15,0,3,0,0,2,0,1,3,3,1,0,2,0,1,0,2,14,1,0,0,0,4,0,12,0,0,0,0,9,5,11,11,4,0,1,0,2,22,5,12,0,0,2,17,7,12,0,0,3,0,3,1,0,8,0,0,0,2,8,26,11,4,0,0,4,0,8,1,0,25,488,0,1,0,1,2,0,5,0,2,0,3,0,0,1,0,0
"ENSG00000164266.11",1536,1131,14,26304,2990,49942,5062,4,42646,1239,72,37,4619,45667,3508,312,2192,30080,1137,57,7101,497,3975,8606,1694,47,93,19640,42777,26198,453,21870,18355,13,11530,74886,11835,36182,171,153,80,14230,1482,8,344,22226,9701,22910,360,43,104,153249,20,802,0,6936,23440,105,6910,970,6,12094,42,175,418,6,54,103,32420,5273,71,30180,73949,74,23,177,37892,25994,46165,3788,3973,345,76305,29,6995,73,62700,591,218,41105,135217,29989,1947,18022,1723,264,14982,81,122595,5045,3605,8,29464,31,65435,596,584,5,14767,37288,111,113,28,78869,92,1308,190,18556,3062,13824,26,5980,733,1,45545,21,1273,452,16,3228,12919,6730,26584,25651,8001,322,182,74,3,1249,56,6093,21224,1832,11059,47762,45407,1197,270,387,3777,666,1223,944,1213,27,176075,67365,20496,14923,750,158852,2033,25659,6553,717,34458,13532,23,43601,7757,7402,5627,16715,2421,8,23297,24875,6495,50,7,22,628,63,4,12206,4201,27557,11504,9,2271,43,99,2671,6456,160,4,1931,21,13066,20,2716,8362,3092,150,71238,115,10172,11449,3,474,528,26780,8943,16350,89,49,552,52139,58694,413,21,30509,18840,71,90,306,92,49050,48,20137,2282,21877,106,79,37869,49,1,7,2341,139,36266,25,1072,53578,45331,23,32256,13,390,6428,62906,3399,37097,36,1,8,0,31,98250,550,1337,9860,6835,9676,61297,7766,31,19,189,64471,178,1545,108,1191,55,23537,18,35,5868,81,160308,712,16217,19,14192,63,473,81598,55015,258,38432,23814,26,442,62367,30247,52,33,34,5360,2365,63021,22545,72068,34483,6232,96326,96,2731,3,10181,8,94338,19883,26475,3655,3984,203,62546,342,280,9,3765,16065,1,10,87,56350,453,0,479,5692,480,18130,1739,118,24614,54142,13890,504,1348,85422,638,12166,3713,89,17374,26877,41,1168,3235,48,5269,2284,500,195,324,5366,116127,490,39023,3761,15253,11,148,55042,18040,582,32471,7806,635,152681,13697,3131,32394,56,358,48,51,106,15334,1035,22287,632,12844,17996,8267,8110,1166,17056,11,4,365,318,26804,5370,34934,3681,3998,1646,80,589,1,4243,2,18942,25079,221,626,1138,18,5835,24464,1648,10445,1959,19,5772,3230,3751,35,61,5230
"ENSG00000164283.13",375,12,90,121,243,12,95,1061,27,145,2385,1002,978,575,204,66,608,1260,941,113,27,30,248,21,316,207,142,354,225,974,1129,529,96,143,15,362,1901,84,3720,2905,107,760,2215,1810,20,26,9,286,254,54,661,1121,15,422,771,238,130,704,457,145,532,2177,556,211,136,4441,343,297,611,430,188,55,49,11,297,7,404,51,291,45,3189,373,371,91,536,1103,9,159,3840,189,162,492,262,149,788,2,789,2622,336,77,163,27,1589,1651,46,280,2135,18,344,823,51,27,120,456,163,359,155,505,350,562,210,381,7,89,46,32,29,181,89,489,31,20,438,67,153,3,1152,5,1064,814,7,143,264,1,42,671,110,315,772,611,29,22,439,91,61,667,1313,94,401,160,3156,120,2137,82,91,2500,733,381,338,668,32,148,434,2851,240,24,96,2305,148,1284,1,707,1289,243,414,25,1426,1469,201,136,182,229,1742,304,1329,143,14,293,142,1592,335,626,282,606,1,512,14,274,46,623,136,75,374,184,69,307,307,948,73,721,1,582,213,301,27,11,3143,1435,180,1204,298,908,96,329,381,655,8,516,182,39,26,20,1036,206,2238,162,42,647,1007,344,92,1087,26,757,5,71,7,86,576,923,598,943,777,731,14,277,133,20,3891,48,143,6,867,13,45,663,473,2,430,279,1096,147,753,4,568,747,39,103,266,251,22,30,45,332,312,391,584,376,2344,676,78,1084,460,4,544,9,401,100,44,248,855,101,633,311,967,2443,492,2432,17,82,1265,223,2,998,34,254,30,2347,161,31,735,49,54,309,1078,69,498,2083,668,356,11,1153,40,89,481,312,872,324,205,17,42,335,229,387,489,6,823,159,453,220,2509,676,258,187,378,27,63,514,274,23,748,214,238,543,587,67,1772,20,213,3815,88,722,306,15,13,288,62,81,248,157,415,777,4,564,271,685,2057,306,203,30,185,46,62,452,109,24,676,2533,344,112,28,75,463,244,506,208,2882,180,1163,83,22,220,838,37
"ENSG00000164287.13",11,0,0,2,81,8,0,0,0,3,1,1,378,9,4,0,1,4,0,11,12,1,6,3,0,51,137,7,8,4,2,30,0,1,207,19,2,2,0,1,11,32,79,22,12,1,2,2,1,0,0,1321,2,1,0,0,0,1,4,10,0,36,0,4,4,1,0,2,2,4,12,3,45,0,0,1,2348,13,2,4,7,39,9,3,80,9,0,1,9,0,96,1,1,8,10,0,0,2,58,3,4,0,2,0,64,15,8,0,87,2,2,0,3,0,20,3,19,1,120,5,0,0,0,1,3,0,2,2,6,7,0,0,19,1,41,0,0,1,192,0,1,10,112,2,4,24,7,32,4,2,0,2,23,6,1,2,1,4,12,8,2,0,107,7,9,0,38,145,4,19,66,1,1,2,0,2,1,1,5,3,0,111,2,0,0,0,3,0,3,5,1,1,162,2,5,0,0,1,0,7,0,4,17,9,0,4,1,2,3,1,10,2,0,401,5,6,2,0,9,3,0,4,0,49,5,0,1,0,201,2,19,27,1,0,0,2,1,0,0,36,472,1,4,212,578,2,0,0,3,1,3,8,0,14,0,1,0,9,1,0,23,0,13,15,0,0,6,2,7,6,1,0,80,0,5,2,0,0,0,1,0,1,8,0,0,2,0,8,24,33,49,1,0,0,3,2,29,2,2,103,1,2,5,0,0,0,0,6,2,1,0,2,1,78,15,39,1,54,393,4,1,2,0,6,1,0,15,0,1,0,0,2,1,18,0,0,1,4,0,0,0,0,31,1,12,1,3,155,7,0,0,620,1,9,1,2,5,5,26,0,6,0,2,23,5,3,1,8,0,0,1,1,5,1,2,0,1,7,1,1,14,4,0,0,0,3,0,2,12,0,9,1,0,2,5,50,82,5,28,0,0,1,17,0,0,1,2,4,0,7,7,0,0,14,1,4,2,4,7,92,0,1,0,0
"ENSG00000164303.11",6,0,81,7,184,48,0,2,2,4,4,7,15,128,110,13,3,21,10,19,2,5,5,1,2,2,11,7,1,6,1,4,1224,2,218,14,13,0,2,3,10,6,2,5,14,2,2,1,7,2,335,17,9,13,4,5,6,226,26,0,11,114,1,10,3,1,5,7,3,108,39,9,1,2,0,9,345,0,1,73,2,17,4,15,30,0,0,16,8,1,6,88,1,0,4,9,10,5,2,11,8,0,4,6,2,4,645,7,228,0,5,17,3,6,0,1,2,1,0,66,8,77,2,2,7,2,5,5,0,14,5,11,182,1,47,5,2,7,25,7,11,8,15,9,12,11,2,5,1,1,8,1,5,1,12,2,4,5,14,13,0,9,204,8,1,115,17,271,2924,68,2,54,0,407,3,3,0,0,8,1115,5,8,3,63,4,3,7,5,5,6,6,2,2,20,17,127,6,1,0,28,2,6,6,4077,5,263,4,180,41,1,2,91,5,3,151,3,4,0,9,15,7,1,0,4,4,2,30,197,0,5,4,5,9,17,10,18,3,7,1,2,4,3,8,2,0,0,63,22,3,3,0,0,0,5,6,1,9,3,5,315,3,10,10,2,22,0,2,17,385,3,13,2,39,4,6,133,65,3,9,36,77,1,66,4,1,1,5,2,3,22,30,3,1,4,5,14,12,6,3,37,12,2,1,10,0,3,0,10,35,3,0,2,5,6,1,8,3,18,4,1,4,7,5,1033,15,3,15,43,14,6,14,9,4,7,4,7,20,143,10,8,12,131,0,2,712,6,5,1,3,2,2,1841,5,7,1,16,4275,8,153,28,9,5,18,107,5,5,5,40,8,1,3,12,2,3,71,0,1472,5,4,12,22,72,564,2,9,3,5,3,17,3,4,3,0,9,0,4,17,9,13,3,1,13,5,3,8,215,113,4,1,6,14,0,3,221,4,2,455,196,584,14,3,0,6,2
"ENSG00000164362.21",11,0,1,10,11,1,114,0,3,12,1,462,69,778,413,238,13,22,4446,7,2,1,5,910,133,0,561,287,6,39,20,32,69,4,28,4,26,1311,513,576,9,1,8,3,1,18,14,93,2,0,6,54,0,126,12,72,1,231,153,33,1,134,87,19,3,11,18,1,5546,72,236,19,16,0,24,0,237,34,67,34,212,30,98,2,6829,60,14,8,1,21,15,12,5,188,11,0,0,37,291,3,8,0,2,19,6,32,0,1,617,52,23,0,6,31,3,3,28,75,189,80,4,14,1,39,181,0,1,1393,3,37,11,0,115,31,11,0,2617,0,359,16,0,3,40,0,18,46,14,319,119,1,0,0,13,14,6,21,30,44,16,46,10,11,29,18,79,104,116,642,5,169,3,46,10,1557,3,12,36,110,6,287,0,3,29,26,647,9,6,11,1,928,38,50,26,57,4,8456,1,28,6,20,290,0,10,3379,0,261,3,26,151,6101,2,641,73,48,61,5,29,6440,38,68,2,1599,328,10,0,0,9,42,5,4362,25,31,9,11,1157,6,0,3,34,14,3,30,1,5,8,154,2605,2,0,416,2,22,0,14,0,0,0,0,16,3061,2132,27,188,353,0,50,90,0,667,0,50,0,190,1,13,118,374,0,174,1391,784,91,44,1,16,32,0,2,5,41,1,51,90,506,0,170,165,3,0,0,184,15,1176,2,46,3181,3,9,30,206,5,5,103,5,2,112,293,16,0,24,6,10,0,24,16,8,0,2,34,0,40,11,4,2,1987,2,30,77,2,3,0,642,17,76,259,1550,2725,3,42,2,8,18,9,198,10,0,3,54,86,147,1,20,2,13,8,54,89,49,5,755,34,42,0,30,271,11,437,0,3459,1672,16,149,52,9,1,27,10,438,597,205,10,7,0,1,11,72,0,74,8,0,1358,19,1,25,58,0,23,107,458,1,21,464,2,1,6,4,4,1,212,1,0,300,277,0
"ENSG00000164512.18",149,4,0,16,13,3,30,2,8,163,3,5,19,45,4,93,39,2,4,14,18,30,3,6,2,6,11,3,1,42,3,13,34,31,8,18,11,22,20,9,5,10,12,5,100,10,13,12,12,0,13,76,123,27,2,0,20,14,4,0,7,14,6,34,22,4,10,19,19,6,44,41,7,7,34,110,50,15,11,27,60,3,8,42,2,1,26,7,8,64,23,9,8,81,7,42,22,2,22,13,39,79,34,9,36,16,30,113,34,23,41,96,20,1,9,10,9,6,29,13,2,1,1,104,64,63,38,2,16,19,18,42,16,11,12,142,52,114,29,0,31,9,50,225,33,6,29,1,39,55,72,58,7,5,29,8,69,39,10,4,7,42,42,20,1,15,137,5,0,22,0,22,279,2,27,12,24,10,39,24,52,3,4,22,4,29,13,6,3,0,7,0,17,7,3,1,72,184,4,5,0,0,9,19,60,8,1,3,19,1,25,21,26,2,18,24,7,207,25,81,15,2,44,9,40,20,11,9,41,17,11,5,42,9,5,31,20,9,16,6,4,20,20,7,8,3,1,34,10,11,33,14,24,114,72,6,122,6,1,2,16,13,7,11,97,19,14,83,0,90,50,44,48,105,14,8,8,31,13,13,2,156,9,85,6,83,29,11,46,38,68,16,17,11,29,48,10,9,12,21,27,4,18,315,8,15,11,26,11,5,7,6,10,6,12,71,32,94,19,11,1,39,44,0,29,2,56,6,51,28,0,32,36,33,9,77,126,59,0,0,82,29,16,7,1,8,0,17,23,97,18,93,20,8,15,123,2,7,15,5,5,13,49,0,14,7,2,49,5,4,4,11,138,12,7,7,23,73,4,6,1,6,6,15,124,150,37,10,9,1,67,4,59,4,6,9,30,7,88,30,27,7,18,4,17,10,25,88,23,35,39,38,6,7,6,0,32,5,2,86,44,32,0,63
"ENSG00000164532.11",1,1,0,1,4,0,0,1,0,0,2,1,0,4,0,5,0,1,0,6,7,22,0,7,0,0,0,4,0,1,1,4,4,6,3,1,1,1,0,2,0,3,1,1,10,0,1,0,13,0,0,9,6,0,0,1,1,0,0,0,0,4,0,0,1,0,2,0,0,0,3,4,0,5,0,11,0,0,0,1,0,0,0,0,1,1,0,0,9,0,0,0,0,0,1,18,0,4,1,6,1,1,0,0,2,3,1,3,12,0,8,8,29,2,2,0,3,0,1,0,0,0,0,0,0,1,1,0,0,19,2,20,0,0,0,10,0,3,0,2,8,2,5,5,8,0,0,0,0,0,8,3,0,2,9,0,0,6,1,2,2,0,0,4,0,3,4,0,0,3,0,0,1,2,0,0,0,0,49,0,3,1,0,2,0,0,11,4,0,0,0,5,0,2,0,0,4,0,0,0,1,1,3,3,7,1,1,2,0,2,2,0,0,0,13,7,0,0,2,0,1,0,0,0,4,5,1,0,0,2,0,0,5,1,0,0,6,0,0,0,6,1,0,1,1,0,0,0,0,0,2,0,0,0,2,1,14,0,0,0,3,3,2,0,36,1,0,19,1,3,0,1,0,14,0,0,0,2,0,0,1,1,0,0,0,0,3,0,0,0,9,1,0,0,0,0,6,0,1,2,4,0,0,11,0,1,0,0,2,0,0,0,0,0,4,6,0,0,5,0,6,0,1,0,1,0,21,0,0,2,1,0,0,2,3,15,0,3,0,1,9,0,2,0,1,0,0,0,0,2,4,5,5,0,0,14,1,0,1,0,2,1,0,0,6,0,0,4,0,0,0,0,0,0,0,0,1,2,1,0,0,1,0,2,7,0,0,0,0,0,0,0,5,0,0,2,0,0,23,3,1,0,0,1,0,6,1,0,0,13,15,0,3,1,0,3,0,4,0,51,5,1,0,0
"ENSG00000164611.13",361,7,250,129,512,432,1429,111,70,1904,104,957,2248,5140,2346,52,165,1168,619,216,259,30,141,188,246,264,844,1101,424,703,605,755,531,115,56,586,359,215,1873,427,220,614,862,35,80,947,90,942,19,46,420,1194,178,2054,494,424,29,2146,2060,1207,62,1311,159,799,58,665,158,54,2748,1277,388,413,170,15,341,22,1383,380,2298,795,707,419,1775,543,653,437,487,213,254,168,1009,432,276,2813,192,13,52,1121,765,1350,364,52,2692,153,623,936,775,35,3377,857,324,167,87,720,251,235,784,371,2270,2552,129,394,38,1131,600,22,43,1749,428,817,134,16,3501,91,1416,48,355,34,1424,115,17,1918,624,77,185,3798,1990,1600,1240,882,58,43,789,660,81,716,577,985,1235,489,644,786,1045,404,1871,1217,1100,5274,1114,2634,579,698,567,3840,884,213,718,1701,447,427,54,543,254,659,287,462,971,49,242,1390,171,4910,1832,1201,322,2002,71,404,37,828,181,1155,606,3210,11,2434,82,1397,2777,563,113,665,5188,633,632,343,257,122,292,799,15,922,2140,82,35,21,339,1838,326,443,1903,739,737,549,129,1302,68,312,564,553,61,309,43,70,1099,2014,505,542,405,429,56,745,93,1850,59,372,90,335,313,4421,998,453,2942,2162,36,409,715,25,1533,49,801,23,1173,14,214,1127,2810,20,236,1262,1034,2781,462,72,107,1825,24,376,1481,484,180,170,682,361,647,2456,2963,272,383,100,581,203,4502,45,3460,162,90,340,361,839,267,1545,958,690,813,353,3244,790,48,457,603,574,60,1359,755,678,56,141,963,24,1191,1083,172,376,1112,45,574,2495,238,380,18,316,131,2386,1973,1350,95,1022,1880,32,99,1369,110,1219,89,63,1062,1903,1069,335,206,102,343,1133,2493,91,2191,1293,196,2112,1417,519,980,680,2718,233,582,33,73,984,209,780,548,122,216,726,1463,280,982,333,817,201,32,807,479,593,462,2955,140,25,297,408,170,47,1685,198,979,1022,1097,80,228,1219,74,31,410,287,256,4847,632,123,29,48,2219,53
"ENSG00000164619.10",12,32,29,11,20,7,1,28,7,93,59,12,4,96,5,290,41,11,4,95,51,596,26,27,6,13,0,5,13,7,19,3,3,386,2,110,15,33,1,2,2,31,9,5,517,0,2,17,445,7,38,15,564,3,1,0,80,2,6,0,2,8,0,148,147,11,7,9,53,1,87,11,1,274,5,619,12,7,28,11,7,24,36,10,10,3,4,0,32,4,14,32,1,0,6,249,159,20,14,22,64,324,5,5,15,9,8,697,77,5,26,627,32,10,1,4,41,3,5,3,1,5,12,0,5,483,263,0,12,46,76,522,63,2,4,552,13,426,5,4,138,28,12,1032,94,5,4,8,2,0,353,410,3,36,161,0,2,177,8,27,1,3,8,28,6,44,11,6,1,3,1,6,2,7,22,8,12,1,231,6,397,14,1,0,16,7,52,40,5,4,21,193,0,3,11,2,307,1,9,1,7,0,13,25,454,3,5,8,65,8,86,22,4,4,113,9,12,9,39,17,163,14,1,14,247,509,41,0,0,3,6,6,21,3,4,0,348,8,3,7,65,12,2,21,3,7,0,9,10,6,77,4,135,2,359,19,557,4,8,7,69,68,7,8,805,4,12,824,6,302,7,294,3,844,2,11,2,235,3,1,4,2,6,434,4,52,419,6,0,8,523,11,4,1,2,3,11,7,72,14,178,0,12,2226,6,27,7,12,4,2,6,7,1,14,107,10,4,8,121,6,6,9,411,4,10,1,390,1,1,338,2,31,71,45,4,868,0,3,6,4,410,9,7,37,7,7,10,4,7,562,442,2,79,4,23,1160,16,8,3,0,4,5,40,5,290,7,2,3,3,8,4,10,1,1,16,43,2,486,13,0,18,1,13,6,384,3,4,19,8,9,10,4,266,15,1,5,46,38,560,275,3,1,4,1,76,275,27,0,11,34,120,29,1,18,14,9,6,76,3,922,597,187,5,335
"ENSG00000164651.17",0,0,0,1,207,9,0,0,0,0,5,0,0,3,0,3,12,5,4,256,0,0,4,90,0,13,0,0,8,1,314,14,6,0,15,0,2,20,0,0,0,2,16,0,0,0,0,3,0,2,0,532,0,0,0,0,0,0,0,0,0,1,0,0,0,21,0,0,10,1,15,7,74,0,0,0,0,19,154,18,1,0,16,1,30,11,0,0,3,2,3,1,2,0,0,0,0,0,385,57,0,0,12,0,8,2,0,0,248,0,0,0,0,0,6,1,478,2,134,2,0,0,1,0,9,0,0,0,3,237,0,0,455,0,3,0,0,0,0,0,0,117,1,0,77,314,22,357,0,5,0,1,9,0,8,0,3,261,10,0,0,6,1,0,11,0,0,7,0,902,116,0,0,3,0,0,2,3,1,0,0,3,0,0,0,0,2,0,0,0,0,1,0,0,0,10,0,16,0,0,0,1,67,2,0,0,0,2,0,0,5,2,0,30,0,0,0,0,38,0,0,0,0,40,0,0,1,0,21,0,0,0,0,0,0,0,0,0,0,0,0,3,0,3,693,79,0,3,0,0,0,181,0,21,0,0,2,6,0,25,1,0,631,13,0,0,9,0,0,0,0,0,126,0,0,0,23,0,0,16,0,8,0,0,0,0,0,0,0,118,2,0,23,0,6,11,431,2,0,0,0,0,857,0,0,0,0,16,0,195,0,10,0,288,77,12,0,324,0,0,105,0,0,2,0,0,0,0,0,0,9,0,0,30,26,1,0,0,0,0,0,0,83,24,3,0,0,8,40,0,0,0,0,3,0,1,31,7,0,68,7,0,0,50,1,0,0,0,0,0,0,0,8,0,2,0,1,0,0,0,0,0,0,5,2,0,105,22,0,24,0,0,0,0,0,14,8,7,0,0,0,1,2,0,2,0,1,12,0,0,0,0,0,0,0,38,5,6,28,0,0,0,35,0
"ENSG00000164756.12",1,0,0,0,0,0,1,0,1,0,0,1,0,176,51,0,4,22,0,0,0,0,0,0,0,0,1,0,0,37,0,0,9,0,2,0,6,0,0,0,0,71,9,0,2,0,1,0,1,2,2,30,0,75,0,0,0,0,0,0,0,397,0,0,0,0,2,0,1,2,1268,1,0,0,0,0,1,1,20,88,6,0,0,0,1,0,0,0,0,0,5,2,1,7,0,1,0,14,11,0,0,0,0,0,0,1,1,0,1000,0,0,3,0,1,2,2,0,0,49,15,0,3,0,1,1,0,0,0,0,10,1,0,37,0,0,0,1,0,0,0,0,1,151,1,0,1,1,0,1,0,2,0,0,16,0,0,0,2,3,2,0,0,0,2,0,3,12,0,0,14,0,1,0,37,0,0,0,8,1,7,0,0,0,0,0,0,1,1,7,2,0,13,0,7,0,0,0,0,0,0,0,0,1,24,0,2,0,0,0,2,0,0,19,5,0,1,1,0,12,1,0,0,0,0,0,0,0,17,0,1,2,0,0,1,0,3,1,0,0,13,0,0,0,0,5,1,1,1,0,0,0,1,0,0,0,0,0,0,3,0,5,0,0,4,0,0,1,1,7,1,2,0,3,0,0,0,0,0,0,1,13,5,2,0,0,0,0,1,1,0,0,0,0,1,0,1256,92,0,0,0,0,1,33,0,2,0,1,2,12,0,0,0,0,0,1,3,283,4,0,8,1,1,0,0,0,5,0,0,15,0,5,0,1,0,1,2,2,0,0,0,0,0,0,1,1,2,0,0,9,0,0,23,1,15,0,2,0,1,0,0,2,2,1,0,1,0,0,1,0,0,0,2,0,1,9,0,1,2,0,0,0,0,1,0,1,0,0,2,3,0,1,0,0,0,1,0,0,344,1,1,2,0,2,0,23,1,1,22,0,0,3,0,0,0,0,0,1,3,0,1,0,0,0,0
"ENSG00000164778.4",370,0,10,0,54,1,0,0,0,156,1,2,1,6,189,0,46,0,0,2,8,1,50,0,5,0,0,77,4,0,6,0,1,3,0,1,2,0,0,0,0,180,2,1,0,0,0,1,2,0,0,7,2,0,0,0,4,1,0,0,2,20,0,1,75,0,0,1,1,5,75,21,0,0,0,0,64,3,0,0,2,9,181,13,0,40,0,0,1,0,17,0,3,5,2,0,0,0,14,1,0,1,152,0,0,101,1,0,23,0,15,0,1,0,4,0,85,0,7,1,0,0,1,2,1,0,2,0,2,1,0,0,1,0,6,1,0,0,6,0,1,3,3,0,96,1,0,157,2,50,0,2,0,46,0,0,0,0,0,1,4,8,15,61,63,0,0,48,108,52,4,1,0,36,6,0,0,5,79,1,0,76,0,0,21,0,0,46,1,0,0,1,0,1,11,9,1,0,0,24,0,1,5,1,0,1,0,0,7,0,39,8,11,4,2,2,2,1,0,0,0,0,0,0,1,2,0,2,0,0,29,0,2,1,0,0,2,0,0,0,16,0,2,76,67,0,0,84,1,0,0,0,0,364,0,3,0,67,0,1,2,0,257,4,1,1,9,2,1,0,2,0,1,0,0,0,17,0,0,1,0,0,0,0,1,1,0,11,0,14,1,0,0,0,57,2,3,0,57,1,1,18,2,3,4,0,0,0,0,2,1,0,1,116,26,129,0,10,1,0,1,75,0,22,4,16,0,0,0,0,37,4,0,47,24,0,0,12,1,12,3,0,1,2,0,3,1,22,0,0,4,0,1,2,0,0,3,339,0,9,0,0,0,55,376,1,0,1,0,0,0,0,11,0,1,0,45,3,25,2,0,82,0,24,3,1,9,0,0,3,4,0,2,0,0,0,2,1,3,1,0,14,107,1,0,29,1,0,0,1,2,0,0,3,1,0,0,267,1,24,0,0,2,0
"ENSG00000164796.18",0,0,0,0,1,0,4,0,0,0,0,0,1,26,301,2,0,311,0,0,0,1,0,7,30,19,0,1,0,12,0,0,0,3,0,0,13,0,0,0,0,1,0,0,2,0,0,1,2,0,0,89,1,0,0,0,1,0,52,0,0,94,0,1,0,0,1,0,14,0,81,0,1,0,0,1,3,0,64,154,5,8,0,0,45,0,0,2,0,0,0,15,0,4,0,0,0,60,8,52,0,2,2,0,0,1,1,1,155,0,0,1,2,0,0,7,0,0,4,0,1,3,0,0,0,0,7,0,0,104,3,0,67,0,0,4,1,0,6,14,0,0,8,3,0,13,1,0,0,1,6,0,9,124,4,0,0,2,0,106,0,0,0,0,0,0,0,6,0,37,0,1,0,183,0,0,0,3,0,0,0,0,1,0,0,1,0,5,0,10,1,0,0,4,0,0,3,0,0,0,4,1,0,169,2,0,0,25,0,5,0,0,1,1,3,0,0,0,22,15,0,8,0,2,0,0,0,0,0,2,5,0,0,0,0,1,0,1,0,1,0,0,0,0,2,0,0,0,0,1,0,0,0,15,0,0,13,0,0,176,7,7,19,4,0,0,2,1,23,2,2,2,0,0,0,1,0,0,0,8,22,2,93,1,1,0,0,0,0,0,0,0,0,1,0,5,47,0,14,37,4,0,129,0,1,0,0,1,2,0,0,1,3,1,0,5,329,0,0,0,0,0,1,2,20,1,0,0,4,0,23,0,0,0,1,0,0,0,0,0,8,0,4,1,0,66,2,0,5,0,2,2,0,0,0,1,2,0,0,0,0,2,0,2,1,4,0,2,1,1,0,0,0,0,22,158,1,1,106,0,2,2,1,0,0,3,0,0,0,0,0,2,0,1,0,0,4,0,2,0,0,1,0,0,0,10,19,0,0,0,0,0,2,0,4,0,2,9,0,0,1,4,0,2
"ENSG00000164920.9",5,2,1310,8,4,1,103,1,11,18,5,1307,68,429,82,33,10,227,97,3,0,2,4,0,25,3,4,239,13,135,1,13,0,2,12,40,16,2,174,281,45,8,22,165,15,1,2,88,14,11,22,11,6,30,86,3,10,3,164,1,479,131,2,5,3,8,77,363,1,2,136,2,15,0,4,7,50,14,18,63,34,0,2528,7,197,7,4,521,79,4,11,11,63,62,2,1,1,85,117,253,3,4,226,5,3,95,82,3,380,20,3,3,9,2,23,13,21,53,32,780,80,37,2,5,28,0,16,150,3,247,15,4,205,9,5,2,7,2,5,22,5,7,88,1,3,473,10,1,9,12,4,9,6,142,25,4,3,20,8,35,4,0,2,2,17,15,50,10,52,331,183,29,55,37,3,0,40,2,30,11,0,23,26,1,145,1,178,4,114,35,0,118,454,0,54,8,3,10,2,4,0,7,1,209,0,4,54,1,9,30,2,4,747,61,151,5,166,68,29,133,1,3,0,6,7,2,5,168,4,45,7,118,7,739,18,475,6,18,30,24,0,78,24,2,5,51,234,42,20,69,26,0,3,74,2,0,1,9,804,314,1,58,894,3,0,6,6,2,5,6,1,0,2,2,119,0,24,0,22,36,67,66,65,3,1,4,4,1,2,9,14,3,1,0,185,300,165,23,11,29,109,49,585,1,28,6,0,39,8,2,134,5,2,82,6,30,102,12,231,1,4,33,1,36,22,1,7,207,79,1,923,8,2,24,102,4,2,622,13,12,2,141,10,17,124,72,36,2,106,2,2,391,15,0,1,1,1,99,133,0,53,3,199,2,17,1,110,2,122,23,28,61,39,500,26,14,0,7,4,122,23,7,115,10,14,68,0,19,91,2,27,380,1,2,0,57,31,14,63,4,83,3,11,0,22,615,281,16,2,176,3,77,5,11,2,1,5,772,75,3,1,5,16,3
"ENSG00000164932.13",1360,0,350,343,694,754,676,54,47,988,186,26,392,5838,3655,34,64,370,9,181,401,12,683,250,36,15,10,340,6,3208,85,703,596,218,325,629,141,69,32,94,9,2822,58,51,80,24,69,1061,26,68,31,1356,21,96,44,32,66,37,105,27,78,402,10,108,33,65,94,12,71,269,881,540,92,3,53,8,2863,55,47,110,211,527,2547,195,93,8,148,2,1123,24,4703,20,168,31,6,4,12,228,108,171,187,23,826,20,1143,425,85,12,2922,9,2086,51,1718,998,173,33,779,42,1276,661,4,171,11,117,299,4,92,8,37,5304,152,15,59,170,313,5,110,10,96,25,20,776,1713,30,102,152,3606,2433,1208,442,33,23,59,109,294,31,28,605,70,551,86,4160,109,491,496,338,540,118,18,349,9,118,57,70,367,71,156,87,1332,298,3,79,95,387,37,78,299,246,1100,22,31,7630,94,337,141,3,14,24,13,124,17,40,2535,37,4,15,20,800,136,28,235,309,4301,44,553,653,10,41,411,171,0,50,7,37,67,20,36,67,46,113,51,68,995,363,14,117,5,51,23,1092,346,312,49,30,2646,55,5,799,203,17,43,16,9,155,7,58,13,346,42,138,228,45,3207,44,6,406,78,28,98,12,611,13,70,4,109,10,3025,3,40,387,155,317,88,17,15,189,25,294,808,466,520,169,154,23,510,535,392,67,126,1117,394,135,1873,23,204,330,20,271,44,110,45,151,13,90,141,1331,143,349,511,61,395,497,10,83,402,68,124,10,70,11,32,331,323,20,20,22,19,172,51,15,7,62,181,172,43,79,41,66,576,17,36,3135,40,72,13,31,89,155,134,14,41,747,148,4668,2433,32,274,2117,102,163,103,80,96,76,384,19,11,35,97,264,10,32,24,117,41,22,195,43,18,14,561,16,9,67,7,185,86,215,543,7,28,13,252,7,1296,223,196,409,20,2190,1166,89,111,35,318,30,137,1587,167,191,6,23,338,34
"ENSG00000165078.13",1,0,171,9,25,515,0,5,2,1,33,5,2,88,8,1,1,4,8,0,1,2,1,1,4,1,0,6,13,10,2,10,173,2,0,8,10,0,4,4,0,2,127,6,2,0,0,39,1,0,1,5,0,13,5,0,2,1,3,3,4,1,2,1,0,4,1,4,40,1,26,3,4,0,4,0,0,5,8,3,111,0,357,0,0,2,181,0,10,2,1,32,313,0,3,1,3,1,1441,4,4,1,2,6,8,2,10,0,124,6,10,1,6,436,0,2,1,3,1,566,0,0,2,0,15,0,1,2,3,3,1,0,3,3,18,2,2,0,0,0,0,14,6,1,2,4,50,1,5,1,0,0,1,1,2,1,2,20,3,4,5,1,0,0,2,1,15,43,0,2,1,0,2,1,23,0,10,3,3,1,0,4,29,5,2,1,5,4,0,1,0,4,2,2,0,1,0,1,2,5,3,1,15,0,0,1,1,1,2,1,0,728,30,2,30,4,2,0,11,74,0,1,18,0,3,0,5,3,4,21,1,1,3,2,5,1,0,2,0,1,4,2,1,0,2,770,0,3,10,3,0,0,0,3,0,1,0,1,1,6,7,2,43,1090,0,34,44,0,2,0,444,1,3,0,24,190,205,0,0,2,5,847,0,0,1,0,0,0,13,12,0,0,9,0,5,4,2,0,5,5,1,0,7,0,0,0,1,3,0,4,1,138,5,5,3,13,2,6,1,7,1,2,0,4,6,1,1,4,9,1,4,131,1,2,3,0,4,2,2,1,0,3,1,1,0,0,1,1,21,0,7,58,2,4,7,2,16,1,2,418,6,2,6,242,1,1,0,4,5,6,1,105,5,2049,0,1,1,0,3,2,1,3,0,0,0,1,147,376,2,1,4,4,0,435,2,1,0,4,249,0,4,1,2,1,1,440,0,3,4,1,8,0,1,1,0,3,0,14,0,2,2,1,1,0
"ENSG00000165140.11",224,7404,40,8441,1420,3388,88,3609,14503,1456,238,3415,448,529,73,21391,2774,1641,3394,5817,6420,37580,4486,3112,14037,11036,4995,3215,4578,1726,2394,782,2205,30760,2698,1279,3065,2068,1994,2968,5387,365,8018,940,12009,1348,35710,4412,27292,31712,14674,892,28630,176,135,3281,9801,9703,5324,5794,1135,9800,3971,9419,10246,8137,10983,1104,1541,4352,3125,6493,1771,20650,7674,17521,753,3527,569,3298,1495,1225,547,5788,8699,1978,1956,676,12013,337,4154,1429,4279,118,980,7384,5414,11927,993,3439,13937,11423,1606,2261,6063,453,34858,20532,526,2588,3593,12711,20191,1557,685,13622,3356,3884,1421,412,600,2306,32063,4334,3053,16332,8159,3485,7424,886,11387,16460,2373,4832,9492,17132,3618,12215,4725,5296,12621,5365,760,18930,4224,2875,369,555,501,50,11465,13017,5710,6439,17954,2837,5221,5964,3431,3366,7667,1251,5777,3065,306,3674,3234,1393,43807,5537,6907,3400,2358,1660,3442,1785,4722,747,5271,2775,13462,3541,2792,3171,4729,9925,12452,9150,5316,9880,2664,294,2843,2196,2624,11046,16686,2790,18741,2028,4536,27315,1972,4078,15736,1960,18936,3630,3881,33359,11682,2892,249,5896,3647,133,101,1747,2260,11857,17679,14660,932,24122,9836,15566,3706,6669,1555,4607,3686,5064,9017,1535,950,688,13620,847,7903,12749,7600,3050,932,5463,1917,430,697,2138,5234,3098,2661,3221,9121,1550,18621,15100,29828,364,42,1294,6878,20833,1907,279,17118,1101,714,8255,14180,27229,2592,13509,618,25213,6980,5307,478,17525,2762,2084,11319,207,7678,7247,5970,838,9028,8663,636,6264,14237,2835,2844,251,1222,376,1184,1894,15547,39,3610,718,83,5822,2286,4069,1770,3103,2552,1782,4308,1462,9877,20559,773,110,858,1386,21006,4869,5678,2061,11823,2552,5717,11109,8735,2364,175,12827,779,3688,14821,17701,1225,15299,3436,2302,35,2820,24513,4965,1016,871,8470,5556,4278,1337,1484,9334,23036,14970,5740,2772,1635,17220,2668,167,2384,194,20792,6301,3725,2675,1172,6277,329,659,3561,3666,7624,1883,556,66,3588,7236,21000,13483,11613,10275,10698,13945,10794,10918,14743,2716,2031,3138,9994,4587,3661,3327,15029,11463,3593,8805,16947,1871,5668,18327,6668,3018,4209,966,714,92,3497,337,5107,29635,6678,14539,6756,9368,3837,2796,2943,178,5206,13173,21953,11244,185,20949
"ENSG00000165188.13",10,0,0,27,4,4,57,0,12,1,11,0,4,57,1,5,3,2,1,0,4,0,0,3,1,2,0,9,6,499,7,106,10,4,3,0,4,2,6,4,1,5,1,11,2,0,2,30,6,0,0,350,1,3,5,1,2,4,0,4,0,1,1,1,0,2,0,3,2,0,3,8,0,0,4,5,40,23,20,7,3,4,18,6,1,0,5,1,13,44,1,50,1,47,40,0,2,1,3,3,7,1,1,1,15,4,1,0,181,3,0,1,2,2,2,0,11,0,0,2,0,4,1,6,3,0,1,1,1,0,6,0,17,2,16,1,6,0,2,1,0,6,831,1,18,280,179,4,16,4,1,9,2,5,0,0,2,4,5,6,0,15,78,43,5,1,79,5,1,4,0,11,22,5,3,0,13,9,303,1,0,0,2,3,0,8,3,2,2,3,4,0,11,0,0,1,0,4,0,2,0,1,2,5,1,0,1,3,7,1,1,4,132,3,4,3,0,1,2,29,0,0,5,73,0,0,1,37,3,3,13,1,11,4,0,4,0,0,2,1,4,14,5,1,54,2,14,0,6,1,1,9,2,120,2,0,1,1,7,52,8,2,1,4,1,15,3,1,9,1,32,1,21,0,1,10,128,0,3,0,3,7,0,1,5,6,3,74,2,6,4,1,1,7,1,308,12,5,1,7,0,0,21,0,11,2,2,4,1,1,9,27,1,6,2,5,6,4,1,46,2,15,4,2,4,5,2,20,0,0,2,9,34,2,3,2,11,3,5,0,1,2,0,4,5,2,1,2,6,1,3,12,1,45,7,1,12,8,31,24,3,8,8,13,27,2,0,10,2,0,1,8,68,0,7,4,0,5,0,6,0,0,3,0,5,249,2,1,1,0,36,2,0,1,3,3,9,34,37,0,9,1,4,4,10,1,259,2,0,0,25,5,6,5,0,1,2,2,3,3,2,2,1,4
"ENSG00000165197.5",8,6,38,30,12,12,14,15,11,4,2612,6261,115,74,39,33,19,69,355,28,31,10,58,45,22,102,15,40,65,20,88,89,52,49,31,18,71,17,281,799,8,17,42,12214,49,11,11,19,7,7,33,8,23,917,2536,47,344,13,42,6,586,117,39,7,47,14,6,296,134,156,26,77,25,9,7,28,20,27,29,55,134,139,17,21,38,23,30,217,471,8,30,38,21,14,1278,9,1362,47,43,2,65,13,9,75,9,1330,56,22,766,29,37,26,106,44,18,25,145,48,61,1760,60,92,9,87,76,17,16,30,18,30,44,25,32,20,7,64,79,10,77,14,10,20,40,141,24,58,54,8,18,1,17,260,31,26,12,1002,17,38,92,35,29,27,39,44,4,110,44,49,39,18,16,37,112,612,40,32,12,51,30,184,18,19,88,13,295,14,17,15,13,25,75,2,54,101,37,20,31,68,42,44,14,466,31,308,52,71,15,97,67,24,106,5,66,53,13,3,7395,34,100,115,20,34,10,11,31,17,617,97,12,698,31,23,37,713,1529,247,17,890,7,17,55,36,1559,30,11,49,48,81,459,45,6,5,16,35,18,28,76,22,2993,160,29,144,17,32,33,16,27,25,31,12,34,3,43,20,35,12,16,9,5790,28,21,104,55,19,33,24,9,21,14,19,34,8,28,129,3053,95,17,275,21,5,62,6,54,26,17,14,75,61,34,76,521,6,43,35,97,4,4804,10,1434,86,61,11,22,22,38,46,40,2898,48,95,714,16,27,4,146,41,561,12,181,1906,13,129,54,20,206,35,20,35,79,18,104,60,55,321,16,20,205,56,266,5,12,22,630,40,100,33,60,243,532,36,35,158,9,2722,77,23,24,31,98,138,15,42,42,18,23,176,8,33,22,11,15,1400,7,17,11,20,56,76,402,20,5,24,40,54,58,50,20,45,7,80,86,27,19,12,24,3,4,28,7,92,41,23,42,12
"ENSG00000165304.8",110,3,71,76,404,144,124,77,19,521,69,833,968,2622,1123,33,30,224,415,122,74,10,97,88,88,101,191,786,58,417,664,422,331,177,53,497,363,53,537,343,17,435,503,786,25,54,79,406,8,57,136,1126,138,513,211,194,15,680,628,705,101,779,91,464,16,402,85,115,1229,666,467,134,106,4,51,3,627,120,866,479,642,307,921,148,420,101,97,139,153,20,223,160,120,220,85,9,19,505,222,898,124,24,708,73,231,377,406,20,2301,265,130,32,108,483,202,86,1885,146,774,2316,157,305,42,283,204,0,18,386,503,452,69,9,1179,80,585,15,187,3,432,49,7,1296,528,51,167,2188,459,428,374,495,14,8,346,201,55,525,85,338,244,337,337,160,741,247,266,827,645,537,903,3920,86,59,476,1991,65,168,155,234,175,283,19,216,193,611,142,109,326,14,82,1232,40,1647,818,810,175,620,30,150,67,760,43,1939,503,1630,2,192,16,1224,258,710,41,263,774,150,276,787,36,58,186,450,1,263,105,48,17,8,323,1317,27,138,652,303,291,452,21,683,18,130,388,212,45,154,69,47,520,479,171,87,163,232,26,158,17,491,29,421,53,50,119,1020,491,247,2241,439,16,252,355,14,1179,9,552,8,637,11,60,406,329,8,102,841,779,405,171,5,81,570,1,105,116,264,81,163,66,49,158,1015,1822,164,125,121,449,31,1846,9,359,36,40,180,140,825,599,642,234,207,205,474,1885,511,47,106,540,281,13,1256,408,412,41,135,145,10,926,153,83,291,1227,23,413,1458,88,80,5,209,117,279,987,345,14,81,359,7,104,628,67,708,72,19,572,316,895,34,505,26,210,518,1386,71,88,550,63,176,727,240,81,156,1357,55,665,1,70,528,26,484,162,23,83,104,454,104,433,222,470,332,25,437,146,84,348,467,100,8,115,342,47,43,1084,79,602,602,147,62,210,220,28,27,181,160,159,2253,359,56,3,27,1051,13
"ENSG00000165443.12",34,32,20,148,56,252,75,4,103,259,3207,4734,3688,60,9,70,12,244,748,395,120,103,100,80,126,572,638,68,82,312,82,526,44,61,60,3,204,65,2107,3333,6,46,2399,5463,203,28,64,356,238,5,120,18,52,731,2060,21,449,2662,92,143,1087,588,792,41,32,2206,2,932,487,218,1044,167,78,36,100,122,489,150,1892,176,1073,5,28,45,860,96,77,401,25,62,368,705,367,29,591,43,1045,9,3685,1268,204,204,332,877,119,717,450,93,653,718,123,74,71,15,595,237,550,1399,691,3737,408,8,8,1944,148,90,52,166,606,1844,97,135,6,68,37,60,1509,98,838,67,42,106,213,124,84,135,329,11,201,541,71,86,471,119,98,1656,23,262,1451,244,245,90,454,125,29,20,113,151,537,1201,354,25,839,8,66,474,191,686,112,882,63,92,621,236,892,137,499,240,43,143,265,1,593,89,61,423,54,349,5,631,14,676,271,139,71,53,45,567,41,97,85,32,385,168,499,337,845,248,98,1181,73,9,216,154,104,131,668,479,14,752,826,84,135,1915,326,2094,42,1234,2,83,111,144,885,402,734,2146,108,117,327,452,92,160,67,685,30,262,163,53,1301,344,175,54,2088,1075,109,168,26,93,54,70,23,56,293,36,273,939,179,42,1536,183,25,450,40,30,724,262,148,15,120,221,123,65,49,762,1421,51,3393,671,7,152,374,35,358,118,93,57,173,10,20,2200,1882,801,55,185,825,21,3006,768,16,270,2679,131,73,1619,70,118,188,2829,497,28,2568,33,426,1197,1566,51,1032,1142,3562,144,75,1294,219,19,508,187,25,48,248,39,59,116,252,2688,1230,162,3542,937,1553,31,279,185,1604,30,21,177,42,246,221,63,150,565,33,1952,152,11,303,112,2,66,12,357,1,21,40,145,221,219,187,202,368,1927,33,581,254,328,869,1333,655,71,100,226,26,106,52,3,570,397,10,23,63,26,3,122,42,466,80,189,81,99,154,2,2939,86
"ENSG00000165480.16",56,4,30,47,209,229,256,34,24,215,25,504,708,945,562,15,87,309,205,48,103,6,78,84,102,145,193,429,99,198,425,246,117,55,19,189,189,49,471,272,22,145,461,25,9,66,38,154,8,29,119,393,81,351,83,112,9,423,626,356,20,301,66,363,14,335,40,19,755,397,150,68,63,1,57,4,388,91,516,172,229,97,359,23,223,172,79,116,65,7,135,134,103,258,43,4,11,639,143,325,96,36,357,62,128,280,153,7,1421,213,145,18,48,176,132,56,576,78,322,768,53,227,14,211,191,2,4,436,359,446,53,8,1073,38,229,4,49,7,489,19,8,703,280,32,102,977,305,285,641,255,14,3,109,200,44,296,55,212,262,239,171,162,248,121,150,230,369,857,272,1160,27,89,245,937,87,68,103,128,238,149,20,87,46,128,87,61,227,17,81,663,25,783,181,315,42,432,29,148,31,309,54,760,380,1200,4,239,15,795,114,290,27,163,1095,103,132,163,20,41,78,289,6,157,160,32,21,8,133,698,49,141,1175,181,116,185,38,225,23,87,195,94,36,92,19,40,276,320,182,85,109,94,14,181,23,325,15,101,43,75,52,815,228,177,901,390,7,120,484,7,751,12,297,7,284,7,69,346,270,7,32,401,418,565,103,4,90,433,4,80,144,120,58,85,66,45,80,427,1631,105,51,86,344,41,1014,9,202,26,20,77,106,226,87,1053,130,82,113,97,977,248,17,120,413,148,23,448,153,434,10,90,89,4,298,144,48,135,690,7,125,865,66,25,1,81,59,438,608,112,3,150,177,6,49,320,33,634,56,15,618,327,656,50,256,36,97,492,675,46,197,418,25,134,328,144,71,168,563,32,262,4,55,267,15,262,113,15,72,72,506,63,151,221,410,99,14,469,165,86,122,1112,41,6,65,169,86,7,494,29,201,700,139,32,93,191,42,23,115,63,63,923,260,47,5,17,882,13
"ENSG00000165496.5",3,1,0,0,0,0,0,0,0,1,1,5,0,16,30,1,0,2,1,0,1,0,0,0,18,0,2,2,0,16,2,0,2,0,0,0,2,0,1,0,0,0,3,0,0,0,1,8,0,0,1,51,0,8,1,0,0,0,41,0,1,201,0,1,1,1,0,0,0,0,149,0,0,0,2,1,3,2,5,100,1147,63,0,6,28,0,0,26,2,1,2,8,253,0,0,0,1,0,27,0,0,0,0,0,0,0,0,1,270,3,1,1,1,10,0,0,0,2,7,5,0,4,0,3,0,0,1,10,0,1,0,0,36,0,0,0,0,0,25,1,0,0,1,0,2,3,2,0,0,0,0,0,0,153,2,0,0,1,6,22,20,0,0,0,0,320,59,4,3,99,4,0,0,17,0,0,1,782,0,0,0,2,1,0,0,0,2,2,1,16,0,1,1,19,38,1,0,1,1,0,0,0,0,205,1,95,0,2,3,0,0,4,1,85,7,0,0,0,24,5,1,3,1,0,0,0,0,0,0,0,0,2,0,1,0,15,0,1,0,1,0,0,0,2,0,0,14,0,0,0,0,1,0,0,0,0,0,0,3,10,103,16,0,58,0,0,0,0,51,1,26,0,686,0,0,0,6,1,0,2,84,8,33,0,1,0,0,0,0,0,0,0,0,0,1,3,3,0,4,2,0,0,0,0,17,1,1,3,10,3,0,0,2,1,0,0,30,2,3,0,0,0,0,0,6,1,1,1,18,1,133,0,0,0,7,0,2,0,0,1,0,0,1,0,463,18,7,1,24,0,1,4,1,139,2,0,4,1,0,0,4,1,1,0,1,1,0,0,0,0,2,0,0,12,24,1,12,0,1,2,51,234,2,0,0,1,0,8,0,0,0,0,0,0,1,1,111,4,0,0,0,0,1,0,4,3,9,9,1,1,0,2,0,0,0,0,21,0,3,0,0,0,1,0
"ENSG00000165509.13",0,0,0,0,0,0,0,1,0,6,0,4,0,75,54,0,3,0,0,1,0,0,4,0,5,0,0,3,0,0,3,0,2,43,0,0,9,1,0,0,0,0,0,1,0,0,0,0,0,0,0,2,1,0,0,0,0,0,0,0,0,0,0,1,0,1,0,0,0,0,248,1,0,0,0,0,0,0,1,44,8,150,0,0,3,1,0,31,0,0,0,135,3,0,0,0,2,3,0,0,0,1,0,0,0,0,3,0,403,0,0,0,0,0,0,0,1,0,0,26,0,14,0,4,0,0,0,3,0,0,0,0,0,0,0,0,0,0,0,0,0,1,10,0,0,0,2,0,0,0,3,1,0,2,0,0,0,1,2,1,2,0,0,0,1,20,0,0,0,1,0,0,1,1813,0,0,0,2,0,0,0,0,0,0,1,0,0,0,1,0,0,0,0,63,1,0,0,0,0,0,0,0,0,266,0,5,1,0,3,0,1,0,0,0,0,2,1,0,0,9,0,0,0,0,1,0,1,0,0,0,0,0,0,0,0,0,0,0,0,0,0,1,0,0,0,1,1,0,1,0,0,0,0,0,0,0,0,0,5,0,5,10,0,13,0,3,2,3,43,0,2,0,0,0,1,0,0,0,0,11,3,16,0,1,0,0,2,0,0,0,0,0,0,0,0,13,1,0,1,0,0,0,1,2,0,0,0,0,0,0,79,0,0,0,0,0,16,0,2,0,0,1,0,1,5,0,0,0,0,0,1,0,0,0,0,2,0,1,0,0,0,1,0,3,0,2,0,0,5,0,1,0,0,7,0,1,0,1,0,0,7,0,0,6,3,0,0,0,0,0,0,0,0,0,1086,0,11,2,0,0,0,1,1,0,0,1,1,6,0,0,0,0,0,1,0,0,7,0,1,0,0,0,0,0,0,1,6,0,0,0,0,0,0,0,1,1,18,0,0,1,0,0,0,0
"ENSG00000165556.10",1,0,0,0,1,1,203,2,1,1,2,27,1,0,1,0,2,0,6,4,0,0,0,0,9,1,5,2,1,2,11,119,0,1,0,2,5,0,12,17,2,4,6,0,2,0,3,1,0,2,0,1,0,7,7,3,1,110,3,3,4,18,3,0,1,8,0,0,7,2,0,0,0,0,2,0,84,4,15,2,0,2,249,25,3,1,3,0,37,3,0,1,3,16,0,0,0,1,2,7,1,3,3,3,0,3,4,3,2293,72,3,0,0,0,2,2,1,4,7,15,0,1,0,2,1,0,0,21,3,4,1,0,5,1,51,4,1,0,2,1,1,5,150,3,3,27,37,2,18,2,0,1,2,6,0,2,0,1,3,1,3,1,1,6,35,0,23,0,4,540,4,0,1,7,0,0,1,31,195,2,0,0,2,0,4,0,7,3,2,5,2,1,28,2,1,4,3,3,2,4,0,2,0,8,0,10,0,1,1,2,4,4,9,5,7,1,1,0,4,3,0,1,1,11,2,2,27,2,61,3,7,4,0,2,2,2,1,4,3,0,21,6,2,2,1,4,0,0,6,4,1,0,1,5,1,0,0,0,1,1564,4,3,0,3,1,12,0,0,14,0,0,1,2,0,1,4,231,1,7,16,6,9,6,0,5,0,2,0,3,1,0,1,2,4,1,219,116,1,3,13,2,1,76,0,3,0,1,5,5,0,10,2,3,89,3,2,3,12,2,2,67,1,1,3,4,4,1,4,6,1,7,3,2,13,5,0,1,103,1,0,2,0,0,49,2,2,0,6,0,0,295,149,2,107,2,3,139,4,2,0,2,2,1,3,6,2,7,5,3,1,0,7,2,2,17,5,1,0,1,8,0,1,6,3,1,1,2,0,8,1,52,4,0,3,59,1,7,478,2,0,1,0,1,1,1,0,4,302,4,1,0,1,1,0,2,0,4,0,9,3,1,5,26,0
"ENSG00000165583.15",0,0,0,0,0,0,0,0,0,0,0,0,0,56,2,0,0,2,0,0,0,0,0,0,9,0,0,4,0,0,0,0,4,13,1,0,42,0,22,7,0,0,0,0,0,0,1,34,0,0,0,87,0,1,0,0,1,0,16,0,0,3,0,5,4,0,0,0,0,0,113,2,5,0,0,0,0,0,0,0,62,73,0,0,189,0,0,6,0,0,0,2,0,0,0,0,0,676,0,0,0,0,2,0,0,0,0,0,360,0,0,0,0,2,0,0,0,0,0,2,0,11,0,0,3,0,8,24,0,0,0,0,66,0,0,0,0,0,0,1,0,1,0,0,0,4,0,0,0,0,0,0,0,9,0,0,0,1,0,31,75,0,1,0,0,4,0,0,0,1042,0,17,1,29,0,0,0,58,0,0,0,0,91,1,59,3,1,0,0,37,0,0,0,48,59,0,0,0,0,0,0,0,0,65,0,43,0,0,15,0,0,0,6,224,0,0,0,0,9,4,1,347,0,0,0,0,2,2,0,0,0,14,0,0,1,10,0,28,2,0,0,0,0,0,3,0,0,0,0,0,0,1,0,0,0,2,0,0,7,3,223,161,0,0,0,0,0,0,5,0,16,0,14,0,0,0,0,0,0,3,66,0,1,0,2,0,0,1,0,2,0,0,0,0,0,0,18,2,0,0,0,0,0,0,0,0,0,0,9,4,21,0,0,0,0,0,26,0,0,2,0,0,0,0,4,0,0,1,2,0,15,0,0,0,0,0,0,0,0,0,0,0,1,0,169,25,0,0,0,0,0,0,0,13,0,0,0,0,0,0,15,0,0,0,2,3,0,0,0,0,0,5,0,1,123,0,1,1,0,1,6,18,0,0,0,4,0,0,0,0,0,0,0,0,0,0,177,0,1,0,2,0,0,0,0,0,2,14,9,0,0,18,0,0,6,0,57,0,0,1,0,0,0,0
"ENSG00000165584.16",0,0,0,0,0,0,0,1,0,0,0,2,0,9,6,0,0,23,2,0,0,0,0,1,0,0,0,16,0,1,0,0,4,4,0,0,8,0,1,1,0,0,0,0,0,0,0,0,0,0,0,56,0,2,0,0,0,0,10,0,0,3,0,13,2,0,3,1,0,0,1164,0,0,0,0,0,0,1,0,128,135,547,0,0,96,0,0,3,0,0,0,1,0,0,0,0,0,10,1,0,0,0,0,1,0,0,0,0,1,0,0,0,0,0,0,0,1,9,0,0,0,459,0,0,5,0,21,6,0,0,0,0,19,0,0,0,0,0,1,14,0,0,0,0,0,3,0,0,0,0,0,0,0,1,0,0,0,0,1,601,0,0,0,0,0,0,0,0,0,4,0,1,0,0,0,0,0,436,0,0,0,0,0,5,815,0,21,0,0,13,0,0,0,20,12,0,0,0,0,0,0,0,0,6,0,6,0,0,168,0,0,0,2,1,0,1,0,0,161,2,0,6,0,0,0,0,0,7,0,0,0,0,0,0,0,208,1,4,0,0,0,0,0,0,4,0,1,0,0,0,0,0,0,0,0,0,0,0,3,67,1630,13,0,0,0,0,0,0,20,0,4,0,28,0,0,0,0,0,0,6,3,6,0,0,1,0,0,0,0,0,0,0,0,0,0,0,7,0,0,0,0,0,0,0,1,0,0,0,750,1,1,0,3,0,0,0,5,0,0,3,0,1,0,0,0,0,0,0,7,0,20,0,1,0,0,0,0,0,0,0,0,0,0,0,1413,89,0,0,5,0,3,0,0,39,0,0,0,0,0,0,0,0,0,0,0,3,0,0,0,0,0,9,0,0,2058,0,0,0,0,0,3,164,20,0,0,3,0,0,1,0,0,0,0,0,0,0,1,0,0,0,0,0,0,0,4,0,0,0,12,0,0,1,0,0,0,0,366,0,0,0,1,0,0,0
"ENSG00000165606.9",2,0,0,1,2,0,0,0,35,1,0,1,1,8,0,1,0,0,0,0,0,0,0,0,0,0,1,4,0,48,1,3,5,4,0,2,3,1,0,0,4,0,0,55,0,0,2,1,0,0,0,1,0,4,1,3,1,0,1,0,0,3,0,1,0,0,1,1,20,6,0,92,0,0,0,0,3,0,0,6,683,0,36,42,0,0,22,3,9,0,0,7,0,0,6,0,0,0,1,15,1,1,87,0,1,0,0,2,4,0,0,3,42,24,1,3,0,0,0,3,2,7,0,0,3,0,0,2,1,0,0,0,92,5,1,2,1,0,0,10,0,0,3,0,1,236,1,0,1,0,0,0,7,119,55,5,1,0,81,442,0,4,59,0,0,0,3,97,3,38,0,1,33,0,3,8,7,0,23,193,0,1,2,0,3,0,1,0,0,0,0,5,87,12,7,0,0,5,3,21,0,11,0,10,0,32,1,521,17,7,1,0,0,0,1,1,55,1,7,61,0,17,0,7,0,1,0,5,0,2,1,1,0,2,0,259,0,0,1,12,12,0,3,0,0,0,2,1,15,0,0,0,0,0,0,0,0,1,0,0,26,73,3,3,0,1,1,0,1,0,1,0,0,0,66,0,0,0,0,0,160,0,1,0,0,0,0,2,0,2,0,2,0,17,9,0,0,2,3,67,0,2,1,0,1,0,1,8,10,0,0,0,0,5,1,4,10,0,33,12,0,0,0,1,11,0,3,0,0,0,0,0,1,0,0,0,9,38,0,0,0,8,2,0,0,0,241,0,0,0,0,2,1,0,0,0,0,0,3,0,12,2,2,1,11,0,27,0,1,180,67,1,0,0,135,0,0,2,1,403,5,2,1332,0,0,39,1,64,0,0,0,0,0,0,0,1,159,0,2,1,0,0,0,3,46,1,55,0,0,11,26,0,0,1,0,0,0,1,1,0,0,77,1,0
"ENSG00000165643.11",0,0,1,1,0,0,0,0,0,2,0,0,0,8,18,0,1,0,0,0,0,0,14,0,1,0,0,1,0,1,8,0,1,8,1,0,0,0,1,0,0,3,1,1,0,0,8,0,0,0,0,1449,0,2,2,1,0,0,4,0,0,7,0,1,0,0,0,0,0,1,11,1,0,0,1,0,1,0,5,12,5,791,0,0,0,2,0,3,2,1,1,0,0,5,0,0,0,1,0,0,9,0,0,0,0,1,0,0,8296,2,0,0,0,2,0,0,0,0,0,0,0,12,0,5,0,0,0,0,0,0,4,0,16,0,0,0,0,2,2,0,0,0,1,0,2,3,0,4,0,8,0,0,1,0,1,0,0,1,0,0,22,0,0,1,0,4,5,1,0,4,0,0,156,0,1,0,0,0,0,1,0,11,1,0,0,0,10,0,187,5,0,0,1,2,0,0,0,8,0,1,0,0,1,8,0,2,0,0,0,0,0,2,2,1,0,1,0,0,14,10,0,0,0,0,0,0,1,3,0,0,0,1,0,0,0,0,0,0,0,0,0,0,0,2,0,2,0,0,0,1,0,1,0,64,0,0,0,12,25,1,1,27,0,3,0,0,0,0,22,0,0,0,4,0,0,0,14,1,0,1,0,3,0,0,0,0,1,0,0,0,1,0,0,0,0,596,10,1,3,0,0,0,21,0,6,0,0,0,2,3,0,1,0,2,0,0,3,0,0,0,0,1,1,18,101,1,1,0,1,0,9,0,2,0,1,0,0,2,0,0,0,0,0,2,4,9,0,1,0,0,2,0,0,13,0,0,0,0,0,1,26,0,1,0,0,0,2,0,0,0,0,0,0,0,33,4,0,1,0,0,0,0,2,0,0,41,0,0,1,0,1,0,0,0,0,1,6,4,2,0,0,0,14,0,5,0,1,0,0,0,1,0,0,0,14,1,0,0,0,1,0,4,3,0
"ENSG00000165682.14",3,7,3,2,2,1,1,2,5,46,1,1,4,4,0,409,23,0,0,61,51,807,0,4,0,0,0,1,2,0,0,0,1,157,1,6,0,80,0,0,1,3,3,1,331,2,1,2,250,0,59,5,551,1,0,0,69,3,0,0,1,2,0,116,247,1,2,2,25,2,17,2,0,168,5,522,0,0,4,9,0,0,2,1,1,0,2,2,4,0,5,2,0,0,3,260,76,3,1,5,53,342,4,0,2,1,1,454,2,5,7,219,2,5,0,0,3,1,0,2,1,1,5,1,1,741,249,0,1,19,78,479,6,2,2,560,1,740,0,0,253,1,0,1111,23,0,1,0,0,0,573,189,1,0,117,2,2,65,0,4,6,0,2,14,3,20,4,0,1,0,0,2,1,2,0,0,18,0,66,4,713,0,1,3,1,9,0,2,0,0,4,14,1,2,0,1,462,2,0,3,2,0,0,1,410,1,30,3,35,1,74,18,0,2,33,2,1,0,4,1,121,0,2,0,299,285,19,7,10,0,2,0,7,1,0,1,194,12,1,0,1,11,0,3,0,2,0,0,0,1,82,0,32,1,509,5,722,0,0,3,25,12,0,8,812,1,3,364,0,719,4,371,18,920,0,2,1,393,2,4,1,0,3,353,0,16,359,1,0,8,288,2,8,0,1,2,1,0,7,3,112,9,1,1438,0,23,0,1,1,0,1,0,0,0,8,0,3,2,2,1,1,4,317,2,5,2,187,0,0,442,1,31,51,33,2,635,0,1,2,0,505,3,0,20,0,1,0,1,2,305,357,8,49,1,0,718,1,0,1,0,1,0,18,0,11,0,0,2,2,2,0,3,1,0,1,30,0,120,1,3,0,4,17,7,382,2,4,10,0,0,1,1,232,4,0,2,1,2,196,209,2,2,0,0,50,5,0,2,4,2,56,78,4,10,1,0,0,4,2,407,615,296,1,395
"ENSG00000165685.8",19,0,0,11,21,3,0,0,0,19,12,737,924,128,7,3,0,2,442,4,14,0,1,2,1,1,0,3,0,14,0,40,27,2,9,7,6,2,1,3,0,44,0,4,3,0,2,25,0,3,0,15,12,287,1,0,49,4,1,0,2,16,3,5,0,0,0,1,1,5,2,4,0,0,0,0,6,2,13,19,118,1,11,0,2,0,2,133,1,0,15,2,0,1,172,0,0,0,87,29,0,1,21,1,15,4,1,2,225,0,7,17,9,34,4,1,4,0,6,45,49,0,1,3,3,1,1,0,0,10,9,3,11,3,5,6,0,1,1,0,1,10,23,1,2,27,5,4,6,14,0,5,1,2,2,10,1,15,43,16,0,2,5,6,1,13,22,7,0,10,1,0,1,4,5,2,5,11,43,189,2,1,1,12,184,0,1,0,0,0,1,54,2,10,3,1,4,2,0,2,0,0,79,3,4,12,0,1,3,0,7,2,0,6,7,37,1,63,15,6,0,0,1,5,0,1,3,9,5,3,1,2,64,2,0,6,5,32,28,2,9,9,11,6,14,2,0,1,38,1976,2,1,0,5,3,0,0,2,0,0,9,3,37,13,1,6,14,4,0,1,14,3,0,1,0,175,13,0,13,20,3,50,3,2,18,180,0,0,1,6,11,4,0,2,1,1,18,17,8,15,14,0,7,2,0,2,0,3,3,898,4,0,1,0,4,29,3149,7,1,4,7,25,0,1,16,1,19,5,0,0,0,1,9,0,1,4,0,5,17,0,1,95,2,2,1,1,0,2,202,0,0,14,1,26,0,4,4,3,2,0,3,5,24,2,18,4,0,2,32,0,1,4,1,1,0,1,0,13,0,1,1,2,2,3,9,13,4,10,2,1,43,9,0,5,0,2,6,4,38,2,8,3,2,4,124,0,3,4,1,0,26,0,0,1,11,0,0,50,5,4,0,0,5,2
"ENSG00000165731.20",44,144,18,47,118,2,1,297,137,167,3,4,10,15,11,346,5,42,1,20,22,1788,1098,14,8,4,10,14,17,20,7,6,17,172,24,5,23,202,2,6,0,251,10,3,153,43,38,14,215,13,18,58,424,2,11,6,124,8,234,7,3,523,0,17,2,14,27,3,2,9,23,46,5,90,279,70,16,11,3,7,12,110,11,41,32,242,2,4,75,3,113,54,2,0,0,306,61,23,5,32,28,10,32,2,17,14,90,580,72,3,16,137,17,12,14,9,338,3,2,9,1,142,22,4,10,103,81,3,7,164,12,291,9,14,31,99,6,125,4,5,251,374,42,9,36,15,1,11,20,339,399,17,52,10,920,0,170,32,5,116,11,13,432,28,6,21,11,6127,59,17,46,6,12,1782,12,10,13,27,122,1,52,101,54,8,2,9,84,1315,44,1,6,85,21,50,394,0,13,2,0,41,3,3,8,611,67,7,61,819,8,0,97,24,14,1,72,45,1,3,166,24,250,5,3,4,25,239,5,7,0,9,15,10,620,1,1,34,230,5,4,11,127,25,7,52,8,19,0,15,11,7,5,1,141,7,46,30,51,24,15,25,47,21,61,6,1346,5,56,80,8,48,13,319,8,628,3,1,218,88,121,4,8,12,5,333,1,7,125,49,3,12,144,6,5,7,14,7,928,7,254,117,144,39,4,528,2,7,5,12,148,1,9,74,1,229,31,292,15,37,35,3,69,25,67,583,19,97,53,1,2,1414,19,11,223,4,7,220,17,84,3,10,305,7,10,44,20,52,1,27,8,22,460,28,18,12,3,905,4,455,7,0,55,232,13,59,76,3,6,30,8,1,5,3,1,9,18,1,8,68,758,471,2,39,12,3,24,9,13,9,6,0,9,7,335,15,9,7,11,28,68,436,9,2,266,1,15,31,4,9,6,36,69,1,423,160,24,39,9,602,7,199,61,2823,1,88
"ENSG00000165841.11",64,15526,5,87,121,103,36,52,211,84,804,16,530,112,223,177,298,140,2,653,144,1537,65,100,135,212,111,120,5,171,750,134,130,208,73,43,53,6,3,65,116,83,488,38,254,26,76,48,715,325,11096,60,230,1136,63,238,1827,5528,45,87,4,135,142,162,58,7,397,85,304,84,190,123,153,5691,82,16903,93,100,44,175,1197,271,290,29,90,45,132,283,89,107,144,394,175,72,9,1356,87,90,8,24,100,1339,31,61,61,34,220,189,60,22,94,984,25,45,373,158,200,130,112,47,16,172,187,14,116,1717,300,100,37,165,150,3119,343,45,108,5283,5159,2881,273,114,150,159,629,566,159,171,285,16,186,0,8746,3666,118,63,51,87,190,638,119,139,236,35,101,94,3,79,347,176,101,169,25,453,17999,1162,84,106,78,12,231,52,3363,293,13,353,102,102,231,45,121,78,152,0,297,107,44,5,899,152,137,18,76,164,4,313,1497,209,185,143,216,147,145,97,349,162,860,5,1,308,50,272,7867,94,2436,304,687,1437,292,191,22,32,259,400,41,19,122,42,851,11,133,140,109,103,865,6,98,27,6540,25,156,63,75,101,5026,333,1355,178,625,2,13,309,174,5026,98,44,209,133,111,700,1110,173,105,165,426,75,118,7,595,111,11,129,303,84,239,42,136,98,364,163,154,62,75,75,94,85,49,60,204,44,110,2,342,417,2,1613,10502,50,50,495,105,34,59,10,49,18,129,46,316,6,209,83,5,74,6950,56,116,329,80,1,21,129,23,163,382,439,121,6395,321,26,48,142,6296,6,144,206,144,53,30,10,30,1366,289,821,367,144,89,1477,46,104,7,1487,76,163,80,1499,223,78,129,1103,19,96,278,42,28,55,290,188,10304,8970,18,246,220,199,145,40,123,156,60,226,129,112,207,32,70,559,51,297,148,572,263,18301,245,100,218,38,47,0,117,293,479,61,149,101,71,197,71,28,94,0,260,884,8167,62,4,289
"ENSG00000165891.16",26,1,6,15,201,57,7,14,6,99,6,148,107,304,77,12,12,61,463,5,29,3,18,21,68,65,9,261,15,84,170,104,73,35,10,57,150,11,67,154,4,102,343,71,14,9,7,69,4,17,31,297,43,136,47,95,35,77,204,203,75,216,51,119,2,49,49,238,358,303,149,22,11,3,4,5,78,33,131,188,87,92,55,6,215,14,14,74,39,5,25,85,35,1,21,2,50,288,128,549,22,6,45,102,22,65,226,3,543,53,26,9,10,132,35,15,602,70,83,255,58,126,13,30,40,2,2,76,29,146,30,4,255,8,70,7,38,4,541,12,4,385,168,22,32,610,88,19,47,69,7,8,122,88,17,93,12,46,88,104,25,1,163,30,19,157,184,114,512,1015,9,43,143,501,7,30,18,28,171,126,1,23,50,294,136,15,143,20,28,346,12,979,169,203,37,119,14,28,3,271,23,510,53,601,0,48,10,472,25,332,21,51,29,49,196,187,39,76,29,170,0,45,8,6,15,3,251,618,1,38,160,52,32,173,22,158,7,58,42,20,15,39,124,18,221,79,52,2,23,232,4,28,7,70,12,64,31,7,20,299,216,68,557,152,4,18,80,1,345,6,50,7,57,4,13,81,39,2,134,121,362,56,29,1,175,38,3,8,10,41,17,33,5,5,30,95,2073,81,24,40,390,3,140,1,7,4,9,17,21,192,175,71,30,18,78,202,242,113,4,11,97,108,3,191,94,132,7,199,28,2,295,31,15,40,606,7,263,204,11,8,2,65,25,64,785,98,3,6,42,2,26,345,31,165,26,3,28,162,61,89,112,2,55,57,204,21,17,57,97,23,165,74,5,18,208,7,175,1,33,374,6,120,27,4,28,16,27,48,47,294,37,340,4,59,15,54,162,161,96,1,40,57,17,34,134,21,107,134,19,15,52,50,20,11,55,55,71,1081,144,10,1,5,184,1
"ENSG00000165953.10",0,6,0,8,22,38,6,32,7,3,27,109,127,39,25,29,92,1066,394,4,13,30,13,19,48,21,5,65,19,35,118,4,33,7,18,0,4,49,13,27,7,8,10,9,31,11,7,11,9,9,256,89,3242,44,1,70,13,20,92,68,14,929,9,360,20,52,4,91,108,51,34,36,30,13,20,15,10,70,96,24,433,215,1,9,371,14,7,9,12,20,513,426,2512,10,9,2,17,13,290,97,12,19,1,0,11,0,35,23,490,37,28,24,4,39,83,17,11,9,6,26,0,148,11,117,97,16,22,52,19,38,55,7,344,6,13,13,14,11,222,362,21,24,211,30,14,74,44,26,262,0,15,49,48,452,37,47,22,17,16,57,1139,90,105,67,23,101,130,123,53,92,61,134,30,59,9,5,12,15,49,2,15,13,217,19,4,13,8,694,75,211,3,3,71,66,736,31,28,185,0,27,17,43,29,88,11,51,10,1,38,2,20,113,34,310,56,0,5,7,39,210,18,164,11,20,629,26,48,128,17,57,307,28,862,13,57,24,16,194,16,12,38,18,38,2,196,38,99,5,33,19,13,19,16,35,3,2,16,13,28,73,669,82,279,407,15,51,184,17,816,26,75,7,202,18,10,119,91,23,88,806,173,282,9,21,9,17,7,22,156,17,17,24,51,27,18,60,47,3,454,1,18,16,26,0,676,4,4,24,28,17,1,239,1015,1585,363,0,18,20,7,18,15,5,17,51,58,9,25,4,5,2,10,19,93,25,8,13,33,7,15,12,2,5,71,18,232,18,627,92,109,21,19,41,10,202,12,13,77,4,63,239,17,11,78,109,14,5,1547,155,15,27,27,7,85,80,8851,4,465,64,1,35,96,36,4044,26,40,151,152,60,35,49,1182,625,1855,44,2175,39,23,195,45,13,30,9,16,22,7,0,35,22,25,1,8,7,12,4,415,11241,412,13,837,35,25,48,2,10
"ENSG00000165966.16",2,4,11,7,15,16,0,2,11,7,5,2,1,0,0,82,17,0,0,24,42,62,32,35,0,27,0,9,0,1,2,9,8,37,19,1,3,1,0,0,2,7,2,0,75,1,1,10,54,4,15,8,40,0,0,0,38,0,3,2,0,1,0,30,6,1,1,0,5,3,37,21,0,11,11,28,10,7,1,10,1,0,0,23,0,3,3,0,1,0,15,1,0,2,0,16,5,0,0,485,10,47,7,0,7,27,1,38,12,0,75,69,37,5,3,6,22,0,0,1,0,0,9,0,14,23,38,0,16,28,23,60,0,6,1,27,1,46,2,0,39,22,8,52,100,2,0,4,2,0,16,17,0,2,58,0,0,71,1,8,0,0,1,15,0,11,0,0,0,38,1,0,0,1,10,19,8,1,13,0,10,25,0,2,2,5,83,52,2,0,6,1,1,8,0,0,25,1,1,3,3,2,4,2,21,0,8,7,12,0,55,7,1,1,57,8,0,0,12,0,17,4,0,7,49,27,4,28,1,0,1,0,20,0,1,0,20,1,0,4,257,8,1,9,0,1,0,2,4,0,8,0,33,7,35,22,42,11,0,7,22,8,19,0,38,15,4,44,0,39,9,25,3,53,3,1,0,12,1,1,0,1,0,11,0,8,45,14,1,17,87,14,29,1,3,0,6,5,1,26,24,2,8,69,0,2,0,7,3,0,2,7,0,8,11,1,0,2,31,10,13,6,60,1,15,3,98,0,1,26,0,14,24,3,4,52,1,0,0,2,58,0,4,1,1,10,1,0,1,73,45,19,27,1,4,58,1,9,1,0,1,1,8,0,8,5,0,0,8,2,0,5,0,0,0,8,0,43,4,0,2,1,4,7,39,0,15,28,1,2,5,0,23,4,5,5,8,1,154,30,0,0,38,0,5,17,0,5,9,31,23,7,0,33,7,6,0,0,1,122,41,3,0,23
"ENSG00000165973.19",0,0,0,0,1,0,0,0,0,2,0,0,2,1,0,0,0,20,0,0,0,0,0,0,1,0,0,0,0,0,2,0,0,0,0,0,0,0,0,1,0,12,5,0,0,0,1,1,0,0,0,2,0,0,0,1,0,0,0,0,0,11972,0,0,0,0,0,0,12,1,0,0,0,0,1,0,0,0,16,0,6,26,0,1,3,0,0,0,0,0,0,3711,0,0,0,0,0,0,8,0,0,0,0,0,0,0,0,0,580,1,0,0,0,0,0,1,2,0,0,0,0,0,0,82,0,0,0,0,0,0,0,0,27,0,0,0,0,0,1,0,0,65,2,1,0,2,2,1,24,0,3,0,0,0,0,0,0,1,0,2,0,8,1,0,0,34,2,0,0,9,1,0,0,5,0,0,0,3,1,0,0,0,0,0,0,7,0,0,0,0,0,0,2,0,14,0,0,2,0,1,0,0,0,0,0,1,1,0,0,0,0,0,4,0,1,0,0,0,1,0,0,0,0,0,0,0,0,0,0,0,1,1,1,0,0,0,0,0,0,0,1,0,1,0,211,0,0,0,0,0,0,0,0,2,0,0,0,2,0,3,0,0,18,0,0,0,0,0,0,1,14,0,0,0,0,0,0,0,0,0,0,0,0,1,0,0,0,0,0,0,0,0,0,0,0,1,4,1,0,0,0,1,3,0,0,0,0,0,2,0,0,0,0,0,2,7,0,1,1,0,0,0,0,5,0,0,0,0,0,0,2,0,0,0,1,0,0,0,0,0,0,0,0,6,17,0,0,0,14,0,3,0,0,0,0,0,0,0,1,0,2,2,0,1,0,0,1,0,0,0,0,0,1,0,0,0,0,1,1,1,0,0,0,0,0,11,0,0,0,0,5,0,0,0,0,0,0,8,2,0,0,0,1,0,0,0,3,0,0,2,0,0,0,0,0,0,0,3935,25,0,1,0,0,1
"ENSG00000166006.14",0,0,0,0,0,59,520,0,0,0,0,0,0,5,449,1,2,7,1,1,0,2,22,0,0,170,1,19,2,1,0,24,12,1,11,0,3,0,0,0,1,9,1,427,5,4,0,0,1,0,0,0,0,0,0,3,4,0,2,0,0,1,0,1,1,2,19,0,0,35,381,152,75,2,0,3,2,1,61,0,0,2,1,245,1,74,24,0,145,2,2,1,6,618,2,0,0,0,0,21,0,13,180,0,0,1,0,0,46,0,0,9,0,0,0,2,0,0,4,16,0,0,0,0,5,0,0,1,6,68,0,8,25,14,12,1,0,5,0,0,3,0,221,1,0,16,458,2,1,0,0,0,4,0,0,0,142,0,0,0,0,0,11,0,0,1,8,0,5,40,0,1,0,1,0,0,13,39,18,0,2,8,0,25,0,1,0,0,0,0,0,0,1,4,1,0,3,18,0,14,1,5,10,10,0,541,1,0,0,0,0,0,698,0,9,0,0,0,1,0,3,2,0,122,1,2,2,2,63,0,7,1,1,0,0,0,6,0,0,2,44,220,0,0,148,0,0,1,0,0,0,0,1,3,18,0,1,0,1,351,1,39,85,0,9,93,0,0,0,2,63,0,2,4,17,0,2,6,1,28,1025,1,48,1,0,0,3,8,0,158,0,0,0,0,0,6,4,0,3,0,0,7,12,7,1,0,0,5,0,0,0,0,0,78,5,0,1,9,1,0,0,3,2,0,24,0,4,0,9,5,0,0,15,0,0,0,0,269,0,2,0,1,3,1,4,212,0,406,1,11,3,1687,0,1,1,5,0,0,9,56,1,0,2,18,0,4,0,1,1,1,0,3,185,0,9,1,1,0,0,425,129,15,25,186,2,1,0,0,0,0,12,0,0,1,0,0,1,8,4,0,0,0,0,116,82,0,82,0,130,1,0,0,64,8,5,0,8,0,1,1,1,1,0,0
"ENSG00000166104.15",36,0,0,27,7,12,0,2,1,1,0,0,0,9,3,8,103,0,1,1,38,7,18,45,58,8,0,10,1,11,2,0,23,7,4,1,2,48,0,0,0,1,4,1,11,0,181,1,4,12,1,2,11,0,0,151,2,8,38,2,0,1,0,13,27,31,0,0,17,14,65,97,11,3,0,4,30,20,44,115,13,41,206,5,65,1,128,0,200,0,45,0,22,1,1,4,0,2,1,1,0,2,43,1,45,227,74,3,25,8,10,1,15,15,0,0,1,1,0,2,0,64,2,0,15,6,0,63,40,131,10,0,74,7,13,1,0,1,73,48,3,38,63,13,2,637,104,5,0,1,17,4,1,17,4,0,19,52,1,38,39,0,3,0,16,2,64,14,0,3,3,64,1,74,1,0,24,0,2,0,1,126,0,1284,3,0,28,51,29,2,0,87,196,62,7,20,17,0,117,73,177,7,95,167,3,8,5,18,3,9,13,1,11,162,86,4,0,0,7,7,1,0,0,158,3,1,72,9,13,1,1251,46,4,1,0,0,0,1,7,13,8,133,0,1448,45,0,0,0,107,6,0,2,1,32,15,27,1,0,0,38,9,0,29,2,2,34,21,2,53,1,18,2,217,0,102,2,1,1,30,8,37,1,0,1,0,3,0,2,1,9,1,10,0,0,0,278,25,2,4,1,15,3,591,0,1,1,0,150,123,0,0,8,0,82,64,7,0,34,347,83,0,93,5,47,27,19,0,7,0,2,1,3,2,0,5,5,2,150,0,20,2,0,343,1,1,15,0,41,4,1,1,1045,64,0,3,0,8,40,1,11,158,2,3,23,23,61,12,6,2,42,22,5,4,2,1,4,80,0,1,29,41,2,93,13,2,4,2,97,19,5,1,4,1,17,5,4,54,2,20,2,6,18,34,0,14,0,324,1913,0,17,72,0,111,4,28,0,21,3,3,62,3,0,0,4
"ENSG00000166105.16",1,0,0,3,6,1,0,0,2,0,0,1,12,46,41,1,2,194,1,2,5,0,20,0,5,0,0,104,1,3,0,0,140,113,9,14,99,0,0,0,4,0,5,0,9,1,0,4,2,0,6,40,2,12,1,4,1,0,1,0,0,27,0,2,0,0,2,0,1,2,13,6,51,0,0,5,107,2,0,10,265,308,5,2,5,2,0,20,101,0,5,2,9,0,0,0,0,2,6,3,1,0,0,1,4,2,1,3,91,2,1,5,1,0,2,40,1,39,22,118,1,4,0,4,16,2,6,27,2,3,1,0,339,1,1,2,1,3,0,1,0,4,6,3,7,324,7,0,1,2,0,1,2,4,0,1,44,0,0,14,10,0,0,3,0,9,8,0,0,48,0,1,0,772,0,5,1,28,0,1,0,30,1,7,0,2,2,0,0,137,2,4,17,202,72,0,4,0,0,1,0,3,0,676,3,38,1,0,60,0,5,3,129,130,2,5,2,0,122,1,0,17,0,0,0,4,0,9,6,0,2,1,13,3,1,108,0,1,0,7,1,2,0,3,2,0,1,6,0,0,0,1,2,4,2,3,0,1,0,7,177,0,0,1,0,0,3,3,458,2,24,0,24,1,0,0,50,1,0,44,6,6,0,2,0,0,1,0,1,3,6,0,3,1,1,5,3,2,18,17,2,8,17,2,50,2,0,1,415,49,0,0,41,43,0,11,273,47,8,5,1,2,0,2,20,1,9,0,11,1,5,9,5,1,1,0,0,1,1,9,0,0,7,7,24,195,1,1,43,3,1,52,3,126,0,0,2,1,10,1,1,2,0,0,0,2,0,2,2,0,0,1,0,2,142,0,402,0,3,0,210,7,59,2,2,2,12,68,2,0,1,0,0,1,0,1,3,0,3,0,1,0,5,0,0,7,5,85,4,9,8,0,0,2,1,0,42,83,5,1,0,0,21,0
"ENSG00000166143.10",54,0,0,2,73,1,0,0,6,138,0,0,0,259,2236,7,11,27,4,4,5,0,54,0,7,4,2,2,0,429,59,1835,29,27,1,11,83,21,0,0,1,4,0,0,5,1,53,5,2,2,2,14,0,4,1,2,1,2,0,1,0,4,1,3,0,2,3,1,2,4,142,122,0,0,0,0,204,4,4,89,16,45,51,320,1,0,68,6,22,11,22,16,2,1362,21,0,1,4,1,64,2,0,68,3,15,1,6,0,147,0,33,1,4,6,4,39,7,0,7,19,0,31,0,3,22,0,0,0,20,12,5,1,8,34,68,0,7,1,22,0,1,2,878,0,7,77,14,54,9,44,0,0,1,5,1,0,0,5,21,10,2,40,87,43,49,6,6,2,2,574,3,4,6,5,12,1,40,484,461,5,1,4,49,1,0,13,3,1,4,2,0,0,91,10,22,42,1,196,0,28,0,2,62,113,2,568,2,1,51,2,6,3,21,0,5,234,10,0,15,9,0,3,17,0,0,0,7,7,758,8,32,1,150,4,0,18,2,0,1,0,23,24,2,101,14,6,7,6,54,4,0,0,0,3,2,7,1,3,2,211,9,24,30,15,0,57,6,0,365,5,4,1,1,0,4,0,10,1,1,546,3,59,22,2,3,2,0,105,2,8,0,8,39,8,0,56,4,1,10,42,6,8,88,0,66,0,0,2,3,8,0,13,6,82,26,3,2,5,5,160,29,86,0,27,14,0,2,2,9,0,6,2,14,4,66,2,4,342,0,1,0,3,7,17,9,1,1,3,7,0,33,60,3,2,1,0,16,4,1,9,74,21,17,7,2,1,53,0,0,2,1,1,47,10,7,0,18,5,0,6,36,1,2,0,16,4,82,95,46,4,19,2,0,16,9,2,12,6,28,4,5,2,35,2,54,0,43,3,0,9,1,2,0,5,6,1,3,2,2,2,0,0,352,4
"ENSG00000166148.4",10,1220,41,1110,110,609,0,5054,349,144,7,24,15,268,16,1569,7,669,1,160,46,17435,61,300,4889,584,6,2330,219,56,1,28,133,5122,252,17,74,1330,23,100,13,69,3733,183,466,22,642,101,17044,448,84,1318,649,12,157,391,1666,2059,1886,351,16,21912,29,478,3541,281,3883,53,632,626,213,190,3914,6026,43,5036,8,39,48,494,216,2524,3,0,1872,244,71,40,260,11,17,147,342,15,0,2503,23,5965,14,1269,383,1612,6,26,66,18,557,4608,603,2798,15,1991,22,3094,34,402,200,2825,112,10,96,1470,3185,18,344,6175,634,2966,48,2695,1277,5989,115,814,148,2420,120,2723,14,1829,643,311,110,310,52,119,8,21,61,12,8114,2136,122,4294,6168,35,3719,328,22,1558,1806,9,968,45,0,6706,39,9,2946,91,682,33,36,8962,0,21,11,26,572,17,2765,35,178,279,97,297,1426,5497,4234,703,37,15,24,403,12236,132,76,14,70,93,813,26686,198,3035,1868,14,8313,832,71,16876,132,116,3,4615,1993,5,7,11,455,222,4531,436,92,607,1618,911,10,104,13,127,21,1181,642,50,27,287,1197,26,63,323,20,473,37,11,451,14,6,14,152,71,410,54,3009,19,829,153,1183,17,15,2748,2643,443,1638,19,6160,5,5,3984,911,651,69,3671,1,10698,294,568,6,292,26,311,6473,37,180,1287,2317,46,13325,89,11,557,1957,208,5,37,9,56,177,204,6350,4,196,14,13,3026,119,56,61,89,5,194,25,5,24,2062,162,87,75,140,210,217,71,625,1336,413,2885,76,985,88,12,7637,40,441,923,7934,11,6412,32,104,42,15,6452,138,4306,90,9096,2055,61,0,1255,3309,14483,2,1047,95,15,10200,3,6,131,1,626,326,72,2,79,2177,133,309,274,288,218,57,101,5,4230,701,13521,3375,34346,2116,775,3877,1958,113,75,482,417,9,272,172,17,48,67,51,16,57,1398,7,618,3613,99,638,28,17,518,29,148,8,43,1015,873,12,9567,1336,1199,306,2006,25,228,4483,9290,8962,161,1469
"ENSG00000166165.13",7896,303,33687,169,415,438,2292,69,912,456,11412,861,1390,716,1083,852,1982,1536,1809,424,1161,298,1940,178,2331,158,589,3312,356,758,37,400,166,816,603,10999,222,90,1119,923,373,894,88,2509,530,265,406,798,594,197,122,252,228,1027,6038,81,631,106,328,98,3509,219,135,2795,86,1922,359,241,490,7135,2581,289,42,428,375,297,3530,3051,4212,647,3556,429,24236,855,1482,15709,65,1036,2932,902,8727,2826,789,1750,1388,93,10938,506,2781,802,323,692,3055,515,2801,33256,2607,349,38675,807,2500,712,894,181,4697,235,821,3003,178,1623,523,2199,227,166,210,246,589,79,2177,3462,264,236,162,234,1915,324,887,401,1152,51,345,2197,900,605,745,2324,287,1389,7469,8933,199,1742,3057,8066,338,392,227,679,2943,3437,678,5302,35,528,3175,303,90,22523,3469,425,716,1196,346,8628,13173,312,155,20703,1219,34,221,30904,436,183,20466,239,1104,210,651,1060,1763,1753,12607,228,6068,2177,446,161,4915,5770,860,233,612,1018,903,238,426,757,1190,514,5203,4487,601,78,5595,889,3155,482,495,395,346,1461,221,352,548,277,681,639,76,1050,2044,672,522,79,1454,99,333,692,52,557,28071,307,25220,5419,3005,651,7,2785,351,30,150,223,291,102,276,1419,415,4569,716,4717,1960,215,2319,844,301,2078,552,431,892,413,60,139,1861,304,147,823,7915,2107,8148,709,5919,496,631,590,153,5479,362,3990,784,125,1450,744,1448,185,11218,7522,7069,1623,15392,3989,686,18531,38403,1700,217,298,1573,8739,4598,1955,4110,3885,134,659,571,11445,343,853,4630,632,417,2140,442,1059,261,7605,1091,726,1525,257,798,445,211,6647,536,436,1323,51,12649,9294,321,84,87,9399,1512,1060,1174,27238,8462,764,633,30619,439,7493,840,530,2437,5597,849,461,937,518,567,2395,298,866,2188,6894,2843,1097,354,283,117,1554,10164,99,761,973,73,7936,1170,3663,372,328,784,181,2460,603,23,271,2905,4316,783,2442,1659,231,280,6961,1366,191,539,89,9397,733,435,29883,2399,230,2129,3370,194,1049,83,155,18470,67,344,3705,8614,887,410,129,8268,387
"ENSG00000166183.16",7,3641,1287,1995,128,2493,39,67,1975,286,1,42,24,5,2292,3863,2662,191,1,1086,2445,2712,2981,1030,8336,1588,1838,159,143,13,99,38,541,2068,419,2197,148,1406,4,19,69,1,1626,3,2094,3784,7812,212,5114,345,3794,53,2601,489,131,4615,367,26,4757,1885,1,865,3,2971,4386,2837,1580,2,344,609,650,3093,1003,8151,2148,4416,122,3833,178,14,77,96,8374,3862,55,4334,1389,2,5623,133,2840,18,23,333,1,2810,1,2230,22,73,774,814,2155,297,3106,6016,606,3193,4094,3029,1083,2958,2966,24,892,1623,21,211,607,95,0,8,280,1,2505,7023,1789,1447,1260,68,2598,2533,42,2660,3111,6521,3,3806,839,1406,3239,1564,477,4051,682,2509,830,1522,2080,5,2697,6905,3237,1149,3722,6,4054,1108,257,80,430,736,1384,1434,63,151,1738,134,2302,166,8,1555,2,11,7289,38,2631,2281,1351,2,1450,4355,124,496,6,2329,337,218,2500,821,1507,0,3377,44,287,17,6294,104,2806,1085,193,168,1379,8,5758,873,129,121,1164,1415,6216,2560,339,3801,6716,23,0,0,511,0,6718,5942,868,6055,320,2268,3,132,1985,182,5088,1912,1233,1,1,15,3566,66,362,6117,6660,2442,1,4761,668,49,14,1736,1296,18,1181,201,3301,4,4065,2048,5267,90,1,55,5161,9670,75,815,4802,236,679,3981,877,3686,854,3252,132,6302,571,1598,237,4304,4,14,4797,462,21,4867,12,707,3006,6855,45,3041,1533,1141,12,9,297,2019,0,267,88,10,1876,2994,6,1957,855,3044,265,2162,167,9,1,426,694,11096,679,74,10,51,4086,2295,283,266,5609,6211,7013,3447,1475,0,6,6575,7,1077,1001,739,17,2940,2,192,0,5448,7416,10,760,734,19,188,911,8036,8,7001,5047,2584,405,1203,1,3391,31,26,453,69,1789,2134,689,10,171,1713,124,2293,3,1438,2872,27,595,7,140,3116,157,4971,24,6322,1490,687,668,9800,652,73,873,541,153,595,3317,1,2314,599,1283,2140,716,7,1046,2768,453,10,3227,209,164,89,1194,341,2615,4946,800,3683,3287,1698,7,918,306,0,730,741,7325,46,27,2274
"ENSG00000166342.19",12,0,41,1,7,0,0,11,4,4,0,0,6,9,0,2,1,1,0,0,0,1,4,0,1,1,0,3,0,0,0,0,0,11,0,1,8,3,0,0,0,4,1,5,3,0,1,1,0,23,14,3,1,0,5,0,3,0,1,2,1,0,0,0,7,1,8,11,0,0,0,2,3,0,0,0,4,0,4,0,1,0,2,0,0,0,0,3,10,0,4,1,0,0,0,0,2,0,1,2,0,0,3,1,1,0,3,0,7,0,0,0,0,3,0,0,1,8,3,0,0,0,5,1,0,0,0,0,0,2,8,1,3,1,1,1,0,0,0,4,1,1,3,0,0,3,2,0,1,8,0,1,1,0,9,0,0,2,1,0,4,0,0,0,0,0,0,1,0,4,0,0,19,0,0,0,0,0,2,1,0,6,1,1,4,3,8,15,0,0,20,0,0,0,1,0,0,0,15,0,0,1,0,0,1,2,6,0,0,6,2,1,0,1,0,2,0,11,0,0,0,0,1,0,2,0,0,0,0,3,1,3,2,0,0,3,2,0,0,2,82,0,12,1,0,0,0,0,27,4,0,0,0,0,0,2,0,0,1,1,2,0,2,0,1,2,1,3,8,0,1,0,0,0,3,0,0,0,1,2,1,1,1,1,11,0,0,0,0,0,1,3,0,0,0,6,4,4,21,22,0,1,79,2,1,0,3,0,0,1,6,1,0,0,0,11,0,35,22,6,0,5,0,1,0,5,0,1,0,0,0,1,1,1,2,0,0,4,1,1,0,0,12,1,0,1,2,0,0,0,0,1,17,0,0,0,0,1,0,0,1,5,0,0,61,14,0,0,7,0,2,2,0,0,0,3,0,0,23,0,6,0,2,0,0,0,2,0,0,0,1,12,0,0,1,1,1,0,2,0,1,0,6,3,2,3,0,0,2,19,3,0,0,11,3,0,1,0,0,0,0,1,1,1
"ENSG00000166391.15",1,4923,1,1610,126,165,7,4679,1260,129,286,1048,349,32,5,4963,74,678,3346,359,3920,2410,9,2454,10842,1165,36,44,92,38,505,110,2224,8310,1903,2,990,1955,97,484,3266,3,258,1509,3795,232,1533,162,1832,4076,4735,10,5624,67,369,3130,1110,186,3057,143,2790,3808,88,2347,791,3,3918,2239,404,48,624,1070,2,3949,4665,6579,0,122,216,908,1210,2701,4,1338,4579,69,997,931,126,1452,2423,2004,417,3,485,2575,4660,1908,433,162,5032,4839,6,1059,895,13,1939,6564,21,35,387,2576,72,491,13,4460,7,96,133,969,25,1677,1854,2002,474,2468,891,1855,351,188,6426,4932,312,370,639,7188,11,7373,819,60,4239,26,154,8917,28,11,9,82,10,0,2235,4197,1430,2905,3002,238,613,841,1410,897,2630,145,1645,211,43,2389,637,19,1339,49,745,1478,909,839,1145,1470,1212,94,1221,1308,3538,3,86,857,2190,3498,7265,3798,1963,591,128,1,54,4102,1772,511,7920,5539,298,52,2162,1320,25,2133,7896,972,150,2481,1964,2562,1633,284,17,1,441,2,1007,684,201,9109,6581,7356,12,87,3185,2869,696,876,22,710,472,1545,184,452,2151,1313,6078,2650,3349,1951,69,93,1666,524,12,84,218,436,2988,4294,1318,22,6988,2,5356,3257,7875,21,19,859,1620,9414,11,500,973,105,239,3463,257,3415,786,2812,40,5681,1832,421,230,5501,1525,1159,1423,163,2740,2877,4243,243,2165,72,107,110,2021,1899,54,2408,2261,5,26,876,4777,0,1261,5,8,4831,44,971,15,4651,1555,59,5947,450,3295,802,688,0,302,167,231,401,6,628,5261,113,4359,2200,2193,165,39,3096,79,211,4152,29,472,7138,2122,49,86,4,9847,1289,31,220,1443,555,886,32,42,1772,5069,14,2982,188,2874,5292,117,38,17,176,453,3823,1124,158,333,4270,172,36,2270,1139,608,244,94,53,273,9823,2683,2089,2991,4029,5923,2098,12224,927,3949,539,128,298,717,283,63,5704,4845,345,174,12,1819,122,2294,3670,3221,1326,21,1101,201,0,192,39,2761,116,832,4529,5163,2440,2584,4,827,0,1348,3045,4709,5189,240,4028
"ENSG00000166407.14",12,0,0,0,1,1,0,0,0,10,0,0,4,1,58,0,0,1,0,1,0,0,5,0,0,0,0,3,0,0,0,13,2,0,0,22,0,0,0,0,0,23,0,21,0,0,2,1,0,0,0,2,0,0,0,0,2,0,0,0,9,0,0,1,0,1,0,0,2,0,0,1,0,0,0,0,1,0,2,0,1,2,57,0,0,0,0,0,73,0,2,1,0,1,64,0,34,0,0,0,0,0,2,0,0,1,0,0,6,0,0,0,6,2,0,0,1,0,0,0,3,0,0,0,0,0,0,0,1,0,1,0,0,0,6,0,0,0,0,1,0,0,9,0,0,1,0,0,0,0,0,0,0,0,0,0,0,0,0,5,0,3,1,0,2,0,0,1,0,5,0,0,0,2,1,0,0,1,4,0,0,0,1,1,0,0,2,0,0,0,4,2,3,1,0,0,0,0,0,1,0,0,0,0,0,1,0,0,0,0,0,1,2,0,0,1,1,0,0,0,0,0,2,1,1,0,4,0,0,0,8,0,1,0,1,1,0,0,0,0,2,1,5,0,1,1,0,0,0,0,0,0,0,0,0,0,0,3,10,0,0,2,0,1,0,0,9,0,0,0,1,0,0,0,2,0,0,1,63,0,0,0,0,0,0,0,0,1,0,0,0,0,0,0,52,0,2,0,4,31,0,0,2,1,0,0,0,0,2,0,0,0,0,3,0,0,0,0,84,0,0,16,0,0,0,0,0,10,5,1,1,0,0,0,0,0,0,0,0,59,0,1,1,3,1,0,0,0,0,0,0,8,0,2,0,0,0,49,0,0,0,1,2,0,3,0,0,0,0,0,2,0,1,2,4,1,0,0,0,0,0,0,0,1,1,0,0,0,0,0,0,0,0,0,0,1,0,0,0,0,0,0,0,0,68,5,0,0,0,20,1,0,0,0,4,0,0,4,1,0,0,0,91,1
"ENSG00000166426.8",6,0,0,0,5,0,0,0,0,17,0,0,0,3,0,0,0,0,0,0,0,0,2,0,0,1,0,0,0,0,1,0,0,0,0,0,0,0,0,0,0,0,0,0,0,0,0,0,0,0,0,0,0,2,0,0,0,0,0,0,0,0,1,3,0,0,0,0,3,0,0,0,0,0,0,0,207,0,0,0,1,0,3,0,0,0,0,0,0,1,0,0,0,3,0,0,0,0,1,0,0,20,0,0,1,6,0,0,23,1,2,0,0,3,0,0,0,0,0,0,0,0,0,0,0,0,0,0,0,0,0,1,0,2,1,0,0,0,3,0,0,0,0,0,0,1,0,1,0,0,0,0,0,0,0,0,0,0,0,0,0,1,0,14,1,1,0,1,0,0,0,0,0,0,2,0,0,0,1,0,0,5,0,0,0,0,0,0,0,0,0,1,4,0,0,1,0,0,0,81,0,0,4,1,0,0,1,0,0,0,0,2,0,3,0,0,4,0,1,0,0,3,0,0,0,0,0,0,0,0,0,1,0,0,0,0,0,0,0,0,87,0,0,0,0,3,0,1,7,0,0,0,0,0,0,0,0,0,0,1,0,0,2,0,0,0,23,0,0,0,0,0,0,0,0,0,0,0,0,0,0,0,0,0,0,1,0,0,0,1,0,0,0,0,71,1,1,0,0,0,0,38,2,0,0,0,0,0,0,0,0,1,0,16,1,17,0,0,0,0,0,0,0,1,0,13,0,0,1,0,0,0,0,10,0,0,0,0,0,0,0,0,0,0,2,0,0,1,0,0,1,32,0,0,0,0,0,0,1,0,0,0,0,1,0,0,0,0,0,1,0,0,0,1,0,0,0,0,1,0,0,0,0,0,0,0,1,0,0,0,2,0,0,17,0,4,1,0,0,0,0,0,2,0,0,0,0,0,1,0,0,0,0,0,0,0,0,0,0,0,0,0,0,0
"ENSG00000166473.17",175,14,7617,235,31,12,25,37,9,137,0,1,7,813,1124,18,5,25,1,19,33,34,46,71,6,53,57,3,52,37,142,79,228,113,127,23,410,99,0,2,8,545,21,12,35,21,15,19,10,120,14,111,41,57,5,210,42,13,7,1,16,395,0,6,107,16,18,40,47,16,676,73,6,13,5,36,184,8,23,426,314,160,32,22,6,25,4,347,504,27,9,589,14,60,46,10,47,19,25,11,94,14,9,0,7,4,18,38,78,5,2,7,282,6,6,212,70,13,53,1837,46,775,57,96,93,27,7,52,21,272,50,14,268,6,152,21,3,14,86,56,7,39,160,33,12,29,6,38,37,56,22,23,3,269,51,941,22,23,51,124,6,3,183,51,11,1311,19,45,47,2,58,20,102,22,12,8,25,112,30,355,5,0,9,5,5,14,2,46,831,0,10,5,9,135,281,14,33,162,200,75,281,81,29,2750,4,17,137,25,51,3,62,4,288,87,1,8,131,5,57,4352,17,19,2,40,10,19,1,12,5,101,69,34,168,30,3,1274,10,16,221,70,18,215,11,34,141,38,63,1,47,237,3,4,19,4,7,4,10,57,359,4,32,119,42,31,6,11,63,11,64,16,161,8,47,10,57,81,16,10,1,19,66,143,17,20,3,24,1,4,6,143,9,29,4,102,9,522,26,1,91,213,12,9,7,11,19,15,4,34,5,13,21,11,4,165,130,165,162,12,363,44,13,47,5,50,115,8,2,10,384,8,619,9,69,0,271,37,11,228,0,103,12,426,76,54,59,2,23,14,64,1,11,90,45,1,4,10,4,293,82,52,77,8,678,17,47,2,882,21,2,143,4,75,21,27,168,46,94,22,50,315,2,4,194,7,27,179,20,9,21,23,17,16,8,7,3,1,362,5,37,40,9,26,56,15,712,1778,616,186,0,121,272,1,371,67,87,67,47,11,5,9,10,1,274,26
"ENSG00000166558.11",3,0,5,0,0,1,0,1,15,0,0,0,0,2,4,0,1,1,0,3,0,1,2,0,1,0,1,0,4,0,0,0,7,1,0,0,0,0,0,0,0,13,0,0,0,1,341,0,0,0,0,1,1,7,0,0,1404,0,0,1,1,2,0,0,1,1,0,0,1,1,0,9,0,0,0,0,0,1,4,24,8,2,8,7,0,13,0,0,5,0,1,2,1,32,1,0,62,1,3,1,4,0,0,0,0,1,0,0,57,0,4,1,27,3,2,0,0,0,0,7,0,2,0,1,37,4,4,0,0,0,2,1,7,11,0,0,2,0,4,0,0,0,3,1,0,0,2,0,14,0,0,0,0,2,13,0,377,2,0,2,0,389,684,0,1,0,0,1,1,0,0,0,1,4,1,0,1,9,2,3,0,1,3,0,0,189,0,0,6,0,6,0,12,0,12,7,0,1,0,0,0,0,0,40,0,0,0,0,0,0,2,8,1,2,1,0,2,4,5,10,0,0,0,0,0,0,0,0,0,0,0,1,232,2,0,1,0,0,1,1,2,49,0,10,2,4,0,139,0,0,0,0,0,0,0,0,0,5,13,0,1,1,7,20,2,3,3,0,0,0,6,0,0,0,0,2,8,0,0,0,0,172,0,2,0,3,0,0,1,3,0,0,0,1,2,81,0,1,2,1,0,0,49,0,0,0,0,2,0,3,0,37,0,1,4,0,1,2,0,7,0,2,0,0,232,3,0,0,0,2,7,0,27,0,1,0,0,0,0,17,0,1,0,2,3,0,0,4,141,2,0,0,0,16,0,1,3,11,0,0,1,63,34,25,0,0,4,4,0,6,0,1,97,4,1,2,1,0,1,0,0,0,1,0,0,1,4,0,1,1,96,1,0,1,3,0,5,72,2,0,0,0,0,1,2,0,71,1,0,11,0,0,162,198,0,0,0,1,1,0,0,0,1,0
"ENSG00000166578.10",231,2,41,36,66,10,131,7,30,89,3,11,7,283,169,11,5,59,16,7,44,15,14,8,12,18,3,79,12,102,13,166,294,13,107,11,52,8,69,44,29,45,16,19,14,33,18,19,12,7,25,161,8,59,7,56,7,7,111,21,6,201,6,19,6,3,5,14,60,57,190,90,108,6,17,3,393,33,76,23,164,281,66,82,41,11,34,13,82,72,202,99,11,373,62,4,11,26,29,27,82,11,102,10,24,10,207,4,113,13,27,17,47,71,10,210,70,5,191,377,12,21,8,26,50,10,11,79,21,212,5,6,168,23,84,5,7,6,128,3,3,65,167,18,33,245,334,42,30,131,8,11,15,33,9,68,115,65,162,40,25,141,154,26,59,219,47,149,14,36,19,71,24,150,73,4,99,180,87,19,3,53,21,136,35,51,13,6,28,69,11,73,83,274,94,24,11,162,2,29,14,229,208,153,4,316,12,29,189,16,18,34,395,15,13,77,4,12,35,138,9,34,17,47,6,9,53,35,52,10,58,7,75,86,6,306,5,11,148,399,14,42,11,11,170,40,6,129,63,17,9,7,3,51,8,14,16,15,57,50,126,42,160,57,2,47,37,8,170,15,61,5,77,3,39,6,57,2,10,65,213,23,25,9,11,9,6,18,39,240,51,48,22,308,757,121,78,19,38,282,156,11,521,3,50,13,4,47,139,33,18,9,21,98,117,325,38,26,54,26,21,140,2,14,212,11,22,8,21,7,83,12,23,12,24,11,41,93,8,76,3,83,9,9,45,12,5,38,43,7,7,82,12,66,4,8,8,180,15,6,39,14,13,78,294,3,552,33,11,349,8,24,54,4,742,8,940,11,11,93,13,55,50,151,15,225,13,12,17,68,8,11,5,14,5,13,56,33,40,5,7,12,20,10,72,36,54,78,24,51,83,31,9,4,30,2,54,39,73,11,10,7,153,12
"ENSG00000166589.13",102,4,0,69,19,94,30,0,43,4208,488,4,4,8,523,74,96,8,27,3,129,2,12,133,17,9,0,25,197,674,4670,3158,226,12,66,334,14,18,258,328,4,509,8,3,33,3,2,9,16,0,2,36,66,81,1,7,4,56,13,1,4,1,0,16,0,15,5,1,5,6,17,35,0,5,4,3,0,10,76,11,43,3,2,322,2,25,26,5,2,422,0,10,361,23,47,0,0,0,1029,4,256,38,5,2,195,603,286,7,325,117,57,28,0,35,10,144,2,11,6,415,0,4,3,1672,21,3,13,11,90,5,57,2,0,5,16,5,4,8,34,12,34,120,11,17,644,3,401,3,27,120,16,20,7,1,29,1,0,6,50,115,0,37,2,131,1,4,2237,36,14,101,49,487,1104,89,77,62,45,56,5,4,0,55,0,34,1,14,0,280,17,1,4,0,4,28,15,4,14,452,0,57,4,0,23,0,3,12,2,2,33,2,261,113,4,10,57,3174,21,1,2,562,4,1,5,9,37,29,0,93,13,151,290,3,0,4,0,27,20,0,45,14,523,13,44,1,123,67,38,0,4,0,490,685,27,51,4,2,16,99,62,34,198,21,6,8,2,482,57,7,7,88,39,35,3,0,12,353,102,13,18,0,6,134,0,25,54,30,19,593,34,7,12,41,58,10,6,1047,34,1,0,436,14,68,24,0,3,49,0,317,60,157,4,797,14,728,58,58,211,107,28,173,52,201,2,51,2,9,22,1,3,3,1,523,80,97,9,17,139,0,4704,6,2,0,5,169,1,0,28,42,113,7,0,10,3,884,317,7,73,360,50,760,34,27,58,19,56,15,22,15,2,11,4,5,5,105,18,11,0,54,1,24,0,2,0,18,262,598,58,1047,2,0,12,2,31,104,254,3,29,618,30,9,2407,3,173,0,8,0,9,1,22,86,11,2,0,5,29,0,0,1,22,20,4,1,7,17
"ENSG00000166670.10",724,0,0,3,41,3,0,3,0,299,2,2,0,324,47,2,1,56,1,3,5,6,1,2,0,0,7,104,1,626,189,59,15,3,5,112,46,1,19,10,0,45,12,14,9,0,0,148,25,1,0,3634,2,3,4,3,6,11,2,1,1,1327,0,3,1,11,1,2,439,9,7,10,171,6,1,0,6798,1,1,0,19,4,87,1,4,0,0,0,9,5,137,17,3,9,1,0,0,1,5,12,28,0,374,2,39,4,2,3,71,2,4,7,2,47,1,4,77,21,290,26,1,3,3,2,3,0,9,1,1,23,0,1,29,2,13,7,4,0,2,1,8,122,149,4,13,70,26,453,29,50,4,0,7,26,1,0,1,989,5,91,3,2,19,3,7,5,8,324,7,44,0,24,8,26,5,1,11,9,3161,5,0,7,0,8,2,2,17,0,1,0,1,30,3,11,44,0,7,126,2,3,0,9,49,2,0,1,4,8,11,1,8,9,45,8,30,69,3,6,52,38,0,2,5,1,2,1,3,52,0,10,1,16,15,1,1,13,0,3,0,31,7,3,0,0,666,1,0,5,1,0,1,0,0,121,1,0,8,12,2,53,4,16,208,0,2,1,4,2,3,4,6,0,21,2,0,4,81,0,0,7,2,7,0,0,0,6,5,1,2,25,52,1,2,0,7,61,2402,10,5,117,0,1,16,0,2,17,1,4,1,1,1,8,1,1,67,1202,5,20,0,2,60,22,0,26,14,4,15,1,8,1,8,1,2,0,27,1,0,53,0,12,0,1,122,16,1,2,7,4,500,1,28,29,6,4,1,13,43,33,7,15,14,5,2,33,15,4,4,25,1,1,7,2,83,1,78,0,0,10,0,28,0,4,0,11,6,0,4,9,1,1,9,1,1,0,1,6,39,22,33,3,3,0,6,2,88,1,2,13,0,0,35,1,0,16,5,0,3,232,2,8,0,0,1,1
"ENSG00000166736.11",67,0,0,0,12,4,3,2,4,8,2,0,0,2,2481,0,3,32,0,4,1,0,1,2,1,3,0,1,0,3,0,51,19,1,13,26,0,0,0,0,0,9,2,0,2,0,31,2,0,1,0,2,2,4,0,0,3,0,0,0,0,140,0,2,0,1,1,0,0,8,1,9,0,0,0,1,14,1,0,5,0,4,49,0,3,2,1,1,5,0,18,24,0,0,0,1,3,5,28,41,2,2,33,0,0,5,0,4,202,2,2,4,2,3,4,0,20,0,1,0,0,0,0,0,11,1,1,0,0,26,0,0,11,0,81,2,0,4,43,0,0,3,91,0,8,76,4,0,4,1,1,0,1,4,1,33,0,2,3,84,1,42,8906,8,0,2,457,69,7,263,0,0,1,1,0,3,57,8,116,1,0,1,0,24,0,0,2,1,1,2,1,0,2,8,29,1,2,12,0,0,0,1,4,1,0,0,0,12,4,0,3,3,519,0,3,15,0,0,55,4,1,0,0,0,1,1,2,4,1,0,2,0,44,0,0,2,1,1,0,1,15,2,0,0,213,2,0,2,0,0,3,1,1,4,1,2,0,0,1,1,4,2,4564,3,1,7,35,1,1,1,13,0,4,0,0,1,62,0,0,32,1,6,2,0,0,4,0,6,4,1,2,3,3,1,0,2,289,0,0,67,8,3,0,0,0,3,1,0,0,0,3,0,0,31,2,217,0,46,1,1,0,3,1,0,8,2,5,0,0,0,0,9,3,0,2,0,6,6,1,16,1,0,2,0,6,0,0,2,14,1,1,9,0,0,0,0,0,9,3,1,0,2,5,14,0,0,0,5,0,0,1,0,2,3,1,0,2,3,1,2,0,2,0,0,0,0,33,11,0,0,46,0,1,3,0,5,1,0,0,1,0,0,2,0,242,2,259,6,0,2,0,2,1,2,0,0,0,1,188,1,1,2,0,0
"ENSG00000166741.8",9658,142980,7116,59096,1507,3399,17769,1945,208312,26798,352,210,4344,55778,55389,27405,832,8837,27,18097,15055,132023,7096,3905,3537,5422,31726,26478,3641,6769,391,5683,9038,34062,4197,33281,30617,8292,77,641,13875,3609,7768,417,21770,29349,66594,17635,126034,16807,6641,4091,23158,981,120,2446,160632,935,2658,1785,5354,6959,97,18581,60291,89,43190,3698,6468,2968,5617,35316,73610,121518,22053,23136,4142,6918,667,2484,1742,3787,16838,82528,1601,77,18481,2127,29308,54754,31738,15776,162,27113,673,24396,170964,36112,7293,3198,101624,22986,120580,55,31593,1215,1796,20723,2738,10222,1272,78989,28913,16905,185,13062,2583,724,243,9036,5508,3380,20644,30679,19620,216970,113032,34891,429,5936,28710,62925,4960,70441,21769,78265,417,94351,346,3430,14793,8677,18046,52963,21278,16418,37430,645,743,610,73247,46645,12830,2030,21882,21435,172141,21601,1128,9697,6335,55753,54401,1747,1070,7944,41902,1987,1943,2358,475,3710,23554,374,65591,2558,23071,2018,18978,25059,50351,687,10935,19670,173,35782,1628,3285,23903,174,114495,18894,27250,4507,8417,319,25423,46518,27737,493,845,5745,1869,1898,51099,8768,15063,1941,42263,4947,5123,1349,40737,27945,9685,1108,342,45063,25627,76832,116154,24082,43651,20224,10542,41225,987,3023,26473,1061,23602,64185,16384,5467,787,34229,37123,4417,7167,79524,5235,24621,7962,795,11637,2329,79,279307,1486,3088,31904,8976,95575,42114,42450,23457,22105,3619,809,25339,3027,6577,13135,1255,162463,3214,3690,60725,3306,94297,16795,73802,224,110620,48131,149,24613,25694,1301,4830,20446,37177,8485,149409,6397,7494,110462,30312,7667,20593,58835,26826,4899,14712,3102,23066,1674,1236,6248,14929,16140,582,1910,52783,37579,69442,109908,44037,621,50,449,496,2665,42637,3066,20485,1729,2083,43618,12243,1159,11772,65519,116,59112,639,38934,19,14459,121290,59,72995,68995,11817,55,63708,1585,44371,457,87907,38076,90224,29209,8981,8823,25360,316,4706,7060,92456,137462,43701,21453,1327,57,132057,613,13791,1575,1489,2201,42121,26097,2760,4003,8815,12227,901,228696,61519,47352,7143,25774,557,4205,2150,1321,150144,1246,17886,12439,7315,5130,160971,42201,43280,1881,3610,18555,170,2657,417,6102,579,256,10906,13248,489,15085,66219,29621,1154,14222,1679,53269,916,36985,3840,76747,51597,33077,70000,22969,61387,3954,112,2410,22440,912,51626,27922,100,1367,86019
"ENSG00000166803.14",82,15,19,55,86,119,247,23,47,1513,22,271,482,1077,661,10,43,233,197,45,42,18,48,36,31,98,171,209,45,161,313,180,145,51,23,151,112,75,316,95,70,140,304,32,50,272,20,198,8,61,55,488,91,217,34,125,29,337,659,344,28,203,56,185,23,156,76,39,537,286,215,109,26,4,169,19,416,94,708,106,183,121,208,191,245,55,139,122,80,45,97,148,62,494,50,10,30,213,92,180,39,39,676,67,71,148,318,16,321,117,95,23,41,264,142,75,327,57,321,456,42,215,22,276,262,12,12,248,273,220,43,11,926,41,400,23,67,28,640,26,14,882,127,59,53,299,275,323,253,301,17,25,143,164,19,183,70,116,181,130,150,180,284,91,195,194,197,760,111,1175,45,112,150,1086,91,59,51,261,115,94,23,86,126,249,80,88,237,22,19,206,39,2179,403,491,60,252,55,90,19,302,45,382,283,233,16,421,39,719,161,157,19,133,366,52,98,377,24,62,62,228,17,183,420,27,22,9,95,526,69,69,522,77,157,248,25,367,29,153,139,117,33,131,40,25,327,217,157,135,61,126,8,181,32,343,20,178,54,111,29,801,234,93,473,566,18,119,397,17,801,31,381,14,604,12,32,191,449,12,69,555,270,448,112,38,56,170,15,54,240,108,45,79,74,65,178,160,620,83,36,112,390,54,1426,31,525,33,20,50,103,379,82,378,144,106,82,150,753,290,10,73,134,456,27,360,96,258,24,66,254,23,272,168,82,166,423,34,153,476,39,76,14,101,37,293,440,79,15,154,94,25,64,482,48,374,51,30,342,669,159,58,118,30,96,165,76,23,233,199,43,177,214,167,154,186,342,63,222,17,31,267,66,84,91,36,79,171,245,36,216,261,218,75,31,163,75,89,85,346,36,18,81,245,61,11,541,34,225,281,247,36,106,203,39,34,54,72,76,595,78,49,19,33,463,26
"ENSG00000166840.13",130,6452,21,5359,335,2087,81,11566,12811,842,1257,2868,554,1984,172,12032,3627,3091,5123,1280,7372,15646,3296,5170,9553,24822,2414,4762,1573,1310,325,254,3432,25998,5320,1478,2842,2157,4699,2488,5642,32,5579,3526,15407,3389,5642,2705,11559,9367,6609,529,16152,4,3801,6127,11759,3071,10182,3312,2650,2327,2291,7023,8884,1356,9462,8436,6078,2320,1394,3522,5427,10888,9960,10629,177,1382,580,2167,790,2147,279,1640,9012,4123,5651,306,802,1848,7449,3743,747,317,3048,7055,12492,6583,1192,592,6450,16535,494,4700,1968,305,5881,14561,243,2546,1940,8614,1883,7524,441,6838,1074,1209,3363,481,892,3957,9616,4172,2954,10777,4621,1857,1057,634,10405,15102,927,3066,550,17478,4500,14441,999,4357,7888,1188,517,17976,1423,424,65,774,362,82,9472,6265,7151,5647,8156,1669,2909,7655,2321,4743,5078,1171,1355,1227,78,2221,2806,40,10592,2764,6580,3452,3772,9709,1181,3099,4733,904,1898,1328,11564,740,1675,2435,5565,6174,15910,10703,7904,3159,4732,19,59,6400,1650,1326,14759,4378,3397,936,3642,5210,489,8481,14549,1853,5263,4065,2665,8154,4708,1818,1536,6513,1914,9,740,3492,2296,13782,13155,9518,725,4459,8026,8964,1333,620,1257,941,1838,7276,1574,3457,5058,750,10985,4437,7085,3948,1350,3059,6423,4839,216,274,673,1932,5738,9272,4891,1205,9914,57,11654,4570,17511,123,18,2220,9602,21639,50,174,11196,538,839,9869,10991,12199,4111,7141,142,15876,3245,2251,174,8886,7803,817,5820,824,5909,6570,12443,1620,8157,343,593,2011,6997,6861,224,2712,3647,90,46,6545,26019,1,4373,263,103,12258,521,3168,1162,9345,6771,414,13806,270,4601,1101,2192,8,464,371,1519,3319,4438,1448,12766,1765,9205,1013,9756,2758,45,11684,504,1094,7273,4261,2000,23159,4630,1350,2835,112,18594,5844,10044,545,1032,5648,4402,416,183,6751,13881,152,14846,3302,4958,17682,26,127,891,477,5997,9831,2770,86,467,10669,737,2241,5196,4630,4955,3688,692,82,1378,8162,4241,10570,12238,9394,10240,6600,11429,1905,15346,6960,328,4194,6510,2672,279,12714,9563,2616,1298,2708,4332,562,4546,14366,6767,1973,7771,6262,393,2,682,3889,7208,1846,3364,3461,9232,9208,8793,2815,2765,6,781,16071,15718,10446,36,10632
"ENSG00000166851.15",211,2,45,99,421,288,224,69,42,1048,127,448,1288,5066,996,38,61,373,752,98,244,22,185,190,188,91,268,850,99,217,915,638,772,60,43,519,252,165,441,243,21,740,454,33,37,63,71,463,19,48,150,1098,130,1138,100,368,26,927,684,894,74,518,81,467,19,317,78,49,1807,967,699,178,34,4,64,22,727,151,1349,557,445,340,1135,272,334,378,56,99,185,32,570,382,114,531,87,15,44,1391,429,996,193,39,1113,44,371,1813,435,30,4256,433,361,64,66,549,383,31,1026,174,1131,1890,96,214,37,249,297,11,18,360,243,792,97,17,1162,55,838,21,114,21,1016,52,14,640,466,64,199,2463,554,640,948,1180,42,35,377,368,52,546,60,453,323,445,517,311,1084,386,403,844,1197,2208,870,2376,145,174,390,2247,155,195,375,1067,772,281,24,572,143,620,96,163,469,37,152,860,53,3776,1054,1406,247,1308,54,271,67,968,101,1531,648,2375,14,622,78,1252,458,410,104,1031,1318,242,261,472,65,25,226,377,12,433,161,68,28,22,255,2165,42,374,1128,352,460,479,28,673,49,75,274,232,76,157,20,132,374,404,141,61,111,212,21,121,49,755,19,326,71,187,136,1375,631,382,2341,1717,23,269,414,20,587,14,643,24,1353,13,64,524,1299,10,115,1045,804,527,233,17,46,817,13,200,143,298,110,97,64,98,335,1314,3085,97,108,175,660,78,2890,16,416,85,45,183,308,1558,151,734,413,345,352,408,980,492,66,201,387,601,29,782,619,482,30,72,140,11,1396,234,98,142,786,22,369,2891,147,83,10,174,58,592,1639,666,22,400,583,12,157,1246,65,1440,64,27,338,1255,977,141,193,60,131,431,1804,71,227,1406,59,320,314,340,122,295,674,58,956,16,84,673,56,788,195,60,90,259,1246,153,123,286,657,77,11,453,91,203,289,1240,148,14,85,172,188,23,1574,68,792,1069,109,41,212,207,60,31,301,115,70,4972,628,106,13,24,2158,15
"ENSG00000166856.3",17,6,24,51,38,51,1,20,40,62,23,31,2,7,2,462,108,1,1,60,101,202,22,66,20,28,0,7,1,6,1,11,22,301,43,4,34,82,3,8,1,16,18,5,398,35,17,44,21,91,104,19,419,1,14,1,75,4,19,2,4,20,2,67,131,0,43,14,40,14,127,64,7,48,32,485,11,9,1,52,9,10,6,51,13,12,25,3,28,10,31,3,8,0,4,175,58,31,7,24,121,376,13,6,31,17,27,443,13,20,90,147,25,5,4,5,55,9,2,2,1,1,84,3,10,269,108,0,24,44,147,289,2,11,11,359,5,305,3,0,215,53,11,745,84,10,4,2,3,1,166,97,4,36,121,0,1,127,25,16,2,0,2,44,8,22,5,3,1,3,2,3,10,5,33,32,120,1,88,11,302,17,6,8,19,38,48,276,9,1,1,15,3,11,1,1,336,0,7,8,3,5,41,40,285,2,135,30,175,16,170,79,3,1,95,8,6,7,52,3,62,14,8,3,249,113,180,4,1,2,1,9,34,11,3,14,103,24,17,15,149,16,5,46,5,11,4,0,8,17,64,0,31,5,339,56,818,83,2,2,94,60,4,1,452,30,12,357,2,373,18,216,1,597,4,10,0,373,25,12,1,0,16,283,2,35,70,115,0,24,433,45,104,10,23,3,4,15,46,5,149,3,6,289,1,42,15,10,42,6,4,32,6,43,29,7,20,5,129,26,12,11,217,5,97,11,74,2,0,346,10,88,112,102,19,432,1,3,17,3,313,2,8,13,1,62,4,3,0,41,133,17,113,6,15,518,5,8,3,2,3,22,34,2,62,25,1,10,13,32,4,25,1,1,3,75,6,31,18,7,34,2,40,59,263,3,19,41,4,7,5,16,214,21,17,19,9,6,306,130,14,2,134,11,53,170,0,1,18,116,83,80,24,36,5,20,0,2,1,300,244,215,2,294
"ENSG00000166863.13",3,0,5,2,3,5,2,4,1,3,0,1,153,9,41,2,21,1,0,14,1,2,4,0,0,2,0,33,0,23,3,49,1,0,1,1,0,0,0,2,0,1,1,3,9,0,1,0,0,6,1,4,1,13,0,2,3,1,2,0,2,4,3,0,0,5,5,2,30,0,2,0,0,0,0,1,14,5,9,14,3,22,3,12,6,4,0,1,2,0,3,5,4,8,1,2,4,115,11,2,0,0,0,0,2,1,2,0,257,3,6,1,0,18,2,0,2,4,18,49,0,5,0,0,0,1,1,11,9,2,0,0,17,0,1,0,12,0,19,0,2,1,14,0,1,9,21,4,1,1,0,1,0,2,0,4,2,10,8,5,2,12,1,8,3,0,10,2,1,4,1,0,0,2,0,15,5,33,0,1,0,0,5,2,0,0,25,0,3,12,0,0,34,2,0,2,8,40,0,2,0,13,3,23,2,29,3,4,14,0,2,7,4,2,21,0,6,0,1,2,0,35,3,1,3,0,5,10,2,4,3,0,2,0,1,2,0,0,43,2,0,2,2,0,59,1,2,0,5,1,0,1,0,61,0,0,1,75,7,19,28,3,1,4,0,11,4,0,130,2,10,0,33,1,0,5,15,0,2,2,650,5,1,8,7,14,0,7,7,3,0,2,1,13,0,3,0,1,1,0,4,1,1,2,1,0,0,0,7,28,1,10,0,24,9,1,3,1,0,2,8,1,0,86,1,3,0,2,0,1,5,11,1,4,26,1,4,3,0,2,0,0,0,1,0,19,1,4,92,0,1,6,2,5,0,1,3,3,9,31,47,1,0,52,0,1,5,0,1,0,0,4,0,4,26,0,462,2,1,924,0,5,2,0,3,4,13,24,2,1,13,1,0,3,7,4,11,41,15,2,0,1,11,1,1,0,0,4,3,2,1,49,0,1,0,2,251,0,0,1,1,1,9,4
"ENSG00000166866.13",4,6,1,6,173,149,48,36,8,20,48,17,17,50,209,21,190,46,49,694,32,6,45,71,23,79,8,6,19,867,173,1101,31,3,4,5,42,16,1,5,3,2,111,54,20,18,4,8,20,6,9,178,14,168,112,31,136,154,12,8,42,40,200,53,9,595,3,84,738,81,70,8,0,3,22,8,136,28,430,44,261,23,28,295,184,89,9,91,6,12,39,31,207,116,233,10,207,43,1045,271,8,20,32,24,20,64,235,12,604,16,320,16,3,33,80,36,112,36,1225,353,53,29,1,44,13,8,7,3,424,8,23,10,106,11,121,6,251,4,830,71,4,66,385,22,54,307,304,59,25,127,13,7,43,3,7,106,100,95,295,20,26,111,43,221,25,9,401,54,140,698,139,58,16,6,10,200,113,333,69,47,4,381,216,79,23,1,28,103,95,419,3,10,552,137,18,185,12,1045,0,83,0,57,51,117,19,792,2,138,11,47,75,992,428,35,2141,50,64,1,62,70,10,1,59,125,12,7,362,71,71,130,60,3,59,45,3,82,12,17,7,60,57,16,191,46,489,125,194,17,51,47,3,7,2,2289,23,20,35,2605,319,673,225,111,27,23,9,194,23,7,235,14,23,6,778,5,8,169,863,8,114,31,211,147,9,10,134,32,2,64,72,78,17,41,42,359,127,63,173,9,59,5,105,99,13,22,102,3,72,42,214,99,19,777,16,927,47,4,28,44,5,12,378,2,8,302,7,46,11,325,32,9,294,21,8,582,295,25,176,280,46,6,16,40,43,20,468,40,213,87,7,4,70,328,5,208,13,5,61,4,25,174,108,42,25,746,1,2,45,113,19,10,41,97,9,119,184,16,12,4,45,103,134,73,152,8,52,44,78,368,175,18,444,26,3,563,87,257,319,466,140,17,33,7,54,2,14,8,169,331,3,4,9,19,9,33,5,185,21,6,25,37,2,41,111,19
"ENSG00000166869.3",0,0,0,0,0,0,0,0,0,0,0,0,0,0,0,0,0,0,0,0,5,22,2,0,1,0,0,37,0,1,10,0,0,0,0,1,6,0,0,0,0,38,1,0,0,1,0,0,0,0,0,3,0,1,0,1845,1,0,4179,4,0,17,0,1,0,12,0,0,0,3,1,1,1,0,0,0,1,33,79,1,21,0,0,393,0,0,0,0,0,0,3,25,0,0,0,0,0,2,1,649,0,0,0,0,12,2,23,0,74,0,0,0,0,683,28,0,0,0,1,3,0,1,0,0,1,0,0,0,1,0,0,0,3,0,0,0,0,0,3,0,0,0,9,0,22,136,2,0,2,0,1,0,6,7,0,0,0,0,8,6,0,6,0,0,0,0,0,13,48,767,0,0,0,3,15,0,2,4,0,0,0,31,0,0,0,0,0,0,0,409,0,0,2,47,1,3568,0,0,0,0,0,565,1,4,0,3,0,4843,0,489,5,7,0,0,2,0,0,0,4,0,0,0,0,0,1,0,39,681,0,1,0,0,0,0,6,0,0,0,1,0,22,0,0,58,0,201,0,0,0,0,0,0,0,0,0,13,2,2,0,221,1,890,3,0,0,0,0,1,2,2,0,0,3,0,0,2,333,0,0,1,0,6,0,0,0,0,0,105,0,1,0,0,0,0,25,3,10,1,2,0,1,0,0,0,29,0,0,0,1,41,0,0,0,848,1,0,0,1,1,0,0,1,0,0,0,11,0,0,0,0,1,0,0,56,0,0,0,321,0,0,0,0,0,0,1455,0,34,1,0,0,0,0,0,1,1,0,0,0,0,3,0,0,0,0,1,0,0,0,0,6,0,0,2,0,6,0,1,2,1,0,0,1,2,0,1,0,0,566,0,3,1,0,0,0,0,0,691,1,0,0,0,0,41,0,0,1,1,0,0,6,1,0,0,0,0,0,0,1,0,1,0,0,0,0
"ENSG00000166897.16",481,6,0,252,374,466,4,1297,14,813,3,109,32,0,685,38,1571,7,259,487,776,3,1910,722,825,476,246,16,78,2,228,235,933,1118,431,142,5,375,1,4,38,42,1228,2,51,374,131,134,8,25,43,5,121,96,1,393,32,12,669,47,1,324,8,460,100,168,8,21,550,65,29,104,733,5,11,9,115,461,170,1,17,1090,31,290,1222,2972,40,3,9,5,419,15,276,161,125,10,1,253,567,3,349,13,32,84,79,351,321,49,122,80,297,26,0,1,396,496,724,256,492,0,0,58,4,1,199,2,25,105,1088,41,171,7,30,184,392,8,2,2,867,656,53,925,87,11,442,741,2,2541,46,910,16,13,16,212,159,88,182,838,20,75,484,76,80,1105,157,1,100,445,32,125,525,382,63,326,64,440,375,2,455,1,0,2619,428,603,9,281,133,979,507,292,456,2,20,612,185,605,6,411,0,323,4,176,988,451,2,19,2,902,291,1,746,424,89,1524,324,1610,73,0,73,1,2,46,12,356,7,22,0,5,68,6,15,110,243,33,45,66,8,1,371,50,1081,228,37,1112,612,14,0,27,7,31,29,346,1,225,4,517,3,924,137,60,524,0,12,174,13,724,425,24,436,1,75,3,37,1,101,255,40,17,161,715,17,68,0,2,1254,8,3,283,254,420,51,221,457,2,107,113,1147,99,550,822,1337,700,2,4,10,254,19,176,1381,154,1,1715,1,676,59,443,3,224,12,173,598,943,2,28,947,917,18,918,22,92,2,11,5,100,282,3,126,410,4,10,4,0,937,764,0,95,103,928,8,0,6,266,111,158,58,9,678,278,1,2338,245,0,5,428,173,825,50,23,0,163,407,805,2,3,131,521,429,6,139,97,10,26,2604,176,224,1,1105,1189,235,640,697,93,52,1265,443,377,252,12,212,21,36,115,1323,322,4,6,27,3,0,13,14,62,264,21,4231,548,413,12,2598,205,5,699,3,15
"ENSG00000166917.11",0,0,22,3,0,1,0,0,0,0,0,0,0,0,7,0,1,0,0,0,3,0,1,0,0,1,0,0,0,0,0,0,1,1,0,0,1,11,0,0,0,0,0,0,1,2,0,0,0,0,0,0,0,0,0,0,3,0,0,0,0,0,0,2,0,0,0,0,0,0,0,0,0,0,0,0,0,2,0,0,1,2,1,19,0,3,3,0,6,0,5,1,0,0,1,0,0,1,0,0,0,0,0,0,0,1,1,0,4,0,0,0,1,0,0,0,2,0,0,0,0,0,0,0,1,0,1,0,0,0,0,0,0,0,5,0,0,0,4,0,0,1,0,0,0,0,0,1,0,0,0,0,0,0,1,1,1,0,0,0,0,0,2,1,0,0,0,0,1,0,0,0,0,0,0,0,0,3,0,0,0,1,0,0,0,0,0,0,0,0,3,0,90,0,0,0,0,1,0,86,0,0,0,0,0,0,1,0,0,0,0,1,0,1,0,0,0,0,0,0,0,0,0,1,0,0,2,0,0,0,0,0,0,0,0,0,0,0,0,0,1,2,1,1,6,0,0,0,0,0,0,0,0,0,0,0,0,0,0,0,0,0,2,1,0,1,2,0,0,0,0,0,0,0,0,0,0,0,1,1,0,0,0,1,0,0,1,3,2,4,0,0,0,0,0,1,2,0,0,1,0,26,0,0,1,0,0,10,0,0,0,1,1,122,1,0,0,0,4,1,0,0,0,2,4,0,0,0,0,0,0,0,0,0,9,0,0,1,0,2,0,0,7,1,0,0,0,17,0,0,1,0,0,0,0,0,0,1,0,0,0,0,2,0,0,0,6,0,2,0,2,0,0,0,2,0,0,0,0,0,0,1,0,0,0,0,0,1,0,0,0,0,1,0,0,0,0,0,0,0,0,1,2,0,0,63,0,1,1,3,1,0,1,2,0,0,0,1,6,0,0,1,0,0
"ENSG00000166920.13",92,1,7,37,97,10,16,43,3,89,1,5,26,1115,102,15,13,41,95,4,21,33,20,15,85,9,9,210,12,434,2,10,33,8,11,124,91,11,2,4,5,27,52,3,24,46,4,36,36,3,7,729,17,14,12,566,9,10,154,9,2,529,4,120,61,4,2,3,30,53,131,24,13,2,3,5,260,147,14,36,15,150,34,25,155,8,31,1,19,12,14,69,1,239,3,2,0,10,16,201,48,10,1217,23,35,3,386,9,174,27,20,120,8,112,13,3,65,2,754,8,0,79,1,1,26,16,33,78,2,46,35,4,245,8,18,9,2,5,29,985,6,185,256,13,14,135,192,118,28,59,7,17,4,40,14,294,60,35,6,35,26,14,10,34,64,180,394,202,71,3287,300,44,3,8,19,10,54,28,542,6,2,5,31,411,0,3,172,444,119,120,4,81,140,17,274,1,6,40,0,15,1,13,36,12,6,2,1,873,17,18,43,28,297,108,33,15,5,1,21,10,2,47,5,156,3,29,11,66,235,9,15,9,303,45,6,9,4,8,10,9,56,145,1,5,225,11,3,24,3,9,7,40,5,2628,10,16,4,9,2,595,22,79,2232,53,9,63,97,9,345,43,122,7,67,7,4,6,75,4,2,146,89,14,6,8,393,12,9,70,68,41,36,145,82,27,16,296,1121,1,50,147,65,13,412,2,8,34,7,12,4,5,4,431,4,79,11,322,34,55,4,15,94,266,1,30,12,10,76,5,7,5,1,22,25,13,13,9,3,107,3,0,3,4,181,18,161,4,108,12,36,14,48,95,4,38,135,8,11,35,13,86,12,101,10,29,192,28,67,41,9,41,52,10,62,17,350,5,8,29,0,411,9,17,88,10,85,672,108,136,20,3,300,4,17,99,25,111,95,16,70,10,18,12,23,1,61,2,62,82,55,14,17,292,6,13,53,591,113,50,22,8,5,30,6,12
"ENSG00000166959.8",8,0,0,0,52,2,0,0,0,162,0,1,0,6,201,14,0,109,0,2,32,3,6,0,0,0,0,4,0,2,6,24,0,0,10,1,8,0,0,0,0,14,0,0,0,0,0,0,11,2,0,1,5,3,2,0,0,0,1,0,0,727,1,2,1,4,1,1,2,0,3,0,0,0,0,1,1,1,15,2,1,1,144,99,2,0,0,0,0,0,1271,537,0,6,0,0,0,0,0,375,0,0,102,0,4,0,1,0,43,0,32,1,0,1,1,5,6,1,9,205,0,0,0,0,3,0,0,0,9,30,0,0,137,0,188,0,0,2,0,0,0,55,247,44,26,260,11,0,4,43,3,1,0,43,0,0,0,2,5,0,1,1,44,0,3,0,0,83,0,22,221,0,0,2,0,0,13,1,1165,0,0,1,0,0,0,0,2,0,0,0,0,1,0,22,1,0,1,18,0,0,0,0,1,176,0,1,0,95,0,0,0,8,57,2,5,417,0,0,1,1,0,0,0,0,4,3,1,0,0,0,1,0,1,0,0,0,9,2,0,0,5,0,0,167,3,28,0,0,0,0,0,0,1,528,0,0,1,22,0,4,11,0,208,1,0,0,29,0,0,9,2,1,3,0,0,1,242,0,0,13,0,0,526,1,0,0,2,5,0,1,0,0,0,0,7,1,69,0,0,346,5,0,3086,0,4,0,1,0,0,1,0,2,0,148,23,41,0,1,0,1,2,5,0,6,0,0,0,0,1,0,0,0,1,2,1,3,0,0,0,1,0,1,0,7,7,1,0,1,0,0,1,8,0,0,0,2,3,0,0,0,0,0,0,1,4,0,0,0,0,1,0,0,3,0,3,0,0,4,0,0,1,0,1,394,358,0,0,2,1,0,0,0,0,1,0,0,5,27,87,3,0,0,14,0,2,0,5,0,0,0,0,0,2,0,0,3,26,0,0,1,0,0,0,3
"ENSG00000167080.9",1327,0,0,34,761,105,0,0,1,19,0,0,1,1,2,0,81,1,0,163,26,0,41,1,0,0,4,229,46,6,10,16,1211,0,875,1,1,162,2,1,0,551,0,1,0,1076,12,1,1,0,0,67,3,4,0,810,0,0,215,32,0,3,0,1,0,244,0,0,547,375,0,131,483,4,0,1,1551,12,14,72,0,3,389,1131,1665,30,0,0,39,0,4744,125,0,0,49,0,1,0,2,2026,0,0,760,0,36,3,167,0,136,2,2357,0,0,128,2,0,96,0,70,3,0,6,0,0,20,0,1,7,43,70,1,0,303,23,373,0,1,0,743,0,0,144,121,0,220,12,4,340,84,4,4,10,2,4,0,0,0,152,0,0,0,92,687,596,274,0,19,1146,2388,3272,142,0,0,0,265,1,47,1,6,1,0,24,0,13,0,0,3,216,0,0,0,3,554,1014,84,444,1,88,0,318,0,1,995,58,0,2,0,4606,10,13,73,262,0,0,3,51,0,0,1,1,0,0,3,70,0,0,4,423,693,114,535,1,2,0,0,1,0,0,0,0,11630,0,1,398,1135,23,0,13,1,1,0,1,0,16,0,13,0,10,0,268,4,231,888,0,0,421,147,2,84,0,204,1,137,0,29,5,11,0,0,22,544,3,251,0,6,9,0,5,17,2208,1,2,220,1,11,3,34,1,0,39,2,42,1,1,3,1,0,0,1,0,0,273,2,251,345,1368,0,5,17,104,27,2123,0,423,2,34,0,0,0,0,0,1,0,1,4,2,0,917,1,0,3,0,41,109,694,0,0,1,8,0,5,186,0,7,1,3,42,495,0,694,1,1,0,872,233,0,1,0,0,7,2073,1,61,3,3,0,1426,0,0,15,1,91,0,915,8,0,4,213,4,440,151,0,0,1130,663,4,2,0,8,0,0,0,52,0,1,0,479,3,0,17,0,0,0,0,19,4689,68,3,307,424,0,0,1,2
"ENSG00000167104.11",0,0,0,0,8,2,0,0,0,0,0,0,9,0,0,0,0,6,0,3,0,0,1,0,0,0,0,0,0,0,12,0,0,0,0,11,2,2,0,0,0,1,5,0,0,0,0,0,1,0,0,3,0,34,0,0,0,1,0,0,0,5,0,0,0,0,0,0,0,0,0,0,0,0,0,0,0,6,6,1,15,0,4,0,0,6,0,0,0,0,39,0,2,14,16,0,0,0,32,0,0,0,0,0,0,0,0,0,1,2,0,0,0,0,2,0,5,0,0,5,0,0,0,0,0,0,0,0,0,0,0,0,1,0,0,0,0,0,1,0,0,0,0,0,0,0,0,14,0,0,0,0,0,0,0,0,0,1,0,0,0,2,0,1,3,0,2,5,0,0,0,0,0,0,0,0,0,0,0,0,0,0,0,0,0,0,0,0,0,0,0,0,0,0,1,0,0,0,0,0,0,0,0,3,0,0,0,0,0,0,0,16,0,0,2,0,0,0,0,1,0,0,1,0,0,0,0,0,0,1,137,0,0,1,0,0,0,0,0,0,0,0,0,1,12,0,0,0,0,0,0,0,0,0,0,0,0,22,1,5,0,0,0,409,0,10,1,0,0,0,0,0,0,0,0,3,2,0,0,12,0,63,0,0,0,0,0,0,22,4,0,0,1,0,5,0,3,0,0,0,0,0,0,0,3,0,0,0,0,7,0,15,0,0,0,0,0,0,0,0,0,0,0,18,0,0,0,0,97,0,3,3,0,0,0,0,0,0,0,0,0,0,0,0,0,0,0,17,0,0,0,0,0,1,0,1,6,0,0,32,0,0,2,465,0,0,0,0,0,0,0,0,6,17,0,0,0,0,0,0,0,0,0,0,0,0,89,0,0,0,2,3,0,0,0,0,0,92,0,0,0,1,1,0,0,0,0,0,0,0,0,0,0,0,0,0,0,0,8,0,0,0,0,1
"ENSG00000167157.11",13,3,141,1,16,5,4,1,2,7,1,2,5,35,3,14,18,4,0,0,3,1,2,1,1,0,5,5,0,13,1,6,0,1,2,7,6,0,0,2,0,36,2,1,2,0,1,18,8,0,3,14,1,10,0,0,5,1,0,0,7,9,0,0,0,2,5,0,1,8,2,2,1,0,0,1,575,7,5,6,2,1,53,31,0,4,1,0,54,1,199,6,0,8,1,0,0,5,3,17,1,0,43,0,10,5,1,1,160,5,13,2,13,4,7,0,3,2,10,7,0,4,1,0,4,1,7,5,2,0,0,0,3,2,34,0,4,0,5,0,0,4,27,0,6,8,6,7,222,14,3,1,0,10,5,0,9,5,0,4,13,55,8,4,13,12,30,11,0,4,0,2,0,7,24,0,2,12,830,1,2,49,2,0,1,0,6,7,0,0,5,2,13,2,0,0,1,2,0,28,2,2,16,8,0,2,14,0,4,0,43,25,5,4,44,32,1,0,8,1,2,0,2,0,5,0,4,3,13,8,2,0,5,21,0,4,0,2,0,2,35,5,0,7,9,56,0,9,3,0,1,2,0,0,0,1,2,59,2,4,0,0,6,5,0,1,4,4,6,6,3,0,6,0,32,0,2,1,0,22,0,8,0,0,1,81,1,18,14,9,3,0,2,0,159,35,3,1,0,158,3,6,2,4,5,10,0,0,0,1,0,4,1,127,2,106,6,28,19,0,1,23,1,6,2,78,2,1,1,1,0,8,2,79,0,4,0,7,0,0,1,0,17,133,5,2,5,21,6,0,2,211,3,1,0,0,5,20,6,6,1,3,3,5,193,2,0,197,0,3,0,1,3,3,2,1,1,5,7,1,1,3,1,12,3,0,20,0,1,0,59,0,0,4,109,12,5,21,32,1,0,3,7,0,11,24,2,8,1,41,1,0,1,5,1,0,2,381,6,2,2,0,11,1
"ENSG00000167210.17",9,0,35,5,1,0,0,29,47,0,12,3,2,1,3,2,8,0,4,3,5,2,11,1,37,24,4,13,3,3,23,2,1,9,5,5,4,0,2,2,4,1,27,14,5,2,1,1,0,46,3,6,2,2,27,3,11,15,0,1,15,0,4,8,8,62,27,12,2,7,5,13,4,0,2,0,1,0,2,5,27,4,2,1,8,1,4,3,47,4,10,4,11,0,1,0,3,86,0,1,6,3,5,4,5,5,19,1,21,4,6,1,1,4,26,1,25,8,1,8,2,4,24,9,2,0,1,2,1,1,2,0,4,7,1,0,3,0,7,11,1,17,3,1,5,3,12,0,5,2,0,0,3,3,6,0,1,8,5,2,14,3,8,1,0,2,21,4,20,12,0,5,31,12,2,0,4,4,1,14,1,31,8,6,3,2,13,56,2,18,2,11,6,11,1,3,0,11,0,23,0,30,7,1,4,5,43,0,2,25,7,3,2,9,8,3,14,5,4,39,1,1,0,3,4,0,29,3,1,74,1,29,5,41,17,15,0,2,1,0,36,1,25,4,13,3,1,7,78,4,1,3,0,0,1,5,2,1,0,11,14,8,3,4,0,3,3,2,24,2,8,0,4,1,3,2,6,1,54,1,12,16,0,2,5,2,1,2,2,1,2,1,0,3,3,1,7,9,12,5,4,14,8,4,1,2,12,1,1,4,18,13,4,0,15,2,7,34,26,9,30,4,4,40,1,16,3,2,1,0,8,2,9,9,3,1,4,11,21,7,0,9,18,0,0,7,14,5,4,0,0,3,11,3,4,1,1,2,4,1,32,28,4,10,2,2,0,20,12,1,31,16,1,5,0,1,6,1,52,20,2,13,1,0,0,0,3,3,3,2,1,5,2,7,2,4,10,6,5,0,9,3,13,6,1,14,3,4,1,12,2,0,29,22,1,5,1,3,1,3,0,0,12,1
"ENSG00000167244.21",1758,1,12,13,5260,21836,12,25,8,80,45210,3,7833,7,0,304,5370,3,2,54151,2693,20,58,14,23,16503,4,11,2008,4,71148,2,9,20,1,9,11,14,3,28,0,69,32905,10,51,323,4,4,13,7,2,18,1528,1,849,5,71,11651,1,3,1,1,453,32,18,10827,16,11,10254,12,27,16,9,8,1125,37,221,0,3131,8,17,2,1,4,0,25197,0,1,22,9,360,6,7070,1,60,12,4,79,10503,65,7,28,20,5,17,38293,10,267,7083,8696,6233,23,45,7,54365,3,85615,2,0,3,3,1,17,0,2,9,4,6,52724,44,16,300,2,6,30,52,186,163,6574,8,32,26486,25,39,24165,7,6,1881,4526,1068,17,10,1,34,27,2,1,28030,4,6,4,14,0,9479,1449,19,5,219,21,34,0,10,37,18,82,1287,3,3,31,16,158,28151,4,9,14,3,36,10,1,49,0,3,1410,3,2,103,57,0,2,195,4,9,45618,14,33,2,80,7,5,6,1700,17814,2,5,41163,23,2,2,1,15,43,2,3130,2,783,14,26,8,0,43,58,31,11,14,4,0,102,3,3,12,2682,1,12,1215,4485,14,2,19,51,32,315,24,185,1,22,757,351,851,25,2,115,12,5,9909,27,4087,0,52,1,18,4,501,1,11,18,7360,0,4,1,3,10,0,4,4,103,1545,12,70,1153,20,65,5,1864,7,114,7,13,7,3,4,10,2062,7146,41,230,0,7,7,68,24,16,16495,3,66,24,28,22,12179,17,1,63501,59,15,42315,13,80,13,2,44,6,6,2222,3,4707,9,61,3,10,59079,0,60,19,45,31,0,28,1,2164,124,9,6,7,20,30250,4,588,13239,31,22272,84,8,20,3,11167,10,1521,2,11868,0,2,4,13,0,1,2,1,3,30,54,6,0,19,0,5,24,0,5773,12,2,1357,28616,61,235,21009,2505,23,2,6316,255,23,3,3246,3346,9,4,13,0,7,2,80,30,3,26,18,9,14,0,3,17260,257,33,16,29,12
"ENSG00000167332.9",0,0,2,2,9,0,1,1,7,7,2,10,0,5,3,8,0,11,0,0,0,0,14,0,4,2,1,1,1,1,3,21,2,5,187,6,45,0,0,4,53,6,11,3,0,3,0,20,0,0,2,7,2,2,4,1,9,0,0,0,2,1,12,1,1,1,2,3,0,10,6,11,3,0,4,1,19,9,5,7,1,0,6,4,5,8,3,0,74,4,3,0,1,0,4,0,13,52,0,70,1,0,4,1,3,6,1,0,4,5,5,0,31,7,1,55,11,4,0,3,0,1,1,3,1,0,5,1,214,2,1,1,1,0,5,2,0,0,1,1,0,3,7,0,3,3,3,5,4,2,0,1,3,0,2,1,0,7,0,13,6,3,1,3,11,7,4,1,0,2,0,0,1,0,0,3,5,28,1,0,0,5,3,4,5,0,8,3,6,2,0,2,1,5,4,0,0,6,1,26,1,0,30,5,0,2,3,1,0,0,1,5,2,2,33,2,0,1,11,12,0,3,7,1,3,0,3,0,4,2,2,1,6,1,2,2,1,13,4,3,2,1,0,4,8,1,1,11,3,3,2,1,0,0,0,0,0,15,0,8,2,1,10,1,0,5,1,1,6,1,5,0,3,0,3,10,2,0,0,7,5,3,3,0,4,12,0,1,51,5,2,4,1,1,5,3,3,9,14,3,3,8,2,0,1,2,4,1,1,4,0,2,3,0,1,6,8,10,12,0,1,4,0,14,10,0,0,1,2,0,6,4,3,5,10,0,1,0,0,0,0,7,2,37,7,0,1,15,0,0,0,26,4,3,0,1,0,5,0,1,17,3,24,2,9,1,0,9,1,0,0,8,1,0,1,1,1,0,6,11,7,4,3,3,0,2,3,0,0,2,12,3,11,0,2,5,1,4,1,3,4,1,2,1,16,2,9,5,2,8,4,0,8,0,8,0,0,52,6,1,0,1,11,0
"ENSG00000167434.10",19,6,991,0,1,3,1,272,67,5,203,197,8,2,6,12,10,19,7,5,4,2,14,5,1180,258,1,3,20,3,9,0,0,88,44,4,270,12,48,91,0,24,18,329,21,5,7,10,4,109,71,10,2,6,453,4,550,313,57,2,112,2,423,52,13,39,44,124,2,11,4,1,1,11,64,4,4,4,9,2,134,4,1,25,15,6,0,79,47,20,0,13,15,0,68,1,410,48,8,4,4,9,7,46,1,1,48,1,38,9,1,8,2,3,4,41,1,275,18,13,51,4,158,8,3,8,4,26,39,6,9,3,14,15,0,5,114,0,12,72,3,3,1,4,27,20,2,2,7,1,3,19,13,13,45,15,6,3,15,0,22,21,6,2,75,11,1,35,14,3,6,0,80,22,0,0,0,18,4,8,4,2,8,1,601,14,13,1342,1,267,82,0,18,4,2,8,0,0,270,40,34,305,0,12,12,103,326,0,3,431,4,0,3,4,9,1,21,366,2,7,3,43,13,5,12,4,83,5,0,14,8,26,1,238,99,66,15,330,4,5,405,1,1338,19,19,2,1,6,1398,18,17,16,11,3,2,151,1,6,38,74,114,19,2,11,5,2,17,11,509,1,2,4,4,7,5,32,9,9,495,2,58,39,41,5,545,5,0,34,17,9,3,11,8,47,46,11,4,206,437,5,0,26,29,7,6,3,108,6,0,10,182,0,373,1,44,3,20,4,2,13,10,33,0,10,1,40,13,162,31,6,102,16,4,63,35,4,2,9,533,87,1,163,15,33,3,63,128,3,11,4,2,25,50,2,48,2,3,10,13,1,366,150,15,2,114,154,4,2,125,2,6,56,1,20,4,22,77,8,127,25,137,13,0,3,2,2,1,1,19,8,9,170,6,34,25,4,125,69,27,8,3,1,15,174,10,77,5,2,49,5,0,4,14,137,1,21,19,94,11,6,6,23,84,4
"ENSG00000167513.9",516,15,144,122,839,245,3139,136,29,2530,184,1487,1267,1770,982,125,91,475,428,114,193,11,105,171,165,103,471,990,101,725,1079,1174,719,193,230,557,350,272,1641,620,99,713,378,45,67,198,59,408,11,110,149,607,230,1385,235,747,23,1058,1682,1194,99,930,151,1631,16,509,189,151,2357,1137,968,144,99,16,186,32,1154,272,1717,889,481,343,2171,757,687,154,138,370,143,64,477,507,192,3596,73,19,71,1111,543,1712,173,59,1449,363,357,1428,834,14,2521,344,175,47,77,706,978,171,1704,359,1001,1369,97,728,49,1724,751,6,22,1901,404,706,128,10,1126,123,919,31,261,30,3344,39,55,1960,553,78,158,2444,1015,931,716,793,33,15,225,424,70,894,176,443,685,643,424,587,810,215,448,570,1265,3220,713,2204,237,150,528,2113,295,187,335,812,325,329,35,328,213,594,386,112,515,33,162,1695,223,1277,1161,2294,257,1132,73,398,50,929,393,1928,607,1760,11,1066,65,723,1848,554,114,1049,1722,369,246,842,52,130,196,843,20,1029,427,87,80,14,410,938,62,223,2190,483,315,634,56,1137,42,284,731,354,96,252,94,86,614,811,348,283,115,306,27,205,58,1383,34,597,215,346,245,912,1863,486,1827,2618,13,355,913,10,2713,50,1078,27,1320,27,91,736,2527,49,154,1185,1195,3317,260,50,60,634,14,129,578,333,193,147,187,236,371,1443,2033,147,59,900,1048,199,3754,32,519,68,34,292,400,1339,224,1099,890,552,500,295,1486,471,44,208,356,1183,45,500,544,595,37,172,587,12,681,251,118,316,1785,42,1272,1064,244,139,23,178,92,658,874,663,47,858,720,10,86,820,88,1809,115,39,703,1743,672,103,476,95,216,801,1203,135,808,1194,124,553,1631,492,157,489,1691,189,802,11,64,669,123,494,390,67,216,304,748,251,337,987,633,210,94,447,121,271,334,2103,163,32,198,498,122,68,1596,113,505,856,451,77,286,444,61,38,214,193,223,3961,1473,129,18,60,1407,15
"ENSG00000167612.13",2,0,3,0,0,0,29,5,4,4,1,0,1,0,1,1,0,1227,0,1,56,0,3,5,0,1,0,0,0,0,0,0,5,1,149,2,39,0,0,0,2,3,0,1,1,0,0,0,0,0,0,70,2,0,0,1,0,5,57,0,2,5904,0,0,7,0,0,28,1,0,161,48,1,2,1,0,200,4,7,22,484,13,159,152,209,3,1,0,8,0,249,2557,1,0,4,1,0,2,0,0,3,2,2,0,45,0,1936,1,105,0,404,0,2,0,7,16,0,0,1206,33,0,3,0,0,0,3,2,2,38,2,3,0,1,1,430,1,0,0,11,1,0,0,31,0,6,2,4,0,34,0,3,2,32,0,1,3,0,0,1,67,8,125,701,2,0,5,0,85,4,0,0,1,0,5,96,1,257,11,4,0,1,0,0,233,0,21,0,0,5,0,2,0,0,0,148,0,0,5,10,0,0,9,234,2,0,10,1,19,0,1,2,2,26,7,3,0,0,1,27,2,0,0,0,1,0,0,2,0,0,0,134,5,0,1,3,24,0,0,0,175,0,148,1,7,26,0,0,0,4,3,0,0,1,5,1,62,1,0,90,1,2,2,759,0,4,0,1,0,0,0,29,0,22,0,23,0,4,0,3,0,0,0,1,1,0,477,0,4,0,0,5,0,0,0,3,171,5,1,0,0,0,1,2,2,14,3,0,0,1,0,1,0,33,8,2,0,2,0,36,21,2,1,1,12,2,128,3,1,0,0,4,2,1,203,3,0,0,256,1,0,1,2,0,1,0,61,1,3,200,0,1,266,0,0,1,2,0,0,44,0,12,1,0,0,0,1,0,311,2,0,0,0,47,1,5,0,5,0,0,0,0,5,0,88,4,0,1,0,0,17,64,1,0,1,4,0,206,0,2,2,0,0,1,2,9,0,2,1,0,6,0,0,3,6,10,0,6,2,0,1,0,0,23,6
"ENSG00000167619.13",55,4,11,3,51,15,15,3,1,65,3,64,28,21,646,3,5,132,2,50,13,2,66,18,34,133,447,21,3,14,4,12,24,8,10,151,21,39,31,13,1,5,88,21,3,84,12,3,11,2,1,123,5,4,12,5,8,4,123,12,15,90,0,12,1,451,5,5,3,201,462,6,82,1,33,1,633,106,779,23,81,37,209,7,301,96,4,3,19,5,160,22,2,30,18,2,28,11,360,12,0,3,28,6,10,16,44,1,455,81,18,6,6,6,5,130,133,20,80,12,0,0,3,5,16,2,2,94,10,5,10,1,253,13,142,2,3,4,149,14,1,91,16,2,18,352,52,17,43,21,3,10,79,55,8,15,6,9,24,67,206,35,30,69,166,161,11,36,63,18,284,1,4,11,25,58,3,90,9,0,0,431,65,101,17,7,10,4,61,0,185,169,397,14,18,170,3,2,3,274,0,103,10,5,3,10,2,30,33,0,12,42,81,2,44,99,67,0,23,6,0,4,29,44,5,2,5,12,0,4,294,44,12,7,7,14,0,3,0,32,12,4,38,18,27,192,10,38,3,8,1,20,7,2,4,38,6,84,16,73,49,6,8,292,9,14,13,2,53,1,12,3,96,4,21,29,101,0,10,38,112,6,3,3,3,24,0,8,73,20,4,25,59,8,733,15,74,32,2,69,501,67,764,2,78,1,26,62,24,25,67,143,5,77,29,78,10,10,10,7,14,74,0,218,6,256,5,12,44,1,70,2,10,494,45,2,4,10,9,20,4,8,5,51,70,78,105,223,76,2,3,281,11,71,8,4,25,3,209,12,6,11,3,48,18,20,9,38,6,19,4,512,16,46,98,137,26,3,15,77,23,88,3,22,3,3,25,25,12,5,29,127,2,12,16,302,160,243,143,1,0,181,30,0,13,7,43,1,1,14,7,39,0,5,2,14,22,20,359,12,2,13,2,3
"ENSG00000167653.5",34,0,136,3,1,3,0,0,0,27,0,0,0,7,505,4,0,11,1,1,2,0,1,3,0,0,1,3,0,3,6,11,3,2,408,21,33,4,0,2,6,6,5,1,5,0,5,2,7,20,6,15,0,6,0,2,2,3,1,2,0,13,9,0,0,52,26,0,2,4,30,3,0,0,4,1,5,60,4,3,23,0,44,86,7,2,0,1,53,68,25,4,2,3,6,0,5,0,11,2,5,0,14,1,2,6,1,0,4,3,4,1,3,1,4,7,7,0,2,2,0,2,0,2,15,0,1,2,14,22,35,4,12,2,95,1,133,0,4,7,2,5,16,0,7,29,3,9,50,22,1,0,0,6,2,3,0,4,4,7,32,18,5,31,3,3,6,17,1,1,0,12,10,0,15,0,13,15,4821,1,1,1,0,5,1,2,4,1,4,0,1,57,28,36,3,5,2,41,0,7,0,1,6,38,2,1,0,0,2,3,0,6,6,2,6,17,0,1,3,6,0,3,0,0,1,0,1,1,46,3,7,1,17,5,1,6,0,4,4,1,4,14,2,5,0,0,2,16,6,0,1,0,0,1,0,5,0,0,1,140,2,3,13,3,1,1,11,0,2,0,7,1,3,0,1,4,14,0,6,8,9,3,36,4,0,4,1,4,17,4,2,82,1,4,16,15,6,3,5,1,12,4,0,0,7,2,2,4,1,0,0,5,6,16,2,4,0,2,33,7,0,39,2,5,1,13,3,4,16,1,13,4,3,7,5,2,11,2,0,6,0,3,2,7,0,2,1,5,0,0,0,3,2,1,2,2,11,67,1,1,71,5,24,88,116,5,0,3,2,0,3,1,5,0,12,3,0,0,51,7,2,0,16,0,4,1,22,2,0,1,8,0,0,1,61,2,3,0,55,3,1,3,11,0,32,4,1,2,3,3,3,16,0,0,2,1,0,96,1,3,0,0,10,1
"ENSG00000167749.11",5,1,3,1,0,1,0,0,1,1,0,24,64,0,2,0,0,29,0,0,1,1,1,0,0,0,0,0,1,1,1,0,0,1,105,0,1170,0,1,1,85,1,1,3257,1,1,2,0,1,19,0,5,1,4,10,2,0,1,1,0,8714,1,2,0,2,3,0,952,2,0,16,1,0,1,0,0,1,2,1,1,952,1,0,1,36,0,0,4,0,1,1,15,0,5,1271,0,7,0,1,0,1,0,0,1,0,0,0,0,9,0,0,1,0,24,0,205,1,7,2,1263,15,0,0,0,0,0,0,2,72,0,1,0,0,0,0,1,0,0,1,5,0,1,0,0,0,0,0,0,0,0,2,0,0,2,1,0,0,1,10,3,0,0,0,1,1,2,1,0,20,1,0,0,78,1,1,0,1,38,3,248,0,1,2,0,1268,0,2,0,1,0,0,1,1,1,3,0,0,52,0,0,1,1,2,1,1,1,1,1,0,0,0,0,1,0,0,0,85,0,0,10,0,0,0,0,0,0,487,0,0,6,5,1,10,0,50,317,1,34,0,0,0,3,1454,1,0,17,0,60,1,0,0,0,0,0,0,1,0,0,12,11,2,0,1,2,1,0,0,0,0,0,1,0,0,0,0,0,0,0,963,0,1,2,0,0,0,1,0,0,105,0,0,0,0,1,175,9,4,9,0,1,0,0,1,0,1,1,0,3,0,4,1,0,1,1,59,4,0,1,48,0,0,0,0,0,2,0,0,3161,36,0,3961,21,0,9,1218,0,0,1,0,0,0,2,0,71,47,0,0,16,1,0,1,0,1,1,0,2,0,0,2,1,0,1,92,0,0,1,3,0,355,0,0,0,0,0,0,0,1,1,0,0,0,19,1,0,0,2,1,1,0,0,2,275,5,1,0,0,0,0,0,0,0,2,3,4,0,19,0,1,0,0,0,0,0,0,0,0,2,5,0,0,0,0,486,0
"ENSG00000167751.13",0,0,0,0,0,0,0,1,0,1,0,3,4,2,1,0,0,170,0,0,0,0,8,0,0,0,1,0,0,0,0,0,0,0,1390,1,654,0,0,0,591,0,1,36,0,0,0,0,0,150,0,12,0,8,0,0,0,0,0,0,340,14,91,0,0,0,0,55,0,0,176,2,0,0,0,1,0,0,1,5,149,10,12,0,117,0,1,4,0,1,33,4,0,2,176,0,3,1,3,0,4,0,0,0,3,0,0,0,268,0,2,0,0,0,0,994,1,12,1,29,7,3,0,1,0,0,0,1,1332,4,0,0,4,0,0,0,0,0,0,23,0,1,2,0,1,2,0,0,0,0,0,0,0,10,0,0,0,0,0,1,0,9,0,0,0,4,2,1,286,3,0,1,3,2,0,0,6,428,0,1,0,0,0,0,7,1,0,0,0,4,0,2,0,4,3,1,0,301,0,0,3,1,0,208,0,3,0,0,2,0,0,14,0,2,0,1,1,0,0,54,0,0,0,0,0,0,8,1,0,0,0,2,0,2,2,12,0,7,0,0,0,0,16,0,0,1,0,251,7,0,0,0,0,0,0,0,0,0,14,40,19,0,0,7,1,1,0,0,1,0,0,0,2,0,0,0,1,0,1,2,1,2,0,2,0,0,0,0,553,0,0,0,0,0,120,6,8,0,3,7,0,3,1,1,122,0,0,2,0,0,0,0,0,0,2,2,9,2,391,2,0,0,0,0,0,3,0,294,10,0,86,64,0,0,165,0,11,0,0,0,0,1,1,595,547,2,0,223,0,0,0,0,0,1,0,1,0,0,1,0,1,0,368,0,1,0,0,0,2,0,0,0,1,1,4,1,0,0,0,0,1,324,0,0,0,0,1,0,8,1,0,1,16,0,2,0,0,2,1,0,1,0,0,0,2,0,9,1,0,0,0,0,0,0,6,0,2,1,0,0,0,0,178,0
"ENSG00000167771.6",70,0,27,16,40,13,3,4,4,87,90,8,70,97,369,16,13,16,1,27,21,1,49,16,1,4,5,11,7,7,6,15,13,13,8,12,1,5,2,0,0,259,8,3,24,0,10,12,2,6,1,118,6,4,0,2,10,3,4,1,12,130,0,12,2,44,1,3,20,5,56,29,2,0,12,9,24,18,510,117,15,11,60,15,15,3,3,0,22,0,39,255,3,110,14,4,26,12,20,14,14,13,47,1,33,35,6,7,2371,6,44,24,22,9,17,1,91,3,38,91,0,0,6,4,7,0,10,0,7,45,9,11,734,1,117,9,2,8,6,0,7,33,88,22,14,333,7,12,124,32,3,12,1,8,11,1,1,37,12,7,0,27,9,25,19,11,3,217,1,122,2,4,6,319,11,3,30,129,215,1,3,26,1,5,6,6,28,16,4,1,1,99,43,14,23,10,9,80,6,98,0,2,58,16,4,21,1,10,44,3,26,29,181,5,20,139,0,0,12,4,3,5,2,3,18,2,22,5,5,2,11,3,18,9,0,7,6,3,2,8,27,17,2,13,74,19,0,12,4,2,4,10,4,18,2,16,7,80,7,17,19,5,50,51,1,26,66,7,5,4,19,1,31,7,2,1,57,6,1,417,7,15,16,6,0,38,1,13,4,13,32,7,14,1,30,169,1049,4,8,53,17,11,1919,12,11,11,1,14,33,16,3,30,5,82,39,16,8,33,15,25,49,216,8,18,33,34,10,1,3,4,32,8,11,38,6,5,1,73,3,0,16,1,8,407,80,6,3,5,70,2,7,40,5,170,3,11,61,996,79,40,11,5,8,22,694,9,4,483,4,12,1,6,7,20,4,8,4,1,21,2,4,2,3,19,10,26,120,13,2,8,124,6,6,10,3,13,3,137,39,7,6,1,15,0,60,16,246,7,0,61,14,8,4,6,8,14,2,770,6,15,5,7,47,2
"ENSG00000167780.12",94,58,3,22,44,1369,479,0,200,3,189,264,1282,15,6,63,201,50,2946,13,3372,40,1,322,91,322,36,4,130,93,49,19,643,5,1845,5,61,51,501,174,12,3,198,56,51,867,32,18,52,229,5,3,27,1214,3,150,26,2102,145,74,6,3,1,230,5,37,9,201,310,690,15,1044,1,82,45,163,104,110,2991,290,587,8,10,3665,126,8,463,1510,10,61,3681,59,864,1754,147,54,67,76,7013,17,9,89,8,190,124,121,1800,51,1200,1146,2306,40,2,24,2688,125,78,719,24,590,9,69,43,50,2055,105,28,4,975,5,23,84,2,121,6,98,3,113,8410,3,71,10,139,127,22,2,55,28,1201,6,93,59,497,119,32,13,40,660,500,50,133,488,1541,688,83,308,8286,324,966,2061,35,176,96,86,1489,294,1848,139,6,1,59,8,30,39,13,19,79,13,21,72,3,15,283,15,23,160,141,306,0,34,41,913,1523,129,169,1642,32,234,38,55,39,774,1698,127,1175,183,53,3,108,1044,99,15,1061,27,35,104,142,140,41,1215,16,11,1027,26,25,374,224,2,124,247,63,1064,91,1309,617,197,898,146,2712,2,206,2,84,4,89,3,327,69,164,3,244,160,3,267,36,1442,387,70,149,63,196,23,516,37,48,2404,1441,76,116,1199,16,2688,74,122,1,2059,93,109,1963,191,27,4,27,5,2101,51,42,75,0,20,32,409,1,66,754,62,120,21,97,625,3,406,161,66,360,4,2657,161,1,1535,30,9,188,1393,36,425,46,4,321,33,236,227,20,235,1436,132,464,1413,612,0,141,2,98,21,2585,2,84,299,101,32,28,2,45,1119,13,74,143,0,1761,239,760,932,170,101,4,185,553,4943,34,21,163,35,314,969,9,7,1,60,1,11,1897,371,176,34,25,9,206,717,2045,54,6350,11,56,990,93,121,47,5120,33,80,13,6,112,169,13,39,0,9901,124,5,19,62,133,32,0,1,114,17,2797,73,103,1,0,105
"ENSG00000167880.8",3346,2,41,6,1315,576,15,2,3,13,562,32,15,873,17,48,4,74,0,1091,150,6,28,30,601,19,22,10,0,403,303,888,955,7,137,0,725,1,614,109,6,31,3,2,17,6,7,2,57,1,6,551,4,23,6,2,69,0,1,5,15,23,8,6,15,21,35,4,1,11,1376,18,4,6,4,10,4,51,59,44,895,574,4,1,74,9,1,5,44,25,20,25,4,30,2,3,21,14,7,380,5,1,49,5,9,49,8,30,440,0,752,9,3,1,23,98,20,2,1938,438,1,2,16,2,20,0,5,2,1047,78,21,8,705,3,175,54,19,1,1453,3,58,22,19,6,14,16,25,2381,51,35,40,9,9,98,0,1,2,12,30,91,783,20,57,1203,778,648,6,27,4,1,3,22,3,10,0,672,20,478,7379,6,0,38,5,808,173,0,30,1,383,1,4,5,32,552,291,1194,79,400,2,2,1,4,1527,2,39,118,15,20,5,0,19,34,693,5,66,11,13,34,74,1509,1,2,1,1,6,11,12,7,25,12,8,13,11,6,2,11,53,0,2,2,4,7,12,37,74,40,0,3,2272,2,6,0,0,1,26,13,13,989,4,384,543,4,17,1210,55,18,6,22,47,40,43,0,46,3,6,21,2014,8,8,755,83,15,33,8,8,14,16,6,14,296,19,14,9,4,5,1707,60,12,46,5,54,300,87,2,0,0,0,13,234,709,6,2837,1023,2,1,9,735,870,10,266,573,5640,8,1041,75,241,8,26,11,8,352,1,14,4,952,30,6,12,1,3,1,0,15,2042,41,386,1,11,23,6,181,9,6,113,13,9,239,1596,13,15,657,22,4,1200,97,16,1,12,4,4,5,568,47,11,53,60,30,16,31,82,5,43,658,0,133,145,1105,299,1,18,52,5,3,702,9,1,18,25,316,16,10,1,16,1,14,272,8,28,0,32,75,30,4,4,2,414,31,18,6,16,3,1,12,18
"ENSG00000167900.12",692,201,799,386,779,852,784,751,243,4894,346,6100,3351,7989,6944,352,133,3754,3990,259,658,194,280,539,1166,644,1449,2245,463,2252,700,2247,1503,404,224,1526,1086,436,7087,3248,410,2323,1111,622,379,484,231,1698,134,673,781,2451,950,3681,1037,719,538,1583,6353,1846,606,2360,1845,4927,137,689,830,2391,6819,2090,2013,558,334,152,2335,134,2114,518,3442,1874,2034,1622,2835,1193,2317,325,349,1193,692,229,1743,2384,338,4828,973,136,2069,2277,1967,1822,678,251,4032,637,978,804,1441,237,3039,807,466,171,760,2251,428,668,2464,745,5226,4582,350,2670,352,2726,1113,155,133,4765,616,3629,519,123,3822,400,2730,285,1352,243,2109,154,204,2561,1361,572,436,3106,1652,2259,985,1471,229,118,1051,2030,341,4216,525,1319,4023,2391,1508,1649,4070,437,1683,3935,1682,5708,2184,8305,469,961,1555,1896,975,689,1230,3571,1171,1516,169,809,526,945,1977,948,1550,329,503,4357,604,9668,2527,3467,700,2843,617,1228,1867,1125,586,2372,1524,6645,145,6965,159,1853,3385,1984,300,1202,3675,689,804,2713,616,2016,700,2213,220,1746,2423,175,207,80,1550,2787,416,877,2292,3000,1002,3385,515,4528,327,1485,1871,1518,238,486,706,286,1552,5448,922,1055,936,1916,172,898,271,1743,419,1422,848,852,741,4510,4162,2997,5081,2502,147,840,1691,115,8539,239,1409,115,2942,217,376,762,4863,350,1094,3428,3208,5699,1062,205,606,1311,104,523,1584,1210,457,596,526,1069,3952,5867,6588,1199,871,661,1640,282,2510,225,1935,361,243,591,1076,1725,1184,1684,3091,678,1168,1211,4354,1022,1084,669,620,2084,247,1796,1705,3000,185,2008,657,162,2919,1074,487,926,7952,259,4390,2174,532,3369,242,1326,185,2319,6276,2876,95,872,2184,88,244,7174,650,2195,434,192,810,4626,1278,198,2248,294,769,1526,3643,360,3527,699,1185,1045,1782,1774,1037,2095,6534,575,1124,141,320,2844,530,4183,1023,415,801,2076,2693,634,1939,1971,1071,1179,360,1381,353,577,577,4437,651,171,960,2319,488,151,2147,451,1899,1201,2299,555,586,2839,231,284,1247,581,945,13994,651,348,108,369,10356,147
"ENSG00000167968.13",11,1,2,2,2,3,12,2,5,137,19,78,35,20,67,6,17,11,106,6,40,1,7,6,9,8,6,42,0,48,13,11,11,19,11,6,32,4,183,142,19,14,8,59,23,8,12,9,5,10,8,4,6,32,63,9,18,54,61,7,243,8,94,31,4,6,24,47,12,19,121,12,6,8,15,13,22,44,34,16,105,7,19,27,1,40,5,19,12,24,875,23,11,100,207,1,106,21,52,2,6,9,9,18,44,67,22,3,63,9,24,12,5,6,118,7,13,28,3,69,1,30,5,21,10,4,2,32,9,55,29,3,8,8,51,1,93,10,91,3,4,8,15,5,24,13,34,32,16,48,1,12,4,8,9,12,29,13,25,57,20,850,22,53,3,21,21,31,12,48,33,41,36,28,177,26,22,181,42,35,0,28,9,19,76,27,75,12,33,65,45,15,23,44,10,12,6,17,4,45,2,16,28,43,5,67,2,15,38,13,21,418,16,2,23,44,52,6,13,86,7,26,3,2,9,5,139,14,2,10,19,19,21,42,98,34,7,40,8,4,2,8,445,7,10,43,17,82,67,267,14,9,3,11,5,43,2,39,14,34,46,16,10,24,3,27,2,8,76,4,0,1,48,0,15,21,13,0,51,21,40,24,24,9,282,3,1,24,30,9,11,5,6,123,1195,3,55,44,12,134,37,9,8,4,9,6,11,32,59,36,73,7,29,38,44,64,19,15,4,7,8,18,8,5,13,38,7,67,372,4,93,9,5,25,252,5,144,4,47,7,4,19,9,254,28,10,48,111,7,3,2,23,18,15,19,6,6,9,5,14,36,13,28,16,24,75,3,17,119,21,16,129,7,43,56,8,16,6,4,71,3,5,35,8,12,28,128,11,14,4,121,60,5,18,10,3,56,70,30,0,16,16,15,115,23,5,7,1,1,3,4,15,13,3,4,0,4,30,21,4,8,19,107,11
"ENSG00000167971.16",1,0,6,2,33,1,1,6,2,27,55,35,30,2,10,2,1,0,1,14,8,1,9,3,6,1,0,2,2,0,15,2,4,2,1,3,3,3,1,8,0,23,0,90,0,1,3,0,0,2,1,19,0,94,6,1,2,1,0,4,24,0,0,3,0,18,0,5,0,15,10,0,1,3,0,1,15,5,69,10,122,26,10,6,3,24,0,1,2,0,54,28,7,0,6,0,13,9,209,0,0,0,1,1,3,92,5,3,714,5,20,0,0,0,18,1,8,7,3,16,0,3,1,4,1,0,0,5,4,3,0,0,11,5,19,0,3,1,320,3,2,18,3,3,6,10,3,4,159,2,3,0,4,1,0,3,0,5,7,6,0,1,7,67,2,8,2,19,3,14,0,2,3,38,2,20,0,20,19,5,1,6,11,5,0,0,3,0,7,0,1,1,8,0,15,2,2,2,1,185,1,11,58,4,0,2,0,5,0,0,10,66,7,2,9,15,7,0,0,0,0,2,0,4,2,0,25,14,0,9,2,2,0,8,3,0,0,0,1,0,11,3,14,13,5,118,26,2,6,21,2,0,2,0,1,23,2,0,2,2,10,1,24,102,0,12,1,1,6,0,1,0,26,1,1,10,1,1,30,9,6,2,0,0,14,46,0,2,1,16,6,4,2,0,23,56,85,2,1,9,1,9,27,1,2,0,0,0,10,65,3,24,5,7,5,10,3,6,3,0,2,9,1,124,0,64,0,61,2,1,45,0,0,21,54,0,4,9,80,3,2,4,3,55,7,1,8,2,10,0,0,79,0,406,1,1,10,3,13,0,8,8,1,10,2,4,0,130,2,2,0,1,0,9,13,0,3,1,4,4,1,2,4,0,1,1,23,7,0,12,197,8,1,21,7,6,3,67,4,0,0,1,5,0,1,8,13,0,0,1,5,0,4,3,1,1,1,19,20,2,0,0,21,2
"ENSG00000168032.10",605,0,26,3,4,2,1,1,3,1,0,2,14,37,3,7,3,17,0,0,2,0,56,3,28,4,0,8,1,17,145,213,49,1,4,3,1,0,0,4,0,230,5,2,7,0,0,0,5,3,0,352,1,3,2,2,2,2,1,0,4,32,5,0,0,6,5,2,2,2,1,4,0,0,0,2,8,1,2,7,26,4,726,6,3,9,3,0,34,1,37,8,2,0,0,0,3,3,0,16,3,2,0,6,3,19,1,1,11,1,12,1,14,8,2,0,352,1,0,37,0,4,3,0,2,6,0,0,4,1034,9,5,1,3,4,1,0,0,1,0,0,214,232,5,8,9,1,20,0,0,2,2,3,6,1,2,0,13,4,2,1,3,4,1,165,2,0,0,2,0,0,1,3,6,1,3,3,164,365,1,2,25,1,2,2,0,2,3,8,3,0,33,5,12,9,0,1,1,1,1,4,5,4,8,2,2,5,4,5,5,18,18,1,9,13,0,0,0,5,2,0,0,0,17,0,6,6,9,0,9,11,3,3,8,0,0,5,0,0,0,19,5,15,8,33,0,2,0,12,3,4,1,1,0,2,2,5,2,4,14,6,5,22,12,4,15,180,0,2,5,48,2,6,3,2,0,0,3,0,0,9,2,1,1,1,2,1,17,2,7,2,4,1,2,0,0,3,1,1,0,5,10,1,2,0,1,0,3,8,2,0,88,3,20,22,17,2,2,6,1,0,34,2,8,2,5,1,4,0,0,2,1,1,2,2,6,3,21,0,46,3,38,8,10,1,5,0,15,0,4,1,135,3,1,1,2,295,318,4,0,9,4,2,489,0,0,0,5,0,1,0,3,48,1,18,1,2,0,6,7,1,1,7,0,1,2,134,2,0,3,3,2,0,0,3,7,10,11,22,1,0,0,5,3,41,31,14,5,0,13,17,0,1,3,2,0,0,484,1,6,0,0,0,1
"ENSG00000168065.16",29,81,0,1715,25,13,78,1,330,180,4185,11071,1645,20,1562,61,12,234,5614,6,63,30,14,16,2,3,307,27,77,227,459,75,898,31,471,392,6970,244,6102,5053,0,14,3,10910,233,315,463,201,11,7,442,80,263,389,1290,1806,2808,1,1,0,2195,13,946,6,31,14,0,6223,43,293,15,1242,1,28,0,6,12,44,513,137,3949,54,4,1358,0,6,22,631,621,639,47,503,3,249,4541,7,5199,0,1270,5,968,25,5,502,62,3001,18,32,193,251,74,6,890,46,4,6,6,37,0,4891,396,289,3,15873,398,5,6,1,12,6,138,6,231,1055,406,32,1298,31,66,87,5,25,272,65,73,234,211,7,72,5,22,4,10,1,132,9758,6,152,4701,37,1,2154,157,29,6,2,81,151,38,2,8,577,15328,35,595,2302,974,3467,50,2909,4,3,2629,11,380,1138,0,8,0,0,518,0,29,1627,15,210,22,3241,861,31,19,43,20,290,6,86,3,41,123,4,129,4,2127,1,24,14,6207,2793,3074,15874,7,1,0,22,21,38,1390,316,33,3902,447,0,227,5639,1675,2301,6,9888,314,0,138,529,1245,119,93,376,432,976,1962,4882,47,11,13,412,50,27,133,97,3890,63,146,3,13,7,69,135,573,17,10,22,316,55,37,40,1843,43,89,13,2427,47,4,565,53,55,24,47,6,578,15,120,35,340,20,3233,6926,846,68,1501,0,10,39,11,4,9,3,129,124,467,226,888,2056,28,3679,280,6255,8,3411,27,1119,1466,3,8,11,20,469,9,14,8577,344,33,9706,221,2662,39,2876,36,2503,732,3763,7229,23,10912,26,218,15,0,148,124,48,3,2,29,59,859,331,7,96,31,23,208,0,1,8718,188,6,4,460,164,1769,239,6,1879,17,1487,12,0,0,13,0,24,1,5,1,306,142,620,571,701,173,12,70,3036,41,48,17,2,857,96,615,43,2683,37,106,911,639,1,124,47,1,982,1558,9,15,90,1,2,0,12,40,39,4,0,4954,180
"ENSG00000168078.10",67,1,15,79,583,203,77,71,17,760,49,918,568,792,649,22,27,366,297,47,104,5,88,68,95,1622,98,750,109,192,531,285,153,53,14,1836,156,242,385,204,19,353,960,38,16,121,28,323,14,70,117,718,103,424,233,113,11,1019,883,945,13,402,103,270,20,328,91,41,1712,426,181,163,45,1,116,2,486,85,600,418,151,149,763,142,594,284,67,100,185,10,309,132,168,38,75,15,12,458,329,713,137,21,517,79,134,893,283,15,2186,294,160,17,262,319,108,83,1589,239,1770,858,60,89,39,207,354,0,12,257,244,277,114,10,806,51,371,14,108,7,815,72,15,608,186,62,77,1102,350,146,419,291,23,5,271,452,38,529,41,421,273,166,183,132,528,154,93,428,288,360,572,4220,174,110,261,1117,58,191,95,178,372,232,49,82,172,357,89,152,358,30,153,925,24,1852,621,450,66,431,54,120,103,348,180,493,370,777,1,137,13,634,178,539,36,295,549,213,221,309,71,38,80,620,2,114,187,79,30,9,182,761,68,282,352,126,200,531,22,406,39,72,160,429,61,150,25,59,348,489,290,66,110,143,25,189,57,256,19,281,80,59,44,832,509,323,1755,250,11,145,180,4,933,19,222,5,371,8,60,592,89,5,70,554,532,553,107,15,70,1390,5,73,80,247,71,101,91,33,132,469,808,212,271,116,370,34,1346,7,121,65,33,113,94,552,93,416,181,177,377,453,2883,226,27,126,812,310,26,1134,348,401,12,65,79,8,521,151,68,213,1038,19,306,2110,131,48,1,182,105,308,1415,317,11,50,438,5,84,523,41,545,43,12,283,424,517,63,723,26,201,119,763,53,150,598,53,191,498,181,180,67,360,17,379,1,63,316,27,296,128,26,96,415,416,80,429,227,368,120,25,324,57,165,518,731,70,10,89,125,71,15,824,31,1332,251,198,192,123,178,46,26,172,197,110,2132,198,74,5,48,2039,15
"ENSG00000168124.2",0,0,0,0,0,0,1,1,0,0,0,0,0,0,5,0,0,0,2,0,20,0,0,0,0,0,0,0,0,0,0,0,1,4,0,0,21,0,0,0,0,3,0,5,0,0,0,9,0,0,1,59,0,4,1,0,0,0,0,0,5,15,3,3,5,0,0,7,0,5,0,13,4,0,0,0,0,5,1,34,25,8,11,1,0,0,0,1,13,0,2,13,0,0,0,0,0,6,3,0,1,0,0,1,68,0,30,0,4,0,31,0,16,1,0,2,0,0,4,33,0,0,0,1,5,0,0,0,4,0,2,0,12,0,17,0,0,0,1,1,0,0,0,0,0,0,0,0,3,0,0,0,0,12,2,8,7,0,0,3,0,17,17,0,0,7,1,0,8,29,0,0,2,2,11,1,31,5,0,33,0,0,2,2,1,0,0,0,0,0,3,0,0,4,12,0,0,3,0,13,0,2,19,0,0,1,0,1,0,0,1,0,0,0,0,0,4,0,1,19,0,3,0,4,0,0,1,0,0,19,0,1,0,7,0,61,1,0,8,3,0,4,1,0,0,0,4,4,0,2,0,0,0,0,0,0,0,0,1,0,1,0,4,0,0,0,0,0,6,0,2,0,4,1,8,0,0,0,2,3,4,2,2,0,4,0,0,0,0,2,0,0,0,23,5,5,0,1,0,0,1,0,1,0,0,0,4,0,0,11,2,0,0,3,48,7,30,0,21,3,0,0,0,0,11,1,0,0,0,0,3,0,1,1,7,0,1,1,0,3,0,4,2,1,0,0,0,0,0,0,0,0,0,1,0,0,0,0,0,0,29,0,1,0,0,0,0,0,0,0,0,0,1,0,5,0,11,0,0,3,3,1,5,2,2,0,0,0,0,2,27,0,0,0,0,0,55,0,1,1,0,1,0,1,0,0,9,0,0,18,2,0,0,0,0,0,1,2,0,0,0,0,0,0
"ENSG00000168243.11",1,6,5,2,247,338,94,0,1,47,1769,6,127,1831,2,3,5,2,617,252,4,2,21,5,3,3,923,3,19,35,4,5,49,1,9,129,32,3,2,5,11,5,276,2,0,2,1,4,4,2,2,138,7,335,3198,4,3310,25,0,8,1139,3,1107,4,0,686,46,2404,22,208,10,66,2,3,0,3,227,30,2416,93,994,4,2302,8,176,14,0,2,822,12,88,358,28,9,3088,0,4074,13,39,97,11,2,241,8,19,2067,29,6,1810,10,1173,2,18,1,619,16,16,2,562,17835,2,2,0,4,806,6,2,42,4512,3,33,44,4282,3,55,1,2378,3,5529,1,4,30,27,21,19,12,31,22,5140,8,4,2,2,5,3,1,93,8,176,1,17,3310,3409,101,17,6,89,37,84,7,830,5,0,3,1217,25,15,3639,29,13,2,112,4,2,1,207,5,1,27,61,164,181,43,23,1,4338,8,4,0,667,5,38,884,14,1,9,3,12,33,1,64,1489,6,1,139,346,1197,0,144,7,0,0,12,2,1,5,17,42,33,2008,497,21,16,6457,495,42,0,1,2,24,273,2,2560,9,421,671,234,3827,223,2,2,3,10,16,1,38,0,792,6431,30,5,13,30,3048,2,53,16,4,93,2,19,1,70,23,624,126,492,3,3647,24,64,4797,1,15,1,2093,1,19,79,279,14,4,7,3680,4255,246,13,2370,1,3,1,11,1449,1,820,0,0,3,32,525,125,211,17,349,221,11,73,98,449,1493,5,6,1,2148,12,1312,19,0,2061,0,3449,335,1,1420,99,0,1,9,5806,1493,4,11,0,22,1486,2,0,926,1212,1,176,7520,31,249,2,6,574,11,697,27,33,0,31,544,882,1,5,187,1,6,399,1,9,305,111,0,407,1,6,4,4,6,6,54,41,0,2263,3,1,12,3868,0,1,242,114,4,78,7281,1107,2,1,748,98,160,29,6,7172,322,0,178,7,6,2,9,3,23,151,161,447,6,12,0,201,12
"ENSG00000168267.7",0,0,0,0,0,0,0,3,0,0,0,0,0,1,0,0,2,0,0,2,0,1,1,0,0,0,0,2,29,0,47,0,0,0,0,0,1,0,0,0,0,1,0,0,0,0,0,0,0,0,0,0,0,0,0,0,0,4,2,1,0,0,0,0,1,0,0,0,0,0,0,1,0,2,0,0,1,2,29,0,1,2,0,0,2,0,0,0,0,0,0,1,1,0,0,0,0,0,0,0,0,0,0,0,0,1,0,0,48,0,1,0,0,0,2,0,0,0,8,0,0,0,0,0,0,0,0,0,0,2,0,0,1,0,0,1,0,0,2,0,0,0,0,0,3,0,1,9,6,0,0,1,0,2,0,0,0,6,0,0,1,1,0,0,1,0,0,159,0,0,0,0,0,0,0,0,1,0,15,0,0,4,0,0,0,0,0,0,1,41,1,0,0,1,0,12,0,0,0,2,0,0,15,1,0,0,0,90,0,0,0,0,0,27,0,0,0,0,5,0,0,0,0,0,0,0,2,0,0,0,2,0,0,0,0,0,0,0,0,1,4,0,0,0,7,8,0,0,2,0,0,0,0,3,0,0,2,2,0,0,0,0,0,10,0,0,0,0,0,0,0,0,0,0,1,5,0,0,0,0,0,0,1,0,0,0,0,0,63,0,1,0,0,0,1,0,61,0,0,0,0,0,2776,0,0,1,0,0,0,0,0,1,0,1,0,0,1,10,0,0,2,0,0,2,1,172,0,0,0,0,0,0,0,0,1,1,0,0,1,0,0,0,0,1,0,0,8,0,0,0,0,0,1,17,0,0,0,0,2,0,0,0,0,166,0,0,0,1,0,0,1,1,0,0,0,0,25,0,0,0,0,0,0,0,0,0,5,0,0,0,0,0,0,1,2,1,0,55,1,0,0,0,2,0,1,0,1,0,0,2,0,0,0,0,0,0,0,0,16,7,0,1,2,0
"ENSG00000168268.11",697,56,2053,359,3266,760,69,146,155,1315,704,1031,3142,4348,2278,129,382,1086,334,467,513,77,678,328,561,451,940,599,417,800,2634,1168,888,537,925,522,154,162,2147,1480,72,1878,1987,357,298,158,370,668,104,249,265,2118,149,1114,36,1286,232,1633,1105,687,676,340,711,171,44,2099,207,177,1484,2318,4244,635,302,34,281,99,2146,233,4026,511,918,542,3622,1916,1964,207,142,1153,869,59,1634,893,372,2122,340,44,594,1357,2755,798,586,134,2515,539,583,1309,1727,61,5874,2311,941,444,1428,980,1443,86,8338,485,1266,8360,218,279,310,502,203,46,193,40,375,2723,229,214,1361,228,1011,119,200,100,1979,128,139,4184,638,148,918,2685,534,2247,2685,868,121,125,1663,1692,279,62,138,2943,498,689,295,626,511,938,2989,412,587,10809,631,432,41,226,825,712,403,234,439,2681,1474,954,47,1429,991,754,838,356,1738,606,951,437,166,21546,1083,298,340,2208,167,145,368,1413,272,1700,2595,3403,169,441,753,1080,835,121,509,3885,202,160,729,779,224,63,891,209,77,322,1936,107,239,133,2331,1571,124,962,3795,106,613,1383,35,666,149,591,58,701,573,322,538,286,2127,511,18,297,403,70,121,677,136,221,95,1197,269,1227,2311,524,881,336,1094,4958,119,894,1203,169,275,107,999,110,2013,56,334,836,8871,100,790,637,916,120,106,174,222,6156,68,410,931,454,700,227,910,109,1128,1120,2058,758,406,612,1463,563,18787,307,591,298,116,445,858,4241,851,3533,1492,689,314,672,215,2060,1002,389,3296,805,97,2722,521,1302,275,111,581,112,3826,818,474,1212,357,143,1167,767,1021,240,135,498,263,2919,827,315,165,1360,1507,152,148,2552,129,9211,548,160,2828,1830,964,78,117,624,377,6285,4188,148,446,8399,580,417,396,505,339,102,1446,101,1538,65,378,699,304,568,413,309,163,540,1790,791,46,707,5540,396,97,1365,224,479,294,3048,1271,86,126,521,911,192,386,1663,779,88,104,928,575,125,127,186,433,139,527,15334,1940,341,116,117,13294,114
"ENSG00000168389.18",82,5855,50,422,91,6,16,22213,22744,984,21,47,63,207,517,7468,17,1787,972,189,515,20247,1278,1170,2545,1710,206,2470,25,142,0,95,56,3761,5693,3279,777,920,8,50,5583,387,323,75,8503,826,9583,879,3742,5094,1469,422,17306,17,4362,149,9711,20,2121,8462,196,2452,195,15436,7688,22,6105,350,181,273,275,669,1057,7928,1712,5284,74,668,34,706,160,321,3327,22,1382,47,3303,27,1088,107,701,1429,4,124,2359,6501,3207,5072,13,507,2308,5303,134,22,195,30,5770,6778,261,24,41,4088,7989,3360,22,1579,29,310,108,81,32,1644,2978,8,331,7853,4226,3381,206,635,14857,9482,80,1936,454,13302,484,3788,862,3084,6747,101,412,5849,67,297,37,14,22,84,7236,860,1009,4229,8153,39,2201,510,111,2695,6038,76,10143,82,94,5905,91,88,15056,144,13270,29,56,220,116,163,72,34,2122,55,5974,45,535,413,483,10954,15128,2766,1307,22543,1114,2979,56,92,1000,1405,12397,23,988,34,964,9602,74,315,1858,865,1345,19916,1022,15017,3174,142,98,6355,545,45,58,345,238,1039,10191,12342,11,3157,1838,1685,104,58,6058,108,146,15910,231,438,66,213,3276,452,387,2546,61,1213,1370,2677,131,117,22,1561,218,2307,892,305,11393,15,5352,328,8401,45,28,1650,5274,13624,1684,30,13445,50,59,1380,5827,5594,130,8273,67,15140,570,9,12,4078,1456,4059,3663,13,418,5826,5900,864,987,148,16,2342,9489,2776,26,11,477,20,90,1112,12156,25,2217,23,90,1160,30,186,458,49,105,2,108,9,2861,271,93,72,18,78,12990,317,30,903,6559,21,1707,186,9106,19,484,11466,69,701,7712,286,71,10096,539,179,10,1375,9834,1060,1334,738,371,7533,4543,93,72,2765,12709,287,9314,41,184,6664,7,124,29,16,406,2132,1290,30,213,7982,108,27,2327,87,2085,41,34,37,2542,7323,261,5120,1135,9657,340,1603,3226,2412,29327,3828,178,89,211,431,14,107,6559,19,10,1356,9523,28,879,10032,652,935,269,789,930,63,109,60,8388,4733,1467,8635,8086,8832,1082,55,3314,1186,1122,9072,1943,3134,1217,10878
"ENSG00000168481.9",6,0,322,1,3,0,1,0,2,20,6,593,5,1,15,8,4,20,21,1,115,1,14,2,1,24,180,0,1,1,10,11,71,9,1,11,4,206,2,1,3,9,3,412,6,15,4,0,3,14,1,5,2,85,55,0,19,1,1,1,13,4,17,11,0,0,1,235,3,1,3,2,0,0,5,3,1,6,103,43,827,1,3,498,10,10,1,461,2,2,184,14,0,5,215,1,39,3,53,0,22,8,1,13,11,2,21,8,10,2,64,1,4,0,5,2,2,10,385,257,103,0,3,12,6,2,4,5,11,4,2,2,3,5,68,2,2,3,37,4,4,8,1,25,9,15,0,0,0,1,1,1,2,79,5,14,0,2,61,3,6,18,16,2,0,2,25,14,3,15,37,0,529,0,15,178,42,6,4,0,0,6,45,17,2,5,1,0,0,0,3,0,5,17,2,2,10,2,0,75,4,2,22,1,4,2,7,1,3,0,17,5,181,0,3,19,679,6,1,5,0,0,0,7,0,2,84,1,0,153,11,2,0,618,8,391,3,108,2,2,87,25,33,11,1,96,2,43,290,130,2,5,3,0,8,28,5,14,85,1,25,1,0,1,0,3,17,0,2,2,13,2,0,1,12,0,0,15,151,9,3,6,1,1,0,1,0,9,2,7,1,1,1,51,582,81,13,124,3,9,67,27,5,4,1,0,10,0,106,29,173,19,3,215,117,2,3,0,4,0,13,3,3,2,2,340,1,379,510,3,87,1,2,102,51,2,181,2,6,1,1,126,14,90,1,0,30,4,0,1,1,86,6,4,29,1,2,2,0,3,1,0,353,5,2,19,61,1,107,5,1,4,5,48,4,0,0,4,0,0,1,3,4,0,3,3,3,23,61,5,10,58,4,17,6,4,42,1,77,5,5,5,2,123,2,58,1,0,0,5,2,0,1,1,0,0,0,74,1,10,2,18,31,14
"ENSG00000168505.7",2,0,33,1,1,0,0,2,0,5,0,1,8,5,3,0,1,3,2,0,3,0,8,2,1,0,2,1,1,1,3,0,1,2,0,3,1,0,0,1,0,32,4,0,0,0,1,10,1,0,0,1,0,0,1,3,0,2,2,0,2,13,0,0,0,1,0,0,0,0,4,1,1,0,2,1,1,0,0,0,1,0,2,0,0,3,4,0,13,0,4,2,0,0,0,0,0,19,1,4,2,0,12,0,0,8,0,0,21,0,3,0,2,3,3,1,7,0,2,0,1,0,0,1,0,0,1,0,0,0,1,0,5,3,0,0,6,0,1,0,0,9,2,0,0,0,0,5,0,1,2,0,0,4,0,0,1,2,1,2,4,0,2,1,7,6,9,5,1,1,0,2,2,1,3,0,3,9,0,3,0,6,1,0,0,0,5,0,1,0,0,1,0,0,24,1,0,1,0,8,0,1,4,1,0,0,0,0,0,0,0,4,2,2,9,0,0,1,2,5,0,1,0,0,0,0,2,0,3,2,0,0,2,2,0,2,0,0,0,2,3,0,0,3,3,0,0,0,3,0,0,0,0,1,0,0,0,15,0,0,0,0,0,2,0,1,1,0,3,0,3,0,6,0,0,0,4,0,0,0,0,0,0,0,0,0,0,0,0,4,0,0,0,1,11,47,0,0,1,2,0,0,13,1,0,1,0,5,0,0,0,1,0,0,2,7,0,4,6,0,1,0,0,1,0,0,0,0,0,0,6,1,2,0,0,0,2,6,0,1,0,1,6,3,0,0,0,1,0,0,0,2,0,4,0,0,1,37,2,1,3,2,1,5,5,0,5,1,0,3,2,0,0,1,2,0,0,0,0,1,1,4,0,1,0,0,0,0,1,1,1,0,0,1,0,2,2,2,2,0,0,0,6,0,0,1,3,2,0,13,0,0,1,0,0,26,0,42,2,0,0,0,2,0
"ENSG00000168646.13",848,56,177,44,154,86,9,25,83,64,2250,4874,4476,559,51,48,24,206,3107,86,73,66,72,37,423,93,24,32,30,246,408,82,136,136,13,352,1737,44,6331,10167,11,172,76,1704,324,1,50,402,31,8,147,74,83,1484,1223,11,1966,65,5,10,1458,65,1517,41,56,171,13,3510,30,21,130,151,59,69,16,196,147,65,2691,40,4430,406,50,44,31,15,32,1070,131,56,92,1532,66,9,1010,41,3323,52,2979,196,262,348,47,839,104,811,108,58,212,120,44,91,277,100,85,93,208,605,140,6435,219,15,13,537,88,63,62,2,74,163,123,76,142,99,63,86,1276,165,29,34,64,170,174,130,183,122,185,19,62,10,100,92,156,64,97,1897,195,101,2621,128,39,202,19,113,68,299,22,62,49,39,84,14,4476,63,229,407,174,2438,874,2074,97,56,1239,40,1252,101,31,38,77,125,288,149,12,311,255,63,151,187,87,42,64,22,187,202,60,115,11,85,69,15,153,61,28,10,97,229,1103,826,228,1160,106,4,16,33,183,70,2708,12,8,2084,14,10,123,2838,344,3619,118,792,5,25,135,70,1186,76,45,710,311,100,758,4287,44,47,90,76,145,24,86,61,8275,494,69,21,573,198,102,180,83,120,548,73,107,73,126,72,154,77,77,38,760,36,5,958,27,32,452,90,42,48,12,111,248,316,55,1524,1143,44,115,931,37,326,121,3,475,122,25,72,251,214,6,1811,5175,152,949,96,1156,214,3910,180,237,80,161,89,106,27,43,4,128,6344,575,47,6504,34,134,101,4041,72,4256,191,1848,681,64,2341,41,85,17,9,160,29,69,56,255,100,521,608,579,103,193,111,191,65,6,138,1737,16,629,70,16,35,849,26,7,4995,25,2413,80,6,330,28,55,14,5,29,22,21,217,19,809,110,5,10,159,3642,61,86,30,67,573,1520,1463,61,34,21,79,677,235,247,95,10,1,511,173,16,12,110,137,11,9,431,16,349,96,84,8314,51
"ENSG00000168754.15",23,0,77,2,2,0,0,1,3,9,0,1,84,1867,1169,2,0,418,0,2,1,3,15,1,219,0,0,56,1,6,3,7,461,1,0,2,1,0,0,3,0,5,0,2,3,0,1,394,4,0,0,709,2,22,0,0,2,3,0,0,4,0,0,3,1,0,0,1,1,1,1256,3,2,5,0,0,1,4,23,44,123,464,1,1,1,0,0,82,8,16,5,4,227,1,1,0,3,216,5,5,2,0,10,0,3,1,3,0,882,2,3,2,0,5,0,1,3,1,1,2,0,0,1,4,42,1,4,0,0,2,2,2,161,3,4,3,0,1,0,25,0,7,1,0,2,724,10,4,1,7,7,2,2,1,3,0,1,2,2,520,135,0,1,1,5,414,948,10,0,372,0,1,0,613,3,1,1,1,4,1,0,3,256,20,173,0,646,0,0,2,1,312,2,5,48,0,0,0,0,0,0,2,9,24,1,506,36,0,744,0,2,0,0,220,7,4,0,0,716,54,3,5,2,0,0,0,1,0,0,1,3,5,4,4,0,9,0,0,0,1,2,5,0,0,3,0,0,0,3,1,1,1,0,3,0,3,0,17,0,990,3,0,6,13,3,3,2,2,499,1,152,0,41,0,0,0,1121,0,0,7,15,37,0,1,0,2,5,1,0,1,9,1,2,0,2,1122,151,1,1,10,0,5,386,1,347,1,0,20,10,3,0,5,1,5,5,4,10,9,3,264,1,14,0,10,2,1,3,1,2,0,14,0,74,1,0,7,2,2,2,1,0,0,6,1,767,10,57,0,179,3,5,16,3,33,1,5,0,15,1,0,1,8,3,3,18,0,0,1,1,11,0,46,0,184,2378,0,1244,6,1,101,167,334,4,1,1,55,2,1,0,2,1,0,1,1,1,2,2,1,4,0,0,1,2,0,3,29,0,16,0,5,1,0,1,0,52,1,20,7,2,3,1,1,2,2
"ENSG00000168779.20",5,2,0,15,8,0,6,1,9,29,1,3,6,137,49,4,0,13,1,2,30,2,4,2,10,4,3,8,3,16,10,27,20,6,3,0,27,14,7,0,12,1,21,17,5,3,6,7,6,0,0,30,2,0,2,2,2,3,4,1,1,44,0,7,4,8,6,7,8,3,8,12,6,1,4,2,158,6,40,18,5,12,10,7,18,1,7,0,6,4,9,77,30,2,0,1,6,26,9,395,6,5,55,0,5,11,1,0,311,270,0,4,2,30,9,5,57,12,7,5,0,13,0,0,17,0,1,2,4,51,9,2,32,6,4,0,2,1,2,3,1,76,34,1,10,22,22,2,13,2,3,1,5,24,25,2,1,6,0,14,19,11,77,0,11,7,79,11,0,92,22,0,1,4,6,0,230,19,254,17,0,1,19,10,2,5,5,41,2,5,4,413,8,9,10,5,2,4,2,51,0,3,10,15,0,11,3,22,2,2,1,2,36,15,8,6,3,3,25,23,1,11,4,11,0,0,0,524,19,2,6,2,15,4,2,22,1,2,6,28,0,12,2,1,25,20,4,2,17,1,3,6,4,16,1,1,1,9,2,1,6,3,1178,8,2,3,8,1,28,0,14,0,7,3,13,1,11,0,0,236,6,4,9,0,0,1,0,2,20,98,2,0,13,22,0,25,36,4,6,9,14,1,178,19,31,4,6,0,2,4,1,8,2,17,13,15,48,27,4,24,13,23,0,22,7,1,1,0,9,0,21,11,24,0,4,6,2,5,0,0,6,14,7,4,16,5,4,14,9,0,3,3,4,34,5,6,0,48,4,21,9,19,5,8,287,1,13,2,5,14,4,6,0,2,28,10,11,2,1,6,3,9,12,4,2,96,2,18,27,4,7,1,1,4,0,19,17,23,12,0,9,12,9,0,14,193,10,7,0,3,7,0,4,0,23,18,14,1091,23,3,1,5,33,3
"ENSG00000168785.8",264,46,203,80,297,50,41,64,55,348,7980,17802,3461,373,143,99,119,136,24,69,92,78,257,87,82,67,18,272,136,517,276,139,87,80,102,484,199,25,5850,4442,50,153,147,7177,165,54,45,120,147,116,112,595,91,1206,6673,63,488,57,72,17,697,298,36,29,29,175,73,2711,80,260,96,149,120,32,50,69,86,64,1100,220,1396,39,138,84,52,146,64,762,2276,54,71,105,32,29,1207,18,4415,265,444,133,73,55,179,103,94,149,104,40,287,163,112,220,282,95,86,32,163,290,141,788,610,48,46,66,76,29,91,40,70,272,44,107,58,74,49,102,2499,178,49,19,29,174,622,59,141,959,208,113,79,368,144,66,45,339,80,40,42,176,2696,46,173,17,61,80,67,209,293,301,22,73,60,29,167,655,64,104,104,40,440,451,76,349,165,68,2837,53,196,276,446,18,66,3845,99,99,33,118,52,75,33,484,30,59,223,255,78,112,149,125,109,46,166,127,49,47,255,297,1884,38,131,133,67,29,78,57,62,97,3931,146,48,1204,64,67,195,4120,74,835,23,67,27,55,353,57,3343,127,230,547,9,73,522,19,68,60,60,319,62,105,74,111,4594,865,88,124,220,54,102,88,51,79,89,27,97,38,74,39,47,18,118,30,4112,106,65,63,30,48,48,319,84,184,63,121,230,132,93,49,4696,66,995,2185,126,417,70,129,126,168,81,57,35,147,35,59,506,121,26,58,176,495,184,511,451,48,151,94,71,241,106,41,79,5153,394,19,2823,135,87,38,139,128,61,163,5477,53,149,1647,124,38,55,62,90,80,162,58,52,2096,126,53,40,51,49,127,108,16,63,213,1342,357,1671,49,93,211,92,49,54,971,27,2763,387,36,796,31,172,66,28,115,22,75,97,33,374,49,126,15,66,1099,36,59,30,38,257,3449,927,50,45,37,139,48,681,194,27,165,68,1649,146,57,80,49,102,201,214,2301,443,155,183,23,1273,61
"ENSG00000168843.14",0,5,1,0,0,0,0,0,0,0,0,1508,0,747,329,0,0,32,0,0,0,0,3,48,154,4,0,104,6,2,2,11,5,289,1,22,51,7,862,856,1,2,19,8,0,0,0,9,1,0,0,422,0,103,0,0,3,0,631,0,0,1197,0,49,0,0,2,0,3,0,995,8,76,0,0,0,3,0,31,164,6,518,2,0,124,0,0,62,0,0,0,161,3,0,0,0,0,312,8,0,0,0,6,0,0,0,0,0,63,431,0,2,1,2,0,27,0,44,42,611,3,219,0,2,2,3,15,10,0,3,12,15,28,0,0,0,0,1,69,3,0,1,10,3,0,16,3,0,1,0,18,3,0,174,18,0,37,9,374,146,51,0,4,0,0,247,6,4,1,358,0,0,73,31,0,1,0,87,0,1,0,1,623,0,2,1,86,2,0,21,0,2,0,74,292,0,0,0,0,0,74,1,1,1354,0,457,1,1,25,2,0,0,16,1456,5,4,0,0,45,969,0,253,3,1,0,0,124,360,0,0,1,4,1,0,0,805,9,0,2,381,0,1,1,0,2,2,193,3,0,4,0,0,2,0,1,0,53,0,18,105,109,432,1,346,1,0,1,9,699,3,99,2,125,0,0,0,21,1,0,47,114,20,239,0,0,0,0,0,7,13,6,0,0,5,0,14,1451,0,0,0,0,0,424,3,2,0,4,7,25,340,150,0,4,1,31,0,908,1,0,228,1,0,6,18,50,0,1,0,82,0,389,0,12,0,0,1,0,6,1,0,0,11,21,0,229,574,2,0,3,3,2,2,0,771,0,0,1,0,0,1,218,3,2,0,0,90,0,1,0,9,0,5,1,5,650,1,480,2,1,7,307,378,185,0,0,0,0,111,11,0,0,0,7,0,0,171,3,415,1,1,3,0,0,4,0,0,203,3,119,0,21,0,0,12,364,0,61,8,0,0,51,0,0,2
"ENSG00000168903.9",1,0,9,11,0,4,0,8,4,0,0,0,0,0,0,0,0,0,0,5,0,0,0,3,0,5,0,352,6,1,253,0,1,93,1,0,18,617,0,0,5,0,0,0,2,246,0,0,2,1,0,11,29,0,2,0,0,0,0,0,4,0,1,0,0,1,2,3,1,3,4,55,1,2,3,6,259,264,8,0,9,0,6,488,0,0,37,2,0,19,28,13,0,0,7,2,2,2,0,804,40,9,252,0,0,1,2,6,12,0,0,1,0,0,3,73,58,0,5,0,0,0,0,0,119,0,0,0,1,0,25,0,29,13,0,22,0,5,0,5,20,16,26,0,0,43,2,0,0,1,10,0,1,1,5,0,0,4,0,1,0,0,0,442,0,0,18,0,0,29,1753,128,9,0,0,32,62,0,0,0,5,4,0,2,1,4,4,0,5,0,0,6,0,0,6,0,0,0,1,213,0,1,2,63,0,2,0,0,2,0,12,0,0,0,0,0,0,0,8,0,0,0,0,36,0,3,7,1,1168,1,0,0,91,0,0,0,0,0,4,0,0,50,3,242,1,0,0,0,3,3,2,1055,1,745,7,32,4,101,1,216,1,0,4,17,0,313,19,2,5,0,0,7,30,0,1,0,38,4,8,106,1,0,0,6,1,0,0,1,0,0,0,0,0,0,0,34,206,3,3,0,10,0,0,1,0,0,0,47,149,0,0,121,0,1744,92,1,0,10,1,24,186,0,4,1,10,2,9,1,0,0,3,7,25,0,4,0,1,1284,1,0,0,0,4,1,0,120,0,4,0,1,5,0,0,0,10,0,3,0,0,0,0,0,0,0,0,0,80,0,0,0,94,0,333,0,2,0,0,1,0,0,0,33,2,0,0,226,8,0,0,16,0,0,0,0,1,0,1,1,21,2,3,1,2,0,0,0,36,3,0,0,0,0,4,8,27,0,1,1,0,0,0,0,0,9
"ENSG00000168907.13",919,0,0,0,68,220,0,0,1,186,0,0,1,2,1,4,93,8,0,4,3,1,8,0,0,3,3,1,1,0,0,2,6,1,15,0,29,0,0,0,1,646,0,0,1,7,0,0,5,1,0,3,0,2,1,2,0,0,2,0,0,28,1,0,0,9,1,0,1,1,9,0,0,0,1,0,0,0,7,4,23,7,2,40,1,4,0,1,4,0,87,12,7,0,0,0,0,0,10,2,1,0,4,4,19,4,7,0,8,0,80,0,0,1,0,5,3,1,10,19,0,0,3,0,4,0,0,1,151,8,1,0,4,1,25,12,3,0,4,1,0,23,3,1,0,9,1,355,8,58,10,1,0,12,0,1,1,0,0,0,0,79,6,13,86,1,39,39,0,0,0,0,1,266,7,0,2,3,314,0,0,2,8,3,0,6,8,0,0,0,0,0,0,1,46,0,6,5,1,32,0,3,306,1,0,1,5,5,0,0,5,7,0,1,2,60,0,0,0,1,0,0,0,0,0,1,5,1,3,10,0,1,1,1,0,22,0,0,0,0,5,15,0,3,120,0,0,4,0,1,0,1,0,2,1,4,1,22,1,91,2,0,3,2,0,53,3,1,0,0,0,1,1,0,0,0,0,0,0,11,0,25,0,3,1,0,7,4,2,2,1,8,6,0,1,7,4,2,0,454,3,0,7,0,0,0,0,0,0,3,0,12,2,19,7,4,1,34,4,0,45,223,0,5,0,1,3,5,1,2,0,1,0,4,6,3,0,10,0,24,0,0,1,600,4,0,0,1,2,0,5,11,1,12,0,0,4,34,0,0,5,9,2,102,71,1,4,0,0,5,0,1,0,2,1,2,2,0,2,3,0,3,16,4,0,2,12,3,0,0,26,0,1,491,5,1,10,1,4,0,1,0,11,0,1,0,2,1,0,0,1,1,0,0,0,2,0,1,14,4,1,0,0,2
"ENSG00000168955.4",1,0,8,9080,7,1,4,0,1,10,1,3,3,1782,6415,3,17,220,1,2,23,0,2,12,1,1,0,975,2,6,5,143,5,13,6,0,796,5,1,0,0,1,3,0,7,1938,2,5,1,2,1,2,0,36,0,11961,5,0,10463,1,850,1,0,1,0,0,54,2,5,2955,1,5470,0,0,1,0,195,5256,58,489,22,391,7,875,43,1013,0,1,0,16,12,8,1,0,0,2,16,1,1,2376,7,3,1954,0,56,9,60,0,130,10,6,10,2,6092,562,0,5,1,0,32,0,48,0,1,2,3,128,1,0,1,31,0,224,138,1251,0,1,1,1,0,2,2,12,4,10,59793,32,0,0,0,2,1,89,4,0,1,0,81,0,830,0,1,3,213,1,0,4,944,732,2698,255,9,420,1440,11,0,5,0,2028,0,1,353,184,0,0,23,66,3283,0,321,2082,2,21,54,119,14,1,2,0,430,0,644,0,13247,0,1,2,4168,0,2,23,0,0,0,229,0,0,1,66,681,0,0,0,14,0,1,2,5724,25,8,36,0,4,0,0,2,0,0,18,1,283,5966,355,2469,4,0,1,0,0,4,1,2,5,3,3,1,2,60,0,523,157,3798,1581,1,1,483,2080,1,0,1,1,3,2,1,262,18,1421,0,2,19,300,3,8,0,0,3,2,5,0,87,0,36,3,0,2,24,53,2,0,1,264,414,3,0,53,1,0,40,1,0,0,2,1,53,1,1,0,0,0,21,2,6,0,3,2,0,4,1,0,3,2,10,1272,201,0,0,1,7324,0,0,2,0,9,0,1382,791,45,76,7,2,0,107,6,11,0,0,2,3,9,1,1,1,0,5,3,0,177,1,253,2497,0,11,17,2,1,0,3,2,0,960,0,1332,0,43,0,58,2,108,2,652,5,37,0,7,5,1,7,2,0,0,13,2,2323,0,484,0,14487,1,24,0,18902,0,1,0,2711,0,1,0,18,1,1,0,1,10
"ENSG00000168959.14",14,0,0,2,0,0,0,0,0,0,0,0,0,17,3,0,0,1,0,0,0,0,0,2,0,0,0,6,0,19,0,3,0,0,0,0,4,0,0,0,0,2,1,2,1,0,0,4,0,0,0,1,1,0,1,30,0,0,3,0,0,1,0,0,1,0,0,0,1,7,210,0,2,0,0,0,132,0,0,0,0,0,0,0,5,0,0,0,0,0,0,11,0,0,0,0,0,0,0,4,1,0,8,0,1,0,0,0,2,0,0,0,1,1,0,0,0,0,0,0,0,0,0,0,0,1,2,0,0,0,1,0,0,0,0,0,55,0,0,0,0,4,9,0,1,30,0,0,0,0,0,0,4,1,1,0,0,0,1,3,1,0,6,0,0,0,0,9,0,3,0,0,86,2,0,0,0,0,6,2,0,0,0,0,0,0,0,0,0,0,3,0,1,1,13,0,1,0,0,0,0,1,1,2,0,1,0,0,2,0,0,0,0,0,1,0,0,0,5,0,0,0,0,0,0,0,0,3,1,0,0,0,0,0,0,0,0,1,0,1,1,0,0,0,2,0,0,0,0,0,0,1,1,0,0,0,0,0,0,3,3,169,4,0,0,1,2,0,0,1,0,0,21,0,0,0,41,0,0,0,0,0,0,0,0,1,0,0,0,0,3,0,0,0,0,0,2,0,0,0,0,0,14,0,0,0,0,0,0,0,1,0,0,0,2,1,0,0,0,0,1,46,0,0,1,0,0,0,0,0,0,0,6,0,0,0,0,4,0,0,0,0,0,0,0,0,0,0,0,0,0,12,6,1,0,1,0,62,0,0,0,0,0,2,1,0,0,0,0,0,0,0,0,0,0,0,0,0,0,2,1,1,0,0,1,0,0,0,0,0,0,0,1,0,0,0,10,0,3,0,1,0,0,0,6,0,2,0,0,0,0,0,0,0,12,0,0,5,2,2,0,0,0,1
"ENSG00000168995.13",22,2,6,31,41,16,11,22,7,56,19,28,144,367,78,159,19,12,17,30,101,159,23,46,19,6,8,9,12,45,11,40,67,57,9,304,92,25,6,10,4,52,52,13,128,3,6,51,56,68,26,183,135,57,30,4,89,23,26,7,21,101,7,58,54,15,44,11,55,40,47,51,10,46,4,104,12,2,17,110,29,7,20,33,10,18,4,4,51,5,29,21,13,5,4,53,30,52,27,111,54,112,67,12,28,24,14,122,32,22,47,382,27,65,32,12,41,15,13,66,7,7,23,21,54,67,56,4,8,50,61,158,29,18,14,175,9,102,21,8,47,56,53,128,52,84,69,2,51,39,49,293,26,17,93,26,8,59,7,27,50,11,31,21,3,103,315,11,14,41,7,10,68,23,7,45,57,23,86,60,112,71,16,42,5,28,51,44,8,16,17,490,156,80,54,4,69,9,3,43,8,19,190,19,125,19,28,16,27,26,98,47,40,9,83,92,9,13,45,72,36,6,1,23,37,70,12,92,4,34,23,35,292,63,1,108,121,26,51,44,68,62,14,32,46,12,4,13,23,32,29,3,30,35,151,43,104,10,45,16,69,78,86,13,274,8,8,207,37,110,92,111,83,174,13,21,28,81,15,66,9,29,9,62,13,23,110,67,11,56,157,56,30,26,23,26,90,15,43,36,65,34,32,343,5,39,35,74,2,38,28,23,9,10,43,57,94,252,16,40,40,31,47,11,64,9,116,5,30,76,31,118,51,34,25,134,13,55,42,4,133,61,23,5,38,19,42,14,61,249,181,117,108,112,8,167,19,7,54,1,12,152,19,5,32,22,3,104,18,8,83,28,7,74,16,8,10,137,70,19,16,89,3,19,136,25,101,21,23,9,16,7,62,41,2,23,37,11,102,84,30,5,46,7,237,607,41,212,23,51,84,27,44,19,21,5,22,262,39,192,168,45,13,73
"ENSG00000169059.12",1,0,0,0,1,0,1,0,0,0,0,0,0,436,0,0,0,6,0,1,0,0,5,0,3,0,0,7,5,4,2,0,30,1,1,0,0,0,0,0,1,0,0,1,1,1,2,10,0,0,0,30,1,143,0,0,0,0,8,0,0,178,0,1,0,0,0,0,0,0,95,0,0,0,0,0,0,2,1,52,30,84,1,0,1,0,0,3,0,2,0,8,0,0,0,0,0,13,10,4,0,1,0,0,0,1,0,0,4817,2,0,0,1,6,0,12,1,2,12,9,0,19,0,0,0,0,1,6,0,0,1,1,92,0,0,0,0,0,9,2,0,0,18,0,0,0,0,0,0,0,0,0,0,28,2,0,11,1,1,4,3,0,0,0,0,16,1,0,1,36,20,13,0,50,0,2,0,1,0,1,0,6,0,0,6,0,0,0,0,58,0,0,0,23,10,2,0,0,0,0,0,0,1,38,0,102,0,0,41,0,0,0,0,287,6,54,0,0,8,0,0,8,0,0,0,0,1,0,0,0,0,6,0,1,0,0,0,0,1,1,2,0,1,0,0,1,0,0,0,0,0,0,0,0,0,0,0,0,3,0,15,1,0,880,0,0,0,0,16,1,14,0,813,0,0,0,0,0,0,28,0,20,8,0,0,0,0,1,0,0,0,0,0,0,1,8,110,0,0,0,0,13,3,0,135,0,0,1,5,6,0,0,1,0,0,0,4,0,1,2,0,2,0,0,2,0,0,0,1,0,5,0,0,0,0,0,0,0,0,0,0,0,2,0,117,2,0,4,3,0,0,30,0,203,0,0,0,0,0,0,2,0,0,0,0,0,0,0,0,2,0,8,1,22,14,0,5,0,0,1,3,1,2,0,0,3,0,6,1,0,0,0,1,0,1,0,3,8,0,0,0,1,0,0,0,0,3,2,3,0,0,0,0,0,5,0,23,2,0,0,0,0,0,0
"ENSG00000169213.7",321,1,0,324,453,864,271,1825,154,42,11,9,14,310,25,62,2413,11,52,122,1375,196,751,784,28,255,59,47,51,1165,58,974,1304,609,645,955,1316,583,1,30,20,132,411,30,50,231,751,364,66,9,0,6902,33,235,4,82,4,950,1,1244,203,644,7,1205,576,1248,59,36,2223,137,252,939,1589,29,6,13,1429,1038,890,1409,780,849,959,2418,879,1926,292,797,57,359,2312,1621,866,686,31,0,6,56,1492,65,329,9,160,65,1357,154,617,18,1852,382,816,6,254,41,239,1086,684,955,1565,1881,37,29,7,18,707,30,32,298,627,36,913,3,99,477,1954,18,11,9,1526,2506,48,686,1632,135,230,2082,1523,1810,121,43,17,10,38,22,198,8,179,3912,61,38,208,1439,5684,2278,260,37,4317,214,135,5481,1068,417,2012,181,871,87,874,103,513,410,4,4833,654,665,7,1004,41,175,897,109,9,1172,524,183,461,73,16,667,30,2190,400,1528,3064,866,12,409,4,242,483,3,413,2326,424,2228,1263,16,39,9,361,775,4,24,240,1110,26,26,1268,35,623,752,1011,170,339,94,4,1488,9,3,680,980,696,1221,581,2345,1236,49,133,63,1387,15,6,91,10,315,3,18,2,528,660,1349,1219,200,1335,712,130,1135,285,4,34,28,1319,10,359,5,1472,249,63,3,252,2381,36,667,5,13,0,274,6,200,416,1147,43,1138,254,55,98,1679,1195,79,4770,23,617,210,1445,2,513,992,0,738,416,286,35,551,111,1621,3948,198,1271,504,602,164,98,561,5,50,274,11,88,2,749,11,20,83,326,57,1822,22,832,7465,4,17,1,3,2524,105,384,106,5,291,78,11,5,2585,14,1206,280,81,894,186,278,1568,161,124,156,1095,17,108,280,3816,55,781,2959,496,257,38,907,694,4111,116,3187,2,43,39,1843,1439,479,1772,319,1296,899,1540,1771,176,53,1054,249,204,232,429,282,27,62,3,183,400,54,3,390,3214,44,51,634,41,34,128,3580,1465,719,27,1046,262,8,811,1553,189
"ENSG00000169258.7",247,2,70,104,239,75,27,57,152,602,270,337,136,1153,677,64,28,332,2,129,254,14,103,113,31,65,128,162,27,337,314,722,297,98,74,1528,254,66,317,377,2,254,340,53,45,5,94,195,20,23,13,250,82,203,417,71,121,64,18,59,24,669,78,42,58,293,14,90,314,503,167,117,56,6,14,4,443,50,586,401,379,312,301,253,379,34,19,4,127,21,262,555,45,39,150,8,430,25,1729,327,77,17,164,30,173,97,71,34,567,404,69,45,157,114,57,107,543,57,492,553,45,68,9,355,58,12,24,137,65,813,86,10,458,83,489,17,312,9,504,50,18,346,891,44,233,988,459,234,74,477,10,16,98,348,36,415,185,298,469,185,103,200,340,155,94,52,430,359,204,95,36,101,12,124,41,107,222,77,192,170,11,257,301,247,73,107,29,21,11,143,489,365,240,661,190,271,25,669,4,369,10,440,271,169,7,148,13,126,89,165,67,116,880,106,116,956,93,3,113,164,2,30,16,159,13,10,22,132,28,246,243,122,119,54,11,462,5,14,41,135,140,98,94,92,262,398,84,145,55,23,35,99,4,339,23,237,26,145,470,234,117,33,229,162,73,88,247,6,140,11,179,17,66,35,84,17,335,7,89,239,77,130,303,13,23,38,17,38,70,98,77,142,49,970,567,365,636,48,107,59,571,21,67,34,43,38,72,98,209,60,12,237,168,415,201,436,248,135,112,92,292,394,8,138,100,249,87,3,94,12,474,43,62,255,171,13,34,565,559,142,6,52,69,279,325,15,22,39,108,13,19,459,30,560,19,19,151,551,117,33,26,136,31,614,1085,0,157,149,11,70,240,220,13,82,526,38,185,10,57,42,90,45,24,115,140,132,139,551,91,158,95,9,40,156,46,102,49,190,44,7,65,133,78,30,478,65,363,140,13,79,82,63,10,28,48,84,96,471,189,31,4,4,489,35
"ENSG00000169271.3",0,0,49,1,0,0,0,0,0,1,1,0,0,203,0,1,1,0,0,0,0,0,0,1,1,0,0,0,0,0,0,0,0,1,0,0,3,0,0,0,0,0,0,0,0,0,0,0,2,0,0,0,0,0,0,0,2,0,0,0,0,0,0,0,0,0,0,0,0,0,1,4,0,0,0,0,0,0,0,132,0,0,1,4,0,0,0,0,4,0,2,0,0,0,1,0,0,0,0,31,1,0,435,0,1,2,1,0,3,0,0,1,2,3,0,1,2,0,0,2,0,3,0,1,1,0,2,0,0,6,0,1,22,0,61,0,0,0,0,0,0,0,2,0,1,7,0,0,0,0,0,0,0,1,1,0,0,0,0,1,1,0,0,0,0,1,8,3,0,2,0,1,2,1,1,0,0,0,0,0,0,1,0,0,0,0,3,0,0,0,0,0,2,0,1,0,0,0,0,2,0,0,1,0,0,0,0,0,0,0,0,0,0,1,2,0,0,0,1,0,0,2,0,0,0,0,0,1,0,0,1,0,0,1,0,0,0,0,0,1,0,0,0,0,4,0,0,0,0,0,0,0,0,0,0,0,0,2,0,1,0,0,0,0,0,0,0,0,0,0,0,0,0,0,0,0,0,0,0,0,0,0,0,0,0,0,0,1,0,3,4,0,0,0,0,1,0,0,0,0,0,0,4,0,0,0,0,1,0,0,0,0,0,6,0,5,0,0,1,0,0,0,0,0,0,0,0,0,0,0,0,1,0,0,0,0,0,384,0,0,0,1,0,0,0,1,0,0,0,0,0,2,0,0,0,0,0,29,0,0,0,0,0,0,0,0,0,0,0,4,0,0,0,0,0,0,0,0,1,0,0,0,0,1,0,0,0,0,0,0,2,1,0,0,0,0,2,0,7,0,0,0,2,0,659,84,0,0,0,0,0,1,0,0,0,0,0,278,0,0,1,0,0,0
"ENSG00000169297.8",0,0,12,0,1,15,0,0,0,0,0,0,1,93,816,0,0,64,0,1,0,0,0,0,0,0,0,7,0,0,10,20,101,0,16,0,8,0,0,0,0,45,0,1,0,0,1,4,0,0,0,15,0,1,0,146,0,0,0,0,0,16,0,1,0,0,0,0,0,39,0,16,2,0,0,0,0,0,45,44,2,0,0,0,0,1,0,3,1,0,2,619,1,790,0,0,2,0,0,38,1,0,0,0,0,2,0,0,489,0,9,0,0,0,3,0,45,0,58,1232,2,3,1,2,2,1,0,0,0,3,0,0,714,0,349,0,0,0,1,0,0,103,84,0,0,785,2,21,27,0,0,0,0,1,1,0,0,14,0,6,0,4,367,2,9,0,0,0,0,1,0,0,235,7,10,0,0,1,2,0,0,0,0,0,0,0,0,0,1,0,0,0,0,241,0,0,0,0,1,0,0,0,56,0,0,2,0,0,3,0,2,9,40,0,0,1,0,0,130,80,0,0,0,0,0,0,0,74,10,49,0,0,0,0,0,0,0,0,0,1,9,0,0,0,74,0,0,0,0,0,0,0,0,0,0,0,0,0,39,12,82,0,533,0,0,1,4,1,0,0,342,2,2601,0,0,1,56,0,0,0,0,6,0,2,1,13,0,6,0,0,7,0,1,0,0,2410,259,0,0,0,0,1,316,1,6,0,1,0,0,1,0,187,0,44,0,0,1,6,1,1,2,0,0,4,30,0,2,0,0,0,17,0,10,0,47,0,2,1,0,0,0,0,1,48,1,0,0,9,308,0,0,2,0,4,0,0,32,20,1,11,1,0,3,12,0,0,1,1056,1,9,0,0,18,0,1,0,0,1,0,0,0,0,0,0,1,435,0,1,5,0,61,0,0,10,12,1,1,3,0,0,0,0,1,1,385,232,324,1,0,0,4,0,0,0,0,0,0,0,0,5,0,0,0,0
"ENSG00000169313.10",11,0,3,0,18,3,0,1,3,21,9,7,38,49,9,62,14,1,0,25,9,79,12,8,2,6,3,0,0,31,4,26,13,16,20,97,17,5,0,4,0,15,8,6,52,0,5,10,21,3,1,58,73,7,3,0,22,2,3,0,5,6,0,14,4,3,6,3,9,20,11,29,5,1,1,41,6,4,0,34,4,2,3,8,3,4,0,1,4,0,23,12,3,0,1,38,22,9,5,32,4,24,11,2,6,3,5,94,2,8,24,328,64,4,2,4,5,3,10,14,16,0,5,14,27,52,32,0,3,39,15,103,20,4,0,67,2,36,2,4,8,26,21,65,26,15,12,0,4,76,13,48,7,9,85,10,1,26,5,18,10,2,25,11,2,21,6,5,1,15,2,5,19,1,2,9,7,0,5,22,55,9,14,19,1,10,20,12,5,1,3,79,4,21,10,1,36,0,2,3,1,2,20,12,29,3,29,1,2,4,43,24,1,5,13,46,2,1,37,33,5,4,0,10,24,44,2,54,2,11,17,6,150,14,0,68,34,11,9,6,30,21,4,4,6,0,0,2,4,11,7,1,11,12,48,9,43,8,30,8,17,14,28,4,84,2,5,52,11,31,40,84,10,112,2,6,2,2,3,10,7,1,4,16,8,1,20,13,1,23,43,26,11,0,5,0,10,13,22,71,26,2,1,102,1,4,11,14,2,2,4,2,1,6,19,23,3,216,4,13,13,5,35,0,6,2,20,4,4,13,2,12,13,10,4,66,4,22,3,2,24,16,8,1,0,2,1,1,9,73,76,87,26,36,3,126,4,1,11,0,2,12,7,1,11,11,0,10,5,3,8,3,0,2,4,3,3,8,7,7,3,13,1,2,34,5,42,14,7,2,10,11,39,3,0,2,7,0,81,19,26,1,25,4,174,86,1,41,2,21,37,4,6,6,3,4,5,461,4,67,37,9,3,42
"ENSG00000169347.17",1,0,0,1,117,8,1,3,0,0,0,0,1,3,70,164,1,0,0,19,3,2,1733,16,0,1,0,0,1,19,427,5092,31,0,149,1,2,0,0,0,0,0,0,0,3,2,7,1,40,0,0,220,7,11,0,0,0,0,0,0,0,2,16,2,0,0,0,2,62,42,3,0,99,2,0,9,7,5,11,4,45,5,1,1005,0,3251,0,3,1,0,111,35,0,36,0,0,0,8,0,79,65,0,1831,3,1,6958,1,71,547,0,3261,6,0,0,1,6,486,0,0,3,0,0,0,0,3,2,1,3060,358,154,0,2,261,15,5,0,0,2,0,4,33,2256,387,0,103,1513,1294,45,135,1,5,57,0,1273,1,0,1,35,0,15,1,0,25,44,10059,4,41,0,1,1,212,0,22,0,0,1,128,279,7,2,0,5486,0,0,0,0,0,0,0,1,0,0,360,86,39,2,0,4,0,4725,0,0,43,9,0,26,0,0,17,0,120,904,3,12,4,8,0,0,1,1,1,90,0,19,0,0,7,3,18,1,205,15,0,0,3,3,3,0,0,1,100142,0,2,13183,199,0,0,1,0,35,3,0,0,168,2,49,2,0,1,32,37,78,1238,14,0,4542,2,3,29,13,4,1,15,0,1,0,56,1,8,219,3,1,0,1,1,1,3,5,0,8,0,0,172,0,9,40,239,0,0,0,2,65,2302,0,50,0,0,613,1,0,0,170,0,3,25,1,0,34,0,82,13,22,0,243,12,1,0,0,1,0,3,0,9,0,0,14,2,7,0,0,2,2,19,2,3,2,0,3624,16,1,4,879,0,1,1,6,10,4,1,6,3,4,3,2,0,0,0,0,0,288,0,0,2,8,25,0,162,0,0,5,11,6,10,1,62,1,326,3,0,0,181,7,9,33,6,0,359,11,24,16,6,1,3035,0,0,0,57,0,0,2,0,0,1,0,2,2771,11,0,12,7045,0,0,0,5
"ENSG00000169427.8",559,0,0,19,6,0,2,0,0,5,5,1,79,590,100,3,2,9,0,10,83,0,5,7,3,1,0,103,7,1627,66,34,45,4,122,4,30,0,1,1,1,622,5,2,1,1,3,28,0,1,1,244,0,260,118,0,1,1,475,4,0,287,1,58,1,0,0,2,133,19,647,0,0,3,0,0,196,4,119,36,117,156,59,3,52,28,1,13,705,8,2,18,2,258,0,0,1,515,4,6,0,2,2,0,9,1,2,0,383,0,5,3,483,26,0,2,3,2,1,178,0,90,0,0,10,1,9,251,4,302,2,1,63,1,0,0,1,1,2,1,0,4,986,3,15,63,433,4,221,1,0,1,3,166,9,2,12,5,153,309,3,0,6,1,611,211,4,25,5,265,1,28,3,1,0,5,14,245,27,3,0,18,0,3,0,1,190,0,60,148,0,6,5,266,6,2,1,0,0,1,0,1,7,701,0,13,6,7,31,4,1,483,370,3,7,34,0,0,246,96,2,148,2,0,0,0,2,140,0,6,30,198,1,0,0,9,0,0,1,11,4,3,0,2,3,217,2,1,30,3,1,0,0,28,1,0,0,0,5,33,36,184,1,41,0,4,5,1,599,1,90,0,147,0,4,3,39,0,1,23,108,175,122,1,1,2,1,0,1,0,4,3,24,8,5,21,72,3,1,0,0,8,1728,1,398,1,0,16,9,11,4,41,1,0,2,10,488,12,526,863,0,9,0,4,5,2,4,0,10,1,34,0,20,1,6,1,0,2,1,1,0,2,0,1,352,405,1,35,3,0,4,122,3,91,0,1,18,285,13,4,94,8,0,2,4,0,81,0,1,9,2,29,8,2,571,1,59,3,1,71,0,233,0,1,1,4,1,3,8,0,64,1,1,0,0,3,52,11,7,1,34,3,7,0,1,71,2,3,17,0,1,67,1,0,1,0,4,1,0,6,0,0,47,3
"ENSG00000169436.17",68,3,35,29,252,22,1,32,4,35,3,1,13,128,36,24,59,30,2,11,61,1,41,4,1,1,0,24,23,32,118,1274,57,3,471,29,7,809,0,12,3,197,3,1,21,1960,16,43,5,14,0,81,22,206,0,0,7,5,0,4,7,250,1,16,1,6,0,0,32,47,15,93,24,0,0,2,2527,32,7,1126,12,2,121,67,18,10557,4,0,169,0,3527,83,3,139,5,3,1,13,90,112,38,25,560,0,130,9,2,6,785,1890,67,29,76,109,14,4,38,1,0,8,0,35,2,17,38,1,25,0,6,177,10,3,35,49,136,5,2,3,6,1,10,264,590,16,39,24,282,21,35,121,6,11,10,44,7,4,41,1434,18,58,5,17,67,18,144,20,104,1303,12,34,5,35,7,6,39,4,25,8,1567,0,0,63,18,40,0,13,50,2,9,0,0,88,1551,33,7,0,7,22,175,27,1,62,62,2,3,6,7,47,16,0,112,132,26,3,2490,90,1,0,30,21,0,872,2255,22,8,11,1,1290,24,6,1,5,1223,33,0,29,3,0,129,15,186,32,5,12415,286,41,0,16,2,24,86,1,1,8,1,2624,17,87,9,48,7,7,1133,6,140,57,297,3,15,2,25,4,7,2,9,997,23,4,1,49,1,691,5,4,2,51,2,9,20,146,80,2,25,0,20,30,23,1,74,237,19,125,6718,5,4,7,0,3,10,0,1,322,1,812,390,50,4,168,86,44,7,421,3,8994,90,1449,30,0,1,6,3,18,12,497,1,6,0,3655,0,53,4,5,36,400,8,2,0,6,18,1,2,106,5,17,2,3,9,801,37,1,3607,33,9,105,223,0,52,4013,0,12,222,8,409,2,17,0,1,22,0,0,23,7,4,52,4,2,28,17,1792,0,796,0,4,1,20,14,9,221,92,1,2,0,23,0,75,26,55,4,1,64,50,0,7,4,123,1,5,36,463,25,1,0,12,8
"ENSG00000169548.3",1,0,0,0,1,3,0,0,0,0,1,0,0,0,21,0,0,0,0,1,0,0,2,1,0,0,1,0,4,0,1,23,0,0,0,1,0,0,0,0,0,15,18,0,2,0,0,0,0,1,0,6,0,4,0,0,0,0,1,0,0,5,0,0,1,55,0,0,0,0,1,0,0,0,0,0,32,0,19,5,1,0,1,0,0,0,0,0,1,0,1,0,0,0,0,0,0,0,6,0,0,0,0,0,0,0,0,1,117,0,0,0,1,0,0,0,0,0,21,0,0,0,0,1,0,0,0,0,0,1,1,0,4,0,0,0,1,0,0,0,0,3,0,0,1,1,0,0,14,0,0,0,0,0,0,0,0,0,1,0,0,1,0,0,9,0,0,0,0,0,0,0,0,2,0,0,0,2,17,0,0,0,1,0,0,0,0,0,1,0,0,0,0,1,0,1,1,0,0,3,0,0,4,1,0,1,0,0,0,0,0,2,0,0,0,0,0,0,0,0,0,0,33,0,0,0,1,0,0,0,0,1,0,1,0,0,0,0,0,1,1,0,0,1,5,26,0,0,0,1,0,0,0,0,0,0,0,3,0,0,0,0,1,2,0,0,1,0,0,0,2,0,10,0,0,4,1,0,0,0,1,1,0,0,0,10,0,2,0,1,0,0,0,0,4,32,4,0,0,0,0,0,89,1,18,0,0,0,1,0,0,0,0,0,0,0,0,17,1,0,1,8,0,21,1,0,0,0,0,0,0,0,1,0,1,0,0,0,0,0,0,0,0,6,0,0,0,0,58,0,0,0,0,0,0,0,6,2,0,0,0,0,0,1,0,2,0,28,0,0,0,0,0,0,0,0,0,0,0,0,0,0,0,1,0,0,0,0,0,0,8,0,0,0,0,1,0,1,1,0,0,0,1,0,7,2,1,11,0,0,0,0,0,0,0,0,0,0,0,0,0,0,0,0
"ENSG00000169550.14",0,2,2,1,0,0,0,1,0,0,1,0,1,1151,258,1,0,438,0,0,0,1,0,1,86,0,76,89,21,1,0,0,26,68,66,0,38,0,0,0,0,1,0,645,1,0,0,8,6,0,0,19,0,16,0,0,0,0,0,1,0,93,0,60,32,1,0,0,0,0,101,0,2,0,0,0,0,3,93,56,58,19,0,0,3,0,9,22,0,0,0,908,69,0,0,2,0,132,1,4,2,0,0,0,0,0,1,0,286,0,0,0,0,0,0,1,0,67,0,98,0,45,2,9,0,0,0,9,0,58,28,0,38,0,0,3,0,0,119,1,0,1,780,0,0,266,86,0,0,0,1,0,0,774,0,0,0,10,1,853,4,0,106,12,0,93,0,1,0,6,6,0,0,2627,0,0,15,7,1,21,0,0,0,0,5,0,210,0,0,287,0,14,0,43,47,0,13,0,0,60,1,1,0,376,0,176,0,0,0,0,0,0,2,52,202,0,0,0,218,1,0,152,21,0,0,0,37,2362,0,0,1,5,0,1,0,1,0,40,1,0,0,0,0,0,1,0,0,0,3,0,1,0,0,0,4,0,0,4,625,477,71,8,4,109,0,0,3,1,121,0,14,0,40,0,0,0,2,3,8,1,900,7,136,4,1,0,0,0,0,0,0,1,0,0,230,6,72,0,0,0,1,0,301,1,41,0,30,53,0,0,11,1,0,0,0,334,1,2,0,0,0,1,0,1,4,0,3,0,22,0,198,0,0,5,0,2,0,0,0,0,0,0,4,0,173,401,0,0,95,0,4,5,0,1,0,0,0,0,1,0,26,1,0,0,0,2,0,0,0,0,0,0,6,0,2031,132,42,2,4,7,40,317,49,0,0,77,0,33,2,0,0,0,0,0,0,0,1,113,0,0,2,0,0,0,227,1,216,23,3,0,2,26,7,0,221,0,47,1,1,0,0,0,808,0
"ENSG00000169551.13",1,0,2,0,0,0,0,1,0,0,0,0,2,140,112,1,0,0,0,1,0,0,2,0,0,0,0,1,0,0,0,0,4,5,0,0,1,0,0,0,0,0,2,3,0,0,0,0,0,0,0,4,0,32,0,0,0,0,0,0,0,0,0,0,1,0,0,0,0,0,219,0,0,0,0,0,0,2,0,83,19,6,0,0,0,0,0,92,2,0,0,0,1,0,0,0,0,0,0,0,0,1,1,0,1,0,3,0,596,0,0,0,1,0,0,0,2,1,0,6,1,0,0,0,0,0,2,5,0,0,0,1,160,0,0,0,0,0,0,0,0,1,2,0,0,0,4,0,0,0,0,0,0,1,0,0,0,0,0,2,0,0,0,0,0,149,0,0,0,69,0,0,0,1,0,0,0,186,0,0,0,0,0,0,0,0,1,0,0,0,0,122,1,0,0,0,0,0,0,0,0,0,0,476,0,0,1,0,0,0,0,2,0,1,0,0,0,0,28,2,0,0,0,0,0,0,0,0,0,0,0,1,0,0,1,0,0,0,0,0,1,0,0,1,0,0,0,0,0,0,0,0,0,0,0,0,0,1,5,1,2,1,0,1,0,0,0,0,0,0,0,0,5,0,0,0,0,0,0,3,5,0,1,0,0,0,0,0,0,0,0,0,0,0,0,106,0,0,0,0,0,1,346,0,23,0,0,0,0,0,0,0,0,1,1,1,398,0,2,0,0,0,0,0,11,0,1,0,0,0,7,0,0,0,0,0,0,0,0,0,0,0,0,0,9,0,0,0,71,0,0,1,0,0,0,0,0,0,0,0,1,0,0,0,0,0,0,0,0,0,0,1,0,1,120,2,0,0,0,0,0,3,0,0,0,0,0,0,0,0,1,0,0,0,0,0,0,5,2,0,0,1,0,0,10,2,1,0,0,0,0,0,0,0,0,0,18,4,0,1,0,0,0,0
"ENSG00000169607.13",83,4,19,40,319,162,43,391,30,255,30,486,561,1558,541,27,44,236,259,59,164,7,104,88,116,179,86,543,56,195,343,217,273,62,11,244,169,48,261,292,5,208,466,47,24,41,19,270,3,39,104,694,95,320,123,140,8,298,454,464,13,347,83,335,22,425,77,34,1153,488,448,60,37,2,30,4,971,77,689,321,355,269,228,87,213,139,48,58,70,10,171,166,62,53,35,10,8,685,183,475,101,22,311,45,125,152,192,12,1363,218,173,22,53,207,145,40,717,121,634,879,101,251,28,128,85,0,6,171,261,344,61,10,691,26,276,20,90,10,630,26,7,473,234,45,78,1279,237,184,382,467,12,5,300,156,43,318,59,491,260,174,106,94,339,233,205,369,314,229,319,1215,53,107,244,1530,40,118,95,118,251,192,18,337,103,307,81,53,348,20,90,981,36,1178,323,792,131,301,38,67,40,552,61,797,309,1152,16,274,23,1016,155,581,50,192,296,142,243,312,24,26,100,380,7,205,115,33,20,5,127,1138,14,156,361,132,159,197,27,345,23,51,231,121,35,64,24,75,441,386,277,40,110,93,17,106,20,332,14,233,66,45,64,1113,850,128,933,674,46,106,174,10,718,15,212,10,417,8,45,270,114,3,29,242,557,304,50,1,112,260,14,75,81,105,53,87,64,19,156,423,1088,90,221,59,401,14,285,7,180,26,14,85,117,414,68,466,150,157,167,252,554,303,15,85,391,378,17,619,244,271,11,92,42,10,660,86,40,109,792,21,159,1382,76,68,18,96,46,209,619,238,4,49,201,4,52,611,36,778,38,25,537,431,801,78,398,14,91,232,928,43,76,821,8,120,225,135,72,113,716,24,478,4,65,533,33,353,110,14,83,57,299,101,138,220,368,126,25,290,128,182,286,920,54,6,92,110,29,17,745,31,247,484,51,43,152,132,35,23,104,153,107,1718,137,47,11,13,686,7
"ENSG00000169618.7",0,0,0,0,3,1,1,3,1,1,0,2,2,1,0,1,4,36,0,1,2,0,0,3,3,13,1,6,1,1,3,0,2,0,0,2,3,2,0,0,0,4,2,0,3,5,0,0,0,4,0,1,6,1,1,3,0,2,15,26,0,86,0,2,0,1,2,0,19,167,2,1,0,0,1,0,15,2,2,16,1,15,1,3,35,4,0,1,1,2,7,0,12,0,0,3,2,0,1,118,1,5,0,0,0,0,149,2,9,1,1,1,0,2,0,1,4,0,3,1,0,4,1,0,0,1,0,0,5,5,8,0,28,1,1,1,1,1,2,4,1,5,1,1,1,32,1,0,0,0,4,1,1,14,1,1,0,5,0,34,6,0,9,5,0,3,0,19,94,61,8,1,1,4,0,1,2,0,0,0,0,223,0,21,0,0,1,2,5,33,2,0,0,0,38,6,1,2,0,13,0,80,12,10,0,5,5,359,0,2,0,2,4,0,5,0,4,0,3,2,1,0,0,7,0,1,3,32,0,4,46,2,18,0,1,3,1,2,0,5,0,2,1,1,14,1,0,1,1,4,2,0,0,5,0,7,3,0,0,10,13,5,19,1,0,3,13,1,13,1,1,2,16,3,0,4,0,1,2,12,3,0,8,1,1,0,0,0,0,1,0,1,0,0,0,0,288,0,0,1,104,1,5,1,0,0,0,1,7,1,1,2,1,19,2,0,1,2,1,0,3,3,0,3,5,0,0,2,0,2,1,1,0,6,2,3,2,9,0,0,1,0,4,2,289,2,0,0,5,0,0,4,2,4,0,0,0,0,8,1,20,1,0,3,0,2,0,3,0,1,0,3,0,0,13,11,0,1,1,11,18,78,6,0,0,1,1,0,20,15,0,0,0,5,4,1,9,1,0,1,2,2,2,0,2,1,1,0,0,3,2,0,8,0,1,0,0,12,4,1,2,0,1,2
"ENSG00000169668.11",5,1,0,1,0,1,0,0,0,5,0,1,0,2,2,0,0,0,0,1,0,0,0,0,0,0,0,0,3,1,0,3,0,0,0,0,0,0,0,1,0,1,0,0,0,0,1,0,0,0,0,0,0,0,0,0,0,1,0,0,1,2,0,2,0,3,0,0,1,0,1,2,0,0,0,0,0,0,0,0,0,2,33,3,0,0,0,0,0,0,16,0,29,26,0,0,0,0,4,0,1,0,0,0,0,0,0,0,10,6,0,0,0,1,0,2,0,0,56,0,0,0,0,1,2,0,0,1,0,0,0,0,4,2,2,0,0,0,0,0,0,0,0,0,2,10,0,1,1,2,0,2,1,0,0,0,0,9,0,1,0,1,0,0,0,0,4,1,0,0,2,0,0,0,0,0,3,0,1,0,0,0,0,0,1,0,0,1,3,0,0,1,0,0,0,0,0,4,0,4,0,0,0,0,0,2,0,0,0,0,0,1,30,1,5,8,0,0,0,0,0,0,0,0,0,0,2,0,1,0,0,0,8,0,0,0,0,0,0,2,0,0,0,0,39,0,0,0,1,0,0,0,0,8,0,0,0,0,0,1,1,0,1,1,0,0,1,0,0,0,1,0,40,0,0,6,0,0,0,0,0,1,0,0,0,1,0,0,1,0,1,1,1,0,1,7,0,0,1,1,0,0,1,0,1,0,0,0,0,0,0,1,0,1,0,0,0,4,0,0,2,0,0,1,1,0,1,0,1,0,0,0,0,0,0,1,0,8,0,0,0,0,0,4,1,0,0,0,0,0,0,0,0,11,0,0,3,3,0,1,0,0,0,11,1,0,0,25,0,0,1,0,0,0,0,0,0,0,0,0,0,0,0,0,0,2,0,1,7,0,3,1,0,0,0,0,0,1,0,0,0,0,2,0,1,0,1,26,0,0,0,0,0,1,0,0,0,102,0,1,0,0,2,0
"ENSG00000169679.15",197,2,66,81,566,363,166,95,28,928,44,655,985,2930,791,50,71,694,544,118,245,15,133,219,147,231,326,861,64,497,486,504,553,90,50,608,440,112,403,325,11,675,790,25,45,103,37,462,15,42,161,1185,117,926,365,219,24,664,624,724,27,858,120,492,18,334,85,45,1279,800,552,139,73,2,59,9,1136,139,1008,925,656,249,813,153,404,228,103,91,139,8,458,284,116,209,65,12,11,654,459,1218,199,26,564,122,284,620,204,22,3194,402,347,63,107,536,272,77,1182,187,1575,1597,197,280,47,359,173,4,13,274,458,800,108,22,1470,49,631,16,107,12,760,57,8,880,639,50,167,2191,464,255,611,1270,25,12,573,365,75,501,87,544,387,296,280,122,460,369,257,783,721,370,671,2278,226,154,572,3022,132,235,214,371,547,388,20,306,281,584,124,159,453,39,187,949,45,2373,535,1278,188,413,51,236,78,1058,68,1414,588,2775,5,353,56,1454,261,527,70,441,994,401,377,782,43,45,196,633,4,256,206,72,28,23,207,2311,91,292,685,250,420,512,19,693,43,84,412,259,68,187,19,130,599,982,178,74,141,226,47,174,43,604,20,274,64,89,101,1463,1191,190,1976,911,33,283,245,14,836,10,503,14,939,11,116,570,400,3,96,658,743,774,68,10,180,654,15,116,154,162,113,182,72,33,171,1504,157,179,141,114,737,32,1353,39,340,56,38,186,210,817,177,966,357,350,292,498,1620,1045,38,198,929,531,27,993,475,359,37,198,84,13,1602,237,70,252,1048,38,462,2247,113,78,12,223,154,588,1147,441,15,116,525,6,117,1519,75,820,57,33,590,1253,1003,83,488,70,174,331,970,107,146,1532,56,248,457,322,112,249,994,34,557,8,116,763,62,462,232,23,110,126,674,216,297,317,675,262,28,563,174,356,477,1544,170,11,134,156,61,30,774,121,766,913,110,61,236,184,36,26,302,255,132,3495,361,100,9,38,1389,36
"ENSG00000169684.13",7,3,0,6,12,1,3,1,4,59,6,6,81,179,4,7,3,5,3,1,1,2,2,0,1,10,19,6,1,64,6,64,15,5,3,96,3,1,6,6,0,16,4,7,7,0,6,5,0,8,11,8,5,15,4,4,4,0,0,6,3,4,7,6,3,8,1,1,5,46,3,6,0,2,3,3,55,4,18,8,6,2,97,10,2,7,4,5,30,5,21,8,2,13,3,1,11,9,36,17,5,4,59,0,6,8,6,4,39,7,1,1,24,1,0,1,11,3,3,5,1,3,2,0,14,5,3,7,1,81,2,4,1,4,14,0,18,2,2,0,1,58,38,1,8,46,9,1,3,30,1,3,4,7,7,3,1,12,20,6,7,13,10,6,0,10,19,51,13,19,7,1,4,3,8,1,7,11,67,2,2,9,6,4,0,10,10,3,2,3,3,151,8,5,1,2,2,2,1,77,0,3,1,6,0,4,6,20,5,2,2,2,34,2,2,62,36,4,4,1,0,0,0,1,4,1,4,10,1,14,11,12,9,5,0,2,1,0,0,2,3,7,19,4,38,97,38,9,7,4,0,6,2,6,0,4,3,5,5,13,1,3,32,2,1,8,9,1,4,4,4,0,6,0,3,2,3,1,5,8,2,19,16,1,3,11,0,5,3,6,10,6,1,1,61,84,20,1,13,4,0,5,45,0,2,3,0,0,0,1,7,7,0,21,26,17,13,6,3,4,21,44,5,0,5,27,1,0,9,1,2,5,3,22,9,2,8,83,17,3,5,1,6,11,10,3,3,10,7,0,9,62,5,2,1,1,9,90,6,0,0,7,5,4,19,0,15,15,1,3,10,18,20,5,16,1,5,2,11,8,0,3,10,6,2,8,7,3,30,6,7,4,2,2,1,0,11,3,1,0,3,1,6,0,5,2,10,5,6,21,12,2,8,5,3,3,2,286,5,2,1,3,42,1
"ENSG00000169715.15",134,36842,2076,2236,170,285,2768,2678,21367,8914,386,2119,6505,2389,365,12986,159,39,127,5611,527,48540,187,178,8132,350,39,2553,192,341,29,112,138,6904,1062,7743,12453,566,1245,1826,32444,373,98,64,9674,2309,4865,1716,39939,2013,223,1517,12368,134,31,43,10989,6880,28609,2532,131,286,21,11544,10648,25,4640,3889,1864,753,3410,721,3249,37795,724,6482,305,315,369,3344,7079,6,10988,2480,2875,84,51115,114,5128,2012,269,121,1828,547,92,3984,3846,41,110,629,1376,29211,2119,673,510,1661,2752,16656,4431,180,220,21692,6135,1054,14,31435,242,12999,2970,435,26,90,6836,7795,1003,75349,36734,45,198,2366,4524,15892,253,11031,681,14793,96,65663,1417,2590,10581,278,1165,18064,374,1615,457,157,289,92,41351,34271,3026,4120,2462,1107,10666,4457,7354,1156,1413,1631,1114,454,462,2889,1085,559,130,14414,9333,513,629,107,415,2562,532,572,4652,874,25160,57,703,177,27,4305,2498,1680,1730,3487,87,4789,229,516,48,618,23282,29,13764,95,1086,226,138,45,15084,158,7099,174,4457,21917,3189,1150,604,209,2622,163,23368,94044,1007,19028,36675,95,22168,60,6376,23874,414,128,1695,970,370,2680,1278,214,11728,286,17753,830,186,32435,1919,458,846,164,233,7642,8519,23502,6493,210,63655,25,24725,74,27565,2954,17310,666,41,358,8755,14186,229,1986,48147,260,581,11617,3808,55344,519,15900,4652,26391,843,3598,1884,11083,220,1288,1597,844,820,49974,2979,2126,19400,667,47,3513,16412,3752,154,45,8706,303,123,769,2510,428,2532,125,17867,23845,20374,77660,30788,186,1849,3498,2087,29,6,326,94671,1524,15166,109,24525,590,37,1831,25501,230,3289,158,19419,1264,273,30042,5328,3297,12699,284,180262,39491,7807,4634,479,2807,17349,1271,1757,2433,3414,2765,29150,293,3475,39729,38137,2563,1665,87,2178,22855,42,2320,2798,81070,3761,11072,6017,886,4356,11489,124,197,41416,284,7243,861,19935,338,880,66,3263,24976,200,163,543,5997,241,6236,5664,2102,200,607,8565,22,236,1123,3606,264,29,967,8308,71,4888,30349,2005,2256,101,67,6212,425,1982,254,282,41836,2867,8357,6537,13533,126,14,672,2413,96,28676,12871,173,26,52667
"ENSG00000169783.13",3335,22,178,118,659,309,13,89,37,340,93,111,1398,146,168,91,150,39,1,329,90,35,5084,106,72,25,43,73,79,86,5984,314,290,215,72,144,128,31,102,107,3,998,189,64,107,14,151,347,55,94,69,122,40,96,94,55,55,95,99,50,111,125,11,55,14,154,97,36,190,80,1045,259,93,16,133,16,147,129,3445,99,119,46,61,785,85,1569,68,30,808,50,1588,109,41,44,187,21,50,450,230,935,142,43,897,38,183,810,162,66,821,42,1104,81,463,201,902,28,2165,21,41,180,13,40,37,76,162,29,60,69,550,195,101,69,66,159,300,56,74,35,53,72,43,5640,120,49,583,217,37,1100,1071,577,68,39,109,72,100,27,21,1583,143,152,201,334,96,278,1944,171,818,834,57,158,11,77,125,105,370,41,110,134,470,18,11,5683,61,81,102,81,290,119,48,22,11,212,114,80,94,90,39,29,47,1540,15,60,2457,252,33,51,81,189,125,15,851,2534,74,109,340,755,32,39,316,261,11,119,38,165,71,59,142,61,60,160,1364,61,224,176,75,130,40,51,80,72,1868,152,120,1590,1000,729,10,90,148,42,63,47,58,59,42,97,53,628,69,383,146,87,308,1621,56,561,1472,86,119,56,264,24,1533,46,29,500,492,43,39,155,57,146,51,57,22,668,35,792,37,225,233,51,1805,67,652,573,70,31,212,303,79,957,2564,195,25,90,33,81,105,35,46,4954,40,1414,387,306,103,2320,272,104,665,1252,51,362,292,83,29,1523,30,31,163,122,167,260,73,93,47,346,292,87,34,72,157,1561,35,118,71,2071,140,28,32,504,120,245,23,74,3510,501,207,2871,100,187,150,524,2955,67,43,1753,94,83,14,85,24,369,16,70,38,31,128,147,29,115,54,83,76,23,217,94,24,24,1381,111,52,191,296,119,53,1912,246,46,61,17,639,7,89,511,60,1648,50,238,174,61,103,86,297,1884,31,185,91,396,27,46,737,54
"ENSG00000169855.20",487,30,152,2627,3927,2616,2169,1454,5165,765,6964,7607,12326,14116,4313,542,184,1911,12104,12440,1406,373,1100,3830,160,3760,1538,1135,2563,2896,4140,17163,5365,1752,505,5996,3361,2197,7006,14212,514,680,10311,1907,1033,386,663,5062,254,406,248,7610,1320,1459,1770,92,2904,6442,1866,325,1735,2849,3275,485,97,5269,359,8250,5798,399,5837,4703,2920,170,58,261,3356,5150,7702,6525,35733,2864,2497,238,1227,178,2972,2042,1136,3766,10138,7878,3363,1206,383,171,3884,1435,12164,9118,3589,190,539,110,1547,4921,194,534,8957,5612,1498,883,2356,3442,2686,5107,9688,494,3494,21436,36,203,84,4024,1052,347,708,197,5981,34564,7656,580,3440,3487,258,384,2901,158,1070,832,183,2500,3657,1107,7627,9125,4655,1069,5187,470,256,237,412,980,3126,17694,2431,12299,3530,5119,212,2032,635,5130,408,1901,2300,746,1518,19973,810,4335,11618,1492,606,629,6190,3777,1289,9412,101,972,4837,362,1689,372,2631,444,3219,758,4079,3635,153,16011,17183,47,245,7741,2520,2718,110,2840,4411,886,198,1830,147,4771,1597,429,610,511,9114,4923,5903,867,6335,3375,1680,17071,75,1740,2865,2025,472,230,279,35747,544,4805,2510,800,2619,3840,226,10365,169,228,2038,3215,1202,6200,587,173,2829,3656,3705,886,3289,412,876,3329,235,4677,271,535,424,851,2428,4183,3843,1117,9923,14885,466,9586,614,460,222,217,2682,287,3453,403,3457,6321,7852,79,990,287,304,2137,1609,164,78,4773,168,401,2298,2794,997,8331,1966,6287,1355,3254,5030,1203,404,1391,783,97,2353,577,3568,956,5102,4584,3767,7950,5319,3392,1298,413,6909,1721,22709,3629,2316,770,14023,5882,197,6279,4994,152,675,100,3106,138,11623,1377,3206,565,2272,572,3061,1035,7956,2254,227,2183,9007,918,524,326,285,498,1792,210,481,3362,4513,22268,3096,642,9459,1943,12589,2207,1952,177,1979,1638,2656,179,1819,21557,87,2248,90,7502,2628,2263,721,1448,429,575,1633,178,372,1068,8640,1520,588,1535,4015,4749,734,4025,5440,2534,289,3071,1472,3146,112,5062,2147,154,360,3697,515,50,2076,928,3667,4383,919,2608,10578,85,121,1167,25391,367,52,3696,1671,1159,217,92,4491,223
"ENSG00000169862.19",8740,25,0,23,910,835,4,0,1,5747,1,0,57,225,206,94,4,563,0,3293,62,62,363,518,0,804,0,1449,343,11,3855,3753,33,16,133,121,1,2,0,16,0,4354,2064,0,91,147,91,1,259,113,0,964,122,21,0,1,11,633,3,313,3,2,1,20,0,1246,2,0,439,2176,3701,16,2,78,0,29,2839,809,694,21,5,2,114,12,69,850,61,3,112,4,65,38,659,619,1,22,2,1,10,2198,60,4,925,0,206,7351,100,48,2452,1041,60,160,11,51,38,1,4313,0,12,3,0,0,8,3,322,28,49,0,67,10755,52,37,560,1,16,74,5,10,15,0,52,2980,491,110,990,1862,972,1396,22,9327,39,102,87,0,10,0,0,55,6,370,3,3,0,1588,850,32,56,1436,248,2576,107,2,0,4275,4,1,3,1154,73,1,20,877,1,0,0,1,12,31,4,1,213,6,1755,30,11,949,22,0,73,1998,0,666,1199,0,29,9,22,344,43,1,271,2897,3,0,1270,4772,16,0,399,0,24,1,206,28,147,69,0,625,15,1,2216,2,108,19,7,0,38,0,0,0,1147,74,0,90,1021,1415,0,1,1,0,6,1,11,1,51,4,96,19,0,1222,16,3,3849,3834,45,1303,595,67,25,84,40,62,1155,49,4,0,771,58,0,212,0,138,0,19,6,85,46,7,348,205,236,2,1781,1,9,147,8586,4,0,698,262,389,1249,33,8,2,0,2,15,11,5,2816,6,194,40,6824,5,1316,406,8,1893,4508,49,3619,15,7,156,4,0,46,116,63,31,21,0,155,1,3,0,1,42,2,131,1041,2081,7,0,1280,441,19,32,2406,332,0,0,29,4068,2731,2516,2,0,6,2,2482,3860,2,0,787,45,0,0,3,245,12,9,0,2,340,1,2,8,268,0,2,65,0,1641,4,0,547,357,1,65,864,1434,43,18,747,436,97,89,5,413,0,2,1,42,85,0,38,48,2,17,7,0,120,5,8,567,210,52,0,1,55
"ENSG00000169900.8",10,0,0,1,1,0,0,0,0,0,0,0,0,8,3,0,0,1,0,0,0,0,0,0,0,0,0,0,0,0,0,1,14,1,0,0,4,0,0,0,3,34,0,0,0,4,1,0,0,1,0,0,1,0,0,0,0,0,0,2,1,7,0,4,0,0,0,0,0,18,0,3,0,0,0,1,5,0,0,1,1,11,0,7,0,0,0,0,2,2,2,8,0,3,0,0,0,0,0,53,0,0,0,0,3,0,1,1,8,0,0,0,0,0,0,0,0,0,3,2,0,0,0,0,2,0,1,0,0,2,0,0,0,6,174,1,0,1,0,0,1,0,2,0,1,1,0,0,0,0,2,0,0,0,0,0,0,0,0,4,0,65,62,0,0,0,0,21,1,10,0,2,0,0,26,0,1,0,7,1,1,0,3,14,0,0,0,0,0,0,0,0,1,2,5,0,0,1,0,52,0,1,0,1,1,3,1,311,0,0,1,1,2,0,0,0,0,0,0,1,0,0,0,0,0,1,0,253,1,0,2,0,1,1,0,1,0,0,0,0,1,3,0,0,0,4,1,2,0,0,0,0,0,0,0,65,1,0,0,0,3,0,0,0,0,1,4,1,0,0,0,0,0,0,1,1,0,0,0,1,0,9,0,0,0,0,1,0,0,20,0,0,1,0,2,9,2,0,1,0,3,0,13,0,0,0,1,0,0,0,0,1,0,0,0,0,0,0,0,0,0,23,0,2,0,14,1,0,1,0,0,1,4,0,1,1,0,1035,0,0,0,0,0,0,0,1,0,0,0,0,0,0,1,1,0,0,0,89,1,0,0,1,1,0,0,0,0,0,0,0,1,1,0,0,0,0,0,2,1,0,0,0,0,0,0,41,4,1,0,0,0,0,0,0,0,0,1,0,4,0,0,0,5,0,6,0,37,0,0,1,5,166,0,0,0,0,0,0,0,0,0,0,0,0
"ENSG00000170166.6",2,0,32,1,32,13,0,8,4,0,3,0,0,27,3,5,13,4,7,56,1,0,4,0,25,13,1,6,63,13,7,1,3,13,1,6,14,4,1,14,4,2,26,30,1,4,2,78,1,17,1,8,0,30,3,90,10,4,16,2,1,41,2,1,2,17,13,4,0,9,249,64,0,1,0,1,0,10,12,2,28,4,1,6,2,19,30,2,93,3,10,4,28,0,0,0,0,37,6,7,1,0,5,5,1,45,4,1,206,41,2,1,2,4,10,3,16,12,3,579,2,12,3,2,2,0,3,3,2,1,25,1,24,8,3,0,5,0,2,5,1,273,1,1,43,55,9,1,16,0,1,1,8,6,50,3,4,2,0,9,8,2,6,0,38,10,25,25,127,6,16,2,17,94,4,0,139,3,0,4,0,46,6,9,120,0,2,23,4,9,6,262,11,2,2,45,0,3,0,41,1,14,0,8,0,1,12,77,3,9,8,57,11,42,14,0,2,11,73,66,0,0,0,25,4,0,1,185,1,17,0,9,2,16,21,1,0,2,1,2,2,5,16,1,12,22,12,2,33,62,0,0,0,0,0,1,0,9,6,55,2,2,35,5,0,6,16,1,20,0,5,0,2,0,13,25,97,0,6,1,6,11,54,0,5,5,0,12,4,435,2,0,2,8,1,120,8,10,13,7,0,14,168,0,7,0,1,0,1,1,20,4,4,90,0,8,0,122,11,96,37,3,0,6,14,10,0,5,101,0,28,5,4,8,0,0,0,6,8,5,1,10,25,1,0,2,0,18,16,0,1,14,1,22,1,0,128,1,9,31,9,22,8,41,1,17,3,2,2,1,83,9,6,4,5,0,4,0,6,2,1,8,17,1,0,0,112,1,2,0,96,7,0,4,1,2,8,204,11,0,0,4,7,1,10,3,4,19,0,2,2,0,4,8,2,0,0,93,13,2,0,1,8,1
"ENSG00000170231.16",77,0,14,3,1,0,1,0,0,0,0,0,0,743,922,0,2,5,1,0,0,0,0,0,0,1,1,1,8,42,0,1643,36,0,38,0,12,3,0,0,0,42,0,0,0,1,0,13,1,0,0,31,2,65,0,0,0,0,0,0,0,43,0,0,0,0,0,0,0,1,5,10,0,1,1,0,198,1,50,10,102,136,2,2,3,5,1,0,50,0,3,184,0,0,1,0,0,1,9,24,0,1,46,0,0,4,2,1,221,0,4,3,0,10,0,0,4,0,11,56,0,5,0,0,3,1,0,4,1,51,4,0,216,15,0,0,3,0,1,0,0,0,159,1,2,4,2,3,12,1,0,0,2,5,0,1,2,0,7,7,0,0,229,1,5,4,29,9,6,3,8,0,47,0,0,0,1,10,0,0,0,11,0,2,0,0,2,1,2,2,0,15,1,0,46,4,0,23,0,1,0,0,10,199,0,2,3,144,5,0,6,3,11,10,0,0,1,0,11,29,0,0,1,0,0,1,0,106,7,3,1,1,5,0,0,0,0,0,39,0,0,16,0,5,66,20,0,0,0,0,0,1,0,2,0,0,0,3,8,15,5,26,128,3,0,0,7,0,2,1,8,0,14,0,0,0,26,2,0,5,0,42,1,1,1,0,2,0,0,0,0,2,0,1,0,26,8,0,0,1,0,3,45,0,661,0,0,1,5,1,0,1,1,2,0,0,3,2,0,111,0,7,0,1,14,0,0,0,2,0,5,0,9,0,1,0,0,31,0,4,0,0,0,6,3,4,1,8,45,0,5,22,0,10,0,0,0,16,0,0,1,1,4,8,3,0,281,0,0,2,0,0,7,0,7,1,0,1,0,3,1,4,2,1,0,35,1,40,16,0,10,0,0,0,0,0,2,116,0,0,1,0,2,0,745,3,12,4,0,2,1,0,1,3,2,0,0,10,96,1,1,0,2,6
"ENSG00000170289.12",0,0,0,0,0,5,0,1,3,0,4,3,2,13,44,0,1,47,16,4,0,2,1,0,1,1,0,2,2,45,2,0,5,3,0,4,0,1,0,1,0,1,3,1,2,0,2,0,0,0,0,30,0,5,0,2,2,0,2,0,1,44,0,6,3,3,0,0,4,1,9,2,0,0,1,0,45,0,2,20,5,10,10,0,6,2,0,1,2,1,2,5,6,0,0,0,0,3,7,51,1,1,0,0,0,1,6,0,115,0,3,1,0,40,0,0,7,0,14,4,1,6,2,1,2,0,0,1,2,2,0,0,17,0,1,1,79,1,3,2,0,1,83,2,2,47,1,0,1,2,4,1,1,94,3,5,0,2,2,24,0,2,1,1,1,3,16,3,0,2,8,10,1,51,0,0,1,4,7,0,1,2,5,2,0,0,0,0,1,35,0,1,2,8,0,2,1,0,1,0,0,3,4,38,0,14,1,0,0,3,3,11,1,2,22,0,1,0,43,1,0,0,14,1,0,0,2,22,6,3,1,4,2,1,0,0,3,0,0,0,1,2,1,1,2,6,1,0,2,2,0,3,1,0,0,1,2,0,0,35,5,2,0,9,1,0,1,2,1,2,5,0,4,0,1,1,31,0,0,23,6,29,12,0,1,1,0,0,0,0,1,0,0,0,2,13,91,1,0,2,3,11,10,0,6,0,0,2,5,2,1,2,0,1,3,1,25,1,3,14,0,8,0,3,2,5,9,0,2,0,10,0,1,3,9,2,1,8,1,0,0,0,1,6,81,4,0,0,17,0,1,4,1,29,3,1,0,1,2,1,13,0,1,3,2,3,0,1,0,0,2,6,48,4,8,0,7,0,1,1,6,4,3,0,0,0,0,8,0,0,25,2,1,2,0,4,39,31,4,0,0,0,0,2,1,6,35,6,0,2,0,1,1,3,0,1,9,2,3,1,0,0,0,0
"ENSG00000170290.4",16,0,116,1,0,0,0,0,0,1,0,0,0,30,8,4,0,0,0,0,0,1,0,0,0,0,0,0,0,6,0,3,0,0,0,20,0,0,0,1,1,1,2,0,0,0,0,2,0,0,1,2,0,1,3,0,3,1,0,0,0,123,0,0,0,0,0,0,0,0,0,2,63,0,0,0,1,0,1,1,1,0,3,0,2,0,0,0,40,0,0,22,0,0,0,0,0,0,0,0,0,0,146,0,1,0,0,0,13,0,0,0,0,0,0,2,1,0,0,0,0,20,0,0,5,0,0,1,0,0,0,0,5,0,0,0,2,0,0,0,1,0,21,0,0,5,0,0,0,1,0,0,0,52,1,0,7,1,0,4,26,0,3,1,2,18,28,3,0,0,3,34,22,3,3,0,0,3,2,0,1,0,8,1,0,0,0,0,0,7,0,1,3,1,44,0,3,62,0,0,0,0,1,2,0,0,0,0,0,0,0,0,0,0,0,116,0,0,0,4,0,0,0,0,2,0,0,1,0,5,0,0,3,8,0,0,0,0,0,0,0,1,1,0,34,0,0,0,2,0,0,0,0,2,0,0,0,6,7,26,0,0,3,0,0,0,0,0,0,0,2,1,3,0,1,0,3,0,0,8,0,0,0,0,0,0,0,0,0,0,0,0,0,1,0,0,2,0,0,8,0,0,55,0,0,0,0,0,0,0,0,0,2,0,0,23,1,2,2,0,2,9,0,0,1,1,0,0,0,0,0,0,0,1,0,0,7,0,4,0,0,0,0,0,1,0,0,3,5,0,0,5,0,2,0,1,0,0,0,0,1,25,0,0,2,0,1,0,1,0,4,0,0,0,1,0,2,0,0,1,0,0,0,0,0,2,0,0,0,0,1,0,0,0,0,17,11,4,5,0,0,0,0,0,1,0,1,0,0,0,5,0,0,0,0,0,0,95,9,0,0,0,0,0
"ENSG00000170312.16",229,0,80,186,1090,732,201,99,71,1346,144,1174,3107,2383,1370,68,131,996,472,180,343,27,179,233,221,532,430,1411,270,441,1320,574,701,179,64,848,288,221,1064,620,55,989,1485,71,82,242,94,833,25,110,353,2983,282,1019,269,166,52,2056,1950,2066,72,1581,231,553,79,795,194,68,2536,1538,913,396,135,5,165,19,2008,391,1922,553,988,500,1834,218,893,439,219,403,322,24,893,368,336,812,188,15,36,950,1000,887,230,74,801,162,396,1384,1014,31,4755,821,585,121,230,997,372,225,2528,490,1561,2689,210,344,58,783,587,15,40,649,1394,1227,187,27,1127,79,905,28,345,22,2057,88,19,2519,994,109,274,2185,993,1195,1440,759,53,37,729,393,114,845,207,1033,876,605,407,407,884,625,552,758,1267,2881,2035,5197,151,421,617,5026,311,295,380,1011,603,425,68,427,616,815,243,349,853,94,218,1077,100,5932,1634,772,254,1394,86,361,139,1343,138,2185,1649,2235,17,997,85,3024,562,341,152,745,1291,425,941,414,45,73,226,1064,8,526,479,83,55,25,664,2959,108,321,2184,525,698,890,73,1187,69,287,450,365,125,363,77,171,1340,1428,591,176,347,327,65,610,79,1230,42,381,98,280,226,4513,1741,369,8058,2533,66,666,759,28,2013,33,780,31,1659,31,251,1299,808,14,186,655,1516,859,160,29,148,1875,34,348,273,382,174,313,298,69,244,1448,4857,363,208,168,1378,120,3004,45,617,94,49,266,277,1413,284,1899,539,632,676,826,2807,1160,87,226,1013,522,48,3448,749,721,34,219,287,24,1355,610,164,663,2148,74,682,4222,120,233,18,322,161,1126,3478,761,52,475,946,22,195,2230,167,1689,136,64,1637,905,1761,240,791,92,298,1151,3720,129,345,1870,128,465,921,442,376,544,1766,123,1069,11,153,1446,90,1082,288,68,232,314,1379,226,847,817,843,378,34,1177,503,661,699,3032,201,30,330,565,293,40,2044,139,1540,2465,559,171,414,470,94,74,438,277,224,5208,832,207,16,70,2408,53
"ENSG00000170323.9",7,13,23121,306,43,161,4,374,2924,47,102,553,2,7,9,403,828,119,355,49,1803,76,169,87,8741,2881,3,52,183,6,13,18,31,1225,5,33,229,300,301,263,247,89,88,970,312,780,54,257,79,1715,871,124,54,40,3873,55,1749,528,609,148,1265,11,2332,397,228,590,730,402,77,279,300,1114,150,9,848,27,17,77,89,204,1399,30,0,542,39,37,210,283,403,25,97,8,67,593,239,4,817,473,19,26,101,62,163,198,83,176,340,73,144,85,83,211,50,376,275,231,225,261,77,182,121,125,1305,231,79,47,523,32,122,109,977,54,15,449,42,7,605,14,63,490,100,723,42,23,282,53,19,40,36,4,38,69,3,772,1171,13,8,318,156,34,958,167,10,55,13,1340,226,74,306,29,79,189,681,60,320,106,293,88,64,50,32,115,52,40,924,237,302,3231,71,1880,794,42,69,223,74,102,53,34,563,36,101,2331,1727,21,59,804,3159,12,442,6860,206,62,30,64,256,10,135,2026,229,120,27,347,221,90,157,49,441,4,11,284,55,257,1948,2099,1356,503,40,437,590,189,682,69,5432,475,344,31,23,104,8281,74,235,453,151,10,57,1056,78,148,70,281,440,299,92,44,25,30,58,39,201,141,25,64,10,22,102,77,47,25,3271,106,594,156,150,115,362,1008,28,561,18,299,148,298,379,1007,340,219,35,1828,2067,8,68,233,593,178,598,79,510,377,26,104,296,93,801,255,378,39,124,26,381,459,54,125,43,263,104,1036,304,534,290,36,234,127,434,1020,275,67,118,12,2403,251,44,1436,454,6,13,260,1457,186,114,189,31,10,1377,286,324,182,68,41,12,15,4030,2192,93,31,10,325,12,9,1171,255,1136,563,37,15,35,601,1491,84,795,120,1487,200,60,101,166,8,166,108,1027,26,51,536,51,174,292,47,383,154,346,37,267,36,1637,623,640,32151,45,230,1271,474,64,188,487,732,93,154,95,1756,112,54,136,278,8,41
"ENSG00000170324.21",40,0,0,0,33,2,0,0,0,30,0,3,2,1,2,0,1,5,0,5,2,0,0,1,5,0,0,4,1,0,11,20,0,112,0,0,0,0,0,1,0,6,9,0,2,0,3,0,1,1,0,10,1,1,0,0,0,6,0,1,0,35,0,0,0,1,3,2,0,6,1,0,0,0,0,1,14,1,5,1,3,11,0,2,5,1,0,0,4,1,2,0,1,0,2,0,0,5,8,2,2,0,5,0,0,3,3,0,2,7,1,3,0,13,2,0,131,1,4,0,0,1,3,0,1,0,1,8,11,1,3,0,0,0,0,0,0,0,2,0,4,69,6,1,0,2,1,2,3,5,0,1,0,6,2,0,0,0,0,1,58,0,3,2,0,0,4,0,59,3,2,6,2,0,0,2,0,0,28,1,0,0,5,2,11,0,4,2,0,0,0,3,1,2,11,0,1,2,0,19,0,13,1,68,2,0,5,132,1,0,1,2,0,1,30,11,0,0,1,31,0,0,3,0,0,1,1,23,0,0,1,0,0,0,0,1,0,0,4,2,0,0,1,0,6,2,0,0,0,5,0,1,0,1,1,8,0,0,1,1,2,3,2,5,0,3,1,0,0,0,0,1,0,0,0,2,0,2,1,1,10,0,4,0,0,0,0,0,4,1,4,0,0,0,0,0,4,0,0,30,2,0,4,0,1,0,0,0,1,6,0,1,0,6,0,1,4,1,3,2,1,43,0,4,1,2,1,1,0,0,1,1,4,0,0,0,0,6,9,1,0,0,0,1,47,1,0,1,0,1,0,3,0,50,0,0,5,10,0,2,7,0,2,1,0,0,0,0,0,1,0,1,0,1,0,0,9,3,2,169,0,2,25,0,2,2,0,4,0,1,2,0,1,2,1,3,1,7,1,0,0,1,0,0,0,1,0,1,1,1,1,20,1,0,7,0,0,1,0,2,0,4,0,0
"ENSG00000170345.10",937,13045,4415,6958,3850,446,85,1108,3061,588,9037,418,647,2149,5024,6549,1165,427,183,6047,1508,11048,896,7683,2765,553,91,27095,383,25204,1365,1067,7826,5413,797,9070,11033,636,2823,1149,1622,1416,12719,5316,63863,96,216,4387,19120,11680,479,5103,10621,1026,1559,237,36248,11733,871,1976,636,2476,110,11346,1752,3056,647,1849,1213,2290,5700,4422,4730,14347,1359,34145,1752,3852,1814,6062,1402,483,37096,5877,143,256,2220,101,4769,327,1670,1153,124,272,550,5542,1895,28040,2578,3190,1027,28698,1971,1196,7429,4964,1068,22467,596,1084,1435,19388,14821,2646,142,1920,1696,785,672,3123,670,2356,160,1977,1093,7662,4186,132,1936,691,3105,20651,1397,1943,2806,52471,928,27555,1304,1886,5136,2964,12756,6333,4372,4505,1734,194,6291,13084,5976,23910,896,691,22626,268,146,4437,122,2147,633,272,6372,3289,171,3708,3812,1972,215,1195,543,2997,3707,4885,3837,1106,859,1555,14211,1589,725,1412,600,866,600,4814,11262,3490,534,274,5152,7635,2231,1715,1671,128,21278,2303,595,1602,2574,332,2421,346,67206,623,3039,749,375,1115,13238,2332,1378,7353,5190,3787,11236,526,1839,7018,32509,935,1276,1769,3345,18358,5107,3432,774,4402,764,1431,2043,467,356,1939,49919,470,675,2211,2757,1398,2117,1993,825,1766,912,239,3482,378,909,248,38340,23642,4623,621,5178,1508,814,7095,677,2724,968,295,19465,1423,816,7270,576,11002,942,1172,2939,5909,3010,195,1033,7418,348,2372,761,551,117,8314,734,374,7348,5374,483,1481,52572,5296,1542,1990,499,2644,3141,1002,1574,732,3707,323,1704,3107,95,1040,439,1045,270,623,538,502,1592,1554,1198,805,565,9632,4360,1970,3286,967,24062,2165,2530,1303,47962,762,252,5747,3362,1595,6519,2981,10626,54002,121,3878,353,1487,34710,1418,4501,3212,444,325,7488,107,763,18426,39034,2238,5755,1964,300,50472,1878,3205,412,879,16864,19260,5461,1277,3107,285,98,1361,2375,340,740,2298,734,101,495,4085,293,17826,1581,16433,1287,1978,219,1729,14168,974,2520,920,222,715,287,447,4496,753,332,736,3560,454,16170,4189,6868,587,1494,234,3086,37946,3187,3850,2697,7300,2607,4386,6648,4488,1021,920,603,7814,654,42364,80078,6607,1343,5315
"ENSG00000170369.4",142,0,0,31,68,6,0,0,0,248,27,6,104,28,13,0,4,9,3,33,54,3,45,67,0,0,0,33,0,13,5,137,29,22,9,7,23,1,0,5,0,333,0,2,10,10,1,189,4,1,0,23,1,0,0,1,0,2,15,0,0,0,1,29,1,3,7,2,41,7,44,28,1,0,7,0,36,8,10,4,16,0,5,40,1,0,61,0,8,1,64,49,0,50,83,1,1,0,5,7,95,0,225,1,28,1,1,0,23,0,98,12,140,97,0,2,3,0,0,292,0,1,0,0,3,0,3,0,31,50,2,0,0,16,46,0,1,0,3,0,2,230,219,9,36,25,10,26,13,16,0,6,0,3,2,0,0,68,54,8,2,0,3,57,86,44,2,42,0,48,0,1,1,0,113,7,14,0,328,0,0,7,1,1,0,1,68,10,2,1,2,4,0,11,1,0,0,0,0,1,6,4,138,5,1,0,20,24,41,1,18,27,7,2,12,271,18,3,10,0,1,7,1,7,1,0,3,1,7,2,0,3,25,2,1,12,0,2,0,10,22,32,3,0,15,20,0,12,6,2,10,0,3,20,1,4,3,42,21,1,4,2,21,1,2,11,21,6,1,4,34,0,0,0,1,0,15,2,0,7,1,0,3,1,0,16,2,50,1,35,41,4,48,0,18,24,4,4,2,254,14,1,29,0,0,10,1,7,17,0,0,8,0,33,32,31,4,63,14,9,32,4,3,0,26,10,0,6,9,2,173,3,13,0,2,2,0,17,0,4,0,9,10,21,0,38,1,6,0,0,1,9,3,2,1,0,1,0,1,0,0,9,24,28,91,4,0,3,14,40,1,27,0,28,0,4,0,1,1,0,0,1,1,0,2,0,8,41,1,0,17,0,0,11,5,3,4,18,29,1,3,2,22,0,32,13,2,0,10,19,3,1,2,1,1,8,0,1,1,0,0,0,66,8
"ENSG00000170373.8",453,0,5,1,84,0,3,0,2,96,19,252,25231,2,30,6,0,3,761,0,1,0,2,9,7,0,2,0,0,915,0,24,31,0,5,123,4052,0,64,115,2,500,0,122,0,0,3,92,6,0,12,153,0,78,113,2,0,0,1,0,0,0,0,1,0,0,0,19,0,22,5,227,0,1,0,2,7,1,363,0,5352,0,9,0,0,1,0,16,0,4,53,11818,0,5,31592,0,39,70,1600,39,6,0,32,83,10,4,2,1,3,0,47,0,4,23,0,1,0,0,0,28574,1,3,2,5,1,0,6,0,0,29,8,0,1,0,1,0,19,0,6,2,2,42,230,0,2,1,419,18,13,9,7,0,0,0,0,0,2,16,21153,51,3,2,3,23,55,23,6,6,0,2,0,1,119,0,224,1,8,8,916,18,0,0,15,1,37,0,1,0,0,2,0,1,0,306,2,1,1,0,0,95,3,0,16,12,0,0,0,0,0,0,1,1,1,0,12,126,12287,4,0,15,0,0,0,1,0,0,277,0,19,455,12,0,76,907,208,5322,3,32,4,4,5,116,5,0,0,40,0,5,1118,0,6,1,0,0,0,0,0,0,3361,0,0,0,12,2,0,17,0,1,0,0,248,0,1,0,5,0,6,0,11,200,0,4,0,0,1,11,1,67,14,385,1,19,8,2,143,27,26,4,1,371,0,0,0,0,0,43,0,1,0,4,31,6,0,3,1058,215,286,3,0,0,4,87,0,0,20,6,1,2433,26,0,67664,2,1,0,307,3,13,5,3,774,0,3044,0,1,0,0,2,7,0,0,1,22,1,0,1,0,0,12,1,2,0,11,117,1,2,2,0,0,33,0,6,1343,0,12171,1,0,0,0,0,0,4,0,3,0,1,0,96,2,0,0,41,0,0,0,0,9,614,611,116,74,13,1,14,14,0,2,0,0,1,0,48,0,0,0,65,0,0,122,5,1,0,0,7071,2
"ENSG00000170442.12",889,7,28,4,38,10,2,94,47,723,0,0,3,22,15,19,12,22,0,16,16,6,147,33,5,30,5,180,1,4,2,2,74,8,33,91,14,12,0,1,12,50,0,0,16,32,342,3,18,11,2,30,10,3,0,22,18,0,1,49,9,12,0,177,13,3,6,1,4,35,22,12,3,2,29,3,23,195,7,11,15,14,48,116,22,13,36,2,190,48,6,57,1,2,320,1,0,4,25,46,23,14,24,12,4,3,45,3,15,8,6,17,174,235,2,1,44,0,4,2,0,10,1,1,31,4,14,2,3,396,5,3,12,16,3,5,0,1,2,19,15,104,26,11,18,9,15,67,3,105,4,11,74,390,53,0,3,9,5,58,4,3,10,24,6,16,15,27,1,35,429,7,72,2,5,15,29,2,47,3,1,11,1,14,0,258,222,7,97,19,32,12,15,78,52,1,3,2,2,123,15,7,1,2,3,6,1,53,62,6,44,103,2,17,5,79,0,0,3,6,1,53,0,40,13,3,2,7,75,4,11,500,8,2,0,20,2,2,4,7,55,287,3,4,33,2,0,3,2,60,9,5,4,11,5,16,5,8,1,5,103,3,10,1,3,533,42,8,134,9,44,7,2,2,23,2,8,1,98,17,9,9,84,1,195,3,2,34,2,9,68,173,54,0,5,0,10,8,1,1023,26,49,7,1,8,22,0,9,85,0,11,81,1,47,20,47,3,33,234,11,17,113,5,0,4,14,76,0,3,1,0,9,2,2,4,3,70,6,1,83,3,0,17,114,0,4,3,8,2,3,1,42,670,7,12,4,4,58,6,20,61,30,8,16,17,35,17,1,36,45,43,9,0,4,450,4,20,37,3,102,8,5,118,75,28,65,79,171,3,0,2,57,2,23,11,3,49,3,56,1,4,6,93,274,55,30,1,1,21,58,12,13,12,7,123,0,37,32,19,13,1,0,1,10
"ENSG00000170509.12",62,14907,80,5849,213,83,7,25243,1010,954,556,72,11,42,21,11412,1952,15624,45,3586,13721,22533,94,9194,15768,122,895,2700,5266,593,654,19,14635,34551,10680,5,186,902,34,29,196,16,6,36,12564,231,6,4161,24525,6167,7257,191,16789,128,367,19631,3416,1225,12776,4091,10,5817,2470,5147,5137,4309,28961,12,8694,12879,1697,3856,11237,13195,1345,23805,893,13,342,17877,943,13630,36,198,16126,4832,108,960,40,469,6217,326,14,53,6,8240,9928,20123,9,361,8887,15255,35,2927,163,35,18555,18854,31,16,11330,20300,149,1480,34,7773,1620,4,263,40,8,10523,30279,139,965,19987,8877,1598,7206,483,10167,24538,513,3540,97,28549,16,32329,217,6977,13465,4135,459,25927,1605,729,17,408,24,13,17640,19548,536,80866,13764,114,466,11609,38,18539,11142,14,39,6840,174,3101,11,31,19332,20,22,25888,8,650,45,6952,647,13,2744,19,11240,10216,9455,3215,15063,18528,1793,17119,30066,7919,597,21,6,11211,19199,59,19258,77,31,13,26133,33087,24,22224,31542,677,19839,23084,8328,71657,12848,3056,54,2621,1672,9,410,20,3661,5229,17090,5700,73,8726,19086,10925,2538,23681,11,140,15,1124,3107,100,520,517,29840,221,12168,23650,33,68,781,141,75,101,25,68,9818,22,656,381,20476,1543,17036,22495,18885,813,19,2505,11204,64190,13,7,8573,282,1030,19720,2412,17291,723,13757,12,9234,1108,51,27,20913,32,31,69783,5,426,7410,1892,1017,21229,73,1,176,8711,101,2965,1016,311,197,111,191,177941,4,4119,90,23,16434,82,1535,19,547,6947,669,33,5,10137,358,22,8,14,6,134,2033,1622,4205,30073,43,9152,14318,13708,23,7,20126,0,139,8963,906,45,43833,13,14,3282,17,35376,238,3753,755,1507,4250,10660,0,4,13370,11346,32,1431,873,11,37882,73,109,10,31,16925,2599,575,136,1515,23994,15,314,5,3403,7911,863,51,12,10455,6384,30704,21721,48327,19567,32402,5670,41234,274,10067,3689,138,511,5925,1633,12,10,11359,372,2009,2665,4832,10,5032,14085,1510,2287,101,1079,317,17,15,33,12426,18,4334,2739,11419,11862,30669,3989,817,14,21,28294,29219,58492,15,17798
"ENSG00000170516.17",0,0,1,6,0,0,342,0,0,0,1,1082,0,498,25,2,1,1278,2,0,0,0,0,295,583,0,0,1271,768,596,0,0,503,31,718,0,604,12,636,354,0,0,0,0,12,0,0,738,0,2,0,1279,0,1215,0,2,3,0,1976,0,0,1559,34,16,1,0,112,0,0,0,1154,0,322,0,0,0,0,0,11,835,615,732,0,0,1478,0,0,240,0,84,0,852,606,1,0,0,0,819,141,0,3,0,0,0,0,0,5,0,90,1204,0,1,0,8,0,563,1,81,73,2311,544,314,0,0,12,0,27,1627,0,110,64,0,2197,0,0,0,0,0,967,104,0,0,655,0,0,3,19,0,0,2,0,0,0,2224,49,5,5,0,4,413,724,0,0,0,0,993,517,5,15,567,1,553,0,4084,0,16,1000,2026,0,418,0,0,6,245,1217,30,1418,0,1,685,0,2,0,579,368,145,0,1,0,0,4,0,0,4278,0,3137,0,0,1528,103,0,0,3,75,1056,1,0,0,617,4609,1,1631,1,2,0,0,2,352,0,0,0,91,0,0,18,1158,1,0,84,863,0,17,0,0,0,0,2,0,1,8,9,7,0,0,0,0,0,0,87,901,689,1219,0,915,0,0,0,0,940,0,1123,0,2276,0,0,0,1129,0,0,585,432,1201,422,0,0,0,1,0,0,1,5,2,0,231,0,569,640,0,6,0,0,0,206,0,1265,0,0,117,864,613,1246,0,73,0,0,310,1115,1,0,4,0,17,0,0,154,0,0,0,742,1,621,2,82,0,249,0,0,0,0,0,0,6,12,1,629,12,51,0,1025,0,2,453,0,2299,0,0,2,0,608,1,37,0,2,0,0,16,0,0,0,8,1,295,177,529,2263,9,1573,0,0,474,142,1073,1503,0,0,62,0,353,11,0,0,0,0,0,0,2,741,1,219,0,97,1,0,0,124,0,395,1293,2069,0,77,705,0,0,613,1,625,1,0,0,0,16,0,0
"ENSG00000170537.13",57,2,20,68,246,94,17,31,36,27,10,40,67,340,43,12,45,20,4,108,93,3,88,81,59,58,7,85,8,318,414,122,248,42,73,34,94,40,58,173,3,68,110,48,39,19,74,92,9,131,61,544,30,132,28,231,45,33,83,9,25,54,8,21,10,49,41,25,480,27,895,186,79,5,18,10,162,75,244,104,95,15,166,91,21,42,83,5,124,13,277,122,66,99,5,9,18,115,289,85,51,23,121,20,151,41,138,12,292,21,260,28,117,116,51,90,96,9,218,480,8,32,21,113,79,8,19,7,50,49,62,19,79,116,124,13,86,8,47,50,20,84,280,36,449,45,96,32,118,93,17,8,137,53,63,83,83,486,90,118,17,52,50,376,70,23,478,115,95,475,22,41,25,97,59,53,170,122,918,16,1,70,251,108,20,128,64,61,92,12,193,28,70,229,31,139,16,155,22,193,5,20,224,19,10,212,29,92,35,34,54,206,181,55,285,41,7,6,130,371,5,97,59,65,41,12,33,19,54,203,58,25,153,14,14,44,6,19,28,42,102,136,35,22,178,93,21,16,235,21,15,52,16,67,16,56,31,71,21,89,46,26,104,404,13,242,91,14,26,8,213,11,24,9,140,32,112,5,4,25,32,85,11,12,29,192,7,36,96,239,41,111,33,88,41,341,134,22,68,31,345,13,146,14,29,38,27,39,47,228,34,81,60,119,137,100,86,128,76,140,85,36,7,199,126,32,54,11,13,5,28,16,48,20,9,22,72,299,18,22,4,23,56,12,41,25,15,28,29,6,11,461,36,631,22,14,94,29,90,141,92,132,31,124,136,14,23,125,14,18,11,83,51,15,64,9,46,9,84,54,14,24,19,85,43,16,36,331,24,255,264,19,19,106,12,37,88,124,89,21,9,32,76,21,119,30,106,343,8,157,147,18,39,42,56,160,6,120,76,41,14,8,107,10
"ENSG00000170577.8",611,2,32,2,1364,1,1,4,0,10,16,2,178,14,801,2,11,4,1,23,0,0,14,2,9,0,9,7,2,2,16,12,0,6,1,31,6,1,5,5,0,27,15,9,3,2,9,6,0,10,10,4,0,42,13,12,6,11,3,8,8,12,2,3,0,46,1,3,2,15,551,5,4,0,1,0,852,75,15,2,7,6,470,7,5,15,0,8,36,11,365,5,0,143,2,0,3,33,4,191,2,4,1222,3,1,2,6,0,267,7,10,0,6,1,1,1,73,0,5,9,0,1,3,2,1,1,0,7,1,563,1,0,4,3,2,2,26,0,16,6,0,202,2,0,1,12,34,29,19,49,0,1,50,26,0,0,2,88,3,13,6,54,0,54,633,16,11,3062,17,13,7,14,12,21,3,1,2,111,3,1,0,226,5,41,1,2,1,0,83,2,0,332,758,2,16,0,0,4,8,254,0,3,19,17,1,3,15,71,1,1,7,388,121,5,6,8,3,0,2,2,0,3,28,5,0,0,1,0,0,23,154,4,1,13,4,9,0,2,12,3,2,0,2,14,763,7,1,7,8,3,3,48,0,0,1,2,1,128,4,24,2,0,545,43,0,84,36,0,5,1,2,0,8,0,6,10,39,1,4,6,4,17,1,1,0,2,1,10,13,6,0,2,13,4,74,70,76,3,3,1,17,14,1473,0,3,2,3,2,0,2,2,188,4,81,3,426,8,148,5,0,64,22,0,190,0,15,2,10,10,0,3,1,6,7,2,0,3,27,18,16,0,10,12,36,14,4,4,301,1,0,1,122,2,2,10,0,971,120,246,48,8,25,2,74,46,1,26,22,3,3,2,0,8,2,1,2,2,0,2,5,4,11,3,1,4,3,80,107,0,4,16,6,0,40,2,49,14,318,1,1,2,3,0,0,1,17,13,4,4,15,0,2,7,1,4,0,6,1747,273,8,0,0,44,0
"ENSG00000170627.11",4,0,9,34,6,3,7,4,4,24,1,8,27,3798,3146,12,1052,1397,0,3,9,5,976,38,585,2,0,150,1,89,0,0,773,369,87,44,46,5,0,1,6,11,60,10,26,2,12,83,8,6,7,2849,14,94,13,2,14,7,2228,2,1,1638,0,340,15,3,5,1,7,3,1737,6,10,1,1,6,0,10,641,515,1607,451,6,4,1478,3,3,93,4,1,13,11,5,1,0,4,5,313,72,31,6,9,11,0,2,5,2,17,8086,2,8,28,5,2595,2,61,3,10,815,445,35,221,1,1,3,2,0,190,3,86,8,3,1388,4,5,7,1,6,74,52,3,14,982,3,8,10,1544,2,6,18,2,0,1,1775,12,0,5,13,5,692,15,2,11,5,1,146,1384,11,0,395,1,5,2,41,3,8,817,4939,14,19,125,22,549,1287,1396,7,1240,1,2,894,14,42,17,2562,541,2,8,7,0,2,0,0,32,951,9,3106,2,0,1097,2,6,12,27,2039,1097,5,1,2,1088,35,1,132,1,2,0,2,0,1741,16,3,8,14,13,11,0,37,6,5,5,69,6,26,0,2,2,2,1,1,4,4,8,2,1,22,11,6,6,3,3,714,574,18,12,1199,19,3,5,3,3315,1,203,7,2830,3,4,4,1012,0,1,2067,340,8,2108,5,0,8,9,10,9,14,6,5,15,22,6,3841,1982,1,0,5,5,4,6,6,2229,10,2,2,3315,1175,1,2,17,3,6,12,2661,154,3,52,1,3,2,1,136,1,10,6,24,16,836,18,107,10,11,4,1,7,3,0,2,4,9,1,3956,2624,2,3,47,16,58,79,2,6228,0,13,4,0,16,5,70,27,5,1,5,8,1,16,1,451,4,12,9,1211,4318,0,4,8,3,20,2705,324,11,4,13,10,35,16,6,0,7,3,8,3,0,4,1099,12,14,0,116,1,5,2,38,17,10,23,29,9,3,5,10,1,938,0,52,25,1,5,1,1,0,7
"ENSG00000170629.14",5,0,12,8,12,12,2,13,10,5,5,158,36,114,12,3,3,48,9,12,5,4,6,18,41,72,33,8,2,90,41,16,5,16,16,165,8,2,71,172,4,1,97,15,16,12,4,2,3,3,2,106,6,25,38,45,8,12,2,1,9,28,11,17,11,6,13,9,17,49,185,12,1,1,2,3,26,4,71,28,38,61,225,2,111,9,0,11,29,4,12,154,21,25,25,0,7,27,136,93,2,7,62,6,9,23,92,8,130,22,11,16,11,1,29,24,50,12,151,12,2,2,4,9,3,1,1,8,9,101,4,7,78,3,9,8,1,4,149,2,3,34,30,4,9,173,13,11,3,17,0,11,107,78,4,3,4,32,54,20,11,1,37,8,0,38,25,53,38,50,8,4,18,65,0,3,3,8,66,15,0,14,62,140,10,3,11,14,19,17,5,68,13,3,2,10,5,5,2,107,9,44,18,54,9,7,12,159,4,45,15,7,31,76,24,8,3,1,23,18,2,3,4,4,8,5,9,108,2,19,51,10,15,10,4,10,5,4,1,5,14,6,8,7,5,35,12,10,37,10,3,23,3,4,6,10,6,1,7,38,15,19,185,58,3,8,0,8,8,3,5,4,70,1,3,34,5,1,4,10,14,10,11,3,12,9,1,3,5,20,11,12,3,3,5,208,261,6,58,11,272,3,201,7,11,0,26,9,8,57,9,10,4,16,16,10,31,53,15,7,61,39,5,105,9,13,5,11,7,1,13,14,5,21,14,5,21,23,20,18,1,6,9,2,5,10,5,6,19,3,5,69,13,30,6,6,27,27,21,3,105,3,10,5,9,16,12,7,9,17,11,52,3,6,26,4,47,8,18,7,15,23,7,2,8,3,8,14,5,38,3,10,3,11,4,6,90,45,21,2,2,16,14,9,28,9,234,13,4,29,19,5,5,13,2,2,17,83,82,13,6,5,51,5
"ENSG00000170681.7",57,0,101,35,28,4,4,7,4,16,3,21,7,63,20,4,3,27,8,24,11,0,31,19,10,6,10,27,3,22,55,20,17,124,12,23,24,14,21,20,2,87,19,10,6,1,10,37,5,359,4,59,9,9,5,21,9,8,10,12,6,156,3,12,3,13,7,19,43,9,61,52,18,8,4,0,22,6,18,14,17,56,9,10,53,6,6,13,20,4,19,30,9,0,3,0,2,30,15,13,7,7,14,5,16,15,19,3,255,8,13,7,20,36,7,5,82,6,18,56,3,15,294,16,17,3,6,17,13,52,11,2,57,19,7,6,16,5,95,7,3,50,44,103,23,34,14,27,6,18,1,3,2,52,9,12,11,37,11,41,34,3,29,23,33,19,26,62,19,27,10,24,19,26,17,3,21,10,36,13,2,14,32,19,13,8,19,14,21,47,14,52,16,23,23,11,4,8,2,14,18,5,29,66,0,8,233,4,17,11,10,13,43,17,59,9,3,9,15,25,1,5,3,11,6,3,45,27,4,7,43,6,38,8,9,17,2,4,15,22,10,28,10,8,215,9,0,5,20,11,4,3,2,19,7,3,9,8,7,37,23,19,47,32,1,12,10,8,7,6,20,2,17,2,7,2,13,2,6,19,10,28,5,1,1,12,0,6,2,33,17,29,5,17,6,13,98,5,20,28,23,8,111,3,14,11,7,12,8,14,17,23,5,5,13,15,12,9,5,11,17,39,6,13,24,12,9,6,18,4,19,3,16,9,10,6,14,4,9,3,3,5,9,281,33,19,4,7,71,3,5,33,7,66,9,6,14,28,24,8,18,26,12,46,50,12,7,20,16,15,30,28,6,8,23,9,20,4,15,8,6,12,39,10,8,9,12,9,3,11,15,10,6,11,2,18,15,18,18,4,5,7,8,5,49,48,24,16,2,7,58,5,7,4,37,3,14,90,8,9,9,22,8,0
"ENSG00000170684.9",88,1,85,16,123,164,66,10,16,59,44,11,102,239,285,20,20,99,15,129,94,5,22,17,10,21,197,20,33,55,51,127,57,25,16,75,32,9,17,14,9,180,42,9,15,2,10,64,15,18,42,52,24,129,4,54,16,89,63,48,14,56,17,51,5,60,22,18,23,53,205,27,3,7,18,16,287,16,193,71,87,75,392,112,18,12,8,23,14,22,157,44,41,139,26,1,27,10,43,142,26,15,237,5,24,13,32,16,402,27,40,42,13,26,22,25,91,24,135,162,1,10,14,9,31,2,3,27,89,245,14,6,285,18,182,9,40,2,125,3,13,161,43,8,72,175,70,453,114,33,6,16,52,64,11,12,6,25,28,22,62,240,100,22,166,82,72,107,21,39,37,16,12,27,118,13,60,320,198,56,5,14,7,36,14,37,5,16,50,8,45,72,87,91,9,44,5,13,12,124,3,135,92,38,9,43,14,33,43,80,23,313,174,4,90,26,5,38,57,20,3,10,186,10,14,27,19,120,18,26,156,14,59,24,7,42,12,20,32,15,11,47,9,14,66,123,22,45,15,37,6,48,10,57,20,142,5,34,13,52,16,22,231,281,9,9,45,10,21,14,77,8,225,7,84,86,183,14,19,343,22,137,54,7,7,63,3,39,72,224,36,13,104,38,190,85,94,8,49,28,20,59,2158,37,409,18,12,24,51,67,39,79,40,20,32,20,126,227,34,28,152,230,9,259,45,71,12,10,58,11,92,74,24,262,72,6,10,74,9,58,4,10,15,229,44,26,4,105,79,9,17,64,18,57,8,9,85,134,139,136,6,24,15,96,188,8,120,111,13,18,54,13,122,28,102,54,23,12,18,8,39,33,17,14,44,12,316,8,4,47,191,12,2,49,58,29,23,111,24,2,12,47,28,4,38,50,113,69,12,8,56,57,12,5,9,14,6,45,64,12,8,9,66,9
"ENSG00000170689.10",130,0,40,1,15,1,0,0,8,90,0,3,4,3,2,0,6,0,0,59,0,0,20,0,1,3,0,2,0,4,1,363,1,7,0,5,8,0,0,2,3,102,4,10,1,1,0,4,0,0,1,4,3,2,4,1,7,0,1,0,0,5,0,0,0,4,1,1,0,1,2,1,0,0,0,0,1229,12,2,3,3,1,1,5,0,0,0,1,11,3,4,43,0,4,0,0,0,0,1,5,1,0,113,0,0,4,1,0,131,2,0,0,0,0,13,0,6,0,0,0,0,1,1,2,1,0,0,0,0,13,1,0,11,2,1,0,0,0,1,0,0,154,42,0,42,75,28,3,3,6,0,1,1,14,1,0,3,0,0,1,5,6,3,0,103,3,7,6,3,80,16,2,5,2,0,0,6,2,501,1,0,7,0,0,2,3,0,0,1,1,4,4924,86,2,2,0,1,2,0,3,0,4,1,4,0,0,1,0,0,2,0,1,31,4,2,295,0,0,2,0,0,0,1,0,0,1,3,1,4,2,0,1,0,4,0,4,0,3,1,0,4,0,8,2,1,144,0,10,5,0,0,3,0,0,0,2,0,42,0,226,2,0,92,3,0,14,4,0,2,0,0,0,2,0,0,1,20,0,1,14,0,0,0,0,7,4,1,0,0,3,1,0,18,1,1,314,4,17,1,242,0,1,4,0,3,0,0,0,0,0,0,3,2,80,1,1172,2,35,0,3,5,8,0,0,4,2,0,2,1,0,2,0,2,1,0,0,1,1,5,0,0,0,0,142,0,0,0,21,0,0,72,3,2,0,0,0,1,144,0,1,3,11,1,3,8,0,1,1,0,0,0,1,1,0,0,0,0,0,4,2,0,2,0,2,1,1,3,0,3,0,4,6,0,0,10,0,3,0,0,0,0,0,5,1,2,3,0,1,0,0,1,0,3,13,1,3,0,1280,0,0,0,0,8,0
"ENSG00000170743.17",2,234,7,5,0,0,0,949,253,11,0,0,1,2,0,226,0,4,0,15,10,628,1,3,1183,62,0,3,0,0,3,1,1,23,6,1549,0,0,2,0,1,3,1,6,332,4,106,0,360,1560,0,1,10,1,0,0,49,0,2,0,0,218,0,169,31,0,1,2,7,0,21,0,1,474,2,287,0,0,0,1,159,103,102,68,190,0,1,2,32,1,2,136,0,1,30,185,7,5,5,1,4,465,0,0,4,1,28,103,18,0,3,140,195,0,0,68,1,0,0,0,1,0,602,0,1,679,189,22,0,12,95,339,0,4,0,311,0,120,0,169,213,5,16,241,8,2,0,0,0,0,270,298,0,371,140,0,0,20,1,19,0,0,16,2,0,20,0,2,0,1,612,0,244,57,3,2,1,1,81,0,304,0,9,1,14,1,157,50,1,44,0,6,0,688,423,0,183,0,1495,0,1,0,0,13,306,2,538,203,16,788,25,2,0,1,23,18,1,63,2,1,303,807,0,0,85,262,0,1,0,0,1,212,1,0,0,1,164,1,1,12,10,1,22,57,0,10,0,0,151,585,6,0,213,1,212,1,302,0,0,0,439,49,2,0,156,0,2,271,183,126,0,238,1,428,44,0,0,110,1,1,45,2,68,95,2,9,112,2,0,0,136,7,1,0,1,0,1,1,1723,16,23,0,415,51,0,4,0,5,9,0,11,0,1,0,506,1,0,3,471,0,0,2,219,3,1,4,133,4,0,160,0,0,30,0,384,363,18,0,0,0,435,0,16,9,1,4,2,3,0,96,461,3,530,0,0,174,0,96,0,2,2,9,14,0,8,9,0,4,0,2,0,0,1,0,348,1,309,139,358,21,10,1,671,0,41,0,0,2,0,1,0,11,47,0,0,1,63,0,68,247,11,1,0,24,13,4,3,0,231,40,37,75,52,122,0,0,17,35,0,232,283,527,0,267
"ENSG00000170788.14",0,0,0,1,0,6,0,1,0,0,1,5,4,0,0,0,0,0,1,4,3,1,1,2,2,3,4,2,8,0,7,0,1,0,6,1,0,0,7,7,0,0,6,0,1,13,0,1,0,0,6,6,3,1,0,1,0,1,0,1,0,0,0,1,0,0,0,0,4,3,2,0,0,0,0,0,6,1,1,0,3,2,0,1,0,2,0,1,6,0,7,0,0,0,1,0,1,0,0,0,2,0,0,0,1,2,2,0,18,18,0,1,2,1,3,1,15,3,2,0,1,2,0,1,0,1,0,0,5,4,0,0,2,0,1,0,0,0,40,0,0,7,0,0,0,0,3,8,8,0,0,0,0,1,0,1,2,2,4,0,1,0,2,5,1,3,2,1,1,0,0,0,0,3,0,0,0,1,3,2,0,1,1,1,0,0,0,0,0,0,0,0,3,0,0,3,0,0,0,21,1,0,2,2,0,0,0,0,6,0,1,11,0,1,7,0,0,0,0,1,0,0,34,2,0,0,0,0,2,0,2,0,2,0,0,5,0,0,0,0,0,0,0,1,5,0,0,7,5,0,0,4,0,1,0,0,0,0,1,0,0,0,0,24,0,1,0,2,1,0,0,0,1,1,3,13,0,0,1,10,2,0,0,0,1,7,0,1,4,8,0,0,0,0,17,1,1,1,0,0,1,0,3,0,62,0,0,0,1,1,2,6,2,1,1,1,0,6,1,0,3,1,0,12,0,5,0,0,0,0,0,6,0,1,0,0,0,0,0,5,0,3,0,2,0,0,0,1,9,1,1,4,1,15,0,1,10,1,11,3,2,0,0,1,0,0,0,9,0,0,0,0,4,0,10,0,9,0,1,2,0,0,2,1,0,2,1,0,0,5,5,0,0,1,4,0,0,0,0,0,0,2,3,0,0,0,0,3,1,2,0,2,1,0,1,0,6,1,0,0,0,1,0,0
"ENSG00000170819.5",1,0,0,15,8,24,10,5,3,0,0,1,7,37,143,1,1,7,0,7,3,0,77,24,5,7,0,15,39,18,6,13,17,12,3,8,1,0,0,0,8,5,21,0,1,53,3,8,0,0,4,13,6,42,0,103,0,4,17,0,0,1,0,7,0,13,8,0,6,89,5,18,11,0,3,0,10,2,1,36,0,6,3,2,1,3,2,1,0,2,22,0,37,8,1,1,0,5,6,31,5,0,106,0,2,1,87,1,64,42,25,10,3,31,4,0,41,0,3,6,1,2,1,1,7,0,0,9,32,72,1,0,104,11,24,0,1,0,10,3,2,80,1,1,26,6,9,19,15,0,0,2,34,1,3,0,1,7,2,100,21,0,1,16,13,14,11,22,20,6,0,1,0,8,1,9,21,23,2,1,0,18,2,5,0,5,4,1,2,0,5,8,60,24,3,1,4,6,1,45,4,28,2,21,0,5,2,11,14,11,2,8,1,0,14,3,0,2,25,19,0,9,21,1,1,9,0,90,13,2,31,5,18,21,1,14,1,4,0,2,3,6,1,11,26,2,0,5,1,1,2,4,0,9,1,139,0,0,2,1,41,5,119,33,2,5,89,1,11,1,64,1,22,0,1,26,3,1,0,154,5,26,22,1,0,6,0,17,14,22,3,1,81,1,4,4,47,1,8,5,11,9,2,0,17,5,1,2,0,2,1,16,1,55,4,7,6,55,0,70,10,1,3,63,8,19,2,0,3,2,0,17,18,8,1,1,0,30,0,0,0,2,10,9,16,6,0,15,42,0,2,11,2,9,0,0,4,0,29,2,0,8,2,1,26,0,1,15,1,6,3,0,3,8,11,2,0,0,0,20,7,4,1,1,4,1,67,50,3,35,12,0,0,24,58,1,17,3,1,0,2,5,12,0,0,3,16,35,3,2,14,18,0,0,10,13,4,3,8,1,0,1,2,1
"ENSG00000170835.16",19,0,74,7,101,42,2,8,13,45,429,10,16,14,20,7,112,6,24,173,6,3,6,6,43,14,20,8,7,5,57,14,9,12,1,3,6,8,21,11,4,1535,7,135,12,18,2,3,8,14,8,4,4,8,18,17,4,59,10,14,104,54,37,4,7,37,12,502,5,24,54,9,5,3,11,6,25,63,66,6,35,5,37,18,4,82,4,100,7,3,32,11,56,7,722,7,26,52,18,1,54,16,2,6,4,247,69,5,76,20,32,5,7,175,46,3,1004,11,4,263,256,7,1,73,15,5,5,47,249,14,13,1,47,13,6,5,20,10,33,3,3,281,16,6,8,5,6,32,31,13,3,6,2,832,2,8,8,7,17,18,30,10,6,15,26,21,26,112,410,12,14,24,39,20,2,6,88,11,17,67,0,177,5,11,83,4,22,18,13,4,10,12,22,10,43,3,10,59,6,3529,0,1,26,909,1,5,12,149,27,7,65,14,2,1,29,48,51,1,20,21,3,4,11,9,5,7,32,52,1,4,28,10,8,230,14,7,7,22,1,4,83,18,111,19,99,3,7,14,21,44,5,6,7,6,8,38,10,67,217,15,7,24,12,22,2,35,74,5,16,6,2,2,29,1,5,35,4,9,150,96,22,42,23,1,31,12,2,18,61,0,8,5,6,15,19,8,235,20,9,88,28,39,220,9,5,13,4,35,11,1,26,122,8,102,16,12,15,65,5,9,36,38,3,52,6,63,6,112,27,6,64,12,13,37,57,5,14,8,258,7,2,84,8,2260,514,34,6,71,4,0,3,4,10,105,2,10,104,345,27,6,3,3,63,61,38,25,6,9,6,5,19,23,6,25,21,28,69,4,15,449,3,55,31,4,9,3,108,8,7,47,34,93,2,35,31,4,29,151,16,3,17,14,281,14,10,21,2,5,10,3,5,49,14,6,15,0,35,27,26,4,8,7,131,7
"ENSG00000171004.18",108,0,4,2,1853,168,2,0,0,117,8,1,3,984,0,1,4,1,1,148,7,3,14,0,3,1,0,18,0,0,10,3,418,5,10,5,0,3,1,2,0,44,0,3,11,0,0,14,6,2,1,10,6,70,1,0,3,0,0,0,0,8,1,3,2,16,1,1,2,2,1314,5,0,4,1,1,2251,105,22,2,274,33,53,0,2,239,2,1,5,1,7,6,30,0,0,3,0,1,686,6,4,6,0,7,3,145,4,3,803,0,11,8,2,4,2,1,40,1,1,2100,0,0,6,2,5,3,5,0,35,466,6,7,1268,0,1,6,4,4,0,0,3,346,53,11,29,67,2,127,965,10,0,6,0,12,2,2,0,1572,2,6,2,0,4,4,461,5,3,866,0,3,0,1,401,10,21,1,0,671,214,0,2,6037,2,2,2,1,8,1,1,0,1,45,1666,8,13,1,13,2,0,6549,0,2,349,4,3,14,0,1,38,0,78,499,3,2,14,4,1,1934,7,1,3,3,4,4,10,2,3,16,1,1,2,7,5,5,3,1,4,2,0,0,1021,2,1,652,8,3,0,22,1,4,0,0,1,1,1,0,6,8,0,29,4,0,21,2226,6,248,470,6,3,3,15,11,266,9,7,111,199,2,1,1,4,8,2,3,1,531,5,70,12,8,38,2,846,0,4,24,79,0,5,12,9,744,704,49,26,1,0,10,11,76,2,982,0,420,4,32,6,463,8,3,2,8,3,133,2,7,23,2,3,1,6,23,2,0,1,11,0,11,1,1,3,1,3,469,12,1,0,234,125,3,34,8847,2,6,1,6,2608,9,658,2,1,2,3,99,5,1,0,305,2,1,1,0,24,68,4,0,2,38,2,0,0,8,0,4,17,0,226,9,0,1,476,1,4,198,1607,1,6,26,16,3,1,0,175,1,0,3,10,14,0,14,12,0,2,1,2,0,1,2,11,112,4,0,8,2
"ENSG00000171049.9",15,0,6,4,3,1,5,1,1,18,4,5,75,279,39,54,1,7,2,11,30,334,4,5,1,4,0,7,1,52,0,2,3,18,2,87,24,8,1,2,4,7,2,0,53,0,1,49,115,8,1,284,98,9,8,1,37,2,3,1,4,36,2,20,22,2,4,3,9,13,13,14,9,89,0,21,5,1,3,63,2,4,1,0,5,4,1,0,7,5,1,3,0,2,3,12,2,9,9,52,9,67,31,0,3,3,3,83,20,4,2,90,3,13,0,3,4,4,3,3,3,0,1,4,12,238,103,0,6,23,10,26,15,14,1,57,1,14,3,2,9,20,45,88,12,6,35,0,22,13,32,38,10,1,18,4,0,18,1,4,19,3,2,1,0,67,67,0,7,2,1,2,1,5,2,4,6,0,16,18,97,4,7,12,1,14,3,2,0,0,2,178,35,3,12,0,21,3,1,8,1,1,9,0,159,5,10,2,5,11,23,4,3,0,34,7,1,4,2,4,5,1,0,0,16,50,1,16,5,0,7,5,37,24,0,9,6,2,3,7,9,29,4,1,144,1,0,2,1,5,0,0,0,31,19,0,25,0,8,21,0,12,2,0,100,0,1,41,7,68,9,20,48,90,2,0,3,29,10,20,9,3,1,32,0,4,26,16,2,3,71,24,0,1,1,7,20,7,7,1,18,5,5,19,1,4,1,3,0,1,3,4,2,0,5,28,53,20,1,7,8,14,13,1,21,0,66,2,8,36,6,29,17,3,9,25,0,11,6,0,13,21,13,1,11,6,3,2,18,80,34,81,20,10,0,76,6,0,5,0,9,13,6,2,7,0,0,22,9,0,14,4,2,3,3,2,2,21,14,4,3,16,0,2,26,15,6,1,1,3,2,7,23,7,0,12,3,4,35,9,1,0,5,0,70,54,14,55,3,12,27,9,11,2,6,0,1,37,7,39,7,2,1,71
"ENSG00000171126.8",35,0,4,0,18,1,0,0,0,23,0,0,0,0,1,0,0,1,0,0,0,0,9,0,0,0,0,1,0,0,0,1,0,0,0,0,0,0,0,0,0,1,0,0,0,0,1,0,0,0,0,1,0,0,0,1,0,0,0,2,0,4,0,0,0,0,0,0,0,8,6,0,0,0,0,0,21,1,19,0,0,0,8,4,1,4,0,0,0,0,3,0,0,0,0,0,0,0,3,14,0,1,1,0,0,0,14,1,2,1,0,1,1,0,0,0,13,0,4,1,0,0,0,1,0,2,0,0,0,6,0,0,0,0,6,0,0,0,60,0,0,3,2,0,0,0,0,0,3,13,0,0,0,2,0,0,0,0,1,0,0,0,2,3,0,0,1,15,73,28,19,0,0,0,0,1,0,2,19,0,0,2,0,4,1,0,0,0,0,1,0,0,3,0,3,1,0,0,0,33,0,0,2,0,0,0,0,5,0,0,0,0,0,0,0,1,0,0,1,0,0,0,0,0,0,0,0,1,0,0,2,0,0,0,0,0,0,0,0,0,5,0,0,3,9,1,0,0,0,0,0,0,0,0,0,0,0,1,0,2,0,0,16,0,0,0,1,0,0,0,0,0,7,0,0,0,2,0,0,7,0,0,0,0,0,3,0,3,0,1,0,1,0,0,0,0,1,0,0,3,10,1,4,0,0,0,0,0,0,0,2,4,0,0,0,2,0,1,1,0,0,6,0,37,0,0,0,0,0,0,0,0,1,2,3,0,0,23,0,0,0,0,0,10,22,0,0,1,5,0,0,5,0,1,0,0,1,5,4,0,0,0,1,10,5,0,0,6,0,0,0,0,0,0,0,0,1,0,1,0,0,0,0,0,0,0,1,0,0,8,3,0,0,1,1,0,0,1,0,0,0,1,3,0,0,10,1,0,0,1,0,0,0,0,0,1,0,47,5,0,0,0,10,0
"ENSG00000171136.7",0,0,0,0,0,0,0,0,0,0,0,1,0,5,19,0,0,0,0,1,0,1,0,0,0,0,0,0,0,0,0,0,0,1,0,0,0,0,0,0,0,0,0,0,1,0,1,0,0,1,0,1,0,0,0,3,0,0,3,0,0,0,0,0,0,0,0,0,1,2,1,1,0,0,0,0,0,0,0,2,0,9,0,2,0,0,0,0,1,0,2,5,0,0,0,0,0,0,0,1,0,0,0,0,1,1,6,0,5,1,0,0,0,0,0,0,0,0,0,5,0,0,4,0,2,0,0,6,4,0,0,0,34,2,0,0,0,0,0,0,0,0,0,0,0,9,0,2,0,0,0,0,0,0,0,0,0,0,0,1,0,0,50,0,0,4,0,1,10,8,0,0,0,137,0,0,0,1,0,0,0,0,0,1,0,0,0,0,0,1,0,0,0,0,0,12,0,0,0,0,0,139,0,25,0,3,15,7,4,1,0,0,0,0,0,0,0,0,0,0,0,0,0,1,0,0,0,1,0,0,10,0,0,0,0,0,0,0,1,0,0,0,0,0,3,0,0,0,1,0,0,0,0,0,0,1,0,0,1,32,1,1,0,0,0,2,0,0,6,0,0,0,0,0,0,0,0,0,1,52,6,0,0,1,0,0,0,0,0,3,1,0,0,0,0,1,0,1,2,0,0,0,0,0,0,0,0,4,1,0,0,0,0,5,0,0,0,4,1,0,0,0,0,2,3,0,1,0,0,0,0,0,0,0,0,0,0,13,0,0,0,0,0,0,4,0,0,1,12,0,0,0,0,0,0,0,1,0,0,0,3,0,0,0,0,0,0,1,0,0,0,0,1,0,4,0,0,0,0,0,0,0,0,0,0,0,1,0,0,0,0,0,0,0,0,0,2,0,0,0,0,1,1,0,11,0,15,0,0,0,0,0,0,0,0,0,0,0,0,0,0,0,1,0
"ENSG00000171199.11",1,0,0,37,118,18,0,184,0,0,0,2,8,0,0,51,2,67,9,77,8,17,22,49,12,23,0,96,234,492,2,173,3,4,1,1,12,27,0,0,30,1,123,23971,2,13,72,45,7,1047,0,50,101,2,1738,2,2,3,35,279,0,15,0,0,439,2,151,563,45,31,5,11,13,10,115,3,0,23,21,6,1,84,2,1,19,209,20,4,3,11,34,44,1,0,14509,22,2,190,55,0,0,1,0,1,6,6,0,42,2,22,5,18,8,49,7,26,262,194,0,1,1,72,155,0,157,9,8,196,3,0,23,0,100,8,3,10,5,0,8,43,2,63,1,33,12,0,2,7,5,0,10,1,5,90,1,6,13,1,34,13,64,1,24,14,4,126,2,0,35,0,138,16,0,10,0,38,0,132,0,0,0,71,20,0,2183,2,136,76,0,15,29,0,117,29,97,1,19,0,88,173,0,73,10,159,2,3,300,15,21,26,2,24,0,5,22,0,171,194,13,90,5,489,1,41,0,6,14,0,0,1,206,186,3,369,1531,212,1,0,27,11,3,12,16,2,2,34,0,3,1,136,8,7,0,0,62,0,15,0,16,21,21,100,0,53,0,4,0,2,397,5,8,2,0,15,4,11,0,1,181,1,2,107,0,0,71,1,0,1,11,4,0,115,114,1,934,0,1,39,434,0,1,13,0,0,3,4,0,323,5,108,30583,70,6,2,26,0,31,10,76,227,8,20,6,14,60,1,0,12,0,0,6,36,16,19,9,36,12,0,201,3,26,5,90,0,31,4,310,23,0,1,28,22,286,2,2,2,96,0,8,4,14,0,163,0,0,38,32,2,0,13,102,259,1,3,49,181,420,4,155,22,0,430,0,2,12,3,53,1,4,50,2,3,13,0,44,4,512,0,28,11,7,59,28,0,0,0,2,0,21,65,4,1,4,1,15,0,58,0,1,8,0,81,0,36
"ENSG00000171208.10",129,1,190,69,175,62,18,188,18,1808,74,92,61,219,333,29,76,330,30,68,87,32,365,84,65,38,9,37,33,112,192,130,78,97,86,1366,223,29,89,169,23,848,289,289,62,34,27,107,34,23,33,162,55,40,90,29,65,222,85,28,50,55,54,52,37,339,81,59,235,90,111,137,54,15,32,10,842,39,29,119,286,43,959,67,89,433,31,18,1297,41,275,85,102,31,207,0,118,312,40,82,278,51,881,60,663,928,58,26,80,36,126,91,448,168,120,46,247,56,887,623,33,38,25,21,68,14,40,25,50,104,49,34,34,78,500,15,87,17,85,86,13,230,78,28,82,163,53,245,359,612,26,24,81,44,54,33,45,188,89,71,99,565,118,164,21,117,145,850,34,153,14,22,139,129,243,43,80,57,959,176,12,226,110,121,73,35,233,424,45,33,30,371,84,57,60,20,20,21,31,197,39,105,196,65,20,50,16,81,66,50,431,65,40,71,118,85,30,97,118,282,4,42,116,29,58,22,226,110,21,265,37,125,256,87,37,202,5,51,16,56,490,73,79,186,1430,48,16,257,216,58,33,52,14,68,24,47,36,176,57,114,231,254,131,38,29,162,39,21,322,15,84,14,106,24,42,35,596,15,60,70,100,30,42,13,63,174,20,264,34,119,182,29,51,48,442,60,1962,42,550,146,125,152,1600,51,262,33,90,39,39,147,117,192,28,107,393,2747,155,290,582,28,240,82,19,383,173,146,61,130,41,24,442,57,56,103,78,21,5,263,127,425,13,103,104,61,31,83,99,59,59,19,39,831,61,89,32,38,64,44,452,15,67,191,66,60,197,22,10,354,111,29,103,38,406,48,21,10,118,26,83,136,15,80,24,95,38,34,126,57,39,56,106,112,22,153,30,56,120,55,197,11,30,19,63,41,166,99,60,129,58,836,134,24,65,42,81,40,75,95,135,94,7,22,245,43
"ENSG00000171241.9",137,0,83,47,135,58,158,16,17,509,46,217,488,2382,551,23,23,148,122,40,69,16,90,65,54,42,79,399,40,254,425,45,282,98,36,379,239,74,154,109,9,587,182,19,31,39,37,155,6,19,11,996,93,240,68,59,28,150,441,207,21,530,31,425,14,71,83,33,799,259,581,95,73,2,24,10,336,43,411,447,265,299,551,112,200,184,44,57,177,6,177,184,26,96,62,8,6,378,129,624,92,15,477,34,120,408,147,12,759,105,101,53,78,306,77,38,258,51,411,1105,78,157,14,129,97,4,7,137,109,816,63,22,473,18,288,14,64,6,175,19,3,291,261,21,61,793,162,10,221,476,12,9,115,100,67,384,62,238,173,254,192,106,388,129,5,599,410,242,415,3042,30,37,156,1324,68,91,71,288,327,167,10,199,50,375,58,79,382,32,82,592,35,2791,231,710,110,267,17,35,30,406,66,350,224,1048,3,1193,43,352,120,124,58,140,129,132,132,252,14,27,130,179,3,169,123,14,22,10,104,522,54,100,336,46,291,270,5,451,14,21,138,83,72,82,14,53,673,200,138,74,43,89,12,7,11,305,8,86,20,64,94,567,604,315,1201,259,34,109,218,12,664,12,185,12,409,10,28,66,215,6,19,292,603,292,64,13,119,192,3,83,61,185,84,156,36,32,82,547,765,49,121,130,255,30,971,27,119,33,16,48,71,338,59,129,193,202,248,395,909,326,50,12,101,324,9,249,262,403,28,50,82,14,603,146,72,91,910,15,101,5351,43,47,4,96,39,186,990,294,15,85,157,11,39,885,44,623,37,18,207,752,310,22,251,30,54,122,1044,24,80,294,23,73,105,113,59,178,462,28,346,6,24,486,8,368,37,37,42,54,270,24,130,110,119,38,15,102,26,90,236,277,66,8,84,74,67,4,979,89,484,353,183,83,129,294,42,17,107,114,61,2124,72,67,14,8,967,17
"ENSG00000171243.8",1,0,0,1,3,15,0,3,2,2,58,7,6,43,1,1,11,7,3,57,2,2,35,3,29,864,0,16,834,0,23,18,10,82,6,0,58,14,0,1,0,3,84,39,5,0,0,8,3,0,39,7,6,60,1,1,7,8,26,10,14,26,3,11,2,3,1,1,2,112,948,0,18,0,27,3,68,15,156,11,131,45,1,8,33,1,0,1,3,0,3,156,24,0,8,0,45,59,31,47,0,26,1,9,8,5,324,0,90,83,0,2,4,1,5,2,457,88,3,111,0,7,2,0,0,1,0,49,0,974,2,7,58,1,12,3,2,4,17,5,3,165,0,4,12,3,0,6,3,1,1,1,0,0,14,2,1,12,8,8,0,0,21,5,26,4,0,17,26,26,86,0,8,4,1,0,4,43,3,1,4,2,0,1,15,1,70,45,11,30,2,2,0,20,0,2,1,0,10,11,23,0,24,645,4,32,4,2,20,172,6,6,5,13,5,3,1,3,1,4,0,29,60,9,28,8,1,4,2,1,85,2,10,4,7,263,0,2,1,2,3,3,69,15,161,0,1,0,23,77,20,1,4,2,1,1,1,8,1,13,17,53,13,127,3,17,64,2,133,1,6,0,149,3,1,81,10,0,29,4,16,13,10,2,0,12,1,43,11,6,5,12,6,0,1,26,43,8,5,0,13,1,3,25,114,1,3,1,2,21,20,87,0,13,106,6,265,96,1,9,1,3,0,21,4,1,3,25,5,4,10,3,4,10,3,1,5,5,3,1,2,1,15,0,141,1,13,0,0,0,16,29,2,165,11,10,444,1,137,0,130,8,1,20,2,13,0,270,1,0,5,2,11,1,455,3,9,9,14,1,7,158,21,0,1,0,12,3,154,9,9,4,0,4,3,155,4,436,9,7,9,0,8,19,1,1,2,197,5,25,2,1,13,5,3,1,21,90,10,6,3,3,0,1
"ENSG00000171246.6",642,3,96,1,177,0,1,1,0,557,1,2,23,98,2,4,0,10,8,4,4,0,31,4,0,0,1,9,0,12,38,189,3,2,0,13,4,0,1,4,0,634,2,5,5,0,0,7,3,1,1,34,4,1,0,0,0,1,0,2,1,78,0,2,0,0,0,0,11,1,2,4,1,0,2,0,2,7,208,8,1,7,31,5,8,1,0,0,19,1,47,6,0,9,3,1,3,0,60,15,30,1,49,1,7,20,0,0,64,1,6,7,9,30,9,1,4,0,0,0,1,5,1,0,1,0,4,0,4,38,2,0,2,2,5,0,6,0,5,2,1,28,165,3,1,4,1,20,3,78,2,0,1,7,2,1,0,11,2,21,0,3,2,4,34,19,6,6,2,96,6,0,0,4,4,2,0,8,1162,2,0,48,1,2,0,1,14,0,5,0,1,6,3,4,34,0,1,1,0,7,0,0,11,1,0,0,0,1,5,0,36,11,11,0,26,1280,3,1,1,2,1,1,0,1,3,1,0,3,2,1,0,0,47,2,0,4,2,0,0,0,49,7,2,10,9,29,0,6,3,0,0,1,0,3,1,2,5,28,1,3,1,1,27,12,0,13,5,1,0,2,5,1,5,1,1,2,7,1,1,2,1,0,0,0,0,17,2,1,1,6,9,1,0,2,139,26,75,0,18,2306,4,24,8,0,6,2,1,1,2,3,12,1,1,0,6,573,1,15,9,2,6,32,1,2,4,10,0,1,0,0,0,2,1,57,3,2,0,3,0,4,1,1,5,67,6,0,0,9,3,1,2,202,1,0,1,4,0,7,2,0,1,6,1,1,527,2,0,5,0,0,2,4,0,8,1,0,0,12,4,0,2,1,1,1,1,5,2,2,2,1,24,3,0,0,1,18,4,2,22,1,1,1,3,0,40,954,24,1,0,7,4,1,1,4,4,0,1,218,1,10,1,1,22,0
"ENSG00000171388.12",197,30,496,365,202,29,21,1726,84,55,120,409,382,475,44,37,245,673,1613,102,160,10,87,95,181,72,228,727,148,652,161,119,80,163,46,946,272,114,1622,958,63,801,394,3358,36,39,51,329,38,121,103,541,11,366,962,404,138,323,66,51,1925,823,233,185,207,1514,1043,1003,160,672,77,51,34,16,59,13,157,25,198,99,2403,63,89,52,433,451,21,489,1444,67,108,2819,847,28,671,4,128,671,372,180,417,80,434,1409,165,151,626,4,669,291,37,18,119,795,289,84,206,245,161,1397,107,98,61,164,48,20,78,50,24,57,117,7,518,22,196,2,229,6,1745,1485,11,124,190,18,28,1103,63,275,1418,526,13,21,667,295,64,936,1011,141,385,288,1056,301,1464,109,37,692,704,564,359,952,114,143,247,1123,109,84,326,1373,83,1373,14,453,553,343,417,60,3830,1334,34,27,337,958,772,559,305,171,8,49,26,644,286,215,253,1464,39,65,77,167,151,78,142,59,472,260,116,218,425,746,66,885,6,243,111,170,32,12,1673,808,38,676,32,544,148,518,221,134,9,124,139,88,160,74,424,297,564,305,43,274,405,867,8,317,4,251,44,212,56,29,365,146,582,750,797,796,13,120,71,11,1042,14,63,3,663,8,37,900,1042,23,806,644,394,76,249,6,97,258,96,129,77,65,53,66,56,271,361,342,660,423,2711,1006,38,399,1340,14,182,74,648,59,127,369,250,593,436,250,181,320,211,794,71,38,341,274,12,903,71,468,42,1366,77,32,232,46,62,449,229,27,581,1677,350,247,50,100,28,162,854,588,1894,370,470,44,37,251,657,1064,145,9,731,460,508,164,820,1776,143,158,502,51,73,1552,1055,40,1063,108,85,327,216,39,262,7,152,687,78,861,31,25,5,324,119,142,65,242,365,2430,3,237,129,244,352,552,257,9,40,46,229,800,1744,76,323,1635,318,150,95,37,224,87,299,177,1468,378,1006,64,13,89,938,25
"ENSG00000171405.12",0,0,0,0,0,0,0,0,0,0,0,4,0,120,66,0,0,0,0,0,0,0,2,34,2,0,0,9,1,12,0,0,33,0,297,0,191,0,0,0,0,0,0,0,2,0,0,10,0,0,0,124,0,19,0,2,1,0,1,0,0,10,1,144,2,0,3,0,0,0,606,0,0,0,0,0,0,0,3,163,222,583,0,0,368,0,0,74,0,1,0,5,0,0,0,0,0,915,72,0,0,0,0,0,0,0,0,0,6,2,0,0,0,5,0,0,0,488,2,16,0,65,0,0,2,0,0,90,0,0,3,0,216,0,0,0,0,0,16,5,0,0,11,0,0,5,8,0,0,2,0,0,0,3,1,0,2,0,4,6,638,0,0,0,0,278,289,0,0,677,0,0,1,7,0,0,0,181,0,0,0,0,0,117,48,7,38,39,0,169,0,0,0,99,31,0,0,0,0,0,1,0,0,1120,0,431,0,0,25,0,0,0,15,10,0,0,0,0,293,0,0,0,0,0,0,0,0,0,1,0,0,25,0,0,0,48,0,0,0,8,0,3,0,0,0,0,0,0,1,0,0,0,0,2,0,0,0,0,61,0,421,225,1,1,0,0,0,0,192,0,9,0,27,0,0,1,0,0,0,949,32,505,0,0,0,0,0,0,0,0,0,0,0,0,0,3,46,0,0,0,0,0,0,1,80,0,0,0,26,38,0,0,2,0,0,0,258,0,0,39,0,0,0,0,24,0,0,0,591,1,278,0,10,0,0,0,0,0,0,0,0,0,0,1,439,80,0,0,0,0,0,1,0,335,0,1,0,0,0,0,0,0,1,0,0,2,0,0,0,0,0,2,0,22,504,0,401,0,0,0,152,148,8,0,0,0,0,51,1,0,0,0,0,0,0,0,41,1,0,0,0,0,0,0,6,0,1,0,11,0,0,3,0,0,642,0,223,0,0,0,0,0,0,1
"ENSG00000171431.4",27,0,0,2,3,0,72,0,0,53,1,13,0,62,17,12,0,0,34,0,0,0,1,9,6,1,62,36,0,11695,0,2,22,5,4,1,271,0,0,1,0,0,0,41,1,0,1011,28,0,0,0,146,0,26,1,0,1,0,2,12,0,4,0,0,0,0,13,3,111,23,374,54,11,1,0,0,18914,1,7,17894,309,2,0,6,10,5,4,0,1,13,0,9673,0,193,0,0,0,1,17,738,2,0,2,0,1,0,5,0,216,1,18,2,0,346,0,27,0,32,34,0,10,68,0,75,9,0,0,7,0,117,67,0,8,20,0,0,9,0,2,6915,0,0,26863,0,0,0,29,1,22,4,0,0,6,7,11,0,0,6,12,193,0,0,1,39,0,0,4,5,1,13873,19,21,66,1,0,0,1,0,1,7,0,1,1,1,1,4,2,11,3,2,99,0,12,332,4,0,0,0,0,0,0,21,0,2,0,1,0,10,0,0,0,1,223,55,88,3099,3,0,564,21589,0,1,0,1,0,1,223,1,7,290,0,0,3,0,0,6,0,0,0,2,9,29,2,1,0,1,3,0,0,1,1,0,0,6,0,0,0,0,98,1410,155,3,118,0,0,24,0,1,0,0,27,0,1893,0,14,0,9,0,0,353,20,15,26,0,0,0,0,1,0,1,1,23,0,1,0,865,101,1,0,1,45,4,18,0,78,0,3,2,4,4,0,0,4,0,2,0,1,0,0,228,0,1,1,0,5,1,5,0,4,0,2,0,23,3,34,0,1,1,0,0,0,0,0,1,0,67,14,0,5,0,100,85,0,571,0,1,0,0,0,1,10,1,13,1,0,0,0,0,0,0,0,41,21,3,40,0,56,0,9,32,0,0,0,0,3,0,1,2999,6,4,4,0,0,1,7,3,72,1,8,0,66,1,13,0,5,1,37,0,0,2,3,5,0,1,51,0,17,0,0,0,0,0,5,0
"ENSG00000171450.6",3,1,0,0,0,0,1,0,0,1,0,0,4,2,7,0,0,0,0,0,0,0,1,1,0,0,1,1,1,1,0,0,0,0,0,0,0,1,0,0,0,2,0,0,0,0,0,0,0,0,0,1,1,3,0,0,0,0,0,0,1,2,0,0,0,0,0,0,1,0,0,0,0,0,0,0,5,0,137,4,0,1,7,0,0,0,0,0,1,0,0,2,0,0,0,0,0,0,4,0,0,0,0,0,0,0,0,0,70,0,2,0,1,0,0,0,2,0,3,7,0,0,0,0,0,0,0,0,0,0,0,0,40,0,4,0,0,0,1,0,0,1,5,0,0,2,2,0,5,8,0,0,1,0,0,0,0,1,0,0,0,6,0,0,11,0,1,2,0,2,0,0,0,0,0,0,1,1,10,0,0,0,0,0,0,0,0,0,0,0,0,91,0,1,0,0,0,0,0,0,0,0,0,1,0,1,0,1,0,0,0,0,0,1,0,1,0,0,2,0,0,0,0,0,0,1,0,0,0,0,1,0,0,0,0,0,0,0,0,0,0,0,0,0,0,4,0,0,0,0,0,0,0,0,0,1,0,1,1,1,10,0,4,1,0,0,0,0,0,0,0,0,5,0,0,0,4,0,0,0,1,2,0,0,0,0,0,0,1,1,1,1,0,15,0,8,13,0,0,0,0,0,7,0,0,0,0,0,13,0,0,0,2,1,0,3,3,3,2,0,0,0,0,0,0,0,1,0,0,0,3,0,0,2,0,0,1,0,0,1,1,0,0,0,1,0,0,0,0,0,0,148,0,2,0,0,1,0,0,0,0,0,0,1,6,0,104,1,0,0,0,0,0,4,4,1,0,0,1,0,1,0,0,0,0,0,0,0,0,0,0,0,0,0,0,0,0,33,1,0,0,0,1,1,2,0,22,0,0,0,0,0,1,0,0,0,1,290,0,2,0,0,3,0
"ENSG00000171502.15",4,1,20,24,13,2,0,1,1,13,3,5,7,846,28,7,4,90,4,9,4,1,12,63,30,31,0,188,1,146,2,98,75,119,79,8,359,1,0,3,7,32,247,3,13,1,1,18,3,2,2,51,4,26,8,7,7,0,10,1,0,146,2,19,14,5,38,6,56,36,2112,24,28,0,1,2,267,1,5,446,1045,346,2,0,275,3,0,132,26,1,4,304,6,0,0,2,6,137,7,37,3,7,2,0,11,3,12,5,552,309,23,5,37,50,3,4,16,2,194,128,12,176,3,1,3,1,7,14,5,639,92,4,613,4,7,2,4,2,26,95,1,9,236,10,13,633,58,5,8,2,3,7,1,245,12,1,9,6,47,68,5,0,94,5,1,129,148,13,1,18,1,69,10,1615,1,12,16,60,31,88,0,3,1,7,1,1,16,9,3,22,0,661,0,69,12,9,1,5,1,12,0,1,14,1909,4,23,5,4,63,0,4,7,208,113,45,6,0,2,70,1004,1,21,0,0,2,1,2,533,2,11,2,120,15,12,0,324,2,0,1,46,9,26,21,5,15,22,4,1,9,0,7,0,1,12,2,7,8,8,10,131,188,266,47,230,2,6,41,5,148,1,21,1,44,0,28,3,20,1,4,13,10,29,71,0,0,9,2,10,0,0,15,3,0,139,0,9,53,2,3,12,5,4,124,2,37,4,2,42,16,2,7,11,6,9,10,54,177,37,31,12,11,18,0,29,45,1,2,4,15,0,19,7,54,3,4,8,1,41,6,0,0,8,38,6,5,126,2,1,59,0,9,85,2,39,3,2,0,13,8,1,22,10,13,83,26,1,3,4,1,9,0,14,3,4,823,0,60,1,2,35,7,44,167,2,0,140,2,8,78,1,3,0,3,4,0,7,54,13,8,3,4,3,3,2,58,114,207,130,14,70,120,14,3,2,10,1,61,1365,1,10,0,0,0,3
"ENSG00000171517.6",2,0,5,18,38,5,0,0,2,4,1,1,0,4,0,1,0,196,0,0,23,0,4,1,2,2,0,12,0,2,25,0,1,2,270,138,1,2,0,0,4,2,3,0,6,0,0,0,1,0,1,2,171,0,1,0,2,1,1,0,0,33,0,0,1,0,3,0,2,21,44,0,1,3,0,1,1003,0,0,5,0,0,594,1,3,6,2,0,372,1,4,9,0,0,0,1,1,0,0,154,4,0,0,3,0,0,623,3,9,0,0,5,839,2,1,9,6,0,5,1,0,0,6,3,2,1,1,0,9,3,3,0,2,0,3,6,0,0,96,0,2,7,19,1,4,1,57,94,6,2,0,7,188,12,2,0,0,7,0,4,1,0,179,0,54,40,4,0,1,2,0,3,1,0,0,2,1,2,3,0,0,76,2,1,0,0,0,1,0,0,1,38,2,5,11,34,13,3,0,0,1,0,5,3,0,207,1,0,1,0,24,1,0,5,5,0,1,0,0,6,0,0,0,0,2,0,0,1,0,1,0,0,3,0,0,2,0,1,0,0,12,0,1,5,15,1,1,1,2,0,2,173,28,5,1,1,0,4,0,1404,1,1,6,3,0,0,7,1,0,4,0,5,1,1,0,0,73,0,0,0,3,2,1,1,0,7,0,6,3,1,1,0,3,0,1,3,37,0,1,2,0,6,776,12,20,4,0,0,1,0,0,0,0,66,392,411,2,56,1771,0,0,14,4,113,1,0,7,0,1,3,1,0,20,0,0,7,0,3,0,232,0,0,7,21,6,0,0,1,26,0,4,576,243,0,2,4,0,7,3,738,0,0,2,365,0,1,1,2,0,2,0,1,7,2,2,3,4,3,1,1,0,2,1,4,5,0,0,2,3,0,3,0,0,12,4,3,6,3,5,1,4,1,3,0,3,2,418,2,1,522,5,2,0,2,0,0,1,289,47,3,0,0,2,10
"ENSG00000171540.8",13,0,0,1,2,0,0,0,1,2,0,0,0,1,5,0,1,0,0,0,0,0,0,0,0,0,0,1,0,0,0,0,0,0,2,0,0,0,0,1,0,7,0,1,0,0,0,0,2,0,0,0,0,1,3,0,0,0,0,0,0,3,0,0,0,1,0,0,1,1,0,0,1,0,0,0,38,1,1,12,0,1,5,3,0,1,0,0,2,0,0,0,2,2,0,0,0,0,1,9,0,0,37,0,0,2,1,0,3,4,1,0,0,0,0,0,9,0,1,3,0,0,0,0,0,0,0,0,0,0,0,0,0,0,0,0,0,0,0,0,0,1,0,0,1,0,0,0,0,1,0,0,0,0,0,0,0,1,0,0,0,1,7,0,5,1,4,3,1,0,1,1,0,1,0,0,0,0,4,0,0,5,6,0,0,0,0,0,4,0,0,0,0,0,0,0,0,0,0,0,0,0,1,4,0,0,1,2,1,0,0,0,0,0,1,0,0,0,1,0,0,0,0,0,0,0,1,1,0,1,0,0,0,1,0,0,0,0,0,0,0,0,0,0,7,2,0,0,0,1,0,0,0,0,0,0,0,8,3,0,0,0,0,0,0,0,0,0,1,0,0,0,0,0,0,2,1,1,0,0,0,0,16,0,1,0,0,0,0,0,0,0,0,0,8,1,4,0,0,2,0,0,6,1,0,0,0,1,0,0,0,0,0,12,0,2,0,0,0,0,2,32,0,6,0,1,0,0,0,0,0,0,0,1,0,0,0,1,0,1,1,0,2,3,0,0,0,1,1,0,0,1,0,1,0,0,0,36,2,0,0,0,0,10,47,0,0,0,0,0,0,0,0,1,0,0,0,0,0,0,26,0,0,0,0,1,1,0,0,0,0,0,0,0,0,0,0,0,0,0,0,1,6,0,1,0,1,0,0,0,1,0,0,0,0,0,0,3,40,1,0,1,2,1
"ENSG00000171551.12",23,0,5,13,34,3,19,1,2,23,26,2,19,113,2,12,0,2,0,2,2919,1,56532,0,5,18,65,4,4,8,1,1,9,2,12,6841,7,1,0,0,0,3,3,2,4,0,1,4,14,0,1,26,2,14,3,8,7,8,3,2,0,17,0,3,0,0,9,2,2,18,3,8,2,2,4,18,3,1,318,69,4,121,18,3864,1,792,2,0,88,12,974,7,0,0,11,2,0,16,5,132,9,1,15,0,700,17,2,0,326,1,1614,2,1169,2,2,1,6,1,13,3,0,0,5,3,19,4,6,42,2,1,5,7,2,20,5555,35,1,0,17,0,9,42,8,1,7,4,25,5,105,2,2,42,4,0,4,2,0,13,1,1,224,13669,529,15,11,78,52,917,4,1,0,0,5,2,348,6,10,3,89,0,1,3837,3,3,0,1,1,0,7,0,1,69,32,9,12,0,2,17,8650,589,0,4,21,6,6,4,2,0,4,0,69,111,1,9,14,0,1,0,4,2,3,5,3,16,1,11,0,28,675,10,24,7,8,20,0,8,0,4,8,3,43434,0,1,20758,10,1,0,34,5,49,0,0,0,13,2,27,2,2165,0,50,1,11,34,8,0,3,496,2,6,7,23,1,25,1,733,0,158,0,2,102,1,11,2,3,21,13,0,102,11,52,42,0,14,1,138,43,10,5,1,20,0,405,2,6,19,1,1,13,2,3,1,27,3,4709,2,12,31,20,1611,5,8,4,2,10,26,84,5,1,2,0,3,12,1,1,2,2,1,12,3,57,7,3,10,1013,56,1,0,60,20,1,1,21,6,11,0,0,14,304,57,1,4,4,6,15,2,0,1,30,2,3,2,4,58,68,7,0,0,2,4,5,0,73,0,7441,14,2,42,0,1,2,20,1,3,21,3,4,634,6,22,0,0,2,10,0,4,1,3,9,12,37,4,0,13,8,0,2,3,92,48,2869,0,0,7,5
"ENSG00000171587.15",82,3,4,1,7,0,0,4,0,4,2,2,6,1,0,12,1,0,1,4,6,21,5,2,1,1,0,1,0,0,0,0,3,5,3,8,2,1,3,4,0,7,0,8,11,2,1,0,17,1,6,12,8,0,7,2,11,4,1,1,0,0,0,5,7,2,0,12,2,2,3,8,0,9,1,11,12,0,9,3,3,1,0,0,0,0,0,0,64,0,0,22,4,0,4,11,19,0,2,2,7,16,0,1,1,2,0,17,64,0,0,26,0,0,5,1,17,1,0,9,0,0,0,0,0,6,7,3,1,4,3,29,2,2,0,22,8,3,1,6,5,19,1,22,4,0,0,1,0,1,4,15,0,0,13,1,0,12,0,1,3,1,0,18,1,3,2,1,2,1,0,1,4,5,0,0,1,0,2,1,6,19,17,14,2,1,12,25,0,0,1,16,5,3,0,0,9,2,0,0,0,9,0,3,15,4,1,0,2,2,9,1,0,0,12,5,4,5,1,2,3,0,0,0,13,20,10,0,0,0,6,0,1,3,3,3,9,0,0,0,1,2,3,1,7,0,0,3,0,1,2,0,4,0,19,0,30,3,0,4,6,2,1,1,25,11,4,14,18,1,0,15,1,34,0,0,0,1,0,0,0,1,0,2,3,2,5,0,1,0,15,6,0,1,4,0,3,0,35,1,5,4,3,23,0,0,1,1,0,3,2,38,7,0,1,2,5,1,0,0,1,21,6,0,4,9,2,0,1,9,1,1,0,5,3,30,4,0,6,0,16,2,0,1,0,0,12,0,0,15,5,3,10,14,1,6,17,0,1,0,10,61,1,12,41,0,0,2,2,0,0,1,3,0,11,1,10,10,2,0,5,0,1,0,3,0,2,2,1,1,0,0,8,8,0,0,5,13,19,1,1,1,3,5,4,10,1,5,5,2,6,1,0,3,1,1,49,0,7,21,13,4,0,19
"ENSG00000171658.8",2,0,1,445,23,201,150,0,307,1,81,122,43,1388,3020,4,58,172,0,10,503,0,252,126,1,12,397,59,70,118,0,484,1370,5,406,3,1161,329,551,461,1,16,2,242,24,439,358,249,0,2,283,50,8,322,0,1575,44,24,0,27,57,217,161,0,37,16,1,76,323,101,40,685,33,6,38,1,45,31,160,451,1072,569,50,782,30,0,488,741,71,607,401,643,333,464,65,0,18,1,118,69,486,2,74,12,94,39,68,2,32,17,317,2,265,75,2,192,16,173,957,3705,538,832,9,2134,583,0,1,81,76,249,28,0,921,289,606,0,7,3,150,24,0,12,410,8,123,2406,392,195,293,2,2,3,20,8,80,1048,47,389,798,6,11,438,245,126,2,34,801,257,16,68,9,257,1062,8,699,198,386,452,309,452,0,2,631,20,129,161,0,1,36,6,360,1,162,2230,73,77,7,2461,196,736,17,30,130,26,0,972,1,100,165,10,379,93,849,345,11,5,873,339,264,2109,0,104,1,191,3,5,190,2305,387,489,47,23,211,427,1,670,1,491,615,236,33,655,232,4,147,432,252,450,191,254,9,29,10,62,1,37,1,132,1115,60,245,3,208,17,2,170,906,4,11,2,549,3,1094,0,489,14,171,4,329,322,8,481,43,11,0,161,0,153,142,384,2,353,118,774,373,495,53,66,0,1,10,6,3,0,289,295,41,437,746,66,4,11,3,977,1004,5,636,2,102,544,13,0,0,1,687,10,1,10,363,0,1482,71,289,6,1657,6,167,1067,23,129,0,692,426,5,43,3,2,86,88,2,0,25,241,150,2,0,108,100,81,168,60,33,1021,298,1,2,707,370,1,564,20,433,63,230,39,0,14,1,3,68,2,25,141,255,30,589,51,587,549,408,181,9,0,569,69,7,168,26,111,2,231,0,20,355,949,6,1102,2503,18,42,428,72,3,6,11,0,12,1420,17,2,0,0,1654,17
"ENSG00000171695.10",0,0,9,0,9,0,0,2,0,1,2,1,1,1,2,1,0,0,0,3,13,0,3,1,0,0,0,0,0,0,2,0,0,1,2,17,0,1,0,0,0,4,0,0,0,1,0,1,0,0,0,0,0,0,0,0,2,1,0,0,2,1,0,2,1,3,1,0,1,0,0,0,0,0,0,0,0,1,3,0,1,1,1,7,1,5,0,0,2,1,187,0,2,6,0,0,0,0,40,2,0,1,4,0,2,1,2,0,6,0,10,0,1,2,1,1,3,2,1,1,0,0,0,1,0,0,2,0,6,2,2,0,0,1,31,0,0,0,95,0,0,3,1,0,3,0,0,3,1,6,0,0,0,2,1,2,0,1,0,2,1,6,1,0,1,0,0,17,0,0,6,0,0,0,26,1,0,5,3,0,0,2,0,0,0,0,0,1,1,0,0,1,5,1,0,25,0,0,0,117,0,1,3,0,0,0,0,8,14,1,3,52,0,0,0,1,0,0,1,0,0,1,3,0,0,0,1,0,0,1,26,0,1,8,0,0,1,0,0,0,2,0,2,3,3,0,0,23,0,0,0,0,0,0,0,63,0,12,0,0,3,1,4,38,0,0,0,0,0,0,0,0,2,0,1,1,0,1,0,0,0,2,37,0,0,0,0,0,1,1,0,0,2,1,87,0,1,0,2,2,0,5,3,0,0,0,0,0,1,2,0,4,1,9,1,0,0,0,1,0,2,2,0,6,0,285,0,0,0,0,0,0,1,8,0,0,2,0,0,0,2,0,0,25,0,0,1,28,2,0,0,6,1,0,0,0,5,20,0,0,1,3,0,4,1,0,1,2,1,0,0,0,1,0,0,2,0,0,1,0,1,1,1,1,0,0,27,0,0,0,3,1,0,4,5,0,0,10,3,1,0,0,4,1,3,3,0,0,0,19,0,0,1,0,0,0,0,22,7,1,0,0,0,0
"ENSG00000171848.16",600,16,180,469,1243,1287,1263,475,195,2290,426,3753,3575,4722,2438,258,288,2669,2053,276,853,87,424,770,545,1747,1610,2149,358,1906,1432,2656,1845,415,153,1560,1057,418,3454,2311,224,1497,3286,126,141,478,188,2076,71,573,504,7377,862,2466,756,686,62,2213,2406,2315,74,3135,611,1281,99,856,627,269,5199,2921,1103,786,338,26,722,71,1356,385,4254,3058,1147,1209,1673,490,2009,1013,395,520,415,95,2397,1288,555,907,279,83,61,2863,2581,2750,601,155,2423,319,1329,1646,1176,73,5854,1726,767,155,301,1474,871,805,2350,739,4743,7353,569,1732,136,1529,1029,45,50,2362,1179,1854,601,59,7329,291,2243,78,410,47,1753,397,73,3382,1354,245,713,6233,2004,666,2486,1638,79,57,1906,3145,285,1613,551,1727,2875,1587,929,1032,2568,1188,737,2377,3751,2661,5321,4389,288,562,1430,2643,496,941,797,1277,2210,1546,163,998,581,2363,751,1075,2042,153,473,3118,206,8541,3094,4258,571,3916,295,851,368,4043,210,5116,1678,3936,27,1457,162,4079,1415,3262,321,1469,2547,1419,1386,2185,60,124,587,3295,62,1338,1735,234,137,46,515,2398,357,1201,2157,1455,771,2560,106,2473,175,260,1608,1428,211,708,161,415,1866,1389,1020,684,531,475,152,1265,217,3995,111,1590,464,805,427,4144,2106,1472,4652,3194,107,677,767,83,4008,89,2044,76,2918,41,656,1289,1857,37,192,3265,2364,4636,893,66,165,2084,55,619,1464,749,424,704,361,201,867,4235,19148,354,781,199,2101,757,5945,108,2267,261,139,666,497,2133,305,2088,1321,1313,1214,1942,5188,2704,95,740,1665,1440,140,1430,1584,1379,147,365,533,80,2987,1381,524,1265,4024,97,1251,4311,630,558,35,406,448,1249,4349,1744,62,781,2058,28,227,9065,386,1836,221,146,1631,2146,1986,379,3153,211,537,1878,1504,266,669,3861,125,1022,3096,875,317,877,2486,323,2305,43,851,3033,299,2652,1026,190,942,771,1511,1079,4482,3277,1736,459,271,1795,537,932,2051,3858,319,81,803,1510,839,103,2623,143,2947,2950,670,133,839,1797,205,137,933,960,706,6285,1691,267,29,211,2411,59
"ENSG00000171864.5",12,0,91,14,22,16,0,8,0,34,4,8,0,26,1,3,198,62,0,18,41,0,8,58,25,27,0,42,14,21,42,15,31,145,3,3,57,5,0,75,8,66,119,4,16,37,1,145,3,4,1,31,11,9,6,2,6,35,23,4,5,0,0,64,23,586,21,2,32,90,167,31,25,0,8,3,78,12,1,31,9,3,2,11,0,5,75,2,710,4,14,0,94,6,1,0,1,88,0,10,127,4,36,1,71,34,47,4,24,12,16,2,62,125,138,2,207,5,0,2,0,14,1,1,2,1,6,0,1,20,30,0,2,7,116,2,27,2,47,1,2,221,21,2,8,42,4,110,67,42,1,2,0,4,9,0,3,123,53,44,17,1,3,198,58,18,81,46,0,220,10,53,3,4,6,11,240,1,30,28,0,43,2,37,14,1,165,1099,2,6,10,28,2,14,2,0,4,0,0,41,4,1,229,1,0,2,0,8,75,8,102,43,23,2,135,13,1,20,29,35,0,3,23,3,8,0,38,0,1,89,0,31,48,37,36,15,0,12,2,12,138,28,7,3,33,26,0,1,162,1,7,5,2,15,2,17,15,422,15,4,242,93,50,8,1,239,12,0,20,2,11,0,0,1,107,18,10,3,2,7,2,21,1,1,13,370,0,0,14,87,36,11,5,1,51,24,8,13,20,12,43,188,117,1,3,17,21,57,42,5,4,328,1,15,141,2,128,144,10,1,99,10,4,401,42,49,3,0,7,1,4,5,14,14,5,4,2,32,13,0,0,14,30,6,0,107,32,53,14,0,3,23,2,0,7,0,5,5,4,0,20,276,45,248,12,1,1,206,9,33,247,5,1,22,0,2,0,1,21,7,0,6,0,2,0,0,36,90,29,12,105,28,6,118,0,105,10,92,268,1,0,36,13,0,9,5,3,1,10,35,67,45,17,24,5,95,1,11,51,82,0,4,107,0
"ENSG00000171873.8",16,1,108,3,18,51,2,3,40,16,115,1,3,7,18,5,0,3,5,1,92,18,6,1,4,5,4,8,0,2,3,1,171,4,28,5,40,62,6,5,0,12,9,6,9,0,7,10,14,2,2,7,3,68,270,2,2516,1,2,1,7,17,1,2,0,1,7,2,4,2,12,68,13,6,2,1,48,1,25,2,11,2,49,118,1,0,3,716,39,1,423,38,6,0,4,0,2138,6,8,1,9,3,2,7,86,0,0,1,75,0,0,23,2,4,3,5,4,5,0,888,62,0,2,6,38,3,11,2,1,1,3,1,4,111,136,0,1577,1,2,5,0,2,132,1,53,2,9,1,12,7,18,0,0,0,12,2,53,16,2,5,7,26,248,12,4,8,35,10,3,24,1,0,93,20,127,253,112,22,7,12,1,11,47,4,9,3,5,23,5,0,0,5,1,4,2,0,0,6,1,325,2,6,8,2,0,4,9,5,3,6,9,9,16,5,10,2,18,0,7,4,4,3,3,3,3,3,2,5,11,15,0,2,8,39,4,6,0,8,0,1,29,1,240,19,8,202,5,505,3,0,3,15,0,0,0,0,2,17,705,5,9,1,70,4,3,11,19,10,5,1,6,2,2,1,9,14,97,1,5,1,6,847,1,13,2,5,0,68,3,124,37,0,1,1,696,21,11,479,11,12,1,59,10,6,163,3,5,0,0,0,3,45,4,282,83,11,59,6,45,90,2,9,0,5,19,0,67,8,150,0,2,1,6,3,19,5,9,198,0,317,1,11,4,6,0,5,15,27,56,1,0,8,4,9,1,25,2,8,3,10,4,10,10,3,16,1,5,11,4,0,12,79,80,617,2,0,1,33,1,5,2,5,0,108,45,0,0,3,4,1,20,7,1,4,3,2,8,86,10,10,1,2,71,3,4,1,36,3,5,18,10,0,0,75,1,0,2,86,7,11,0,2,380,96
"ENSG00000171931.13",4,0,1,394,0,3,81,0,14,0,3,3,10,46,67,4,4,33,26,3,10,4,8,4,4,5,12,7,0,45,2,13,131,3,57,0,299,12,0,7,0,2,0,360,9,25,131,4,2,3,29,2,3,8,4,1767,6,1,0,1,176,2,61,2,9,0,0,98,8,1,1,294,8,0,31,5,4,2,19,41,38,1,1,291,12,0,16,99,93,11,3,17,1,10,3,1,42,1,6,1,95,6,5,6,20,0,3,5,15,3,10,2,33,1,2,1,3,23,99,935,357,574,0,112,179,4,2,6,5,7,39,3,484,106,72,0,4,3,1,1,0,14,21,3,4,140,15,14,6,0,0,3,8,1,29,32,35,28,13,22,67,59,20,0,3,0,372,1,0,3,1,53,345,2,9,27,46,25,7,33,3,3,18,3,3,50,5,1,48,0,0,0,1,367,1,5,8,99,26,11,0,2,3,10,1,15,1,3,1,6,212,2,345,51,3,1,1761,49,20,1510,1,0,0,10,11,1,158,344,4,65,1,1,163,564,97,199,0,217,204,18,3,183,23,8,3,28,19,21,21,14,5,5,4,187,2,34,2,2,154,4,22,0,17,14,1,1,32,1,3,5,41,6,15,2,99,4,11,1,13,1,1,72,13,3,44,2,2,120,2,47,4,29,6,56,102,12,4,12,2,3,0,1,3,4,4,17,43,28,238,0,38,3,6,241,119,1,4,2,2,162,2,1,3,4,214,8,1,149,101,0,1109,0,291,4,83,0,43,93,10,53,4,289,242,2,1,0,10,7,10,0,4,1,54,1,5,1,8,11,0,22,25,3,1259,16,18,1,146,13,8,366,1,52,3,92,5,0,5,3,6,1,2,1,2,2,5,692,0,25,152,1,20,53,0,13,2,4,444,5,12,2,174,2,4,140,79,0,360,152,0,12,114,6,14,7,0,1,0,17,1,5,9,1,157,17
"ENSG00000171951.5",155,0,575,52,56,1,1,1,2,28,4,0,11,62,2,3,0,1,0,10,14,0,67,13,0,0,0,17,0,7,7,28,28,23,3,38,11,5,0,3,0,27,3,3,4,2,5,53,5,2,0,20,2,0,0,2,6,0,4,4,0,7,0,7,0,2,0,0,2,6,79,39,20,0,0,0,14,10,344,7,69,5,13,26,0,1,9,0,37,0,33,25,0,1,0,0,0,11,9,19,17,1,45,2,23,25,1,0,192,1,17,1,623,38,6,2,41,2,0,7,2,8,1,5,22,0,36,1,2,13,24,0,5,20,18,0,5,0,11,2,1,30,69,0,36,12,16,9,1,21,1,1,2,6,10,0,1,36,4,15,7,0,11,23,3,19,18,15,1,16,0,4,1,55,11,6,2,6,59,1,0,84,4,8,1,2,19,2,3,0,1,267,3,26,3,0,0,3,9,4,2,3,115,7,0,3,2,25,11,2,4,7,3,2,63,49,2,0,149,12,0,4,1,5,1,1,4,1,1,1,1,4,21,8,0,3,1,4,1,18,21,13,2,0,22,6,0,0,6,1,5,1,1,11,0,2,0,27,5,10,31,4,13,6,0,35,3,1,2,1,27,0,39,1,31,2,1,0,0,31,0,1,1,0,1,8,1,38,1,16,19,5,14,0,4,6,33,7,3,49,69,3,35,3,4,14,1,12,473,0,8,8,13,12,16,29,80,12,116,4,42,12,0,0,39,2,23,1,1,0,64,2,29,3,8,0,0,4,0,6,2,4,16,10,1,3,3,0,1,0,1,45,3,14,0,2,7,35,2,0,1,12,11,15,35,1,0,2,1,6,1,3,0,6,6,0,0,1,3,3,10,2,1,42,1,1,12,0,4,0,8,0,0,5,0,4,23,129,96,2,2,1,20,0,31,106,10,2,0,329,85,1,7,8,84,0,0,130,4,19,0,0,9,1
"ENSG00000172000.7",14,2,6,1,4,4,6,4,3,0,1,7,1,6,4,1,6,7,2,50,2,0,8,1,1,2,2,4,1,0,1,2,1,13,8,6,3,1,4,5,7,4,133,5,2,5,0,37,2,4,2,4,4,47,1,1,0,4,402,1,1,99,0,2,1,4,1,2,4,3,62,1,2,2,2,0,256,6,0,3,5,15,1,0,12,6,0,2,4,0,2,6,0,6,1,0,7,1,6,1,1,1,4,0,1,1,672,3,108,2,3,2,1,1,4,7,67,2,3,20,0,0,1,1,3,0,1,23,1,4,2,3,104,3,1,0,3,0,3,0,0,4,3,1,2,3,0,0,350,0,2,2,2,37,2,1,2,5,1,7,7,1,3,6,143,4,181,3,4,13,5,3,5,1,5,2,0,0,5,11,1,1,1,0,1,0,1,1,3,1,2,3,4,1,15,1,1,0,0,1,0,5,10,21,1,17,5,0,0,2,0,1,63,2,0,1,2,2,161,2,1,1,3,0,2,3,4,0,0,2,4,2,3,1,0,2,0,0,0,4,5,0,1,1,9,4,2,2,1,3,1,4,1,1,2,1,4,3,2,3,11,4,4,38,1,2,0,2,6,3,3,1,7,0,3,4,51,0,1,1,11,10,1,0,2,0,2,0,1,0,2,2,2,3,6,18,10,1,4,5,1,2,259,3,16,3,2,2,2,47,1,9,1,3,379,38,128,6,0,3,137,6,0,173,0,1,1,1,3,2,4,3,3,14,2,3,3,8,0,1,1,2,1,1,99,1,0,7,1,1,3,3,4,6,0,3,4,4,1,2,8,2,2,3,2,1,35,1,3,0,3,2,1,10,14,0,7,3,2,2,0,41,2,3,1,1,6,4,0,0,7,1,0,1,1,0,0,3,2,3,1,44,2,0,3,2,0,6,3,1,1,0,1,2,1,1,2,45,1,2,2,1,2,3
"ENSG00000172016.16",3,50,0,1,0,222,0,0,4,1,1156894,8454,1926,32,73139,0,6,1058,147608,2,237,2,0,77,11,0,3,10,0,12,0,0,0,3,0,4016,18364,0,3602,657,0,64,1,88984,41,0,115,121,0,0,13,1434,0,393,8644,117,655378,3,0,0,6,0,38,0,80,0,0,312932,3,0,5,8,3,0,1,0,1,7,169281,1,8921,0,163,9,4,0,5,19328,7,0,5093,17839,0,0,22264,2,1161904,17,102271,3,191,6,36,1126,0,155,0,0,558,0,80,0,8,0,22,35,1,526,10,1109,69,24,0,34,38,0,0,6,5,0,18,0,1998,27,11,0,939,1,370,35,0,1,526,1,32,946,57,0,0,6,0,0,3,3510,0,21,8426,3,10499,0,0,13456,145,44,13,1,25,19,0,11,27,0,1281,1,548,382,1740,30,106,12390,0,4,90,2,8106,22,0,0,0,13,1,0,0,616,12,7,1,12,0,0,97,1,0,18,0,11107,0,0,129,0,3,0,7,2,3,3,33377,4533,4,21,0,4,0,9,0,8,7216,0,356,162549,0,0,30,212034,10138,174620,178,216436,0,2,54,9,2,81,49,22,17,47212,36,17717,0,2,1,255,0,0,0,0,120624,230,3,0,54272,0,0,0,0,0,0,2,11,4,0,3,0,148,38610,0,52498,1,0,16870,0,19,4517,1,0,14586,0,711,0,1123,70,429,19357,69,3932,6637,0,110,0,0,6453,6,91,23,4,21,0,308,585,1,257,77,78048,92,10363,11,0,37,0,1,0,1,144,0,0,949,1676,0,1,1,24,0,47,0,690,0,760,1447,0,76628,79,1,0,1,0,116,101,0,0,0,2,1616,78,22,32,8,0,6,0,2,219028,2,0,144,63,0,462,0,4,188,4345,3291,3,0,1,0,0,0,6,0,1,5,4,0,1,10,7,121,56,7,0,2,0,6,785,4945,15135,0,6,0,5033,645,9,0,52442,1,0,2,0,0,0,187,0,0,0,0,0,3,0,0,101,3
"ENSG00000172020.13",16,2,2,20,14,0,0,3,0,22,2,1,7,404,36,6,1,93,1,2,2,2,3,24,1,0,0,21,0,669,1,6,16,2,31,38,0,2,0,5,0,44,0,2,3,3,2,21,0,0,0,54,0,33,0,0,7,0,1,1,1,9,2,4,1,2,0,1,5,8,96,41,4,0,0,0,11,4,21,38,9,15,2,5,5,1,4,3,13,1,15,82,1,42,0,1,3,11,1,10,10,15,17,1,13,4,2,0,239,0,15,4,35,32,3,0,9,2,21,10,0,25,1,0,7,0,19,1,1,10,10,1,42,11,7,0,0,2,4,1,1,8,210,0,8,5,2,0,0,10,4,0,0,52,19,0,2,38,18,29,0,3,3,9,6,4,15,4,0,18,0,4,0,34,0,1,7,5,25,1,0,1,5,8,2,0,7,6,1,13,0,4,2,15,3,0,2,1,0,3,0,1,25,397,0,17,0,3,27,0,2,8,6,3,69,21,9,0,48,0,1,3,1,2,0,0,2,17,0,1,3,2,16,9,5,5,0,1,0,29,1,20,1,0,18,2,2,3,1,0,3,0,1,5,0,0,4,33,5,8,11,0,9,13,0,19,13,1,7,1,13,1,54,1,8,0,5,1,2,7,17,6,124,0,0,7,1,4,0,12,12,0,10,2,12,24,34,1,0,25,10,1,232,0,7,16,0,2,10,2,1,3,7,4,2,7,26,19,17,11,2,4,0,0,12,1,14,0,0,0,6,5,18,0,3,0,2,2,1,0,1,3,8,1,0,3,3,0,0,1,0,22,2,36,2,0,0,2,1,0,1,1,7,3,10,1,1,5,0,1,1,27,0,0,74,0,2,6,2,14,6,2,0,2,3,0,5,4,1,1,3,0,0,0,0,4,14,11,25,0,0,0,7,0,102,4,52,15,5,31,23,1,0,0,11,0,2,386,0,5,4,3,15,0
"ENSG00000172023.8",0,0,0,0,0,0,0,0,10,0,3,0,0,340,1034,0,0,12,0,0,0,0,0,2,0,0,0,1,1,11,0,0,0,0,0,1,22,1,0,0,0,0,0,103,0,0,25,0,0,0,0,96,0,0,0,3,20922,0,0,0,0,1,2,0,0,0,0,1,1,0,0,0,0,0,0,0,0,0,582,0,49,0,211,58,0,0,0,30,319,1,198,374,0,0,4,0,8771,0,40,0,28,0,35,0,0,1,0,0,5,0,0,0,15,0,0,0,0,0,3,1,0,1,0,0,0,0,0,0,0,0,0,0,6,1,3,0,0,0,0,0,0,0,958,0,0,2,0,0,0,0,0,0,0,1422,0,0,9927,2,0,0,0,7507,4744,0,0,0,3488,1,0,4,2,0,1,0,0,0,71,1,62,4,0,0,0,1,0,10,0,0,0,0,0,0,0,0,1,0,0,17,0,0,0,1,0,1,0,0,0,0,0,0,4,0,0,0,5,0,1,1,0,0,0,0,0,90,0,0,2,0,0,3,0,0,0,2118,0,71,0,0,0,1,3,0,0,0,0,3,1,53970,0,0,0,1,0,2,0,0,0,0,1204,44,0,0,99,0,0,2,0,1,0,0,0,0,0,0,0,0,327,0,2,0,0,10,1,1,2,0,0,0,0,0,0,0,0,0,0,5,1137,0,0,0,0,0,2522,2,5,0,1,14,0,0,0,0,0,1,2,1,0,0,10,0,6,6,0,0,0,0,0,0,0,0,0,0,2,0,0,0,0,0,27,11119,0,1,0,0,0,0,0,4,6,0,3,0,0,56,0,0,0,0,0,0,1,0,101,5,0,0,0,0,0,0,0,3,18,0,0,0,0,0,0,0,2,0,0,0,0,0,0,6,11,0,0,0,0,0,0,0,1,6,0,1,6,0,1,4,121,0,73,0,0,93,0,0,0,902,0,0,0,0,1,0,0,0,1,0
"ENSG00000172031.7",13,2,18,5,41,7,6,11,3,19,3,10,5,107,6,0,7,11,1,7,18,1,16,8,1,1,4,8,3,18,9,25,11,5,4,12,12,0,22,22,0,11,20,16,0,3,11,23,2,1,2,31,5,4,12,6,1,11,18,12,4,42,4,6,3,31,11,4,24,12,275,19,9,0,6,0,67,5,1,13,38,4,47,12,11,3,6,0,59,4,10,5,7,0,8,1,0,19,3,445,13,1,33,2,16,7,5,0,128,4,22,5,16,20,15,4,36,8,14,54,4,3,0,3,9,0,3,3,5,6,13,2,31,9,5,0,14,1,19,4,2,44,8,3,8,21,3,7,18,20,1,4,11,3,5,5,6,27,8,10,9,9,9,18,5,17,14,5,6,19,0,2,18,9,20,0,6,31,268,9,2,35,26,8,4,1,40,40,8,3,1,66,17,8,12,1,1,9,2,17,0,11,16,9,5,6,0,12,6,0,9,4,12,6,22,8,1,8,27,33,0,5,8,6,0,1,9,6,6,15,5,9,18,6,0,9,1,10,4,14,13,9,3,2,16,21,1,7,13,3,1,3,0,4,0,4,4,29,13,17,8,9,120,22,1,30,29,0,12,1,9,2,134,0,15,3,16,0,5,12,10,6,6,0,5,37,0,5,8,14,14,4,3,11,12,7,9,5,34,25,10,8,121,5,7,10,10,8,1,18,1,35,5,34,9,10,17,36,16,10,27,8,1,73,25,4,2,5,9,2,5,4,9,4,17,1,6,419,7,5,1,1,7,5,322,10,11,7,50,3,15,86,4,10,1,1,22,5,25,1,11,23,6,6,30,4,3,46,17,1,8,7,9,8,10,0,4,6,8,9,2,9,0,3,3,2,4,3,3,8,11,9,2,9,1,19,11,10,14,1,3,1,7,5,11,67,33,13,7,40,13,3,4,1,24,5,5,23,3,5,0,0,19,0
"ENSG00000172073.4",0,0,0,0,1,0,0,0,0,0,0,12,0,0,0,0,0,0,0,0,0,0,0,0,175,0,0,19,0,0,0,0,0,15,0,0,0,0,4,5,0,0,0,0,0,0,0,28,0,0,0,2,0,0,0,0,0,0,71,0,0,100,0,0,0,0,1,0,0,0,0,0,3,0,0,0,0,0,7,0,5,0,0,0,0,0,0,6,0,2,0,0,0,0,0,0,0,27,7,0,4,0,0,0,0,0,0,0,2,0,0,0,0,79,0,0,0,0,0,0,0,4,0,0,0,0,0,84,0,0,5,0,1,0,0,0,0,0,0,0,0,0,0,0,0,0,7,0,0,0,0,0,0,0,0,0,2,0,0,27,22,0,0,0,0,1,0,0,0,0,0,78,1,0,0,0,0,0,0,0,0,0,0,3,0,0,5,0,0,1,0,1,0,2,61,0,0,0,0,0,0,0,0,0,0,129,0,0,31,0,0,0,0,67,75,0,0,0,0,117,0,2,0,0,0,0,0,0,0,0,0,21,0,0,0,9,0,0,0,0,0,6,0,0,2,0,1,0,0,0,1,0,0,0,0,0,0,0,0,0,0,113,0,1,0,0,0,0,0,0,0,0,3,0,0,0,0,0,0,0,45,1,0,0,0,0,0,0,0,0,0,0,0,0,0,0,4,0,0,0,0,0,0,0,4,0,0,1,0,0,0,0,1,0,0,51,0,0,0,16,0,0,0,1,0,0,0,0,1,0,1,0,36,0,0,0,0,0,0,0,0,0,3,0,173,58,0,0,0,0,0,0,0,249,12,0,0,0,0,0,1,0,5,0,0,0,0,0,0,0,0,0,0,0,0,2,55,0,0,143,0,106,15,0,0,17,0,0,0,0,0,0,0,0,0,0,5,0,0,0,25,0,0,0,0,0,0,0,38,0,7,78,0,0,2,0,16,1,1,0,0,0,0,0
"ENSG00000172244.9",216,2,31,10,46,50,21,27,11,131,15,70,118,136,186,9,48,57,36,34,51,5,61,39,50,65,27,95,14,94,57,32,62,74,45,61,120,8,75,77,8,100,77,29,21,35,14,43,2,14,36,95,23,129,53,31,11,87,93,87,20,48,26,69,9,66,31,18,234,91,135,22,31,1,13,7,109,34,112,73,74,34,228,20,87,43,29,14,34,3,66,49,31,82,15,2,22,79,82,43,26,21,175,24,30,63,66,8,395,20,60,25,40,42,50,44,153,53,137,192,10,136,9,93,81,3,8,39,111,368,28,3,120,15,55,6,49,10,197,16,9,157,47,22,36,135,90,58,65,108,3,12,51,75,24,43,52,211,38,53,32,18,58,45,36,55,83,75,88,524,18,57,70,429,18,27,49,42,83,38,1,48,47,63,28,19,63,46,56,307,20,130,143,147,15,52,13,38,24,79,19,116,88,310,10,97,8,93,53,77,24,63,97,81,109,75,11,41,39,117,2,42,59,12,18,5,33,166,31,52,63,37,46,28,6,76,10,15,43,45,12,25,17,17,132,288,37,14,24,42,6,27,11,45,9,37,10,47,38,218,173,64,206,103,14,31,34,7,187,5,53,4,98,5,28,60,37,3,22,64,109,69,20,2,54,89,4,31,28,42,18,34,27,26,43,83,306,24,71,90,83,14,382,17,151,7,14,32,47,101,53,100,46,35,51,82,259,104,21,17,68,140,7,215,57,65,13,72,14,4,83,43,26,50,225,9,57,213,23,28,12,43,34,49,96,36,18,21,57,9,12,104,30,173,19,17,126,126,86,22,106,18,25,72,136,38,32,78,16,34,95,72,18,22,258,8,59,3,32,98,52,46,40,11,33,23,65,70,53,80,72,26,4,90,44,51,66,170,42,5,23,41,32,14,141,29,66,99,33,40,39,37,16,7,48,34,31,266,69,20,7,18,202,9
"ENSG00000172318.5",67,1,72,3,2,2,0,806,1,72,34,10,2,1,2,1,0,56,4,1,0,0,2,0,4,9,0,2,1,0,15,1,0,35,2,0,4,0,1,0,0,1,6,19,0,0,0,0,1,2,0,3,1,2,190,0,8,0,0,0,31,1,0,1,0,1,0,105,0,0,604,4,1,2,0,0,3,0,111,1,9,0,0,3,26,105,0,16,1,0,4,7,0,7,16,1,76,28,19,0,0,2,0,3,1,1,2,6,107,0,1,0,1,0,0,2,6,11,0,43,0,1,14,1,3,1,4,0,3,3,2,0,1,1,1,1,21,0,1,2,0,3,18,6,2,0,0,0,2,10,2,0,2,50,1,0,2,1,3,2,146,0,0,1,0,4,1,0,0,0,0,5,5,1,2,0,0,0,8,3,0,2,0,0,1018,0,2,1,0,4,0,1,1,1,1,0,0,0,0,0,26,460,0,18,0,1,55,0,0,2,1,0,0,1,1,9,0,92,2,3,0,0,2,0,0,1,91,2,1,5,0,3,8,4,28,20,0,5,0,4,12,0,12,0,5,66,0,3,6,10,0,0,1,0,0,1,1,4,79,45,0,131,4,5,1,1,2,0,3,2,1,0,65,0,1,0,0,0,276,0,6,3,0,0,57,0,0,11,1,1,1,0,0,0,20,4,6,31,718,2,0,0,593,3,4,0,3,0,1,0,588,0,0,0,3,3,5,0,19,1,1,11,0,4,3,1,1,520,0,0,795,1,0,0,1,4,16,0,372,1,3,12,0,2,0,4,8,2,22,0,4,1,0,5,0,1,0,7,0,0,26,1,14,2,0,6,0,4,10,0,2,0,0,12,14,47,5,2,1317,2,15,0,1,0,1,0,1,0,1,0,0,49,0,0,2,2,73,28,5,0,0,0,6,0,1,462,0,0,0,14,0,1,1,1,2,0,0,422,0,3,2,447,32,1
"ENSG00000172425.12",4,1741,3,68,8,2,64,1053,508,38,12,63,8,6,17,593,134,21,67,101,26,596,409,63,907,85,5,114,14,2,4,2,32,602,37,1,319,68,54,145,1263,0,0,20,445,52,16,7,1262,576,340,7,314,5,45,333,566,10,697,1,156,29,434,678,420,11,510,247,43,6,60,7,8,814,484,692,3,17,9,70,27,11,1,20,256,75,32,53,14,115,13,25,7,1,24,254,535,1153,8,2,254,1321,0,130,10,3,88,470,4,6,6,433,25,28,2,1095,14,49,7,8,57,340,136,28,9,372,291,655,3,14,397,578,2,49,3,406,8,937,13,321,502,2,20,867,5,10,2,0,3,0,590,1676,78,357,242,16,54,121,174,72,75,28,0,14,7,112,0,2,96,4,3,15,76,135,57,54,13,5,115,36,525,0,31,0,713,166,619,1093,270,304,60,1,4,116,166,12,937,90,107,1,183,223,1,128,933,36,246,57,411,226,282,39,11,179,59,4,217,455,3,147,1204,1389,1,14,404,508,218,12,1,45,3,215,29,169,1614,9,716,143,152,126,1,12,627,352,4,28,22,30,604,691,210,2,838,2,700,19,1264,6,12,75,828,610,1,3,522,21,33,560,94,952,2,492,2,725,7,17,0,814,215,3,335,3,409,1053,787,48,649,85,2,3,260,43,1,17,20,4,0,126,2518,5,83,8,3,905,2,219,168,222,234,6,351,2,527,122,42,2,1,6,38,36,3,81,972,10,69,106,516,225,10,396,144,8,246,77,367,914,159,5,23,74,1284,191,2,107,5,743,299,10,2,900,878,7,252,10,93,1042,2,12,1,5,36,885,269,3,53,191,38,1,764,72,6,61,8,62,77,939,770,458,925,649,663,94,779,26,206,27,2,27,122,1,5,246,306,2,6,10,213,7,171,661,94,45,60,170,26,3,1,2,2078,40,67,630,202,331,23,1,51,0,17,657,1176,887,2,1486
"ENSG00000172458.4",13,12,80,244,41,29,21,15,12,46,27,8,59,29,667,13,82,55,10,19,134,11,2761,24,12,7,54,119,114,18,26,379,16,8,10,17,19,27,9,6,9,90,9,10,6,562,147,53,19,6,149,79,20,3,16,722,10,26,37,68,9,125,3,28,5,11,7,15,64,213,29,163,74,5,11,8,13,6,29,120,4,470,89,13,36,92,23,4,680,9,5,4,9,96,4,0,3,34,8,4,339,18,33,8,12,33,90,19,89,18,37,15,607,128,24,68,49,13,22,35,3,370,10,15,27,13,24,1820,20,79,29,3,1467,34,473,16,2,17,4279,10,3,216,57,17,36,198,169,60,81,15,7,6,2,10,22,12,12,24,18,119,13,5,4,22,31,138,228,60,9,27,44,17,8,27,182,5,9,8,73,7,6,107,1,27,6,2,34,16,35,29,24,88,236,295,16,68,31,20,1783,332,3,28,30,109,11,1110,14,46,95,262,111,116,464,208,64,36,9,15,70,99,9,62,49,283,13,6,7,304,20,5,1420,19,24,10,12,5,7,4,244,80,325,16,8,686,55,13,7,9,15,19,5,1,6,34,14,115,21,29,7,69,174,107,28,11,7,16,384,6,168,7,157,6,1101,25,81,66,3,4,6,100,15,28,34,8,6,39,2,80,17,213,41,18,24,29,4,20,4,8,27,93,20,31,177,13,12,31,10,649,171,2,11,79,3,108,10,24,41,23,787,468,16,23,8,37,546,10,15,3,4,7,4,68,68,15,12,6,0,5,7,17,8,8,176,45,27,5,5,190,96,11,21,632,39,22,2,6,22,12,76,10,172,19,16,825,6,7,157,3,18,472,48,6,6,9,176,5,725,8,19,547,13,159,7,66,4,196,37,8,16,317,86,4,4,91,59,4,90,32,45,8,85,51,589,3,29,120,92,238,136,836,343,7,14,7,13,2,34,425,36,37,8,12,25,10
"ENSG00000172689.2",4,0,2,123,0,0,0,893,0,0,0,0,1,0,1,0,21,29,0,0,84,1,0,3,0,1,0,2,0,1,0,0,0,128,0,0,0,203,0,0,0,0,0,0,2,0,1,0,3,0,0,1,0,1,0,1,0,0,87,0,2,13,0,0,0,0,0,2,0,2,0,17,0,0,0,1,1,0,0,19,1,20,0,80,0,700,1,0,2,0,7,7,0,0,1,1,0,0,1,2,0,0,0,0,4,1,266,0,201,0,3,0,1,206,23,1,1,0,0,1,0,0,3,1,0,0,10,0,4,1,0,0,4,1,0,0,0,2,0,2,0,0,2,3,0,10,0,0,3,1,0,0,0,10,1,0,0,0,0,4,275,0,0,37,1,2,2,3,3,28,27,0,8,1,0,4,0,1,0,0,0,0,37,0,1,0,1,1194,0,0,0,0,1,1,512,0,0,2,0,1,0,89,12,15,0,0,0,1576,1,0,45,1,0,0,53,0,1,0,0,8,0,0,0,0,1,0,0,14,0,0,1,0,12,0,0,0,0,0,0,0,0,1,0,0,17,1,0,1,187,0,0,0,0,2,0,0,1,97,0,5,1,24,13,1,0,0,33,0,1,0,0,0,1,0,2,1,25,2,0,0,0,0,1,1,0,1,0,0,0,0,0,2,0,0,1,0,2,0,10,0,5,8,2,0,0,0,0,68,0,1,0,2,0,442,0,1,1,0,1,1,32,2,1,5,0,0,5,0,0,2,1,3,0,0,1,9,0,11,0,0,0,1,0,0,4,0,11,0,0,0,0,0,2,24,0,0,2,1,0,0,0,0,0,2,0,12,15,2,0,34,0,0,0,0,0,0,0,1,1,0,1,2,118,0,0,0,0,1,0,0,1,0,0,1,0,0,0,1,1,4,0,0,24,0,1,0,0,1,0,1,0,0,0,1,3783,0,0,0,2,3,0,0,0,0
"ENSG00000172901.20",7,0,11,3,2,2,3,2,8,3,4,1,15,101,10,1,3,91,0,4,3,3,2,0,7,2,0,3,1,11,19,1,8,3,7,4,2,1,0,4,0,5,4,15,7,4,1,62,1,1,3,62,3,20,1,1,1,0,1,2,1,81,0,1,4,2,1,1,4,1,13,2,2,0,0,3,12,3,0,19,68,94,3,1,8,7,1,1,12,2,2,4,0,0,0,0,6,3,141,4,3,1,0,1,9,4,2,1,58,1,2,2,12,2,9,17,0,2,6,57,7,3,0,5,7,0,1,12,4,2,3,1,127,1,1,1,5,3,7,0,1,2,7,3,10,23,8,2,4,2,0,0,0,93,2,6,4,7,6,14,3,17,6,4,0,3,4,7,0,5,0,0,3,239,3,48,0,35,7,11,1,0,3,2,1,0,6,4,7,16,6,43,7,5,3,0,2,14,3,12,1,0,8,19,0,3,8,3,4,2,1,0,11,20,6,0,8,0,14,14,2,0,0,1,2,1,9,27,1,11,1,3,3,9,2,21,1,1,0,4,11,1,2,5,1,6,0,5,17,1,0,2,3,1,2,2,0,1,5,5,4,1,2,178,2,1,1,0,45,3,1,0,13,1,1,0,0,0,1,17,23,2,49,4,2,2,0,12,7,1,2,6,1,3,4,32,3,0,3,4,1,4,15,1,84,2,1,4,2,44,0,0,2,2,15,5,158,6,18,8,8,6,1,4,4,0,3,2,9,0,23,1,3,0,2,2,2,2,4,3,0,0,11,5,30,12,2,3,39,1,1,113,6,28,0,2,2,5,4,0,44,0,2,0,11,14,5,15,2,2,1,12,1,2,152,2,99,0,11,2,91,16,6,1,2,0,2,2,1,1,6,4,0,1,1,1,2,2,8,2,1,0,14,1,5,3,16,22,1,4,1,0,1,0,2,3,74,7,0,4,4,4,23,0
"ENSG00000172967.7",0,0,7,0,0,0,0,0,0,0,0,0,0,9,0,0,0,0,0,0,3,1,4,0,2,0,0,3,0,0,0,39,0,26,0,13,8,0,0,1,0,1,0,0,3,0,5,1,0,1,0,8,0,0,0,0,0,0,0,0,0,33,0,0,0,0,1,0,1,0,0,2,0,0,0,0,0,0,1,2,5,9,9,0,0,0,0,7,0,0,0,69,0,0,0,0,0,1,0,0,0,0,0,0,1,1,0,0,3,0,0,0,14,2,0,1,0,1,0,1,0,10,3,2,6,1,0,0,0,1,1,0,17,0,2,0,0,0,0,0,0,0,5,0,0,7,1,0,0,1,0,0,0,18,0,1,11,0,1,0,8,1,4,1,0,2,0,2,0,0,0,2,2,3,0,0,2,0,0,3,0,0,0,0,1,0,0,0,0,0,0,0,0,5,26,0,0,1,89,0,3,68,8,33,0,2,3,2,5,0,0,0,2,0,2,0,1,0,0,6,0,4,0,0,0,0,1,1,1,1,0,0,11,0,0,8,0,0,0,3,0,1,0,0,2,0,4,0,0,1,1,1,0,0,0,0,0,0,1,0,2,3,0,0,1,0,0,0,39,0,2,1,0,0,0,0,0,0,0,0,18,0,2,0,0,0,0,0,0,1,0,0,0,0,0,3,0,0,0,1,0,0,1,0,1,0,0,0,4,0,1,0,0,1,1,1,0,0,0,0,0,0,0,0,3,1,0,0,1,0,2,0,2,0,1,0,0,0,0,0,0,0,0,0,0,14,0,1,1,1,0,0,0,0,0,1,0,0,1,0,2,2,5,0,0,5,4,0,0,0,0,0,0,0,27,0,103,0,1,1,1,1,5,7,0,13,0,0,0,0,0,0,0,1,0,0,8,0,0,0,0,0,1,1,109,1,32,1,0,6,1,0,0,5,11,0,37,3,0,0,0,0,0,0
"ENSG00000172986.13",36,1,191,31,125,32,9,5,21,25,1162,1378,665,41,17,18,2,10,0,27,36,40,48,31,3,8,3,23,2,7,5,36,36,23,40,29,16,2,96,81,0,126,9,78,39,2,4,57,13,6,9,52,14,288,20,9,282,3,2,2,2,318,3,9,3,3,5,131,0,13,23,60,7,5,2,8,10,16,209,198,172,6,8,32,25,3,14,456,32,12,69,49,0,0,6,2,230,15,269,49,26,4,27,1,56,28,5,6,838,10,58,19,462,78,20,86,58,41,17,535,6,4,2,7,13,0,7,5,19,56,19,9,124,14,32,6,1,4,104,1,15,55,115,12,65,18,10,10,135,25,11,13,3,72,34,28,1,104,596,24,16,0,3,40,39,30,27,17,44,74,102,1,16,21,24,23,20,14,78,14,1,6,0,11,7,9,44,2,189,5,3,1309,8,19,2,0,9,11,3,3,2,3,170,12,6,3,6,15,26,1,30,67,11,5,188,42,251,2,40,12,2,5,0,1,23,6,8,2,1,494,3,3,155,319,3,9,1,1,7,5,34,31,19,4,92,76,46,9,40,2,6,3,0,4,1,7,10,14,298,5,24,8,272,8,14,45,60,13,10,6,43,5,1,3,15,2,147,2,18,28,61,69,0,8,4,249,3,23,7,31,71,18,52,1,42,81,20,4,20,62,50,0,44,15,25,41,17,10,5,829,96,33,1,39,24,45,2765,103,137,43,15,14,2,7,79,8,29,0,34,4,5,7,21,10,27,14,4,80,1105,4,15,142,20,8,58,14,275,1,180,9,13,57,5,153,2,2,10,7,38,0,3,28,15,13,16,5,7,412,4,14,0,9,3,135,16,1,21,10,16,37,2,5,2,7,13,0,39,28,38,3,199,4,11,19,39,15,74,273,85,13,1,13,19,1,274,211,33,3,4,333,110,10,4,13,13,4,52,1113,12,47,4,40,207,8
"ENSG00000172987.13",13,0,11,0,0,0,1,5,1,13,2,7,4,14,1,0,0,3,0,4,0,0,3,2,0,4,0,5,0,14,11,26,3,2,1,2,8,1,0,7,1,2,1,1,0,2,1,0,3,0,1,6,1,1,0,2,1,2,0,0,1,1,0,0,0,5,1,2,1,1,260,1,4,0,2,1,3,2,2,9,35,0,0,1,1,3,0,2,8,0,2,8,0,0,2,0,2,2,2,2,2,0,1,1,0,0,2,0,52,0,4,1,0,3,1,1,5,0,1,12,1,0,0,1,1,0,1,0,2,9,2,1,7,0,0,0,1,0,0,5,0,11,4,0,2,1,2,7,20,0,1,0,0,1,0,1,0,6,4,4,11,1,4,2,3,1,1,18,1,2,0,0,1,3,0,1,1,10,1,0,0,3,2,1,1,4,17,0,0,0,0,9,0,4,2,0,0,4,1,5,0,9,1,6,0,4,0,1,0,2,1,0,2,1,7,4,1,2,3,31,0,4,0,0,0,0,3,2,0,14,3,1,0,2,0,3,1,3,0,0,2,0,0,0,18,1,0,2,6,0,0,1,5,39,0,0,0,2,3,6,7,2,107,5,0,8,0,1,0,0,4,0,1,0,16,4,2,0,1,2,4,5,1,2,2,10,1,0,0,2,1,7,9,4,5,27,4,0,16,1,0,4,1490,0,1,0,0,4,0,9,5,3,4,6,0,3,8,4,0,0,0,1,0,1,1,2,0,0,1,1,9,1,5,0,0,0,0,1,51,2,0,0,1,1,3,7,2,2,29,1,1,0,1,3,3,2,1,5,2,0,2,0,1,12,0,3,2,6,2,1,0,6,0,16,0,0,2,0,2,0,2,1,37,1,1,3,3,0,0,0,13,1,0,0,1,0,1,7,6,4,1,2,4,0,0,2,1,2,0,1,1,0,2,0,6,0,1,0,3,0,0,0,0,1
"ENSG00000173080.6",1,0,1,0,5,1,0,0,0,3,2,1,4,3,4,2,1,2,2,0,1,1,0,0,0,1,0,1,0,4,37,8,2,0,0,0,1,0,1,2,2,4,1,0,2,1,0,1,0,0,2,0,0,0,0,2,0,2,1,0,0,1,1,0,0,2,1,0,0,0,120,3,0,0,0,0,1,0,9,0,0,1,1,1,0,0,0,0,0,0,0,1,5,58,0,0,0,2,0,4,1,1,3,0,0,0,1,1,11,0,0,2,0,0,1,0,3,0,3,1,0,0,0,0,3,0,0,0,2,4,0,0,1,0,1,0,0,0,1,0,0,2,2,0,1,0,2,4,1,0,0,0,2,4,0,0,0,2,0,0,0,0,0,1,27,0,0,228,2,4,0,0,0,2,0,0,3,3,10,0,0,5,1,0,2,0,2,0,3,0,0,4,1,0,1,2,1,1,0,0,0,2,1,0,0,7,0,3,6,0,1,8,0,1,3,0,0,2,1,2,0,1,2,1,0,1,3,3,0,0,85,1,0,0,0,0,0,2,0,1,0,0,1,0,8,1,0,2,2,0,0,1,0,1,0,0,0,6,2,3,1,1,8,16,0,0,4,0,0,1,2,0,3,0,1,3,89,1,0,3,0,1,0,0,1,0,1,0,0,1,1,0,1,0,0,1,5,0,0,8,2,2,22,1,0,0,0,0,2,1,2,10,1,1,1,1,0,11,0,0,4,7,0,8,0,1,1,1,0,0,1,0,2,0,1,1,1,0,53,0,0,0,0,4,1,0,0,1,2,2,0,0,0,2,0,1,28,24,1,27,1,0,0,73,2,0,0,2,1,0,1,0,5,3,0,0,1,0,1,1,0,1,0,0,0,2,6,3,0,0,3,0,0,0,0,0,1,33,0,0,0,1,3,0,1,0,0,0,1,2,1,0,0,0,1,1,0,0,1,0,0,0,3,0
"ENSG00000173114.13",8,9,18,2,39,4,0,1,2,26,1,1,10,63,2,138,9,11,0,8,14,28,9,9,4,3,1,5,1,9,2,15,8,8,14,7,3,5,0,2,6,9,13,1,169,5,5,12,26,0,6,39,84,7,2,3,34,11,18,3,1,1,0,29,15,11,8,1,10,10,34,29,3,5,5,111,18,4,16,16,4,5,14,13,1,7,5,2,56,20,6,2,4,5,0,48,10,10,4,43,6,11,17,2,7,11,6,111,33,5,23,156,27,9,18,3,24,2,7,4,1,2,7,5,8,7,13,1,3,6,11,59,6,2,18,96,1,75,2,6,54,13,24,76,48,10,6,1,11,7,30,81,3,0,23,3,6,66,6,4,2,0,2,37,5,3,12,5,2,14,0,1,1,2,3,16,19,1,14,2,15,179,3,4,1,8,39,29,2,0,8,36,10,15,1,1,89,2,1,28,3,3,32,2,67,3,13,3,13,2,37,18,5,4,36,20,4,2,11,8,29,4,9,0,36,19,10,14,7,6,2,7,11,6,3,24,102,2,0,0,324,12,3,3,4,2,0,5,4,3,2,6,39,13,41,3,119,18,0,12,17,13,2,5,88,9,4,97,7,31,3,14,10,25,68,4,3,12,3,2,5,1,3,21,2,6,66,6,7,13,35,22,7,0,6,3,20,9,6,27,38,127,66,88,2,4,1,4,20,3,3,7,0,10,22,82,24,140,53,7,16,17,51,14,24,2,74,1,0,46,5,2,24,8,1,108,2,3,1,0,40,0,21,6,3,14,2,7,3,30,48,10,15,4,2,73,3,7,35,0,2,0,8,4,252,1,0,6,3,6,3,9,1,0,3,2,1,36,13,0,2,24,1,6,59,5,20,11,3,3,9,5,86,10,1,7,2,4,95,26,3,1,21,0,9,249,1,9,5,47,33,6,1,8,6,2,7,374,2,110,174,14,11,28
"ENSG00000173157.17",0,0,0,2,1,0,0,1,0,2,0,0,0,26,15,0,0,16,1,0,0,0,1,1,1,14,0,14,1,121,1,0,4,1,7,0,5,0,1,3,0,2,0,1,0,0,0,0,0,0,0,7,1,1,0,0,0,0,2,0,0,14,0,0,0,0,1,0,1,0,77,0,0,0,1,0,1,0,3,28,4,0,0,0,16,0,0,1,1,0,0,99,22,0,0,0,0,49,0,0,0,0,0,0,0,0,1,0,108,3,0,0,0,1,0,0,0,1,1,1,0,21,0,1,0,0,0,1,0,12,0,0,8,1,0,0,0,0,2,2,0,1,232,0,1,0,3,0,1,0,4,1,0,22,0,0,0,1,8,0,1,0,0,0,0,2,12,0,0,10,0,21,0,5,1,0,0,10,0,1,0,0,0,0,2,0,5,0,0,42,0,8,1,49,0,3,0,0,0,0,0,0,0,129,0,7,0,3,0,3,0,0,1,6,55,0,0,0,4,22,0,11,0,0,0,0,0,149,0,1,0,10,0,0,0,0,0,1,0,5,1,0,0,0,1,1,19,0,0,1,1,0,0,0,0,0,0,0,1,1,10,1,0,18,0,0,0,3,10,0,0,0,35,0,0,0,6,0,0,1,43,1,1,1,1,0,0,0,0,1,0,0,0,0,0,12,9,0,0,0,1,1,50,0,0,0,0,0,47,2,0,1,1,0,0,38,24,0,0,1,0,0,0,0,0,0,0,0,0,0,37,0,0,0,4,0,0,0,0,0,0,0,0,0,5,5,1,0,3,0,0,8,0,23,0,1,0,0,0,0,1,0,0,1,2,0,0,21,0,0,0,0,0,0,7,0,2,0,0,70,3,2,0,0,0,0,0,21,2,0,0,0,0,1,0,0,2,10,1,0,1,0,0,1,14,0,24,1,0,0,1,0,0,0,0,0,2,2,0,0,0,0,0,1
"ENSG00000173267.14",75,47,68886,233,106,108,242,137,87,165,59,153,60,8797,36325,269,235,419,34,122,840,30,6650,302,76,69,83,63,104,479,64,3531,4470,137,128,91,588,49,147,106,190,606,153,275,258,179,1095,253,83,190,238,1109,93,81,118,417,215,95,363,52,223,208,84,151,31,215,160,127,1314,153,407,1391,83,39,281,52,49,121,59,143,261,129,58,21057,99,197,151,1155,538,793,5892,139,89,7877,1182,25,144,230,41,96,233,209,985,113,288,234,159,80,230,131,2340,122,159,94,60,170,192,86,1721,3889,334,119,61,716,563,75,167,81,323,2139,108,78,404,352,8144,56,116,70,197,73,64,826,450,102,335,8733,294,3178,470,19,53,83,116,157,90,177,121,3739,205,125,189,7249,623,132,77,172,782,5699,64,90,22,635,808,265,732,84,2938,560,3936,73,36,589,76,118,176,454,226,312,117,28,64,273,482,853,292,87,84,6655,78,6474,64,108,709,84,102,4753,115,81,500,79,1315,216,1233,65,190,64,304,213,259,199,67,198,84,212,125,68,191,249,12607,117,546,147,1337,170,278,1459,54,257,99,162,1710,248,448,297,194,328,36,213,4086,63,68,165,86,151,59,410,104,3996,165,52,505,162,1663,207,71,324,1716,104,98,125,1051,31,3089,46,127,108,3335,50,521,2736,122,201,138,270,95,136,47,6359,81,10475,417,249,249,598,1325,1869,567,310,474,86,170,1467,271,197,182,246,82,155,376,53,219,270,150,28569,1970,18,110,131,524,440,121,147,86,134,587,615,120,224,261,79,184,128,357,117,1014,94,112,1351,110,96,69,99,174,3880,96,117,342,3281,140,78,42,505,163,68,52,82,127,498,213,4436,142,292,1126,2772,144,75,432,307,339,160,99,164,1272,440,86,358,49,76,207,100,121,131,120,1393,114,314,208,359,95,5058,127,111,63,214,84,95,262,106,415,87,64,41,887,63,13259,11593,2005,179,250,463,397,172,93,110,93,52,51,92,65,1086,97,77,16253,66
"ENSG00000173334.4",2734,11034,3008,5210,4357,3315,2428,2427,4391,1962,5963,3712,4237,17755,6765,12451,2805,4183,4844,6508,5476,11239,1901,5704,4602,2631,5893,18566,866,11631,4796,807,4940,7383,1819,3733,7258,2508,4469,4428,3070,2369,9665,698,23299,1289,1546,4265,16703,4936,1854,11593,11353,5762,1107,5296,11052,16988,2737,2084,2432,3061,2159,3809,2170,5846,4122,3299,10751,4614,7416,8849,3563,13830,2454,5872,3081,3876,2041,1746,8033,3092,3519,8992,2984,1598,3035,585,1343,8021,4650,3129,5023,3569,1075,4551,3171,5510,2686,2497,3277,21429,2236,3000,3489,1527,3580,12472,2704,5769,3015,16758,2043,3061,4067,3668,3680,2048,5235,8593,285,3264,1092,6024,2753,15910,8588,1653,4320,2276,2838,25573,2211,4153,8366,25732,3317,16196,5098,1877,3624,6119,5808,14500,5350,6148,5087,3846,3672,3026,5371,9210,4802,5157,3334,3506,2754,14147,3458,2117,1975,1761,1738,6286,516,2136,3775,10594,3147,11621,1003,4951,8261,6503,3216,5043,6277,677,8559,2203,3230,2873,4462,2465,2289,8025,2150,2439,8096,2880,4962,1848,3147,2449,1986,3199,7435,9312,1737,7042,4235,5614,9881,2126,17359,2447,2022,4925,1787,5044,3671,2480,5916,3590,3848,2305,15819,2688,2910,12279,18294,1529,8105,5078,7911,20596,5914,7592,2007,2787,1274,865,3601,1290,2489,2515,6894,3560,3740,2842,1461,5561,4844,1850,2472,3430,22608,1413,3148,3708,1037,1913,9524,8793,2024,2950,11398,3510,5109,7738,4690,5755,5296,2349,27658,3471,5484,19855,5775,8061,6732,2774,2372,15585,3597,5719,5469,10533,1599,3364,1772,7133,1100,6707,4757,2245,7464,1798,3154,5187,7265,3852,1545,6962,2637,4632,4144,7445,2634,2090,3552,910,5016,7348,4398,1514,2339,1904,10928,4291,3776,2800,6791,7385,1346,1157,4415,2547,1916,4014,6036,3000,15582,2902,3478,5500,25644,2200,3391,4596,1605,1953,6597,2561,3389,33119,3959,29874,1874,288,18441,3478,2672,10223,1546,4510,2445,1018,3021,11553,10172,6946,2651,4468,3804,31386,4095,2369,9330,4425,12971,33627,2551,3268,6823,1569,6672,6131,3947,2482,1390,6571,1985,2308,2653,3866,6885,14727,4956,3299,3046,3952,2895,2423,9577,5355,3314,4121,2425,7221,5206,3861,2953,3186,1331,3871,2372,954,16783,14118,2167,1719,1551,2434,4213,3127,3287,2687,3128,777,8007,6928,2985,6097,2721,2944,2609,1080,2845,31396,19166,5441,2954,19234
"ENSG00000173432.12",118,23602,680,268296,201,12607,1052,1426,1046923,28683,49,323,8610,83713,134198,8956,839,22064,1460,7613,25083,58952,1469,3888,28288,9880,20796,13328,815,1763,5,117,1915,7058,7077,4060,65917,41026,14,161,12652,59,170,343,11942,1232,174773,25277,64154,58908,2894,2598,5663,2928,0,13971,1236732,1809,3903,873,5124,33415,890,16991,146703,18,157686,2851,5476,855,963,212555,7420,36732,79236,4335,13,5691,734,27811,7524,77447,7130,11544,6140,188,311697,21896,5383,182715,274786,20070,2239,13201,3875,21335,674014,374899,8168,327,36834,1302,759,166,39472,169,10537,7167,1606,164,940,16975,46602,91509,55,2015,183,909,26,17882,14938,29263,42969,649,247486,78448,90009,32726,777,416,15910,566890,19337,252680,36683,13308,214,23475,690,1599,9862,1856,7857,4557,4169,512,270,419,194,19,22502,8845,19496,26939,75481,2232,1232986,2906,1013,18568,76107,84564,288612,457,980,13252,49450,319,18303,1187,54,7942,9297,15572,67639,2557,146443,93,47601,8124,21839,11,32209,3476,504,228226,2155,8439,3411,686,3465,62,733,4502,98608,110,2647,726,648,247,540,16636,241,25336,7291,13615,44590,41084,3391,6093,4749,1180,2238,8944,5633,31,1125,43522,33259,107517,175282,11782,862,9856,2446,7915,1745,2512,37286,572,346,6888,72461,44472,24015,112861,3841,2963,30904,82697,411,322448,5484,1187,7732,682,3266,1030070,3257,13902,3511,87,92240,438,3702,1918,2632,16,14710,8675,2075,29741,2012,35,1270255,14662,599,8039,3270,18105,50001,156313,33,1238310,44555,617,752,2571,2658,11995,599,82130,16058,850685,1734,3364,52890,22226,2044,8699,131103,98057,19182,9842,11815,95,145,7167,92384,3162,10798,329,52,147971,9768,206566,408230,5842,104,149,325,168,2375,27723,1682,6127,5936,7,39104,142921,68,21851,18300,49,255000,283,14945,119,138633,624538,20,46666,170115,67251,929,21582,783,7112,28,42723,14908,47737,13994,16500,4116,6630,1036,3763,1115,18321,1033090,10579,15097,2516,262,66255,126,1991,263,220,13713,184722,20985,357,1061,13299,22049,782,114695,96800,8001,42939,2696,3823,2664,5855,897,66482,30075,3573,2146,4833,4369,239687,15836,211658,5436,9732,14437,201,2586,4339,2263,241,123,4550,10976,225,1445,317721,1792,1028,3400,1732,107432,2,26885,1022,132474,13162,22328,29236,253676,404665,11567,4,6471,3,993,9420,9523,4994,1737,12170
"ENSG00000173546.7",917,54,743,516,691,344,20,636,127,1222,406,710,208,691,309,276,156,375,59,490,404,26,1946,653,420,216,177,693,177,471,350,1800,625,902,231,474,554,37,516,1077,37,1812,602,650,97,131,697,860,264,530,246,422,91,143,492,168,450,706,478,238,376,331,76,185,36,838,458,191,381,351,1325,1005,426,30,707,54,532,585,234,247,838,176,428,230,406,652,211,142,3112,178,928,506,115,427,365,23,257,2570,217,1365,280,42,1627,215,510,1764,1291,55,859,119,1345,264,1885,910,403,130,2164,213,455,499,82,192,268,317,378,41,441,298,624,895,185,239,217,860,894,31,541,17,411,411,73,1268,462,21,1364,1627,178,455,729,574,122,69,676,412,296,139,88,1339,310,1064,1420,174,639,465,516,904,951,808,361,643,45,256,519,740,252,288,475,868,348,112,14,1694,346,593,586,181,1319,389,235,79,95,7529,264,470,365,330,32,147,274,1349,114,421,1301,630,75,322,253,732,321,104,259,681,279,359,2493,853,201,210,1306,1172,17,758,270,525,263,58,621,400,384,1017,161,355,1151,667,531,426,43,360,268,381,1205,714,295,210,925,356,55,191,1018,161,380,161,273,456,65,502,85,590,588,2055,494,294,816,365,50,1386,278,193,612,131,1043,35,189,54,182,140,465,29,190,460,552,237,245,71,238,928,81,761,230,880,201,297,192,267,386,411,327,278,852,2111,307,495,963,103,163,347,108,612,284,151,207,532,299,536,668,1631,483,617,777,211,678,1059,50,1102,787,391,105,774,303,100,655,137,543,285,511,313,268,1848,251,428,112,356,608,145,209,353,354,813,134,68,70,1207,526,580,164,71,235,406,646,144,745,706,563,476,10418,374,246,3472,694,201,88,326,127,73,176,176,238,84,1028,917,194,611,229,107,80,114,627,305,75,128,820,198,42,669,98,464,355,569,1301,284,272,50,795,68,382,463,362,320,272,1292,760,178,439,699,1361,414,171,377,382,402,40,158,673,49
"ENSG00000173610.12",0,3,0,28,0,0,0,0,0,0,0,0,2,8,2,0,0,21,0,2,0,5,54,1,57,8,0,11,1,0,0,11,0,1,10,0,21,0,0,0,0,0,0,0,3,0,1,0,1,12,0,1,0,0,0,0,2,0,0,0,1,0,0,7,13,0,0,2,0,42,4,8,1,25,1,0,0,0,1,0,8,1,0,1,0,0,0,0,0,0,0,0,1,0,0,26,0,0,1,0,4,3,1,0,0,0,0,0,4,0,0,8,20,1,0,1,0,0,1,10,0,0,37,0,1,2,1,0,0,7,3,30,0,0,0,112,0,26,1,0,7,0,0,31,1,0,0,0,3,3,10,1,2,0,66,1,0,1,0,4,7,0,0,1,0,0,0,1,0,0,0,1,3,206,0,0,0,2,0,1,3,0,0,0,0,0,0,0,2,0,0,1,1,9,3,0,20,0,84,7,0,59,0,2,3,1,43,13,0,52,5,0,1,0,2,0,0,0,2,5,36,41,0,1,1,18,0,574,0,2,0,2,0,0,0,1,0,0,0,0,0,1,0,0,0,0,0,0,0,1,0,1,24,0,0,0,0,0,0,0,15,6,0,0,4,0,0,37,15,9,2,2,2,31,8,0,1,3,0,0,1,0,0,0,0,0,11,0,0,3,2,1,0,0,0,1,5,0,0,1,3,0,2,33,1,0,0,15,1,0,0,0,0,0,0,0,0,0,0,6,0,1,0,0,0,0,0,0,0,1,0,0,139,1,2,49,0,1,1,0,58,2,1,0,0,0,0,0,1,2,3,21,173,5,0,51,0,1,0,0,1,0,0,0,0,0,0,0,0,1,0,0,0,1,2,0,0,22,1,1,0,1,0,0,0,0,0,0,0,0,0,0,0,0,1,0,3,1,0,199,22,0,1,0,1,0,3,0,0,2,1,1,1,0,0,0,0,0,0,11,95,1,0,5
"ENSG00000173702.7",3494,3,1,2969,1755,4654,18,535,228,4458,2,4,5,1240,10077,454,402,653,10,617,491,26,19753,2848,131,2824,106,5978,175,1845,3,9798,243,275,135,278150,4235,2732,12,7,18,331,33,2199,117,2100,41684,1185,260,12711,394,19775,1282,521,0,247,303,15,635,18829,129,149,35,31,393,48,184,40,4693,6886,286,4770,2099,15,13,46,19443,21753,3399,17,241,154,49602,16662,142,16662,1294,824,22263,192,5858,2903,1,4114,998,3,81,72,102,24410,176,5,26708,8,4086,17228,7514,26,5683,2,8175,46,25120,439,58,1095,1796,19,40,5458,61,161,6669,27,4374,13,1030,358,2627,979,2609,10,4071,2531,56872,10,119,8,908,108,103,9098,7585,247,941,104147,62421,1653,157,13291,16,103,7457,79,61,235,1028,350,13,590,2,6766,27020,2683,1211,31,2326,553,5865,69980,335,92,12797,595,2048,12,8131,38957,25542,176,20,115241,288,442,2,1495,447,155,132,513,1329,3,41486,142,166,1973,109,5040,46737,30392,25,3920,2089,564,6,9058,498,20643,1140,2295,4982,1661,412,388,527,10757,14,106,1047,552,11,1461,24,44580,84,62,250,2733,38936,642,45575,1102,2180,6,2,67,20,33,12,6891,29934,5631,150,20813,7769,6,96,736,137,66,14,131,6,13776,55,638,69,3927,4295,6271,2513,4963,57817,191,53,31047,1296,13,702,231,243,90,1961,193,6531,6,7089,9,4,10465,1741,786,505,32,99,26,9,5330,285,53548,396,41005,3452,58,60,224,12669,24,47,5271,1171,7643,84,21,1757,1245,13,11517,2080,36,12,2551,185,89815,11219,88465,39,91,66343,3755,1801,655,9,25,24075,37,269,163,7,13,1976,243,2928,4164,717,53,25,24728,0,48412,8,689,2038,75,222,6382,68,7655,57,43,1059,34090,190,328,13,81,729,141,39,362,18352,81,1764,4504,13,72,3037,6,142,6014,11089,172,7582,66,6087,10,32679,173,12,15412,162,1931,4,60578,2226,160,1038,7499,15,8710,1044,41,219,8420,9921,333,13116,318,1073,221,802,50,11695,11,2518,6,87212,50,576,7981,162,520,6,401,904,264,1271,16,124,2690,13,8,2719,300
"ENSG00000173727.12",42,10,215,24,26,6,12,17,17,49,11,42,65,1294,600,16,15,506,70,13,10,10,122,15,45,86,50,70,4,184,10,30,66,31,6,24,225,6,38,23,22,35,45,16,32,482,23,34,12,39,46,532,36,21,3,317,28,12,175,37,16,267,11,38,28,31,46,25,68,1017,216,30,15,15,26,5,166,19,12,24,1809,1028,23,194,101,13,17,30,32,16,74,402,8,110,7,5,76,197,132,50,29,12,470,8,19,3,217,20,298,26,23,38,12,403,12,68,21,11,201,151,109,27,9,46,36,5,6,87,19,177,16,12,59,23,630,16,13,15,412,5,9,37,48,26,20,3158,82,18,39,52,9,32,207,206,30,52,25,25,14,331,49,42,58,14,37,608,42,287,170,674,34,15,33,77,133,5,117,520,81,78,4,12,71,165,10,25,77,50,488,379,27,174,96,191,83,29,13,27,62,126,13,1209,18,300,30,316,21,1195,365,70,25,24,121,9,14,6,16,21,49,46,15,109,18,12,10,13,39,954,57,63,15,31,154,64,7,62,15,19,34,91,15,21,30,11,64,99,5,22,669,57,11,23,5,102,16,214,10,29,312,60,56,106,278,79,8,30,47,15,498,6,43,2,61,8,292,4,7,6,42,62,101,34,2,25,22,18,8,17,27,365,31,49,9,312,35,5,246,40,115,40,46,17,133,21,8,28,5,22,62,133,19,18,143,35,45,111,268,86,20,20,21,37,14,57,87,89,15,26,178,17,259,17,29,34,120,13,37,1065,18,27,22,12,31,60,357,105,20,5,55,7,13,307,21,45,6,14,20,53,10,39,2889,21,25,75,128,6,40,22,29,48,43,49,26,97,544,26,249,10,25,406,59,409,28,23,13,199,16,44,328,593,36,7,16,25,13,5,188,57,19,6,15,3,14,13,607,141,833,14,18,13,43,638,16,17,55,8,1014,16,45,15,14,15,1368,38
"ENSG00000173825.7",25,8,12,7,43,7,10,1,8,72,28,50,23,60,46,3,9,70,45,9,39,6,23,18,52,136,26,59,10,70,16,5,25,1,9,12,30,7,85,49,60,13,17,16,15,96,11,28,4,7,66,35,19,25,4,26,12,12,81,33,92,50,13,26,2,17,11,22,27,102,38,28,2,3,49,4,71,21,35,38,61,20,121,79,93,4,20,76,4,31,118,100,4,114,24,0,5,84,155,64,16,33,117,60,13,32,86,7,57,20,12,17,6,14,6,37,106,50,46,62,121,7,34,334,80,3,3,148,26,24,17,3,95,22,44,1,18,3,170,3,9,103,21,14,9,132,65,10,26,18,7,30,35,77,19,25,2,13,32,82,57,50,25,23,16,75,75,132,229,102,51,43,31,37,55,14,48,75,77,95,3,17,37,129,32,19,31,6,17,27,8,12,132,91,11,368,13,39,3,45,4,37,31,31,24,31,14,106,22,41,9,46,52,8,24,44,45,9,27,77,3,72,12,5,5,7,46,46,19,59,103,35,15,19,64,86,3,47,16,8,77,15,90,9,34,169,11,21,12,27,29,18,0,3,30,157,5,6,54,29,80,43,69,71,2,33,52,10,82,4,33,3,41,3,32,11,62,9,222,66,271,49,75,4,6,13,4,5,15,21,9,22,16,16,94,86,192,431,4,5,150,8,56,13,16,32,4,266,22,27,47,85,31,15,24,7,121,23,27,38,19,53,4,77,5,60,11,36,46,3,23,26,7,141,86,3,50,62,9,6,6,9,22,37,218,28,27,26,15,5,2,174,32,28,107,4,10,23,19,14,37,3,48,26,23,51,22,16,25,22,39,16,4,36,146,6,70,8,4,108,69,28,9,4,26,19,52,39,127,112,25,167,9,22,5,20,33,98,27,3,114,77,16,5,16,7,18,6,10,9,9,113,3,4,4,5,95,24,160,10,5,3,270,9
"ENSG00000173826.15",859,0,0,0,0,0,0,6,0,17,317,9,5,2,4,2,25,2,70,0,0,8,4,0,60,1,1,0,0,1,3,2,1,89,0,3,4,0,2,0,1,21,0,34,1,5,0,0,1,0,0,4,0,4,145,2,16,0,1,18,5,7,0,2,0,43,1,0,61,39,1,1,1,1,1,6,116,1,1873,6,55,6,3,2,9,104,0,1,5,0,11,7,0,2,3252,0,60,5,75,1,0,0,41,0,0,12,198,3,51,4,2,8,0,0,5,6,4,1,0,4,0,3,0,2,0,1,0,194,32,0,1,2,7,2,0,1,42,0,335,0,0,1,0,1,2,2,4,1,0,118,0,1,0,2,2,0,0,3,28,1,4,2,0,0,3,0,3,2,1071,16,5,2,5,8,1,0,1,78,2,0,0,327,3,0,2,1,47,59,11,111,1,0,51,1,0,0,0,0,0,40,2,74,1,1865,1,7,0,137,2,3,10,1,1,0,41,11,1,1,2,1,1,2,2,1,0,0,0,5,1,3,0,1,4,32,2,0,0,1,0,0,17,0,0,108,132,14,1,33,4,3,1,1,1,4,1,62,2,6,61,17,18,2,1,1,1,0,7,2,5,1,2,0,0,0,0,4,1,0,8,22,15,2,19,0,18,3,0,1,9,1,0,0,0,7,134,13,22,1,15,90,2,35,41,1,3,0,0,2,2,0,0,1,1,32,28,3,2,1,1,0,44,59,0,5,2,43,2,142,1,0,2,0,0,66,43,3,4,18,1020,6,1,1,1,11,341,3,3,20,1,1,1,3,3,1,0,5,0,72,0,1,2,0,2,0,7,54,1,5,4,3,15,1,0,5,1,2,186,1,1,4,24,4,53,0,0,0,1,2,1,0,30,12,1,2,0,0,1,694,4,1,1,0,4,0,0,2,0,12,0,1,0,2,1,1,1,0,1,4,267,0,1,53,6,0
"ENSG00000173862.3",0,2,3,1,0,1,0,0,0,3,0,0,0,5,1,0,0,1,0,1,2,1,0,0,0,1,5,6,0,0,0,0,2,1,0,0,1,1,0,2,0,2,1,0,3,1,0,0,2,1,1,2,2,0,1,0,1,0,1,0,1,1,0,0,0,1,1,2,0,1,6,3,0,1,0,2,0,1,1,0,1,0,1,0,2,0,0,1,1,0,1,6,4,0,0,0,7,0,1,1,1,2,0,0,0,0,1,3,3,1,0,10,0,2,0,0,2,0,0,3,0,2,0,2,1,0,1,0,0,3,3,3,6,0,0,2,0,0,0,0,0,1,1,3,0,1,1,1,0,0,4,4,1,0,1,1,0,2,0,1,0,0,0,3,0,0,1,2,1,0,0,0,2,2,0,0,0,0,4,0,3,0,0,1,1,0,2,0,1,0,1,0,0,3,0,0,3,2,0,2,1,0,1,2,3,6,0,1,4,0,1,0,0,1,1,0,0,0,1,4,2,0,1,0,1,3,3,1,0,1,0,3,2,0,0,3,2,1,0,2,0,6,0,0,4,1,0,0,0,6,1,0,1,0,1,2,5,0,1,0,1,2,1,1,2,3,1,2,0,1,4,2,4,3,2,0,0,3,0,0,1,0,2,4,1,2,2,0,0,0,1,0,2,1,1,2,1,0,0,2,6,0,1,56,2,1,0,1,2,0,0,0,0,0,1,0,0,0,1,0,0,1,1,1,2,0,4,1,0,2,1,2,3,1,0,3,1,1,1,0,0,0,5,2,0,0,0,0,0,4,3,0,0,0,0,0,1,1,1,3,0,0,3,2,3,2,3,0,0,0,1,0,0,0,10,2,1,2,2,0,1,1,1,1,1,2,0,0,0,0,0,0,1,2,0,1,1,0,5,1,0,0,0,1,4,1,1,0,0,1,4,2,0,2,1,1,0,0,0,1,2,2,0,2
"ENSG00000173894.11",199,9,88,105,635,41,240,133,25,258,84,144,108,1560,1132,61,131,25,7,158,88,14,148,90,308,51,18,27,136,254,588,2138,157,137,23,114,503,71,87,135,62,579,106,269,52,16,144,276,9,31,24,934,57,355,177,451,36,23,88,87,44,824,32,83,43,180,94,194,117,101,809,169,90,7,146,37,737,65,98,287,820,189,444,121,210,194,78,14,252,141,137,1157,21,328,19,13,42,276,613,1173,134,38,150,56,103,197,570,17,3932,105,87,54,165,106,229,81,836,35,238,1347,48,165,27,678,174,9,18,792,52,1387,154,38,1444,85,496,31,88,22,318,67,26,555,841,76,129,2563,223,155,272,123,19,41,45,283,127,367,14,179,188,319,69,43,78,143,988,225,209,437,104,532,123,44,527,169,76,36,311,74,124,158,6,394,42,84,216,48,171,210,37,36,67,478,868,872,96,107,45,184,77,322,104,295,347,898,35,61,24,77,300,238,189,133,2222,135,202,480,196,137,345,862,5,144,20,193,60,21,60,973,33,392,472,343,147,314,53,259,27,74,179,55,288,183,35,169,178,293,17,34,129,601,70,95,29,165,42,62,44,279,449,425,246,147,564,1614,19,198,298,43,333,8,347,37,72,25,68,16,445,12,36,688,219,380,299,33,29,78,12,76,24,119,138,98,208,264,143,357,2584,45,191,313,207,233,4582,68,60,47,21,139,167,1351,309,479,37,167,327,161,737,117,192,245,89,118,17,128,205,140,13,99,378,15,1955,68,155,64,941,39,283,1667,35,77,24,295,177,294,95,155,103,602,76,17,49,321,51,2862,23,41,661,340,39,9,60,95,153,185,400,90,646,107,55,216,92,531,52,444,367,81,138,61,158,220,35,140,101,85,44,494,85,151,72,77,81,70,51,56,28,52,220,1544,246,13,173,67,206,44,412,45,595,60,68,223,129,342,29,32,223,78,243,2851,60,83,42,59,85,35
"ENSG00000174015.10",0,0,0,0,0,2,3,0,0,0,0,0,0,19,23,0,0,1,0,0,2,0,6,0,1,21,1,4,20,60,0,0,1,0,45,0,0,0,0,0,0,0,0,0,0,0,0,0,0,0,0,15,1,79,0,3,0,0,0,0,0,2,0,1,0,0,0,0,3,0,0,1,0,0,0,0,38,1,5,6,4,4,0,0,0,3,0,0,3,14,0,1,37,0,0,0,0,4,33,1,0,1,0,0,0,3,0,0,45,27,7,1,0,0,0,0,0,1,14,22,0,24,0,0,4,0,0,1,0,50,0,0,2,0,0,1,0,0,6,0,0,0,13,0,0,30,11,0,9,0,1,0,0,13,0,0,0,2,0,0,0,0,0,0,8,1,2,15,0,7,68,7,0,64,0,0,5,46,0,0,0,20,0,0,0,0,0,0,5,16,0,4,6,9,2,20,0,61,0,7,0,0,17,258,0,28,0,0,2,0,0,93,0,3,0,0,1,0,16,0,0,0,3,0,0,0,0,41,0,0,0,3,0,0,0,0,0,0,0,2,30,0,0,4,0,0,1,0,0,1,0,0,0,1,0,0,0,16,1,12,2,0,1,32,0,0,0,0,6,0,1,0,7,0,0,1,85,0,0,23,0,42,38,0,1,0,0,0,25,9,0,0,0,0,0,11,28,0,0,0,0,91,2,0,5,0,0,0,68,4,0,8,0,1,1,1,19,6,0,14,1,0,0,1,0,0,0,0,1,0,21,0,0,0,1,0,0,0,0,0,0,0,1,0,8,0,0,13,0,0,0,2,0,5,0,0,0,0,57,0,22,0,0,3,7,0,4,1,0,1,0,0,21,3,13,0,2,0,0,0,1,3,0,0,0,0,0,5,1,0,6,0,0,0,2,0,21,117,0,0,1,0,2,0,2,0,0,8,1,0,1,0,0,0,0,0,1,0,1,0,0,0,163,0
"ENSG00000174059.17",2162,194,2351,3166,3249,1816,262,2525,805,2534,1652,3451,775,4593,633,644,2492,1448,524,2612,1881,246,5791,3420,1943,2098,713,1539,1387,1684,1323,3091,2312,3069,1636,3004,3784,807,2881,3363,1372,2918,4454,3536,772,1231,1419,3890,465,1895,2745,2298,517,681,2119,1386,2492,1468,2781,1339,3679,1467,861,1564,348,4980,2457,1766,2073,2380,4629,5333,2141,128,2437,220,1616,1692,846,2012,3102,628,630,2377,1909,1744,1610,342,8207,1313,3642,523,1111,882,1931,106,1565,7322,629,2452,2798,635,3279,2789,2500,3191,4430,285,1014,2383,4604,1371,6409,3398,1545,1597,4627,1321,571,2676,388,629,803,944,2880,252,963,675,2412,3280,1643,696,764,2615,1744,307,2628,152,1009,1386,392,5588,1613,499,3375,3512,1106,1039,1557,1924,328,456,1323,1123,1944,943,1081,5190,2846,1891,3216,865,1170,2906,591,2991,2425,1395,1463,1676,161,528,2350,2121,2560,1248,3681,1326,1347,2209,105,6495,2150,1978,2108,1680,6869,7698,1260,609,728,3609,1953,2284,1638,449,300,610,1967,3853,1538,1663,3849,2241,347,778,1017,2670,2526,1912,3073,2620,687,1900,3642,2202,583,1306,3845,5823,97,2220,1123,1781,1595,214,3154,1353,1559,3071,825,3397,4339,1986,1437,3284,237,3283,1369,2899,5862,2235,1653,1489,1307,1465,152,1886,3797,1809,1412,1315,534,983,335,2158,579,5045,2241,386,3223,4065,1349,721,323,4724,618,559,3053,406,3938,229,718,218,2596,1658,1253,261,964,1962,2558,763,2392,365,1714,3123,292,4919,678,4022,1703,2169,2060,1874,2309,1106,1708,2956,7136,3444,2428,2771,1747,612,848,1887,1422,2758,1807,920,2832,3374,1158,3369,2856,2071,2280,4193,5690,2855,4250,1259,319,2606,5799,1449,458,2079,1489,371,1889,1154,2925,1383,1825,833,1035,4543,1451,482,381,2185,3243,382,735,2455,4148,2136,666,304,202,3099,2171,1209,1484,292,1926,947,2119,86,2184,3875,2485,725,5191,1362,568,2842,3030,1725,2186,2544,313,922,692,659,1344,468,5992,1994,827,2922,1202,1931,360,939,2524,2174,1898,1076,1144,2660,365,2219,471,2505,2154,1288,4470,477,1381,274,3379,781,1393,1634,517,2124,2994,8394,2654,1730,1988,2339,4166,1660,1244,2301,1236,1235,317,885,2399,255
"ENSG00000174145.8",0,1,6,17,140,16,0,26,0,2,3,0,1,1,0,4,0,10,1,1,1,3,19,150,73,3,0,5747,5,4,1,0,12,5,21,2,3,0,0,1,0,3,0,0,4,4,0,3,4,15,0,209,6,1,0,681,5,2,365,2,0,2,0,49,1,1,5,0,55,651,10,4,3,1,0,12,188,115,5,2,8,100,1,7,23,214,0,0,0,7,0,8,0,0,0,2,0,3,0,17,0,3,0,0,2,1,6,6,20,0,19,3,4,114,0,1,10,0,0,1,0,400,0,0,0,3,2,12,9,7,46,16,11,0,10,12,1,4,2,134,2,23,8,3,1,9,16,73,0,7,3,3,1,1,0,0,0,11,0,401,10,0,0,159,1,4,2,4,42,101,0,8,0,524,2,0,2,3,6,0,2,4,0,14,0,0,48,1268,4,163,75,0,8,181,41,10,11,0,9,322,1,509,8,346,3,0,23,234,50,47,74,186,1,2,2,11,0,0,3,13,1,149,0,79,6,2,1,23,1,0,12,2,0,1,0,1,11,0,1,1,2,3,0,17,24,3,1,0,3,0,9,0,5,15,4,0,7,0,0,255,164,671,107,0,11,407,16,10,132,2,3,2,64,2,0,3,0,2,0,3,28,0,1,0,1,2,2,0,0,4,2,80,3,4,0,0,64,0,0,2,34,1,862,1,1,1,0,123,3,2,0,78,2,135,13,5,2,0,7,11,0,0,0,3,2,0,1,0,0,2,0,1,0,4,1,27,0,3,0,0,7,0,71,1,79,294,2,1,0,11,1,9,16,0,1,13,0,0,1,36,21,0,0,12,5,0,0,1,0,15,1,1,1,25,134,8,1104,2,0,1229,0,1308,0,10,3,9,84,14,0,439,2,0,5,19,26,14,24,0,15,9,68,0,11,0,0,1,15,0,373,4,11,31,1,0,82,39,16,0,1,4,9,1,2,0
"ENSG00000174371.17",66,3,21,72,314,258,108,30,15,220,28,309,273,1800,679,19,43,263,337,56,159,8,80,75,94,169,113,366,91,247,271,431,337,85,28,193,196,93,200,172,29,194,452,54,19,88,20,271,4,58,83,649,113,413,50,140,11,375,393,397,20,224,100,374,15,165,57,66,676,421,240,98,81,6,55,6,626,105,650,346,289,294,688,111,342,215,44,124,65,12,455,231,103,117,61,7,17,298,154,537,75,16,309,84,141,520,127,10,1975,187,100,17,38,397,127,62,617,107,623,941,115,222,18,284,280,4,7,197,277,651,58,5,982,45,778,9,107,6,432,16,11,547,182,40,113,1778,253,290,248,126,20,17,201,210,21,275,66,272,235,216,86,136,279,180,214,184,425,546,319,2117,56,88,394,2278,53,88,127,264,123,213,6,222,122,314,130,91,385,22,76,746,49,1320,357,642,89,268,22,134,20,561,57,364,421,1864,2,470,23,697,330,205,25,278,454,197,152,345,10,35,66,338,4,173,134,70,12,11,183,610,41,152,316,171,134,360,15,632,18,51,190,152,43,143,26,75,396,346,162,60,53,135,20,122,11,276,5,188,77,114,65,945,508,201,1586,648,17,168,203,9,993,6,368,11,375,9,98,316,298,4,61,445,597,458,91,7,62,421,3,87,171,307,36,143,75,48,87,252,1379,84,54,101,423,33,854,6,181,39,12,136,96,487,124,662,286,228,365,276,867,228,16,116,387,301,4,821,371,194,10,88,118,9,528,116,34,173,1383,17,344,356,75,73,2,113,108,238,764,169,5,108,150,2,39,530,37,617,36,14,404,671,292,46,262,32,73,332,737,52,224,355,22,271,634,193,54,100,619,34,299,4,29,297,35,319,85,10,77,134,362,69,308,424,261,115,23,293,95,163,149,542,57,5,64,151,77,22,408,31,642,392,154,24,230,160,6,8,172,214,129,1074,284,42,6,15,577,9
"ENSG00000174460.4",13,0,1,1,12,2,0,0,0,29,4,407,86,8,2,0,1,0,11,5,5,1,5,1,1,0,0,4,2,4,3,13,2,2,1,4,2,0,610,549,0,21,3,56,2,3,0,0,0,1,0,1,2,13,36,1,3,0,0,0,3,2,0,2,1,2,1,30,0,5,7,6,1,1,0,0,11,2,19,4,26,1,15,0,0,0,0,0,2,0,4,65,0,0,421,1,4,4,145,1,6,1,4,0,4,55,0,3,57,11,6,0,6,2,0,0,8,3,5,33,2,0,0,3,5,2,0,0,5,8,1,1,1,6,4,0,1,0,3,0,0,7,2,2,12,4,11,0,0,7,2,2,1,0,1,17,0,5,23,1,2,10,2,2,2,1,3,7,0,1,0,0,15,1,0,1,5,13,2,7,0,14,6,9,0,3,0,2,4,1,0,59,1,2,5,0,0,3,0,0,1,1,17,10,0,2,5,1,8,1,1,1,2,4,10,19,1,0,5,63,0,1,0,0,1,0,38,1,3,57,0,0,6,80,45,82,1,1,0,1,23,5,41,1,2,5,6,17,3,1,3,1,0,2,52,0,2,2,3,264,1,4,11,2,2,2,0,1,0,0,3,0,0,0,2,1,5,8,20,3,2,10,1,3,0,0,0,6,3,2,6,4,0,4,343,6,21,4,0,80,2,0,13,0,0,0,4,1,9,0,246,44,3,3,6,19,1,18,9,0,2,5,0,0,2,0,4,6,10,0,3,2,1,5,16,0,13,0,33,14,1,1,2,33,9,1,0,6,6,1,1,81,2,54,0,2,1,3,11,0,37,0,0,3,291,2,0,5,5,0,3,11,0,5,1,2,1,2,0,0,0,0,2,0,0,1,22,1,1,2,1,4,0,6,1,0,42,211,35,0,0,0,6,1,4,5,3,1,0,4,3,1,1,0,0,0,3,325,3,1,0,1,101,0
"ENSG00000174498.14",3,0,2,1,1,17,1,1,1,3,1069,263,2009,1,0,0,0,3,72,51,1,1,19,0,2,3,0,0,8,0,6,2,1,1,0,0,2,2,105,27,0,4,50,106,1,2,0,4,2,0,2,3,0,229,33,2,10,40,0,0,27,1,21,1,1,119,2,8,2,0,17,4,0,0,0,0,5,0,4243,7,102,1,1,0,0,1,1,1,19,1,1,6,121,3,7,1,171,3,747,1,3,7,6,3,1,705,1,0,160,6,1,0,6,0,532,0,82,14,2,490,0,1,1,0,0,0,0,0,3,0,1,1,4,3,2,0,3,0,2,0,3,17,3,0,1,2,36,16,15,2,3,1,1,0,1,0,0,4,55,0,106,2,0,2,150,0,3,26,0,6,0,0,0,5,2,0,3,73,3,1,1,8,29,1,1,1,3,15,1,0,0,61,1,1,0,0,0,0,0,2,3,1,110,0,0,15,2,1,4,1,1,2,2,3,2,6,56,1,1,2,0,0,19,0,0,0,100,0,0,31,2,1,0,116,1,1,1,7,0,0,5,1,4,2,113,10,1,17,17,11,0,0,0,0,0,1,0,13,51,0,5,2,5,1976,0,4,5,3,4,0,0,0,3,0,2,243,39,0,23,2,0,5,0,1,2,171,1,2,38,2,1,0,2,1,159,19,1,8,1,18,0,10,44,0,14,2,0,1,0,1743,4,224,1,4,9,5,25,46,1,0,32,3,0,25,0,5,1,135,29,0,99,2,0,8,2,2,9,1,1914,20,7,15,0,7,0,0,0,112,368,0,1,7,0,1054,0,0,483,3,462,0,4,7,146,8,6,0,0,293,37,1,2,0,0,851,1,0,0,1,3,1,1,1,1,1,0,2,287,6,0,1,438,5,0,24,3,1,5,1547,8,0,0,1,1,4,0,5,1,8,1,5,1,0,0,1,0,0,0,216,4,3,0,1,118,0
"ENSG00000174562.13",0,1,0,0,0,0,0,0,0,0,0,0,0,2,1,0,0,0,0,0,0,0,0,0,0,0,0,1,0,2,0,6,0,0,1,4,0,0,0,0,0,0,0,34,0,0,1,2,0,0,0,2,1,0,0,1,2,0,0,0,9,17,0,0,0,0,0,0,0,1,1,0,0,0,0,0,1,0,0,11,40,5,0,0,0,0,1,2,0,0,0,3,0,1,32,0,0,1,0,0,0,0,0,0,0,1,0,0,1156,0,0,0,1,0,0,0,0,0,0,0,0,1,0,0,0,0,0,0,3,1,0,0,21,0,0,0,0,0,0,0,0,1,2,0,0,3,0,0,1,1,0,0,0,2,0,0,0,0,1,1,1,0,0,0,1,14,0,0,0,6,0,0,2,24,0,0,0,1,1,2,0,1,0,0,1,0,1,0,0,1,0,0,1,0,0,0,0,0,1,2,0,2,0,28,0,0,0,1,1,0,0,0,0,0,0,1,6,0,0,0,0,0,0,0,0,0,0,1,0,0,0,0,0,1,2,4,0,0,0,0,0,0,27,0,0,1,0,4,0,0,0,0,0,0,0,0,0,0,0,17,3,0,0,1,0,0,0,0,0,0,0,0,0,1,0,0,0,0,14,0,0,1,1,0,1,0,0,0,0,1,0,0,0,0,5,3,9,3,0,1,0,0,0,0,0,0,0,0,0,0,0,0,0,1,0,0,1,0,0,0,0,2,0,0,0,0,0,5,0,0,52,0,0,0,0,0,0,0,0,0,0,0,0,2,4,0,0,2,0,0,1,3,0,0,0,0,0,0,0,4,0,0,3,0,0,0,0,0,1,0,0,1,0,0,6,0,0,0,0,0,0,0,0,0,0,0,1,0,0,1,0,0,0,0,0,0,1,0,0,0,0,0,0,0,0,0,0,0,0,0,0,0,0,0,1,0,2,0,0,1,0,0,17,0
"ENSG00000174599.5",29,4,23,3,86,66,0,0,2,27,0,0,1,370,253,5,1,144,0,72,8,2,8,28,159,1,59,22,67,144,168,224,17,4,22,5,237,2,0,3,0,18,88,3,12,0,2,31,4,1,0,64,2,23,5,1,11,217,0,32,0,525,6,38,0,144,0,1,4,126,510,20,3,3,1,6,97,5,29,51,76,171,1,12,89,109,4,28,10,4,35,54,133,1,0,5,23,73,91,41,3,0,9,1,5,38,9,2,312,317,4,12,21,6,1,95,632,32,595,268,40,11,1,4,11,0,9,6,10,220,5,5,225,1,9,6,1,2,35,7,4,62,37,11,15,6,2,13,3,29,4,6,2,135,4,2,2,67,194,4,18,6,48,8,13,92,16,44,73,22,21,3,1,366,3,4,11,175,44,362,0,62,7,9,50,4,25,11,6,151,0,45,0,18,371,28,6,32,0,67,0,6,21,452,6,15,1,51,26,0,15,12,48,316,25,21,2,0,36,50,3,29,32,3,9,0,9,52,0,1,0,32,11,5,0,122,3,2,0,48,19,9,4,4,138,40,86,10,11,3,3,2,4,1,1,1,5,32,56,0,107,20,102,213,5,4,11,12,236,3,11,1,128,4,43,235,32,1,3,15,105,7,18,1,1,125,3,7,44,19,21,1,3,312,2,39,2,5,9,99,9,11,42,6,37,3,1,3,5,137,7,108,38,42,72,17,115,170,24,4,144,53,0,229,24,5,8,3,3,3,142,1,13,1,0,10,0,2,2,1,4,7,23,39,130,84,74,7,47,0,7,8,2,811,1,6,13,125,82,0,0,8,6,317,512,11,0,51,5,20,19,21,1,3,597,1,104,7,4,4,49,21,1,10,13,20,87,29,75,49,1,1,4,9,4,7,115,22,32,1,1,35,33,1,4,56,25,44,22,32,18,6,3,2,11,29,68,0,24,15,3,0,67,4
"ENSG00000174672.16",24,0,47,1,177,10,1,1,3,340,9,3,21,4,37,7,61,2,4,15,112,2,101,5,5,25,25,8,1,2,48,49,9,8,1,190,9,5,1,5,3,26,105,14,3,4,28,3,6,5,4,33,4,2,130,3,3,3,6,2,2,1,1,4,2,212,5,3,6,36,121,8,16,1,10,6,157,5,14,31,20,6,477,215,3,181,1,2,131,0,408,29,2,18,5,1,9,2,579,12,2,1,4,2,63,774,0,5,157,507,136,12,50,2,252,22,10,3,391,9,0,2,9,2,5,6,6,4,11,10,2,7,3,6,301,3,7,1,270,2,1,22,17,3,60,2,5,11,816,391,7,3,0,3,5,4,3,11,7,4,2,162,4,11,33,5,10,539,2,171,2,2,7,7,94,4,0,90,57,2,2,112,0,4,1,4,16,7,5,6,378,12,357,6,4,20,4,39,703,199,0,5,24,4,2,3,3,182,5,6,45,243,140,0,15,338,5,2,9,1,1,9,7,4,7,2,7,11,0,6,37,3,4,9,0,1,2,1,0,2,593,7,9,530,71,83,1,71,17,1,2,2,3,276,12,164,4,28,4,10,8,2,0,13,2,12,24,7,24,2,1,3,37,3,95,8,98,1,5,9,7,4,7,4,52,39,1,8,0,2,7,2,2,3,305,162,40,3,7,24,3,144,26,2,5,0,5,4,2,5,8,36,5,47,10,58,3,8,186,4,146,26,1,72,4,205,8,1,3,1,7,14,3,686,24,6,7,3,51,48,1,1,9,153,3,2,4,337,1,2,6,1080,4,10,2,1,9,18,9,6,87,1,6,70,4,9,72,231,2,1,3,2,4,6,16,2,7,8,10,141,3,1,7,5,3,2,33,7,4,1,734,3,2,7,5,2,12,6,24,8,1,12,48,3,3,14,4,6,1,60,1,3,4,12,3,8,2,22,595,13,0,2,39,5
"ENSG00000174837.15",28,4,47,14,16,9,65,13,10,48,6,30,218,1094,318,61,29,15,0,25,20,243,13,15,5,12,2,8,8,22,0,161,18,36,3,556,83,13,6,12,43,14,34,9,111,5,4,33,60,26,18,55,295,102,16,3,73,3,21,6,14,50,3,33,36,6,28,12,15,31,18,12,10,19,7,60,6,8,7,130,12,5,7,34,8,26,2,0,73,8,20,5,5,48,15,44,64,16,12,51,31,47,28,3,13,14,10,94,20,14,7,369,16,16,8,9,16,11,13,72,6,1,6,9,27,106,88,10,5,19,21,371,10,3,6,159,4,104,6,3,8,42,36,141,16,17,41,0,109,37,42,79,18,9,94,7,3,29,10,20,72,7,12,15,2,28,136,22,4,19,1,3,15,8,11,8,44,0,22,91,69,72,5,11,2,14,15,36,6,2,6,1284,228,16,5,3,79,9,3,23,5,3,19,17,95,10,32,3,18,12,36,26,8,4,72,41,8,17,32,24,22,7,24,5,35,87,15,88,17,13,43,8,50,53,2,39,22,41,22,10,17,17,5,29,11,10,11,40,9,16,23,8,26,12,69,10,66,3,15,22,19,62,13,14,675,3,10,38,35,66,38,140,175,343,13,7,20,38,7,27,29,49,3,97,3,24,30,38,10,25,150,59,26,11,36,15,44,6,15,34,20,72,26,173,15,9,25,22,3,21,16,6,4,5,37,16,164,94,13,22,22,22,63,11,8,7,62,7,73,36,26,103,24,18,12,44,11,45,70,0,48,129,12,9,12,9,2,20,98,86,135,61,88,17,13,79,3,6,51,1,13,51,14,1,36,3,5,118,29,4,24,11,3,54,32,17,6,29,24,11,11,76,3,2,126,4,22,8,12,2,7,13,53,18,4,13,6,14,72,63,8,2,14,2,161,187,13,441,33,22,47,32,12,1,6,8,16,2332,5,66,102,49,4,116
"ENSG00000174844.14",13,1,10,263,4,29,1,10,17,2,31,37,253,225,8,3,3,8,230,2,5,9,0,3,9,228,1,13,26,50,6,65,46,5,7,7,100,4,16,31,0,4,7,142,11,31,406,1,6,2,2,10,21,61,36,19,57,43,6,4,242,193,6,3,8,49,3,52,1,20,175,470,5,6,6,14,36,11,391,41,294,4,116,5,33,4,35,50,16,17,26,7,6,1,8,4,182,3,195,239,4,5,42,8,9,1,468,3,159,2,20,5,8,2,23,11,16,3,19,461,29,12,10,56,84,6,2,23,15,12,6,6,79,40,9,4,15,2,7,0,2,10,9,8,7,16,12,3,12,2,8,5,21,38,152,15,7,13,34,5,3,16,8,19,3,3,55,11,261,32,22,84,130,4,6,101,130,29,8,171,8,1,17,3,94,58,12,7,49,9,3,5,10,10,4,2,7,233,1,8,0,6,28,184,4,6,8,15,3,2,7,2,0,2,138,5,8,18,6,333,0,0,6,3,10,1,20,214,0,29,4,5,89,53,3,364,3,128,18,107,4,145,119,6,8,7,299,25,131,160,5,7,11,4,5,6,4,1,14,36,10,9,166,12,4,6,20,11,18,2,13,4,36,3,8,22,15,0,52,3,386,42,12,3,5,264,3,2,0,11,7,2,3,21,506,82,14,14,17,4,16,2,17,2,3,5,4,16,15,335,36,9,7,49,20,3,453,15,11,25,18,25,7,23,38,6,2,2,69,7,122,2,695,155,26,8,65,87,5,3,2,899,13,5,95,0,0,5,11,4,1,10,4,7,26,5,1,8,26,1,59,2,90,15,77,6,55,18,8,21,3,157,5,30,5,3,4,11,7,3,1,18,2,3,15,5,5,14,15,36,58,81,3,10,4,5,181,10,49,4,25,11,6,8,15,3,738,41,1,34,4,2,4,10,6,1,4,8,6,9,9,2,58,3
"ENSG00000174899.12",184,0,833,0,3,0,0,0,0,6,1,1,3,239,473,2,0,41,0,1,0,0,1,1,0,0,0,0,0,23,3,1,10,2,84,0,14,0,1,2,0,9,3,0,2,0,3,3,1,1,0,17,0,2,0,0,0,1,0,1,0,91,0,0,1,0,0,0,1,1,128,3,0,0,0,0,120,2,0,0,2,23,2,2,1,1,0,0,7,0,3,35,0,0,0,0,0,3,0,71,1,0,1,0,2,1,1,0,134,50,1,3,1,4,0,0,40,0,6,8,0,1,0,1,0,5,2,0,1,475,3,0,78,2,0,0,1,0,3,0,1,22,4,1,0,143,0,1,0,34,1,6,1,23,3,2,4,1,0,44,0,10,41,1,28,12,2,0,0,4,7,0,2,13,0,0,1,0,27,1,0,1,0,0,0,1,12,0,0,1,0,242,3,6,8,0,0,2,0,4,0,0,1,2,2,66,0,2,2,0,1,0,1,3,0,1,0,0,1,3,2,7,0,0,5,0,1,20,5,0,1,2,3,1,0,0,0,0,0,0,3,3,1,1,66,1,0,0,4,0,0,0,1,0,0,2,0,0,0,7,0,0,55,0,0,1,4,1,4,1,6,1,0,0,1,0,4,0,0,7,0,0,0,3,0,1,0,8,2,2,6,0,0,1,0,3,21,1,0,124,2,1,35,0,3,0,0,1,0,0,1,0,0,15,0,1,0,14,3,0,1,19,0,3,0,0,0,0,1,0,0,0,0,0,1,0,0,0,0,0,0,0,0,6,1,1,0,1,32,1,0,0,1,5,0,0,0,39,4,0,1,0,1,1,164,0,11,4,0,0,2,0,2,0,91,0,2,5,0,3,0,5,1,1,6,0,0,1,38,0,3,0,0,0,0,2,1,1,7,0,1,1,0,0,1,1234,8,40,0,1,1,0,1,0,2,0,9,145,1,2,1,0,2,3
"ENSG00000174938.14",5221,68,128,1194,238,238,24,121,13,13710,15547,271,1680,3265,9784,355,16,70,9,49,6003,49,14963,4144,53,1278,1288,4079,3,8571,37,5789,3007,74,3397,11628,2206,1300,53,131,36,409,2113,8714,70,888,69,217,218,60,7,423,191,495,27,6,1742,8,21,1771,203,3349,52,158,26,640,15,722,2661,2328,126,1491,44,54,56,53,5279,3467,3292,478,1063,19,4175,10108,8,118,1082,3,3491,1402,7231,1880,1,4498,2768,18,2226,11911,439,1323,227,13,8751,9,2472,172,177,62,2043,58,4158,150,3627,570,3,84,105,1043,1185,1824,3,2174,12,19,1160,33,162,6607,675,1625,72,66,81,93,4092,39,2954,33,3347,12,127,184,3699,160,1375,132,2690,228,1185,10722,84,240,37,8979,29,49,34,288,7324,7470,15,2711,6912,1869,80,129,1648,209,41,5359,3065,28,31,39,2891,3038,30,8708,6393,57,23,1498,2019,649,25,38,2474,9,4198,6031,160,2232,5289,6216,1356,27,92,216,6147,15624,2,6916,6225,73,46,71,22,864,303,24,1047,14508,44,1727,668,9424,2629,7,520,12,18,719,424,2960,145,105,16,15,66,112,3258,1383,239,5117,19,3745,48,46,13,28,9382,115,5506,4981,838,6781,40,2416,101,15,351,11,86,1003,88,4291,125,304,8,560,626,20,104,8,47,1637,35,88,1798,108,87,223,164,94,2345,5,240,72,2014,7138,395,81,1687,78,31,116,86,22,956,817,982,11,204,252,9431,4779,2263,43,7893,16039,75,91,4253,84,1018,56,401,26,1686,124,29,231,28,4040,127,8653,65,195,9040,6360,239,2809,51,947,63,3782,692,40,3318,52,10,429,165,2309,396,149,2,99,6765,2930,50,489,797,58,4530,36,3,405,11,39,49,8075,40,393,1,60,584,2311,117,4,10717,280,65,57,239,17,2129,888,25,979,3349,17,393,1238,7264,25,267,518,52,238,12,571,11,5922,1314,2462,4970,2957,3140,1464,1449,12,108,1442,1588,77,6883,2599,688,115,14,46,461,15,2393,33,187,19,34,2627,104,34,23,1098,29,3395,786,7644,5863,727,42,12,660,127
"ENSG00000174939.11",1104,12,11,119,17,25,31,21,11,9105,994,35,124,299,3157,71,6,19,10,14,569,12,4996,365,14,47,566,422,1,1602,72,359,123,16,373,4340,296,294,22,30,9,311,993,477,34,45,43,42,109,6,3,58,23,25,9,2,153,7,5,95,37,164,10,29,0,59,4,42,387,183,33,112,6,20,10,11,590,204,383,44,110,3,4703,1293,7,9,108,1,1143,511,1257,263,1,3771,215,3,216,1093,128,91,91,3,2030,5,375,45,9,18,404,57,163,34,2222,92,5,32,25,287,287,192,0,218,1,7,202,13,39,2288,7,380,12,24,23,26,242,11,139,11,576,1,17,18,519,50,147,26,459,50,149,3172,22,57,20,1061,6,114,2,34,261,404,9,598,2561,133,49,58,159,81,3,399,559,15,26,2,890,181,8,766,2288,20,9,221,534,215,1,16,340,4,401,524,25,412,392,439,82,12,18,302,1847,1114,0,400,1089,14,15,61,1,40,102,7,84,481,24,569,69,1778,341,6,52,7,17,21,136,789,32,35,1,1,39,32,1712,167,67,304,2,832,21,13,8,9,2467,51,397,261,137,816,12,487,13,5,32,32,17,110,24,236,25,76,4,107,30,5,74,3,23,216,14,23,48,81,20,34,12,39,257,2,82,24,79,924,12,8,81,62,5,39,18,8,292,206,151,7,10,618,1578,531,82,3,1093,3050,16,54,417,33,261,24,36,15,372,7,6,10,7,489,100,2299,8,33,2966,609,48,446,24,136,14,277,137,1,1583,13,3,27,25,357,40,57,10,9,566,786,14,60,94,75,350,17,3,268,6,20,22,3499,4,60,3,32,122,1004,26,8,779,43,18,22,52,1,860,84,6,174,157,5,89,36,369,10,21,261,10,25,2,52,0,1265,186,1449,228,354,780,23,343,2,21,103,75,17,680,417,229,24,4,13,61,11,345,3,91,8,3,1098,22,9,0,60,5,446,80,672,506,120,10,1,95,62
"ENSG00000174963.18",359,0,0,0,0,0,29,24,0,4,0,120,1,21,186,19,5,2,35,1,52,14,51,10,311,0,69,272,0,129,275,62,1,4,172,1,267,40,87,119,10,8,0,112,17,0,38,0,12,0,2,151,0,0,52,22,3,0,330,1,18,0,128,0,32,0,286,41,1,0,674,70,140,4,11,36,1,169,23,9,66,972,1,8,0,104,0,0,7,71,0,432,114,83,0,23,5,163,0,65,0,31,87,19,8,0,2,0,63,631,101,14,2,306,268,143,98,88,251,33,67,39,1,16,48,25,5,38,0,0,104,1,1,23,0,8,0,10,0,2,3,0,161,5,177,0,88,0,4,0,15,25,315,347,110,0,2,179,0,3,38,102,26,2,1,40,244,32,212,273,78,126,218,1018,50,38,109,1041,5,101,8,175,260,0,286,10,144,402,2,1,1,1,260,189,8,0,5,0,0,1,0,7,0,710,0,328,0,348,72,119,3,172,261,616,605,0,7,0,169,867,6,529,0,0,1,10,6,1037,2,27,1,278,104,37,0,49,6,26,46,0,30,0,51,1,1,0,8,7,44,4,14,0,7,41,2,21,2,51,12,384,0,78,199,1,4,134,103,15,671,2,94,1,15,1,164,0,203,0,28,101,522,103,0,0,196,2,0,2,7,27,4,0,0,174,23,89,171,33,18,0,54,0,575,3,133,0,1,399,381,318,174,0,1,402,43,2,45,0,12,406,0,36,0,308,29,49,10,129,10,5,343,4,31,0,553,9,53,0,1,0,0,0,342,1,69,38,10,15,18,1,9,41,103,0,60,8,0,0,288,12,500,40,0,43,0,567,18,961,47,0,25,0,41,0,662,42,1083,6,24,808,0,243,0,0,0,0,5,0,65,0,186,80,0,1,0,124,41,20,396,3,268,0,1,7,128,0,58,1,4,0,4,0,180,6,41,0,286,46,30,37,5,0,9,0
"ENSG00000175003.15",33,28867,200,6267,568,2501,66,26,18302,1094,23,390,165,22,31,54197,8317,11919,1239,10881,36389,53420,3352,25830,36027,2434,1178,3535,2658,3171,1845,246,2804,56214,6006,12,7520,5285,317,382,40244,65,134,312,18740,4366,8339,3192,46093,39096,17894,281,42122,42,30,30460,6458,632,63728,34042,4882,2700,2202,39416,26700,161,39672,10401,2736,3419,1233,16382,3268,48897,32318,43666,120,6270,193,3620,726,15567,33,824,27189,11961,5747,50,252,3548,22093,10082,558,30,767,23124,3482,4544,42,776,14244,47016,44,5131,2009,174,17066,51414,113,181,1894,18547,1749,2875,158,11531,496,321,588,47,32,13050,61914,1516,10440,51364,21029,10650,3764,847,19841,24834,1179,17128,787,50490,107,33223,274,23547,28640,5006,472,50452,3237,120,64,339,23,20,50377,30416,4558,63078,8009,1887,243,5637,3673,21934,29590,73,5698,1130,131,39188,130,151,46509,2278,7768,12530,1480,57,1733,6711,6946,23,1742,2584,26734,958,51,4910,10785,50013,12763,47562,447,20241,30814,113,1258,19102,16855,231,47985,79,7272,1789,42224,27431,292,46380,68283,267,17548,18367,30443,44889,11789,927,146,1416,3960,47,1439,3503,4353,13336,47368,42811,215,1166,15276,40591,7585,16581,101,173,4631,42284,2219,182,22149,636,44650,1264,38829,19415,1469,10208,1953,13504,61,144,12,1108,1305,5124,10079,258,24144,327,38848,51134,62527,4867,17,3636,17185,45970,11,110,9185,1009,3092,17716,23170,35250,4304,27960,44,29751,13952,282,103,53642,2430,5935,3810,73,18224,17548,36015,772,26306,2872,1646,3042,8068,7785,3680,5339,872,37,106,4081,101,25,4480,1747,13,39269,187,12486,569,21321,15660,80,6868,1301,8497,317,2844,14,80,48,3380,5467,518,5736,39758,181,6900,12347,7883,597,157,35578,60,3638,14256,6562,379,67737,5841,957,37,48,78526,6737,3179,1181,4340,6565,847,1077,42,13090,20695,322,40871,414,2253,36126,189,165,82,393,6878,12267,2761,126,964,32051,746,173,3662,26736,53056,17060,49,138,858,2782,53322,29084,23,6522,64616,17326,145998,17920,25322,4466,3926,5163,6120,14950,62,18060,46100,1382,2194,256,4970,62,6936,30419,20882,14610,16642,5329,857,33,206,62,38644,1971,8438,30822,36606,18913,24736,216,5861,62,682,33700,47969,62,30,46695
"ENSG00000175063.17",324,2,194,184,1159,554,583,50,56,1611,102,751,3360,4297,2324,34,187,795,835,186,226,24,221,174,145,231,666,1151,283,591,1294,660,515,95,40,515,363,277,998,382,149,1067,1599,26,42,393,80,1212,20,52,439,1058,140,1583,247,515,29,1962,2365,1240,67,1013,103,652,32,452,87,26,3095,1260,1389,325,89,5,282,10,2456,283,2377,387,473,352,1129,347,448,310,441,409,254,47,718,267,214,1018,173,11,22,1234,892,1071,310,44,1628,119,353,1374,1129,27,6796,780,365,49,120,804,585,267,1648,342,1071,1656,92,449,31,527,832,9,24,899,513,633,123,14,2808,151,1093,14,179,19,3850,102,8,1820,64,38,201,2451,1000,1918,2338,1434,57,17,254,396,113,710,216,714,584,359,781,484,1034,451,1482,1383,547,3955,970,4956,246,401,373,3892,541,195,397,1174,729,234,27,917,307,648,134,318,593,47,313,1558,59,11343,1973,1000,213,4100,56,420,68,556,135,1721,1258,2044,3,42,74,1957,412,388,83,1296,1776,296,746,679,83,91,325,655,4,570,958,91,33,22,306,1703,186,325,2251,168,590,505,113,949,57,290,519,355,71,311,21,93,1040,988,762,320,311,193,50,473,82,921,27,487,65,359,195,3271,747,333,4839,4629,25,457,916,22,1505,31,989,14,1790,7,175,1119,1781,11,164,1598,472,3141,230,18,90,1589,15,353,617,416,140,116,325,90,415,674,2451,208,230,174,740,159,11189,39,913,102,49,206,274,1499,131,2883,621,500,369,403,1292,852,57,226,849,768,34,3485,640,852,47,102,352,18,710,875,77,441,769,41,392,1498,111,289,8,195,144,3034,1692,612,31,926,918,14,190,1860,70,1563,117,33,600,2081,1870,365,576,87,332,1519,2582,69,1007,1885,98,552,449,319,948,227,603,113,550,7,76,463,77,386,239,107,191,290,1726,119,546,529,2437,177,18,970,565,451,435,5920,77,13,220,1000,194,17,2335,81,247,323,348,86,304,495,52,33,296,225,145,4626,1299,104,12,34,4963,36
"ENSG00000175093.5",299,1,97,0,2,1,4,2,0,2,1,1,7,100,0,25,2,3,0,18,4,16,7,2,1,5,4,2,1,1,0,3,2,6,1,56,4,10,0,0,0,10,0,0,35,1,1,5,5,0,3,3,53,4,0,0,6,1,2,0,2,0,0,18,10,2,2,0,14,2,8,3,2,1,1,27,0,0,2,2,1,1,1,0,0,1,1,0,22,1,2,0,0,0,0,17,4,2,0,9,7,12,8,0,2,11,0,28,42,1,0,79,5,3,0,0,6,0,0,8,0,0,1,1,1,7,9,0,4,5,7,44,1,1,1,37,4,25,1,0,4,22,8,44,9,6,0,1,0,0,7,42,0,2,12,0,0,7,2,2,1,1,0,3,2,7,4,10,0,3,0,0,1,0,2,2,6,0,3,0,26,1,1,0,1,4,4,10,1,0,0,33,42,0,0,0,16,1,2,0,1,3,2,2,15,0,4,1,9,0,20,2,2,0,12,6,0,1,2,5,3,0,1,1,9,16,3,0,0,0,2,1,2,0,0,0,17,0,0,1,45,1,1,0,3,0,2,6,4,0,5,0,10,0,29,2,26,1,1,1,5,1,2,1,87,2,23,23,0,10,1,54,0,74,1,0,1,20,8,2,0,7,1,54,0,5,16,4,0,2,36,17,3,1,6,5,9,0,0,2,5,10,2,53,0,1,2,1,4,0,2,2,0,2,1,45,5,1,16,0,4,19,17,6,3,2,22,1,3,12,3,12,2,4,1,30,0,2,3,3,32,0,0,2,0,3,4,5,3,32,22,77,8,1,0,26,1,102,3,0,0,15,2,1,11,1,0,17,3,4,0,1,0,13,0,3,0,7,16,0,1,0,1,5,11,0,5,1,1,0,0,0,22,5,1,1,2,2,24,11,0,0,2,1,4,157,1,4,1,2,12,3,0,2,1,0,1,86,1,34,34,14,16,28
"ENSG00000175170.16",12,5,2,2,43,13,3,6,1,5,8,5,22,77,26,3,6,5,7,9,5,0,12,9,38,1,1,31,2,9,38,9,35,9,3,5,13,2,5,4,9,17,10,12,1,2,1,17,2,8,5,12,3,24,2,11,3,23,4,1,1,30,6,25,4,7,4,12,13,3,450,4,11,1,2,3,9,3,22,32,26,50,39,4,33,7,1,3,11,1,8,10,32,4,0,1,6,29,104,12,11,1,30,0,2,12,2,1,235,4,32,6,12,18,27,1,25,7,49,23,1,11,0,2,5,0,1,6,10,17,3,6,17,10,8,2,5,0,24,0,1,26,31,2,29,229,12,8,18,14,7,5,1,51,6,8,0,55,11,34,22,20,32,5,45,42,15,16,6,230,6,5,4,67,9,1,4,39,12,6,1,20,8,12,28,0,23,6,3,72,17,13,16,47,4,13,3,3,5,3,1,8,35,61,7,6,2,14,7,6,10,97,6,5,11,70,3,3,28,67,1,5,9,16,7,2,13,111,1,27,11,9,6,13,2,16,1,4,8,9,10,9,14,2,9,16,3,3,19,2,6,2,2,13,5,12,11,6,82,111,43,9,17,205,5,17,6,2,43,2,9,2,60,1,11,4,2,1,3,29,17,10,16,0,10,3,3,5,2,6,11,7,4,8,0,60,24,4,12,31,3,2,24,9,11,8,3,5,12,22,7,5,5,3,59,23,51,7,9,18,31,9,2,23,14,1,6,16,1,2,73,4,6,4,11,4,2,38,9,4,2,20,10,4,79,17,5,5,29,1,2,12,1,59,6,7,1,19,2,4,24,5,6,13,39,1,2,45,1,7,0,19,3,49,210,1,57,3,5,8,5,18,31,3,1,2,13,47,1,3,9,3,0,15,1,21,46,9,43,1,0,46,11,0,16,10,2,20,7,3,2,4,4,3,3,27,19,3,5,14,4,6,67,8
"ENSG00000175305.17",55,2,4,41,236,95,3,18,38,41,40,134,149,293,139,22,32,107,110,56,73,5,29,38,48,63,15,125,5,121,469,45,95,51,13,95,65,23,30,110,0,63,129,41,14,6,30,34,6,43,12,194,45,99,52,71,22,108,36,291,9,110,64,63,9,59,49,48,165,228,128,65,30,11,2,21,28,34,42,84,107,45,480,7,149,36,13,27,42,9,149,72,48,2,3,9,9,158,61,270,23,52,51,35,110,52,136,11,115,29,77,32,25,95,58,18,436,45,195,213,18,25,14,19,49,10,3,15,123,223,41,25,131,22,342,18,24,11,114,23,9,280,100,16,75,1194,95,62,43,52,17,13,68,61,40,63,39,311,83,78,42,19,165,63,20,72,118,79,372,366,10,90,153,127,6,47,79,24,110,52,13,53,83,570,32,50,47,33,71,81,39,116,101,134,16,43,16,36,6,502,40,512,124,133,4,17,9,487,2,381,21,92,136,53,151,92,34,6,64,151,9,10,2,42,17,15,69,391,7,104,189,54,73,60,11,46,9,8,92,29,23,109,37,23,126,168,62,14,31,42,6,5,8,120,16,187,31,4,42,80,72,57,452,95,16,70,94,22,71,6,99,6,37,23,51,22,16,3,29,48,141,33,24,0,36,28,10,29,13,56,42,48,22,33,13,135,802,70,27,66,702,4,143,11,11,5,12,41,66,148,39,58,62,157,79,72,206,55,29,30,109,115,9,223,48,265,12,34,11,10,171,12,20,127,323,26,47,1511,17,13,22,29,44,41,94,37,5,10,32,8,28,357,54,39,51,13,83,55,108,38,155,19,20,83,193,43,16,249,11,20,161,114,1,21,34,4,192,12,38,106,11,49,39,2,25,10,33,29,57,293,114,63,6,97,23,79,35,32,61,9,54,17,26,20,210,23,72,114,3,36,84,16,31,13,43,40,9,118,58,39,13,15,46,11
"ENSG00000175329.13",313,2,0,986,47,348,437,0,0,268,38,93,4,35,2,14,243,25,0,5,765,0,239,3,0,1,0,56,137,0,745,622,914,5,1,0,213,2,0,1,0,5,0,3226,0,263,0,0,4,1,0,2,9,323,0,3584,7,21,1000,0,6766,2,0,14,2,554,696,3147,1,427,98,712,0,3,0,1,90,121,248,387,1273,12,0,535,453,2949,0,2233,0,323,896,105,1824,50,1051,2,65,101,234,77,2,0,41,692,6,14,9,0,749,127,1100,1,2,44,605,0,4,0,1,3579,2976,459,0,0,867,1,0,4,714,153,13,2,121,1,82,0,0,1,0,0,0,606,7,37,121,783,21,3,677,6,0,2,0,203,1,1,0,2250,401,702,15,35,896,1081,140,0,733,320,669,644,395,440,15,53,67,39,332,105,0,13,0,1106,30,0,757,0,847,10,4,78,5,1,59,944,124,132,0,95,0,117,0,4,8,217,0,8,0,336,38,1,80,211,0,1,1259,58,1701,0,50,2628,1,3,32,3,0,0,130,56,1,22,0,0,9,3,18,1829,0,169,1517,2,1055,1070,4291,690,752,822,164,793,355,1,22,1,0,0,2,138,6,187,1434,124,1770,5189,8,31,0,298,1009,0,3,3,75,2,525,0,3,1277,148,0,1094,1055,701,332,145,3,0,696,1,35,61,2,0,12,21,1,2548,3,50,177,2,177,115,352,107,0,127,1,0,189,149,17,0,101,0,196,0,1,4,7,0,509,3,117,2,76,29,512,0,1,262,1,1107,686,25,892,96,0,0,98,3,0,1,53,0,1,205,24,181,745,239,0,9,0,0,962,1,1,156,7,807,327,1346,23,8,93,0,0,0,1135,122,147,4,4,7,265,1,0,221,0,0,96,154,221,484,0,2,39,113,312,544,83,1084,3645,2,903,28,1,327,621,1,0,533,1,1816,404,40,0,0,310,2,0,44,1,0,0,5,2,92,5,50,10,0,0,408,1
"ENSG00000175336.10",10,10108,14,2725,201,1281,4274,751,8874,763,56,983,524,7,23,10229,3169,915,761,1584,1082,18622,42,3299,10865,247,1104,8725,443,240,552,11,2909,2498,6909,39,1567,4286,1853,1613,6333,7,815,1431,11994,2326,2008,1955,15859,10874,7625,2745,5596,400,19,2929,1999,2158,5589,2459,774,4919,945,4288,15422,2196,13063,705,3244,1474,564,5283,10197,16050,954,17384,558,4959,679,1302,1035,948,10,411,7930,97,2323,1021,88,6729,1854,4724,883,1250,799,6986,1830,14799,1366,127,11042,11161,28,1852,7052,36,2355,9901,59,53,262,20993,281,782,73,6379,36,4089,2892,1159,359,2912,9640,3139,6221,8793,4651,2221,555,90,13919,36069,123,2662,221,21853,47,28828,1104,1987,7194,72,785,17789,171,136,7553,224,476,1,9573,19197,2432,714,7749,445,12479,3658,893,1003,4370,457,3356,433,104,600,5437,185,4046,4965,689,4044,2674,248,1645,471,2430,564,3974,401,12528,60,2116,1621,799,8316,1937,15269,2486,1992,3482,5,147,1377,1969,2870,14385,12458,1238,970,1029,717,563,721,26367,13098,15343,68,5237,2006,3804,1044,1182,25573,709,3,90,2457,2146,6093,18655,7901,679,15462,6602,11012,2291,20,1393,1559,4182,8876,656,1689,1589,884,14374,1828,8531,7730,46,3000,320,262,63,170,1218,1611,1453,1732,2733,3317,24494,62,9411,607,17299,154,484,1624,11044,19043,22,401,29842,706,206,18740,2280,16382,1964,16736,1085,27250,4886,1325,1231,8292,1830,822,10357,1912,1491,15696,4574,785,17357,547,1588,2722,9287,4599,155,1274,99,169,9,2080,1233,5,4642,26,5,14661,492,8304,2884,15428,12880,249,1265,184,1735,2183,1169,1,676,277,665,2297,340,1850,13392,213,8873,107,12369,301,1162,15142,170,714,5246,1876,388,23593,4499,26,17,48,19440,2791,2193,858,749,6107,804,192,62,28842,26284,13,5228,5878,4547,35048,168,25,1304,263,3993,5892,1607,82,585,9564,2479,1708,3894,4980,3656,680,6650,589,2015,1144,9013,20939,1411,6878,11346,4242,14595,10967,7700,8804,37,1525,2838,1512,1234,1044,4993,1116,443,5314,3309,528,4278,13290,4617,610,85,2405,451,1,834,5549,13083,134,4436,4370,12004,8698,1519,1030,3330,1,4333,13352,32035,1142,45,9492
"ENSG00000175445.17",57,1,6877,320,108,26,12,221,132,141,214,127,86,460,110,73,54,277,22,55,1271,57,419,188,1078,213,41,187,14,169,123,227,254,288,83,302,274,39,86,225,10,144,281,273,100,61,261,146,32,308,153,349,150,52,434,71,330,136,139,94,59,245,66,25,27,176,197,123,309,141,73,140,178,13,65,17,77,51,34,100,208,121,85,152,119,46,76,33,489,52,85,338,13,141,14,8,14,765,55,405,44,10,185,51,82,103,159,29,276,12,171,90,200,867,118,92,240,120,200,133,86,79,179,101,66,60,123,66,105,319,301,8,277,294,153,24,64,6,72,136,45,421,60,14,71,325,124,44,83,77,20,34,181,138,751,27,8,342,75,151,132,45,323,60,28,695,522,183,215,393,29,60,257,1680,238,83,224,170,490,29,10,241,180,113,108,84,328,301,92,110,22,85,57,133,400,32,28,46,8997,297,58,125,423,146,67,144,651,24,70,423,76,61,268,160,147,201,99,80,147,505,9,74,99,229,11,11,34,61,74,207,69,179,1925,110,172,175,12,65,610,207,1442,582,894,39,178,41,47,111,840,65,95,46,19,32,31,89,7,148,125,223,249,236,436,76,10,52,55,81,162,68,209,20,48,3,151,13,232,6,135,142,654,105,85,12,41,159,21,186,80,145,48,127,33,77,57,100,243,93,1077,266,83,22,110,49,251,67,75,158,34,70,317,108,127,74,240,132,235,232,274,103,231,67,4,64,163,32,200,105,15,8,228,8,182,61,217,15,94,377,85,56,8,279,167,28,60,249,83,142,62,77,32,181,182,925,52,35,113,15,132,35,269,353,80,124,73,80,41,214,155,29,50,138,15,18,843,58,719,57,532,427,81,575,16,37,48,241,89,94,139,45,128,119,20,445,37,71,100,63,79,2,233,62,191,32,388,2198,408,211,115,420,142,30,155,244,232,86,328,1456,67,56,18,37,234,6
"ENSG00000175664.10",0,2,0,1,5,0,0,0,0,1,0,0,0,2,0,13,0,0,0,1,1,3,1,0,0,0,0,0,0,4,0,0,1,2,0,0,0,1,0,0,0,2,0,0,10,0,2,2,22,3,0,2,3,0,0,0,6,0,0,0,0,0,0,1,0,0,1,0,0,2,3,2,0,3,0,1,0,0,0,0,0,0,0,0,0,0,1,0,0,0,4,0,0,0,0,3,0,0,0,12,0,0,0,0,2,2,0,6,1,0,0,7,3,0,0,0,0,0,0,0,0,0,1,0,1,7,9,0,0,1,2,4,0,1,0,11,0,6,0,0,6,0,10,23,3,0,0,1,0,0,3,21,0,0,0,0,0,8,0,1,0,1,0,9,0,2,0,1,0,0,0,0,0,0,0,0,0,0,1,0,2,0,0,0,0,1,0,0,0,0,0,0,0,6,0,0,8,0,0,0,0,0,1,0,5,0,0,0,0,0,7,2,1,0,4,0,0,0,0,1,6,0,0,0,10,4,1,0,0,0,0,0,1,0,0,0,14,0,0,0,0,5,0,0,0,0,0,0,0,0,3,0,1,0,10,0,7,0,0,0,0,0,0,0,2,0,0,15,0,20,0,8,0,8,0,0,0,9,0,0,0,0,0,6,0,1,5,0,0,0,9,1,0,0,0,0,0,0,0,1,4,0,0,14,0,3,0,0,2,0,0,0,0,0,1,0,0,0,1,0,0,0,12,0,0,0,12,0,0,7,0,0,10,0,0,24,0,1,0,0,3,0,0,0,0,0,0,0,0,3,9,1,0,0,0,14,0,1,0,0,0,0,0,0,0,1,0,0,0,0,0,0,1,0,0,0,0,20,0,0,0,0,0,0,2,0,0,2,0,0,0,0,13,0,0,3,4,2,60,2,0,1,0,0,1,0,0,1,0,4,5,0,0,0,0,0,0,0,0,4,16,0,0,9
"ENSG00000175699.15",0,0,1,2,1,0,0,0,0,0,0,0,0,0,16,0,0,0,0,0,1,0,0,0,0,0,1,0,0,0,0,0,1,3,0,0,186,3,0,0,0,0,0,6,0,0,1,0,0,0,1,1,1,0,0,1,0,0,0,0,0,14,0,0,0,0,0,3,1,0,0,16,0,0,0,0,1,0,0,2,85,1,0,1,1,0,0,4,0,1,0,6,2,0,7,2,0,0,1,1,1,0,0,0,0,0,0,0,1,0,1,0,6,0,0,0,1,0,0,1,15,0,0,1,1,0,1,1,0,3,1,0,3,4,0,0,1,0,0,0,0,0,0,0,0,0,1,0,0,0,0,0,0,7,0,0,0,0,0,1,0,0,0,0,1,1,0,2,0,0,0,0,95,0,0,0,3,0,0,0,0,0,0,0,0,0,0,0,0,0,0,0,0,1,7,0,0,0,0,4,0,1,0,0,0,0,0,0,0,0,0,1,0,0,0,0,6,0,1,28,0,0,0,0,0,0,0,9,0,0,0,0,1,2,0,70,0,1,1,0,0,9,1,0,4,1,0,0,3,3,0,0,0,1,0,0,0,0,3,0,0,0,4,0,0,2,12,0,1,0,4,1,2,0,9,0,0,1,0,0,1,1,0,1,0,0,0,1,0,0,0,0,0,7,2,1,2,0,0,1,0,0,1,0,0,0,0,1,0,0,0,1,0,1,0,0,0,0,0,1,0,0,0,0,14,0,0,0,0,0,0,1,8,0,1,0,0,0,0,0,0,35,0,0,0,10,0,0,0,0,0,2,0,2,0,0,1,0,2,0,0,0,100,2,0,0,0,2,0,1,0,0,0,1,1,0,0,0,0,0,0,0,0,0,0,0,0,0,0,0,1,5,0,0,0,0,0,0,6,0,1,0,0,0,109,1,0,1,0,0,0,0,0,0,0,0,0,2,1,0,0,0,2,0
"ENSG00000175793.12",4836,4,27,385,1658,70,3072,5,68,1410,64,167,857,4197,8049,129,281,1605,12,57,965,46,190,111,99,11,550,3216,2,3862,12,6319,9111,52,2040,98,3189,58,30,167,18,3204,11,24,30,2496,867,268,193,6,186,2712,4,103,51,3257,35,14,3592,174,387,2667,88,570,2,74,39,2272,4412,2383,2903,392,110,46,33,11,1946,146,754,59,2208,4374,2836,10100,116,9,259,45,230,2026,2479,2305,2,30442,662,6,286,471,12,184,212,16,5810,368,1487,26,1489,22,1014,14,704,16,5,1764,11,557,1236,10,21409,14101,37,2625,328,1088,206,252,187,112,572,2544,404,2,345,555,4271,718,145,31,682,112,2,201,3936,60,228,5539,2204,3229,598,696,65,18,1972,792,1430,1048,67,48,392,2465,81,3824,1277,1414,237,302,8615,13140,90,6811,6981,2842,1248,179,6492,62,3768,3296,4144,581,5,111,1016,2366,204,367,1330,2,2025,3617,850,36,173,6841,3213,3875,529,4245,13,3210,69,3736,3034,46,2,7304,46,2448,2220,49,321,4308,23242,4938,171,214,88,12,46,1066,8,205,57,454,10,345,3433,408,603,654,6127,191,1190,317,59,4381,242,820,4841,1189,1,1003,361,11,205,660,94,1076,1239,59,8,361,18,2483,16,2428,14,3799,2417,784,29,252,449,113,23,1017,3303,25,4144,177,6051,10,4132,0,73,9,7017,8,274,4631,524,6726,43,34,99,73,37,349,1578,891,57,480,8,2300,1827,1464,2228,1972,34,203,1761,9,109,14,2180,387,120,445,4451,1667,20,1931,8288,3112,299,534,235,881,16,71,355,2954,11,1149,22,2755,381,1336,177,4,2299,11,329,1382,772,28,953,2627,29,2991,5,2996,407,851,2592,814,18,26,32,32,191,4018,21,63,537,305,93,4862,24,3335,3073,202,1518,7200,2371,198,991,1306,742,818,405,502,1537,938,5395,39,1077,91,21,1447,78,1514,1740,180,81,1574,2676,2849,109,680,3352,1493,9,55,25,65,300,26,686,27,246,488,15,176,6337,5,2755,58,156,442,327,3101,274,73,42,703,1194,188,24,34,1,5,929,137
"ENSG00000175832.13",5637,72,34,515,3371,227,141,5,86,2070,2424,410,2105,423,1776,151,1663,363,3,2923,200,64,2930,1164,9,205,96,631,99,3405,674,793,3023,55,2625,15,212,101,26,30,2,1503,64,807,133,1890,257,2395,120,16,339,3153,194,1265,25,3451,51,15,105,15,219,100,15,57,19,112,10,14,2713,233,227,374,767,51,2035,32,587,1663,574,375,509,151,1233,3744,310,337,164,6,254,835,2836,1326,62,5693,40,15,64,18,70,250,361,97,2377,111,408,2641,350,59,3129,101,1096,133,240,85,23,55,5198,21,1255,1450,8,1202,14,11780,665,30,55,14,677,1031,95,56,1519,672,1013,73,381,49,197,228,66,7024,1709,169,240,916,684,3614,1560,622,30,102,550,49,224,3005,80,4626,33,287,58,888,84,1854,1788,51,807,7735,17,844,47,869,4814,15,395,45,715,1296,2092,36,11,506,2521,68,21,1273,119,80,457,3,1745,1769,3244,3086,89,6979,81,5354,1653,1483,15,2,2458,45,38,2003,4,180,2246,3,1282,2629,864,82,181,1529,286,474,856,2691,18,24,237,623,121,76,138,1043,965,336,1835,27,238,166,13,148,55,332,24,50,1400,237,326,1103,2197,369,198,319,38,45,184,315,52,2149,68,325,98,5191,777,1670,359,31,2002,9332,41,2526,2660,58,16,135,2978,65,2981,67,298,80,11083,45,937,50,14,815,52,87,6,4814,74,1584,169,1009,295,1799,4635,362,1396,4409,4115,501,28,325,1524,379,3836,88,1098,292,13,103,662,558,3325,8980,264,361,942,251,1874,113,1871,1390,340,1139,48,2149,127,114,386,17,14,49,34,828,542,42,189,121,419,1405,8,29,61,117,160,1132,42,63,20,4028,600,44,63,437,68,6950,34,44,5175,1789,348,4322,16,188,486,3849,1171,29,1342,3595,10,661,48,403,662,1270,564,32,222,369,3,38,3,24,59,547,937,176,3114,1348,13,1012,2510,1216,131,1381,913,485,88,8865,1037,47,597,32,1216,2089,571,112,296,2080,12,237,133,112,12,21,347,2981,8,1027,204,167,67,5,1033,80
"ENSG00000175874.10",114,0,9,10,7,9,0,6,0,35,12,11,16,40,5,1,2,3,8,11,2,1,11,6,3,1,2,7,6,36,16,26,5,1,1,11,19,6,8,19,0,15,35,9,1,0,1,19,0,0,1,15,0,15,5,7,1,9,3,1,3,349,1,6,0,29,0,1,28,10,18,17,3,1,4,3,15,5,55,9,9,7,11,7,8,4,1,1,64,8,103,32,16,13,2,0,7,50,121,17,17,4,66,9,14,4,14,1,72,14,8,2,8,15,14,2,49,1,3,25,0,9,2,4,3,0,0,0,5,27,2,1,13,7,8,0,4,3,24,3,1,74,13,0,3,26,1,10,21,79,1,0,13,11,2,7,3,21,11,2,52,11,4,39,7,6,13,19,6,102,13,5,5,15,4,1,10,8,128,4,1,11,13,8,2,2,10,36,8,0,1,151,0,0,33,0,3,2,0,12,1,4,20,9,0,0,0,9,3,2,6,6,12,10,16,9,4,6,8,58,0,2,14,3,0,1,5,16,1,27,6,5,18,5,1,6,0,1,4,12,19,8,8,4,47,27,1,5,6,10,1,2,0,8,1,2,0,27,12,6,14,12,206,119,2,18,11,2,8,0,4,0,3,1,6,12,42,0,3,10,1,24,1,2,2,11,1,3,12,10,1,1,3,3,10,25,203,10,28,15,12,6,62,0,5,4,8,0,0,4,2,96,2,8,4,11,18,40,18,3,35,9,2,25,6,9,2,1,5,0,7,1,9,0,4,6,2,74,2,15,0,1,3,3,20,2,3,7,14,2,3,35,1,9,2,5,47,38,27,4,3,34,3,9,30,0,0,43,4,1,12,5,3,7,0,0,5,1,2,4,0,0,0,1,0,0,7,4,1,5,28,1,0,16,0,10,14,92,10,0,2,3,3,2,12,3,73,12,0,32,7,4,2,1,13,10,0,34,2,6,1,1,38,1
"ENSG00000175879.9",6,1,11,5,25,2,4,38,22,8,4,13,38,141,5,20,7,37,12,8,2,1,30,3,136,68,8,20,37,51,13,2,9,30,8,115,40,0,5,46,14,28,88,49,32,9,2,68,6,80,13,44,2,24,53,17,41,30,22,13,24,36,60,15,2,148,39,11,5,36,15,26,1,0,0,2,8,5,36,11,117,16,4,35,5,48,8,6,205,10,17,7,15,0,1,0,3,243,10,10,6,1,47,24,5,8,16,2,88,3,3,5,2,6,46,52,26,25,52,46,23,23,23,14,0,0,4,18,8,9,10,4,18,61,0,0,14,1,21,36,1,19,9,1,208,58,33,4,82,3,1,0,38,28,4,23,36,17,0,27,38,17,21,1,54,64,61,8,31,6,21,13,87,41,15,6,16,32,102,26,0,543,89,20,30,13,31,74,15,51,30,95,49,19,36,105,6,24,22,61,9,62,5,17,1,37,45,0,2,36,41,2,7,163,15,34,0,62,18,41,0,2,15,14,7,0,9,8,14,70,0,60,24,62,5,50,2,15,3,1,37,8,98,1,269,13,13,14,211,1,2,22,1,4,2,42,13,72,61,19,14,3,270,11,1,7,6,5,116,0,20,2,20,2,29,1,86,1,73,21,51,19,5,0,43,19,0,25,6,141,12,13,10,49,14,6,12,59,99,40,2,35,192,2,16,6,19,6,3,5,126,4,34,58,17,34,76,129,70,26,172,12,1,31,6,37,8,45,51,0,74,6,10,18,5,10,13,45,73,14,3,39,99,5,13,23,35,14,61,4,6,72,3,11,12,8,103,1,25,1,116,147,3,2,5,17,5,36,25,17,30,22,22,31,12,4,75,1,35,23,4,64,2,1,6,8,249,4,24,2,8,44,3,2,0,15,63,111,36,4,0,2,12,15,27,42,14,36,3,38,6,1,30,22,33,16,34,290,27,15,2,4,105,4
"ENSG00000175946.8",1,0,25,0,20,12,0,3,4,1,3,2,1,180,10,5,21,39,0,2,9,0,5,4,1,0,0,1,1,5,3,12,30,5,0,1,7,0,4,2,0,16,0,0,3,0,2,5,0,0,0,10,0,13,1,1,0,0,3,1,1,3,1,1,0,3,2,2,4,8,17,11,3,2,0,0,2,1,3,1,40,6,0,2,7,3,0,86,13,0,8,54,21,0,0,0,5,9,48,10,1,2,4,0,3,10,0,1,28,1,10,2,18,10,3,2,6,0,1,136,0,0,3,2,10,0,0,1,18,18,3,2,78,1,16,0,2,1,10,0,0,8,5,2,14,4,1,1,26,1,3,0,4,1,3,5,0,7,1,24,10,0,12,5,7,7,22,6,0,3,0,11,1,50,0,2,3,125,9,0,0,11,1,7,0,2,7,2,4,0,0,18,0,4,6,0,0,1,1,17,25,4,41,8,2,2,3,4,0,0,13,7,0,1,12,5,0,0,14,9,0,0,0,1,3,0,3,5,4,5,1,0,10,0,0,76,0,1,2,3,2,2,0,0,15,5,0,0,3,1,1,3,0,2,1,2,2,1,565,1,2,6,3,9,0,9,1,3,2,0,88,0,2,0,1,7,1,0,0,6,1,50,0,0,1,5,0,2,1,11,5,0,4,2,1,4,3,1,2,3,4,2,20,1,0,1,1,4,3,11,1,10,1,55,2,4,2,28,11,0,1,0,2,1,3,0,0,0,0,1,3,0,0,3,3,1,0,5,0,1,6,5,5,3,18,0,0,0,9,0,1,12,1,3,0,2,30,2,12,2,3,1,2,13,18,5,0,7,0,1,1,8,0,54,0,1,37,1,4,0,0,4,1,0,0,0,4,2,1,0,39,2,1,3,1,6,1,15,10,1,0,0,3,0,363,61,2,15,0,16,7,0,1,0,2,2,11,3,25,4,0,1,0,0
"ENSG00000176076.7",2,0,9,56,4,11,11,5,14,6,15,0,23,13,64,1,21,23,0,27,3,0,14,27,10,8,15,25,11,0,19,25,18,39,83,59,68,9,30,6,1,25,104,0,6,17,33,98,0,19,6,2,22,51,0,61,4,17,1,1,10,3,1,3,1,28,3,1,117,29,20,85,103,1,1,2,5,10,24,4,31,40,39,1,2,24,55,3,3,33,2,317,27,18,4,0,0,0,76,10,123,2,19,1,18,33,23,13,63,16,14,0,0,14,16,92,37,4,556,241,0,28,5,53,50,3,3,13,29,28,15,2,103,69,42,1,11,1,6,14,1,79,40,2,22,178,233,34,41,0,1,1,9,4,7,3,31,93,3,17,3,36,0,16,13,2,47,119,0,87,0,28,0,62,40,1,107,76,9,13,0,4,4,6,1,84,1,7,61,0,25,26,30,41,5,214,0,110,24,49,12,0,65,48,3,270,11,3,28,1,25,20,3,92,17,2,0,0,35,99,1,8,53,5,4,2,2,14,66,0,28,34,5,2,1,3,0,2,0,14,3,35,2,7,15,64,32,16,0,1,2,103,0,20,1,0,3,19,10,146,16,27,128,148,5,15,31,0,1,0,97,3,33,3,62,10,31,2,0,18,1,197,0,6,2,14,0,183,436,229,2,394,12,40,4,48,34,1,0,8,6,72,101,14,126,8,0,78,26,89,1,3,51,9,12,6,45,16,1,3,23,7,0,13,2,0,2,3,11,3,2,20,28,1,0,1,0,6,3,44,4,0,142,50,7,8,0,46,27,6,2,30,9,54,9,3,17,7,77,68,4,13,18,58,9,0,136,62,5,13,0,43,23,6,28,37,43,1,1,1,5,20,38,274,16,121,23,122,5,15,30,0,2,19,22,17,2,5,7,2,26,19,31,0,16,6,121,142,5,0,17,3,1,14,6,7,36,17,27,9,1,0,3,5
"ENSG00000176092.16",1907,4,1,57,126,23,34,33,83,675,296,157,268,372,224,28,60,95,401,96,170,8,53,160,28,54,179,93,48,196,37,23,370,223,1023,39,337,67,606,389,449,1579,105,49,88,13,182,143,13,3,12,90,33,246,132,83,76,44,66,5,63,261,39,28,5,192,16,160,159,41,818,61,65,7,43,5,161,69,593,152,385,140,71,75,218,94,71,190,35,168,160,899,34,294,35,3,60,7,867,18,153,81,94,136,94,162,425,4,183,36,57,24,84,209,336,180,220,80,338,570,63,93,2,536,174,10,58,18,103,176,69,7,197,117,60,23,235,3,201,36,16,124,316,64,37,82,66,301,213,175,5,7,317,327,24,564,85,293,329,86,79,134,46,128,213,20,115,207,21,121,32,38,386,46,113,102,211,252,876,132,1,96,282,86,347,57,12,20,207,21,73,31,44,226,105,216,19,873,36,93,73,48,328,221,1,147,8,43,54,15,85,95,294,709,122,93,66,17,102,561,6,173,15,41,22,13,46,28,48,96,103,57,83,174,67,289,6,165,25,411,107,219,162,45,224,101,308,98,192,77,8,80,7,33,9,11,10,82,171,37,173,13,210,441,22,102,112,1,34,9,222,9,633,3,91,45,324,18,33,77,15,517,47,7,17,208,2,85,226,77,219,163,48,100,102,261,86,51,67,923,68,151,17,16,102,58,35,58,175,630,57,119,549,48,139,14,455,135,31,122,278,86,9,25,155,52,273,135,168,1,162,37,44,52,101,16,460,24,75,55,2,353,97,1095,76,14,202,93,65,4,41,1421,23,915,216,25,136,59,635,266,100,216,235,96,35,167,322,902,214,89,54,283,66,110,111,4,829,42,4,82,16,68,219,80,208,220,62,1047,70,45,274,109,14,191,84,66,216,1037,237,9,47,121,66,278,74,12,98,329,9,61,42,46,27,50,481,19,68,53,519,48,3,16,45,85
"ENSG00000176170.14",1680,50,444,578,2489,107,1806,56,44,1290,114,92,413,8835,5326,293,75,1046,56,1822,273,271,118,234,23,31,94,434,1807,5841,3751,258,376,91,270,212,199,34,182,193,70,6312,1576,121,260,555,85,545,490,152,30,309,130,950,94,66,168,43,51,23,71,285,70,184,26,1869,56,15,96,1663,15578,390,59,275,104,34,467,92,4146,441,450,153,730,155,1325,39,51,115,294,96,1399,432,148,21160,16,11,102,247,2304,3163,396,64,9096,119,503,92,129,227,1980,520,338,330,243,389,2779,20,10723,17,58,472,4,80,87,53,173,315,565,26,78,6766,91,66,5421,168,334,59,62,30,166,12,57,5361,2619,213,2099,1044,8652,115,3521,1168,79,307,2488,497,81,315,90,972,67,1547,205,393,146,261,3834,263,747,8006,50,652,12,112,182,42,830,71,816,3504,602,56,41,185,68,917,38,142,182,70,178,3,611,14849,694,163,136,304,79,190,10,631,37,29,1079,80,71,30,318,121,649,34,703,1366,1777,34,328,1601,23,707,506,322,36,494,1265,82,174,248,48,2775,119,348,502,74,525,169,59,195,49,33,388,130,367,252,59,42,7307,670,11,350,58,22,134,843,62,4136,71,1851,159,392,90,153,334,48,3676,5864,86,186,1845,101,97,437,895,97,2292,90,112,105,11274,54,131,376,150,2788,1351,203,12,516,137,304,6086,324,570,72,6306,244,956,4002,607,56,106,6398,1047,341,1902,148,2839,279,107,67,111,1339,36,5513,17,173,73,744,1252,1050,155,829,3334,11443,74,1399,280,832,1001,21,43,67,33,632,1111,124,37,156,50,3267,56,36,49,45,68,1295,211,62,37,2674,2276,303,38,2005,68,850,43,112,4269,6583,5730,41,703,324,109,601,8488,46,114,1901,119,218,85,175,111,374,172,11,76,985,61,298,32,129,24,135,207,171,1242,493,29,24,2479,27,84,882,711,136,38,9899,607,95,101,246,245,6,754,190,630,336,37,207,407,215,61,67,164,11,41,4390,276,162,75,22,403,264
"ENSG00000176406.23",1,3,3,3,0,1,0,5,3,451,1,0,1,68,55,3,0,55,28,0,0,7,4,9,1,11,0,7,3,36,1,6,4,3,3,3,822,8,0,1,0,3,1,933,3,1,0,0,3,122,1,21,0,2,1,1,2,3,1,2,75,42,160,3,2,1,3,1,1,4,1,10,1,1,0,4,4,4,75,3,552,56,38,6,19,2,0,28,6,3,12,145,1,11,0,0,5,3,2,0,0,0,0,25,0,4,2,0,137,0,1,2,0,3,0,3,0,0,1,41,1,0,7,2,5,1,0,4,2,46,5,0,262,2,3,3,1,3,1,0,2,1,41,3,0,25,1,0,6,0,3,2,5,13,1,0,16,10,1,9,20,108,46,1,1,8,76,6,7,6,23,91,6,8,5,0,13,11,50,6,0,0,5,0,1,0,17,1,3,6,2,1,1,5,10,1,0,11,0,2,4,2,1,1775,0,10,7,3,41,3,0,4,0,3,120,1,3,2,27,4,4,4,0,2,2,2,7,4,3,0,1,1,4,12,0,584,2,0,9,29,0,4,8,0,63,305,0,2,2,0,0,0,5,1,1,0,5,1,5,1,31,0,0,21,1,2,5,4,25,4,11,1,2,0,6,2,7,3,2,73,22,4,2,3,19,1,6,0,2,1,3,0,0,0,25,142,7,72,29,0,0,0,143,3,1,1,0,2,9,0,0,2,25,42,6,25,10,2,3,5,1,6,0,0,4,3,3,3,3,4,1074,0,1,3,8,3,271,6,0,0,3,8,6,1,30,1,0,0,12,0,4,86,5,2,171,2,0,1,0,0,31,0,7,3,0,7,7,5,4,5,8,12,0,5,591,4,11,6,2,4,7,7,9,0,1,1,0,1,5,5,2,0,0,0,0,2,25,11,216,3,1,0,1,1,6,9,50,30,1,8,3,0,9,1,3,0,7,600,2,1,2,0,3,2
"ENSG00000176490.5",5,1,1837,9,66,2,0,14,1,124,48,10,8,8,320,9,18,8,3,81,159,5,94,7,2,4,111,7,2,5,180,8,4,2,1,16,31,2,7,19,5,29,31,2,7,2,4,5,14,3,2,45,3,7,2,0,5,6,0,32,4,58,1,5,0,60,1,1,6,7,1,18,2,2,13,0,488,6,11,96,2,19,270,387,10,227,1,6,62,1,355,116,0,15,3,0,4,10,47,23,9,4,158,0,91,302,11,5,1304,30,148,26,19,13,17,24,336,6,7,13,1,1,3,8,6,2,9,18,19,8,3,0,25,1,328,1,9,1,250,1,1,575,18,1,48,1899,83,1267,240,21,38,2,0,18,3,1,1,30,6,15,4,163,8,83,158,14,34,96,2,16,11,2,3,3,84,72,15,12,159,1,1,193,18,3,2,4,13,2,126,1,0,90,1270,6,32,3,3,0,0,453,0,2,358,16,3,2,5,22,2,0,30,329,4,7,9,15,3,1,4,8,2,6,5,93,2,2,1,1,28,5,1474,3,28,5,0,8,0,2,10,4,119,9,6,29,1741,83,1,91,7,27,2,5,1,2,3,178,3,232,39,4,21,7,61,13,4,104,62,11,3,8,7,2,1,0,4,3,1,3,0,31,3,6,2,4,3,9,4,28,7,74,19,1,290,2,298,57,44,1,5,2,5,69,910,1,9,7,2,1,16,6,9,540,2,236,12,79,4,52,46,0,51,2,1,18,7,305,6,2,37,2,25,60,9,466,120,20,0,14,766,97,1,2,15,234,13,1,3,340,9,3,6,369,2,4,0,4,298,11,11,5,6,22,3,53,5,0,3,10,2,5,205,3,3,1,139,1,4,8,3,1,3,2,0,38,8,4,184,5,17,7,69,11,2,50,16,9,7,6,37,6,1,5,42,0,306,1830,5,5,0,17,8,1,1,2,4,1,40,769,105,14,3,1,15,13
"ENSG00000176566.5",1,0,1,9,0,0,2,0,0,2,0,103,0,5833,6321,2,0,1683,0,0,0,0,3127,5,3054,155,0,1207,0,4462,0,0,622,13,28,0,3762,2,0,0,4,0,1,22,2,0,0,927,0,0,0,10,0,1286,0,0,1,0,1979,4,0,1999,0,771,38,0,0,91,0,0,228,0,1196,0,0,0,0,0,25,2440,10868,2105,0,0,4885,0,0,874,0,0,0,3253,21,1,0,1,2,5188,53,0,1,0,1,54,1,0,1,0,30,3,0,1,0,1,0,760,1,128,0,4160,1,1115,0,0,579,0,64,883,0,1560,217,0,3726,0,0,0,0,0,196,775,0,1,4694,4,0,9,5,0,0,0,0,0,0,2418,517,0,763,0,5168,2892,1030,0,0,0,0,2625,842,1,0,1164,1,1078,28,3314,0,2,4,2624,0,1648,0,0,92,7,2607,16,5050,24,1,2034,0,0,0,3285,1871,0,0,0,0,0,807,0,0,35,0,960,1,2,577,865,0,0,4,149,35,45,0,0,518,3645,0,1278,0,2,0,0,1,84,0,0,0,921,0,0,152,3085,1,0,9,709,0,0,0,1,0,0,2858,0,0,46,6,0,0,0,0,0,0,0,14,1,3828,5222,3,129,0,0,0,0,3338,4,678,0,2814,0,0,0,882,0,0,1327,2610,262,455,3,0,0,0,4,0,0,0,0,0,42,0,86,2401,50,6,0,1,0,2783,0,929,0,1,44,82,143,3859,0,2234,0,0,5,3597,4,0,314,0,0,0,0,138,0,1,0,343,0,6027,1,1648,0,0,0,0,0,0,0,0,26,3,0,1343,1183,240,0,36,0,3,14,0,2889,0,0,2,0,0,1,1,0,7,0,0,6,0,0,0,864,0,17,4,34,2029,4,4254,0,0,2843,457,185,16,0,0,0,0,441,410,0,0,0,0,0,0,0,3455,5,2529,0,532,0,0,0,2,0,391,1,4,0,0,645,0,0,27,0,1091,12,2,0,1,185,0,0
"ENSG00000176595.4",829,525,224,200,243,69,1,1172,572,768,613,110,15,58,4,561,674,12,1,432,619,1476,596,26,592,14,1,34,13,36,72,50,19,110,13,24,420,410,62,52,35,372,74,562,803,124,6,74,1159,174,321,104,515,15,3375,18,773,35,74,37,142,36,13,279,90,78,329,198,59,32,77,70,137,1208,13,1133,328,147,7,17,77,20,185,357,40,310,10,12,196,99,410,13,27,18,308,344,1824,65,12,54,181,1351,276,365,171,189,294,467,158,34,234,455,126,52,367,30,598,94,4,23,32,8,365,32,32,1608,490,7,54,70,35,1012,26,95,14,1284,138,1167,37,49,489,548,256,1108,270,42,13,1452,90,1668,1511,922,44,31,363,315,201,257,44,18,43,115,48,52,40,51,53,85,486,47,829,147,114,46,159,211,29,20,1101,55,803,807,80,77,29,431,89,1396,1544,12,21,87,15,37,88,3,730,163,8,35,9,41,49,20,970,14,276,28,92,1277,569,86,12,16,259,836,511,15,33,147,831,15,22,439,567,1248,944,28,56,255,12,42,145,690,126,29,1147,206,4,409,549,12,599,652,331,25,2,270,97,103,255,33,697,128,534,31,1337,208,36,93,150,696,23,11,1700,396,448,1498,52,635,28,690,27,615,160,21,32,726,866,27,23,22,46,433,1403,79,1048,140,12,22,663,42,129,31,392,40,46,423,328,272,753,186,305,1377,5,476,436,112,12,15,686,480,20,408,1465,270,46,279,298,16,517,1086,1190,98,36,370,834,1237,20,482,30,125,181,540,1652,1423,178,143,1562,32,1157,112,86,184,4,36,42,91,9,609,561,1109,269,32,530,1531,54,436,51,481,68,171,43,96,1510,769,7,42,473,23,68,26,3,15,9,100,14,791,771,103,1143,13,1030,126,753,0,29,13,12,22,329,1088,699,54,37,58,611,57,616,934,14,1,364,453,43,62,17,34,12,373,247,5,1227,437,774,505,7,107,365,1216,1237,658,126,377
"ENSG00000176654.12",0,0,0,0,2,2,0,9,0,0,2,41,51,0,0,2,0,0,2,1,1,1,1,1,11,30,2,0,0,0,0,3,7,0,3,3,1,0,52,37,7,0,1,34,1,14,0,0,0,2,0,0,9,18,3,2,1,5,1,5,53,0,0,10,0,5,6,15,13,8,2,0,0,1,0,1,0,0,39,19,0,5,1,3,0,3,1,8,0,3,10,0,1,0,4,0,7,13,50,0,0,1,1,2,1,66,6,1,16,2,13,4,0,2,23,0,2,29,6,3,5,1,0,2,1,0,0,0,11,0,1,0,0,1,0,0,0,0,9,1,0,3,0,0,0,2,0,15,4,0,1,1,2,7,0,0,6,31,29,2,0,1,11,10,2,16,3,3,26,20,10,0,2,15,0,5,1,1,0,11,0,33,0,0,0,0,6,0,1,5,0,1,36,3,0,0,2,0,0,8,0,26,6,2,0,0,0,9,0,2,7,5,1,13,1,0,11,0,0,1,0,4,0,1,0,0,19,0,0,25,1,2,5,36,0,30,0,0,4,1,57,0,72,6,0,23,3,6,19,1,3,1,1,1,0,17,1,2,17,0,7,1,1,1,1,11,8,2,1,0,0,0,0,0,1,4,0,2,13,14,3,1,14,2,1,1,0,1,3,0,5,0,0,1,29,18,0,2,1,2,3,66,61,0,1,5,0,2,0,23,0,26,0,7,1,0,19,1,2,2,2,0,1,3,3,27,7,1,4,0,0,0,1,7,14,1,6,22,2,0,0,11,4,1,0,4,4,32,1,1,1,0,0,0,1,0,0,3,0,10,4,0,3,2,1,16,0,40,17,0,1,0,1,2,2,1,6,0,0,7,2,0,8,1,10,1,4,12,20,4,16,6,5,14,4,0,12,15,0,0,0,0,14,0,5,1,1,9,3,0,0,5,3,1,0,2,2,4,1,5,0,3,46,1
"ENSG00000176746.6",1,0,0,0,0,0,0,0,1,0,0,129,0,14,4,0,0,6,0,0,0,0,62,0,25,0,0,0,0,2,0,2,0,0,0,0,8,0,15,1,0,0,0,2,0,0,0,7,0,0,0,1,0,5,0,0,0,0,0,0,0,82,0,11,1,0,0,0,0,0,3,0,0,0,0,0,0,0,0,11,55,19,0,0,3,0,0,1,0,0,0,7,0,0,0,0,0,9,2,0,2,0,0,0,0,0,1,0,52,0,0,0,0,2,0,3,0,1,1,44,7,10,0,0,2,0,0,3,0,271,2,0,27,0,0,0,0,0,1,4,0,0,3,0,0,0,0,0,0,0,0,0,2,8,1,0,0,0,12,3,2,0,0,0,0,2,4,0,0,15,0,0,0,4,0,0,0,56,0,0,0,2,0,0,20,1,4,0,3,35,0,7,0,2,29,0,0,0,0,0,0,0,0,12,0,3,0,0,1,0,0,1,0,2,0,9,0,0,4,57,0,37,0,0,0,0,1,0,0,1,0,0,0,0,0,0,0,0,0,0,0,0,0,0,0,0,1,0,0,0,0,0,0,0,0,0,0,0,1,0,9,17,0,0,0,0,0,0,5,0,0,0,11,0,0,0,0,0,0,9,7,0,0,0,0,0,0,0,0,0,0,0,0,4,0,2,2,1,1,0,0,0,1,0,22,0,0,0,0,8,61,0,2,0,0,1,0,0,0,0,0,1,0,0,5,0,0,0,3,0,1,0,2,0,8,0,0,0,0,0,0,1,0,0,2,37,0,0,1,0,0,1,0,30,0,0,0,0,0,0,1,0,0,0,0,3,0,1,0,0,0,4,0,0,4,0,7,0,0,2,0,0,0,0,0,0,0,4,1,0,0,0,0,0,0,0,27,0,0,0,0,0,0,0,1,0,8,0,2,0,0,0,0,0,6,0,6,0,0,0,0,1,3,0
"ENSG00000176884.16",1,2,5,1,6,0,0,4,0,84,1,6,16,12,19,0,3,1,0,1,6,2,10,1,2,3,0,3,0,8,2,24,2,0,2,21,2,3,0,1,1,14,3,0,1,12,1,1,0,2,1,3,2,1,5,1,2,1,0,22,5,11,2,2,1,2,2,2,1,1,15,1,0,0,0,3,4,1,3,6,2,15,135,4,3,3,0,0,0,0,59,3,0,21,2,0,1,1,1,15,4,2,14,1,15,1,0,2,68,2,7,4,4,2,0,4,21,0,1,0,0,1,0,2,5,0,1,1,6,26,1,0,17,1,23,0,2,1,30,0,0,17,18,1,21,25,2,15,29,14,0,0,0,1,0,6,2,1,4,1,4,51,1,14,5,11,0,16,1,12,1,1,2,5,10,0,2,3,146,1,0,1,0,9,1,1,0,2,5,2,2,3,5,2,1,5,1,1,0,45,0,0,2,1,0,0,1,8,13,1,8,114,7,1,2,71,3,1,5,2,0,0,0,23,0,1,0,4,1,1,15,1,4,6,0,0,0,0,1,0,0,6,1,3,13,58,0,11,5,4,0,0,0,2,0,63,2,6,0,35,7,0,12,9,2,1,3,1,6,0,2,0,1,0,0,0,1,1,2,3,2,2,2,1,4,1,0,6,3,7,5,6,1,1,18,66,33,0,0,140,10,0,33,1,0,0,0,1,0,6,4,3,9,50,4,60,0,8,3,2,1,26,2,6,1,181,1,3,0,1,6,6,4,10,4,2,3,1,1,7,0,0,4,411,3,3,0,269,2,2,2,19,0,0,0,2,1,53,0,0,3,2,2,0,104,0,11,0,1,0,8,1,2,0,53,1,1,0,0,31,2,1,1,4,6,2,25,3,0,1,22,1,0,3,2,2,5,1,8,0,1,1,12,0,1,2,3,1,0,0,0,1,1,2,1,4,1,16,14,0,0,2,25,0
"ENSG00000176887.7",100,0,42,16,4,1,0,0,2,46,0,1,15,23,11,2,0,2,0,0,1,0,62,2,4,3,1,13,2,29,59,29,3,1,1,12,5,0,0,3,0,24,0,0,0,10,2,12,2,7,0,19,0,18,2,2,0,0,0,5,1,2,1,2,0,1,1,0,3,3,23,27,2,1,0,0,97,2,1,0,10,2,3,2,0,0,6,0,178,8,10,6,0,21,0,0,0,1,3,2,0,75,180,1,4,0,1,0,965,0,5,0,44,67,5,0,68,0,2,0,0,2,1,0,1,0,2,0,0,1,0,1,24,36,4,0,0,0,4,1,2,21,21,0,1,57,7,27,14,123,0,0,0,3,0,0,1,11,1,8,19,2,6,7,29,2,30,46,1,77,0,22,26,6,20,0,2,4,2,0,0,116,12,28,0,1,4,2,4,0,0,10,4,4,3,0,4,1,1,24,1,7,6,0,1,1,0,3,0,0,0,1,24,9,2,24,0,1,2,24,0,1,2,1,0,1,1,3,4,34,2,1,6,6,0,9,2,0,0,2,105,4,1,0,21,15,0,0,9,0,0,4,0,6,1,1,0,28,8,7,3,0,65,6,0,41,52,1,3,0,3,0,0,0,22,0,38,0,0,2,0,1,1,2,1,0,0,0,5,0,2,0,0,1,2,36,33,0,2,78,1,2,35,0,2,0,3,1,0,0,0,40,1,5,4,68,2,9,6,1,43,21,0,32,15,8,1,1,1,0,4,0,0,1,0,2,1,111,0,1,2,3,43,4,1,0,0,24,1,1,1,3,0,29,1,1,12,163,0,1,2,50,6,90,50,0,1,8,5,4,1,1,2,0,0,0,0,2,9,0,2,0,0,0,0,1,0,2,3,0,55,0,0,0,0,1,3,26,0,0,2,0,6,0,34,1,20,3,0,31,1,0,0,0,11,1,1,6,2,2,0,0,0,3
"ENSG00000176907.5",452,2647,264,1883,1950,465,55,390,508,860,3423,810,475,3750,1260,4950,1347,579,269,7038,1260,4531,1578,2710,1142,2449,1476,4078,1249,13758,2572,3856,1141,2178,1031,10582,3321,307,792,702,193,2372,2866,4043,9056,143,322,2159,9423,5864,504,5764,6743,157,387,1881,7199,1569,1417,966,653,1801,199,2942,5896,1126,2608,1404,4959,709,5551,2372,4413,6973,1035,2053,2107,1233,544,1705,627,495,5491,557,1106,200,905,73,2806,245,1461,4520,513,115,246,2557,2013,1750,229,1040,1506,6748,1123,288,1383,1168,755,6416,2394,1410,1136,7742,7891,3038,196,1576,2196,261,1606,1383,151,2539,707,977,1215,7171,3779,225,2969,2911,2365,7663,1026,3384,870,14368,549,8694,302,1380,3116,6173,4596,11395,2075,1374,961,789,2106,566,4415,5475,410,2499,3275,910,144,13050,1350,2354,703,215,1862,1565,153,1983,780,747,332,868,1250,3193,698,835,959,579,574,349,15249,1087,2106,552,454,921,412,1568,3372,1217,2584,275,730,804,517,1498,663,208,7143,113,4145,381,886,351,1994,211,4128,400,2418,867,812,759,2651,1499,374,3199,2444,439,3348,341,1153,11487,7956,1415,417,969,4478,2217,778,2636,176,1505,2214,1179,1024,441,88,587,5217,975,416,7373,1418,1319,1493,608,4826,2234,313,172,920,769,1263,1112,5256,1282,1899,1509,6335,670,206,2222,2136,3499,1870,438,7896,1246,1373,5178,920,3612,874,2586,3716,8081,1088,910,237,3136,1118,816,936,359,1461,3909,489,2300,2415,2069,186,1259,9485,1415,1954,438,1981,7794,1483,588,1110,403,1806,172,7068,2994,140,1293,865,2312,901,171,202,871,399,559,1473,236,430,3055,4160,694,1001,602,12553,2076,2106,280,10284,377,255,5135,1055,877,4001,1012,276,19464,242,1622,351,998,6243,2067,3171,1020,198,1271,469,46,2137,4573,9344,2863,5647,2955,273,10638,2574,7451,3813,2360,1207,3819,5100,2869,1091,151,81,2742,2390,1110,810,747,253,135,414,820,675,3726,1084,3787,741,639,1279,896,4911,2015,1074,671,1499,2338,254,501,1559,1882,269,846,2270,838,5096,2979,1453,546,669,112,914,4627,2542,484,1819,6097,7748,1741,2407,927,1324,3703,254,2135,178,9492,8468,443,549,6044
"ENSG00000176909.12",14,2,38,19,56,41,15,29,9,34,45,128,54,114,219,17,7,57,36,15,17,14,38,40,36,48,152,25,40,51,52,64,47,33,44,40,73,16,112,62,36,21,71,21,25,53,27,40,16,20,20,105,10,91,28,64,15,232,62,55,34,81,29,23,15,18,15,49,89,196,1246,14,27,15,86,8,30,35,337,112,236,92,52,91,43,32,25,15,42,27,100,49,97,74,39,4,25,62,132,70,28,21,65,6,26,13,105,18,685,42,233,25,35,33,9,47,40,33,159,219,19,19,12,31,67,9,13,50,28,178,15,10,50,49,98,15,29,14,534,8,12,54,30,21,27,112,25,57,678,47,10,26,50,77,21,60,20,110,74,51,68,45,41,40,29,169,66,208,30,43,45,20,28,85,30,24,58,153,40,37,3,33,25,29,19,31,46,41,59,31,25,188,69,93,28,38,19,50,20,252,1,111,94,91,11,144,7,68,82,37,19,69,98,43,42,23,21,20,64,46,6,58,56,14,14,7,29,43,50,39,28,33,37,33,12,71,19,24,17,29,22,34,29,5,51,58,4,22,37,72,15,19,12,102,17,54,15,42,76,59,65,28,114,949,8,52,48,15,32,10,54,7,114,5,115,115,102,7,18,109,13,172,45,16,19,51,4,16,164,33,34,18,24,76,67,55,89,7,145,37,52,26,200,33,75,17,23,16,57,175,20,98,16,44,43,40,70,125,76,33,27,9,11,437,63,70,15,17,73,8,48,16,34,52,87,19,49,93,36,14,13,23,32,30,92,81,20,16,162,4,11,57,16,1727,3,18,41,15,728,12,242,68,42,74,69,5,118,671,55,50,29,41,51,97,124,46,65,12,33,18,45,40,71,28,22,18,111,57,82,63,435,50,12,28,7,29,31,810,54,8,10,28,17,10,67,41,68,49,16,38,11,71,14,13,20,12,56,77,35,14,13,38,493,8
"ENSG00000176920.13",5,1,18,100,1063,166,5,296,10,26,12,51,26,69,69,42,6,34,19,13,92,3,51,10,68,248,384,20,28,129,108,525,14,24,28,27,62,605,42,45,0,75,138,5,16,81,61,18,56,12,7,319,9,13,21,41,520,76,30,97,10,149,8,16,7,25,7,328,53,55,175,88,5,3,7,15,64,68,163,14,152,115,1244,71,42,80,6,2,17,9,875,66,542,129,19,1,137,42,111,146,28,11,239,2,135,9,326,7,305,51,116,14,22,25,4,33,374,21,237,188,11,18,7,20,292,4,8,23,78,327,36,15,92,34,183,14,37,4,64,8,18,51,670,26,149,88,55,436,67,41,1,7,30,30,56,57,4,54,59,21,12,180,273,755,144,36,440,120,8,3239,1240,7,26,34,13,105,178,147,2553,48,1,9,199,8,8,17,31,42,151,13,12,39,38,32,141,16,13,317,12,143,0,68,892,50,6,47,6,91,30,20,13,356,12,24,75,55,12,6,24,28,2,22,17,12,5,5,15,43,231,28,36,45,307,5,3,376,12,9,6,12,7,239,8,4,1082,67,14,87,27,92,7,16,5,1260,9,62,11,52,30,302,52,13,2199,177,6,352,59,8,42,14,19,5,45,18,346,55,11,2,12,480,13,86,14,12,9,75,1,10,34,257,58,7,285,79,29,59,595,7,59,36,30,5,25,23,104,17,38,10,30,69,13,371,5,475,16,33,73,162,22,31,156,82,5,2867,27,55,25,10,17,8,34,11,17,225,123,14,49,70,16,87,3,775,232,146,296,45,6,6,34,1,52,140,15,13,0,18,49,10,112,69,95,33,67,1147,89,3,46,6,32,25,35,21,718,18,187,19,69,20,17,10,48,68,38,6,93,128,857,14,284,480,1143,35,7,626,226,15,27,107,167,15,14,16,7,6,47,22,167,18,2,12,10,83,6,136,14,94,10,26,53,21,5,13,45,23
"ENSG00000176933.5",4,7,13,14,28,6,0,25,11,11,2,159,11,39,23,14,4,123,54,26,52,4,2,22,134,25,12,64,10,37,6,46,63,51,61,38,32,2,44,95,9,14,66,37,4,2,8,27,1,12,2,50,7,42,33,66,4,83,82,22,7,58,134,18,7,17,15,48,39,33,117,11,26,3,15,6,53,5,37,62,80,49,14,15,163,5,3,18,9,3,6,338,17,1,2,5,8,72,26,19,12,3,22,2,5,22,132,2,133,18,8,6,10,34,16,22,83,61,67,76,38,26,15,19,6,0,1,5,54,209,20,9,18,6,16,6,11,1,51,22,3,31,57,6,16,109,20,4,13,31,1,10,40,39,6,14,26,13,69,83,38,11,27,21,5,61,25,22,112,109,17,5,38,184,10,24,49,67,22,36,5,21,37,63,37,6,18,115,61,41,17,11,59,53,48,4,3,6,41,75,64,41,23,111,4,41,17,44,6,64,3,11,28,156,20,43,19,9,25,112,2,32,10,9,6,2,36,77,0,109,34,20,11,61,1,40,6,15,10,35,9,14,20,2,14,25,6,4,10,125,8,4,3,1,3,4,5,3,68,12,68,59,14,37,2,8,6,5,266,5,41,4,14,5,20,28,12,3,10,6,162,15,48,1,75,3,1,4,6,5,3,25,2,68,5,78,87,21,2,23,150,11,12,9,11,0,10,19,123,46,24,34,104,5,23,56,153,37,12,10,77,14,1,41,21,23,4,92,14,3,79,14,16,14,125,6,113,53,19,1,2,111,10,0,59,85,18,1,10,1,7,60,17,37,2,5,25,28,21,1,114,8,2,5,0,9,41,15,22,16,27,48,10,17,129,2,93,6,6,77,78,68,100,6,2,20,7,68,22,20,12,12,3,71,5,19,33,5,17,1,19,6,8,5,9,4,18,54,8,6,24,3,52,7,51,18,17,12,16,4,5,7,2,3
"ENSG00000176956.13",238,7,331,2,11,1,1,24,10,37,9,1,2,59,11,2,15,21,0,4,1,0,20,4,8,3,2,16,4,39,60,14,12,6,5,5,37,0,1,19,20,42,8,7,2,19,1,78,0,0,1,14,2,11,11,14,1,7,24,8,8,6,1,36,6,71,6,3,9,67,17,32,5,1,7,2,61,9,3,9,18,7,7,38,18,1,14,7,328,87,67,5,5,54,5,0,4,36,1,12,29,0,498,16,20,12,2,0,113,1,6,3,34,62,11,8,89,17,1,6,2,46,1,11,15,0,8,4,6,14,3,0,41,13,40,0,70,0,88,41,2,251,27,1,4,44,15,139,126,46,2,3,124,5,12,1,9,13,40,36,25,9,27,14,40,65,57,180,3,123,9,41,18,32,52,0,10,21,16,7,2,31,50,78,3,6,22,272,24,0,3,322,19,16,14,0,0,1,1,19,12,18,27,3,0,3,4,3,48,1,16,8,51,5,42,3,12,53,1,75,0,6,21,9,1,2,2,12,1,62,1,34,37,83,5,37,0,6,2,7,23,8,13,3,40,26,1,115,74,3,5,17,2,53,1,2,0,268,21,29,29,29,35,12,0,72,12,0,22,0,4,2,54,0,5,2,232,1,15,49,2,40,13,1,4,21,0,4,6,10,15,2,6,5,48,74,7,6,29,34,1,88,154,1,3,3,49,16,14,1,4,109,3,3,43,11,41,166,11,4,69,12,1,73,22,53,1,4,59,0,2,3,9,2,10,1,2,61,5,7,0,17,7,4,4,18,6,366,10,1,0,38,4,16,1,1,18,46,16,5,7,662,23,272,22,7,96,146,37,5,45,4,3,63,4,2,0,2,4,16,3,1,3,12,2,1,22,4,2,1,88,31,3,79,0,42,8,161,43,0,3,6,10,4,7,0,3,4,7,17,20,5,2,3,15,4,13,42,42,2,1,2,2,2
"ENSG00000177173.5",290,0,0,23,18,93,12,2,4,11,145,118,73,14,22,13,2,5,9,19,31,3,3,13,6,24,17,26,38,60,53,10,140,7,67,4,13,4,61,139,3,6,15,79,8,6,25,4,2,14,15,10,7,63,7,2,6,211,9,1,10,16,10,47,11,63,2,1,4,14,26,40,2,3,38,1,31,6,101,80,242,9,9,35,36,6,5,12,30,10,10,140,70,0,7,0,8,5,176,3,7,4,2,49,17,23,479,4,409,5,56,16,64,5,149,20,13,31,2,32,0,20,1,7,29,1,1,28,41,42,1,5,160,25,1,10,2,2,194,0,3,7,173,8,5,108,4,9,132,52,4,1,53,35,11,6,43,17,178,22,0,12,14,21,58,12,137,36,130,65,48,60,47,6,22,13,32,218,14,7,1,6,20,14,3,5,6,2,3,67,5,11,160,49,30,126,10,1,8,12,16,15,18,169,4,17,4,4,9,2,6,215,17,9,321,290,2,31,47,164,10,28,9,3,3,3,20,23,1,168,49,4,11,28,3,5,1,2,50,22,185,19,8,5,51,6,43,8,52,5,1,0,3,1,6,5,4,0,6,9,73,57,35,279,2,76,11,2,75,3,75,3,42,1,110,69,53,8,9,3,259,62,114,3,3,32,3,2,13,1,6,1,3,4,5,19,20,14,0,81,11,9,106,0,22,0,2,14,24,433,5,24,30,9,5,35,87,13,74,79,5,89,2,39,23,6,9,1,4,0,41,25,16,13,8,1,85,7,359,1,2,29,0,11,42,3,14,18,36,0,1,26,2,132,19,1,113,53,127,24,265,0,37,84,3,2,1,182,0,13,0,24,1,41,56,0,108,13,1,14,62,158,5,0,3,16,21,52,51,1,289,1,0,83,31,4,13,51,14,8,7,42,5,4,9,7,8,113,0,36,48,2,3,6,11,95,32,34,342,22,3,0,0,1
"ENSG00000177182.11",82,0,3,23,2,4,9,1,41,66,3,0,7,48,10,7,1,19,10,4,59,1,0,14,10,55,4,9,0,8,17,11,7,106,4,7,59,7,0,3,9,6,3,30,12,12,12,15,3,2,10,12,14,13,9,34,277,2,17,11,10,7,49,9,9,0,19,1,1,36,61,29,2,0,23,2,103,12,86,11,53,21,5,10,72,9,3,5,161,33,58,4,6,13,4,1,15,6,5,47,139,2,6,2,13,3,61,7,22,3,9,5,0,7,3,36,4,1,11,11,14,7,13,17,4,2,4,2,6,12,2,5,46,11,32,0,3,2,1,6,1,4,17,3,5,9,4,7,0,1654,2,1,112,71,12,65,4,2,7,212,17,32,4,6,0,0,2,7,39,75,2,69,23,0,19,18,15,8,6,0,2,6,48,8,0,11,18,36,2,29,119,4,9,13,102,157,4,74,2,4,5,35,3,43,3,16,5,5,4,15,1,9,47,1,9,40,18,68,5,19,0,76,5,9,1,1,8,16,4,3,0,21,46,10,3,94,2,15,33,4,2,15,147,7,11,12,3,5,19,9,10,12,4,12,0,2,0,0,5,12,17,64,11,6,2,7,21,0,0,6,6,1,6,3,43,1,17,1,4,3,40,28,102,2,174,9,0,0,0,6,8,47,4,33,18,11,5,54,21,33,185,2,101,1,3,7,62,29,14,2,86,4,2,6,4,51,5,7,0,40,9,18,3,2,10,4,2,8,17,2,5,2,23,1709,16,8,41,32,6,0,1,83,3,4,65,45,15,8,5,0,7,5,137,9,22,3,3,7,6,2,5,17,4,1,3,19,5,20,4,30,14,46,1,5,2,2,5,4,1,232,19,27,5,8,1,17,3,18,0,3,5,63,4,8,0,5,116,24,35,5,4,66,3,3,9,11,3,10,5,65,4,20,3,13,21,0,6,19,1,3,1,4,9,4
"ENSG00000177359.20",15,0,10,6,9,1,1,0,2,3,0,2,10,131,3,2,1,0,0,2,0,0,1,1,0,2,0,3,7,31,13,7,2,2,0,3,1,1,3,1,0,5,0,2,2,0,0,4,3,0,0,9,1,7,0,0,2,0,2,1,1,0,1,5,1,3,6,0,1,2,7,1,0,0,0,0,62,5,5,31,1,3,17,2,2,4,2,1,5,0,20,1,1,8,0,0,1,1,3,4,2,0,7,0,1,2,1,1,55,3,0,1,1,2,3,2,11,0,4,2,1,1,1,2,0,0,0,4,0,1,2,2,8,0,2,0,0,0,1,0,1,43,80,0,7,2,6,3,6,2,3,0,0,2,0,2,1,2,1,5,2,4,2,1,2,302,6,14,1,334,1,1,0,13,1,0,1,5,22,2,0,0,1,1,3,1,3,2,6,1,3,6,4,0,0,1,0,9,0,7,0,4,3,86,0,0,2,5,5,3,1,3,2,1,10,6,0,3,10,0,1,0,0,1,1,1,2,69,2,1,5,3,7,1,8,1,0,0,1,0,1,1,2,1,86,4,1,0,5,1,0,0,0,0,0,4,1,12,0,5,2,4,2,5,0,4,8,2,5,0,0,1,6,0,1,4,11,0,5,5,2,8,0,0,0,17,0,1,1,1,4,1,0,2,1,9,4,0,0,1,4,1,37,1,3,0,0,0,0,1,1,5,1,0,2,6,3,65,2,0,0,398,0,15,2,1,5,1,0,0,7,3,9,4,4,0,0,5,1,0,0,1,1,4,2,0,3,364,3,1,18,9,2,1,0,3,3,88,4,4,0,3,1,5,2,2,0,18,1,0,1,1,0,0,2,0,2,0,2,2,2,0,11,0,2,0,5,0,2,2,1,0,0,0,4,8,5,21,12,0,1,2,5,0,2,3,0,0,0,6,2,0,1,0,2,0,0,6531,0,0,0,0,5,1
"ENSG00000177414.13",79,0,0,0,11,0,0,0,0,6,0,1,0,53,61,4,1,0,0,202,0,0,113,2,0,0,1,0,64,5,107,119,3,0,76,0,0,0,0,0,0,75,0,1,1,0,0,0,6,0,0,8,4,0,3,0,0,0,2,0,0,5,0,0,0,0,0,14,0,12,601,0,0,0,0,0,311,0,14,3,9,0,13,0,1,112,1,23,0,0,0,23,0,0,2,0,0,1,0,12,3,0,1,1,1,0,0,0,63,0,0,2,1,0,1,0,2,0,33,0,122,0,0,0,0,0,0,4,0,95,1,0,109,0,0,0,0,2,0,0,0,8,9,0,32,0,3,0,0,0,0,0,0,0,0,0,0,46,22,51,0,0,9,3,7,0,0,0,0,0,0,2,0,10,0,0,0,1,0,0,0,54,0,0,0,1,3,0,0,0,0,0,0,0,0,0,3,0,0,27,1,1,7,1,0,3,0,37,1,26,2,1,6,0,0,0,0,0,6,1,0,1,0,0,0,0,0,113,0,0,0,1,0,0,0,26,2,1,1,0,90,0,4,82,0,0,0,0,0,2,0,0,0,1,1,1,2,0,1,0,2,0,10,4,0,2,27,1,3,1,39,0,6,0,0,0,0,0,1,0,0,1,0,0,0,1,2,1,0,43,2,0,60,0,0,1,2,0,0,0,2,0,3,0,31,0,0,0,0,0,1,5,0,0,3,0,0,0,7,17,25,83,1,85,84,0,5,0,0,0,377,0,0,0,0,0,0,0,0,0,2,0,1,12,6,0,1,102,0,0,0,3,0,0,0,0,0,197,0,0,1,0,0,6,102,4,23,1,0,0,0,0,0,0,16,0,1,0,0,1,0,8,0,0,1,61,0,0,0,0,1,0,0,0,35,0,87,0,0,1,0,0,3,0,0,0,0,11,0,1,3,0,0,0,0,0,0,2,1,0,0,0,0,0
"ENSG00000177494.6",0,0,8,13,9,0,35,4,0,2,0,6,217,345,1,1,11,5,1,8,3,1,0,4,0,1,0,5,2,124,3,3,67,3,2,103,10,5,0,0,28,4,18,0,4,0,0,8,0,0,24,280,6,91,0,0,1,8,1,0,3,37,3,0,4,1,61,0,10,32,6,24,5,0,0,1,5,2,16,303,4,4,13,0,0,6,0,0,24,14,32,2,3,43,0,0,0,6,31,94,3,0,35,1,8,0,2,6,28,2,4,47,22,21,31,1,1,3,10,6,1,0,2,3,27,1,4,30,1,6,1,1,14,0,6,0,2,0,1,0,0,19,18,3,7,12,114,9,44,5,0,1,0,3,0,3,8,10,5,4,73,0,3,6,7,191,168,1,2,28,0,12,109,13,1,31,3,0,159,27,0,1,10,7,0,17,1,0,0,0,2,246,72,7,2,1,7,6,0,36,5,4,7,16,2,7,0,0,7,0,4,81,4,2,22,7,1,1,27,9,1,0,0,1,0,1,1,140,37,0,11,4,62,120,4,87,0,3,4,1,2,31,1,3,14,8,1,2,1,3,5,0,1,67,16,11,0,9,1,95,1,32,17,30,2,6,4,0,13,2,56,4,126,0,4,1,19,2,3,106,6,20,0,1,0,2,0,9,64,28,21,0,18,1,2,19,22,2,1,2,4,39,2,0,1,11,3,23,3,8,1,0,0,0,8,16,114,194,3,9,7,15,0,0,37,0,1,0,15,1,0,115,6,8,2,1,1,8,1,1,0,25,2,2,55,2,0,11,28,0,2,412,58,11,1,1,9,2,149,1,0,3,1,2,4,3,1,16,3,3,2,5,3,37,31,0,0,0,5,6,4,34,0,4,11,12,110,9,2,0,10,0,3,2,1,3,8,17,11,0,3,5,11,1,14,3,4,79,15,2,32,8,0,2,1,0,6,35,67,3,2,2,5,3
"ENSG00000177508.12",12,14,495,477,483,58,98,32,390,256,34,624,121,55,97,113,36,10,1214,6,474,60,1367,20,33,204,1,81,71,58,2,94,3,119,26,90,153,9,655,266,158,306,732,1266,43,21,12,15,76,256,14,20,5,67,70,60,704,511,24,173,41,58,6,165,19,727,75,585,536,17,1051,145,11,23,36,19,807,15,555,12,205,3,710,32,175,26,16,310,702,90,33,28,474,8,153,59,258,352,357,96,19,303,549,66,3,404,13,11,2115,1560,5,23,62,615,107,612,1162,205,21,25,29,393,21,12,112,17,25,203,37,865,213,14,8,364,10,12,46,28,11,5,11,1229,130,87,22,7,13,6,20,22,76,28,15,799,76,31,65,38,139,316,254,32,401,20,322,60,67,725,311,7,798,35,79,1295,10,11,21,5,195,296,37,70,704,7,379,46,587,160,1095,436,13,398,11,2,9,3,30,5,106,35,7,1500,0,655,17,13,32,431,37,315,26,15,6,97,35,74,537,15,25,1711,7,166,19,14,23,12,567,94,1,129,906,21,51,40,259,585,18,46,509,900,118,10,950,16,373,680,4,348,221,299,334,19,15,1,46,320,8,233,143,906,121,863,213,902,56,15,74,71,834,7,12,15,2,60,28,13,2,25,662,660,5,380,40,54,55,21,40,46,519,44,80,36,118,23,228,29,416,199,196,1654,32,26,50,121,9,11,48,133,4,61,165,15,13,597,24,138,486,399,499,417,1161,67,19,19,331,32,10,1439,1787,13,87,72,62,425,313,35,50,25,61,30,20,776,233,180,1,88,256,318,26,9,15,62,201,1038,36,31,1000,1199,218,0,260,631,1072,37,1021,424,110,6,592,145,514,85,73,222,405,34,28,6,94,29,2165,36,47,42,18,2,200,30,171,22,8,787,6,22,7,15,499,3022,34,20,7,3,323,19,174,355,3,0,7,95,24,352,9,34,158,23,46,2230,232,78,16,87,3384,100
"ENSG00000177519.4",7,0,3,0,0,0,0,0,0,3,12,0,13,228,122,2,0,2,0,0,0,0,1,0,0,0,0,0,0,17,0,0,3,1,0,1,1,0,0,0,0,0,0,0,3,0,0,0,0,0,0,2,0,2,0,0,28,0,0,0,0,0,0,1,0,0,1,0,2,0,2,0,0,0,0,0,10,2,4,2,6,0,2,1,0,0,0,1,0,0,3,30,0,0,0,0,0,2,1,0,0,0,0,0,0,0,1,1,31,1,0,0,0,1,1,1,0,0,0,98,0,6,0,0,1,0,3,0,0,0,0,0,4,1,0,0,0,0,2,0,0,0,18,0,3,15,0,0,0,0,0,0,0,1,0,0,0,0,0,0,0,0,1,0,0,0,3,0,0,0,0,0,8,17,0,1,1,0,0,0,0,0,0,0,2,0,0,0,0,0,0,0,1,0,1,0,1,0,0,0,0,0,0,8,0,10,0,0,0,0,0,0,10,1,275,0,0,0,2,8,0,11,0,0,0,1,1,0,0,1,2,0,0,0,1,2,0,2,0,1,5,0,2,0,0,3,11,0,0,0,1,0,0,0,0,0,0,0,2,2,1,0,1,0,1,1,0,0,0,0,1,0,118,1,0,0,7,0,0,0,0,1,0,1,0,1,1,0,1,0,1,0,0,0,0,11,31,0,0,2,0,3,43,0,0,0,0,0,6,0,0,0,2,0,1,1,1,0,0,0,0,0,0,1,2,0,0,3,1,1,4,0,0,1,3,0,0,0,2,0,0,0,1,0,2,0,56,0,2,0,1,2,0,12,0,0,0,2,1,0,0,1,0,0,0,0,0,1,1,0,0,0,0,3,5,0,1,2,0,0,0,0,0,0,0,0,0,2,0,0,2,0,0,0,0,0,0,3,2,0,0,0,0,0,24,5,11,0,0,0,0,0,1,1,0,0,0,2,6,3,0,0,340,1
"ENSG00000177551.5",6,0,6,1,1,0,0,0,0,0,574,0,96,0,1,0,1,1,0,0,0,0,0,1,0,0,0,0,0,0,1,0,0,0,0,0,2,0,0,0,0,5,0,0,3,0,0,0,0,1,0,0,0,0,1,0,1,0,0,0,0,16,0,2,0,0,0,0,1,0,2,0,0,0,0,0,3,0,18,0,0,0,0,0,0,2,0,0,1,0,0,3,0,0,0,0,1,0,0,2,0,0,3,0,0,0,1,0,113,0,0,0,0,0,2,0,1,0,0,2,0,0,1,1,0,0,12,0,0,1,0,0,1,0,0,0,0,0,1,0,0,0,1,1,0,1,0,0,4,0,0,0,0,1,0,0,0,0,2,0,0,0,0,1,0,0,0,1,1,0,0,0,0,0,0,0,0,0,0,0,0,0,0,1,0,0,1,0,0,0,1,179,0,3,0,0,0,0,0,0,0,0,1,0,0,0,2,0,0,0,0,0,0,1,3,0,0,0,0,0,0,1,0,0,0,0,0,0,0,0,0,0,1,18,0,0,0,0,0,0,0,0,0,0,4,0,0,0,0,1,0,0,0,1,0,0,0,0,0,0,0,0,256,0,0,0,0,0,0,0,0,0,0,0,2,0,0,0,0,0,0,0,0,0,0,1,0,0,0,0,0,0,0,1,0,1,367,0,0,0,0,2,3,0,0,0,0,0,0,8,1,0,0,0,5,2,3,1,1,0,0,0,0,0,0,0,0,0,1,0,8,0,0,0,0,1,0,0,0,0,0,0,0,2,14,0,0,0,194,0,0,0,0,28,0,0,0,6,0,0,0,0,0,0,0,0,1,0,0,0,0,0,0,0,0,1,0,0,1,0,0,0,0,0,0,0,0,1,0,0,0,0,0,0,0,1,0,2,1,0,0,0,0,0,0,1,0,0,0,0,1,0,3,0,0,0,0,172,0,0,0,0,0,0
"ENSG00000177575.13",332,24,235,674,487,666,304,728,477,1035,1365,810,2826,9543,4104,4431,549,446,794,1044,3169,9620,1165,1299,892,979,510,466,93,846,115,633,1677,1750,663,3772,2517,432,232,773,600,461,870,417,4313,198,249,695,2214,1560,799,3706,5063,1239,1585,105,2642,609,361,158,505,2477,123,1106,1153,285,1425,552,651,1636,423,2465,281,868,362,2665,118,424,332,4075,1179,157,321,626,275,239,206,178,1046,246,1082,1344,210,371,317,1530,797,1801,472,1622,642,2764,1088,255,1119,657,800,4098,721,326,1022,11040,1589,1125,425,280,539,769,323,2612,468,297,478,1111,2154,3257,3357,165,525,3181,1656,6350,625,862,248,5424,162,2007,287,177,656,3119,723,5936,1349,1620,1511,55,307,414,1040,3421,707,537,6584,658,199,1509,273,1012,1554,178,847,403,47,4677,9360,468,610,713,81,184,1945,274,505,1065,2099,291,2375,1877,2415,1186,527,2000,239,1267,1077,675,172,361,655,20641,2958,3778,1550,57,2625,468,223,1232,213,362,3396,671,2048,1378,1109,251,864,471,2365,957,711,333,2599,623,232,189,1319,1549,291,129,232,371,1649,2871,455,1495,606,1140,348,998,3759,1141,124,6137,910,475,1464,1150,2253,634,996,724,1244,461,701,787,362,1101,1121,53,358,1159,3775,1145,3245,225,1102,488,1447,1844,982,113,10825,208,195,3085,1126,2962,1389,5378,2218,10610,525,487,914,1522,130,1143,761,688,355,3159,366,786,871,2016,396,1154,4762,3158,802,427,522,737,2042,798,898,304,2633,765,711,10007,507,1034,662,1676,108,646,1247,268,129,190,1362,2392,2454,4353,636,1253,744,543,1392,120,1077,206,4968,524,1420,1405,744,2947,1586,817,1663,2131,736,1980,956,26,2178,2018,939,92,732,638,413,574,1774,5810,4102,1918,2297,2722,821,4124,140,56,290,137,710,5129,508,42,192,989,65,1956,854,322,1526,527,40,1049,906,177,315,700,3602,771,455,3190,242,549,2728,747,1468,637,753,180,317,887,3097,903,80,390,820,258,1821,650,457,178,1197,302,11454,10417,729,5814,1214,2084,3111,1100,2327,664,433,211,626,11055,783,4545,3017,960,2153,2483
"ENSG00000177602.5",15,1,1,11,53,24,18,11,5,60,8,50,99,305,74,6,29,29,35,18,27,4,16,9,15,23,18,56,16,36,74,38,42,18,5,77,23,11,37,48,1,43,62,9,6,19,7,26,1,8,17,102,10,38,9,23,3,116,33,49,8,39,14,37,6,44,6,4,114,175,44,28,11,0,3,3,189,13,162,71,38,50,59,14,23,24,7,6,19,4,56,22,24,83,13,4,5,52,65,71,10,4,28,15,24,88,24,2,262,189,10,17,8,61,28,14,143,24,53,78,14,17,4,18,25,1,9,28,42,91,15,9,87,6,42,4,19,1,93,6,3,97,31,9,25,104,87,20,77,97,1,2,47,20,6,35,18,38,22,55,26,7,48,30,24,92,166,89,57,231,8,9,80,155,3,28,14,26,68,25,2,30,27,47,8,11,70,5,14,77,12,401,87,89,12,27,10,14,6,112,9,138,89,150,0,29,8,134,20,52,7,39,33,8,58,75,4,6,33,77,4,13,14,8,4,2,61,172,4,19,71,23,35,44,3,55,5,9,20,8,8,14,2,6,38,32,11,2,16,18,5,19,1,48,9,12,3,9,12,195,61,33,152,84,4,30,32,6,101,4,38,4,52,2,19,120,30,2,8,30,102,72,4,0,36,43,3,10,20,16,18,37,16,4,13,62,237,16,5,17,52,8,141,4,14,1,0,28,13,66,15,113,17,37,21,30,75,101,10,16,30,86,3,57,27,14,4,24,11,1,48,18,10,31,126,3,18,283,9,11,3,22,15,54,95,27,3,10,24,1,15,105,14,122,11,5,58,106,109,3,36,2,7,66,102,7,3,84,8,25,30,10,2,22,102,5,38,2,9,39,4,83,10,0,16,4,70,13,17,38,29,23,6,63,18,50,20,117,21,2,12,5,20,3,67,12,36,56,16,15,30,9,4,1,14,17,15,442,47,6,1,1,149,2
"ENSG00000177679.16",88,6,377,25,97,26,0,4,11,11645,368,886,20,23,98,16,10,21,4,28,342,2,217,17,2,31,10,13,19,17,5,124,17,23,24,70,22,10,162,186,5,164,6,17,32,8,5,42,25,16,5,22,10,86,34,9,16,9,5,5,148,118,7,13,2,183,3,26,17,99,33,54,9,6,12,6,524,14,6817,9,25,204,634,264,5,394,16,81,35,7,1466,33,7,531,797,3,107,20,531,25,49,19,724,31,82,71,5,4,677,120,420,24,72,38,28,7,45,203,19,113,1,4,2,6,30,3,27,2,12,46,5,6,10,12,698,5,20,5,521,2,10,152,184,15,128,3562,64,53,25,9149,16,28,13,30,8,5,7,42,62,29,16,704,47,61,20,50,19,115,10,99,24,10,34,11,109,118,71,68,271,9,2,442,1381,45,23,12,50,36,1,4,2,231,957,21,5,43,8,38,0,1339,3,3,82,11,14,25,10,35,109,4,153,208,47,3,49,3670,8,10,21,2,4,12,8,14,25,4,32,2,116,70,8,6,54,19,79,178,5,27,3,6,374,20,314,46,242,521,17,873,160,13,3,17,5,7,9,181,9,134,115,285,23,6,43,25,14,32,18,16,15,10,24,12,1,5,18,64,22,6,233,170,18,81,3,23,5,23,15,84,7,254,91,9,107,180,2314,443,69,114,3,3041,69,409,58,27,16,25,6,20,12,31,11,30,2,916,42,3467,3,99,65,7,50,1094,5,19,34,561,64,94,108,5,215,12,24,1243,47,10,4,42,312,20,4,30,19,1031,51,18,12,131,1,23,9,1688,15,93,20,17,86,529,1,11,37,29,12,35,134,14,67,4,46,6,9,23,11,26,121,3,1,37,10,7,8,8,7,37,26,76,66,40,3,10,25,33,12,137,63,15,163,1726,166,5,1,7,203,8,40,73,34,0,7,91,21,10,2,13,15,10,6,2527,21,59,12,5,253,16
"ENSG00000177910.8",0,0,0,1,0,0,0,0,0,0,0,0,0,8,2,0,0,33,0,0,0,0,0,0,0,0,0,0,0,0,1,0,1,0,0,3,0,0,0,0,0,1,0,0,1,0,0,0,0,0,0,3,0,0,0,0,0,0,12,0,0,1,0,0,0,0,0,0,1,0,75,4,0,0,0,0,0,0,0,13,6,56,0,0,1,0,0,0,2,1,4,0,0,0,0,0,0,0,0,0,0,0,0,0,3,0,0,0,143,1,1,0,1,1,1,0,1,1,0,0,0,5,0,0,0,0,0,2,0,1,0,0,7,1,3,0,0,0,0,0,0,1,0,0,1,1,0,0,0,0,1,0,1,0,0,0,0,1,0,0,0,0,0,1,1,1,1,1,0,0,0,2,0,0,0,0,0,1,0,1,0,0,0,0,0,0,0,0,0,2,0,0,0,0,3,0,0,0,0,0,0,1,0,1,1,3,0,0,2,0,0,0,0,0,57,1,0,0,2,2,0,0,0,1,0,0,0,4,0,1,0,0,1,0,0,2,0,0,0,2,1,1,0,1,1,0,0,0,0,1,0,0,0,2,0,0,0,0,0,1,1,0,0,0,0,1,0,0,2,0,0,0,232,0,1,0,110,0,0,0,0,0,0,1,0,1,0,0,0,1,0,0,0,0,1,131,14,0,0,1,0,1,34,0,121,0,0,0,0,1,1,0,0,0,1,4,0,0,0,0,1,0,0,2,0,0,0,0,0,0,4,0,0,0,0,0,0,0,0,0,0,0,0,0,14,17,0,0,0,0,0,2,0,94,0,0,0,0,3,0,0,0,0,0,3,0,0,0,0,0,0,0,0,0,2,0,20,0,0,0,0,83,1,1,0,0,2,1,1,0,0,1,0,0,0,0,12,86,0,0,0,0,1,0,1,0,1,4,0,0,0,0,0,0,0,0,3,0,2,0,1,0,1,0
"ENSG00000178217.14",14,0,0,3,9,0,2,15,0,1,0,10,7,16,2,0,1,0,24,4,1,0,3,5,2,2,0,2,3,2,2,2,3,2,1,4,3,5,1,1,0,3,2,15,1,5,2,4,0,0,3,4,0,0,1,0,2,0,0,0,7,29,0,1,0,5,0,18,1,1,5,6,1,0,0,1,3,2,0,3,21,0,3,3,5,0,2,0,5,0,4,5,0,9,88,0,10,6,0,1,2,0,2,2,2,3,7,0,14,0,3,2,2,3,0,1,7,2,1,2,1,1,2,1,3,2,0,1,4,9,3,0,6,3,2,0,7,0,1,2,0,2,9,0,6,1,3,1,1,0,0,0,2,2,3,1,1,4,5,4,4,3,3,0,5,2,2,1,2,4,0,1,4,1,1,2,4,6,3,3,0,2,3,2,0,0,4,6,27,1,4,4,2,4,3,0,0,1,1,6,0,3,2,0,0,2,2,6,1,1,4,4,1,1,2,1,0,3,4,2,0,3,0,1,2,0,5,2,0,1,2,3,8,14,2,1,1,15,3,0,9,1,20,1,2,11,0,3,22,2,1,0,0,0,0,2,0,5,2,1,0,2,1,5,2,3,1,0,1,1,4,1,2,0,5,0,1,0,72,0,4,3,2,1,1,1,0,3,0,4,3,0,1,0,33,7,5,9,33,2,1,0,2,0,5,0,0,1,1,4,1,2,2,0,2,1,9,2,3,0,6,10,0,2,7,0,2,5,4,0,3,0,5,2,17,0,7,0,1,4,0,3,3,2,7,4,1,0,4,1,0,9,1,12,3,0,2,12,4,1,50,2,4,9,17,2,0,2,4,1,1,9,1,1,4,0,0,3,6,2,1,7,4,1,1,2,8,1,2,0,4,264,0,2,0,1,4,2,4,2,0,0,2,4,1,1,0,2,0,8,3,2,2,2,4,0,0,6,1,0,0,1,6,0
"ENSG00000178235.8",2,0,0,0,0,0,0,0,0,0,0,0,2,349,420,0,0,2,0,0,0,0,2,0,0,0,0,0,0,2,0,0,3,0,0,0,2,0,0,0,0,6,0,0,0,0,0,0,0,0,0,4,1,2,0,0,0,0,0,0,0,51,0,0,0,0,0,0,0,0,168,0,0,0,0,0,8,0,0,22,1,2,0,0,0,0,0,0,0,0,0,145,1,0,0,0,0,2,0,0,0,0,0,0,0,0,0,0,3,0,1,4,0,0,0,2,1,0,0,9,1,2,0,4,0,0,0,2,0,293,0,1,252,0,0,2,0,0,0,0,0,0,4,0,4,201,1,0,0,0,0,0,0,11,1,0,0,0,0,0,0,0,0,0,0,8,10,0,0,43,0,1,0,80,0,0,0,1,0,102,0,0,0,0,0,0,0,0,0,2,0,1,1,0,1,0,0,0,0,0,0,2,0,199,1,0,0,0,0,2,0,0,4,1,1,26,1,0,1,157,0,0,0,0,0,0,0,2,0,0,1,0,0,0,0,30,0,0,0,0,0,0,0,0,3,0,0,0,0,0,0,0,1,0,0,0,1,0,0,0,7,0,0,2,1,0,3,1,22,0,0,0,4,0,0,0,0,0,0,80,26,0,0,0,0,0,0,0,0,0,0,0,0,0,0,0,6,0,0,0,0,0,2,0,0,0,0,1,0,0,0,0,3,0,0,0,51,7,0,0,0,0,2,0,0,0,2,0,0,1,13,0,0,0,0,3,0,0,0,0,0,0,0,0,3,7,0,0,3,0,0,0,0,1,0,0,0,0,0,0,0,0,1,0,0,0,0,0,0,0,0,0,0,1,111,1,75,0,0,7,0,0,4,0,0,0,3,1,0,0,0,0,0,0,0,1,2,3,3,0,0,0,0,0,2,0,20,0,0,0,0,0,1,0,1,0,0,0,0,0,1,0,0,1
"ENSG00000178395.7",0,0,0,0,17,2,0,0,0,0,0,0,0,23,1,0,0,0,0,0,28,1,2,0,0,0,2,4,7,0,4,0,12,0,21,0,0,1,0,0,0,18,39,0,2,1,1,0,0,0,0,2,1,0,0,2,0,10,0,5,0,85,0,2,0,0,0,0,44,12,64,4,3,0,1,0,67,0,6,1,5,67,4,5,11,2,0,0,0,0,15,0,3,0,0,1,0,0,11,21,0,0,38,1,2,0,9,0,25,67,0,1,0,15,0,0,0,0,6,1,0,1,0,0,30,0,0,0,7,48,1,1,52,2,18,1,0,0,83,0,0,8,1,0,0,9,0,1,0,1,0,1,0,0,1,1,0,3,0,0,0,0,127,1,2,5,0,27,1,2,0,0,0,9,4,0,0,0,1,0,0,0,12,33,0,0,0,0,2,2,0,0,0,3,15,0,0,0,0,51,0,3,25,49,0,0,0,9,0,0,0,5,1,1,0,4,0,0,3,0,0,0,0,0,0,0,0,61,0,1,2,0,0,0,0,0,0,0,0,3,1,11,0,0,46,17,0,0,0,1,0,1,0,0,0,0,0,0,0,0,17,0,0,9,0,2,4,0,36,0,1,0,0,1,11,11,0,0,0,6,5,0,2,0,0,0,0,0,0,7,0,0,2,1,0,7,21,0,0,22,14,0,2,0,0,0,0,0,0,0,0,18,0,33,2,0,0,79,0,8,4,28,0,11,0,2,2,0,2,0,0,0,0,0,1,0,1,17,0,0,0,0,1,11,102,0,0,0,5,0,0,2,0,0,0,0,21,21,2,1,0,0,0,1,12,0,0,4,0,2,2,0,0,0,8,0,0,0,0,0,0,8,3,0,0,1,0,0,10,114,7,0,0,17,0,6,1,4,1,0,0,0,2,0,54,0,1,0,0,0,0,0,0,0,0,0,21,1,34,1,0,0,0,0
"ENSG00000178462.12",0,0,0,2,6,0,0,0,0,3,0,0,1,19,196,1,0,1,0,1,0,0,0,0,0,0,0,1,0,15,0,8,2,1,1,1,0,0,0,0,0,2,0,0,1,0,0,0,0,0,0,4,1,1,0,0,0,1,0,1,0,19,0,3,0,1,0,0,40,0,1,0,0,0,2,1,114,1,0,6,3,0,55,3,0,0,0,0,0,0,3,9,0,12,0,0,0,0,0,9,2,6,46,0,0,0,0,0,19,0,0,0,0,0,1,0,0,0,73,13,0,0,0,0,1,0,0,0,0,5,0,1,4,0,9,1,1,0,6,1,0,0,127,0,0,0,0,0,0,0,0,0,0,1,0,0,1,3,0,3,0,0,5,0,0,1,3,0,3,1,1,0,1,16,0,0,0,1,1,0,0,0,0,2,0,0,2,0,0,0,0,1,0,1,3,0,2,1,0,1,0,0,1,1,0,9,5,61,0,0,1,0,62,21,0,0,0,0,1,1,0,0,0,0,0,0,7,1,0,2,0,0,0,0,0,0,0,0,0,0,0,0,0,0,0,0,3,0,0,0,0,0,0,0,0,0,0,0,0,6,0,3,0,0,0,0,0,0,0,0,1,0,141,0,1,0,47,1,0,4,1,1,0,0,0,0,0,0,1,0,2,1,1,0,0,93,4,0,0,0,1,0,0,1,0,1,0,0,2,1,0,0,0,0,0,3,1,0,2,0,0,1,0,0,0,1,0,0,0,0,0,1,0,0,1,1,0,14,0,0,0,0,1,1,0,4,0,0,0,0,6,6,1,1,0,4,0,0,1,0,0,0,0,0,1,0,8,0,0,1,0,0,0,0,41,0,1,1,0,0,0,0,80,1,1,2,1,0,5,0,3,1,0,0,0,0,1,0,3,0,0,0,0,0,3,0,80,16,1,1,4,1,0,0,1,0,0,1,1,2,0,0,1,0
"ENSG00000178522.14",0,0,0,15,1,0,1,0,0,0,0,1,0,1,0,0,0,0,0,0,0,0,2,0,52,0,0,6,1,0,0,0,5,0,0,0,3,10,0,0,0,0,1,22,0,0,13,2,0,0,0,0,0,3,0,1,8,0,0,0,0,5,0,0,0,0,0,0,1,1,0,16,22,0,1,0,2,0,946,8,39,1,0,0,0,0,0,5,1,14,0,4,0,0,0,0,0,2,3,0,1,0,0,0,18,0,0,0,293,0,0,0,0,1,0,0,0,1,0,211,2,0,0,0,56,0,3,2,0,0,1,0,3,13,0,0,0,0,0,0,0,0,0,0,0,0,0,0,3,1,2,0,0,0,1,0,187,0,0,0,0,8,47,0,0,0,11,0,0,0,0,1,5,0,0,0,0,1,0,0,0,0,9,0,0,5,0,0,0,0,0,0,0,1,98,0,0,2,0,0,0,0,0,1,0,2,0,0,4,0,0,0,0,2,0,0,0,10107,0,31,0,0,0,5,0,0,1,0,1,0,0,0,11,28,1,410,0,0,1,9,0,9,0,0,1,0,0,1,0,1,0,0,0,0,0,0,0,0,7,1,1,1,1,11,0,0,1,1,0,0,12,0,0,0,0,0,0,0,0,1,0,169,0,0,0,0,0,1,0,25,0,9,1,0,0,20,0,0,0,0,0,0,3,0,8,0,0,1,0,0,1,0,0,1,0,20,30,2,0,1,0,0,0,0,311,0,0,1,811,0,0,2,10,0,0,0,0,0,0,9,0,103,1,0,0,0,0,0,2,0,0,0,0,1,0,1,0,0,0,0,0,0,60,0,0,0,0,1,10,1,0,0,9,0,1,0,0,0,1,1,0,9,0,13,0,0,0,0,1,0,7,0,0,0,0,0,0,1,0,0,0,0,0,0,0,0,0,7,0,9,0,0,0,7,0,0,0,1,0,0,0,0,6,0
"ENSG00000178531.6",356,2,41,14,30,9,48,4,7,1331,17,10,181,377,35,8,5,12,9,20,12,6,40,23,1,2,4,11,4,36,9,71,9,17,11,31,18,3,16,8,4,176,5,39,4,10,14,58,21,18,7,20,7,7,5,5,6,11,10,2,27,1,1,7,0,5,5,2,10,7,87,17,8,3,40,3,69,58,214,21,7,23,98,20,8,17,12,5,55,110,236,61,1,345,13,0,5,20,33,19,54,2,113,4,25,43,9,3,431,15,25,7,67,20,8,9,36,4,4,10,1,4,3,2,18,4,67,6,13,117,9,2,16,26,20,2,15,1,10,3,7,21,174,8,38,19,20,59,20,363,12,11,3,10,1,3,6,44,6,74,21,149,24,34,28,36,26,292,0,37,12,10,16,9,50,7,17,30,164,8,1,16,8,3,7,13,21,12,5,0,26,24,7,13,6,0,2,8,3,20,3,3,64,5,3,8,3,14,88,2,8,32,28,7,56,1214,4,8,38,12,2,17,6,16,14,4,30,3,18,6,27,4,40,62,3,13,4,25,6,16,49,18,24,11,21,35,2,18,15,4,15,6,0,13,5,9,5,51,16,18,13,1,21,19,1,55,37,8,5,7,10,4,8,5,5,3,48,5,14,12,5,1,4,6,10,49,7,28,8,44,136,14,26,6,78,265,49,2,7,330,23,23,3824,6,2,26,1,7,23,11,2,42,2,9,7,87,5,49,19,4,17,310,2,16,25,6,64,5,53,1,20,8,14,29,7,6,3,17,2,8,2,10,28,277,6,16,8,102,24,3,1,61,13,17,15,5,2,452,40,1,10,23,16,23,522,13,9,11,21,22,7,11,4,16,5,12,1,50,9,5,10,9,9,17,8,1,32,3,3,5,38,7,1,33,7,12,10,83,74,5,4,3,30,0,22,23,12,4,10,36,27,13,1,7,23,4,2,878,5,23,2,4,192,13
"ENSG00000178538.10",2,0,271,12,7,10,2,9,6,7,5,6,6,23,6,10,253,4,0,75,9,6,17,13,24,9,3,23,19,15,0,1,1,19,8,34,22,1,0,7,0,50,18,32,12,2,12,16,5,3,5,14,11,27,14,7,42,22,7,7,20,8,18,9,12,13,42,10,0,8,12,13,7,0,14,1,4,28,3,24,54,2,0,7,7,97,8,2,22,9,9,15,9,0,8,0,4,33,5,281,9,3,338,11,4,57,12,8,487,2,163,3,24,7,19,9,132,20,1,98,7,7,3,5,10,3,8,1,10,9,11,7,24,9,60,6,19,0,5,23,4,797,3,6,20,7,10,5,3,0,5,2,9,4,9,2,11,32,15,15,15,4,0,8,575,16,19,2,8,0,420,7,13,4,6,6,4,4,229,8,1,30,40,12,3,0,44,32,10,18,12,4,19,11,13,0,3,3,5,11,12,10,1,7,2,11,7,2,19,18,60,4,0,4,12,6,6,54,16,2,0,13,0,13,6,1,13,3,30,9,5,9,11,24,7,31,0,11,2,16,149,7,12,15,289,6,0,9,57,15,3,11,1,4,2,3,3,99,15,86,22,12,1634,1,6,24,2,1,13,1,20,8,2,6,12,8,0,1,1,4,13,27,7,3,6,2,0,7,0,5,24,22,12,2,7,24,21,20,44,10,4,14,222,16,3,5,4,53,6,4,11,23,2,96,10,36,12,205,21,12,172,59,2,3,14,14,2,3,20,0,40,2,11,6,19,5,2,4,31,1,43,9,34,69,0,19,13,26,8,1,17,14,21,2,5,1,203,10,6,0,29,48,6,93,71,16,1,7,18,4,15,13,0,7,12,3,6,3,53,7,2,26,5,9,2,3,22,9,5,8,5,34,15,95,3,2,30,211,20,1,3,2,132,7,7,43,1,8,23,44,11,3,5,17,5,72,8,573,3,4,2,7,5,4
"ENSG00000178597.7",7,0,0,1,38,3,0,0,0,5,2,0,0,241,0,4,4,0,0,1,0,1,17,0,0,0,0,0,24,5,1641,4,570,0,1,0,0,0,0,0,0,7,0,0,0,0,0,0,5,0,0,43,1,4,0,0,0,0,0,0,0,3,0,0,0,242,0,0,28,0,1,1,0,1,0,0,1,0,0,9,3,12,1,6,0,3,0,0,2,1,4,3,1,5,0,0,0,0,6,0,0,0,2,0,6,7,1,1,159,0,2,0,1,0,1,0,26,0,3,1,0,0,1,0,1,0,0,1,11,2,0,1,1,0,13,2,0,0,30,0,0,133,1,0,80,0,61,98,12,10,0,0,1,0,0,0,1,2,2,1,0,0,4,418,55,1,10,24,1,1,0,2,1,2,0,0,0,3,38,0,0,30,0,0,0,0,0,0,18,1,0,0,0,0,10,0,0,8,0,2,0,0,11,0,0,0,0,0,4,1,27,1,0,4,3,9,0,0,2,0,8,0,0,0,2,14,0,18,4,9,0,0,3,0,0,3,0,0,0,0,3,0,0,1,109,8,0,0,0,0,0,0,0,4,0,0,1,10,1,0,0,0,24,0,0,9,2,1,0,5,0,0,0,0,0,0,22,1,0,0,0,2,3,1,0,8,0,53,30,29,0,0,15,0,0,23,1,0,0,11,2,81,0,0,0,2,0,0,0,0,0,114,0,19,1,4,1,11,2,0,8,9,0,5,1,1,0,0,0,0,1,2,0,0,0,0,0,0,1,0,0,0,5,88,0,0,1,21,59,0,0,28,0,58,0,5,3,6,10,4,5,1,0,3,0,0,3,277,0,2,0,0,8,0,0,0,0,1,1,0,0,1,0,0,2,12,24,2,0,0,9,0,0,1,33,0,2,28,3,0,0,0,5,0,0,0,26,3,0,0,2,0,0,0,0,12,1,1,104,8,0,0,0,2
"ENSG00000178623.12",516,2,62,23,854,19,34,479,18,171,283,6,28,265,580,55,1147,27,16,43,860,11,884,33,12,372,24,15,17,688,24,1397,506,26,601,147,637,9,1,10,18,58,30,16,44,27,20,37,27,52,12,812,26,41,13,38,32,55,194,11,27,454,17,20,14,13,22,13,2436,22,80,47,7,6,35,24,745,69,297,57,118,61,759,2848,19,427,92,10,66,21,85,338,11,1644,192,5,24,7,17,34,36,11,322,5,21,15,22,27,135,18,491,95,11,732,1375,281,89,11,37,78,5,84,19,32,25,41,79,5,406,97,20,10,54,21,425,10,1053,14,838,73,14,181,1139,17,120,1332,79,1959,105,345,17,40,6,19,12,11,34,66,23,24,46,32,17,1366,54,768,453,69,7,28,16,29,27,1006,16,297,46,174,3997,11,5,732,1123,18,4,27,22,17,256,14,48,119,428,150,101,8,25,1318,1,1071,3,210,1449,538,21,1451,37,423,93,11,364,1131,93,13,71,416,9,16,207,34,11,9,60,32,15,87,25,738,380,13,39,28,123,107,9,69,12,16,12,41,441,42,26,568,603,25,7,10,132,12,7,9,5,653,30,27,17,1541,38,196,30,104,45,109,17,1043,74,38,25,32,29,17,1456,22,14,965,436,5,11,71,8,462,29,30,54,13,12,408,72,72,60,32,55,42,39,109,609,5,30,26,25,874,81,20,52,36,11,27,280,12,23,741,4,97,631,106,72,617,28,720,71,206,11,1000,101,25,58,33,18,10,511,35,37,34,1333,10,18,554,18,10,5,17,938,62,31,27,5,1663,23,15,73,101,25,57,8,28,86,272,28,197,405,47,24,3343,110,13,1550,58,18,15,44,133,391,20,156,15,14,29,14,28,130,26,113,740,101,30,896,175,10,13,142,5,6,1873,412,34,16,1177,133,12,16,20,1283,5,53,60,19,33,11,22,114,15,17,14,1666,249,223,147,754,73,7,18,54,15
"ENSG00000178723.7",1,0,3,0,3,3,1,1,0,1,25,14,25,72,0,1,1,0,34,1,2,2,6,0,1,0,0,5,0,4,2,6,2,2,2,0,17,0,5,15,0,3,1,138,2,0,0,0,0,1,0,5,4,34,4,4,29,3,0,1,48,3,13,2,3,1,5,33,2,4,2,6,3,0,0,2,2,1,3,3,6,26,1,0,0,0,0,4,0,0,2,9,0,0,4,1,116,10,4,1,1,3,0,45,4,4,1,2,11,1,1,0,1,1,1,1,0,1,5,44,19,2,1,10,0,1,1,0,1,3,0,4,57,7,1,2,35,0,2,1,0,3,6,2,0,1,2,0,1,0,0,0,2,8,1,32,0,1,37,7,3,7,8,0,0,1,0,0,2,0,1,0,44,13,0,5,2,9,2,20,1,1,12,1,24,0,0,0,1,2,1,2,0,7,0,2,2,0,0,4,0,7,4,19,1,0,0,3,0,1,3,5,3,2,3,0,7,17,8,9,1,0,1,0,0,7,43,71,0,4,1,0,0,81,2,11,2,14,1,0,0,0,38,2,0,5,0,2,9,53,3,1,0,0,3,1,1,1,35,1,2,5,0,2,2,2,1,0,17,1,4,1,0,1,1,1,1,0,39,0,0,5,16,0,18,0,1,0,0,0,0,2,1,34,8,1,1,28,6,5,1,1,6,1,1,1,2,1,1,11,31,4,2,4,20,2,43,2,0,0,2,34,3,1,0,2,1,53,9,0,60,0,2,2,139,1,32,4,67,1,0,37,1,1,1,1,0,7,0,1,0,2,3,6,52,3,1,25,1,2,3,1,23,0,2,2,0,3,5,2,0,21,1,3,9,0,3,1,5,1,4,3,4,0,1,0,0,2,2,2,0,13,1,1,1,1,3,0,17,1,0,1,1,9,2,0,5,5,0,0,1,1,0,2,3,0,1,1,1,4,0,0,19,0
"ENSG00000178752.16",65,0,19,13,24,11,7,18,18,331,78,47,48,166,113,29,95,101,31,84,215,8,140,53,14,16,37,77,9,18,70,46,30,153,15,64,98,20,20,18,6,299,19,8,12,7,5,128,4,20,22,56,6,47,16,28,6,5,53,51,13,102,7,28,16,38,12,15,1614,37,89,21,44,8,22,14,103,47,30,24,135,492,1106,48,63,30,25,123,629,5,93,58,14,79,24,3,27,54,30,30,52,14,47,49,55,84,64,6,137,27,45,3,143,76,50,76,90,29,152,46,7,128,7,16,32,22,15,16,59,51,18,5,50,25,144,5,38,11,38,30,6,175,65,9,40,409,41,132,111,147,9,8,145,57,33,59,51,217,80,47,85,16,110,48,41,151,118,99,19,212,12,93,55,85,22,22,40,34,165,16,5,272,228,48,9,27,86,105,82,26,42,666,27,132,106,224,17,23,14,15,64,421,95,132,2,91,76,101,53,169,33,48,42,23,64,47,8,16,140,59,1,50,13,16,31,8,54,80,19,29,21,46,143,30,10,49,2,30,18,25,122,14,6,22,194,57,11,56,31,22,9,11,2,28,10,28,35,117,25,411,36,51,69,22,5,35,63,4,60,7,76,4,16,11,21,26,58,23,7,57,53,56,33,9,133,46,3,36,3,85,49,28,16,5,113,77,116,23,170,136,178,25,71,46,23,4,14,15,17,11,63,56,2,35,51,91,43,51,474,11,57,114,9,51,15,45,17,23,12,4,17,13,30,38,182,2,26,112,5,119,3,25,81,445,54,24,33,49,16,3,5,135,33,92,31,21,21,276,62,31,15,65,28,85,464,38,8,135,35,22,50,39,6,29,538,15,210,9,21,60,124,27,129,18,5,9,17,25,25,72,54,30,2,71,23,43,58,78,118,1,7,60,39,2,311,7,27,40,13,85,36,32,78,13,280,59,10,3254,72,26,5,17,34,10
"ENSG00000178773.15",847,1,60,92,195,88,21,0,57,2159,205,3,20,76,1285,13,1108,9,12,15,139,1,157,23,1,9,67,60,4,74,97,51,49,39,17,107,43,581,6,8,2,2033,10,50,54,28,80,92,14,5,28,51,25,42,12,26,40,1,64,4,13,124,44,9,25,200,28,6,8,34,14,231,86,0,14,21,1389,216,158,38,50,9,5277,535,4,22,58,230,55,94,1141,17,5,676,26,7,75,6,23,40,66,24,312,3,208,255,59,11,79,32,95,306,143,14,120,9,20,7,105,289,17,13,4,96,98,12,21,3,44,37,27,10,23,98,346,10,61,9,250,7,11,247,767,15,120,73,223,190,584,882,3,32,23,7,31,71,34,33,11,30,14,1020,49,164,125,64,765,543,16,22,1,64,45,16,260,21,280,10,655,14,5,18,294,99,0,72,15,14,135,1,59,150,45,37,3,27,6,303,6,291,7,4,248,15,7,17,17,6,37,5,73,98,414,28,49,227,30,7,56,22,4,3,13,477,15,12,59,23,151,7,170,11,313,56,10,45,6,10,7,23,44,65,233,323,1052,182,2,266,47,17,11,141,13,390,10,31,10,100,1459,140,6,4,64,10,21,717,754,11,8,13,80,10,44,5,32,14,16,7,170,38,14,332,5,22,20,27,3,245,157,295,85,92,67,70,213,170,19,66,2,285,83,83,41,22,4,64,10,294,13,1,12,55,23,686,189,2368,14,343,172,93,36,1763,1,12,78,188,42,7,162,4,4,25,59,55,69,4,115,46,69,46,8,28,91,1067,8,6,1,519,8,4,14,947,25,10,13,19,178,2550,13,16,4,65,103,52,621,29,105,61,9,20,15,160,37,145,97,8,3,99,2,87,2,22,11,129,49,61,69,28,2,24,400,21,4,173,81,21,15,13,337,14,44,5,452,213,226,19,11,9,15,80,114,25,66,31,12,34,9,97,37,5,13,6,83,10
"ENSG00000178776.5",57,1,47,19,23,18,0,0,1,34,1,4,4,1114,5,2,1,41,10,101,10,0,8,86,3,1,3,52,34,20,2,60,10,14,7,13,33,1,0,9,46,67,5,5,3,7,9,230,0,6,1,37,2,12,1,3,2,1,3,6,17,17,1,9,2,2,3,0,12,29,16,23,31,0,9,1,122,3,21,3,19,31,16,12,29,1,15,8,68,3,446,58,1,80,21,0,1,10,235,7,54,1,136,2,52,5,0,1,31,4,2,5,1,89,1,12,82,7,8,23,10,30,1,4,27,1,27,4,0,202,13,1,34,12,16,1,5,1,29,5,0,176,116,4,10,8,13,98,5,38,2,2,20,106,7,1,65,45,4,152,8,3,28,17,132,59,59,32,0,11,57,15,5,4,18,2,24,225,224,24,0,0,8,11,9,19,89,0,3,2,3,935,6,28,25,0,3,1,0,8,7,31,78,4,1,2,0,16,62,0,2,11,19,7,22,1,3,122,7,4,0,19,33,1,18,0,23,2,10,3,0,9,34,75,3,200,0,5,1,42,0,70,45,0,99,98,0,24,12,1,13,4,1,8,0,0,3,0,122,10,21,5,77,55,0,25,37,0,14,0,146,5,3,0,3,1,34,0,20,61,0,19,19,1,10,25,1,1,119,23,29,2,281,2,20,9,15,12,13,14,7,3,101,7,61,37,6,7,9,1,59,90,0,7,10,4,0,29,3,3,24,56,1,16,36,2,15,1,139,3,1,4,33,32,3,3,3,28,0,0,1,51,67,52,3,13,4,62,1,1,3,26,14,2,1,0,15,31,40,6,5,28,21,30,989,64,31,3,29,32,185,26,37,14,29,110,0,14,1,0,1,5,77,15,0,181,7,9,16,0,17,18,0,1,10,39,82,21,34,1,1,12,3,9,14,0,11,5,11,14,16,9,2,4,68,1,8,6,21,13,1,7,2,0
"ENSG00000178796.13",0,0,21,3,2,0,0,0,2,3,1,5,0,18,14,1,0,1,8,1,2,4,2,1,0,1,0,0,1,5,0,2,0,2,0,0,5,3,0,1,0,0,0,3,1,2,1,3,2,0,0,1,1,0,0,0,3,2,0,0,1,4,1,0,1,1,1,7,1,1,5,3,1,0,0,0,2,2,10,3,9,4,0,30,0,3,4,0,2,0,6,7,0,0,3,0,1,0,1,2,0,0,36,1,1,0,3,0,9,0,2,2,0,1,0,1,5,0,0,2,0,0,0,0,6,0,1,2,2,21,0,0,3,2,11,0,2,0,0,1,1,3,0,0,1,5,3,5,2,0,1,0,0,0,3,0,0,1,21,0,3,9,1,3,1,2,2,4,3,1,1,0,3,1,1,1,3,2,1,17,0,3,1,1,3,4,0,0,1,0,0,3,5,1,0,1,0,0,2,12,0,1,1,0,0,0,0,2,2,0,1,0,1,0,1,1,0,5,5,4,0,0,0,0,2,0,4,19,2,9,0,1,1,2,2,13,2,6,1,0,2,2,5,0,8,0,0,7,0,2,1,1,0,3,0,0,1,4,0,2,1,1,12,5,0,1,3,0,0,0,1,0,2,0,0,1,1,0,9,17,0,8,6,1,0,6,0,4,0,7,1,12,14,0,11,6,0,0,0,4,0,2,2,1,1,2,1,5,0,1,15,5,0,17,4,0,16,2,8,1,2,5,0,1,2,0,1,4,6,0,8,1,1,0,1,2,0,7,2,42,1,23,0,1,2,0,0,0,1,0,1,3,2,0,0,0,1,2,1,0,1,2,1,0,2,0,1,0,0,3,2,1,2,1,8,2,2,0,0,1,0,0,2,17,4,0,15,1,2,2,3,5,1,1,1,1,4,41,4,0,1,1,1,0,2,25,1,0,1,7,1,1,1,0,0,0,0,4,0,0,0,0,11,0
"ENSG00000178860.8",92,32,9848,6340,612,81,55,33,38,227,74,45,93,25666,13738,154,255,6119,2,299,407,43,307,220,10,23,20,338,8,420,124,133,4150,130,432,116,2816,200,10,26,11,1580,35,18,239,32,104,4492,129,79,134,161,99,83,5,6341,72,14,108,21,26,394,2,153,11,60,75,20,141,94,340,2963,283,65,62,59,165,89,58,317,5948,611,34,501,82,27,250,200,540,51,743,2078,25,63,40,20,45,74,73,1182,1817,41,153,23,360,65,45,136,745,24,273,290,679,295,99,37,272,15,14,8254,71,392,21,25,2343,69,389,26,38,924,167,45,10975,332,7230,54,59,35,44,34,36,896,2721,73,825,6552,165,121,77,59,55,62,41,34,139,8,19,389,95,690,176,36,50,296,114,178,209,89,18,359,15,81,63,26,1012,111,286,64,782,22,26,143,53,46,28,188,214,311,31,7,37,13225,94,3040,407,27,66,244,22,38,46,26,698,38,52,13,65,77,378,15,308,284,8626,32,429,257,17,63,1238,5632,17,58,25,55,107,158,53,2844,39,17,41,26,547,461,19,2751,78,50,3476,131,154,2925,30,37,152,80,15,80,66,27,58,34,62,59,74,118,82,440,33,59,578,146,2426,44,71,213,4045,84,50,274,10908,40,1024,19,791,22,360,31,11,233,28,61,37,91,6,97,66,366,40,1131,382,89,301,26,144,75,191,31,89,88,241,126,261,212,6,265,47,91,55,8,52,213,8,358,906,104,283,1554,463,1038,228,329,78,95,460,101,362,9,760,50,1504,227,3337,54,13,97,34,8702,18,21,30,47,449,164,39,109,51,124,75,76,33,141,97,37,34,82,45,7433,124,14,13,173,168,158,246,34,70,64,128,2530,14,107,15,48,25,78,13,172,55,18,18,127,41,1465,194,20012,485,136,140,17,100,27,80,114,56,126,44,160,582,56,279,56,291,2,9711,2211,3510,35,59,334,1967,71,28,70,1251,12,30,7841,50,130,43,21,40,112
"ENSG00000178882.15",300,0,46,204,211,12,1,4,14,33,2,3,9,93,1,9,11,2,1,27,48,2,108,33,8,8,0,14,3,10,91,19,78,39,30,15,27,24,0,7,3,123,13,1,14,9,32,118,5,31,14,47,1,4,0,4,11,5,18,1,5,30,1,17,2,19,16,0,4,47,194,165,16,1,23,4,61,31,142,21,8,5,1576,30,0,10,22,0,47,3,151,3,0,11,1,1,9,47,18,55,101,4,54,1,147,21,21,2,1290,96,20,12,322,119,8,3,103,1,4,4,0,1,0,2,113,2,21,0,10,12,48,5,3,26,185,0,8,2,7,0,6,185,80,5,81,68,29,650,27,16,2,2,2,2,43,0,1,63,4,48,0,64,2,29,2829,7,69,98,3,11,0,1,2,2,39,27,56,4,943,3,1,126,4,9,2,32,30,19,5,0,1,6,51,13,8,1,0,2,0,21,1,0,160,7,1,0,19,9,61,2,34,82,16,2,43,52,3,0,145,6,2,8,1407,2,7,3,20,0,23,2,3,2,119,44,2,31,1,5,0,39,30,37,1,9,899,37,0,40,8,2,19,0,2,11,1,15,6,51,0,50,25,5,20,65,4,58,11,4,3,3,78,5,52,2,95,84,335,1,1,115,4,3,4,9,0,19,2,113,271,467,38,53,81,0,5,19,11,1,3,26,81,31,11063,15,9,346,1,38,12,1,2,63,3,103,6,3930,3,971,204,109,45,57,7,113,121,8,37,3,5,3,2,13,237,26,3,3,8,31,3,2,3,2,26,25,4,19,3,126,83,0,5,1337,7,3,5,5,184,11,6,1,1,100,26,14375,19,6,7,564,3,65,2,4,27,2,25,3,1,1,12,2,0,9,3,96,7,0,33,12,0,5,181,5,7,6,9,27,8,1136,50,1,5,4,106,0,30,19,3,1,15,459,122,35,19,9,37,3,10,155,40,14,3,7,2,2
"ENSG00000178999.13",167,7,102,104,306,460,781,42,42,1238,73,399,1673,1983,1219,38,106,337,234,151,194,14,99,88,78,165,382,371,196,230,758,168,358,63,21,347,150,88,576,199,79,552,519,15,46,235,70,340,12,42,216,546,115,670,119,191,26,1481,530,489,64,275,161,308,36,727,91,25,1596,989,369,149,93,8,108,10,2350,246,2107,439,288,156,566,409,208,193,202,199,154,47,723,166,162,1893,66,8,44,425,895,542,169,67,1239,107,285,1028,289,28,3341,690,188,57,47,295,302,123,681,265,734,1140,77,266,23,235,495,10,15,490,251,221,81,20,846,76,237,16,167,18,1228,36,11,778,237,47,100,892,772,648,1549,858,19,26,228,240,43,390,155,392,278,189,345,236,427,307,471,390,1109,2161,450,2458,88,247,268,860,143,114,194,557,179,101,15,203,207,289,87,214,209,33,89,885,92,10019,1241,835,84,892,49,324,18,765,42,876,1093,903,10,882,68,975,566,299,83,463,668,99,402,340,45,56,226,561,12,317,486,81,20,11,275,757,110,97,973,156,231,557,42,871,40,207,282,147,57,215,31,58,455,411,232,240,145,89,34,405,63,1164,22,161,70,82,117,927,351,164,1394,1501,18,383,245,9,779,31,340,16,1252,12,76,803,1256,13,111,768,445,2690,146,17,56,744,11,97,840,180,83,127,269,56,252,1051,1102,99,76,65,364,136,2132,36,463,59,35,175,157,714,84,1945,166,273,169,193,975,589,29,230,212,426,29,1018,278,148,33,73,243,20,460,333,61,205,772,23,253,1223,133,162,17,129,67,1180,811,155,24,600,668,15,75,681,71,740,98,31,614,862,827,102,225,78,89,731,774,74,262,825,64,525,353,196,236,570,934,113,286,13,68,390,63,795,100,72,115,305,1044,137,299,389,586,210,22,873,311,305,130,4614,96,13,74,281,146,24,750,46,330,641,258,47,211,352,41,32,97,94,155,2850,547,58,6,44,1742,21
"ENSG00000179083.6",0,1,34,5,4,0,1,0,0,3,1,365,1,3017,920,3,0,287,1,0,4,7,3,32,465,26,0,833,1,853,0,7,179,23,413,0,458,2,368,323,0,9,1,2,19,0,0,69,7,0,1,150,3,408,0,15,4,0,4,0,1,1104,435,195,3,0,32,45,1,0,315,2,119,3,0,0,563,1,1,457,363,607,1,1,29,0,2,123,0,76,2,3749,23,1,0,0,0,421,4,96,1,6,1,0,0,1,3,5,779,0,4,1,10,6,1,161,1,2,2122,1472,482,497,1,1,258,3,5,590,0,995,1,1,558,0,16,9,0,4,37,0,1,1,713,2,7,1035,23,1,1,1,1,3,0,185,13,3,146,5,408,8,79,0,6,2,1,409,77,2,0,1281,1,83,23,3478,1,0,66,760,5,1305,0,0,0,477,5,29,67,5,12,97,0,27,0,425,305,279,3,11,0,0,1,0,2,1980,0,2393,0,1,533,46,1,1,102,41,21,15,0,65,4,90,0,599,0,9,0,3,1016,282,1,0,0,159,1,50,2,1100,0,35,19,149,3,5,0,2,3,126,211,0,3,199,2,0,2,0,1,0,2,0,174,9,706,392,14,2,2,3,0,7,1449,1,269,1,1013,2,0,0,9,0,3,706,1259,203,1011,1,2,0,6,0,0,4,7,2,2,574,0,43,11,20,2,3,9,0,40,5,36,0,0,24,62,31,970,1,372,0,1,67,892,1,0,104,3,7,4,0,249,0,14,0,827,1,728,0,8,0,48,7,1,1,0,0,7,46,50,2,590,506,2,0,336,2,6,953,1,476,0,3,0,1,3,2,201,1,25,1,0,1,811,4,0,359,1,518,145,23,2464,0,1084,2,0,867,60,18,403,2,0,732,1,21,270,0,0,0,1,0,0,1,470,36,29,3,16,1,1,0,230,8,543,950,501,2,16,397,0,0,95,0,361,1949,0,11,5,1,4,1
"ENSG00000179270.7",1,0,0,0,0,0,0,0,0,0,0,0,0,2,0,0,0,9,0,0,0,0,0,0,1,0,0,0,0,0,0,0,0,217,0,2,4,0,0,0,0,10,0,0,0,0,0,0,0,0,0,1,1,0,0,0,0,0,0,0,12,21,39,0,1,0,0,1,0,0,0,0,0,0,0,0,0,0,0,2,20,0,0,1,1,0,0,0,2,0,0,25,0,0,0,0,1,0,0,0,0,0,1,4,0,0,0,0,0,0,0,0,0,0,1,0,0,0,1,1,5,0,0,0,2,0,1,0,0,24,0,0,0,0,1,0,0,0,0,0,0,1,0,0,0,0,0,0,0,0,0,0,0,13,0,0,0,0,0,4,3,0,0,0,0,0,0,0,0,0,0,0,4,1,0,0,1,0,0,0,0,0,0,0,2,0,0,0,4,0,0,0,0,0,5,0,0,0,0,0,33,1,0,44,0,1,0,0,2,2,0,0,1,0,0,0,1,0,0,0,0,0,0,0,0,0,3,1,0,0,0,2,0,12,0,1,0,0,0,0,0,0,13,0,52,0,0,0,0,1,0,0,0,0,0,0,0,0,0,0,0,0,0,0,0,0,3,0,0,0,0,0,0,0,3,0,0,1,3,0,0,0,1,1,2,0,0,0,0,0,0,0,0,0,1,0,0,50,4,0,0,1,0,0,0,0,0,0,0,0,0,0,0,0,0,0,0,0,0,0,0,0,0,0,1,0,0,0,0,0,16,0,0,0,3,0,0,0,0,0,0,2,0,1,0,1,0,0,0,1,0,0,1,0,0,1,0,15,0,0,0,0,0,0,0,0,0,0,0,0,0,0,0,0,0,0,0,0,50,0,5,0,43,0,0,0,1,0,0,1,0,0,0,1,0,0,9,1,0,0,0,1,0,12,2,0,2,0,0,1,0,1,0,0,69,0,0,7,0,0,0,0,0,0
"ENSG00000179284.5",23,0,34,0,11,2,0,2,0,97,4,9,5,5,56,0,1,6,5,15,4,2,15,4,1,1,5,11,1,10,27,12,3,0,0,1,4,0,9,12,3,2,2,4,0,11,1,5,1,1,0,4,1,3,2,4,0,10,8,19,0,8,3,4,0,20,1,0,11,24,21,4,1,1,3,1,29,4,11,0,1,20,43,5,14,1,1,6,11,0,18,8,2,75,9,1,0,4,17,36,3,1,62,4,3,1,5,1,8,7,8,0,2,5,1,0,42,2,21,1,2,1,1,8,3,1,2,5,13,11,1,1,15,3,18,1,5,0,27,0,0,48,6,0,3,32,5,23,5,79,0,1,1,1,0,14,1,2,13,5,3,11,8,5,15,8,5,74,18,13,3,3,4,12,2,1,2,34,7,2,1,17,2,29,1,3,7,0,1,2,4,11,35,4,3,3,0,3,0,59,0,26,3,10,0,36,3,31,18,20,3,9,11,0,4,20,2,0,4,2,0,3,3,2,0,2,2,2,0,0,50,4,3,8,2,9,1,1,0,1,4,3,1,2,20,6,1,4,1,4,0,6,1,2,1,7,0,0,8,13,4,1,15,10,0,3,33,0,9,1,2,0,3,0,1,4,2,0,1,32,4,4,3,5,0,1,1,1,13,1,4,1,10,6,4,10,27,1,0,54,11,0,2,1,0,1,0,2,3,2,6,14,2,73,1,7,4,9,5,2,11,21,0,7,5,21,2,3,3,0,3,2,5,9,8,2,2,5,0,1,0,0,2,11,17,2,1,1,0,0,1,4,0,1,0,1,14,33,2,3,3,2,5,12,125,0,14,7,0,4,24,10,3,0,29,1,5,0,1,7,4,4,4,1,0,7,6,1,9,5,16,2,2,14,8,5,4,6,5,0,0,3,1,0,27,28,4,2,1,1,1,2,0,2,1,1,0,97,0,3,0,2,1,1
"ENSG00000179388.9",204,28,55,101,239,11,1,10,50,24,100,18,65,92,39,501,9,10,6,69,57,100,35,29,74,25,2,259,3,76,17,26,152,132,23,107,55,16,56,29,13,54,178,63,951,5,6,71,77,135,25,214,381,81,29,6,505,62,28,8,23,67,14,323,25,210,18,19,13,56,43,209,29,28,14,128,103,23,21,117,22,14,192,41,15,25,13,2,168,7,61,38,11,5,7,24,49,159,65,168,24,290,41,6,318,52,11,212,24,10,58,531,914,34,21,19,60,5,22,42,4,11,3,33,26,49,91,2,29,36,29,302,53,21,40,157,20,30,59,12,194,115,440,95,98,77,95,12,194,53,74,281,38,33,86,5,10,92,4,44,11,16,331,63,4,59,188,33,13,69,1,17,54,10,77,20,9,13,210,94,60,70,36,38,29,19,194,43,7,14,29,80,35,41,57,2,44,4,10,28,9,9,63,8,1098,9,121,13,12,14,99,108,22,25,181,123,96,24,201,49,62,9,40,29,126,301,88,81,32,39,20,23,73,35,9,137,280,16,20,14,89,40,74,28,136,14,4,15,200,13,18,4,43,68,67,24,169,15,12,28,36,33,63,39,171,15,29,366,23,121,49,83,30,62,54,8,22,38,8,40,6,6,8,102,11,15,87,76,29,133,505,39,48,10,1,9,71,12,29,77,98,15,24,72,7,33,17,23,7,11,36,6,17,23,52,63,59,410,150,9,115,54,254,37,60,16,507,51,10,73,21,57,124,25,14,128,2,54,38,4,166,59,64,23,17,12,36,6,13,53,53,132,70,47,3,434,9,41,34,6,117,109,27,15,179,3,0,39,16,4,10,40,14,7,16,18,11,227,15,19,7,48,6,18,103,14,105,25,11,9,18,9,175,14,4,16,115,20,343,52,17,10,64,4,115,153,26,71,24,157,193,38,119,116,31,8,13,157,52,70,228,27,48,76
"ENSG00000179455.10",120,0,0,36,1,0,13,0,2,2,0,404,13,445,138,13,2,101,3,3,2,0,153,20,247,69,0,150,13,104,126,100,152,48,76,3,116,3,140,601,0,5,87,123,1,8,0,31,2,0,6,206,11,100,0,13,3,1,65,0,0,54,129,42,40,0,82,1,0,0,368,5,32,3,1,1,133,15,183,117,195,131,3,0,208,14,0,35,1,10,2,152,52,1,0,1,32,172,130,59,11,12,0,26,1,3,21,2,384,64,0,5,0,96,74,71,3,79,20,310,37,153,38,1,29,1,3,58,0,205,50,0,268,0,0,0,0,6,60,58,0,0,132,5,4,191,48,0,36,3,1,5,107,98,30,0,7,0,332,139,48,0,0,0,0,109,164,0,0,135,6,73,76,742,0,3,13,30,0,0,11,150,240,180,128,28,292,13,1,134,38,120,2,296,51,0,2,0,0,140,32,118,0,352,0,60,3,0,6,273,7,1,37,128,97,156,0,2,55,316,8,43,0,22,0,0,173,406,0,0,71,75,1,64,12,162,8,1,46,15,0,17,3,0,0,3,144,0,2,36,34,1,0,54,4,1,0,1,96,138,342,276,6,300,5,0,0,1,299,1,72,3,160,5,4,2,22,0,0,52,608,14,45,0,10,0,0,6,0,2,23,5,0,32,8,308,343,74,36,5,57,2,267,2,11,1,2,8,94,176,220,0,154,0,2,254,190,3,0,45,0,80,6,169,64,47,2,101,11,0,229,1,35,0,342,0,4,2,1,31,0,137,65,1,91,31,21,6,30,0,9,161,12,372,83,5,0,21,17,0,80,1,2,0,0,88,0,76,1,15,0,90,0,29,244,19,306,0,1,387,41,115,171,0,2,18,1,76,31,2,1,39,0,1,0,59,129,86,69,1,77,21,3,0,57,6,43,173,8,0,66,13,5,1,21,0,37,1,1,1,0,51,0,2
"ENSG00000179520.11",2,8,0,2,1,4,2,0,1,6,3,0,0,0,3,11,8,5,0,6,8,18,10,3,0,0,0,3,0,2,0,13,1,8,2,6,11,3,0,1,0,1,2,2,25,0,0,1,30,105,0,1,34,3,0,0,5,1,3,0,1,23,1,5,8,1,0,0,8,2,18,2,0,14,0,33,2,0,3,42,5,3,0,1,0,2,0,0,105,0,0,1,3,6,0,22,4,3,12,1,1,0,0,1,5,1,3,20,458,0,4,30,1,1,11,0,1,1,0,40,0,0,3,0,1,1,14,0,0,3,10,129,4,0,1,13,0,15,18,0,6,2,3,66,9,0,14,1,7,0,25,4,0,0,17,0,0,15,1,0,2,0,35,6,33,6,10,1,3,162,0,1,42,0,1,0,0,1,10,0,14,0,0,0,0,1,6,6,0,4,0,0,2,0,0,0,20,0,0,1,0,0,42,1,10,9,0,3,7,2,24,8,2,1,33,0,0,0,1,1,9,1,8,1,6,25,0,3,0,1,0,2,3,0,0,1,13,0,1,1,2,1,1,1,3,3,3,0,2,1,0,2,10,1,17,1,9,0,0,0,13,19,54,11,35,2,3,20,1,2,0,31,26,66,0,0,1,5,2,2,4,5,0,5,0,11,10,0,0,1,63,8,2,2,0,3,2,0,0,1,37,2,17,45,3,1,0,2,0,2,0,5,3,3,3,0,3,3,5,5,0,0,22,8,0,1,64,0,0,17,0,3,6,1,1,64,0,2,0,8,10,0,0,2,5,2,1,2,13,17,30,9,9,15,0,106,0,0,19,0,0,1,1,11,3,0,4,6,12,0,2,0,4,0,0,3,0,13,0,2,3,2,0,0,9,0,1,5,0,0,12,0,10,0,0,1,14,8,81,14,0,0,2,1,5,2,1,215,2,43,8,1,0,3,0,1,0,2,1,119,33,3,0,9
"ENSG00000179546.4",217,0,2,0,63,12,2,1,0,16,3963,3792,2597,172,0,26,9,6,31,4,12,0,1,0,0,1,27,3,1,79,1,4,8,0,77,36,67,13,405,123,1,3,0,40,3,26,24,3,47,0,1,5,2,470,2303,4,2,84,1,1,21,208,41,4,0,6,1,10,5,14,122,64,0,2,0,9,111,1,2206,19,1976,14,17,231,3,58,3,109,18,3,18,363,1,18,4,0,4,0,862,129,2,3,107,626,15,37,3001,0,22,4,34,11,1,2,55,1,4,356,1262,183,122,1,17,0,137,1,2,3,25,10,1,7,157,6,166,0,4,0,1183,4,4,1,411,0,0,120,7,2,38,171,0,7,6,1,1,270,8,5,2027,13,4,51,58,36,6,6,303,100,21,226,0,1,39,3,209,5,130,75,579,4,0,49,8,170,16,0,2,0,1,1,0,20,60,68,162,62,0,3,0,172,2,2,198,2,0,7,2,6,0,2,38,6,47,78,63,3,537,0,32,1,2,2,0,5,5,7,9,2,7,1978,6,0,71,2108,82,70,7,146,2,7,16,0,10,37,14,50,111,58,3,0,0,8,2,11,0,32,2,14,168,5,0,2,52,4,1,6,19,3,7,21,1,0,32,0,7,15,1,0,7,1,2,768,0,5,0,15,9,47,0,9,4,1,3,161,337,79,424,23,5,4,27,22,12,2,30,1,5,2,0,524,0,0,0,128,246,2,175,19,10,128,1,91,1,4,9,398,1,168,160,0,7,0,1,1,4,5,109,99,7212,11,8,7,3,10,58,0,264,5,29,26,4,2172,1,1228,38,6,45,9,2,0,3,2,13,18,6,3,172,199,2,3,1,13,3,1170,0,0,642,4,2,2,286,0,1,2,22,1,6,8,45,7,141,1,0,25,5,0,141,681,63,28,1,29,3,105,1,0,2,50,3,1,5,0,0,0,3,0,4,1,26,7,2,0,10,0
"ENSG00000179593.16",17,1,6,6,13,21,2,4,4,164,63,2,5,60,7,8,4,3,5,4,5919,12,15,17,18,0,1,74,6,95,5,37,57,32,5,527,81,2,1,2,0,13,26,8,26,1,11,54,12,31,11,652,8,4,0,107,11,12,21,0,6,2586,3,2166,6,3,5,7,1,130,13,245,11,0,5,6,12,15,1081,36,98,231,22,14,82,5,20,1,58,18,991,60,2,30,0,2,0,49,49,100,14,3,53,1,133,35,19,7,437,4,29,762,82,112,31,99,6,68,4,6,5,3,23,15,260,7,20,43,95,197,22,1,97,38,321,12,23,0,9,4,2,38,56,8,8,71,42,4,23,47,33,7,3,48,120,3,1,21,2,3241,240,7,9,23,2,1034,80,4,26,22,13,25,14,17,45,7,9,20,101,1,1,5,5,25,3,10,12,12,10,906,1,88,6,18,4762,10,10,9,4,35,18,11288,191,24,20,11,20,13,367,2,11,20,3,21,42,126,3,6,5,16,2,3,2,23,3,1,3,77,10,3,12,57,2196,129,4,8,2,4,58,14,295,580,55,6,25,4,3,12,31,7,82,0,1,76,15,3,5,13,1,33,323,102,7,7,8,56,32,17,4718,6,304,8,49,3,2,13,32,14,7,169,34,14,10,9,14,22,1,16,16,21,59,7,5,16,28,116,28,25,246,35,31,16,26,8,1,4,4,137,1,60,15,4,1,4132,23,7,71,64,42,13,15,51,5,7,33,4,87,1,5,7,1,19,59,2,9,7,0,7,3,2,1,18,137,48,56,36,17,29,281,13,27,278,12,57,1,24,10,12,74,5214,22,72,61,7,15,116,5,6,3,18,9,6,6,3,14186,1,198,12,1,58,1042,254,2497,3403,29,13,131,819,25,4006,19,1,0,16,0,1,8,37,42,5,73,9,26,1,43,24,6,7,35,62,119,9,33,5,18,1,4868,22,39,15,1,1,7,3
"ENSG00000179636.15",2,215,7,26,19,13,11,55,60,30,8,83,41,2,11,105,8,42,170,21,26,92,17,9,117,96,52,118,25,43,51,1,17,136,97,0,17,8,65,151,45,2,30,104,241,86,13,12,91,159,134,12,145,16,59,88,146,17,234,22,64,21,33,169,46,40,71,155,40,67,21,12,8,116,414,304,3,10,11,54,41,46,2,4,176,14,28,20,11,24,18,22,12,0,41,143,160,606,7,3,47,134,2,102,14,10,154,203,56,75,21,186,15,19,16,85,15,53,7,15,9,340,43,64,10,79,21,50,19,10,164,214,7,15,11,339,62,344,29,15,105,14,8,211,8,8,0,11,33,13,139,245,84,68,88,68,29,49,96,58,67,11,6,16,2,55,6,16,295,5,152,52,40,17,26,23,18,20,37,12,116,13,13,27,95,46,1050,138,54,602,20,1,45,85,48,510,224,83,11,1,18,26,8,53,239,5,46,101,124,84,88,17,12,80,76,2,79,175,22,195,202,315,31,10,82,61,104,28,0,34,46,53,10,29,150,3,189,84,30,54,3,12,90,25,4,11,43,13,101,135,51,19,301,16,205,67,281,2,2,171,140,683,3,47,69,11,13,374,325,173,6,109,8,141,9,80,6,108,66,6,271,7,85,145,264,22,134,12,9,10,71,18,15,49,152,9,2,61,178,16,30,7,1,232,37,9,80,73,25,15,267,20,143,11,13,22,8,9,7,70,24,18,434,12,49,139,166,11,6,114,6,39,66,28,1,366,252,5,3,3,374,34,10,14,8,114,77,23,13,223,125,48,98,109,44,157,20,4,81,30,42,152,57,11,23,79,1,18,84,2,13,37,3,6,29,81,105,77,139,330,2,86,177,22,116,14,11,21,18,12,35,199,153,42,22,60,91,39,67,92,35,37,16,86,8,7,1,5,194,24,28,90,169,49,12,4,78,1,48,194,474,158,1,83
"ENSG00000179673.5",1,2,0,0,4,1,193,0,1,3,0,2,21,2,0,2,1,0,0,1,0,1,6,1,0,0,8,2,0,2,1,1,0,2,5,9,1,0,0,0,9,0,1,0,0,2,5,0,4,0,1,0,0,18,78,0,3,57,4,0,0,0,1,6,0,0,1,0,0,4,1,0,0,2,6,0,13,3,4,3,2,1,20,11,0,0,0,0,99,3,9,0,0,28,0,0,0,7,2,1,0,1,2,0,6,8,1,0,6,5,6,0,4,5,1,0,2,22,19,1,3,1,0,50,0,0,0,0,0,0,2,0,0,0,0,0,0,0,3,0,0,0,0,0,0,4,4,0,1,0,0,0,0,12,1,0,1,5,4,2,1,51,1,2,1,2,0,6,3,17,2,0,0,0,0,1,2,0,1,0,0,4,0,0,0,0,23,3,0,2,1,5,6,3,0,0,0,0,2,6,0,2,6,0,0,1,1,1,14,0,3,3,19,1,4,1,0,0,0,0,0,0,18,0,0,0,0,0,0,0,23,0,9,10,0,6,0,1,0,2,0,2,2,2,0,136,0,7,0,1,0,0,0,1,0,8,1,2,2,2,2,0,0,2,0,7,0,1,7,2,1,1,0,0,4,0,4,1,8,3,6,14,22,0,0,0,0,0,0,2,3,1,1,0,53,3,0,0,0,2,6,3,2,1,79,3,0,0,8,0,0,0,0,1,2,1,3,1,5,3,0,2,0,1,0,1,0,0,34,0,1,0,1,28,4,0,0,0,55,1,1,0,0,0,11,3,0,2,0,0,0,140,0,0,0,0,1,0,1,0,3,19,2,2,0,3,6,0,2,4,0,0,0,44,15,2,0,0,0,19,8,1,1,1,0,0,0,3,44,0,1,0,0,2,1,1,1,2,10,1,0,0,4,0,1,0,0,0,0,5,2,9,0,2,1,0,0,12,2,4,2,1,1,0
"ENSG00000179772.8",132,8,331,64,248,72,15,56,22,239,66,43,16,320,75,8,204,52,4,95,97,1,214,159,7,11,65,37,37,75,101,243,177,79,138,150,104,23,11,49,13,272,33,17,38,64,84,521,7,57,87,60,6,13,14,59,23,13,69,41,29,44,2,47,1,105,41,18,134,39,286,281,98,1,288,29,217,110,58,66,22,14,59,474,67,48,149,9,662,95,513,68,17,287,47,2,42,134,27,173,164,7,648,21,160,224,48,5,90,23,268,28,317,136,87,14,350,4,14,48,1,36,20,47,216,0,73,23,74,126,67,23,47,105,220,7,73,1,87,56,6,500,155,8,170,76,51,183,78,86,10,17,64,30,21,5,20,414,106,171,232,32,118,137,300,131,114,404,17,119,9,57,52,48,296,68,191,119,106,8,5,248,49,42,32,64,195,224,25,3,18,4000,45,145,27,33,15,29,44,93,39,24,479,75,17,20,23,123,389,18,161,222,122,29,314,402,21,59,300,110,2,105,93,61,49,8,79,31,139,75,22,13,255,76,64,119,17,28,45,122,221,170,27,33,152,83,6,135,97,16,39,66,54,49,8,52,3,753,29,82,124,60,156,41,0,382,101,20,32,8,224,12,46,7,80,15,235,7,19,127,21,17,61,22,5,119,7,250,64,236,66,31,212,19,296,87,78,16,120,274,85,302,302,46,3,110,38,94,106,6,38,400,6,259,98,93,39,434,187,61,349,104,12,123,226,130,17,12,102,5,28,62,152,55,22,21,91,126,13,37,10,46,140,47,26,80,69,432,16,10,4,252,73,56,16,3,119,82,75,26,21,132,107,320,800,23,111,85,120,203,15,90,34,47,19,38,18,16,82,42,16,40,50,155,11,21,262,130,26,27,227,33,14,129,41,136,41,151,351,15,18,11,225,2,52,160,73,47,71,181,96,68,45,31,219,52,33,4248,100,82,11,24,154,9
"ENSG00000179846.10",32,1,6,3,6,7,2,3,0,54,14,6,7,6,12,1,3,2,3,5,2,1,5,0,0,1,1,1,1,7,3,2,1,3,6,6,9,2,3,12,0,73,0,32,2,0,2,1,2,4,1,3,1,6,38,1,2,5,0,1,1,3,1,1,0,4,2,12,1,3,20,3,0,0,1,0,38,5,11,9,3,7,77,2,0,5,1,16,9,2,14,51,2,7,7,0,1,1,2,3,0,0,47,4,2,9,1,0,26,2,7,1,8,1,4,3,12,2,1,38,2,3,2,2,0,1,0,2,14,14,0,2,13,1,4,5,9,1,7,0,0,18,21,1,5,4,1,30,62,25,1,3,1,8,0,11,1,0,4,3,1,15,5,3,4,4,2,23,2,6,6,3,7,5,23,2,4,68,10,13,2,9,2,1,0,0,2,0,25,0,9,3,4,1,6,2,3,2,12,11,0,9,9,10,0,1,3,3,9,1,4,6,0,1,7,26,2,2,3,0,1,0,6,4,0,2,3,4,0,3,20,3,4,7,2,3,2,7,1,0,33,1,19,1,5,18,0,27,13,5,0,2,0,1,1,1,0,9,29,0,6,0,10,14,0,5,1,1,5,0,0,2,7,0,0,4,7,0,3,1,0,12,1,1,7,0,0,5,6,1,2,0,1,5,27,3,12,11,7,70,1,0,882,7,1,0,0,1,3,3,3,7,0,0,11,39,2,8,9,4,5,28,2,17,8,1,4,4,5,1,18,1,1,6,25,1,7,2,2,16,3,13,3,12,5,1,0,17,10,0,0,3,2,4,1,0,3,44,7,4,3,4,8,14,16,0,4,29,4,0,1,3,1,9,37,0,4,0,2,4,1,2,7,4,3,1,38,1,0,4,44,1,1,3,3,1,7,22,6,0,1,0,16,0,18,4,15,0,0,4,5,4,1,0,2,0,0,8,5,3,0,1,76,2
"ENSG00000179914.5",0,9,362,2,2,2,13,51,3,15,5,5,15,24,4,171,16,1,1,10,17,139,0,5,1,1,0,12,0,8,1,2,3,26,5,10,4,24,0,1,1,0,0,0,174,13,2,3,62,0,14,7,401,54,0,1,21,11,2,3,0,3,0,86,70,2,0,1,27,8,11,5,7,17,7,48,54,16,19,11,8,7,19,7,1,0,9,2,13,3,5,3,2,2,4,48,9,3,4,8,37,53,5,0,0,77,14,112,3134,1,1,318,5,1,12,1,2,3,0,4,0,5,1,3,3,41,38,22,6,12,41,105,2,8,13,141,0,153,81,4,15,25,21,270,8,162,5,0,15,0,52,174,4,0,43,0,36,19,0,2,0,0,0,1,128,17,45,0,207,6,0,1,0,718,6,2,20,1,42,6,121,0,0,0,1,12,2,5,4,72,0,6,15,2,3,1,151,0,0,1,0,9,8,55,32,1,7,3,44,9,90,8,1,44,51,4,0,1,1,0,16,8,3,15,42,51,15,10,190,4,1,3,114,3,0,0,26,2,5,0,0,4,1,2,0,4,23,2,1,4,5,1,12,2,242,6,144,0,1,1549,6,11,21,1,504,9,3,41,1,225,6,98,16,181,0,1,2,46,1,14,0,13,2,398,0,34,25,29,5,26,143,7,1,0,2,5,9,0,9,1,23,16,23,209,3,2,0,6,0,1,0,1,0,42,8,0,54,2,2,1,0,2,81,1,67,1,127,0,6,103,2,51,11,17,67,195,1,21,3,0,118,1,16,3,5,1,6,7,206,122,144,6,18,4,2,161,4,1,1,0,1,1,14,5,2,11,5,21,0,4,59,1,2,2,7,34,2,51,19,11,0,5,22,8,83,1,4,24,2,11,39,1,73,2,94,1,56,25,208,143,0,2,6,1,41,9,30,42,19,16,6,44,1,3,3,0,266,3,11,93,107,94,0,117
"ENSG00000179915.24",1,2,3,0,7,0,0,0,0,2,0,0,14,0,0,25,0,0,1,3,2,2,2,0,1,1,0,4,0,0,0,90,0,7,0,0,1,0,0,1,1,17,0,0,44,0,0,0,30,0,0,10,11,2,0,2,0,1,1,1,0,2,0,7,0,0,0,3,4,0,10,0,0,2,0,29,8,0,12,31,5,14,0,0,0,0,0,1,1,0,6,46,1,0,0,2,1,1,1,71,0,2,0,1,1,0,1,4,20,0,0,84,0,0,2,0,0,1,0,2,0,1,0,1,1,2,1,0,2,2,1,22,0,0,0,4,0,10,0,0,10,1,19,4,63,0,0,0,0,0,14,21,0,5,0,0,0,10,0,0,4,0,77,2,1,2,0,0,0,119,9,0,0,9,0,0,0,0,5,0,0,0,0,0,0,0,2,0,0,3,0,0,1,0,0,0,20,0,1,0,0,3,0,11,38,2,2,0,12,0,0,2,0,11,85,1,6,1,1,4,8,1,0,0,8,7,4,1,0,1,17,0,0,0,0,237,7,0,0,0,0,0,1,0,3,3,0,0,0,0,2,0,3,0,14,0,18,1,5,22,4,8,1,5,8,0,2,55,2,5,1,1,8,8,3,0,21,0,1,1,1,3,4,3,0,0,5,0,1,1,2,0,0,0,0,2,70,0,1,1,20,0,5,23,0,0,0,0,1,0,0,1,11,2,2,2,0,12,3,1,0,1,11,2,1,1,12,0,0,8,18,3,0,1,0,13,1,0,1,0,7,0,0,3,1,0,1,0,2,4,1,1,0,0,0,32,1,7,0,6,0,0,0,3,0,0,0,0,0,0,0,0,2,0,1,1,2,10,1,2,16,1,0,0,28,1,2,0,0,0,0,0,17,0,0,1,1,5,77,18,0,0,1,0,13,0,41,0,0,1,3,0,0,0,3,1,7,0,1,10,11,0,0,3
"ENSG00000179930.6",3,1,0,29,11,121,45,140,18,1,133,39,8,0,7,16,3,12,15,40,204,13,8,17,34,47,6,18,13,20,10,75,44,138,95,0,324,111,10,47,0,0,2,644,23,0,2,3,4,11,1,2,25,58,24,13,9,37,41,1,313,19,67,23,59,2,5,330,21,0,9,129,162,3,2,25,6,41,7,43,64,45,0,5,14,49,69,159,0,68,143,276,89,4,30,15,95,84,89,0,42,109,0,89,26,0,40,7,9,3,131,5,0,12,66,3,11,60,6,259,70,88,1,106,101,12,7,51,85,16,8,9,4,82,0,11,265,18,8,108,7,19,8,19,11,0,24,49,30,0,15,4,3,76,45,387,17,6,24,20,68,121,64,24,0,7,41,1,16,4,16,33,802,0,66,18,33,9,5,1764,8,4,40,0,645,89,54,97,129,20,110,0,0,70,102,1,1,133,0,2,244,38,40,68,4,2,6,1,63,2,14,227,10,119,15,4,129,617,9,41,10,4,8,3,50,14,992,4,2,17,0,15,22,79,273,108,5,30,99,44,1,235,509,40,0,16,5,29,73,502,8,1,10,13,10,17,4,7,35,1,74,275,0,17,0,224,20,23,8,2,28,9,1,12,45,4,0,6,248,2,6,100,2,4,80,37,6,0,10,37,13,147,17,142,110,0,0,101,86,1,8,2,0,11,14,15,93,189,30,198,808,21,29,45,462,0,238,3,0,62,7,4,21,5,65,2,20,20,148,7,84,7,24,6,384,42,258,21,186,2,5,254,333,1,4,10,17,21,0,2,1,0,112,170,51,54,4,23,6,28,3,41,434,1,4,198,6,16,60,16,7,589,10,24,42,41,189,8,57,0,21,5,294,41,20,18,73,24,7,39,18,180,12,3,16,12,67,10,99,12,0,6,88,80,1,0,1,3,11,0,13,0,94,4,328,25,22,5,50,78,5,96,60,17
"ENSG00000180061.10",18,2,32,859,259,316,104,361,77,20,26,17,146,417,439,239,75,1570,59,306,1820,75,82,295,354,200,160,453,39,194,52,275,1255,1059,2649,167,646,804,131,128,12,19,65,308,144,14,735,368,22,63,144,577,62,247,80,46,48,571,17,13,63,3016,1996,176,111,81,35,1041,1971,541,40,888,552,19,165,53,781,320,139,355,2639,2991,29,1217,2148,69,253,586,73,303,1431,2791,812,336,176,24,34,39,583,257,544,36,65,477,136,32,4135,55,445,11,1084,279,48,2089,349,131,832,46,1062,668,525,1035,1534,738,1288,45,43,506,456,64,194,38,1168,1000,289,66,252,43,555,145,152,76,153,103,323,366,539,2034,133,20,8,111,1907,939,410,844,755,1006,858,2584,2392,486,911,713,44,1145,1528,208,1482,1517,589,194,538,61,252,259,1218,1802,58,576,36,743,776,1020,662,839,29,311,893,71,718,517,223,1365,3272,2100,38,816,3,211,1580,808,2638,735,25,1071,1121,1041,188,50,513,208,1606,1063,38,39,189,120,240,1351,9,453,42,337,17,26,274,129,51,70,19,68,1286,219,60,1052,27,535,1407,1245,54,1193,314,84,879,259,76,43,700,389,13,211,16,291,70,303,40,951,396,390,585,428,1151,917,96,893,307,75,237,71,1978,47,229,75,723,195,323,904,984,291,308,378,59,54,885,403,28,161,201,397,93,323,86,1720,268,504,200,985,3025,8,546,52,56,128,108,53,151,405,844,1210,19,764,351,857,660,46,410,140,266,833,194,15,40,101,3708,217,86,145,565,143,216,115,100,295,186,35,1439,455,50,34,33,167,979,70,1425,265,621,250,310,54,36,196,325,882,226,81,199,11,325,77,333,644,589,626,28,203,150,461,25,173,34,708,130,208,928,11,118,40,49,692,298,205,1357,257,161,1233,161,752,237,314,673,313,25,432,180,18,1625,205,447,33,77,1399,166,490,302,383,649,572,56,53,619,120,578,193,961,229,768,192,254,48,40,483,359,61
"ENSG00000180066.10",25,0,6,0,224,0,56,1,2,7,3,0,4,6,234,0,1,0,0,1,2,0,5,1,0,0,0,1,1,1,13,12,3,0,0,9,1,0,0,0,0,29,11,0,2,0,0,1,5,1,1,4,0,2,0,0,0,0,0,0,0,10,0,0,0,3,2,0,0,0,557,1,3,0,1,0,0,0,14,8,0,15,1,4,1,0,4,0,3,0,1,5,63,18,1,0,0,1,1,6,0,0,0,0,2,0,3,1,13,3,5,1,0,1,1,0,5,0,146,3,0,0,0,0,1,0,0,0,0,195,1,2,38,1,2,1,1,0,5,1,0,12,1,1,0,223,3,0,98,6,0,0,1,1,0,0,0,0,0,0,1,0,1,1,61,1,54,3229,0,2,0,0,0,279,0,1,2,0,11,0,1,1,0,2,0,0,4,0,0,0,0,2,5,2,1,195,2,21,0,14,0,0,5,0,0,2,1,0,0,0,4,6,250,0,0,5,2,0,0,35,0,0,0,2,1,2,0,0,0,1,1,0,9,1,1,2,0,0,7,0,0,2,0,2,21,14,1,1,1,0,0,0,0,45,0,0,3,2,0,30,0,1,318,688,2,3,7,1,0,0,3,0,95,1,2,0,462,1,0,5,0,1,0,0,1,0,1,1,0,0,1,1,0,0,0,762,494,0,1,44,3,0,26,0,0,1,0,1,1,1,0,1,1,16,0,3,0,106,0,8,4,19,1,151,1,0,2,1,0,0,0,1,0,1,0,0,0,9,28,0,0,0,1,33,1,0,0,0,35,0,4,8,0,221,0,0,37,183,12,0,0,3,0,1227,24,1,2,18,0,0,0,0,2,1,1,0,2,0,1,0,0,3,0,0,1,1,5,1,0,0,16,0,0,2,0,0,2,3,3,0,0,0,1,0,2,4,1,210,0,1,4,0,0,0,1,1,1,29,6,1,1,1,0,0
"ENSG00000180176.15",60,9,1,2,2,0,1,0,0,8,1,0,9,0,1,23,0,1,0,4,4,7,1,0,3,0,0,0,0,0,1,0,2,7,0,0,0,2,0,0,0,43,1,0,20,0,0,2,7,2,1,0,13,0,0,0,1,1,1,0,0,112,0,14,19,4,14,0,2,1,2,0,2,11,3,20,0,4,15,2,0,1,0,0,1,2,0,0,0,0,6,45,0,0,1,10,11,2,1,1,0,26,15,0,1,1,0,27,34,1,3,11,1,0,0,0,2,0,0,1,0,0,14,0,0,42,7,0,2,3,10,13,7,2,4,47,0,12,3,0,17,6,1,13,6,0,0,8,8,1,23,13,1,1,2,1,0,5,0,1,5,6,16,0,0,1,0,22,0,3,0,1,1,0,3,0,4,5,19,1,15,0,0,0,0,0,2,6,3,0,0,0,1,1,3,0,18,7,3,0,0,0,3,6,14,0,11,1,9,0,2,0,4,1,3,0,0,3,1,0,19,2,0,1,16,11,1,2,0,1,0,1,0,0,0,0,3,2,0,0,1,0,2,1,9,4,0,2,0,5,2,0,38,0,13,0,42,2,0,1,2,0,2,5,12,0,19,16,0,14,0,15,0,16,1,1,24,16,0,0,0,2,2,13,121,2,21,0,0,0,15,1,1,0,1,14,1,0,2,0,0,0,523,59,0,1,0,0,385,1,3,1,0,3,4,2,11,0,6,0,4,12,7,0,5,0,16,1,0,17,3,4,1,2,0,38,1,0,0,5,14,1,0,30,0,1,0,3,1,19,11,0,19,5,0,29,1,1,0,0,1,7,1,0,2,1,0,0,13,2,0,0,0,0,0,5,0,5,11,2,0,0,1,4,10,0,10,0,2,0,2,1,5,1,0,2,1,10,25,18,0,0,2,1,3,0,0,0,1,3,6,1,12,13,1,0,0,15,0,22,41,93,171,10
"ENSG00000180178.11",225,0,0,0,0,0,0,0,0,2,0,0,0,5,142,0,3,4,0,0,0,0,32,0,1,1,0,19,15,17,9,0,8,0,0,0,0,0,0,0,4,10,13,0,0,1,0,0,1,1,0,24,0,133,0,0,1,0,2,0,0,1,0,0,0,0,0,0,0,0,279,0,0,0,0,0,91,1,12,34,6,179,0,0,0,0,0,1,2,5,0,1,19,0,0,0,0,0,67,0,0,0,0,0,0,1,0,0,129,0,0,0,0,10,0,0,0,1,1,0,0,23,0,0,0,0,0,16,2,0,1,0,4,0,0,0,0,0,0,0,0,0,121,0,27,83,4,68,17,0,2,0,0,3,0,0,0,0,1,70,0,0,0,0,96,11,46,0,0,22,0,0,0,30,1,0,0,90,296,0,0,3,47,1,3,0,1,0,18,20,0,0,0,0,0,0,0,0,0,0,0,0,28,10,0,139,0,0,65,0,0,7,1,91,0,0,0,0,45,25,0,1,8,0,0,0,0,0,0,1,2,0,1,0,0,0,0,0,1,0,0,1,0,0,0,16,0,0,0,0,1,1,0,30,0,0,0,17,0,492,1,0,0,229,0,1,1,0,0,0,1,0,319,0,0,0,50,0,0,0,1,22,0,1,0,0,0,0,4,0,3,0,0,0,3,147,87,0,1,1,0,4,16,0,126,0,0,0,29,31,0,0,0,2,0,19,2,10,0,28,0,0,0,32,0,0,1,0,0,0,17,1,3,0,0,0,0,0,0,0,0,0,0,86,2,1,5,1,0,0,0,0,0,173,0,0,0,1,0,0,5,0,0,25,0,0,34,6,0,1,0,0,2,2,261,0,0,0,0,0,1,32,0,0,0,1,0,3,0,0,11,0,0,0,0,0,1,69,0,0,1,0,2,0,0,1,1,0,0,0,0,0,0,0,0,0,0,26,0,0,0,0,0,0
"ENSG00000180318.4",0,0,0,0,0,0,1,0,0,0,0,0,0,8,11,0,0,107,0,3,0,0,2,0,0,0,0,1,0,0,3,62,0,3,253,0,0,0,0,0,0,0,0,0,0,0,0,14,0,0,0,1,0,3,0,0,0,0,0,0,2,1,0,0,0,0,0,0,0,0,76,0,12,0,0,0,3,0,0,43,0,0,0,0,0,0,0,1,0,0,0,69,0,0,0,0,0,0,3,0,0,0,0,0,0,0,0,0,629,5,0,1,0,0,0,0,10,211,0,146,0,0,0,4,9,0,0,0,2,0,0,0,29,0,0,0,0,0,0,0,0,0,4,0,0,6,8,0,0,0,0,0,0,0,0,0,0,0,0,4,0,0,0,0,0,0,0,0,0,5,0,0,0,0,0,0,0,3,0,0,0,0,0,0,0,0,0,0,0,0,0,0,0,0,0,0,0,0,0,0,0,0,0,0,0,16,0,0,0,0,0,0,0,150,0,0,0,0,0,3,0,0,0,0,0,0,0,0,0,0,0,2,0,0,0,0,0,0,0,0,0,0,0,0,0,44,0,0,0,0,0,51,0,139,0,0,0,0,0,0,1,0,244,8,0,0,0,0,1,0,5,0,0,0,0,0,9,0,0,1,1,0,0,0,0,0,0,0,0,0,0,0,0,1,0,190,8,0,0,0,0,0,113,0,181,0,0,0,5,0,2,0,0,0,1,0,57,0,0,1,0,1,0,38,0,0,0,0,0,0,3,0,4,0,0,0,0,0,0,0,0,0,1,0,2,0,0,0,1,0,0,0,0,0,0,0,0,1,0,0,0,0,0,0,0,0,0,51,0,0,0,0,11,0,89,0,0,0,0,0,0,0,0,0,0,0,0,0,0,0,0,0,0,0,0,1,0,1,2,0,0,0,0,0,0,3,2,201,0,0,0,0,0,0,0,0,0,10,0,0,0,0,0,0
"ENSG00000180385.8",26,0,2,1,27,13,25,14,2,13,10,59,22,111,25,6,11,12,23,25,19,0,6,11,12,9,1,35,0,13,40,27,11,13,8,23,14,5,17,31,0,8,15,6,8,4,3,16,5,1,7,23,5,30,16,27,6,22,8,13,4,23,4,12,5,16,21,16,43,24,49,13,3,2,7,3,48,8,13,49,33,29,60,5,37,6,0,9,20,1,30,40,12,4,4,3,3,91,38,44,7,3,10,5,11,19,55,4,67,7,16,7,18,7,33,6,151,5,21,57,23,32,3,17,7,1,4,12,20,67,5,4,129,7,32,6,5,1,47,4,3,54,18,11,16,73,17,33,17,23,2,5,33,15,2,37,4,32,62,20,9,4,36,21,4,32,40,9,29,65,1,19,29,332,4,8,4,12,46,20,0,11,14,44,8,3,17,5,10,48,2,44,19,48,7,28,9,10,5,43,3,118,24,411,2,26,5,60,19,58,14,18,36,3,35,49,2,3,19,32,0,6,3,1,6,1,24,114,0,26,31,15,6,22,1,49,1,8,15,4,8,4,5,4,82,61,24,4,37,52,1,3,1,12,4,12,6,1,12,63,54,11,60,37,0,15,8,4,67,3,27,1,16,3,11,10,13,4,4,9,54,11,5,2,13,11,1,1,8,12,9,8,1,3,19,46,54,9,9,19,28,3,18,2,10,0,2,4,14,29,33,32,27,8,44,27,59,45,10,5,27,61,4,75,15,38,4,13,10,1,17,4,8,21,58,9,25,96,17,10,3,8,12,50,29,10,4,11,7,3,1,85,7,41,5,2,33,97,19,6,20,8,11,53,55,16,4,58,2,4,17,16,2,5,24,1,57,4,8,29,2,12,16,2,3,16,10,11,12,42,32,18,3,19,8,22,21,12,18,2,9,14,14,12,50,14,18,29,2,9,16,4,9,2,11,7,5,83,36,5,4,8,40,4
"ENSG00000180438.15",72,0,11,3,5,1,1,0,0,1,0,0,0,425,560,2,2,24,1,2,2,0,0,2,42,0,1,1,0,89,27,119,0,10,18,0,114,0,0,1,0,23,1,0,1,0,0,7,0,0,0,71,0,7,1,2,2,1,20,0,1,16,0,2,0,5,2,0,0,2,30,1,2,1,0,1,24,4,0,27,212,15,1,7,40,0,4,66,7,0,3,860,0,153,0,0,0,45,6,0,0,1,1,0,11,1,2,0,171,0,4,0,2,1,2,5,2,1,0,192,14,0,0,3,3,1,0,15,1,7,3,0,99,1,25,1,1,1,1,0,2,2,695,2,0,228,1,0,2,6,1,0,2,20,2,0,0,0,0,55,21,0,11,2,1,64,23,0,0,3,0,27,8,122,10,0,1,5,7,1,0,0,0,2,3,1,5,1,0,26,1,0,0,25,51,0,2,6,0,2,0,1,0,54,0,7,3,2,0,0,1,1,44,0,0,1,2,2,45,21,0,1,0,0,2,3,2,55,3,4,0,1,0,2,0,19,0,0,2,0,2,8,0,0,3,0,0,1,1,0,1,14,0,6,1,2,0,5,1,8,15,20,0,2,0,1,7,2,39,1,7,0,7,0,1,1,0,0,0,0,70,2,1,4,1,0,0,1,1,2,0,1,0,0,6,49,4,0,0,4,1,0,3,2,12,4,0,2,11,0,0,3,1,16,6,2,60,0,3,1,1,6,0,4,4,8,2,0,10,1,139,1,2,3,0,1,0,29,0,0,4,16,6,1,1,23,2,1,2,0,16,0,0,11,0,0,0,4,0,0,0,2,3,2,8,3,0,2,0,4,0,0,2,1,112,0,55,2,1,49,22,37,2,0,0,10,1,35,2,0,3,1,2,1,0,2,36,2,4,0,1,0,6,0,27,1,18,5,1,4,5,0,1,0,4,1,41,62,0,3,1,1,0,0
"ENSG00000180458.2",1,0,48,0,10,0,0,0,0,62,6,0,0,3,0,0,2,2,0,10,1,0,6,1,0,1,2,1,0,0,3,0,0,1,1,2,0,0,0,0,0,2,2,0,0,0,0,0,0,0,0,0,1,14,0,0,0,3,0,0,2,0,0,2,1,0,0,0,1,1,6,0,0,0,0,0,2,0,0,1,13,0,0,0,2,0,1,1,1,0,2,3,0,0,1,0,0,0,8,0,0,1,0,0,3,0,14,0,9,1,0,1,0,0,0,1,3,0,0,1,10,0,0,0,0,0,0,0,3,3,0,0,1,0,1,0,1,0,7,0,0,0,1,1,0,1,0,31,0,0,1,1,2,1,2,0,0,1,1,0,2,2,2,44,2,1,0,0,4,0,0,0,0,2,0,1,0,2,0,1,0,0,0,1,2,0,0,1,1,2,0,1,0,2,1,0,0,0,0,0,0,3,4,1,0,1,2,2,4,0,0,21,0,1,1,34,0,0,2,1,0,5,0,0,0,0,5,1,2,0,0,0,1,1,1,0,0,0,0,0,0,0,0,0,13,0,0,5,5,0,0,0,1,0,1,2,0,0,0,1,5,0,2,0,0,1,1,0,0,0,0,0,10,0,0,0,0,0,0,0,0,2,1,0,0,2,0,0,14,0,1,1,1,0,0,0,5,0,6,2,2,0,7,0,5,1,1,0,2,13,1,1,0,2,0,8,0,0,2,0,23,0,0,40,0,0,0,0,0,0,0,2,1,9,2,0,0,0,0,0,0,0,0,1,9,0,0,0,6,0,1,0,0,11,0,1,9,1,1,0,1,1,0,12,0,1,0,0,1,1,0,1,0,1,2,0,14,0,1,0,0,0,1,0,1,0,1,0,0,0,2,1,0,3,0,0,0,0,3,0,0,0,1,0,1,6,1,0,1,0,1,0,0,0,0,1,4,2,5,0,0,0,0,2
"ENSG00000180730.5",48,0,0,68,185,11,0,0,6,46,131,5,6,52,1,9,14,3,0,37,34,0,38,17,12,3,0,18,1,25,83,99,58,31,2,4,8,0,0,10,2,84,13,3,17,6,27,111,7,12,10,29,10,0,0,4,5,20,9,1,8,1,0,4,2,9,7,3,17,13,112,64,19,1,2,3,95,22,2,19,1,0,3,22,8,6,22,0,37,2,128,0,2,16,4,0,0,13,4,42,16,21,19,1,31,90,0,7,86,4,149,5,194,32,33,2,97,1,5,5,0,6,10,104,41,1,7,0,4,130,15,4,1,8,33,1,3,0,1,1,7,133,106,2,72,10,11,39,5,71,7,1,5,5,9,0,2,226,14,62,1,4,5,64,77,12,29,22,7,58,2,10,0,1,60,4,4,0,642,1,0,94,1,14,3,1,42,11,18,0,2,21,1,13,6,3,9,0,3,46,3,0,199,2,4,0,25,14,3,0,19,50,11,4,119,397,1,0,90,10,0,4,3,10,5,2,1,0,10,10,5,3,153,7,5,5,0,6,2,20,36,51,3,4,8,13,0,8,8,7,4,2,1,13,1,2,4,156,0,8,30,17,21,7,0,162,33,4,5,1,58,2,7,2,34,2,12,0,2,12,5,4,2,1,5,40,1,17,4,30,14,5,8,0,3,26,36,2,3,160,18,6,14,3,0,41,0,11,1,0,4,64,0,14,29,345,16,95,36,6,94,23,3,26,73,8,7,0,3,1,1,5,18,0,2,3,4,9,1,1,6,2,20,24,0,20,0,7,3,3,5,87,13,1,4,1,4,13,6,0,0,2,19,81,135,9,0,18,2,12,2,11,0,1,0,5,0,8,13,2,2,4,5,8,8,2,30,14,6,2,35,0,2,12,1,26,12,27,62,3,20,2,20,0,23,5,3,0,2,81,81,4,7,1,70,3,1,11,5,11,1,0,13,3
"ENSG00000180785.10",7,0,32,43,80,21,5,5,25,26,10,34,4,124,31,4,16,12,0,22,24,1,29,15,47,14,17,12,11,23,20,107,67,49,13,33,11,3,7,23,15,62,32,30,2,20,42,135,0,23,24,22,1,8,4,6,57,19,30,16,21,25,12,13,2,23,22,12,7,30,97,50,36,0,43,3,25,34,36,33,16,6,21,18,20,40,17,0,116,17,53,25,7,2,6,0,15,155,5,35,43,1,43,7,27,39,25,0,14,26,128,6,69,24,8,24,148,4,7,36,4,11,32,10,45,1,6,22,21,41,36,10,13,43,48,1,23,0,7,5,1,42,31,1,84,33,14,27,43,2,0,1,13,13,35,6,2,110,26,41,69,11,26,32,33,15,32,30,19,19,1,8,42,21,29,22,26,19,19,1,0,45,39,38,23,20,34,206,17,20,1,44,7,44,7,4,3,11,22,59,4,8,138,33,3,8,34,51,24,32,21,56,22,23,121,14,2,8,147,78,1,27,4,28,12,0,30,14,21,28,17,15,76,36,10,35,4,18,14,66,16,54,19,6,33,33,0,21,54,17,12,14,20,10,2,45,3,51,14,86,31,21,88,9,0,89,11,6,21,0,60,4,7,0,37,12,25,0,11,33,13,18,16,3,10,106,1,49,39,95,2,24,30,13,20,13,16,21,36,15,29,51,31,9,7,48,8,43,22,3,12,32,18,37,21,43,36,58,34,21,28,38,3,28,59,18,2,8,33,0,27,15,17,29,15,2,11,43,18,14,4,41,65,5,22,12,20,23,6,1,7,67,62,8,7,1,13,9,29,3,16,19,19,34,123,18,5,63,44,48,1,47,4,9,4,13,14,3,56,11,8,53,9,18,2,7,34,18,11,5,39,14,3,41,9,28,18,33,21,0,20,0,64,1,70,19,23,11,24,93,27,12,36,23,92,14,3,6,11,10,2,11,52,4
"ENSG00000180806.5",31,1,122,0,215,0,188,0,0,161,0,27,1,1,50,0,136,1,0,158,6,1,72,1,1,0,2,0,0,3,2,43,0,1,0,0,5,0,0,0,2,9,1,5,0,1,1,2,3,0,1,2,0,157,2,0,4,1,0,0,0,9,2,1,1,0,0,0,0,0,1,0,5,0,0,0,788,128,0,26,2,5,5,27,0,71,0,1,9,5,0,2,15,3,0,0,1,1,859,3,1,1,48,0,0,157,0,0,537,191,8,1,0,0,338,0,3,1,0,3,0,2,0,0,1,0,0,4,5,600,0,0,14,1,9,0,4,2,0,0,0,36,28,0,152,131,28,26,286,4,4,0,0,7,0,1,3,0,1,1,0,233,0,104,169,0,112,25,0,68,169,5,6,115,1,1,19,4,117,0,0,205,1,2,1,0,1242,50,0,1,0,250,190,1,3,0,2,0,0,2,0,1,2,6,0,2,1,0,0,0,4,341,82,3,2,1,0,0,0,3,0,39,0,1,0,0,0,1,2,2,4,5,1,2,2,0,0,1,1,1,46,0,5,188,42,153,1,139,6,2,2,1,0,0,0,0,0,400,0,2,2,0,15,3,0,2,10,0,4,0,2,0,2,0,0,0,101,0,2,74,2,276,0,0,1,4,3,12,242,2,0,35,9,1,13,193,8,2,0,0,0,19,1,0,230,0,0,1,0,1,0,0,1,344,4,4,11,51,0,0,0,0,0,1,0,1,0,5,1,0,31,2,0,52,2,5,1,6,2,1,0,2,8,7,1,92,1,383,1,0,0,0,1,1,0,0,278,8,4,5,0,10,2,3,1,1,0,1,0,0,48,2,65,3,3,0,0,0,1,1,0,3,5,2,0,4,0,112,0,0,586,0,0,1,20,3,2,354,1,0,2,0,109,0,0,5,1,2,1,0,1,3,3,1,0,46,2,304,66,17,0,0,22,1
"ENSG00000180818.5",0,0,0,0,50,1,203,0,0,20,1,1,1,1,6,0,88,1,0,494,1,2,14,0,0,0,0,0,0,0,0,0,0,1,0,1,0,0,0,0,2,2,0,0,0,2,1,0,7,0,0,9,0,2,0,0,0,0,0,0,0,9,0,0,0,1,0,0,0,0,1,0,0,0,0,0,570,14,1,44,2,2,2,6,0,62,1,0,2,0,2,10,125,0,0,0,0,0,93,0,0,0,3,0,0,315,0,0,1351,272,5,1,0,3,1003,0,2,2,0,0,0,0,0,1,0,0,0,0,0,381,1,0,5,0,0,0,0,0,2,0,0,3,9,0,227,407,1,1,963,2,15,0,0,14,0,0,0,0,0,3,0,151,0,287,775,2,4,30,0,139,14,0,0,0,0,0,2,2,12,0,0,1107,0,0,1,0,226,2,0,0,1,723,62,0,0,0,9,1,0,3,0,0,0,16,0,0,0,0,0,0,0,490,22,2,0,1,0,0,0,2,0,0,0,0,0,0,0,2,0,0,0,1,0,0,0,0,0,0,0,0,3,2,2,1,7,127,0,8,12,0,0,0,0,0,0,0,0,138,0,0,0,0,14,9,0,5,2,5,2,0,1,0,0,0,0,0,230,0,0,11,0,1,0,0,9,1,1,1,916,0,0,0,4,1,0,1104,5,2,2,6,0,2,0,0,35,0,0,0,5,0,0,0,0,313,1,22,1,175,1,0,0,0,0,0,2,3,0,0,0,0,4,0,0,1,0,3,1,4,0,1,0,0,1,22,1,45,0,1184,0,0,1,0,6,1,0,1,677,0,1,0,0,9,0,1,0,0,0,0,0,0,0,0,13,0,0,3,0,0,2,0,0,2,0,0,0,0,0,13,0,0,2143,0,0,0,0,2,0,104,2,0,0,1,521,0,0,1,0,0,0,1,0,0,0,1,0,0,0,560,121,3,0,0,0,9
"ENSG00000180871.8",0,0,6,14,28,7,0,12,1,27,7,14,5,195,16,37,6,18,0,2,27,28,5,4,10,7,5,3,5,88,3,24,15,37,9,13,16,16,3,4,0,11,18,4,75,6,3,305,32,2,10,506,86,5,2,6,40,6,6,2,12,5,5,21,7,4,3,6,4,8,54,25,23,150,1,35,22,0,7,13,5,1,1,2,37,0,1,1,12,4,12,4,1,12,8,16,32,4,2,11,15,70,67,11,4,1,6,81,11,11,6,24,7,8,7,7,6,3,10,10,6,0,7,3,12,126,82,0,1,28,18,15,34,45,12,63,5,19,2,2,9,23,155,63,4,30,58,0,3,14,65,17,32,4,5,1,3,44,2,6,2,7,9,4,3,10,9,5,8,4,5,1,5,20,4,2,8,1,29,9,86,6,14,10,0,26,1,11,2,0,0,16,7,6,7,0,19,10,6,5,2,13,11,2,517,6,35,7,6,40,7,6,2,4,20,26,4,3,10,8,3,0,0,6,18,70,4,8,6,3,0,5,39,3,1,20,19,7,2,14,3,50,27,5,557,3,2,12,8,16,0,0,3,68,56,13,34,4,14,17,11,13,12,3,44,0,5,56,6,32,13,16,4,60,3,11,7,42,10,6,10,2,4,38,7,3,37,26,3,18,27,67,10,11,4,4,77,7,5,6,16,0,1,29,1,17,11,1,0,4,9,1,5,4,8,10,6,38,3,6,29,83,28,15,18,4,36,4,3,53,3,14,19,1,18,54,0,9,11,1,32,4,26,12,3,2,2,2,26,21,34,244,18,4,5,41,3,6,3,0,11,13,8,6,123,4,0,50,17,3,10,2,2,4,1,2,6,32,13,6,7,3,1,3,10,83,10,4,4,9,1,24,55,25,2,26,11,5,30,47,20,3,6,13,64,51,32,7,0,23,19,1,4,3,18,1,2,3,2,50,25,5,5,38
"ENSG00000181019.13",1055,68,1124,36736,2356,3698,37757,138,238,862,2233,338,618,31227,93811,467,546,511,62,1291,5774,29,6652,158,147,177,75,1897,16853,25290,961,66060,38062,260,20433,302,708,6193,233,197,194,3651,226,1372,304,16778,127,34379,319,252,3935,24881,1057,87,230,27765,845,450,302,80,274,11616,2664,95,110,285,126,163,20899,457,284,20236,447,75,275,108,6751,185,545,7381,9309,285,2475,103271,135,1371,1823,78,3614,12203,3099,520,90,53249,784,15,95,420,112,2115,25911,148,297,140,22549,178,334,111,669,203,239,128,4344,177,203,236,2922,1572,14568,107799,16356,135,146,831,39746,19,50,72,1612,4143,173,43,13580,5537,35163,141,10623,143,1578,86,70,229,17499,214,5911,52827,25049,4498,7992,544,90,63,85,212,9759,159,4797,365,256,115,251,12801,6193,260,3810,3309,2588,3023,104,169,60,3645,20696,103,21556,76,196,19028,15714,5129,27,160,17552,72,149,177,505,385,10065,4670,1672,156,195,143,230,61,125,43197,8190,7842,320,216,16680,180,76,18169,114,196,362,199,17430,5412,65675,115,304,72,154,5194,311,212,41,223,138,2549,152,77,2449,47,13979,143,354,223,17447,23755,373,1554,32,238,22457,412,261,18418,176,85,140,85,41,1914,448,1649,83,81,294,4895,306,243,87,505,59892,1704,5124,205,4368,25,15,6224,12528,96,203,345,75270,140,1306,51,27988,148,24904,115,119,3815,384,139,334,812,116,16458,39,14828,2726,16215,207,19000,241,46708,218,23982,96,255,891,256,155,301,114,208,9661,21937,8157,2736,43707,87,297,160,5190,34568,45544,78,245,226,1093,150,10010,660,142,1012,410,229,69,253,60424,88,107347,125,5596,146,39198,86,60,48602,142,2970,44,184,490,771,56,225,227,126,1274,67,171,2238,1613,36,229,208,92,2883,152,13,2244,286,41272,910,4460,72,37790,7839,272,39505,148,16708,11898,13554,7886,66,183,134,254,218,72,561,101,14985,3777,53732,242,107,746,9756,11104,41,22,11014,4816,514,706,94,2194,499,124,50,224,13116,77484,516,656,16466,402,1211,15041,155,156,690,115,12083,230,32520,89,114,45,72,39749,145
"ENSG00000181072.11",0,9,0,2,1,1,0,4,0,5,5,2,1,0,0,89,7,0,0,9,40,51,0,27,2,10,0,4,0,0,0,0,1,19,1,0,4,11,0,0,1,0,0,1,111,1,0,1,45,0,3,0,69,0,0,0,10,1,0,0,0,1,0,39,4,0,1,0,8,1,14,0,0,8,2,87,0,1,0,16,0,3,0,1,0,0,0,0,1,0,0,2,0,0,0,42,3,0,0,11,10,29,0,1,5,2,2,16,2,1,4,57,0,0,0,0,0,0,1,54,0,1,7,0,1,9,23,0,0,16,25,110,12,0,2,77,0,42,0,0,57,3,0,118,23,1,0,0,0,0,27,54,0,0,82,0,0,15,0,0,0,0,0,7,0,31,0,0,0,1,0,0,0,0,8,0,2,0,38,0,26,0,0,0,0,3,85,5,0,2,0,1,0,0,0,0,107,0,0,0,0,1,0,9,198,2,0,0,25,1,127,9,0,1,56,2,0,0,0,0,38,3,0,0,65,43,1,0,0,1,0,0,2,0,0,1,81,1,0,1,0,1,0,13,0,1,0,0,0,0,3,0,30,1,27,14,26,1,0,1,57,8,0,1,70,0,7,214,0,26,0,22,3,61,11,0,0,14,0,0,2,0,0,4,0,23,94,0,0,10,157,20,2,0,0,1,1,0,2,0,73,0,0,148,0,1,0,0,5,0,1,0,0,4,3,0,3,0,0,4,0,3,71,0,4,1,187,0,0,35,2,8,13,0,0,72,0,0,0,0,33,0,0,1,1,7,0,0,0,34,69,0,14,1,7,91,0,1,0,0,0,1,8,0,6,2,0,2,10,2,0,2,0,0,3,2,2,52,1,0,1,0,4,1,75,0,3,14,0,1,0,0,39,0,0,4,1,0,275,33,1,0,4,0,7,10,0,1,0,0,8,11,0,41,0,1,0,8,0,207,83,14,0,24
"ENSG00000181218.5",538,4,237,11,308,233,21,0,6,1377,11,8,29,58,28,39,8,15,5,377,276,10,680,20,4,4,2,6,29,21,6,9,8,3,20,80,27,7,9,3,7,106,9,4,24,2,3,18,10,6,15,38,29,30,3,1,13,2,16,2,4,123,2,12,7,806,8,1,11,11,954,34,7,4,6,5,1680,12,65,34,10,234,902,713,35,0,8,5,410,4,1488,23,4,18,6,1,3,11,22,61,27,2,147,2,88,15,26,12,21,9,207,50,11,27,423,6,217,4,1225,210,2,11,3,10,18,10,28,10,189,18,14,8,27,11,176,6,4,9,83,1,3,192,29,15,286,17,29,410,564,1193,12,25,11,9,15,5,8,21,4,19,67,660,13,136,69,86,27,5,6,273,2,4,9,105,560,9,16,2236,537,5,9,5,0,298,1,14,37,12,1,5,4,57,27,11,597,68,23,12,6,432,1,6,401,10,11,26,9,3,99,3,104,635,4,31,35,280,4,1,28,6,4,451,34,9,12,11,5,23,10,5,19,8,48,30,1,34,10,12,4,12,12,20,6,2,631,340,1,309,6,3,1,117,5,15,10,451,14,25,10,240,40,6,24,253,12,60,9,13,304,17,18,9,1047,9,2,14,18,5,1,25,119,29,4,11,2,159,10,27,192,13,47,13,520,7,828,6,234,7,9,498,12,75,8,38,366,3,2,9,7,653,3,7,11,525,19,540,26,400,70,10,11,1298,16,54,13,620,24,2,10,9,105,31,24,335,80,12,0,8,5,570,5,10,11,453,104,7,1,8,13,12,22,35,5,44,5,8,755,675,13,4,7,28,7,502,197,0,0,223,9,9,5,8,2,29,119,5,4,26,6,223,4,289,5,139,83,2,392,8,3,100,2873,4,17,104,339,7,167,10,48,5,9,6,20,0,48,286,18,44,10,55,44,10,4,5,3,277,12,170,116,75,11,1,11,15
"ENSG00000181355.21",3,0,0,0,0,0,13,0,0,1,0,0,1,38,31,0,0,0,0,0,0,0,0,0,0,0,0,1,4,5,0,11,2,0,0,1,0,0,0,0,0,0,0,1,0,0,1,0,1,1,0,16,0,8,0,1,0,2,1,0,0,1,0,0,0,4,0,0,0,0,1235,0,0,0,0,0,123,0,2,29,4,1,0,0,0,0,0,0,0,0,0,70,1,0,0,0,0,0,0,0,0,1,0,0,0,3,0,1,132,3,0,0,0,1,1,1,6,0,3,101,0,0,0,0,0,1,0,0,1,35,0,0,9,0,0,0,0,0,0,1,0,0,164,0,1,0,0,0,19,1,1,0,0,1,0,0,0,1,2,0,1,0,0,0,0,1,47,3,1,28,0,0,0,26,0,0,0,15,0,0,0,0,0,0,0,0,0,0,0,3,0,0,0,0,1,0,0,0,0,0,0,0,8,10,0,53,0,1,0,0,0,0,2,0,1,0,0,0,6,10,1,0,0,0,0,0,0,29,0,0,2,0,0,0,0,0,0,0,0,0,0,0,0,0,3,0,0,0,0,0,0,0,0,23,0,0,0,0,0,5,1,0,0,74,0,0,0,0,0,0,2,0,106,0,0,1,22,0,0,3,0,9,0,2,0,1,0,0,32,0,0,0,0,0,0,47,5,0,0,0,0,5,15,0,4,0,0,0,0,0,1,0,0,0,1,11,5,0,0,0,0,0,0,5,0,0,1,0,0,0,27,0,0,0,0,1,0,0,0,0,0,0,0,0,39,0,0,0,24,0,0,9,1,48,0,0,6,2,2,1,0,0,0,8,0,0,1,6,0,0,0,0,0,36,1,0,1,0,0,0,0,0,0,0,0,0,0,1,0,0,31,0,0,1,0,0,0,15,0,0,0,0,1,0,4,0,0,67,0,0,0,0,0,0,0,0,0,0,0,0,0,0,0,0
"ENSG00000181408.4",2,0,0,1,2,0,0,0,0,1,0,0,10,0,0,4,0,10,5,1,1,0,2,0,2,0,0,1,0,2,1,5,0,1,0,1,0,0,3,3,0,0,4,1,4,0,1,1,0,0,1,1,2,11,0,0,0,0,3,0,1,2,0,0,0,0,4,0,2,3,63,1,0,0,0,0,1,1,1,12,4,27,0,0,0,1,0,0,0,0,13,1,0,0,0,0,0,15,2,2,0,0,2,0,0,0,0,0,16,2,2,0,1,0,0,0,0,1,1,0,0,0,2,0,0,0,0,0,0,4,2,1,3,0,8,0,2,0,1,0,0,3,1,4,1,2,3,1,5,3,0,0,3,0,0,0,0,0,0,7,1,1,1,4,0,3,6,2,2,3,0,0,0,2,0,0,0,1,2,6,0,1,0,0,1,0,5,2,53,0,0,1,1,2,1,2,1,0,0,0,21,1,1,9,0,3,0,2,0,0,1,2,0,1,2,4,0,0,5,0,0,0,0,0,1,0,0,3,0,1,1,8,0,3,0,2,0,1,0,0,0,1,0,1,98,1,0,1,0,2,0,0,0,0,0,13,1,0,1,8,0,0,1,0,0,2,0,0,13,0,0,0,10,0,0,0,0,0,0,8,45,0,1,1,7,0,0,0,0,1,2,1,2,2,2,3,2,0,0,1,4,0,0,0,0,0,0,0,0,1,1,4,0,0,0,6,5,10,0,2,0,0,0,629,0,36,1,0,0,0,0,0,0,77,0,0,1,2,0,1,0,0,0,0,20,4,0,0,2,0,2,12,4,8,0,1,0,0,10,0,37,0,2,1,1,0,0,2,0,0,0,2,0,1,28,0,0,0,0,50,0,53,1,0,0,0,3,1,0,7,4,1,1,1,2,1,1,5,0,0,0,5,0,1,1,1,0,8,0,0,2,0,1,0,2,0,3,11,2,1,0,0,0,1
"ENSG00000181418.8",2,0,3,1,1,1,27,2,1,20,2,9,11,9,19,1,0,10,5,3,0,2,3,3,0,0,1,2,0,3,1,1,1,4,1,11,3,0,2,2,1,12,1,3,0,0,0,7,0,1,2,7,1,5,2,0,3,3,0,0,0,6,1,2,0,2,0,0,0,2,31,1,0,2,0,0,11,0,33,22,21,2,35,2,2,0,2,1,1,0,19,14,2,13,0,0,1,3,11,4,0,1,8,0,3,8,3,1,184,8,2,0,2,1,2,0,5,0,7,10,0,1,2,4,4,4,0,1,4,18,2,0,9,0,0,0,2,0,8,1,1,6,8,1,5,11,7,9,73,9,2,0,2,3,1,1,5,6,1,2,17,15,3,2,0,11,42,1,0,19,4,3,1,0,0,2,4,8,1,1,1,1,19,2,0,1,1,1,1,0,1,40,1,2,3,1,0,5,2,4,1,0,2,2,0,3,2,2,0,0,0,4,20,0,1,7,0,0,2,5,0,1,0,0,0,3,2,5,0,0,7,1,1,1,0,3,1,1,4,2,0,1,0,2,4,6,3,0,3,1,2,1,0,0,4,0,3,3,1,13,0,1,37,7,1,2,1,0,2,1,2,0,9,1,2,1,62,0,1,0,7,10,0,0,1,57,1,0,0,3,3,2,0,0,3,203,22,0,0,9,4,0,191,0,0,3,2,2,0,4,0,3,1,0,1,11,10,8,4,2,0,15,0,1,2,4,1,1,1,0,7,2,1,21,6,0,0,0,1,0,0,0,2,42,2,1,0,11,7,2,3,21,2,4,2,2,0,13,23,0,5,0,0,7,5,4,0,82,1,0,1,0,1,2,9,0,2,3,1,4,0,1,4,3,1,3,2,1,0,1,156,1,1,1,1,15,6,11,1,2,0,3,3,0,6,4,12,11,0,3,2,0,2,0,1,0,2,69,1,2,1,0,5,0
"ENSG00000181433.9",0,0,0,0,0,0,0,0,0,1,0,0,0,9,836,0,0,2,0,0,1,0,0,0,0,0,0,0,0,0,0,1,2,0,1,1,2,0,0,2,0,0,0,0,0,1,0,0,0,0,0,19,0,27,0,0,0,0,0,0,2,49,0,0,0,0,0,0,0,1,1,2,0,0,0,1,6,0,78,1,1,0,2,0,0,0,0,0,0,1,2,0,0,0,0,0,0,0,0,1,0,0,0,0,0,0,0,0,510,0,1,1,0,0,0,0,0,0,55,855,0,1,0,0,0,0,0,1,0,3,0,0,8,0,0,0,0,0,3,0,0,1,1,1,0,25,1,0,0,33,0,0,0,0,0,0,0,1,0,3,0,0,1,0,0,16,303,1,0,2,0,0,0,0,0,0,0,580,7,0,0,0,0,0,0,0,3,0,0,0,0,0,0,1,0,0,2,0,0,1,1,0,1,25,0,46,0,0,0,0,0,0,6,72,0,1,0,0,2,12,0,0,0,0,0,0,0,5,2,0,0,1,1,0,0,0,0,0,1,0,0,0,0,0,1,0,0,0,0,0,0,0,0,0,0,0,0,0,0,14,0,0,2,0,0,0,0,1,434,0,0,0,4,0,0,0,0,0,0,13,0,0,0,0,0,0,0,0,0,0,0,0,0,0,0,805,21,0,0,2,0,0,0,0,315,0,0,0,3,0,0,0,0,0,0,2,390,5,0,0,0,1,0,0,0,0,1,0,0,0,0,0,3,0,0,0,1,1,0,0,0,0,0,0,319,4,0,0,0,0,5,2,0,6,0,0,0,0,0,0,0,0,0,0,0,0,0,0,0,0,0,0,0,0,1318,0,1,0,0,0,0,0,0,0,0,0,0,0,0,0,0,0,0,1,0,0,0,55,1,0,2,0,0,0,0,0,7,201,0,0,13,0,0,1,0,0,0,1,0,0,0,0,0,0
"ENSG00000181449.4",74,0,0,2,1,0,0,0,0,1,1,0,174,0,0,14,0,0,3,4,0,2,19,0,1,2,0,5,21,6,0,43,1,1,0,34,47,1,1,0,0,28,432,0,3,0,0,9,5,1,0,94,0,3,1,0,0,2,1,0,0,1,0,7,1,55,6,52,24,0,6,10,122,0,0,0,43,28,128,34,7,1,0,0,0,0,1,0,6,37,0,398,0,30,0,0,1,3,224,3,0,1,0,3,4,19,1,1,377,164,0,7,2,0,4,108,0,7,515,3,0,0,21,1,36,5,5,0,1,0,98,0,1,0,0,1,0,1,0,4,0,0,182,3,62,539,570,2,0,0,1,3,0,76,2,0,9,2,8,1,0,0,7,0,1,1,4,2,1,8,83,2,3,2,1,1,35,3,6,9,0,1,3,0,4,1,0,15,0,0,40,3,5,0,0,0,9,47,0,0,0,17,1,2,0,1,11,0,3,0,2,0,572,154,20,1,10,0,25,904,0,0,0,0,2,0,1,1,0,2,23,6,0,8,24,2,0,40,25,0,0,5,0,1,20,0,0,0,0,4,0,84,2,359,0,1,0,0,0,12,4,1,523,656,0,0,3,3,1,1,1,1,1,0,0,0,3,2,0,0,1,5,1,0,0,2,0,0,0,1,4,7,1,0,0,218,5,0,0,2,4,0,188,1,0,0,16,3,0,3,2,1,12,3,0,22,1,175,0,9,29,1,0,23,49,0,1,0,4,0,17,0,0,0,0,0,0,0,12,6,1,1,29,3,1,1,28,0,54,0,82,0,1,3,1,2,11,16,5,0,0,5,1,2,2,29,9,0,0,3,0,310,123,0,1,1,0,0,0,0,10,0,1,2,4,0,2,2,1,1,3,42,2,4,0,0,12,1982,184,1,8,2,12,0,150,1,0,1,0,1,3,0,3,1,3,10,0,8205,6,1,1,138,18,0
"ENSG00000181544.15",7,4,5,12,53,24,6,14,3,36,2,21,54,186,93,10,7,26,29,16,16,1,9,19,12,14,11,50,13,49,47,42,31,20,10,38,13,14,18,20,8,49,39,3,9,25,5,17,5,8,10,48,10,63,10,32,6,12,53,37,3,62,3,55,8,20,5,6,123,59,126,18,16,0,12,3,27,11,57,37,44,44,38,18,45,4,10,16,21,2,32,20,11,20,5,2,2,57,28,47,16,3,73,10,13,28,26,8,174,25,18,9,22,31,10,6,73,19,45,138,7,64,2,15,29,2,8,35,37,84,7,5,111,11,29,6,6,2,83,1,2,59,42,2,11,54,28,43,45,9,2,6,12,22,11,20,17,66,23,16,14,9,88,16,23,54,93,30,39,168,10,22,42,174,10,7,8,19,52,30,1,17,10,39,9,10,47,7,7,64,9,206,40,70,9,39,6,12,4,39,1,45,37,129,4,31,6,60,35,46,14,35,38,13,27,46,3,7,19,47,0,28,11,6,5,4,7,123,7,27,46,21,28,15,8,68,6,8,17,15,8,16,3,4,48,209,28,12,13,14,2,11,4,29,4,20,12,30,20,151,80,15,109,64,7,19,32,7,83,8,36,6,117,1,14,20,29,3,3,61,78,59,4,4,8,47,0,9,22,26,19,5,8,2,9,71,192,10,15,17,24,5,97,3,55,2,3,11,13,58,17,58,18,8,17,26,79,66,7,5,24,17,3,32,37,26,7,10,4,3,48,10,7,26,132,9,15,108,12,10,1,19,14,24,105,19,5,9,47,0,7,143,5,122,10,6,23,69,34,6,11,7,6,22,79,10,17,80,6,15,49,20,7,26,140,9,43,3,5,52,9,38,11,1,11,11,22,18,23,26,33,6,3,18,9,22,18,50,11,5,14,14,12,1,111,21,28,71,34,8,21,31,6,5,16,20,8,238,20,10,1,2,56,0
"ENSG00000181577.16",95,5,2,4,325,1,0,0,0,406,27,651,1200,1079,91,22,3,13,8,42,6,8,71,4,1,1,0,47,158,26,194,659,3,71,3,4,31,1,12516,5423,0,1335,0,162,12,19,1,213,16,5,0,2278,1,289,7,86,12,1,0,11,490,629,1,1,1,59,0,3,8,3761,526,6,1,2,0,5,59,1,121,7,811,1007,45,3,8,3,2,21,28,1,11,4047,0,40,33,1,7,1,28,449,5,1,2616,2,1,0,75,46,565,3,7,20,7,1,4,22,590,1,7,1827,8,25,2,1,0,9,8,87,9,587,1,3,155,3,5,4,3,0,332,0,10,1099,60,10,36,87,233,27,6,101,8,18,18,19,0,2,1,12,125,7,0,2,40,23,72,547,2,5176,201,153,0,4,2,4976,11,0,2,1540,247,2,1,34,1,9,14,1,5,1,5146,16,4,30,459,18,339,42,14,5,508,3948,0,59,2,414,8,9,960,1019,36,0,15,55,6,0,28,106,0,5,4,3044,5,1,1,0,18,60,218,23,1,124,8,1,3,5,13,320,1867,2,8,1,4,3,8,0,4177,74,165,3,1152,0,5,12,2,4,6,42,18,25,27,7982,11,2,5399,164,5,1,90,6,7,15,5,2,7,4,2,3,446,11,85,263,30,34,0,9,47,21,10,3,88,1,12,0,17,135,134,46,8073,82,2,215,11,3,38,4,5,4,0,2,5,78,0,17,1996,1,0,1920,9,414,5,2,759,285,8,61,5,7,14,533,4,5,519,33,7,2,0,6,103,25,2,8,3,1,1,2893,6825,2,0,5,68,2,26,742,0,2421,0,8,1676,2124,122,8,3304,1,0,1412,338,1,1,8,1,0,14,1,154,2278,34,0,262,24,7,7,1,72,0,0,4,506,20,7,1,3,11,1,4,19,4,2,15,18,147,3,1,5,12,0,7,12,44,29,0,14,14,2,0,4,1,0,879,9,23,11,2,0,3271,13
"ENSG00000181617.6",2133,0,2,26,2496,0,1,0,0,151,2,0,5,10725,21,15,1,22,1,2,1,0,2,1,134,0,0,15,4,1619,8,17,12,0,0,7153,143,2,0,3,0,434,1,8,4,0,0,6722,0,5,0,215,20,1,1,1,54,0,0,1,2,5,0,0,0,0,1,2,2,106,5121,80,60,0,0,1,6868,1,24,1,1,9,34,0,4,0,2,10,8,6,2007,44,0,31,10,0,4,0,87,270,366,1,16536,1,0,0,0,50,4,0,1,1,5,3,75,11,269,0,2,29,0,0,0,9,32,0,0,0,0,6802,3,1,7119,39,128,0,2,0,0,0,31,61,118,0,104,4,97,6,1,1,0,1,1,52,12,13,34,3,3,10,2,1,0,50,0,2,2,65,0,102,0,1,1,0,4,4,0,15,954,10,0,0,45,0,0,89,0,0,1,0,2,14,5,2,0,0,2,0,0,2,0,43,10,18,0,3,2,0,205,0,0,50,0,0,0,20,1,25,747,30,0,3,8,0,0,58,5,0,3,6,1,0,26,53,1,141,0,1,2,2,2,39,1,0,1110,12,0,9,3,0,4,1,0,2,1,0,0,2,528,2,0,1,11997,13,0,0,188,0,2,1,32,24,11,0,1,0,3,0,5,5,0,7584,0,0,6,3,0,10,120,121,7,72,10,0,2,1,438,5,0,1,2,3,352,2,68,264,3,0,12,0,9,0,0,51,2,1,54,2425,1,18,22,1869,0,73,96,0,0,0,4,0,2,197,6222,0,7,0,2,0,9,5425,1,21,6,774,0,0,0,0,17,0,4,14,12,2,0,0,4,1,94,0,2,1,12,27,3,1,2,3,3,14,0,21,55,15,0,1,0,0,0,0,0,1,0,1,0,0,1049,1,0,0,26,0,0,0,0,4,118,20,0,0,1,0,12,2,0,0,3,0,0,5,1,0,0,2,1,0,0,0,0,1,0,0,5,0
"ENSG00000181800.6",2,0,0,0,1,1,0,1,0,0,0,1,2,132,91,0,0,0,0,0,6,3,4,3,72,4,0,2,0,4,0,0,1,8,0,10,7,0,0,1,0,2,2,0,1,0,0,7,3,0,0,120,2,1,0,0,0,0,24,0,0,0,0,9,1,0,8,0,0,0,145,0,0,0,0,1,0,0,0,34,19,138,0,0,66,1,0,1,5,0,1,0,0,0,0,4,0,31,0,3,0,2,2,0,1,0,2,0,90,0,3,9,14,1,6,0,2,0,1,6,0,1,0,1,0,0,0,1,3,160,0,0,12,2,0,3,0,0,0,0,1,1,3,3,9,20,0,0,1,1,1,0,0,29,3,0,0,0,0,19,5,0,1,0,0,25,9,0,0,10,0,1,0,58,0,7,0,1,2,3,1,1,7,5,75,1,8,1,0,26,0,0,0,93,6,0,0,0,0,1,0,2,3,90,2,1,0,0,2,2,2,2,0,2,9,4,0,0,47,24,0,1,0,0,0,0,1,31,0,2,0,10,1,1,0,0,0,0,0,0,3,1,0,2,8,1,0,0,0,0,0,0,1,0,0,0,0,0,0,5,25,36,0,0,2,1,0,0,12,0,4,0,2,1,2,0,1,0,0,8,5,1,0,0,0,0,0,1,0,0,6,0,0,0,0,1,44,1,0,1,2,0,0,1,0,0,0,0,31,3,0,0,0,0,2,23,5,12,0,6,1,2,0,0,0,0,3,0,0,0,124,0,2,0,3,0,0,0,0,0,1,2,1,0,1,0,0,0,0,0,1,11,2,1,0,2,0,0,2,1,13,2,0,0,0,0,0,1,0,0,0,1,0,0,56,0,104,0,1,0,0,7,18,0,0,1,3,2,2,0,0,0,1,0,0,0,20,0,4,0,3,0,3,1,2,3,0,11,0,9,2,0,1,3,2,0,3,2,0,2,0,0,2,1
"ENSG00000182010.11",20,2,28,16,220,135,23,3,6,54,13,141,281,561,13,12,19,182,0,45,41,2,20,28,42,53,62,110,15,97,110,83,172,7,46,230,17,6,127,145,5,29,301,9,54,21,5,67,4,4,27,145,16,116,3,34,8,338,177,110,4,153,3,50,6,214,45,2,66,149,158,55,11,1,1,7,61,56,294,120,130,99,23,27,109,30,13,29,75,13,63,52,71,11,2,3,2,177,270,39,4,4,67,34,37,17,59,17,431,107,89,102,48,44,107,13,680,62,183,61,12,79,4,2,57,3,7,63,204,233,16,2,113,6,83,5,5,0,319,8,4,242,92,8,57,174,89,149,174,48,5,17,53,57,16,15,40,222,85,18,67,26,31,87,63,88,216,185,192,337,5,23,16,706,28,28,37,61,247,22,4,13,80,180,21,12,47,1,21,250,24,232,132,152,35,90,5,25,2,67,23,237,258,359,2,195,8,84,57,5,17,90,94,83,201,40,6,1,64,71,1,56,62,1,5,7,65,414,22,23,71,21,123,70,3,50,1,18,4,38,7,25,6,8,212,251,85,24,19,10,15,48,7,39,13,15,7,21,31,206,193,18,539,549,5,44,61,7,723,5,67,21,232,3,23,230,126,2,1,43,88,71,11,0,0,296,2,27,97,44,33,30,39,4,12,94,450,29,16,16,57,19,392,9,143,13,8,39,39,301,10,323,121,36,56,53,256,513,7,19,306,59,2,380,49,118,12,1,7,2,142,61,22,55,113,6,25,204,13,3,1,19,33,57,314,104,9,10,146,3,29,265,50,439,32,7,241,13,372,37,70,9,23,209,1967,15,66,456,0,63,107,29,33,70,284,6,114,7,2,82,24,171,19,3,19,11,182,44,94,82,212,15,7,176,61,70,83,388,45,0,18,54,32,1,43,13,30,277,55,31,72,31,10,5,29,27,24,530,161,12,5,0,146,9
"ENSG00000182035.12",0,0,1,3,0,1,1,0,2,3,0,50,0,1,24,0,0,3,2,3,2,0,0,3,0,3,2,0,29,10,6,2,2,0,9,1,43,0,2,1,13,0,1,71,0,1,2,7,0,1,0,2,8,9,42,1,4,0,0,1,76,0,0,2,4,1,0,57,3,0,6,2,0,1,9,0,0,1,3,0,10,2,0,43,3,0,1,25,12,1,3,4,1,10,83,0,28,1,7,0,4,1,0,7,0,2,16,0,1,2,3,1,2,0,0,3,2,0,8,37,5,1,1,82,2,0,0,0,7,8,0,0,7,4,4,0,0,0,7,0,1,23,8,8,1,0,0,2,7,0,1,3,0,3,3,18,0,6,12,0,0,0,2,0,6,4,6,0,1,0,4,1,7,1,0,3,14,11,0,5,0,0,1,1,49,3,0,0,1,0,0,0,0,20,2,3,3,29,0,0,1,0,0,1,0,0,0,0,4,0,0,3,3,0,2,0,20,46,1,22,2,0,0,0,0,1,11,1,0,1,0,0,0,23,34,34,0,45,2,21,0,1,41,0,1,3,7,8,12,4,0,2,0,1,0,3,1,0,4,0,0,0,0,1,0,1,1,0,10,0,4,1,3,0,2,0,4,0,30,22,0,4,2,1,0,1,0,0,5,1,0,0,16,6,69,4,1,18,0,1,2,0,0,0,5,0,0,2,4,1,97,1,5,10,0,0,6,1,6,27,0,0,0,0,2,2,0,19,1,0,9,1,13,3,3,0,9,1,1,11,0,45,0,1,0,0,5,4,0,0,0,9,2,11,0,0,1,1,1,1,0,0,17,0,0,0,0,0,4,1,1,8,0,2,1,0,4,0,0,0,0,0,4,0,9,0,2,12,8,1,2,18,5,8,3,0,9,1,1,0,1,2,0,1,1,0,0,0,0,5,2,2,0,1,0,0,2,0,0,0,0,0,0,1
"ENSG00000182040.9",3,0,0,0,6,0,0,3,0,20,0,0,1,2,16,1,2,9,0,1,2,0,2,0,0,0,0,0,0,1,1,3,0,1,0,0,0,0,0,0,0,24,2,0,1,0,0,0,0,0,0,1,0,33,6,0,0,0,7,0,0,1,0,0,0,18,0,1,1,190,33,0,0,0,0,0,9,1,0,6,115,4,1,1,0,1,0,0,0,2,1,1,0,1,0,0,0,1,0,1,0,0,5,122,0,1,0,0,99,3,5,0,0,0,2,0,0,1,1,0,0,0,3,0,1,0,0,0,0,1,0,1,1,0,1,1,0,0,129,0,0,46,2,0,1,3,0,59,22,13,0,0,1,0,1,1,0,0,2,0,0,0,2,3,0,1,0,28,1,19,0,0,0,0,1,0,0,1,1,0,0,11,1,1,1,0,3,0,10,1,0,2,3,1,1,29,3,3,0,26,0,197,0,0,1,0,0,92,0,1,2,44,0,1,0,16,0,0,2,1,0,0,1,0,0,1,0,0,0,1,0,0,0,1,0,0,1,0,0,0,2,0,0,0,1,1,0,2,2,0,0,1,1,0,0,3,0,4,1,3,3,0,2,0,0,0,2,0,4,0,1,0,1,0,0,0,0,0,3,2,8,6,0,1,0,0,2,1,1,0,1,1,1,0,6,11,13,1,0,9,0,1,2,0,2,0,0,0,0,0,0,1,3,2,2,4,1,0,0,0,0,47,1,3,0,21,1,1,0,0,10,0,0,6,3,0,0,0,0,2,0,0,0,15,2,0,0,0,0,0,0,49,0,1,0,0,1,39,5,0,34,1,0,25,3,1,0,1,0,0,0,1,0,1,484,0,1,1,1,1,0,2,2,0,0,0,0,86,0,1,64,8,0,0,0,0,1,1,1,0,0,2,1,0,1,2,0,0,0,1,0,27,1,0,0,0,0,20,29,0,1,0,6,0
"ENSG00000182111.9",1,0,0,0,0,0,0,1,0,0,0,31,0,109,46,0,0,26,113,0,0,0,0,2,102,4,1,87,0,0,0,0,394,1,30,0,1,1,145,329,0,10,3,0,0,0,0,3,0,0,0,204,0,53,0,0,2,0,74,0,1,28,64,16,0,0,0,299,0,0,118,0,30,2,0,0,2,0,0,35,122,40,0,0,30,0,2,40,1,2,0,23,28,0,0,0,0,125,1,0,0,0,0,29,1,0,0,0,8,0,0,0,0,37,0,81,0,0,54,134,0,0,0,1,6,0,0,2,0,110,5,0,37,0,0,0,0,0,0,33,0,0,12,0,0,0,2,0,0,0,0,0,2,66,2,63,0,0,23,75,29,0,0,0,0,0,10,0,0,863,0,6,3,516,0,0,0,44,0,402,0,0,171,5,70,0,6,0,0,93,0,0,0,198,3,4,0,1,0,0,7,0,0,2,0,41,0,0,0,0,0,0,16,45,1,1,0,0,8,6,2,21,0,0,0,0,118,2,0,22,1,0,0,0,0,42,1,0,0,7,0,1,0,0,2,0,11,1,0,31,0,2,0,5,0,0,0,0,0,7,146,51,0,1,0,0,0,0,174,1,28,0,14,0,0,0,35,0,0,55,331,0,0,1,3,0,0,0,1,1,0,0,0,47,0,0,272,52,0,0,3,0,21,0,3,1,0,21,35,104,5,0,101,0,0,0,132,0,0,0,0,0,0,0,0,0,1,1,24,0,251,0,1,1,0,0,1,0,0,0,1,0,0,0,65,73,8,0,0,0,0,3,0,162,61,2,0,0,4,0,15,0,2,2,0,0,7,0,0,11,0,30,4,15,142,0,145,1,0,239,14,10,72,0,0,6,0,111,0,0,0,0,0,0,0,0,10,14,37,0,12,0,0,0,1,0,21,0,0,0,3,0,0,0,3,0,49,0,1,1,0,1,0,0
"ENSG00000182196.13",24,2,31,7,8,4,13,2,7,26,14,5,13,19,38,3,21,15,12,14,5,1,5,5,5,4,10,16,7,20,26,10,8,9,7,5,9,6,33,14,23,20,13,12,7,16,13,2,2,5,6,2,7,23,7,43,4,27,14,5,16,20,7,8,13,14,11,8,19,16,60,16,8,2,8,4,21,37,25,15,15,21,40,6,10,5,11,19,12,17,21,23,9,41,10,1,21,8,24,0,13,9,12,5,8,25,25,3,78,14,7,8,9,10,7,12,29,30,14,14,3,24,4,10,23,4,4,8,32,19,5,0,22,9,6,4,14,3,37,2,2,16,30,3,7,29,52,51,22,7,2,4,5,1,10,14,12,22,13,29,22,3,6,14,13,16,24,45,7,8,6,22,1,37,8,6,8,20,7,7,1,4,11,15,4,3,7,5,11,17,14,20,54,14,7,30,2,34,6,5,3,14,11,37,1,17,10,6,27,13,7,23,20,9,26,3,15,1,8,36,4,6,10,21,9,2,12,17,10,8,24,29,6,10,17,6,0,1,4,6,1,18,10,5,42,18,34,12,11,9,5,3,3,13,4,9,0,14,5,43,12,3,31,32,3,11,44,2,14,6,3,0,39,0,13,11,4,0,12,20,12,53,13,1,14,12,0,5,17,13,9,10,13,13,7,10,13,8,34,17,8,18,54,2,6,6,4,13,15,14,2,34,7,2,12,12,2,10,9,22,2,21,2,49,6,12,3,8,10,2,11,17,9,17,24,3,8,7,2,14,1,6,6,32,16,8,14,43,25,1,1,16,13,34,11,1,12,34,12,45,4,2,23,61,5,7,24,10,12,10,15,14,2,11,24,8,12,12,5,12,23,8,4,2,11,35,34,17,4,7,46,6,0,17,16,16,17,45,15,3,17,10,18,5,42,12,9,18,7,4,6,11,12,6,4,5,4,20,21,6,2,4,25,5
"ENSG00000182271.13",1,0,0,0,3,0,14,0,1,0,0,1,0,1,13,0,0,0,0,0,0,0,12,0,0,0,0,2,0,38,1,2,0,0,1,0,1,0,0,0,0,0,0,1,0,0,0,0,0,0,0,15,0,0,0,0,0,1,4,1,0,0,0,0,0,0,0,2,7,0,2,1,1,0,0,0,5,0,1,0,0,0,5,0,0,0,0,4,0,0,0,0,0,1,3,0,4,0,0,0,0,0,1,0,0,0,1,0,8,0,0,0,0,0,0,2,3,1,2,9,0,0,0,0,0,0,0,0,1,0,0,0,0,1,4,0,0,0,1,0,0,4,3,0,0,3,0,1,0,3,0,0,0,0,1,0,0,17,0,0,0,0,4,1,0,1,0,5,1,6,0,2,0,0,0,0,0,4,0,1,0,0,1,3,0,0,1,0,0,0,0,1,8,0,0,1,0,11,10,2,0,0,0,0,0,2,0,8,0,0,4,0,0,2,3,0,1,0,0,0,0,0,0,4,0,0,15,4,0,1,4,0,1,2,0,0,0,0,0,0,1,0,0,0,4,0,0,0,0,0,0,4,0,0,0,1,0,2,0,8,1,0,4,0,0,0,0,0,0,0,0,0,25,0,0,0,9,0,2,3,0,0,2,0,0,2,0,0,0,1,2,2,0,0,1,25,14,0,1,0,0,0,0,0,0,0,0,1,0,0,0,4,0,2,0,3,0,1,9,1,0,1,0,0,0,1,0,1,1,0,0,0,0,0,1,0,0,10,0,0,0,2,0,0,1,0,0,0,0,0,0,20,0,8,0,0,0,0,1,0,0,0,0,7,1,0,1,0,0,0,0,0,4,3,1,0,0,6,0,0,0,0,1,2,0,1,0,0,0,3,0,0,0,0,0,2,0,1,0,0,0,0,0,0,0,0,1,9,0,0,0,2,0,0,0,0,2,0,0,1,0,0,52,0
"ENSG00000182272.12",4062,8,24,4,941,20,1,2,4,2898,3,4,23,3,116,13,18,5,0,985,23,1,1099,5,0,1,0,6,9,6,112,19,4,9,7,3,4,6,1,6,3,1549,90,2,24,4,6,2,12,4,6,8,14,18,1,1,106,6,3,1,0,3,0,11,3,34,4,0,9,2,28,14,0,1,1,4,205,10,864,2,1,6,268,23,0,1082,2,1,12,5,1503,6,0,94,4,3,2,3,234,38,34,16,18,2,36,15,0,2,2147,6,126,9,41,11,49,1,2426,0,2,4,0,1,8,15,3,2,12,0,223,19,20,6,3,6,163,9,1,2,5,0,7,2813,92,28,429,3,13,109,1354,1166,19,13,0,4,1,1,0,15,1,1,2,32,3,430,1357,11,4,1151,6,2,4,3,0,1,9,0,32,35,1231,2,0,230,0,1,1,10,7,4,2,0,3,34,7,11,1,4,10,34,0,548,0,2,95,1,5,34,5,4,69,1,86,88,9,3,29,1195,4,0,22,1,8,2,37,2,31,8,1,1,1,0,3,0,4,4,0,3,5,2,0,4,497,6,0,59,2266,506,0,17,7,1,7,14,3,9,4,113,17,228,2,7,17,1,49,22,21,37,211,8,2,11,1,16,1,2,2,2,289,4,2,2,2,11,1,6,8,21,3,133,212,7,41,4,925,2,42,376,8,0,2,2734,15,282,94,25,3,8,1,3,3,3,5,3520,12,244,5,720,7,1082,23,43,626,4046,7,154,12,124,30,3,0,5,2,50,27,38,10,7,0,85,0,2,11,1,12,3372,5,9,0,2928,9,7,2,333,0,24,2,7,596,2168,122,2,0,11,7,194,212,3,0,332,3,10,3,2,1,0,12,2,1,35,1,3,5,1,28,16,14,4,495,13,1,5,386,2,16,101,1395,10,1,1275,74,6,1,0,879,0,2,6,0,1,0,42,23,16,0,2,1,30,1,542,11,18,0,0,50,15
"ENSG00000182308.7",12,0,17,34,19,3,6,1,11,2,1,4,4,131,17,2,8,22,1,7,8,3,24,6,11,18,4,58,2,59,7,229,14,58,29,14,54,5,0,14,2,20,30,19,11,1,4,2,1,12,5,100,4,18,5,15,11,2,27,7,7,21,5,5,4,13,20,14,45,4,274,32,24,0,5,12,16,7,5,22,1480,60,19,2,23,37,10,6,27,8,13,96,4,0,2,2,28,15,17,9,10,4,9,3,15,16,13,7,125,7,6,7,16,3,2,41,44,1,27,119,7,87,3,27,11,3,5,22,7,47,23,3,67,6,21,6,18,2,10,4,3,30,46,10,7,57,156,13,4,4,1,4,7,31,2,19,25,41,29,57,260,4,12,8,3,7,28,29,11,14,1,12,9,46,0,7,6,47,16,16,7,8,39,17,15,16,8,16,53,9,4,18,27,37,885,6,7,27,10,28,8,11,14,60,1,48,5,6,0,5,6,2,17,45,29,0,15,4,63,35,1,22,1,13,4,2,15,73,32,3,10,18,8,11,2,24,1,3,3,16,3,29,6,3,67,14,9,1,3,20,5,7,7,8,0,3,3,1,18,23,238,205,105,13,6,6,14,1,6,0,12,3,22,0,6,4,3,0,1,4,7,10,16,0,1,10,0,6,7,23,9,10,7,19,2,14,35,5,36,11,3,8,31,4,19,4,9,32,4,145,6,3,12,13,17,39,8,6,24,13,23,85,0,9,14,12,4,8,2,2,30,1,15,35,8,1,5,7,10,60,1,15,39,16,17,16,5,10,9,0,2,11,12,21,6,15,9,47,15,19,21,13,26,131,33,43,50,11,2,4,4,67,3,81,24,10,9,5,9,1,2,9,26,10,13,18,2,7,4,2,12,4,0,15,6,16,84,6,15,1,19,7,27,4,20,7,48,23,0,4,25,5,15,12,24,4,2,7,30,6,5,3,12,4
"ENSG00000182330.10",0,0,0,3,0,0,0,2,7,0,0,0,0,45,0,1,0,9,3,0,0,0,14,11,0,0,0,106,1,0,6,10,1,1,3,734,4,1,0,0,0,9,0,0,1,0,3,0,0,18,1,73,6,0,0,14,2,0,7,0,0,4,0,16,59,0,65,5,6,30,1,5,20,0,0,0,0,22,0,0,1,0,18,0,2,0,1,0,1,0,0,1,0,5,36,1,0,3,0,0,1,0,0,0,0,0,0,3,1,0,10,0,66,52,0,1,0,0,1,0,0,5,0,0,1,1,4,2,0,0,1,0,1,0,0,0,0,0,0,0,0,1,0,0,0,14,0,2,0,1,0,0,1,1,0,0,0,10,0,20,0,74,2,0,0,1,1,0,0,0,0,5,0,0,1,0,2,0,4,0,0,1,0,0,0,2,0,5,0,0,0,0,98,6,0,0,0,0,16,0,0,32,3,1,0,0,1,3,0,79,0,166,0,0,9,0,0,0,4,2,0,34,0,13,0,0,7,12,0,0,6,1,0,0,0,0,0,1,0,4,3,3,0,0,1,0,0,0,0,5,0,0,0,1,0,10,1,0,0,0,9,3,0,0,0,1,0,0,11,0,0,0,0,0,4,0,0,0,0,27,1,0,60,0,1,0,0,0,0,19,4,6,0,1,2,0,3,0,15,0,0,0,1,0,0,0,0,9,0,0,0,3,14,10,1,132,0,1,2,3,0,6,0,0,9,0,1,0,0,2,4,2,18,3,0,5,0,0,0,0,0,4,14,2,6,19,0,0,0,0,0,7,5,0,0,0,0,7,0,0,4,7,0,0,0,0,0,0,0,0,215,1,1,0,5,3,21,1,0,6,2,97,3,5,1,0,0,0,0,186,2,1,0,1,0,0,16,0,1,0,9,0,2,1,0,0,9,0,7,1,5,33,3,0,0,0,0,0,0,2,0,0,0,0
"ENSG00000182366.10",24,0,5,3,32,3,0,0,0,2,1,2,0,16,0,3,2,1,0,5,3,0,5,0,3,7,5,7,12,0,68,0,2,4,8,0,1,2,1,4,1,65,6,1,5,10,5,2,0,1,1,94,2,0,1,0,5,21,0,0,0,84,5,0,3,15,9,11,1,6,1,0,2,2,4,0,225,0,5,2,16,22,1,5,18,6,0,0,2,1,5,2,12,0,2,0,4,5,6,0,0,1,0,1,2,3,8,0,32,7,153,0,9,22,3,1,19,4,2,10,0,0,2,0,2,0,0,0,10,192,7,2,6,1,5,0,13,2,0,0,1,1,0,1,5,0,0,142,0,0,1,0,0,7,1,5,0,2,0,8,2,1,16,5,7,0,5,4,9,32,0,0,11,1,1,2,1,2,0,5,1,9,173,3,3,1,1,1,9,2,0,14,4,0,22,2,0,5,2,76,3,10,100,8,0,0,3,1,8,4,6,14,4,8,3,0,0,1,5,1,0,1,0,2,2,0,2,12,2,2,3,10,21,0,14,5,0,4,0,12,28,1,0,1,18,4,0,3,3,8,1,0,0,0,2,4,1,5,1,4,4,0,2,6,0,28,9,3,5,0,7,0,2,2,13,9,5,0,0,2,1,0,1,2,0,32,0,2,1,115,1,1,8,2,2,3,10,1,0,1,3,1,8,4,0,0,2,0,1,21,7,73,6,2,2,2,10,17,10,3,11,1,2,3,10,8,0,2,2,0,1,0,3,6,6,2,14,417,0,1,0,30,2,31,221,3,0,1,9,0,0,24,3,17,1,5,68,35,146,2,5,0,19,16,4,1,0,5,1,3,15,0,19,0,25,0,7,0,4,2,6,4,4,2,6,4,5,3,5,67,8,0,2,3,3,10,8,11,7,0,0,1,0,10,3,2,1,9,1,9,0,1,1,3,0,11,1,5,2,1,1,0,4,0
"ENSG00000182379.10",3338,2,300,66,60,9,367,36,16,5426,21,130,135,185,956,5,32,256,71,20,85,7,1525,7,17,9,16,40,5,907,53,219,19,20,28,92,56,12,19,38,0,1576,15,11,5,5,40,56,1,17,2,1357,6,34,21,19,11,9,52,32,9,112,7,38,2,19,23,17,77,12,1133,49,29,5,13,2,313,60,562,8,134,159,3131,11,29,274,39,5,155,9,543,779,7,5203,4,2,14,1632,1804,20,15,4,288,10,300,47,13,5,1907,17,40,7,40,41,73,39,317,9,111,50,2,70,5,5,167,1,25,131,23,278,51,9,168,17,373,4,10,3,188,16,3,438,2137,9,40,195,151,28,158,4019,3,11,10,72,18,556,79,486,13,1092,53,502,1119,45,102,49,372,4362,54,3847,335,168,43,121,84,110,62,2584,127,8,2,183,70,86,18,17,37,19,29,30,12,183,71,55,296,5,9,192,1,93,6,20,48,53,2,31,7,197,36,5,41,243,1079,16,43,1209,11,6,45,699,4,53,14,54,5,2,13,350,10,29,3050,45,80,21,7,31,0,3,14,27,89,70,15,155,1291,604,5,92,29,39,102,147,4,74,3,42,7,484,26,1791,71,21,1731,471,6,30,47,2,124,1,15,3,126,9,2,4,1297,2,24,884,90,18,15,4,27,51,1,61,11,27,36,10,14,31,233,6068,13533,7,64,4736,27,56,172,10,73,16,45,124,28,10,55,77,7,181,23,1174,6,91,82,68,40,64,1,170,39,85,12,17,20,0,21,9,48,725,28,4,16,34,21,96,1,9,58,899,1010,37,158,726,22,1,5,2774,1,772,3,12,121,755,184,31,119,614,28,159,337,7,57,32,20,11,20,7,950,47,686,23,15,5,52,120,4,37,19,20,9,320,68,18,4,5,56,12,6,19,4,34,65,124,23,3,117,7,261,2,2670,89,505,22,12,44,14,5514,16,10,24,14,59,2744,73,28,0,16,25,11
"ENSG00000182389.20",21,0,18,21,19,26,0,3,10,10,1218,69,193,53,11,2,14,9,335,11,13,2,19,14,2,11,1,14,6,14,26,54,14,25,3,48,18,3,601,1484,2,18,32,162,11,1,29,10,0,10,1,28,6,191,15,4,100,2,2,2,36,12,27,4,6,16,8,32,13,10,471,38,5,0,1,6,27,7,487,19,189,10,20,9,16,27,4,28,24,1,34,16,7,11,65,6,309,12,855,7,3,3,9,12,13,22,19,4,82,12,21,15,90,37,7,1,48,52,4,229,28,13,3,29,12,6,4,3,26,23,6,8,13,13,12,4,4,1,5,3,2,25,30,16,31,10,40,21,9,22,7,2,6,14,8,4,14,35,14,18,8,20,34,32,14,7,22,13,4,35,3,5,254,10,16,11,10,39,32,34,6,11,99,8,170,1,8,8,9,4,2,10,6,6,2,5,6,4,2,8,3,3,23,47,1,11,5,15,1,3,5,13,5,13,36,18,21,374,37,14,1,1,4,5,4,1,139,13,5,336,3,5,17,118,141,313,5,134,1,13,11,15,242,11,45,30,7,139,14,42,2,4,4,11,4,7,6,14,30,17,8,2,34,90,3,22,12,3,9,2,14,7,4,0,16,16,7,1,336,27,7,324,3,6,5,4,4,13,18,16,10,15,8,10,77,4,15,69,28,34,15,37,43,0,16,7,14,6,4,154,230,34,13,13,42,1009,39,60,44,1,190,24,6,20,18,9,3,69,343,3,3,13,12,261,12,5,135,29,610,15,1,360,22,12,2,2,3,8,10,2,3,24,18,62,97,6,97,28,18,5,3,10,85,56,62,0,17,7,61,2,1,7,0,259,9,5,0,3,20,4,3,6,3,3,5,5,29,3,1,3,74,168,2,19,12,7,33,655,275,5,4,2,26,18,31,28,9,7,2,53,31,2,15,11,2,5,0,62,4,5,6,2,49,3
"ENSG00000182459.5",21,0,0,0,4,1,44,6,3,58,1,20,5,5,60,0,5,5,5,8,8,0,0,4,0,0,10,4,0,1,4,28,3,0,1,0,1,0,9,3,0,4,0,2,0,1,8,1,0,0,3,0,0,68,2,4,0,3,3,1,0,0,3,1,0,28,0,1,40,4,32,3,5,1,0,0,23,7,16,15,1,3,4,36,0,1,18,3,2,1,11,4,1,26,8,0,1,6,7,1,5,0,18,0,3,1,2,0,35,2,3,0,0,1,7,0,3,3,10,21,0,1,1,1,6,1,0,16,3,4,3,0,19,6,4,0,1,0,20,1,0,2,16,0,2,8,106,8,35,211,0,0,1,0,1,12,1,7,6,2,1,7,9,9,23,0,8,1,1,13,0,1,1,3,5,0,9,5,0,4,0,8,73,2,0,0,0,2,1,5,5,3,2,5,2,4,0,1,1,5,2,3,12,14,2,12,0,3,3,4,1,24,13,5,0,121,0,2,2,0,0,2,6,6,1,0,5,5,3,8,4,0,8,4,1,3,0,2,1,2,1,5,0,2,6,7,3,7,8,2,0,2,0,19,0,3,0,9,6,3,0,8,1,1,0,19,10,0,6,0,0,0,23,0,3,3,21,0,0,6,8,50,0,1,1,18,0,7,11,14,0,12,3,6,8,15,4,1,5,82,8,2,3,0,2,2,1,7,1,6,0,2,1,145,51,124,17,51,1,3,5,5,0,38,12,2,0,1,8,0,3,6,1,1,4,0,4,1,0,0,0,1,1,20,6,0,3,5,4,0,1,3,1,90,2,0,9,16,24,1,52,0,0,10,1,4,56,25,3,8,3,7,2,37,35,0,10,0,0,14,1,8,3,5,0,7,4,1,3,17,83,2,0,4,2,1,3,12,2,0,2,2,19,2,1,0,2,5,0,0,2,0,0,0,12,0,2,7,2,1,0,0,2,0
"ENSG00000182583.12",4,0,4,0,0,0,3,0,0,0,1,0,0,169,40,1,1,9,0,0,0,0,34,0,3,0,0,24,17,28,2,0,16,0,19,2,8,0,1,0,2,0,0,1,0,0,1,2,1,0,0,71,0,116,0,1,0,0,5,0,1,29,14,19,1,0,6,0,0,0,335,0,11,0,0,0,0,1,32,33,40,92,1,0,39,9,0,19,0,3,0,20,20,0,0,0,0,23,20,7,0,0,0,0,0,0,0,0,799,4,0,0,1,28,0,11,0,7,13,21,0,53,1,0,6,0,2,94,0,0,1,0,55,0,0,0,0,0,57,15,0,0,22,0,0,0,25,0,13,1,1,1,0,63,0,0,3,0,19,47,1,0,1,0,0,2,34,0,1,12,53,32,0,110,0,1,0,49,0,2,0,1,1,1,3,0,24,0,0,46,0,53,2,47,8,3,0,0,0,0,0,0,0,64,0,186,0,0,25,0,2,1,1,82,27,33,1,0,9,25,0,16,0,0,0,0,3,1,0,0,1,25,0,0,61,24,0,0,5,5,1,0,0,0,4,0,29,0,0,0,0,0,0,0,0,0,0,0,54,35,8,12,0,387,0,0,0,1,11,1,10,0,645,0,0,0,14,0,0,16,23,68,15,0,0,0,0,0,0,0,1,0,0,10,0,43,98,0,0,0,0,44,24,0,52,0,0,0,19,23,0,1,5,0,0,5,7,1,0,13,0,0,0,0,0,0,0,0,1,0,30,0,7,0,0,0,0,0,0,0,0,0,4,2,466,16,5,3,0,0,0,17,0,233,0,0,0,0,1,0,0,1,0,0,1,0,0,0,0,4,0,23,0,12,23,2,53,0,1,37,6,21,2,0,0,8,0,6,1,0,0,1,0,0,0,0,6,20,1,0,8,0,1,0,0,0,12,48,2,0,0,15,0,0,10,0,17,5,33,0,0,0,0,0
"ENSG00000182601.7",0,0,0,0,0,0,0,0,0,1,1673,67,16,0,0,0,1,0,0,0,1,1,0,0,0,0,0,0,0,0,150,0,0,0,1,0,4,0,1,0,0,35,0,1576,0,1,0,0,0,0,0,37,0,4080,145,0,3,1,0,0,1,0,1,1,1,1,0,0,0,0,0,0,0,0,0,1,1,1,122,8,240,0,2,1,1,0,0,0,0,0,0,87,0,0,0,4,82,0,4,0,0,1,0,0,0,0,0,0,5,0,0,6,0,0,0,0,1,0,0,12875,0,0,56,0,0,0,2,0,3,0,0,4,1,0,0,5,0,0,0,0,0,1,0,2,0,0,6,0,0,0,0,2,0,0,0,0,0,0,947,0,0,0,2,0,0,0,0,2,0,7,0,0,0,0,4,1,0,1,0,0,2,0,1,0,89,0,0,0,0,0,0,0,0,3,4,0,0,1,0,0,4,0,0,0,2,0,292,0,0,0,0,0,0,0,0,0,476,0,0,0,0,0,0,0,0,1,8,0,0,618,2,0,0,233,4,1,3,1,0,1,0,0,1,0,0,1090,0,1,3,0,0,0,2,0,0,0,0,0,5566,0,0,0,0,1,0,0,0,0,0,1,0,1,1,0,1,0,89,0,9,1,0,20,0,0,0,0,2,0,1,0,0,0,0,0,0,5,21,0,1,2,0,1,0,2,0,0,0,0,0,234,0,1,0,1,40,1,280,0,2,0,0,0,2,1,0,0,0,4,122,0,1125,0,0,0,1,2,0,0,204,0,0,1,0,2,0,0,1,0,204,1,3,8,1,3,0,0,0,1,0,0,0,0,1,0,0,0,0,0,6,0,1,14,0,3718,0,0,0,0,0,0,0,0,1,0,1,1,5,0,0,0,0,0,0,0,0,1,1,123,0,0,2,0,5,5,0,0,0,0,0,0,0,0,0,0,0,0,0,0,1,0,1,0,1112,0
"ENSG00000182667.14",738,3,82,145,416,7,0,1,4,394,79,8,21,473,5,15,21,7,0,89,204,4,134,134,3,2,1,113,3,90,28,543,245,130,22,89,45,64,0,54,1,894,3,3833,45,18,18,316,28,15,2,257,13,21,2,0,46,3,31,3,1,44,0,64,4,3,36,3,34,75,114,322,37,3,1,11,105,57,6,88,291,13,40,28,3,1,73,2,248,0,106,485,3,81,215,1,657,58,35,190,130,5,283,1,327,95,21,1,67,1,442,24,1186,455,16,1,100,0,1,1996,33,62,4,32,59,2,90,1,14,299,111,15,14,39,190,6,32,3,34,1,16,215,714,24,74,59,71,93,46,267,6,13,1,8,57,0,1,202,28,190,31,8,34,261,140,210,152,59,0,150,6,26,10,3,139,20,73,11,765,1,0,35,13,96,25,11,157,11,4,1,1,146,41,60,13,0,10,3,1,26,4,6,729,7,5,1,3,98,236,3,212,192,36,1,280,820,2,2,145,25,10,16,1,7,12,12,1,8,13,0,4,7,391,79,9,1989,2,11,6,51,72,167,3,12,115,567,0,177,40,0,16,0,8,48,6,14,13,112,1056,7,159,25,167,13,12,321,75,16,20,5,191,9,4,3,11,1,30,1,127,112,7,14,15,12,0,82,9,145,4,165,461,13,82,4,79,34,98,10,8,962,175,100,118,4,4,97,0,92,28,0,30,62,1,34,64,860,15,29,147,22,90,218,2,2,147,22,74,467,165,4,20,32,155,7,36,12,2,83,9,2,2,10,44,68,3,48,3,19,2,2,6,602,6,14,3,8,36,55,1,1,5,80,156,110,698,10,8,38,20,67,8,46,0,10,22,3,0,4,33,5,5,17,3,9,10,0,54,79,3,6,143,0,4,35,7,90,17,26,542,9,10,2,85,5,104,79,75,14,4,467,738,21,46,3,106,17,8,7,30,124,1,1,13,19
"ENSG00000182759.4",30,0,0,5,10,4,5,1,4,377,15,0,15,3,8,0,70,122,1,160,62,1,39,5,0,0,0,982,0,0,110,0,9,17,31,5,9,53,0,0,0,3,8,2,0,441,9,2,0,0,12,3,1,3,0,13,0,4,6132,8,21,108,0,15,2,3,3,0,5,4,5,2,33,2,0,0,9,3603,10,53,104,7384,32,22,289,653,6,3,8,0,662,687,2,1,4,1,0,137,72,0,40,0,19,0,2,15,61,0,93,5,9,4,1,10,11,9,118,162,40,15,0,54,3,0,110,0,5,4,4,0,1,0,11,3,62,0,6,0,20,0,2,4,2,0,26,1,3,175,96,4,0,16,220,201,1,2,37,0,3,1297,4,3,5,544,4,385,1,2228,2324,3,314,40,0,33,13,0,12,15,3,1,2,4,29,8,0,447,23,0,2,650,658,6,90,62,4866,471,1,11,0,19,218,456,21,356,1,5,1,117,2,1,10,151,3,180,1,4,0,1,10,0,1,0,2,17,1,1,21,1,4,0,3,83,3,2,0,7,0,1,35,0,6,263,7,529,17,5,4,10,2,2,0,49,0,0,0,131,1,32,8,1650,36,19,28,40,0,144,8,0,8,0,2,0,1,0,25,0,20,0,57,0,0,2,0,1,1,1,1,2,14,1,2,25,1,3,777,47,4,5,3,13,1098,4,14,4,3,1,0,7,3,14,3,11,0,67,85,9,2,3,2,15,5,1,0,114,4,72,1,1,3,0,4,3,0,690,1,1,3,2,5,1,0,0,0,14,3,647,0,53,4,0,1,2,3,22,8,3,1,3,11,5,5,1,0,12,1,2,9,6,4,83,32,29,29,12,126,0,5,1,0,1,0,259,1,1350,2,18,14,1,0,683,43,1,1,2,2,72,67,3,3,0,0,160,22,31,10,2,2,0,0,0,2,1,46,0,2,3,47,240,1524,1,0,0,7,3
"ENSG00000182798.10",3,0,0,0,0,0,0,0,1,0,4,46,0,122,6,3,1,12,6,1,3,1,0,1,259,1,0,19,0,4,1,1,81,1,8,1,154,0,3,2,0,2,12,193,1,0,2,39,0,0,1,24,0,47,227,36,3,0,12,1,59,6,46,166,0,0,1,68,0,0,139,1,1,0,1,1,3,5,46,92,52,61,0,2,221,0,1,36,14,0,0,35,1,0,22,0,42,12,2,1,2,4,3,28,0,2,1,0,1448,0,1,1,8,4,0,8,4,203,4,65,0,364,1,1,5,0,3,399,0,4,7,1,191,0,1,0,6,0,0,0,0,6,12,0,0,3,1,5,0,0,0,0,3,23,0,0,6,0,8,1372,5,0,0,0,0,63,4,0,0,63,110,3,22,8,4,10,0,92,3,472,0,1,4,4,58,2,0,0,0,865,4,1,0,55,34,0,0,1,1,0,0,5,1,910,0,237,1,1,3,0,0,0,17,0,7,1,178,3,69,110,0,16,0,0,1,0,61,2,1,5,1,46,3,50,17,323,2,68,0,7,0,1,45,0,0,5,1,8,21,26,0,0,0,0,0,6,0,1,20,1,936,37,0,0,0,4,1,4,459,1,8,0,6,0,0,0,0,0,59,22,7,7,743,1,465,0,0,1,2,2,3,2,0,4,153,8,6,14,0,0,0,0,274,0,39,1,0,0,8,201,81,1,5,3,25,1,20,3,6,0,1,0,0,0,21,0,2,743,25,0,2571,2,14,8,143,1,227,0,39,0,0,13,26,0,194,757,1,0,2,1,0,17,4,30,7,0,0,0,0,0,31,4,32,2,0,1,0,1,19,0,1,155,1,6,969,7,670,0,0,1,829,818,25,1,1,164,4,20,397,0,1,156,0,0,0,1,97,0,11,0,0,3,0,36,41,4,113,1,1,2,3,2,0,0,8,1,161,19,0,2,1,0,127,0
"ENSG00000182912.6",94,6,2,34,28,7,4,200,24,15,243,360,958,5,460,19,77,43,986,93,113,9,175,18,267,5,291,105,1,35,28,30,83,32,11,5,57,20,422,255,12,3,178,135,12,204,58,129,7,1,7,160,38,178,68,55,384,243,286,4,101,1845,0,55,37,77,41,57,1,90,592,56,18,15,177,24,1,75,352,54,308,317,0,2,429,144,14,28,0,1,30,2,36,26,104,11,640,85,329,10,4,21,45,42,5,129,26,23,1071,439,95,25,0,1,46,101,201,69,55,404,67,27,0,3,206,61,17,168,4,1,10,32,417,10,15,31,18,33,70,1,1,8,9,15,41,5,28,286,503,39,18,84,45,42,17,401,31,80,309,106,215,53,208,237,92,14,179,5,6,214,86,757,44,0,8,69,45,23,190,762,7,265,113,486,269,24,126,2,43,202,0,186,636,41,141,602,8,260,0,3,27,0,240,489,8,28,1,3,5,55,5,301,55,115,267,5,126,4,12,27,14,9,26,0,18,12,21,2,2,8,351,63,114,412,166,124,15,0,21,43,236,109,13,97,43,229,23,37,110,307,16,3,4,269,6,13,6,51,149,3,139,54,8,5,9,86,42,15,1255,4,7,15,80,3,127,240,366,8,2,2,308,2359,66,10,183,13,6,1,432,47,12,3,17,37,120,211,30,72,124,89,961,48,1,12,85,15,69,65,240,189,7,277,205,8,391,254,327,27,2,7,60,16,7,655,54,737,15,166,9,8,260,42,24,15,18,1,40,0,624,95,2,480,61,11,791,120,20,142,16,2,10,7,30,429,48,12,88,3,247,551,87,27,78,9,2,4,179,303,148,36,178,302,38,96,310,106,9,9,82,198,141,160,330,30,3,7,102,14,99,26,136,231,19,3,8,117,217,355,48,4,84,3,90,65,1,1,47,2,32,2,16,55,127,2,88,3,101,175,133,7,15,13,93,15
"ENSG00000182938.7",0,0,0,0,64,1,0,0,0,0,0,0,0,0,0,0,7,0,0,5,2,0,0,0,0,3,1,0,0,0,0,0,0,0,0,2,0,0,0,1,0,11,0,0,0,0,0,0,0,0,0,1,0,1,0,0,0,0,0,0,0,3,0,0,0,2,0,0,0,0,0,0,0,0,0,0,9,0,0,0,7,0,1,5,0,284,0,0,0,0,92,0,0,5,0,0,0,0,0,2,0,0,2,1,0,0,0,0,19,0,134,0,1,0,2,0,5,0,0,1,0,1,3,0,0,0,0,0,1,1,0,0,0,0,5,3,0,0,2,0,0,300,5,0,3,1,0,16,4,1,1,0,0,0,0,0,0,0,0,0,0,10,1,20,8,3,0,0,0,1,0,0,0,0,0,0,0,1,3,0,0,400,0,0,0,0,0,0,0,0,0,0,1,1,0,5,0,0,0,4,0,0,4,0,0,0,0,2,0,0,11,42,0,0,1,0,0,0,0,0,0,0,0,0,1,0,0,0,0,0,0,0,0,0,0,0,0,0,0,1,197,0,0,13,8,0,0,0,0,0,0,1,0,0,0,2,0,45,0,0,0,0,2,1,0,1,0,0,1,0,0,0,0,0,0,0,1,0,0,422,0,1,0,0,0,0,0,0,0,0,0,0,282,0,2,1,30,0,0,0,0,19,31,0,0,0,0,0,0,0,0,188,0,8,0,0,0,0,0,0,2,14,0,13,0,3,0,0,0,0,0,0,0,29,0,0,0,1,0,0,1,0,0,11,0,0,0,147,0,0,0,1691,0,0,0,0,3,0,0,0,2,1,0,1,1,1,0,0,0,0,0,0,0,0,2,0,1,0,0,0,0,0,0,0,1,0,5,1,0,0,121,0,0,49,135,0,0,0,0,0,0,0,69,0,0,0,0,0,0,0,0,0,0,0,0,0,0,0,267,0,0,0,0,0
"ENSG00000182963.11",194,4,402,257,755,121,4,319,68,431,222,194,43,381,70,46,119,85,6,171,148,22,469,193,89,151,150,186,53,154,240,397,226,319,116,261,198,36,85,287,7,526,959,196,70,47,213,251,73,159,121,235,32,54,107,104,166,180,133,116,84,151,28,71,25,320,118,96,228,1239,356,345,201,18,141,31,1536,168,57,150,234,84,157,102,192,171,118,24,1183,35,462,87,888,46,119,12,87,756,145,859,154,82,357,85,201,454,260,36,965,160,570,82,1044,331,311,90,985,82,49,177,49,86,109,82,149,40,83,68,358,378,133,93,104,228,283,28,306,11,76,114,20,905,163,27,317,437,74,109,263,169,33,26,206,86,165,34,16,548,127,221,365,56,185,207,108,337,197,940,754,320,16,112,203,213,133,95,191,140,339,41,18,1356,192,293,104,97,495,268,105,42,43,1645,150,219,87,56,20,20,121,478,94,272,419,209,33,53,91,698,105,106,217,227,88,160,551,412,24,85,370,523,3,170,202,132,171,46,214,147,72,301,113,142,472,156,67,150,11,93,88,158,421,272,110,106,1011,366,16,112,370,70,98,58,72,149,23,215,46,367,135,643,239,175,969,97,31,448,407,54,125,24,261,22,49,35,217,698,51,15,70,147,330,66,58,25,54,722,27,327,44,363,98,172,126,98,132,503,197,111,558,514,916,98,1149,97,77,124,70,185,110,57,174,258,48,219,250,644,206,438,639,110,385,467,27,325,356,415,30,156,76,22,269,65,123,259,297,65,55,1683,68,87,29,117,415,69,68,153,159,92,219,25,30,1247,187,104,76,22,92,183,666,12,168,178,278,196,1547,146,48,1888,195,117,196,142,20,30,27,37,84,31,484,248,47,213,64,68,31,24,183,74,92,164,205,112,21,271,52,179,100,134,265,23,78,23,418,22,133,373,91,143,154,1303,273,69,151,203,519,154,50,1114,83,141,14,41,258,32
"ENSG00000183010.17",976,25,13,78,448,23,1001,42,171,479,1757,17,3371,798,2773,160,342,123,19,252,591,55,1857,524,21,8,657,31,2,770,1442,68,111,202,139,4618,2220,408,18,28,8,972,1233,281,157,2,28,493,89,29,162,1543,149,2696,622,53,302,41,16,6,6,549,692,102,13,1167,30,32,1073,425,832,81,24,52,10,32,1916,172,4598,175,2592,10,1506,3621,845,850,24,1,640,2,1832,2333,7,15,7,46,857,60,1496,752,258,156,3023,426,520,5720,214,173,2179,995,979,92,667,106,998,726,1432,176,7094,15644,3,289,47,13,277,76,61,908,526,8550,240,110,1859,38,2209,92,543,140,1521,12,46,2048,114,138,558,1136,1264,2430,2879,575,79,82,505,36,58,214,91,229,30,766,86,2174,899,627,1022,144,149,872,7,195,676,284,698,752,308,19,70,6428,1207,459,24,1045,303,513,23,53,79,490,358,476,1365,664,602,32,75,2034,103,651,1123,2332,14,467,1216,1563,50,10,200,35,187,9,250,1746,20,1786,138,864,9,6,128,17,58,47,304,287,74,112,864,15,13,181,802,15,69,256,2,94,81,913,7,571,588,45,8,320,2376,2567,94,598,53,6,26,354,57,1848,85,393,104,388,2249,794,132,90,568,2338,153,149,178,49,16,56,191,68,2437,51,25,12,1268,62,13,116,3,737,3,53,1185,2049,44,381,463,114,334,198,152,961,1515,6690,3310,1099,26,281,170,306,5465,352,80,128,4,130,24,2279,510,84,261,1301,2539,566,42,1616,824,36,1465,1543,81,526,527,1103,131,11,284,100,4392,57,114,1385,890,75,44,2988,281,263,210,948,52,1287,19,34,205,1191,367,36,135,3252,22,730,205,135,1337,1192,3576,7,17,175,45,594,1425,10,366,4143,34,44,12,1034,11,1159,2243,13,35,36,132,14,6,2187,157,142,166,4,1380,409,1,43,4843,5,123,85,9,20,15,3814,251,58,313,718,942,392,70,54,36,205,39,319,169,21,228,148,42,606,1269,26,758,240,49,46,1881,79
"ENSG00000183036.11",118,0,116,0,5,5,0,0,0,1,1,0,0,0,0,3,1,2,7301,2,0,1,1,0,0,0,2,3,0,0,0,0,0,0,3,1,9,0,1,0,6,2,0,33,1,0,1,0,1,0,2,0,3,78,0,0,2987,78,0,0,2,2,2,1,0,5,0,205,2,1,1,0,0,1,0,1,11,0,415,0,491,0,0,0,2,1,0,1,0,0,5,2,0,1,151,0,1506,0,1846,1,4,0,0,0,1,4,0,1,12,0,1,5,1,0,0,42,6,35,1,109,2,0,0,0,1,1,2,0,4,0,0,0,7,0,2,0,5251,3,0,0,0,0,2,2,4,2,0,1,0,2,2,2,0,6,0,0,0,0,3361,0,1,0,0,1,3,1,0,4,0,0,13,0,0,0,0,0,0,5,6,5,0,0,0,0,81,1,0,2,0,0,5,1,0,2,1,0,1,19,0,0,0,0,0,1,0,62,3,0,4,0,0,0,0,0,1,1,27,0,0,0,2,2,0,0,1,4,26,2,0,105,0,0,0,0,4,66,2,0,0,0,1,0,16,0,0,23,0,8,0,1,0,0,0,0,3,0,1,8,757,11,17,0,1,1,0,2,18,0,1,0,0,0,0,1,3,71,0,4,589,1,0,101,0,0,0,1,0,5,4,0,9,0,1,21,50,2,2,5,6,0,1,2,0,1,0,0,0,0,2,330,43,12,0,7,0,2,0,1,8,1,11,4,0,1,1,0,2,1,3237,0,15,0,1,1393,0,1,4,0,1,8,0,7,0,2,0,1,0,2,1,0,0,0,0,5,0,1,12,24,0,0,1,1,4,6,41,0,1,0,0,1,0,0,0,61,0,0,0,1,0,0,0,0,46,0,0,3,7,0,0,5,14,0,0,1,35,0,60,1,9,1,0,0,0,0,1,23,0,0,0,1,2,1,0,0,1,0,0,4,0,1,5,0,2106,3
"ENSG00000183072.10",165,0,1,0,1,0,0,0,0,34,0,0,15,1,0,0,0,0,0,0,0,0,2,0,0,0,1,0,0,0,237,3,0,1,0,0,1,0,0,0,0,0,1,0,0,0,0,0,0,0,0,1,0,2,0,0,1,0,1,1,1,0,0,4,0,1,0,0,0,123,1,0,0,0,1,0,1,1,15,1,1,0,4,0,0,1,0,1,9,0,169,0,0,1,0,0,0,0,2,1,2,0,347,0,2,0,0,0,323,1,1,0,0,1,1,0,3,0,0,2,0,0,1,3,0,0,0,0,0,0,0,0,1,0,0,1,0,0,0,0,0,1,0,0,53,0,0,1,17,0,0,0,0,0,0,0,0,0,0,0,0,2,3,1,0,0,3,24,2,0,0,0,0,1,1,0,0,0,0,0,0,0,0,0,0,0,1,5,0,0,1,0,0,0,1,0,0,0,0,1,0,0,1,0,0,0,0,0,1,0,1,0,0,0,0,0,1,0,1,0,0,0,0,0,0,0,0,0,2,2,0,0,0,1,0,1,0,0,1,0,0,0,0,1,2,21,0,1,0,0,0,0,0,0,1,0,0,2,0,1,0,0,0,1,0,0,3,0,0,0,0,0,0,0,0,0,9,0,2,0,0,0,0,0,0,3,0,4,0,0,0,1,0,0,8,55,1,0,0,417,0,0,1,0,0,0,0,0,0,0,0,0,0,19,0,1,1,1,7,0,2,0,0,0,9,0,0,0,0,0,0,1,0,62,1,0,1,0,0,1,0,0,1,103,0,0,0,0,2,0,0,0,0,0,0,1,0,15,0,0,0,0,0,0,0,0,1,1,0,7,0,0,27,0,0,1,0,2,0,0,0,0,0,0,0,0,1,0,0,0,6,0,0,0,1,0,0,633,1,0,0,0,1,0,2,0,0,0,0,1,0,0,2,0,4,0,2,173,0,0,0,0,0,0
"ENSG00000183091.19",95,4,9,133,2434,71,14,82,96,4066,130,46,1814,852,3232,183,25,346,7735,76,42,73,84,125,533,189,20,2421,157,3721,238,12226,252,1202,107,7421,289,16,10,68,12,142,90,87,120,211,292,92,314,4665,16,4421,767,156,38,582,157,40,830,655,58,1592,64,1948,52,1311,175,59,1813,3769,5441,134,27,6,36,76,5237,102,288,247,1350,3575,4429,82,2074,122,62,19,1587,22,43,2761,58,80,204,16,86,45,1550,2017,186,51,1175,8,151,42,2951,252,3322,24,192,107,2467,3713,28,33,1618,159,713,937,29,1028,5527,92,107,71,79,309,594,1851,294,77,1290,48,97,34,2477,34,1095,41,51,1012,2374,396,593,554,321,212,238,24715,57,60,126,117,170,2904,71,413,320,2681,792,52,320,820,104,2022,442,299,3579,6101,223,469,432,1287,67,33,45,2239,228,419,50,829,149,2555,388,97,330,22,267,2830,238,41,244,2835,2357,1052,60,140,4680,1202,52,28197,298,1144,12,171,5441,2820,169,1847,189,509,277,547,861,6177,34,98,343,7172,82,1397,48,760,160,29,34,2494,117,372,4220,1445,49,145,76,525,72,17,1106,96,178,101,305,135,1127,1309,51,86,189,359,30,16,42,202,45,121,360,33,90,14197,1338,465,875,623,31,238,377,20,3890,64,25,50,321,61,83,14,235,27,126,2074,1880,257,209,34,91,16,12,23,250,24,275,234,471,127,45,162,10409,15,96,73,316,115,2073,32,84,14,430,334,781,771,305,4423,50,88,110,6583,899,197,3694,197,4596,613,61,412,92,689,214,170,45,14,182,125,318,2066,336,158,314,7608,851,431,58,104,50,817,2374,333,60,41,192,24,80,24004,140,1669,102,72,271,118,182,998,838,18,141,5658,75,143,331,155,293,56,120,87,375,174,1805,670,1701,62,70,4873,813,3579,1160,19,352,803,303,1206,105,1623,1536,166,56,381,1499,123,694,1063,814,205,274,337,28,33,114,179,1811,111,56,2011,184,122,50,145,359,17,278,76,137,210,21,14,244,364
"ENSG00000183117.19",2,2,0,8,1,0,0,1,0,5,0,71,1,457,147,36,0,21,1,0,2,4,193,16,839,742,1,434,135,276,3,0,198,0,86,0,302,20,0,1,97,10,2,23,2,2,0,51,1,2,0,1186,1,300,0,8,0,2,1208,11,0,551,0,139,47,6,5,1,0,89,1194,0,50,0,0,0,2,57,26,665,116,337,0,15,1003,2,5,97,10,54,0,100,189,11,1,4,0,461,468,0,2,0,0,1,0,4,2,0,1299,288,1,9,2,316,0,382,5,561,280,435,1,58,1,0,46,0,17,205,0,2,149,1,286,0,1,0,0,0,128,419,0,4,246,0,3,213,184,0,1,8,3,0,0,949,6,1,69,0,168,585,218,0,0,0,0,15,262,3,0,2584,292,218,1,478,1,0,2,380,0,1003,0,13,4,2,260,2,432,704,1,739,135,394,1,507,100,0,0,1,0,0,196,1,0,264,2,68,1,407,5,20,3,0,11,585,276,0,3,1,101,917,1,407,0,27,1,1,0,343,12,0,38,228,1,1,3,249,0,0,208,483,6,37,0,0,9,4,92,0,1,1,29,1,1,2,3,0,0,0,400,364,510,720,0,277,1,4,1,0,972,1,195,0,186,0,1,1,6,0,0,493,232,297,61,1,0,0,1,0,0,1,1,22,0,47,0,336,700,0,46,1,1,4,1743,0,0,0,0,45,68,593,80,3,119,0,1,49,809,18,5,221,4,0,0,5,42,2,0,0,53,0,1937,0,309,57,18,2,0,0,8,0,0,6,123,4,525,350,243,0,1,0,0,131,0,613,0,0,1,14,2,0,36,6,108,0,1,4,7,0,11,0,0,496,2,0,276,49,1304,2,20,226,19,611,1,2,0,20,0,311,99,13,5,2,0,1,0,1,741,258,147,0,1,1,3,1,0,11,376,136,109,0,10,103,0,0,272,0,228,529,2828,2,1,0,0,5
"ENSG00000183150.8",13,2,187,4,51,20,42,8,2,5,1,8,41,143,18,4,2,11,11,8,14,5,9,4,10,18,6,30,3,17,56,48,10,3,4,27,21,6,13,10,10,7,16,1,4,27,2,28,1,5,19,52,9,65,20,32,5,24,69,39,1,20,16,8,3,51,18,3,117,104,85,17,8,0,11,6,72,19,70,72,45,10,27,13,22,8,2,7,13,2,43,4,1,12,1,1,2,81,22,18,13,4,71,9,20,29,18,1,162,15,14,28,8,20,7,3,41,14,5,27,7,55,4,22,19,0,3,69,18,110,7,1,34,6,28,1,22,5,65,4,1,73,5,6,14,78,37,14,14,5,3,7,3,10,2,20,9,23,21,61,32,8,41,15,8,16,33,24,130,241,7,15,13,48,3,4,10,43,21,11,2,25,23,10,7,9,35,3,29,104,9,35,90,45,16,21,2,25,4,123,18,35,31,124,0,33,5,81,40,21,6,63,20,11,19,6,2,5,7,12,1,21,20,1,7,4,27,112,7,9,70,19,25,45,5,50,1,4,2,8,4,7,3,4,7,29,6,7,17,5,0,2,1,13,1,30,6,8,5,111,55,37,31,71,3,11,29,2,20,2,27,3,34,1,9,26,22,1,9,27,107,19,29,0,7,44,1,11,10,12,2,9,12,5,22,28,24,6,6,14,26,10,145,10,30,0,7,12,15,116,7,70,29,22,17,16,50,48,15,9,23,18,4,21,31,66,5,8,14,0,45,22,18,7,136,1,33,133,2,5,3,14,6,4,43,40,2,37,13,2,4,55,2,25,2,2,31,61,60,5,4,5,1,19,157,6,11,54,6,20,23,13,20,12,81,5,50,4,7,119,9,24,25,5,8,3,47,7,15,24,11,15,5,31,19,16,50,34,3,3,8,47,13,2,26,26,14,56,25,3,12,30,2,4,25,34,12,20,49,9,1,1,171,3
"ENSG00000183154.1",1,88,17,11,5,7,1,38,29,18,26,39,6,12,1,66,5,20,10,17,5,114,44,13,85,30,4,9,4,7,9,1,8,39,9,160,19,17,15,13,14,8,5,108,76,3,24,17,56,78,23,13,73,1,15,10,137,8,59,12,53,9,5,25,62,6,53,164,3,5,4,19,3,87,6,102,5,11,3,19,12,6,29,11,35,17,7,7,25,11,16,78,1,2,11,39,225,29,2,3,24,107,2,7,5,26,14,71,1,3,8,71,87,8,3,74,10,13,22,9,20,1,78,26,17,73,34,12,13,5,54,127,4,10,14,114,25,114,5,25,50,6,5,128,3,8,5,2,2,2,89,100,21,134,18,54,31,17,17,20,32,7,10,5,1,13,5,2,20,10,25,5,49,3,4,34,3,4,27,50,75,8,7,6,53,11,26,82,34,10,7,15,9,19,11,6,99,8,317,12,5,18,8,10,146,6,82,13,6,26,54,7,1,6,12,1,111,46,2,52,99,47,0,11,48,53,25,11,2,35,3,20,7,37,34,10,96,40,10,24,24,6,73,36,0,12,5,67,25,31,9,5,82,3,107,15,105,4,13,10,33,62,2,3,83,5,1,96,19,77,8,69,1,69,9,4,1,61,78,15,15,6,28,26,43,5,77,10,1,8,41,11,6,7,31,5,3,71,150,18,11,6,10,94,1,24,47,58,10,21,79,6,18,39,30,2,11,11,146,12,9,13,104,13,54,23,33,51,3,57,23,10,35,14,28,189,47,6,30,23,165,148,10,5,1,12,30,0,11,44,149,10,116,4,14,71,0,6,6,0,26,24,27,5,10,32,0,3,37,16,16,20,1,4,1,8,16,43,56,19,6,7,83,9,34,13,4,9,14,8,3,137,106,16,7,5,40,0,26,56,9,7,20,11,17,10,5,5,15,91,14,9,59,76,6,10,6,6,18,89,106,96,13,90
"ENSG00000183166.11",3,28,0,1,1,1,0,0,0,0,0,0,2,1,0,28,1,0,0,5,2,33,3,2,0,0,0,1,0,0,2,14,2,2,0,1,2,0,0,1,0,6,1,11,11,0,0,2,69,0,0,26,10,29,1,0,0,0,6,0,1,16,0,2,0,1,0,1,1,0,4,2,0,15,1,27,3,1,8,1,16,24,0,4,0,1,0,0,1,0,0,0,0,10,3,14,1,0,4,8,3,3,0,0,0,0,1,19,601,0,2,38,0,5,3,0,3,0,0,37,0,1,1,1,0,25,11,0,0,3,4,108,2,1,0,99,0,16,0,0,11,9,0,25,31,0,0,1,0,0,28,61,0,1,0,0,0,32,0,0,4,0,0,2,1,0,2,2,0,2,0,0,0,7,1,1,1,0,1,0,15,1,0,0,0,0,3,0,0,1,0,0,0,2,0,0,14,4,0,0,0,1,2,6,48,5,0,5,9,0,6,2,1,0,1,10,9,3,8,1,19,0,1,0,31,71,5,0,0,0,2,3,1,0,0,0,24,466,0,0,17,2,0,0,1,1,0,0,1,0,2,2,32,0,27,0,81,5,0,40,29,70,0,3,56,0,10,56,3,14,0,14,200,19,0,0,0,9,0,1,0,6,0,22,0,1,15,0,3,0,19,1,0,1,0,405,5,0,0,3,13,1,0,59,1,0,1,0,0,1,1,0,1,2,13,28,1,0,3,2,4,68,33,2,7,1,3,18,0,11,5,4,1,0,0,106,2,3,2,0,40,0,2,1,1,0,0,0,0,42,39,2,0,273,0,47,0,49,1,0,0,1,3,1,9,1,0,0,0,2,0,1,0,1,10,1,2,13,3,0,4,1,1,0,5,0,1,1,0,0,1,0,19,0,0,1,3,15,78,12,0,0,2,0,1,0,1,0,0,3,6,1,0,0,0,0,0,0,1,40,32,0,0,15
"ENSG00000183185.9",0,0,0,117,0,6,18,0,68,2,0,1,38,37,10,0,0,17,0,1,9,2,2,5,8,1,0,7,1,31,0,11,55,0,7,0,95,5,0,0,0,0,0,3,0,9,33,11,9,0,6,5,0,132,0,7,31,0,0,2,0,4,2,1,4,0,9,2,5,3,8,274,1,5,0,0,36,2,32,48,26,5,2,24,11,0,18,12,0,35,456,10,2,35,0,0,33,10,84,28,3,0,3,0,63,0,20,1,52,1,4,2,3,16,0,0,1,0,21,1357,4,1,10,1,101,3,3,0,6,3,5,1,205,272,46,0,1,0,1,0,0,0,20,15,9,5,19,0,28,51,1,3,31,18,71,0,310,162,0,7,3,212,948,1,0,6,218,0,9,445,0,4,44,8,41,2,95,6,5,151,0,2,38,22,0,79,0,0,1,4,2,8,0,50,34,0,0,20,0,4,1,32,1,8,0,1,2,6,41,3,7,3,236,1,2,0,2,17,82,88,0,12,87,1,0,1,3,170,4,14,2,1,215,37,0,380,0,2,331,33,0,27,0,0,46,4,143,283,31,5,2,0,0,3,3,115,0,0,70,16,98,10,102,9,2,14,14,1,31,1,362,4,68,4,39,0,89,0,0,44,0,132,34,0,0,17,5,13,95,53,2,1,0,25,15,24,10,8,0,0,48,0,4,0,152,5,140,0,1,1,0,0,0,13,18,0,89,9,1,72,0,1,0,0,169,10,3,0,52,1,8,4,226,0,11,4,3,81,0,0,0,393,1,1,8,0,0,0,82,1,3,1,0,15,0,1,0,0,122,2,153,6,27,1,1,0,0,254,2,24,72,102,37,27,4,1,2,6,0,0,4,17,2,1,3,6,0,23,53,14,347,0,0,1,0,0,12,22,9,2,6,0,0,0,44,0,242,65,4,0,7,8,39,18,0,0,1,0,0,0,0,0,4,3
"ENSG00000183196.10",29,0,1,9,10,1,3,5,0,13,4,0,11,6,29,3,1,21,4,2,6,0,7,3,2,0,23,4,1,0,3,19,7,2,0,33,2,2,0,2,0,39,7,7,3,13,1,13,0,1,3,14,3,6,3,1,0,7,136,1,2,88,5,5,2,4,0,4,4,2,4,8,0,0,6,3,58,6,126,34,3,11,240,0,3,8,1,2,79,0,15,0,1,9,1,0,3,3,8,123,7,3,9,0,9,7,2,0,273,36,7,11,40,28,2,1,35,1,24,2,0,9,0,27,6,1,4,3,4,10,4,4,2,5,14,1,4,1,11,1,0,19,29,1,9,3,2,8,11,24,2,1,0,8,5,2,0,12,4,9,2,2,3,15,11,5,13,69,1,5,655,1,1,1,8,3,1,3,24,1,2,8,8,3,1,0,6,113,3,2,14,65,6,4,3,0,4,1,0,43,1,2,53,5,2,0,0,186,11,0,2,1,1,11,10,30,7,1,20,0,0,4,3,8,0,2,2,1,2,0,110,1,40,9,1,1,0,1,0,1,3,16,6,8,6,4,1,7,4,2,3,0,0,41,1,5,0,13,0,8,3,3,28,5,0,21,1,2,0,0,10,0,15,0,1,1,4,1,1,6,8,5,3,3,9,9,1,0,23,4,7,1,2,3,36,14,8,0,5,11,6,9,45,4,1,5,4,1,3,0,1,2,2,16,5,16,3,7,9,4,12,16,0,11,10,8,5,1,8,1,3,6,5,121,14,2,11,14,0,8,0,2,6,9,1,0,8,9,34,0,1,33,1,1,0,0,4,25,0,2,0,7,5,5,23,1,4,20,1,5,2,2,0,8,6,3,1,0,4,30,0,1,2,6,2,0,11,3,17,2,18,14,2,4,4,8,7,21,15,2,0,5,9,3,6,9,5,3,3,28,19,0,2,4,4,1,0,5,6,4,1,3,3,1
"ENSG00000183230.17",3,394,55,28,23,57,0,6,12,13,18,13,12,29,0,162,17,34,6,84,24,382,30,42,459,583,0,287,24,4,7,25,10,48,4,6,9,1,0,17,30,8,2,232,128,3,2,10,160,142,81,11,39,3,0,3,424,51,17,18,146,5,174,70,33,189,408,20,22,23,35,14,52,230,79,649,17,4,8,7,8,3,1,11,30,147,0,2,18,4,24,27,56,0,12,59,383,60,7,150,16,662,27,222,9,34,270,64,38,14,59,187,44,20,5,61,40,706,1,1,7,7,8,27,19,377,112,3,59,34,29,616,0,14,15,1318,8,721,18,9,98,21,8,221,44,15,1,1,4,4,366,248,22,153,42,0,1,69,5,58,14,13,10,15,2,5,0,20,31,16,18,15,20,90,28,19,19,3,26,7,418,9,5,4,42,15,1122,189,5,90,20,7,2,10,10,4,138,5,0,41,59,42,22,41,351,12,30,32,22,28,11,58,5,5,48,7,1,376,46,11,714,407,3,20,475,254,1159,26,2,12,17,135,20,8,123,5,214,6,0,142,34,22,143,28,5,41,0,19,29,228,27,5,227,34,118,27,288,14,1,128,544,51,8,88,168,30,25,530,68,184,11,74,5,98,83,91,14,32,354,11,274,3,50,56,117,23,289,17,14,20,87,2,6,1,2,0,103,88,10,2,23,5,90,25,0,14,3,41,40,105,360,8,5,37,42,4,3,34,23,26,18,60,378,20,36,5,97,37,1,55,3,11,55,45,174,620,65,4,2,3,514,85,5,18,5,14,11,6,3,170,297,22,382,37,21,479,13,3,16,12,173,26,53,20,59,1199,5,75,76,10,68,20,0,17,39,13,24,219,14,55,28,162,7,3,14,1,13,13,2,11,7,134,13,32,27,137,39,52,498,467,17,4441,12,53,7,422,9,17,59,47,43,6,165,174,5,14,13,333,13,358,667,6,3,23
"ENSG00000183242.12",1,0,0,1,1,5,0,5,0,0,0,0,1,1,0,4,46,0,0,1,68,0,0,0,0,0,0,0,0,0,138,0,1,0,0,1,1,0,0,0,0,1,0,0,4,0,1,2,0,0,0,2,2,0,4,0,1,3,0,0,0,0,0,0,3,0,1,0,0,1,2,2,1,0,0,0,0,2,0,8,0,0,0,1,0,2,0,0,5,0,1,0,5,0,0,0,5,1,0,5,2,0,18,1,4,19,0,0,1,0,0,2,5,1,40,0,1,1,0,0,0,1,0,0,35,0,4,0,0,0,0,0,0,3,19,1,0,0,0,0,2,2,6,1,36,22,0,0,1,1,1,1,0,0,5,0,19,2,0,1,0,2,88,3,1,2,1,0,1,321,0,0,0,3,1,0,0,2,4,71,1,11,0,1,1,1,5,0,1,0,0,110,1,1,0,0,1,1,0,0,2,1,1,4,0,2,0,0,1,0,9,58,1,1,2,0,0,0,0,2,0,0,0,0,3,1,4,0,36,0,0,0,4,5,5,0,4,1,0,0,0,1,0,1,25,19,0,115,2,1,0,0,0,0,0,6,1,14,304,6,1,0,66,0,2,0,0,1,1,0,1,2,0,1,5,39,1,0,0,98,0,0,0,0,0,0,2,0,0,77,7,0,0,0,2,23,2,2,1,0,0,0,0,5,0,0,0,0,1,1,0,2,0,175,2,1,0,0,9,1,0,2,0,0,2,0,9,1,55,0,1,31,3,12,1,1,0,2,0,3,1,1,0,0,92,0,0,15,1,1,1,1,0,1,0,2,0,0,0,0,14,0,2,9,2,0,0,0,0,1,279,1,13,1,0,0,0,1,1,7,0,0,1,1,1,1,0,0,2,4,0,0,1,0,0,0,2,0,5,0,2,0,0,0,1,11,0,0,0,12,1,0,0,0,0,0,1,113,0,4,1,0,2,0
"ENSG00000183248.12",515,25,31,14,822,28,3,2,0,450,26,57,22,48,52,10,19,107,3,120,111,15,309,43,51,21,49,15,15,54,17,41,14,33,13,22,34,21,42,51,2,353,17,3,10,30,19,49,38,6,31,49,12,75,14,15,13,17,46,22,72,24,5,50,7,123,19,24,34,143,908,29,10,8,14,2,64,68,328,198,55,177,32,106,68,200,15,5,27,67,689,114,60,135,40,6,3,120,544,107,58,11,54,27,28,85,59,5,329,678,179,11,7,47,10,29,538,8,45,35,1,8,2,8,40,5,12,196,80,197,17,7,59,24,17,14,13,5,104,13,13,950,128,18,148,21,26,373,110,612,35,8,7,88,8,61,34,35,77,116,13,308,32,375,334,24,42,936,5,243,89,65,6,69,150,27,51,254,177,68,0,259,69,25,11,20,24,21,69,47,176,34,72,10,61,12,25,28,5,472,4,6,586,41,10,114,11,12,57,4,17,414,50,7,46,1227,40,15,24,32,6,39,16,65,13,9,11,11,10,17,100,46,32,10,12,33,11,11,50,61,55,41,20,35,237,234,9,103,74,4,7,96,6,74,19,20,26,56,276,75,111,14,45,1204,8,182,163,19,101,18,46,4,58,8,21,2,66,12,35,258,48,175,118,22,9,48,28,11,117,11,45,20,220,63,114,642,130,37,14,709,53,19,267,3,14,15,4,34,75,29,12,731,80,126,38,35,18,311,47,61,448,329,13,84,33,122,14,2,15,8,14,18,14,329,26,20,60,7,31,21,7,14,8,671,135,55,8,386,23,0,9,533,6,377,13,4,88,444,17,157,24,63,15,119,397,4,163,159,10,97,8,25,10,27,170,165,12,22,1,78,25,38,120,64,12,88,479,35,56,105,744,31,7,140,66,19,4,325,64,12,13,10,56,12,67,5,20,5,58,27,11,83,10,5,42,28,38,23,84,18,12,7,180,31
"ENSG00000183287.14",14,80,347,18,86,47,1,30,28,65,33,2,5,18,4,648,51,0,6,93,132,365,14,125,4,63,0,19,0,4,4,17,12,112,67,4,14,47,3,1,0,20,5,3,857,9,4,6,339,13,87,23,445,5,0,1,97,1,14,1,0,9,0,136,139,2,28,1,70,10,62,39,53,193,11,336,5,30,120,57,8,6,10,27,2,1,4,5,19,1,45,4,2,1,2,183,68,34,8,55,41,297,10,3,41,31,17,370,1086,0,54,625,47,30,10,4,13,1,1,6,0,21,33,4,11,154,192,1,21,131,102,506,5,7,23,491,4,247,2,28,228,50,44,740,384,13,1,7,24,10,242,478,1,5,480,1,41,139,7,6,5,1,24,64,5,51,52,1,1,11,0,9,1,1,4,11,26,3,209,1,79,4,2,7,3,64,291,190,2,9,34,1340,25,26,5,2,485,7,8,4,4,4,48,4,596,4,43,8,119,3,353,55,5,0,117,9,2,11,16,2,141,10,2,3,454,237,28,1,1,1,4,6,58,23,0,4,491,15,1,6,464,8,4,109,23,12,0,13,10,2,32,1,226,4,223,49,491,8,4,4,186,55,10,10,714,8,7,839,11,274,8,213,0,281,9,13,9,219,0,10,20,12,2,191,5,62,360,33,1,34,681,55,32,3,8,12,19,3,29,15,177,2,18,937,3,19,5,6,9,15,69,7,1,34,78,16,7,4,87,31,5,19,343,11,36,8,787,2,2,202,4,35,67,29,2,585,0,3,1,2,272,3,12,17,4,52,1,4,68,503,301,19,100,3,25,794,0,8,1,3,1,39,27,5,58,7,12,23,34,13,9,20,1,4,22,23,2,428,52,4,2,3,11,56,550,0,30,72,3,3,4,5,319,5,9,11,6,42,698,222,5,1,44,0,43,332,3,1,17,51,202,46,13,114,4,9,6,1038,2,857,454,49,0,329
"ENSG00000183317.17",281,0,0,5,338,18,0,2,6,540,2,3,2,20,10,24,1,9,0,0,7,4,10,6,34,6,3,27,0,1,8,11,159,1,16,85,7,21,9,2,2,381,0,0,17,0,41,1,10,1,1,18,10,15,0,0,7,1,9,25,29,19,1,5,0,32,2,0,2,92,5,12,172,1,0,5,947,173,42,279,8,108,304,300,5,47,1,0,61,16,59,46,7,0,22,0,11,0,104,14,7,1,575,0,11,262,2,2,90,178,14,14,0,55,211,6,144,0,517,2,0,3,0,0,3,0,5,32,11,9,3,0,22,66,17,1,32,2,38,0,3,201,21,1,107,545,149,13,7,309,9,7,0,4,1,1,1,55,27,12,4,74,24,161,70,8,3,33,1,8,462,1,0,140,36,0,2,3,293,1,2,211,0,5,0,1,156,1,6,1,53,1,545,202,6,0,9,270,0,367,0,2,81,4,2,11,2,149,15,2,38,14,9,4,36,596,0,0,3,12,0,15,3,0,4,4,6,0,52,0,2,314,29,3,0,214,3,0,0,3,73,1,3,54,133,72,0,15,17,0,3,0,2,170,2,97,1,17,0,84,8,0,49,1,3,48,130,4,12,4,3,3,9,0,0,7,0,3,0,13,120,124,3,4,2,1,5,35,10,7,16,229,69,0,14,177,18,0,5,217,4,23,4,5,3,25,19,47,4,1,23,166,1,271,63,331,0,58,63,0,1,2445,0,45,2,113,12,0,3,0,1,82,2,63,18,4,0,40,33,42,5,1,126,143,1,157,0,110,9,1,5,654,0,1,1,5,162,741,0,8,0,1,2,297,1989,1,56,1,1,3,0,3,1,2,340,4,0,2,4,106,2,6,2,23,33,5,17,619,0,5,270,3,2,33,68,97,9,8,50,5,6,0,15,8,6,4,17,6,0,18,3,1,19,15,4,100,105,3,280,6,0,0,6,4
"ENSG00000183434.10",0,0,0,0,0,0,0,0,0,0,0,1,0,27,0,0,0,0,1,0,0,0,0,0,625,0,0,1,0,240,2,0,3,131,10,0,867,0,0,0,0,0,0,1,0,0,0,1,0,0,0,529,0,0,0,0,0,0,12,0,0,549,0,80,7,0,307,0,0,0,830,0,0,0,0,0,0,0,0,1,1061,845,0,0,50,0,0,118,0,0,0,0,0,0,0,0,0,7,0,0,6,0,0,0,0,0,8,0,0,0,0,0,0,2,0,45,1,445,0,3,0,33,0,0,0,0,12,20,0,0,0,0,0,0,0,0,0,0,12,1,0,0,0,0,0,1272,0,0,0,1,0,0,0,144,0,0,0,0,16,767,271,0,0,0,0,675,0,0,0,5,0,0,0,26,0,0,0,1447,0,118,0,0,904,1,878,2,0,11,0,125,0,0,0,319,959,0,0,0,0,0,10,0,0,15,0,29,0,0,0,11,0,0,0,0,19,0,0,0,41,0,0,79,0,0,0,0,0,0,0,0,0,3,0,0,0,0,0,0,0,6,0,0,0,0,1,0,0,0,0,3,0,0,0,0,0,0,0,0,0,0,437,572,0,0,0,0,0,0,29,0,9,0,2,0,0,0,0,0,0,18,1,1,5,0,0,0,0,0,0,0,0,0,0,0,0,0,724,0,61,1,0,0,0,0,22,0,0,0,0,411,26,0,54,0,0,0,20,0,0,1,0,39,0,0,7,0,2,17,67,3,53,0,58,0,0,0,0,0,0,0,0,0,0,0,0,18,127,0,16,0,0,0,0,4,14,0,0,0,72,0,0,1,0,0,0,22,0,0,0,2,0,2,3,0,0,0,503,1,0,2,879,767,67,0,0,0,0,0,0,0,0,0,0,0,0,0,924,1,1,0,4,0,0,0,0,0,1,0,2,0,0,5,0,0,697,0,78,0,0,0,0,87,0,0
"ENSG00000183454.18",327,1,52,6,209,16,0,0,1,421,0,1,2,5,0,3,20,0,19,443,138,1,1270,3,1,2,215,8,34,45,611,114,4,16,5,8,3,15,0,1,5,59,1993,0,16,3,1,2,9,3,2,21,9,1,0,2,7,30,5,7,1,6,0,3,0,3,4,0,17,0,11,23,53,0,0,9,108,79,2,134,106,36,6,45,2,321,2,2,16,0,583,10,3,16,196,1,1,7,0,8,36,0,31,2,114,6,0,5,194,132,9,6,18,4,28,0,318,0,1,5,0,3,0,1,26,2,12,2,4,173,4,13,8,3,53,0,3,7,32,0,9,121,149,12,105,9,8,34,3,373,7,2,0,4,12,1,10,110,1,23,4,7,383,48,169,18,3,37,1,71,2,1,37,16,18,0,9,5,148,1,0,1323,3,8,1,5,9,9,12,12,1,4,0,11,10,0,3,3,0,147,1,3,21,75,2,1,2,53,9,1,15,15,1,4,33,2977,2,1,11,0,0,2,41,14,6,3,3,4,5,3,2,4,15,0,1,6,0,0,0,7,177,5,30,26,166,112,0,5,0,1,2,3,1,10,0,6,11,248,52,3,4,0,4,4,4,38,89,1,5,2,5,4,1,2,3,7,1,0,0,0,0,2,1,3,2,11,2,20,10,40,109,0,96,0,73,2,11,73,5,217,12,6,14,0,5,2,1,3,2,2,0,170,1,59,14,2981,6,110,29,1,2601,662,1,685,3,7,145,0,1,2,4,0,9,502,1,9,8,439,1,0,1,4,112,13,2,4,36,3,23,0,2,174,5,1,0,3,393,57,32,0,2,3,7,27,139,5,4,2,1,0,0,1,1,0,6,2,0,21,5,3,1,11,2,0,3,5,155,5,7,10,10,6,4,24,6,13,153,4,71,5,1,0,87,0,6,160,4,0,1,17,41,0,6,5,4,71,2,553,450,54,1,2,708,32
"ENSG00000183625.15",36,0,4,2,4,2,0,0,0,4,1,4,36,196,18,1,0,12,1,1,0,0,2,1,0,0,0,0,1,18,0,38,64,1,3,1,108,2,0,0,0,12,2,147,2,0,1,24,1,0,0,106,15,72,1,2,0,1,0,0,445,8,0,2,2,1,1,57,3,3,9,27,1,0,0,2,2,0,34,114,148,14,1,2,7,1,0,119,2,0,4,85,1,3,1,0,2,0,6,8,4,3,4,0,2,0,3,1,12,7,2,5,2,1,1,0,0,0,0,2426,675,0,0,0,22,1,1,1,0,104,0,0,181,5,40,3,0,1,0,0,0,2,55,4,6,25,14,0,10,3,0,1,4,13,0,0,0,8,61,19,3,1,25,1,2,0,18,6,0,1,0,0,52,1,1,0,16,0,1,178,2,0,25,0,0,4,3,0,0,0,0,14,0,56,16,0,0,27,0,14,0,0,3,8,8,22,5,0,4,1,1,5,4,0,0,3,58,0,9,15,1,1,0,1,1,2,0,15,0,55,0,0,10,266,0,501,0,2,2,3,1,8,6,0,26,7,7,0,35,2,0,0,0,3,3,0,2,2,455,1,63,4,41,1,1,1,83,7,0,0,103,0,35,0,7,0,0,1,0,2,0,30,1,1,0,1,0,3,2,4,4,1,2,11,193,19,3,2,1,12,3,1,1,0,2,3,1,0,1,2,0,5,0,1,11,2,99,14,2,32,3,2,2,2,27,0,0,1,98,0,549,4,3,10,3,0,1,26,1,12,0,112,3,2,6,0,0,0,9,2,1,14,1,10,0,0,2,15,7,0,1,0,267,8,13,0,9,19,0,19,1,18,1,30,6,0,0,0,0,0,1,2,0,0,0,61,7,3,47,4,0,11,0,3,0,5,2,6,8,2,1,1,3,0,340,4,34,160,0,1,4,1,1,0,1,0,1,7,0,1,0,0,3,3
"ENSG00000183671.12",1,0,26,9,13,1,0,1,0,3,0,0,1,149,10,1,1,7,0,5,2,1,13,5,2,1,0,1,0,1,2,4,9,3,3,21,8,0,0,2,0,171,6,2,9,0,3,12,1,0,4,18,2,4,3,1,1,2,0,0,1,29,0,3,0,12,10,2,1,3,6,7,2,0,4,0,1,0,0,2,11,20,0,0,2,4,0,0,20,1,13,7,2,0,0,0,0,7,1,4,3,0,31,1,7,5,24,0,2,0,5,0,64,3,5,1,5,0,1,4,1,8,1,0,4,2,5,0,5,62,1,5,31,0,4,2,0,0,4,2,2,10,11,0,11,2,3,3,1,2,0,0,0,0,6,1,0,21,1,4,1,0,1,6,2,3,23,98,0,2,0,3,3,284,3,0,5,17,8,2,1,52,17,5,0,1,4,2,0,1,0,438,2,3,96,1,2,2,0,3,1,1,18,8,2,4,1,4,1,2,2,6,0,1,7,2,2,1,6,1,1,2,0,0,1,1,3,0,0,6,0,0,14,7,1,0,0,3,0,2,6,4,2,1,741,0,0,0,5,1,0,0,1,1,1,0,2,112,3,0,8,0,355,2,0,6,6,0,15,0,16,1,3,2,2,0,0,0,33,12,0,1,3,3,0,2,0,5,0,5,8,9,5,0,1,0,4,0,7,69,8,2,3,0,3,8,1,2,1,0,0,2,0,33,4,3,14,12,22,3,14,6,0,2,12,0,1,0,0,0,1,3,2,1,2,5,0,5,5,1,2,1,5,686,24,10,1,2,3,0,2,3,6,1,0,0,3,11,0,0,8,25,2,106,3,1,2,0,0,5,1,1,1,2,5,1,7,0,18,2,0,5,4,1,3,0,5,3,0,1,2,0,1,0,0,3,2,1,9,0,0,1,7,1,16,5,9,3,1,39,20,0,11,1,5,1,4,1245,3,0,1,2,7,1
"ENSG00000183690.13",0,0,1,0,18,3,0,2,1,0,0,0,2,397,106,3,1,23,0,1,1,1,18,7,0,0,0,6,1,8,3,77,2,0,6,1,1,0,0,1,0,7,3,49,3,1,1,4,6,12,0,420,4,2,0,5,5,3,64,0,3,119,0,0,1,0,3,0,140,4,1,4,0,5,0,0,227,2,8,5,7,151,3,4,7,0,1,2,20,0,3,1,1,0,5,0,0,1,2,79,1,0,15,0,2,5,1,0,55,2,2,4,19,6,1,1,6,0,38,78,3,6,0,1,3,0,8,0,1,6,2,1,182,1,6,0,0,0,2,1,2,8,8,3,8,43,0,0,2,6,3,0,0,2,3,0,0,92,0,1,1,0,221,3,0,12,1,3,0,2,4,1,1,282,0,2,1,0,55,1,1,3,0,0,3,1,6,6,1,5,0,1,0,12,1,0,4,0,0,10,0,9,9,14,1,1,6,12,2,0,3,2,196,0,23,1,0,0,9,0,0,0,2,0,3,0,4,2,1,1,6,1,1,0,0,7,0,0,0,3,14,2,0,0,4,22,0,0,0,0,2,0,1,99,2,1,2,0,0,215,11,4,2,1,2,0,7,2,2,0,1,3,9,0,2,4,3,1,0,19,0,0,0,1,3,2,0,3,3,30,6,1,2,0,0,175,3,1,8,5,0,10,27,2,1,0,2,1,1,1,0,0,0,9,0,3,0,13,13,4,1,6,1,3,3,0,7,1,2,0,1,0,2,0,0,3,1,87,0,0,0,0,12,7,35,0,0,0,16,1,2,114,5,2,0,2,1,13,4,0,7,0,3,3,1,1,0,8,2,1,3,0,3,0,41,2,15,0,1,0,1,2,0,0,0,1,1,1,6,15,0,1,0,1,0,3,5,0,6,2,1,0,5,0,3,5,14,33,0,13,2,0,1,1,3,0,2,69,2,2,0,0,17,0
"ENSG00000183763.9",80,13,65,8,102,77,367,124,46,298,26,175,280,1443,598,25,37,203,331,69,88,6,105,131,90,74,99,225,47,247,124,287,163,122,98,97,220,30,272,111,79,201,208,77,33,108,54,174,7,34,65,233,67,346,102,289,35,228,486,124,221,233,59,336,6,199,51,57,418,229,359,60,50,7,59,18,351,61,473,294,307,247,241,278,306,56,80,76,77,34,173,224,96,861,117,6,51,288,132,299,88,28,414,69,48,65,195,17,1401,151,115,41,80,187,54,109,356,85,357,658,65,261,30,163,142,8,14,220,181,235,48,22,570,45,169,18,31,22,883,25,11,346,257,35,78,540,199,361,139,204,12,21,65,184,49,182,80,331,301,172,158,87,290,71,220,228,255,776,257,952,197,110,123,1035,80,58,107,262,135,71,1,29,86,198,97,49,205,97,151,547,63,1168,301,453,58,421,38,190,19,206,100,612,249,1839,19,258,35,282,290,142,50,223,545,83,159,143,109,81,115,237,8,156,235,36,31,5,172,686,86,34,154,7,148,165,55,308,23,82,140,166,32,94,40,26,330,190,259,42,77,106,16,80,17,256,17,79,34,132,132,368,570,145,658,469,10,124,176,20,607,24,256,18,572,10,54,211,453,15,68,174,222,255,111,21,157,292,7,67,230,136,60,116,117,75,248,427,375,57,107,66,167,69,763,54,299,33,15,68,293,327,98,458,154,126,158,136,595,150,64,131,126,129,17,576,177,139,22,268,87,11,316,135,94,97,394,30,143,471,62,31,26,90,35,262,544,156,36,106,235,11,40,324,47,642,46,19,181,201,321,77,193,72,60,336,322,25,275,287,43,123,129,200,44,147,792,40,172,8,58,216,86,145,66,23,50,136,256,182,173,150,296,90,18,239,107,111,134,649,81,13,122,135,14,26,458,58,116,337,225,68,69,142,35,37,105,41,221,811,238,35,28,40,1003,16
"ENSG00000183837.9",131,0,79,22,82,34,10,8,21,10,380,5,1468,145,4,53,89,156,3,257,1062,17,143,37,17,70,46,31,227,10,359,27,9,26,802,31,24,38,0,0,7,3,87,11,38,9,95,4,20,15,32,18,31,1032,21,63,41,6016,51,2,6,153,1,2,12,119,54,4,52,16,55,101,56,4,44,7,75,36,2715,112,18,185,3,67,38,226,5,1481,31,10,515,663,1217,28,434,2,225,24,108,9,24,25,414,7,576,816,14,18,7212,105,592,130,10,2,3921,68,101,8,2869,3203,9,30,14,20,22,4,16,2,20,546,13,10,19,30,218,12,5,17,3380,0,20,77,26,51,79,4,50,34,602,3,11,36,84,508,7,17,2,1405,142,13,80,199,1418,62,329,33,146,19,10,1,8,12,10,26,555,7,19,106,19,6,2,49,41,66,5,24,1,8,296,4,113,20,92,93,16,98,10,50,1,11,19,5,92,34,10,96,65,3,35,0,59,736,22,217,101,6,3,1,206,714,10,0,1299,63,28,7,27,15,9,35,14,21,59,56,1,35,1,6,6,97,73,52,10,52,128,78,7,1109,218,2,2,196,32,15,45,1622,13,37,30,58,230,9,2,7933,21,29,24,8,25,8,18,12,438,3,45,5063,989,7,12,19,7,55,2,22,6,1603,6,27,3114,223,44,6,16,8,243,765,3,11,39,6,33,510,494,78,1304,10,2,21,22,740,4,134,496,54,37,5,52,1091,9,36,115,16,17,2263,65,2681,32,27,166,4,67,106,26,148,5,6,18,3,10,112,0,16,20,15,41,1,8,373,205,17,10,27,38,4460,3,21,422,18,3722,320,55,5,20,141,10,9,44,3937,3,7,11,25,193,434,214,14,332,22,59,10,6,440,82,54,62,11,172,99,4,3,4356,7,9,28,44,8,238,4439,45,11,15,31,256,14,8,45,133,7,2,4,57,7,13,20,2,12,33,8,171,22,5,19,69,6
"ENSG00000183844.17",172,59,0,17,2458,7322,35,0,3,15,48,8835,1599,5406,1772,574,96,371,1004,1216,890,50,32,2,16,110,8,12,256,2306,9,24,141,53,97,5698,1986,220,13718,8745,9,7347,2748,284,160,64,40,17,143,0,2,384,306,2506,466,2,4219,782,6,238,207,9,8613,26,1,2692,9,2003,5,51,1641,48,24,59,4,37,11,21,2470,193,9154,68,50,98,16,25,35,1922,23,485,1877,73,158,3,1748,9,837,32,3467,53,113,3,46,1230,24,635,15,88,2175,925,4478,116,0,3,2409,104,1691,6251,2,1058,6,0,1,1418,294,12,24,4,7559,568,25,48,1128,13,30,72,7,31,7,2,53,3653,175,147,41,1678,71,1725,2059,22,62,123,42,100,3,117,23,77,2669,6,8,1709,7,3175,2673,18,60,7,13,1548,207,2,1338,1076,402,121,988,15181,1655,1555,22,17,322,1,665,43,23,4,5,4,0,5,5,143,65,713,289,1822,0,3872,2,2,4959,4668,17,405,5,2,1847,0,196,161,13,7,46,78,198,1737,244,10624,15,2,137,2,74,30,456,7,9,561,3291,30,297,155,832,1987,70,1672,2,2,5615,123,287,2580,6,1163,35,1648,2391,9281,2,1,23,10,111,2,146,71,650,18,59,1,78,2090,27,5549,9,38,11,75,338,111,185,48,8,1654,113,40,1727,2807,6,5077,4,63,15,593,44,8,4127,42,143,13,4946,182,2278,2290,149,2741,12,7,30,23,79,46,846,16,608,16,31,5934,5197,7309,7,255,707,20,8569,1283,9,450,1685,1117,68,183,259,20,59,8650,61,52,5262,486,100,737,2240,166,3478,418,426,150,44,2302,5,1394,336,14,1,1259,118,24,26,842,2,893,1243,35,5176,109,131,1390,3,23,1137,109,53,3,3,22,1103,3,8,112,124,1315,3407,7,342,164,12,1,0,425,4,8,913,62,6743,400,352,0,9998,3340,345,7160,8456,52,112,1516,935,52,5,1,63,183,39,85,171,2,0,405,81,11,1,107,0,6,816,11,416,452,66,3,1299,84
"ENSG00000183850.14",0,0,4,1,33,3,0,0,0,4,0,8,3,38,1,2,1,17,0,5,0,0,6,3,3,0,0,23,4,0,84,2,6,1,8,1,0,0,1,1,0,35,22,2,2,0,1,8,3,1,1,80,0,12,0,0,0,0,46,0,1,43,0,10,0,2,1,1,1,3,57,1,2,0,0,0,29,0,0,5,16,9,1,0,3,1,0,0,6,0,1,28,7,8,0,0,0,13,6,4,0,2,0,0,4,2,2,2,53,3,4,1,5,13,0,4,57,3,23,33,1,14,1,0,1,0,0,4,38,10,4,2,114,0,0,4,1,1,27,1,0,21,13,0,1,0,0,1,0,2,0,0,0,42,2,0,1,4,5,38,5,0,3,0,0,65,15,3,1,66,0,1,4,198,0,0,1,22,0,17,1,1,2,3,0,1,25,3,0,56,1,11,2,7,5,7,1,0,0,1,1,2,3,124,0,7,0,1,1,2,0,0,9,18,1,27,0,0,5,3,2,4,0,0,1,0,1,3,0,1,0,12,1,1,0,7,1,0,1,1,2,1,0,0,4,4,7,1,2,1,0,0,1,0,0,1,3,0,3,2,42,0,27,18,0,1,0,2,78,0,1,1,13,1,0,0,10,0,0,5,71,2,0,0,0,5,0,3,3,1,3,1,0,0,0,0,1,0,2,2,7,0,33,1,15,0,0,1,19,22,0,1,0,0,6,49,21,7,3,0,6,2,0,76,4,1,1,0,0,1,6,1,0,1,0,0,0,7,0,0,0,1,0,0,34,8,1,4,7,0,1,3,3,43,1,1,2,32,4,1,0,4,1,0,8,0,0,6,1,0,0,2,0,4,71,0,179,1,2,94,0,5,1,1,0,2,1,1,1,0,1,0,0,13,4,0,26,12,2,0,0,1,2,0,0,3,3,1,3,5,6,0,0,0,2,1,5,1,2,4,1,0,0,1
"ENSG00000183856.11",275,6,103,847,1550,1418,351,401,381,556,139,868,513,4147,1820,160,576,519,1129,235,1613,24,402,1131,261,434,139,1425,337,938,5979,997,1360,86,1367,416,609,690,358,604,25,878,1159,47,86,169,320,1279,24,48,239,2353,428,745,221,731,46,952,491,700,54,2741,186,617,192,801,198,80,3445,1437,2421,1055,506,5,60,12,1873,703,921,370,1194,915,2185,628,519,312,546,475,375,210,1758,1464,545,380,117,7,16,1095,466,1375,1804,29,734,207,939,577,565,25,4283,390,550,23,346,443,342,628,4202,382,1191,1495,123,950,29,3950,863,11,42,610,1473,732,678,10,2047,542,3809,21,178,11,3102,1029,50,2599,1089,302,2117,5371,2396,2859,484,1597,39,12,595,427,219,2448,208,1135,415,642,559,762,1002,1319,664,619,2861,1416,1475,3243,61,1166,2837,5701,307,389,788,269,1828,722,19,482,304,1752,217,895,521,73,1389,1641,108,1568,894,1298,492,1610,54,2336,387,2626,271,3645,2317,2004,5,641,33,2290,481,1315,516,477,830,519,522,977,73,33,242,3491,3,174,140,2757,53,80,663,2282,452,780,2046,1012,569,526,51,764,17,178,335,1402,154,1044,33,395,2301,706,624,113,302,361,209,1162,115,1737,17,334,83,480,459,4132,1198,531,3823,1030,34,1197,780,8,1907,16,1299,104,498,53,733,816,265,8,198,543,1589,954,129,20,203,759,5,447,285,1097,152,1945,304,301,91,1705,2294,320,245,273,1561,32,647,9,182,446,30,2372,303,1294,167,3084,1587,3095,819,677,745,545,831,1324,1052,1557,15,1860,1648,980,32,85,66,10,1374,834,586,351,3150,39,604,5960,107,412,8,268,471,1906,1150,375,7,204,464,11,187,1702,121,1318,313,28,854,1477,857,1200,608,401,734,2552,3944,135,863,1166,66,673,1065,735,251,156,2081,107,924,62,81,881,67,511,612,1666,780,602,873,434,274,510,1204,342,228,1058,573,719,602,458,238,26,695,254,578,77,3003,90,1710,1237,180,188,1385,348,89,127,657,380,192,1536,1019,119,4,45,2450,68
"ENSG00000183888.4",0,1,0,0,0,0,0,1,0,0,468,39,165,2,0,3,0,4,2,17,2,1,1,1,1,0,0,1,0,0,0,0,2,0,1,0,94,2,18,19,1,0,1,337,0,1,1,2,0,0,0,0,1,49,412,0,65,1,0,0,235,0,20,0,3,9,0,79,0,0,1,0,1,0,0,0,0,1,251,1,259,1,1,1,0,0,0,63,1,2,6,49,1,0,65,1,106,1,81,0,0,0,2,11,0,7,1,0,9,0,0,0,0,0,2,0,7,9,2,671,44,1,0,740,1,1,0,0,0,5,1,0,5,1,0,0,3,1,1,1,0,0,0,2,1,0,0,2,44,1,2,0,0,3,3,101,3,0,26,1,1,9,0,2,0,1,0,8,0,1,2,0,20,2,4,4,1,108,0,27,0,0,48,0,91,3,1,2,0,0,1,0,0,6,1,3,0,494,3,0,0,1,0,2,0,0,0,1,0,0,0,1,0,0,0,0,83,6,0,2,0,0,0,0,0,0,196,0,0,4,0,0,2,80,23,22,0,460,0,1,4,0,80,2,0,3,4,7,11,42,0,2,0,0,2,0,0,7,436,0,0,2,3,210,0,0,0,0,0,1,1,0,4,1,0,5,49,0,368,0,0,22,0,1,1,6,1,0,0,0,3,1,0,13,179,8,1,81,0,1,2,1,19,2,3,0,0,2,0,146,14,3,1,8,48,0,10,1,1,0,1,0,1,1,1,1,4,234,4,1,184,1,1,0,2,1,15,1,198,5,0,135,0,1,0,0,0,6,75,0,0,0,2,260,30,1,43,0,12,0,4,2,155,4,1,0,0,0,86,1,0,9,2,247,4,1,0,0,0,1,0,0,0,2,1,0,4,1,1,0,4,257,0,0,0,0,4,124,24,0,0,2,0,42,1,0,1,1,0,2,1,0,0,0,0,0,0,1,0,0,0,0,21,1
"ENSG00000183908.7",68,14,6,7,71,13,0,6,1,17,8,4,2,5,1,51,52,1,0,124,92,51,23,99,13,3,1,6,4,9,34,28,19,94,16,11,3,2,0,2,2,42,12,3,235,1,1,19,21,3,15,15,86,3,5,3,28,3,6,2,4,1,1,17,28,19,6,3,72,10,88,21,0,7,3,125,53,8,10,13,5,1,3,9,7,9,4,0,27,2,11,2,5,14,8,41,5,19,6,12,10,21,0,10,33,17,4,83,16,8,64,156,22,10,38,0,18,2,2,10,2,3,6,6,2,7,13,0,12,25,9,63,1,0,33,133,5,45,0,0,26,33,35,61,18,10,2,5,20,7,63,33,2,3,14,0,2,47,23,5,40,5,9,23,20,4,8,3,3,29,0,0,6,7,4,9,13,1,112,2,10,23,8,11,6,3,61,18,1,4,6,21,1,11,1,4,67,0,0,14,0,4,96,9,12,1,2,17,117,0,106,21,3,3,23,69,1,3,24,9,40,6,5,2,391,41,37,2,5,3,5,7,20,7,1,6,37,5,1,5,40,8,3,17,1,6,0,2,5,6,18,0,11,2,69,14,68,16,5,3,36,9,8,3,99,37,4,82,5,87,9,60,0,188,0,4,1,88,4,1,5,4,5,64,4,9,31,9,2,18,38,14,9,0,8,4,10,3,16,42,95,21,109,28,0,16,2,9,4,0,2,9,1,20,7,3,2,158,14,6,14,17,63,10,37,3,27,1,5,131,6,6,25,18,2,368,1,15,5,1,52,2,9,6,0,17,4,8,3,135,6,56,9,1,2,43,5,6,5,0,0,7,12,11,64,6,0,45,3,3,0,16,0,1,1,6,3,34,19,8,0,14,4,5,20,0,22,20,2,0,16,15,131,13,1,10,1,7,80,62,2,0,21,0,30,4,12,4,13,27,27,22,4,8,11,12,2,9,2,252,325,65,14,74
"ENSG00000183929.7",0,0,0,1,1,1,0,0,0,1,0,6,0,23,5,0,0,0,2,0,31,0,3,1,1,0,0,27,0,3,0,1,13,0,3,2,1,0,1,4,0,0,0,2,0,0,1,1,0,0,0,0,1,0,3,0,0,0,1,0,1,35,5,1,1,0,5,4,59,2,93,2,1,0,0,0,95,0,0,23,23,4,70,0,1,1,1,5,0,0,98,28,0,0,0,0,0,0,2,27,1,0,7,0,5,0,3,0,104,0,30,0,2,2,3,0,2,0,4,6,0,2,0,0,0,0,0,1,53,27,1,0,47,0,60,0,3,0,36,1,0,1,10,0,29,23,2,0,30,11,0,1,1,1,0,3,1,2,2,19,1,3,22,2,0,7,3,2,0,86,1,3,10,104,0,6,1,12,26,5,0,0,10,37,0,6,2,0,2,1,19,19,7,19,1,3,0,4,0,5,0,71,5,1,0,0,1,11,0,0,4,86,9,0,1,9,0,0,2,2,0,2,0,0,0,0,1,4,0,0,5,3,2,2,0,0,0,0,4,2,0,5,1,1,10,19,0,0,1,7,3,0,0,49,0,15,0,0,0,3,2,0,98,1,0,4,4,0,33,1,0,0,2,0,1,0,0,0,0,11,0,0,0,0,4,0,0,0,0,0,4,0,0,1,6,3,7,1,6,4,18,0,9,0,0,0,0,0,3,1,17,0,1,7,3,47,1,1,0,0,1,29,1,0,15,41,0,5,0,0,3,0,1,9,6,0,4,0,0,0,0,0,2,1,3,0,0,2,0,0,0,36,0,1,1,0,0,11,3,0,14,1,0,12,49,1,0,4,0,0,2,8,0,0,60,0,0,0,1,2,0,0,2,0,0,0,29,3,0,4,62,0,0,0,0,1,0,0,3,0,0,7,0,0,23,0,8,0,0,1,3,0,1,1,2,0,2,14,0,0,0,0,11,0
"ENSG00000184029.9",0,0,0,0,0,0,0,0,0,0,0,0,0,52,0,0,0,1,0,0,0,0,0,0,37,0,0,2,0,0,0,0,6,20,0,0,0,0,0,0,0,0,0,0,0,0,0,10,0,0,0,21,0,10,0,0,0,0,0,0,0,101,0,0,0,0,0,0,0,0,33,0,0,0,0,0,0,0,0,10,78,133,0,0,0,0,0,0,1,0,0,0,2,0,0,0,0,4,17,0,0,1,0,0,0,0,1,0,59,0,0,0,0,41,0,0,0,0,0,0,0,11,0,0,0,0,1,1,0,0,0,0,372,0,0,0,0,0,7,1,0,0,0,0,0,0,0,0,0,0,0,0,0,19,0,0,0,0,0,7,9,0,0,0,0,87,0,0,0,18,0,0,0,6,0,0,0,63,0,0,0,0,0,0,48,0,1,0,1,26,0,0,0,25,126,0,0,0,1,0,0,0,0,8,0,13,0,0,84,0,0,0,0,2,1,0,0,0,1,11,0,50,0,0,0,0,0,0,0,0,0,2,0,0,0,0,0,0,0,2,0,0,0,0,0,0,0,0,0,0,0,0,0,0,0,0,0,0,7,75,44,20,0,73,0,0,0,0,55,0,1,0,90,0,0,0,0,0,0,105,7,24,53,0,0,0,0,0,0,0,0,0,0,0,0,19,10,0,0,0,0,1,1,0,0,0,0,0,5,19,0,0,11,0,0,0,42,0,0,0,0,0,0,0,0,0,0,0,0,0,29,0,3,0,0,0,0,0,0,0,0,0,0,0,5,7,0,0,0,0,1,9,0,64,0,0,0,0,0,0,0,0,0,0,0,0,0,0,0,0,0,5,0,15,91,0,25,0,0,1,140,10,35,0,0,0,0,0,0,0,0,0,0,0,0,0,0,10,0,0,0,0,0,0,0,0,1,4,27,0,0,0,0,0,0,0,7,0,0,0,0,0,0,0
"ENSG00000184106.8",2,0,6,16,0,3,21,1,0,14,0,1,1,99,247,2,0,66,1,0,1,1,0,0,0,0,2,4,5,4,0,8,248,3,33,0,1277,6,1,1,1,47,0,16,4,6,11,8,2,0,0,18,1,8,0,46,0,1,0,0,0,27,0,0,1,0,0,0,0,0,1,134,0,1,1,0,0,1,1,96,19,0,6,89,1,0,2,17,3,68,2,1001,0,0,0,0,0,0,0,1,44,0,1,2,3,0,4,0,20,0,3,4,0,0,0,0,0,0,7,4556,78,16,0,36,119,8,0,1,2,3,3,0,376,21,199,0,1,0,0,0,0,25,58,0,5,20,27,4,17,2,0,0,1,1,6,45,0,2,1,4,5,15,14,0,0,3,13,11,0,0,0,0,863,0,52,0,38,1,5,48,0,1,1,4,0,101,2,0,0,0,1,5,0,83,4,0,0,230,0,8,0,0,3,2,0,9,0,0,0,0,12,0,44,10,1,1,8,5,172,755,0,0,0,0,0,1,0,49,0,30,0,2,8,14,0,204,0,2,77,0,3,473,0,0,61,2,2,1,1,35,0,0,0,5,1,0,1,0,210,0,9,1,1,0,3,4,51,2,0,2,208,3,54,0,43,0,6,1,0,4,1,179,0,2,1,4,0,20,0,13,6,16,2,55,3,251,12,1,1,1,2,0,1,0,0,2,0,0,0,0,0,0,47,26,49,26,60,2,1,9,1,2,0,0,56,0,5,0,2,0,10,6,479,0,19,0,4,39,0,5,0,1657,24,35,2,0,0,2,10,0,1,7,0,1,2,1,43,27,0,1,5,0,522,45,1,0,171,40,0,6,0,5,1,21,7,1,7,4,0,0,0,0,0,1,3,227,0,100,2,0,5,1,0,8,2,1,2,1,6,0,0,0,0,1,10,1,90,22,0,0,99,0,0,0,0,0,3,7,0,2,0,1,20,2
"ENSG00000184156.17",77,0,2,15,42,2,2,8,2,148,8,10,15,63,255,4,3,10,34,8,9,2,22,12,13,12,2,44,1,74,47,98,60,30,27,141,27,3,7,46,2,118,29,6,17,5,17,7,5,18,15,59,10,4,10,8,21,9,18,12,11,166,5,4,4,16,13,7,16,20,10,52,10,1,1,3,46,12,6,25,147,38,13,110,13,4,10,2,178,2,33,80,2,12,2,4,45,115,5,11,10,1,54,4,16,18,23,0,90,7,20,42,39,26,37,9,47,10,9,8,4,8,11,15,21,4,8,8,10,33,13,4,31,29,14,3,15,1,4,23,6,13,755,5,27,72,12,22,45,195,0,1,23,5,12,23,5,26,3,41,32,1,46,10,8,19,56,19,22,45,7,24,110,36,9,8,3,15,22,23,3,24,40,57,5,5,62,44,14,3,4,564,83,20,129,2,1,59,7,66,4,22,15,9,4,1,4,4,1,1,11,9,7,16,53,82,4,1,17,121,0,10,1,3,19,3,10,25,4,79,5,34,44,34,4,43,3,9,16,14,21,23,22,7,190,11,3,7,34,15,5,1,3,15,4,13,7,21,42,29,36,8,114,5,18,40,6,3,29,3,32,6,9,2,19,2,11,1,1,23,32,29,8,3,2,15,6,8,2,10,15,13,6,11,9,23,168,16,14,100,10,4,17,2,3,10,5,9,1,4,11,9,5,12,25,151,12,197,138,15,39,47,1,11,26,7,8,13,4,2,20,2,19,8,11,12,19,75,15,3,1,10,30,19,13,10,6,13,5,5,4,31,25,66,2,5,23,191,16,9,38,89,22,12,79,17,0,7,10,4,2,7,6,0,20,0,9,14,20,32,4,31,0,2,9,32,11,14,5,2,64,5,4,27,0,7,37,10,44,0,23,0,20,0,1228,15,51,12,2,117,28,2,12,11,37,9,14,143,15,23,1,4,29,7
"ENSG00000184160.8",560,19,496,34,463,45,2,19,60,2132,2591,48,44,34,331,87,24,24,0,660,68,8,70,26,35,11,6,15,87,447,2310,505,13,45,25,60,586,19,3,18,40,482,274,700,41,48,27,64,25,48,30,6,23,1341,2435,21,414,16,58,2,294,67,101,89,4,16,20,412,32,16,4239,42,44,4,55,14,111,86,785,77,260,73,37,567,17,26,83,8,139,105,543,42,161,287,538,7,1102,100,2008,48,81,23,51,833,62,158,11,9,563,108,73,39,118,7,167,24,1426,1,34,549,58,13,26,75,31,15,63,13,40,408,23,10,105,124,38,22,1271,7,6,9,30,1349,186,23,376,12,147,249,103,516,8,38,2,35,23,396,11,108,930,555,10,656,27,547,1016,27,570,1241,13,144,115,17,42,6,200,107,112,8226,213,840,5,242,596,3,700,20,99,22,41,12,257,20,5,44,27,168,20,156,21,21,26,12,309,21,6,37,50,59,130,8,67,156,370,12,113,412,560,24,70,26,11,39,92,34,61,23,227,2,9,694,30,40,63,481,20,623,16,47,2,29,164,95,867,41,147,703,284,711,169,16,20,14,40,550,16,44,19,236,1408,40,24,18,19,346,14,353,345,9,5,23,37,9,8,14,26,16,501,15,551,12,16,1692,8,17,512,23,13,97,209,97,56,24,390,1754,2033,674,111,624,10,750,125,79,12,40,7,25,14,38,9,1068,60,809,9,252,349,442,607,253,192,110,399,737,38,335,54,127,42,505,1731,21,1193,85,35,94,661,34,929,4,3101,146,26,15,82,567,9,15,232,471,2,31,61,79,17,432,334,11,1137,609,18,9,34,55,91,275,4273,40,35,8,17,17,12,447,12,1649,5,42,2,27,31,23,22,57,42,28,54,5,449,78,28,15,283,529,21,434,159,52,92,913,797,14,19,25,263,339,30,63,1,1,27,192,27,23,27,36,45,183,1,17,786,83,16,16,4215,21
"ENSG00000184357.5",0,0,2,0,0,1,2,3,0,1,4,17,5,13,9,2,0,6,6,0,0,0,1,1,1,0,2,7,0,2,0,0,3,2,0,2,6,0,7,12,0,11,0,7,0,4,0,3,0,0,1,12,1,5,2,6,0,4,2,29,2,3,3,3,0,0,2,1,5,4,10,0,1,0,0,1,0,0,1,3,2,1,4,0,3,0,3,2,0,0,3,2,1,10,3,1,2,2,0,2,4,0,22,1,0,2,7,0,7,5,0,0,0,2,2,0,4,2,1,11,1,19,0,1,2,0,0,7,1,4,1,0,6,1,3,0,0,1,2,0,0,1,1,0,1,10,6,3,8,3,1,0,2,2,0,1,0,4,7,4,2,0,2,0,4,1,4,8,14,9,0,0,2,10,3,0,5,1,2,3,2,2,2,11,3,1,2,3,6,5,1,111,7,2,4,8,1,1,7,31,4,3,3,3,1,11,0,2,0,4,1,36,12,1,5,0,2,2,2,4,0,4,9,4,0,0,6,8,1,3,6,2,0,4,1,3,0,2,0,3,5,0,0,3,4,11,4,4,6,1,1,3,0,0,0,5,0,0,0,85,26,3,5,3,0,0,0,0,6,1,7,0,5,0,0,0,23,0,4,10,12,4,1,0,4,7,0,3,4,1,1,1,0,1,1,13,8,1,5,2,7,0,29,2,11,0,0,1,7,16,2,4,7,0,0,5,5,5,2,2,4,1,0,1,2,7,0,4,1,0,5,3,0,2,9,0,2,3,1,1,0,4,0,3,10,6,0,0,1,1,0,7,2,2,0,2,3,31,2,2,1,2,0,1,1,1,16,6,4,1,2,1,3,1,20,3,0,0,1,89,2,16,1,1,1,0,1,0,3,3,6,8,0,0,3,1,4,6,1,0,1,0,5,0,11,0,5,2,6,0,3,5,0,0,3,1,0,7,2,0,0,0,10,0
"ENSG00000184368.16",136,4,123,0,1399,473,1,0,3,199,251,6,27,55,201,10,36,49,13,254,28,6,11,6,4,66,1,12,32,84,547,1688,2,10,18,2,17,1,9,8,2,66,10,37,7,342,3,3,16,3,1,127,49,11,1,1,95,955,4,14,12,330,6,0,1,1281,4,9,7,137,13,11,9,8,4,4,363,0,1059,3,21,35,51,7,10,68,8,33,5,2,1299,50,3,0,767,4,65,2,4,5,9,25,247,55,300,364,72,16,55,1,223,6,1,5,5,3,1358,2,2362,53,47,12,22,22,14,25,13,2,1144,522,0,11,85,0,0,4,8,9,2550,1,6,172,26,14,138,23,9,642,70,122,2,12,3,9,3,9,7,109,17,34,1,247,122,33,109,5,49,17,1281,26,3,7,8,9,0,0,16,16,24,37,5,77,4,520,93,611,4,1,2,0,4,21,1,13,516,39,4,77,2,972,0,1,1293,20,7,5,11,3,7,3,315,1122,6,3,95,96,5,1,9,4,8,1,7970,0,34,4,31,41,1,4,9,4,4,11,28,1132,1,11,0,1,12,0,188,11,163,1,5,7,6,3,2,175,8,10,16,3,3,17,6,19,11,1,227,1,6,328,335,7,1,6,4,6,140,4,5,165,4,17,175,12,2,32,0,9,2,982,0,688,93,56,51,4,380,22,35,112,93,126,6,184,199,302,16,5,531,0,5,1,7,120,7,1390,9,582,100,19,51,362,7,12,1570,23,17,1719,5,310,36,11,7,13,14,0,6,839,7,13,15,4,8,5,17,13,8,35,201,0,1,23,26,5,6,51,2,18,20,12,477,33,2,283,4,5,5,17,3,11,3,1805,3,1,1,32,4,6,15,3,811,22,5,1,794,3,21,10,65,24,363,47,0,872,27,12,7,1893,343,0,23,17,30,4,3,2,3,16,7314,44,187,6,1,1,8,0,8,8,1217,0,4,164,494,22,3,3,331,22
"ENSG00000184374.3",79,454,41,81,44,202,5,229,346,303,521,56,16,202,7,1235,400,15,0,643,760,2295,127,438,20,430,9,14,2,76,54,122,21,1116,133,34,48,351,21,4,23,55,5,21,2182,14,27,17,2260,201,466,64,2003,3,5,5,478,3,86,3,32,8,0,751,949,27,47,20,187,10,288,38,27,933,251,1652,91,152,9,64,17,3,12,109,11,7,16,2,104,16,39,71,7,38,18,1080,843,64,20,78,214,2311,75,73,60,66,67,1544,23,4,208,2378,5,10,1,3,30,7,11,15,2,41,142,15,31,1355,755,5,73,450,674,3930,1,2,55,2444,2,1891,33,39,763,72,83,3430,435,31,28,2,48,34,2026,1568,9,11,1127,4,13,603,79,24,35,11,20,118,17,315,39,5,9,79,5,11,32,2,85,66,133,13,417,8,1211,22,20,17,47,253,1097,1063,13,37,248,5,52,9,22,9,1899,11,30,9,67,41,29,34,1890,9,157,131,665,70,874,214,81,1,605,54,6,66,24,18,832,83,29,32,1988,1404,207,15,32,27,5,15,27,14,15,20,1475,57,6,36,2392,38,17,394,59,44,0,65,101,35,243,11,877,10,1846,278,2719,62,16,11,860,356,13,7,4189,24,54,2449,39,1027,36,1209,32,3071,23,19,40,960,3,11,99,1,28,943,6,282,1898,270,18,77,2931,211,271,9,25,9,9,80,226,320,642,48,46,5188,8,39,33,24,52,0,240,7,3,76,334,17,31,58,11,198,104,41,1740,16,58,99,2391,8,42,1335,2,536,327,163,6,3393,23,17,4,5,2018,32,5,62,1,217,65,50,3,2153,2816,112,449,6,289,3594,15,37,6,2,31,193,153,4,301,116,7,34,378,106,6,115,1,35,75,278,13,2132,261,10,8,36,112,126,1730,10,179,189,25,13,12,14,1069,73,101,28,21,40,2063,1262,6,3,355,1,169,310,29,46,129,8,397,216,74,404,15,92,21,63,19,4681,2266,630,6,1554
"ENSG00000184434.8",23,26,1,24,12,26,0,2,1,43,9,1,3,16,4,24,4,10,2,2,2,114,1,1,1,5,2,5,13,74,12,407,0,47,5,62,1,0,4,6,4,8,2,2,25,17,1,27,176,4,1,215,49,2,0,10,60,8,41,19,0,5,1,10,1,8,3,3,53,170,9,2,0,184,1,29,3,2,3,2,3,6,12,3,6,1,4,0,5,0,0,0,0,18,2,130,18,3,1,6,0,3,23,2,11,0,10,4,13,0,22,13,30,31,0,2,33,5,0,2,1,45,26,0,4,224,61,2,21,11,139,185,4,3,3,708,13,1,5,2,20,11,183,283,28,5,11,17,9,85,232,6,0,3,4,5,1,91,167,9,1,2,6,10,7,9,235,4,919,207,9,6,2,290,1,0,4,2,143,1,58,43,5,2,1,0,8,2,7,2,1,8,10,5,29,4,14,3,39,29,9,92,1,362,12,5,4,109,0,30,16,10,19,10,87,470,1,31,7,1005,12,4,0,25,24,9,11,11,3,4,39,2,2,1,3,2,25,1,5,8,8,0,3,2,72,6,16,2,11,3,163,0,31,1,91,2,426,3,0,369,4,394,6,6,54,66,12,8,8,13,1,6,27,17,2,2,5,5,5,19,7,2,0,4,1,11,7,3,2,2,1,3,2,3,3,13,21,6,0,36,12,2,13,14,0,5,2,747,11,2,11,4,3,17,23,4,21,8,13,2,0,2,75,13,7,2,2,3,2,51,2,3,21,12,28,690,1,58,3,3,92,14,5,4,52,118,2,1,2,8,65,115,1,21,1,24,3,4,25,46,10,1,7,146,9,6,11,1,4,2,4,4,12,2,2,32,16,22,8,9,1,43,1,1,51,2,5,3,5,7,17,3,34,10,6,5,9,6,118,87,51,2,29,0,2,9,33,24,16,84,9,0,2,9,0,0,4,28,10,162,47,0,35,21
"ENSG00000184478.7",1,0,0,0,0,0,4,0,0,0,0,1,0,126,101,0,0,27,0,0,0,0,39,3,29,0,0,56,2,40,0,0,142,9,4,0,187,0,0,0,0,0,0,0,0,0,0,0,0,0,0,40,0,2,0,1,0,0,0,0,0,33,0,29,0,2,0,0,0,0,51,0,105,0,0,0,0,0,0,19,47,28,0,0,19,0,3,88,0,0,0,43,0,0,0,0,0,16,2,0,0,0,0,0,0,1,0,0,40,0,0,0,0,19,0,6,0,0,0,11,1,19,0,0,2,1,1,59,0,0,1,0,71,0,0,0,0,1,0,6,0,0,32,1,0,1226,0,0,2,0,1,0,0,8,2,0,0,0,1,41,47,0,0,0,0,45,12,2,0,6,0,178,0,13,0,1,0,1,0,0,0,0,0,1,14,0,6,0,0,78,0,0,0,44,72,0,0,0,0,0,0,0,0,362,0,71,0,0,3,0,0,0,6,5,0,5,0,0,64,17,0,5,0,0,0,0,0,39,0,0,0,28,0,0,0,12,1,0,7,1,0,1,0,0,1,1,0,0,0,0,0,2,0,0,0,0,0,0,4,22,185,108,0,3,0,0,0,0,28,0,41,0,27,0,0,2,2,0,0,144,3,2,89,1,0,0,1,0,0,0,0,0,0,1,0,13,161,0,0,1,1,0,46,0,16,0,0,0,22,1,0,0,1,0,0,6,39,0,0,8,0,0,0,0,13,0,0,0,1,0,23,0,17,0,0,0,0,0,0,0,0,0,0,0,167,68,0,0,1,0,0,11,0,17,0,0,0,0,0,0,0,0,0,4,0,0,0,1,0,5,2,2,0,0,133,0,188,0,0,1,17,3,2,0,0,7,0,3,0,0,0,0,0,0,1,0,25,9,0,0,2,0,4,0,0,0,3,2,13,0,0,0,1,0,0,0,6,1,0,0,0,0,1,2
"ENSG00000184486.10",1,0,2,1,2,1,0,0,0,2,2,1,15,14,13,0,4,1,0,4,0,0,3,1,1,4,1,1,1,2,9,10,2,4,1,6,0,0,1,0,0,2,3,2,2,0,2,3,0,0,0,1,1,40,0,2,1,30,5,2,6,3,0,1,1,4,1,1,14,1,1,0,10,0,1,1,3,2,7,123,14,4,2,1,2,27,1,0,0,2,1,34,10,0,0,1,2,2,5,0,1,0,3,1,1,10,6,0,703,13,1,1,3,0,84,2,3,3,9,32,1,1,2,9,2,0,3,0,2,6,0,3,5,0,1,0,0,2,86,0,1,7,1,3,2,6,10,6,3,2,2,0,2,0,0,186,0,4,16,60,0,2,0,2,3,0,3,165,2,8,0,2,0,24,0,0,3,13,2,0,0,71,1,0,1,2,24,0,8,22,1,9,2,3,3,3,1,11,0,1,2,1,4,11,0,1,38,0,1,0,6,0,28,3,129,2,5,0,5,1,1,0,0,1,0,0,3,6,1,1,9,0,2,3,0,1,0,2,0,1,1,1,1,3,48,6,1,1,1,1,0,2,1,7,0,5,0,37,3,4,10,0,203,372,0,1,5,1,1,0,0,0,4,1,5,4,19,0,1,0,4,4,4,0,2,1,0,3,1,2,1,2,5,5,3,5,101,0,2,1,0,5,9,0,7,1,0,4,0,3,1,6,3,0,4,35,6,2,1,1,6,1,0,245,1,0,0,26,1,0,7,2,0,1,3,3,0,1,113,2,1,2,6,192,0,0,1,9,113,1,1,5,1,792,0,3,4,2,3,4,26,2,1,21,2,3,6,10,0,0,0,7,3,2,5,2,0,0,3,1,0,4,0,0,0,0,1,32,13,1,2,0,1,1,7,1,1,3,2,0,0,1,16,0,4,4,2,11,0,1,0,1,3,1,1,0,0,91,97,5,1,2,0,0
"ENSG00000184489.12",3177,60,908,1364,1516,1151,4251,279,117,3543,7045,625,2065,2926,1254,293,1831,441,170,1891,698,101,3236,913,302,149,104,767,243,746,3245,1661,1844,444,328,536,1040,3341,903,931,86,2097,899,261,227,630,852,1982,257,341,441,1116,261,616,203,697,620,274,748,227,286,489,103,361,44,1181,199,125,804,670,2150,3734,987,107,337,89,2205,1615,1429,727,1262,475,710,8686,488,1713,487,101,5072,376,4728,566,275,1255,1031,66,334,1448,3994,734,895,90,5198,283,2375,2375,390,184,1414,484,1337,462,1426,1135,2471,448,2922,161,3473,784,55,212,83,380,1129,252,522,242,969,1455,295,304,443,1080,4078,92,531,73,522,278,103,5551,1113,127,4142,6590,1168,1962,4034,1551,204,261,418,213,285,323,5518,2685,509,736,545,10290,559,2200,848,737,1133,8960,364,1448,119,383,668,935,5666,332,1864,806,2748,297,55,4380,939,504,232,586,909,794,3929,126,1382,1221,1605,476,623,745,122,837,158,2436,171,287,3569,499,125,239,156,1773,782,179,931,2529,3019,272,910,1116,89,391,2143,1744,52,432,684,2879,177,170,438,310,1204,735,294,517,1835,999,147,1387,77,584,259,676,1878,2932,767,1183,3375,968,94,1984,405,266,283,633,143,3040,94,1280,153,5466,1118,880,661,496,7416,408,137,5412,2554,144,737,275,2276,103,396,72,701,223,10478,105,591,1220,354,7706,267,208,205,1627,161,2562,3054,2958,611,478,714,762,1452,4611,2036,1183,466,2818,659,2979,17751,886,189,1077,110,858,254,204,351,2431,255,9668,1762,1870,426,1650,1987,788,1487,3174,92,930,1931,1747,236,287,650,176,318,226,1040,1151,536,235,336,1475,5182,431,105,323,678,2128,293,317,392,3811,555,166,118,1375,314,572,117,165,1123,1578,663,1023,366,470,625,2119,4230,149,1218,7139,509,534,243,577,568,4991,435,207,213,583,213,425,89,410,158,1842,356,181,2209,528,73,225,9436,1804,128,1294,334,593,394,3193,1160,138,267,81,1892,278,510,475,386,502,177,2391,992,196,340,487,1546,643,273,539,1190,537,120,49,9553,176
"ENSG00000184502.4",0,0,0,0,39,0,1,0,0,2,0,1,1,0,0,0,0,24,0,0,0,0,0,0,0,0,0,0,20,0,150,0,150,0,0,7,0,1,0,0,0,911,0,0,0,0,3,0,0,0,0,6619,0,0,0,1,1,0,6,0,0,0,0,1,0,0,2,0,0,0,4,0,1375,0,0,2,0,0,0,0,0,10,116,0,0,0,0,0,1,0,0,1,0,0,0,0,0,0,1,0,0,0,1,1,0,0,8,0,5765,23,0,0,6,0,0,0,197,0,1,0,0,4,15,0,0,0,0,2,0,35,0,0,12,0,0,0,0,0,21,0,0,78,0,0,0,0,0,2,1,18,0,0,0,1,0,0,0,0,0,2,0,0,2,0,25,4,9,2629,1,1,0,0,0,0,1,0,0,4,4,0,0,0,0,0,0,0,0,0,18,0,0,1,0,2,10,7,2,1,2,5,0,0,0,3,0,1,377,13,1,0,3,0,0,0,236,0,2,0,0,0,0,1,0,1,0,0,0,0,0,0,129,0,0,0,0,0,0,0,4,0,1,0,0,0,135,0,0,0,0,0,0,91,0,0,0,1,0,1,0,3,0,0,8,0,0,0,5,0,0,0,0,0,27,0,0,2,0,0,0,0,2,1,0,0,0,4,0,0,1,0,0,0,0,0,0,4,18,0,0,0,0,18,4,0,1,0,0,0,1,0,0,5,0,1,0,19,0,0,0,0,2,0,0,15,0,1,0,0,0,0,0,107,0,0,1,0,0,0,0,0,0,0,0,2610,0,0,0,2,649,0,0,0,0,37,0,0,77,0,1,0,7,0,0,1095,0,0,10,0,0,0,0,0,0,0,592,0,0,0,1,2,0,0,2,3,0,0,1,4,0,0,0,0,0,0,2,0,2,0,0,0,0,6,0,0,1,0,4,1,0,0,0,0,0,0,0,0,0,1,5,0,0,0,5,0
"ENSG00000184524.6",7,0,298,10,8,9,3,3,0,41,0,7,22,8,7,3,1,2,8,3,7,0,17,13,2,2,0,8,2,5,12,6,4,17,13,22,13,1,0,1,2,53,3,4,1,4,8,5,0,5,8,8,4,5,0,4,2,4,7,2,3,3,1,4,1,5,8,4,9,5,8,10,6,2,5,5,17,12,6,24,6,11,7,16,8,10,1,1,65,4,25,5,2,0,9,1,5,13,5,4,6,6,11,3,15,20,11,1,71,3,12,8,33,9,14,5,19,2,1,2,1,2,2,3,13,2,6,3,23,6,7,2,47,20,43,3,4,2,45,1,1,30,8,6,17,7,7,7,3,38,0,3,5,14,4,1,7,24,17,24,14,24,21,3,4,6,8,15,12,9,0,4,5,4,43,6,7,13,6,3,2,40,3,13,10,5,10,14,8,8,2,451,8,10,10,1,0,1,0,16,1,17,16,2,6,2,9,19,11,7,3,6,6,6,16,7,10,5,19,21,0,22,4,8,1,1,4,10,5,1,11,8,12,11,4,19,0,4,2,30,10,7,0,10,4,0,0,3,3,4,2,10,3,8,0,33,1,59,3,19,10,6,4,3,1,28,7,0,13,0,36,0,10,2,9,4,4,0,1,10,1,8,62,3,17,1,0,20,1,28,9,4,4,0,15,5,39,1,120,10,4,8,9,11,0,7,6,30,30,0,7,19,2,10,8,132,10,29,96,12,9,10,0,3,43,48,3,2,0,1,5,4,4,52,10,1,0,2,0,5,0,6,15,15,33,5,0,13,1,0,3,173,4,5,1,2,5,37,9,0,48,4,11,2,12,6,8,1,9,3,4,7,1,4,16,5,9,4,18,5,2,9,3,11,2,2,21,6,7,4,9,0,2,22,4,7,11,17,7,1,5,3,12,1,10,87,11,8,0,41,8,4,14,0,13,3,1,83,5,2,1,11,17,3
"ENSG00000184544.12",1,0,0,0,0,0,0,0,0,1,0,0,0,5,0,1,0,0,0,0,0,0,0,0,0,0,0,0,0,0,0,0,0,0,0,0,0,0,0,0,0,0,0,0,0,0,0,0,0,0,0,0,1,0,0,0,0,0,0,0,0,0,0,2,0,0,0,0,0,0,0,0,0,0,0,1,0,0,0,0,0,0,0,0,0,0,0,0,0,0,0,0,0,0,0,0,0,0,0,0,0,1,0,0,0,0,1,0,1,0,0,5,0,0,0,0,0,0,0,0,0,1,0,0,0,0,0,0,0,1,0,0,0,0,0,1,0,0,0,0,2,0,2,1,1,2,0,1,1,0,2,8,0,0,0,0,0,1,0,0,0,0,0,0,0,1,1,1,0,0,0,0,0,0,0,0,0,0,0,0,0,0,0,0,0,0,3,1,0,0,0,0,0,0,0,0,2,0,0,0,0,0,0,0,10,0,0,0,1,0,1,0,0,0,1,0,0,0,0,0,0,0,0,0,0,2,0,0,0,0,0,0,0,0,0,0,1,0,0,0,0,0,0,0,0,0,0,0,0,0,1,0,0,0,4,0,0,0,0,0,2,0,0,0,1,0,0,3,0,0,0,0,0,0,0,0,0,0,0,0,0,0,0,0,0,0,0,1,0,0,1,0,0,0,0,0,0,0,0,2,0,0,0,3,0,0,0,0,1,0,0,0,0,0,0,1,0,0,0,0,0,0,0,0,1,0,8,0,0,0,0,0,0,0,0,5,0,0,0,0,0,0,0,0,0,0,0,0,1,12,2,0,0,0,0,4,0,0,0,0,0,0,0,0,38,0,0,0,0,0,0,0,0,0,0,0,0,14,0,0,0,0,0,0,1,1,0,0,0,0,0,0,1,0,1,1,0,0,5,0,0,0,0,0,2,1,0,0,0,0,0,0,0,0,0,0,1,0,0,9,1,0,0,1
"ENSG00000184557.4",1787,460,10363,8634,1442,426,212,362,8600,1536,831,152,648,17830,11979,5039,516,645,169,4335,1377,10440,1695,1006,1565,325,326,10924,174,1835,270,2218,2054,1518,313,3674,3120,966,846,713,365,1940,1128,607,4939,262,1794,2158,15470,2307,418,2243,2223,663,603,338,9093,802,715,461,210,4653,127,3943,4452,1085,469,535,702,785,1002,2343,4294,3295,263,1724,1294,442,961,2764,410,769,5925,527,197,157,312,27,4994,585,1909,1526,117,162,179,488,3822,6992,3966,1436,1636,5295,2950,235,2192,929,206,4599,6414,287,902,2903,2573,3394,266,547,1953,191,310,824,64,1332,572,641,1358,29397,9841,323,611,790,908,3628,1302,3094,1247,1182,534,2084,280,319,1612,4228,4720,1453,4423,3252,1335,326,1291,2384,11504,3069,1743,519,3269,177,5932,1375,204,2291,396,491,5904,620,351,2272,4893,1070,187,1618,37,632,1835,543,761,825,1979,163,5336,964,3176,1120,897,772,257,1003,3266,489,212,197,556,7453,1743,462,1990,64,451,1296,99,1287,903,143,1435,668,5011,325,1470,273,273,579,1034,766,1282,1666,8467,928,524,1480,6607,1925,2582,305,894,1301,767,16152,544,909,402,1583,381,855,2416,1444,441,2435,3628,148,470,1655,829,1099,1802,329,4993,1193,1576,852,944,337,975,223,2023,862,573,419,1389,677,1143,2203,269,1138,7757,411,13962,657,634,1866,774,12129,3547,1182,2262,2919,11221,46,985,1235,384,1057,1192,2134,294,5659,106,447,8797,2714,748,1822,17711,1355,393,299,223,3435,2929,300,1044,1419,1279,400,1232,2093,303,2415,5818,333,96,308,640,432,185,619,492,5392,479,3216,3287,651,1497,1576,1139,389,2902,193,25803,291,220,8344,213,2405,7319,224,625,2737,211,3445,86,2246,811,1403,989,573,941,845,567,170,1617,11898,7233,2089,2026,676,551,2718,431,1541,855,216,1052,2996,1118,524,1470,853,500,923,3445,574,455,1177,248,280,1837,337,460,17832,1673,1434,720,554,380,1149,1995,1006,1482,403,182,80,1094,161,464,603,131,816,655,706,4927,4647,610,474,1109,124,2765,4457,3055,2014,369,1794,3939,672,2902,2202,903,105,473,25629,1013,9407,1755,475,409,23250
"ENSG00000184564.11",0,3,0,5,10,2,0,1,0,2,2,0,1,0,9,17,11,0,0,11,7,28,17,7,0,0,0,0,0,0,4,0,3,15,3,0,0,6,5,6,0,4,1,0,102,0,1,0,10,1,0,0,49,1,1,0,1,0,0,0,0,0,0,24,7,1,7,0,4,1,10,23,2,8,0,77,4,32,14,0,1,2,0,7,0,5,1,0,20,2,6,19,0,0,0,23,6,1,0,1,1,39,0,2,0,3,0,14,8,0,11,66,75,0,10,0,5,0,2,21,0,0,4,4,4,9,1,0,1,14,8,45,1,0,0,134,2,30,0,0,16,6,10,109,66,0,4,0,3,0,22,30,1,0,4,0,0,39,1,1,0,0,2,13,0,0,1,3,0,3,0,4,0,2,5,0,3,4,1075,0,9,2,0,2,0,1,6,1,0,0,0,0,1,15,0,0,88,0,0,0,0,0,3,0,87,0,0,0,0,0,18,3,0,2,18,2,0,0,2,0,19,0,0,0,92,8,5,0,0,3,0,0,4,0,0,0,16,0,0,0,14,9,0,6,3,0,1,1,0,2,3,0,15,0,91,2,107,23,0,118,1,1,0,1,72,13,16,51,2,3,0,5,2,20,15,0,2,6,2,0,2,1,2,11,1,4,5,1,1,3,30,3,6,0,0,0,1,0,1,3,51,1,11,29,0,1,0,0,4,0,1,10,0,5,0,11,0,6,135,0,9,0,93,2,6,6,8,0,0,14,2,0,5,3,0,84,0,0,0,0,68,0,6,0,0,0,0,0,0,9,20,2,1,6,2,41,1,0,0,0,7,1,0,1,10,0,0,1,0,0,0,0,0,0,3,0,0,11,5,5,0,0,41,2,32,0,1,5,0,0,0,0,8,0,4,0,2,2,45,31,0,0,13,0,1,33,0,1,0,48,18,1,0,0,0,0,0,94,0,54,22,2,0,16
"ENSG00000184601.11",0,13,442,0,2,2,0,0,2,8,9,0,1,1,3,21,1,2,0,50,7,86,18,0,0,0,0,1,0,1,2,0,0,6,1,663,2,19,0,0,0,0,0,0,42,0,0,2,31,0,0,5,37,0,176,0,14,0,0,0,1,0,1,48,4,2,0,0,3,1,9,0,0,31,1,100,1,0,0,1,4,0,0,16,0,0,0,0,4,0,2,2,0,4,0,27,3,3,0,20,0,14,1,0,1,1,0,62,2,0,3,40,2,0,6,0,10,0,0,0,0,0,2,0,1,7,23,0,0,8,3,87,0,1,2,23,0,63,8,2,29,58,1,75,14,10,0,0,1,1,53,59,0,0,29,0,0,76,0,0,1,0,11,1,0,4,0,9,0,1,0,1,48,0,0,0,0,0,10,0,20,0,0,0,1,1,10,0,1,0,1,0,0,0,3,0,41,0,0,3,0,0,9,0,148,0,4,383,7,0,22,2,1,1,2,0,0,0,2,2,54,0,0,0,11,79,1,0,0,1,0,0,1,0,0,0,68,1,0,0,15,3,1,13,3,1,0,0,11,0,5,0,21,4,16,3,89,4,0,0,1,2,89,0,38,0,39,91,0,11,0,48,0,71,0,0,0,18,14,53,0,0,0,24,0,2,44,10,0,0,52,3,3,0,5,0,121,6,0,2,16,0,0,225,0,2,2,0,3,0,1,3,0,81,3,0,0,0,1,0,5,0,33,8,3,7,87,11,0,23,0,2,6,3,0,95,21,1,14,0,69,0,0,11,0,0,0,0,0,156,37,0,3,3,0,218,31,1,0,0,0,0,3,15,9,3,0,0,0,2,0,0,0,7,0,6,0,40,0,0,1,0,1,1,44,0,2,3,0,0,1,0,57,1,7,0,5,0,43,14,0,0,6,0,254,413,0,0,0,1,6,1,0,0,1,0,0,0,77,147,160,8,153,33
"ENSG00000184661.14",37,1,21,32,105,97,74,34,11,283,17,248,240,447,195,16,12,110,107,32,38,1,37,36,35,95,38,167,41,77,317,98,66,25,4,252,67,55,103,77,22,198,354,10,13,53,13,138,1,23,29,875,54,110,56,52,7,371,390,207,8,141,20,98,7,186,27,9,656,234,151,43,18,1,18,5,177,35,420,208,113,74,298,33,200,138,29,35,28,9,93,58,100,177,18,5,6,165,186,485,28,13,268,17,52,237,99,11,1055,107,58,27,36,83,53,36,572,53,660,306,23,25,14,46,62,1,1,79,82,196,56,2,481,9,152,11,22,4,189,11,1,197,114,16,42,516,78,90,190,120,6,6,141,135,13,179,21,140,74,79,66,23,153,63,50,142,193,183,250,2031,90,46,47,758,17,82,36,97,253,109,9,47,38,114,25,14,89,12,75,361,5,828,164,304,49,133,15,44,23,135,30,321,145,614,5,29,18,352,108,235,31,95,408,69,106,257,29,6,47,314,2,56,58,11,8,4,30,484,33,90,197,31,81,139,12,139,15,19,85,59,32,46,5,26,197,192,42,17,31,50,13,47,19,94,14,138,31,38,20,415,215,142,581,173,12,72,69,8,404,10,87,3,290,2,31,255,124,4,11,212,180,162,25,4,24,353,3,39,52,61,35,28,29,10,37,341,704,18,73,73,204,17,687,11,79,19,8,45,40,197,22,202,57,63,125,113,1058,170,18,53,354,151,13,388,166,149,15,13,28,8,386,68,25,46,409,6,66,854,68,22,5,62,30,223,610,104,6,40,248,2,42,273,13,211,5,13,81,350,244,22,145,14,72,66,424,17,122,314,8,92,143,55,119,29,111,15,225,0,20,141,9,158,54,10,43,84,180,52,149,77,146,33,10,96,41,61,198,274,36,3,32,101,24,7,498,17,654,157,60,19,58,54,18,16,50,86,40,935,73,20,3,12,441,9
"ENSG00000184702.20",10,0,0,1,12,3,0,1,3,0,4,1,4,0,8,3,4,1,0,7,11,0,11,1,0,0,2,0,0,0,10,2,1,5,1,0,0,1,0,1,0,6,5,0,1,0,2,0,0,0,0,1,0,0,2,3,0,1,0,0,1,2,0,1,1,4,1,1,4,4,9,7,1,0,1,0,37,1,2,1,9,12,6,0,2,12,0,0,12,0,24,2,1,0,3,0,0,2,30,0,2,0,0,0,3,2,0,4,24,10,3,0,1,1,2,0,12,0,5,2,1,1,0,1,0,0,3,0,6,5,4,0,3,1,6,0,4,0,8,0,0,19,6,0,10,20,10,14,3,6,0,0,6,1,0,0,1,1,2,11,3,1,2,13,6,3,0,5,1,0,0,3,1,11,0,2,0,3,9,0,0,7,3,3,2,0,1,1,0,1,0,0,3,2,0,0,0,0,0,3,0,3,15,4,0,0,2,8,0,4,6,12,4,4,5,4,0,0,2,6,1,2,0,2,0,0,3,2,0,0,3,12,1,0,0,2,1,1,0,0,0,2,0,3,12,6,1,0,4,0,3,0,0,6,0,4,1,5,1,6,0,0,1,7,0,11,6,0,2,1,0,0,0,0,2,0,0,0,1,2,2,0,1,0,3,0,0,2,0,6,1,1,3,0,1,3,10,0,9,10,9,1,0,1,0,1,0,4,0,1,2,36,0,5,0,3,2,0,6,0,6,20,0,9,4,20,1,2,0,0,5,2,0,2,2,0,0,5,1,2,0,0,2,28,2,0,1,1,0,0,0,5,0,2,0,2,2,11,1,0,0,1,6,22,23,3,2,0,2,0,1,2,0,0,8,0,1,0,2,0,0,2,2,0,0,1,14,0,0,3,5,3,1,4,5,4,0,4,1,3,1,7,11,0,2,2,0,0,0,1,3,0,1,0,2,2,1,42,9,1,1,0,3,2
"ENSG00000184709.7",0,0,0,0,3,0,1,3,0,3,0,1,0,0,0,0,1,0,0,0,32,0,13,0,0,0,0,0,1,0,0,1,0,0,0,192,4,0,0,0,3,6,0,0,0,0,0,0,2,0,1,0,0,0,4,2,2,0,0,7,0,0,0,1,0,1,0,0,0,1,0,0,1,0,0,0,0,0,1,0,1,2,14,1,0,1,0,0,2,0,171,2,0,1,9,0,0,0,0,5,1,0,1,1,6,1,2,1,4,0,11,0,0,0,1,9,13,0,0,0,0,0,0,0,0,0,0,1,7,1,0,0,8,0,11,1,2,0,7,0,0,6,0,0,8,4,1,2,5,139,0,0,0,0,0,3,1,0,0,1,0,49,0,2,0,0,1,114,3,2,0,0,0,3,24,0,2,1,18,1,0,3,0,6,0,2,0,1,1,0,0,0,2,1,0,0,0,2,0,57,0,0,1,0,0,0,0,12,1,0,6,197,1,0,2,29,0,0,0,2,1,0,0,4,0,0,2,5,0,0,21,0,1,2,0,0,0,0,1,0,2,6,0,0,0,9,0,9,1,1,0,0,1,0,0,50,1,3,0,7,0,1,6,3,0,0,6,0,0,0,0,0,0,0,0,0,0,0,1,4,0,1,7,0,0,0,0,9,1,1,1,3,0,0,9,2,28,0,0,51,7,3,21,1,1,0,0,2,0,1,4,0,0,25,0,10,0,1,3,0,2,9,0,2,0,225,0,4,0,0,2,0,0,9,6,0,0,0,1,4,0,0,0,82,0,1,0,22,0,2,0,0,0,0,0,0,0,49,0,1,0,1,4,0,9,3,4,0,1,0,3,0,0,0,0,0,0,0,0,10,0,0,6,0,3,0,42,0,0,5,9,3,0,0,2,1,0,2,0,1,0,0,13,0,0,2,1,0,0,1,0,0,0,0,0,2,0,0,12,2,0,1,0,1
"ENSG00000184735.7",0,0,0,0,0,0,0,0,0,0,0,3,0,64,26,1,0,7,1,0,0,0,312,1,329,0,0,213,0,318,0,0,15,2,2,0,102,0,0,0,0,1,0,1,1,0,0,5,0,0,0,97,0,4,0,2,1,0,299,0,0,469,0,96,109,0,26,0,26,0,41,0,295,0,0,0,0,0,1,237,63,204,0,0,490,0,0,87,0,0,0,66,8,0,0,0,0,278,0,1,0,0,0,1,0,0,1,0,189,8,0,0,0,0,0,27,0,20,0,114,1,283,0,0,11,0,0,92,0,151,24,0,98,0,0,0,0,0,36,165,0,1,100,0,0,1,1,0,0,0,2,0,5,85,6,0,0,0,2,78,65,0,0,0,0,55,1,0,1,208,0,100,35,9,0,0,0,59,0,12,0,1,0,1,4,2,22,0,0,357,0,0,0,207,318,1,0,0,0,0,0,0,0,0,0,99,0,1,7,2,0,0,0,7,18,2,0,0,10,307,0,186,0,0,0,0,0,0,0,0,0,81,0,0,11,72,0,0,40,4,0,0,0,0,0,0,39,0,0,4,0,1,0,0,0,0,0,0,9,5,320,452,1,1,0,0,0,0,359,0,7,0,20,0,0,0,0,0,0,151,36,9,264,0,0,0,0,0,0,0,0,0,0,5,0,2,31,1,50,0,1,0,0,0,4,0,0,10,23,16,147,0,34,1,0,47,16,0,0,2,0,4,0,0,66,0,0,10,0,0,56,0,73,0,1,0,0,0,0,0,0,3,2,0,156,232,41,0,1,0,0,9,0,30,0,0,0,0,0,0,0,0,1,0,0,5,1,0,0,5,0,38,1,1,31,0,277,0,0,313,78,2,35,0,0,43,0,6,3,0,0,0,0,0,0,0,87,6,3,0,80,1,0,0,5,0,25,2,1,0,0,4,0,0,29,0,69,1,4,0,0,49,4,0
"ENSG00000184809.13",31,17,0,4,52,1,0,1,1,8,1,0,2,1,0,58,2,0,0,52,9,13,6,2,0,0,0,3,0,1,1,7,0,4,1,0,2,0,0,5,0,34,1,0,41,0,0,8,13,3,0,6,42,1,0,0,7,0,0,0,0,0,0,3,1,1,3,0,1,0,23,2,1,4,0,13,476,2,4,0,2,0,0,0,1,1,3,0,6,1,11,0,0,0,0,11,0,0,1,80,23,0,17,0,3,0,0,8,17,1,0,66,3,2,2,2,7,0,0,0,0,1,0,0,0,7,13,0,0,96,6,19,2,0,2,27,1,12,0,0,30,6,51,55,17,0,1,6,6,5,17,52,0,0,0,0,0,29,3,0,0,0,1,44,104,12,3,8,0,33,1,2,0,0,3,1,0,0,553,0,10,0,0,0,0,5,6,6,0,0,0,229,0,16,0,0,33,0,0,2,0,0,3,0,13,0,1,1,17,0,31,3,0,0,14,32,1,0,0,2,8,1,0,0,55,17,0,0,0,2,0,0,11,2,0,1,18,0,0,0,3,9,0,0,0,3,0,0,5,0,4,1,24,1,17,0,51,3,1,0,1,1,8,0,9,4,4,35,0,25,0,30,0,28,0,0,1,22,0,6,0,1,0,15,0,14,12,1,0,2,175,0,0,1,1,1,8,0,0,10,10,0,5,30,1,2,1,1,9,0,0,8,1,2,4,5,0,10,0,3,4,4,34,4,2,1,43,0,0,18,0,8,7,0,1,47,1,7,0,1,29,0,2,9,0,1,1,1,0,17,8,8,0,1,0,22,0,26,2,0,2,0,0,3,5,0,0,2,0,0,0,0,0,0,0,0,0,74,0,1,0,0,0,1,26,0,4,3,0,1,5,0,21,1,0,15,2,1,125,12,0,0,1,0,0,1,0,0,0,2,17,0,0,2,1,0,0,0,1,35,35,1,1,13
"ENSG00000184999.12",4,2564,1,315,1284,4947,168,1107,331,47,209,271,391,26,3,436,3870,831,26,951,77,811,1022,281,387,3483,392,2797,228,1657,1980,117,693,734,324,1,183,35,944,1055,104,23,1215,370,1749,416,25,474,1023,9365,5734,804,5032,492,268,2478,3731,624,247,1028,153,68,2002,485,555,1472,7325,44,816,3401,461,928,872,4093,2020,973,324,688,261,1076,81,211,9,43,1528,152,654,1025,42,518,338,449,83,1,118,561,293,1347,347,205,1414,5149,72,300,1625,56,3469,5559,52,446,967,1019,48,942,31,395,92,711,1336,840,103,1241,946,178,1095,4984,1331,105,1188,237,943,1016,149,467,121,6650,1309,6212,15,107,1856,431,246,4767,1366,513,4848,111,128,22,6886,3433,254,332,867,30,1035,3129,126,442,1224,466,664,651,7,53,898,242,1563,1003,207,5110,71,112,260,9,199,64,547,1421,6242,2498,206,283,108,1955,924,3168,1268,226,131,0,625,556,32,1969,5946,2827,12,764,153,652,85,957,11407,899,3983,263,1475,537,3805,558,2131,4379,450,3,22,220,1824,1800,5173,460,238,2304,7826,6088,245,942,60,736,4856,460,218,538,93,907,8098,200,506,190,33,134,71,328,33,676,284,246,1057,503,2261,570,2025,1018,1554,2324,3678,1108,103,7341,1137,996,29,248,3932,339,2283,4932,291,2671,816,972,1123,349,3343,2023,395,914,1339,518,710,764,80,1207,71,91,1039,1011,182,1565,1340,3808,397,905,638,281,325,991,518,2,692,121,14,678,24,787,275,998,3304,797,2854,34,913,2187,274,20,45,40,52,1579,164,1043,3973,333,684,1823,485,31,91,1049,439,987,336,1978,1369,2956,200,553,227,22,7805,834,182,209,1063,2471,82,30,172,989,2172,619,5249,373,210,2958,658,17,566,2760,8289,1178,118,2057,63,1033,321,1725,98,388,1312,201,1015,1214,850,2752,2253,2564,517,205,60,1748,199,693,7413,235,626,657,1524,2449,45,69,1825,1519,2767,4806,1090,239,580,2904,1052,427,824,15,9,1,105,1627,65,67,859,1497,182,2172,47,3595,295,0,33,1056,12388,873,3,4709
"ENSG00000185002.10",0,2,0,1,0,1,8,0,0,0,127,100,22,7,1,0,1,3,4,0,0,0,2,2,1,1,2,3,3,37,0,1,1,1,0,9,9,0,56,38,0,1,0,2,0,0,0,0,0,0,0,0,1,26,56,0,4,22,34,0,0,0,16,0,1,8,0,16,0,0,0,0,0,0,0,0,0,1,454,4,36,3,818,0,2,1,2,2,0,1,0,4,6,0,7,0,17,1,127,272,0,2,1,4,0,97,0,3,665,1,0,1,2,0,1,2,0,6,3,81,3,4,1,1,0,0,0,0,1,1,0,0,4,0,0,2,3,2,1,2,0,3,73,0,0,63,2,1,43,0,2,1,0,47,0,0,0,1,1,11,0,0,0,5,0,9,10,2,0,1,2,0,0,5,0,4,0,1,0,13,0,1,0,0,34,0,0,0,0,0,0,1,0,1,0,3,4,0,0,2,0,0,0,8,0,0,0,1,2,0,0,0,1,4,16,0,0,0,7,25,2,0,2,0,0,0,3,2,0,1,4,0,0,1,8,5,0,0,0,1,0,0,18,0,6,8,2,1,7,41,0,1,0,0,0,0,0,0,40,6,4,2,150,26,1,1,0,0,1,0,0,0,9,0,0,12,125,2,11,0,5,26,6,0,0,40,0,0,1,1,0,0,1,1,7,0,125,4,0,0,1,0,69,0,27,0,2,0,0,25,4,2,0,0,0,0,53,15,0,0,0,0,0,1,0,0,0,95,63,0,13,1,0,8,3,1,9,0,549,0,2,20,1,0,1,0,3,0,3,0,1,64,2,20,0,0,0,0,0,0,0,0,5,0,0,0,0,11,2,2,0,9,0,15,27,0,14,0,0,2,1,0,0,0,5,0,1,6,2,0,23,3,0,1,1,0,4,283,16,0,0,0,0,0,3,1,2,28,0,0,0,0,1,0,0,1,3,1,6,1,7,0,53,0
"ENSG00000185046.18",131,0,30,2,17,89,33,16,7,47,2,3,9,154,85,15,35,42,1,8,8,2,7,162,4,615,1,17,39,106,222,60,27,7,43,261,38,6,1,7,0,54,11,17,20,6,4,4,4,265,9,14,5,38,4,28,2,4,11,21,46,5,88,21,0,95,38,38,390,208,18,36,48,6,0,6,90,23,2,13,41,26,0,2,49,16,17,247,33,6,175,62,117,73,22,6,4,7,15,116,1,0,16,7,3,7,10,0,63,11,7,12,82,52,22,105,65,3,105,241,254,43,98,10,50,13,12,10,6,7,21,13,155,4,5,8,14,6,22,44,19,96,178,19,78,146,166,72,7,96,5,7,77,132,3,1110,0,447,7,65,7,0,20,2,12,35,9,66,35,1927,6,162,417,553,2,33,3,45,5,9,1,31,34,2,194,3,38,3,2,47,1,5,28,3,6,48,8,30,21,132,3,339,145,153,6,5,80,50,3,2,7,59,787,4,73,45,2,1,6,276,1,5,37,117,7,4,85,94,2,4,577,54,25,115,281,33,15,2,168,17,12,243,415,13,57,15,1,0,11,879,31,1,3,3,13,0,17,11,233,487,86,126,136,5,2,57,26,28,1,8,1,4,57,2,2,70,2,16,169,114,4,21,0,2,7,30,10,11,22,16,13,2,10,441,26,147,82,239,18,11,7,8,20,3,4,2,1,62,6,4,968,4,5,21,101,17,15,30,76,2,15,24,4,232,53,1,4,8,8,7,201,8,2,36,16,20,1052,34,2,3,6,245,19,13,1,13,4,87,36,4,26,29,35,1,80,8,1,23,188,163,19,4,324,42,8,73,41,852,8,5,48,6,8,2,314,21,25,8,30,4,72,26,32,2,0,11,14,90,17,203,35,43,6,68,16,8,34,6,133,4,72,18,16,135,75,24,50,309,3,23,47,0,8,9,46,1,32,18,22,23,6,5,160,6
"ENSG00000185105.5",4,0,6,2,0,0,0,0,0,6,3,6,3,1,4,0,0,4,4,2,2,0,1,0,0,1,1,0,0,94,0,0,1,0,0,3,2,0,8,13,0,1,3,1,0,0,0,2,0,0,1,3,0,0,0,0,1,0,1,1,0,2,3,1,1,0,1,1,1,1,23,0,0,0,2,0,1,1,0,1,9,2,0,2,3,1,0,0,1,0,3,6,0,0,1,1,1,3,13,1,0,0,2,1,0,3,1,0,10,2,1,0,1,2,0,1,6,0,4,6,0,0,0,0,0,0,0,3,0,10,0,0,1,0,5,0,2,0,2,0,0,4,1,1,4,14,4,0,1,2,0,3,5,3,0,1,0,1,4,7,5,2,0,0,1,1,2,1,0,1,8,2,1,4,0,0,0,3,2,4,0,0,0,1,1,0,1,1,0,0,0,1,0,17,5,2,1,0,0,0,0,3,0,0,0,0,0,1,0,1,1,6,1,2,0,11,0,0,4,0,0,0,0,0,0,0,7,4,0,1,4,1,0,0,0,7,0,1,0,1,0,0,0,0,3,16,0,1,1,1,0,1,0,0,0,0,1,0,3,5,0,6,2,19,0,0,1,0,3,0,0,1,1,0,1,0,33,0,2,5,1,1,0,1,1,2,0,0,0,0,2,0,0,4,19,8,4,1,0,3,1,0,10,0,1,1,0,2,0,14,2,4,1,0,8,6,24,0,1,0,0,5,0,1,0,6,0,5,0,0,10,0,0,6,2,0,1,1,1,1,0,10,0,2,36,0,1,0,1,0,1,4,1,3,0,0,7,10,3,0,0,0,1,0,2,0,0,8,0,0,1,2,1,0,15,2,0,0,0,0,0,5,1,0,1,1,0,0,0,0,6,1,0,0,0,2,0,1,0,0,0,2,2,2,4,0,1,0,0,0,2,0,0,1,0,1,2,13,3,0,0,0,7,0
"ENSG00000185130.5",0,0,2,0,2,1,1,10,2,1,7,6,1,11,8,1,0,3,2,0,0,0,1,1,8,1,2,13,1,1,1,2,1,1,1,4,10,0,8,17,0,2,5,7,0,1,1,1,1,0,1,7,0,8,20,3,0,5,7,3,2,2,31,2,0,0,2,4,2,0,8,0,0,0,1,0,0,0,0,1,6,5,12,0,0,0,2,0,2,0,2,6,0,4,3,1,0,6,0,2,3,0,6,5,0,0,8,0,16,4,2,0,1,3,0,1,2,0,5,11,7,15,0,0,0,1,0,3,0,5,0,4,0,0,1,0,1,1,1,0,0,1,1,1,1,3,1,0,2,0,0,2,3,4,1,2,1,0,9,6,8,2,3,3,0,5,2,11,7,9,2,0,12,5,0,0,2,12,9,7,0,5,4,5,10,0,22,22,2,5,10,35,1,6,9,2,3,3,7,16,1,1,1,2,0,3,0,1,0,5,0,12,2,2,3,0,2,1,2,10,0,5,3,3,0,0,7,2,0,1,0,3,1,3,1,1,0,8,0,0,1,2,0,0,4,5,2,3,4,5,1,0,0,0,0,2,1,1,1,17,23,15,6,11,1,1,0,0,4,0,1,1,6,0,0,1,4,0,9,8,12,2,1,0,61,1,0,0,6,0,0,3,0,1,0,55,8,4,1,2,8,0,4,0,2,0,1,1,3,14,5,1,8,3,1,10,5,12,1,0,6,1,0,0,3,3,0,41,0,0,6,1,0,5,5,0,17,1,3,4,0,5,2,2,7,5,3,0,3,0,0,6,2,11,4,1,0,4,3,1,11,1,0,1,0,3,2,1,1,1,1,5,0,0,5,0,2,0,3,36,2,3,2,1,2,2,1,0,2,0,7,15,1,0,0,2,12,18,8,0,4,2,6,5,8,1,7,1,0,3,3,0,0,1,2,2,0,8,1,1,2,5,5,0
"ENSG00000185133.14",369,6,133,9,227,29,11,12,7,86,43,15,120,208,125,22,28,88,16,70,68,11,124,28,10,26,54,61,6,58,53,171,42,12,35,721,8,31,8,9,21,70,42,30,11,43,9,11,24,5,6,136,18,20,126,30,37,13,9,9,35,36,4,17,3,82,9,1,15,61,324,33,15,6,2,9,310,8,16,54,34,19,165,17,109,23,2,2,14,7,274,63,8,7,38,5,11,6,89,115,23,9,151,5,7,27,221,12,269,69,96,27,9,36,22,14,166,2,45,37,9,5,0,7,15,3,11,9,78,205,10,7,219,15,73,8,6,2,74,5,7,167,79,14,79,102,31,231,13,104,19,16,166,30,7,151,6,45,21,95,12,113,78,55,138,48,129,1354,10,75,28,3,15,81,14,10,98,105,202,15,2,120,64,84,4,10,12,8,6,8,21,187,176,46,14,56,3,26,1,67,3,151,161,22,10,10,6,135,18,35,26,219,105,6,57,260,39,1,7,13,4,9,10,25,19,3,7,19,11,2,38,23,92,18,5,73,10,8,3,51,25,24,61,5,381,19,30,68,28,14,6,18,5,14,15,40,8,163,19,161,15,3,491,200,4,102,76,15,55,19,55,3,20,4,16,18,15,13,77,41,44,5,37,15,9,40,7,28,37,19,48,10,36,41,54,84,480,12,30,1257,99,25,229,11,14,2,2,36,40,37,4,177,7,117,31,331,12,31,16,31,74,485,4,148,8,63,30,74,6,2,5,14,4,13,8,12,15,40,319,16,11,11,10,419,15,4,8,76,133,7,22,410,15,62,2,8,50,163,50,88,9,18,12,90,58,3,32,47,6,6,9,31,3,484,246,4,17,21,11,27,2,32,10,2,16,20,66,77,6,7,172,3,4,91,23,13,59,51,47,8,5,36,43,0,14,664,13,14,3,2,29,23,4,7,21,12,27,171,283,21,9,3,200,12
"ENSG00000185247.15",0,0,0,0,0,0,0,0,0,9,0,0,1,177,48,0,0,27,0,0,0,0,0,0,334,0,0,3,0,1,0,0,0,0,1,0,7,0,0,0,0,20,0,0,0,0,0,0,0,0,0,44,0,127,0,0,0,0,0,0,0,34,0,518,0,0,1,0,0,0,5,0,0,0,0,0,0,0,109,12,252,176,0,0,0,0,0,0,0,1,0,2,0,0,0,0,0,3,1,5,0,0,0,0,0,0,0,0,288,0,0,0,1,11,0,1,1,1,13,15,0,458,0,3,0,0,19,7,0,1,0,0,19,0,0,0,0,0,0,0,0,0,185,0,0,18,0,0,0,2,0,0,0,108,0,0,0,0,1,10,220,0,1,0,0,264,3,1,0,8,0,0,1,1,0,0,0,29,0,23,0,0,0,2,1,0,0,0,0,709,0,160,0,819,6,0,0,0,0,0,0,0,0,154,0,10,2,0,2,0,2,0,1,0,0,0,0,0,596,0,0,246,0,1,0,0,0,0,0,0,0,0,1,7,0,0,0,0,0,0,0,1,0,0,0,113,0,0,1,0,0,0,0,0,0,0,0,0,0,15,855,226,5,3,0,0,0,0,102,0,4,0,5,0,0,0,0,0,0,295,14,2,1,1,0,0,0,0,0,0,3,0,0,0,0,47,15,0,0,3,0,0,1779,0,86,0,0,0,2,2,0,0,0,0,0,0,20,0,0,0,0,0,0,0,2,1,2,1,3,0,35,0,0,0,0,0,0,0,0,0,0,0,10,0,26,2,250,0,0,0,0,1,0,8,0,1,0,0,0,0,5,0,0,0,0,1,0,0,0,0,0,0,0,135,1784,0,19,0,0,0,7,3,42,0,0,0,0,2,0,0,0,1,0,0,0,0,5,0,1,0,0,5,0,0,184,0,0,46,12,0,0,0,0,0,0,0,140,0,0,1,0,0,0,0
"ENSG00000185269.12",16,474,7,232,20,369,30,1065,468,727,59646,57765,30498,18,111,837,59,1648,9208,1698,473,350,85,282,438,43,128,52,32,52,10,4,172,2299,24,5,17683,83,54099,49538,189,125,7,16678,1992,12,41,1249,412,78,515,17,1312,20100,36049,65,9674,124,1602,2,22982,1011,13655,307,108,3000,84,23043,365,4,468,372,103,456,92,873,25,69,43467,179,12208,224,165,122,285,92,11,4218,19,324,695,1977,107,52,4279,390,76033,355,8369,59,1522,5174,25,9409,181,8121,158,1181,20,21,226,222,34,273,309,739,1170,1121,150,27944,4647,191,158,6211,73,190,296,137,2723,75,565,466,77,427,98,1501,10689,3037,306,465,686,305,17,2575,174,16,314,50,513,49,1161,570,52,679,216,9659,179,333,25411,253,434,2378,11,649,30,418,19,28,82,11,32,61,14174,15,858,14649,476,101284,415,48204,432,77,2400,547,33335,1955,37,504,548,208,2465,73,273,1084,661,287,739,1271,395,9,516,728,184,1376,347,4947,84,613,1511,2812,1551,265,4,23,363,161,9216,22429,999,9917,878,401,51,136,2384,715,16422,12,7,11919,5,183,183,27880,9075,10786,599,39588,29,388,13,61,20242,190,52,7626,1658,7549,2900,46476,46,1116,589,4,1157,318,1783,228,56905,104,87,328,9,5510,343,147,52,613,93,481,22,364,8,449,59,304,108,1144,14374,42,147,11761,119,1154,12624,462,228,52,86,130,2590,673,581,6304,23827,244,94,7741,2112,11,1224,25,16,1434,52,64,3001,435,129,27414,83366,593,6428,96,5707,231,47423,1421,52,126,4087,97,1278,85,264,969,1058,57407,26252,723,28536,183,1596,215,6695,960,18598,1,36035,6328,1322,65739,22,98,150,30,2354,36,8,73,45,265,1190,19838,3686,844,1842,117,709,10,334,470,26810,4,606,517,7,42,27055,11,97,24060,1,20322,203,108,45,43,525,527,499,113,1220,79,2293,29,12790,202,2,19,502,39015,806,1103,209,34,1024,72066,14564,210,165,420,28,4282,107,2,79,20,55,49,273,193,399,321,4025,48,108,1888,183,4048,358,1403,74120,805
"ENSG00000185306.13",0,0,0,0,1,0,0,0,1,2,0,0,1,165,139,1,0,107,1,0,1,3,0,3,10,0,0,125,2,349,2,0,33,3,5,1,134,0,0,0,0,0,1,1,1,0,2,18,1,3,0,173,1,37,4,1,1,0,2,0,3,298,2,29,0,2,2,0,0,0,277,1,1,0,4,0,251,0,166,30,24,101,3,1,40,1,0,6,7,0,3,34,1,0,1,0,0,80,146,0,3,6,22,0,0,0,3,1,340,0,3,0,4,132,1,1,1,0,245,337,1,15,0,1,2,0,0,1,0,258,0,0,228,0,0,2,0,0,281,0,0,1,119,1,1,58,1,0,59,1,1,0,0,376,0,1,0,4,0,33,2,69,1,1,3,22,91,14,1,1,0,23,0,136,0,0,0,499,4,1,0,17,0,1,46,2,89,0,245,433,0,88,1,8,8,1,0,1,0,0,0,2,48,244,0,155,0,1,0,2,11,1,24,202,81,0,2,2,34,17,0,40,0,0,9,1,6,1,0,2,0,0,2,2,1,1,0,1,0,0,0,0,0,1,3,0,1,1,0,0,0,0,0,0,0,0,1,1,0,320,6,11,4,151,7,1,0,0,40,0,33,0,193,0,1,0,87,1,0,4,4,99,0,4,1,0,2,1,0,0,2,0,0,3,0,121,527,1,2,0,0,80,71,0,116,0,0,1,40,14,0,0,3,0,4,0,92,2,0,30,2,0,3,0,0,1,0,1,2,0,363,0,16,0,2,1,1,1,0,0,1,1,0,2,357,5,0,1,28,0,4,47,0,220,0,0,0,0,88,0,163,2,0,5,0,1,0,1,0,0,0,9,61,1,89,1,33,1,7,1,14,1,0,0,1,1,0,2,0,0,107,0,0,2,2,0,58,477,1,0,1,0,0,1,1,3,4,126,0,0,1,37,0,0,0,0,47,1,1,4,0,1,2,0
"ENSG00000185467.7",32,4,1,25,98,177,21,9,74,65,0,7,4,164,152,21,44,27,3,17,48,19,16,155,54,23,22,146,8,44,55,140,331,109,255,5,99,10,6,8,6,9,35,3,10,58,41,27,20,103,10,174,9,32,2,66,7,5,125,19,3,21,39,24,8,45,29,4,192,64,73,62,19,14,8,5,357,31,12,92,94,93,14,192,70,7,125,0,2,26,54,65,7,350,0,1,4,154,22,18,64,20,106,40,43,21,71,8,72,12,76,16,17,230,4,140,65,19,358,35,1,76,18,21,110,9,6,39,59,39,8,4,25,41,74,11,17,6,264,43,5,51,140,9,15,121,281,47,15,88,6,16,147,39,26,3,13,168,76,104,11,15,245,71,18,138,195,25,65,506,20,49,50,343,28,5,69,311,34,10,11,39,21,68,4,20,42,23,85,179,18,0,42,329,78,27,17,87,8,37,68,251,257,21,8,70,34,113,76,63,38,469,287,83,25,41,1,2,55,55,16,117,1,88,8,11,7,74,56,17,57,181,15,3,3,11,3,7,122,84,32,45,251,81,19,11,1,14,84,2,9,21,5,197,4,99,1,6,13,174,294,105,39,18,4,126,49,24,893,21,284,2,12,3,58,9,143,1,3,299,125,50,90,15,48,9,13,32,55,37,12,35,38,16,7,420,24,37,9,5,81,10,48,6,46,35,24,282,134,48,3,24,57,68,46,165,62,3,23,111,27,33,4,9,51,85,33,4,4,3,10,18,20,17,143,12,30,187,0,1,8,8,53,9,13,64,33,16,20,28,12,421,43,19,29,15,12,20,4,69,263,43,11,18,3,71,3,90,4,110,125,36,28,3,166,9,680,30,2,187,32,71,134,30,15,41,59,827,26,56,124,10,6,127,54,59,98,8,40,12,15,26,19,32,38,0,44,73,48,2,78,70,26,6,17,18,226,0,84,9,22,1,18,11
"ENSG00000185480.12",82,4,5,24,159,91,27,34,9,122,75,557,415,415,148,6,19,103,108,32,60,22,61,41,50,85,17,185,3,84,191,57,86,49,34,119,104,18,336,349,9,277,151,47,26,50,35,91,15,21,48,234,49,126,136,49,25,129,151,144,25,76,41,144,12,150,27,31,512,209,144,34,40,2,10,3,73,32,451,125,232,89,167,17,151,107,36,15,55,7,67,55,55,77,15,3,8,171,147,180,36,22,153,30,40,372,165,15,643,98,81,20,76,135,75,26,392,75,200,303,28,83,17,45,63,6,2,54,305,351,34,11,341,7,83,4,71,10,257,15,5,290,126,25,44,207,87,103,144,142,11,7,101,83,28,82,33,215,320,92,62,17,152,87,69,200,184,105,150,1027,27,62,98,552,14,51,36,95,99,81,14,123,120,141,74,27,288,25,48,358,21,299,103,228,47,69,22,35,37,131,30,254,164,417,5,81,15,374,44,99,14,152,157,54,138,98,15,24,42,231,4,62,64,20,16,6,62,465,10,111,148,79,120,119,9,163,12,43,80,48,39,44,13,44,310,409,79,31,38,59,7,20,12,99,3,28,17,10,23,402,200,81,350,208,6,70,44,9,268,12,59,9,146,10,31,150,66,1,19,76,249,114,32,5,102,209,6,22,42,40,29,64,24,18,70,193,330,76,74,48,103,15,288,7,95,9,9,34,75,148,55,200,37,43,125,118,533,186,41,31,176,112,10,321,103,124,15,88,27,4,375,45,26,90,378,21,50,516,111,24,5,73,25,142,504,99,8,49,80,10,47,205,28,423,33,18,143,189,274,28,78,21,32,104,228,29,32,297,12,32,77,50,25,68,201,15,182,10,38,206,12,151,64,11,33,30,92,15,103,110,140,44,10,177,46,92,92,251,38,5,31,51,41,4,181,27,144,255,52,79,71,49,45,16,44,30,60,588,107,42,5,17,328,5
"ENSG00000185559.16",5,0,4,3,478,16437,0,19,0,51,74553,0,91386,1,1,5,7206,0,0,44,5,5,64,1,5,0,9,39,27,0,113586,0,0,46,2,0,1,104,2,1,6,0,0,1,4,2,0,24,3,0,6,0,4,347,0,17,10,93487,2,0,0,0,0,14,123,19104,0,9,3,0,18,0,0,35,33,5,1,1,68,1,3745,1,0,12,0,27,14,0,34483,2,85,278,0,3,9,8,125,0,2263,2,2,39,0,1,37,58229,1,5,9,0,1788,36,0,0,7681,0,157,12,0,0,0,0,41,6,0,28,340,3,133076,28,112,24,0,0,1,6,0,10,20779,8,1,4,344,7,14,99,1,1346,32587,1,1,21,0,677,201,0,0,2,2,0,0,88,2,13955,216,5,0,4132,0,3,1,3,1,0,691,2994,0,11,30,0,4,16,2,0,21,38,11,61,1,0,6,1,3,0,0,26,4,5,0,5,0,0,45900,0,201,0,1,5,50,43,2475,19,3,0,18,44,0,48,1,0,8,0,79237,0,17,7,37,1,18,0,406311,0,1,0,17,0,357,4,0,0,946,0,0,4,2,5,0,452,4,1,0,66,161,0,1,7,2,8112,0,1,140,145,4,132643,3,1685,16,14,1,14,1,4,1,23,0,136350,162408,2,0,0,14,7,4,7,0,22316,74,51,16404,9,206,26,87,3,0,52,1,1,6,0,29,1931,365029,426,43208,3,2,2,707,147,1,2,3,6,151,0,20837,66447,4459,2,91601,0,8,152,9,6,178,0,175,13,0,12,76,29,0,2,1,0,189756,4,92,0,0,14,38,8,7,4,37374,123,79,528,107,444,78,64,143080,1,0,22913,0,3,5,26234,0,0,0,67747,40,2,3,45,1,6184,4,94,0,28,0,0,0,0,11,5,0,14,0,54,1,1,2,0,2,33023,1554,162571,0,3,14,0,10,0,533,0,11,27,1,2,4,1644,35,11,1,11,0,11,0,5,0,28,55,13,0,0
"ENSG00000185585.20",655,28,864,780,1230,528,23,597,253,934,309,1090,74,1433,170,201,498,243,6,769,633,41,1821,1214,354,539,94,439,212,492,282,2117,491,724,622,594,480,130,317,908,107,1348,768,335,276,194,428,941,98,859,522,529,115,84,231,150,705,622,565,256,370,84,87,274,30,1233,481,227,258,414,1786,1137,525,20,510,97,657,520,247,565,512,178,279,655,434,563,459,91,2150,110,761,224,151,143,298,16,210,1766,150,678,508,53,641,262,565,1454,799,44,663,333,1568,198,2291,635,609,240,2853,328,114,839,34,105,371,112,397,27,203,105,874,897,410,161,120,605,812,73,185,37,231,338,65,2032,407,50,1403,1898,304,450,660,611,66,75,370,300,567,36,70,2045,630,556,668,116,267,809,803,464,205,1014,294,673,29,166,169,401,538,465,758,320,315,105,12,2017,274,524,397,350,1491,1421,259,137,205,1330,80,450,35,112,58,12,207,1444,435,272,1324,470,104,152,447,583,422,228,547,830,189,404,1430,851,117,180,1033,987,39,647,345,519,239,42,349,327,387,773,124,489,987,310,254,372,46,373,356,722,2321,726,149,379,227,361,14,292,825,195,317,131,125,403,58,699,167,1684,244,1016,435,730,851,204,33,1655,383,93,220,40,832,23,59,73,704,274,184,43,359,611,404,147,328,43,347,1121,38,1550,131,1136,419,570,554,146,282,422,581,518,1332,1317,454,434,1198,64,56,364,160,658,468,307,471,1023,109,768,780,1233,527,753,1812,474,1210,977,74,1528,1580,382,202,263,137,57,536,240,584,227,385,161,88,1344,172,129,65,170,1109,100,147,450,639,215,124,32,39,1114,457,220,311,62,393,506,495,6,500,526,610,471,7110,549,71,2089,661,395,119,545,28,78,44,147,96,35,1519,324,140,401,171,320,85,45,857,462,235,277,806,164,77,879,139,437,145,377,1055,188,287,63,1240,66,573,685,198,124,328,2520,642,222,441,626,1483,533,206,896,329,311,36,124,1019,63
"ENSG00000185615.16",9,0,27,15,5,211,14,1,4,28,15,20,11,468,55,2,6,27,2,8,5,2,462,57,16,1,25,132,2,8,18,7,729,20,4,0,17,3,20,28,0,10,13,61,6,7,14,5,1,2,1,243,0,91,3,11,1,4,131,15,8,25,1,2,4,105,0,1,10,2,24,11,2,1,1,4,2,21,236,182,253,1335,18,2,2,42,1,34,1,3,33,152,1,67,5,1,0,43,0,2,5,4,310,1,4,11,2,2,416,4,35,2,2,28,2,8,1,4,53,196,1,435,0,1,19,2,1,183,2,11,23,1,59,3,9,0,4,1,35,2,1,17,8,7,7,387,10,21,76,2,1,5,0,96,7,0,2,5,3,85,14140,0,66,5,1,81,2,2,3,7,0,6,3,313,0,8,13,866,1260,7,0,24,0,11,14,0,66,3,9448,82,9,1,3,288,132,16,1,6,0,6,286,2,1,339,1,83,0,4,32,10,4,11,497,179,73,12,0,0,49,65,0,147,1,9,0,3,6,77,11,1,1,8,35,14,2,16,1,0,13,54,57,4,1,70,7,61,2,0,6,11,1,78,3,9,0,0,4,6,66,83,6,45,2,312,5,7,7,0,164,0,58,1,44,1,5,6,2743,0,1,855,447,12,1,11,6,1,0,3,9,71,7,8,4,7,0,12,769,10,5,7,36,6,2827,0,30,1,4,9,87,191,2,3,144,1,8,4,71,18,1,21,10,6,0,3,30,0,4,10,3,0,119,6,5,0,45,1,0,9,2,0,0,0,4,277,4562,2548,11,24,152,4,0,37,2,429,3,10,1,8,0,2,1182,4,5,35,23,5,3,998,3,17,4,8,28,1419,362,119,112,5,0,34,12,262,11,0,3,5769,7,0,1,1,14,1,0,0,5,2,680,70,27,0,10,0,28,2,37,17,68,12,23,2,5,17,12,0,23,2,86,0,2,4,0,0,603,2
"ENSG00000185633.10",1646,112,1863,793,592,240,436,889,486,1106,278,908,591,1257,20378,105,242,2966,2488,443,202,111,1055,392,436,358,699,523,340,3899,638,1200,382,756,404,594,1137,137,988,1073,41,1320,894,694,154,156,1151,1750,165,918,775,37707,132,207,602,1394,1061,767,1673,412,702,1578,187,416,71,1085,565,565,496,596,1546,1530,573,169,980,68,468,866,4493,442,1471,1158,1747,739,600,538,369,313,5046,631,1427,22626,125,2635,650,59,647,2066,1507,761,850,61,2377,320,598,777,919,129,6189,172,556,176,664,804,332,1447,1569,202,1937,1000,256,1563,662,1009,1447,89,313,819,448,611,319,129,5894,1082,829,157,724,75,817,799,91,1704,3299,188,584,2065,670,821,4295,810,195,148,895,853,338,2233,239,1161,833,702,2618,744,6142,461,654,1133,1296,9362,538,732,380,1025,783,1702,654,249,958,6351,183,86,62,1017,716,469,895,779,1186,741,593,135,186,787,793,535,3463,425,84,1920,504,872,395,570,908,555,169,941,533,402,754,241,401,803,9439,414,724,375,587,1117,1157,2000,50,1145,459,636,159,85,502,3478,450,965,1133,989,1115,926,693,1056,107,876,467,1185,892,724,553,224,9079,600,175,660,1541,387,413,570,238,5753,223,763,152,2461,799,3120,850,620,10043,4388,139,1104,576,123,1251,201,1397,63,6375,49,472,140,6927,123,522,2180,1035,871,547,202,583,1049,111,1351,571,1242,152,414,459,811,933,2176,38518,838,1860,945,289,1113,1238,253,253,733,456,835,318,263,685,822,666,772,744,648,535,1706,1412,935,711,636,77,1326,992,919,84,855,599,138,560,238,976,618,359,244,799,979,322,1139,155,873,879,357,13643,601,1169,1236,1602,92,78,522,492,12791,325,193,5640,183,1859,253,788,1747,616,7743,3381,432,751,1310,1058,599,94,728,4556,755,1151,489,403,155,867,910,460,931,301,803,77,1714,901,227,297,160,781,455,64,1454,508,506,338,2257,605,186,422,299,846,68,1052,373,2823,605,590,2169,402,621,585,911,1066,284,355,3930,524,221,109,189,1069,200
"ENSG00000185652.12",11,211,214,11,31,17,0,9,23,33,55,14,1,19,2,151,88,11,0,61,46,334,42,61,3,8,1,14,16,3,39,13,6,177,25,7,23,14,0,0,1,21,7,8,267,1,5,30,221,5,30,23,172,24,2,1,81,4,16,3,2,6,0,77,20,18,11,7,21,30,71,48,8,221,21,275,17,29,8,63,1,36,0,75,3,47,23,0,86,3,40,7,8,0,10,135,49,39,17,22,34,203,27,15,24,68,10,153,204,14,62,298,40,28,10,78,20,8,2,7,1,12,20,7,31,170,79,19,25,34,54,227,3,15,35,320,8,234,11,11,202,75,25,284,91,6,5,7,10,10,238,336,5,7,169,0,4,119,15,26,13,7,13,20,14,60,41,4,3,10,1,31,12,1,45,9,13,19,24,4,280,11,6,9,15,12,103,169,6,0,7,237,13,15,7,2,92,11,6,5,2,3,55,21,316,1,19,25,40,6,121,51,8,75,81,7,6,16,36,6,217,12,3,12,170,293,29,3,19,7,9,1,23,13,4,11,290,6,2,10,338,13,9,18,13,17,1,55,23,4,35,6,236,3,341,45,216,65,4,21,73,26,7,32,94,43,16,222,6,270,17,81,15,61,4,9,2,76,1,7,5,24,6,179,0,21,168,73,0,26,180,11,50,1,19,3,2,16,35,3,75,21,10,320,2,24,15,8,24,3,9,19,0,97,38,6,4,21,24,7,37,9,305,17,35,21,225,2,4,135,3,16,88,39,7,416,6,16,11,5,339,12,10,18,2,14,29,22,0,257,211,10,45,2,14,439,13,3,3,4,13,14,31,9,25,16,1,5,28,17,7,21,1,7,6,261,0,153,15,15,9,6,6,17,136,2,15,43,4,1,3,5,63,26,10,8,26,19,235,226,8,0,96,0,10,257,5,2,11,32,76,12,22,44,12,13,6,7,3,457,248,19,0,115
"ENSG00000185666.15",11,7,38,22,196,302,39,46,15,8,39,70,27,26,28,11,79,8,9,50,44,13,17,18,13,30,34,14,50,76,216,9,79,19,15,66,68,9,54,41,9,9,126,97,10,20,9,11,10,35,45,489,16,49,20,7,33,106,12,2,60,57,208,5,13,405,12,105,17,19,70,56,9,10,31,3,6,7,116,54,113,21,10,19,22,27,6,6,106,19,46,47,455,150,83,5,20,69,566,7,17,36,15,8,32,251,113,8,558,575,17,19,46,8,58,23,151,184,40,15,15,10,3,41,14,15,1,11,284,26,7,7,42,12,18,4,20,11,75,18,4,335,17,13,162,8,38,65,70,6,22,15,26,91,16,25,9,77,92,36,52,21,20,152,109,8,312,483,22,12,1,23,57,36,42,13,23,60,31,28,6,170,47,12,192,22,22,11,128,50,23,10,24,20,53,214,14,25,132,12,5,17,163,8,12,28,20,5,30,15,15,109,28,87,909,4,25,20,17,44,1,8,89,15,19,3,114,4,2,31,39,15,14,19,42,16,2,90,32,42,167,9,120,15,500,58,7,25,57,27,9,40,11,29,8,36,7,23,13,185,42,25,261,1020,14,36,10,14,14,5,37,3,246,11,29,418,695,4,48,18,14,48,10,6,12,45,8,39,210,9,17,20,49,51,104,103,328,159,261,10,14,8,331,16,38,13,22,24,13,278,64,199,60,61,14,317,24,344,163,213,620,13,9,96,40,19,5,22,3,4,19,99,24,42,31,9,19,24,20,59,8,39,21,9,33,2,19,15,181,9,15,28,49,174,8,17,76,2,162,136,26,21,29,223,15,3,21,264,214,23,19,9,9,39,35,9,60,3,17,16,11,26,10,22,6,6,98,103,18,10,243,49,8,88,85,19,93,384,59,5,2,15,22,26,24,6,12,644,9,58,104,15,4,18,23,10,48,80,37,30,1,10,46,7
"ENSG00000185674.9",3,0,4,3,4,17,0,2,2,6,0,5,1,12,2,1,3,11,2,5,6,0,3,1,12,3,0,28,3,2,2,3,7,69,2,2,3,1,0,7,0,6,3,2,3,1,1,2,1,2,0,10,1,4,0,5,1,0,26,1,2,35,2,9,0,4,1,1,5,6,19,5,1,0,4,0,71,1,77,7,21,8,3,0,4,5,3,2,4,1,16,41,2,0,5,1,3,29,3,0,2,4,1,0,10,1,4,3,53,4,5,3,3,4,3,2,13,1,8,7,1,29,0,1,3,2,2,31,10,9,0,1,17,3,6,2,2,0,4,4,0,2,15,0,4,3,15,11,0,4,0,0,3,6,0,0,7,7,21,3,5,3,1,5,1,10,5,11,7,1,0,2,4,109,4,2,0,112,10,4,1,177,4,3,3,0,7,1,9,12,5,3,3,11,46,4,0,1,1,7,0,7,4,154,1,44,1,5,23,4,0,0,4,7,13,2,3,7,3,15,0,0,9,0,5,0,3,7,1,1,2,3,2,4,0,6,0,1,0,17,1,1,1,2,49,5,1,4,10,2,0,0,4,4,0,1,0,1,1,53,7,7,1,11,3,0,0,4,15,0,1,0,6,3,1,2,0,0,0,3,21,6,0,0,1,2,0,0,2,5,1,3,0,2,0,3,21,0,9,2,6,2,6,1,14,0,6,7,4,8,4,3,0,16,5,62,16,5,2,1,6,14,4,11,1,2,0,2,7,1,6,5,0,4,20,2,3,9,1,20,0,0,7,11,3,3,2,8,8,0,0,2,0,11,0,1,6,9,6,0,8,6,3,17,3,1,0,4,2,9,1,3,3,5,91,10,8,3,6,43,0,11,4,0,0,7,3,1,0,3,12,3,2,12,3,3,9,404,3,0,3,2,5,1,5,0,4,2,1,0,5,0,3,1,2,2,30,4,3,1,1,3,4,3
"ENSG00000185686.18",4039,0,0,2,12,129,1,4,0,12,0,0,0,60,8057,2,1233,150,0,69,1800,7,155,0,0,1,2,1,976,2,4481,7,14,39,365,3,2,0,0,0,0,14,255,0,17,0,4,7,12,0,0,9907,1,512,0,1,34,3,1,0,21,1340,0,1,1,1729,0,1,13,18,780,2,1,1,1,1,1626,4,1698,102,66,329,0,2514,0,0,2,0,7,9,2381,15,2,2,0,0,0,0,651,27,1,35,232,0,402,16,0,0,10724,2974,2002,2,2,6,32,0,340,0,14984,141,0,4,6,58,3,0,0,1,0,427,0,0,196,0,1511,1,0,1,13,0,1,262,15,0,1441,5680,1390,825,2438,41,35,2,0,12,0,8,0,350,30,91,6,2,0,257,2281,66,536,1,0,0,0,9,0,15,71,2,2,1348,2325,1,0,222,0,1,2,3,16,0,574,0,1,6,0,1,4,3,0,8,0,3331,1,1,1505,1,0,2226,0,1,1,0,71,1136,1745,2454,5,3,1,0,22,0,0,1,2019,8,0,1,2,1,1,0,0,2,4,27,0,12,0,5,0,0,29,0,1,1,5421,5816,2,213,1042,0,0,202,0,704,1,4,0,81,0,72,1,0,14,347,1,67,22,6,3,6,14,1,4470,0,1,672,421,2,0,2,0,0,2,1,0,304,13,1,989,164,69,0,170,25,3202,6481,14,23,5,8,0,281,4391,0,1711,1,0,0,2,22,14,1698,0,110,372,6704,33,5033,0,3,1222,68,0,4100,2,500,1,0,1,0,10,1,0,326,0,10,4,4317,0,0,5,1,0,4493,79,1,0,1,2771,0,0,1,4,2045,2,0,2502,0,1110,1,777,18,0,2020,24,0,0,5334,0,0,0,0,159,26,75,0,9,0,0,0,0,1,0,0,2,0,239,6,0,1,791,1,0,73,174,19,2,213,48,0,0,0,1,0,1,57,132,10050,0,2,0,0,0,14,0,0,0,0,14,11,0,0,15,20
"ENSG00000185818.8",2,0,2122,12,153,6,91,0,5,292,118,25,135,14,16,4,8,4,5,9,921,4,17,3,2,0,9,2,3,5,34,36,16,10,8,13,4,13,0,4,4,2279,12,58,16,8,4,11,4,3,2,10,2,62,131,3,25,7,4,2,35,1,1,6,1,23,5,9,1,5,7,26,4,3,3,17,37,7,1691,61,71,11,18,52,4,12,5,2,11,8,3131,11,1,10,15,7,20,10,339,8,10,3,10,5,70,144,18,7,704,4,353,9,30,8,20,6,27,45,4,15,0,3,0,65,8,2,12,3,2,13,1,11,5,10,315,9,3,11,10,1,2,39,12,9,20,28,7,13,332,64,2,11,2,12,4,5,0,16,25,21,13,761,10,17,122,4,53,2943,4,17,33,2,17,2,42,1,33,9,26,17,2,3139,38,11,0,4,6,6,25,1,3,234,16,7,4,5,5,5,0,41,0,5,35,59,7,1,9,3,5,0,166,17,19,6,19,17,63,5,6,9,5,8,6,3,6,7,10,6,4,23,14,9,21,38,9,19,3,10,1,9,20,7,11,6,5,16,1,27,59,6,2,2,4,2,13,12,13,31,28,9,11,2,12,32,6,9,18,14,2,2,10,5,4,12,10,9,46,5,22,12,2,15,3,13,6,10,2,15,4,18,14,2,10,3,374,2217,21,4,15,136,12,42,46,12,5,8,8,5,2,56,2,103,5,36,18,86,42,61,10,10,3,3961,2,7,9,939,8,53,14,5,40,4,9,272,9,3,147,13,284,10,11,6,7,4234,84,5,17,61,31,1,4,20,4,387,1,7,25,91,170,0,34,11,12,8,264,2,6,53,108,3,6,9,1,82,4,3,3,0,4,5,5,3,6,16,11,7,19,5,20,1,357,9,3,7,1,5,9,1136,23,4,4,4,48,3,37,1294,5,21,2,5,16,1,8,3,3,1,1,204,10,13,11,2,74,6
"ENSG00000185915.5",5,0,4,1,67,144,0,1,0,1,7,0,0,22,1,14,0,3,1,8,4,2,0,294,1,2,0,13,0,13,0,1,13,23,312,14,109,0,0,2,0,3,1,0,6,5,5,0,0,30,65,6,14,17,0,0,1,1,1,0,49,313,0,18,0,26,1,1,2,3,1,4,1,5,0,0,161,5,3,4,374,55,1,3,3,0,0,43,0,0,1,384,39,0,7,1,2,1,0,4,0,7,27,4,5,9,423,4,2,1,2,1,0,64,2,71,22,28,117,130,0,59,37,3,68,1,3,8,1,4,0,3,0,0,17,0,25,6,237,136,0,42,4,19,4,1,2,56,1,0,2,3,219,401,0,59,1,1,0,147,2,6,222,8,0,1,1,1,110,2,0,32,18,1,7,2,78,9,4,185,0,13,41,0,33,15,2,93,41,2,0,4,6,5,336,25,6,0,0,1,94,2,347,6,9,0,4,0,4,1,12,273,1,323,2,1,0,0,2,0,2,1,0,1,7,2,22,1,0,0,0,71,8,2,1,89,0,0,59,1,17,2,1,2,9,1,0,3,6,1,0,0,1,0,5,16,3,0,0,6,0,23,96,2,2,27,1,5,0,2,45,0,17,2,115,16,0,3,0,22,0,2,0,0,39,10,0,1,0,1,13,2,0,0,16,0,26,79,119,1,27,0,5,7,3,2,1,15,1,466,1,17,119,39,43,1,0,11,0,0,0,0,4,18,1,0,15,0,1,1,98,0,2,0,3,0,0,0,3,0,4,0,0,0,2,1,120,0,0,2,3,4,98,35,21,3,0,0,3,40,0,1,31,2,1,1,5,19,3,2,63,97,0,0,243,0,13,0,50,1,0,1,81,37,20,1,0,0,37,1,47,51,6,162,39,0,44,2,1,2,1,85,1,76,61,5,23,1,0,0,202,0,40,1,94,0,59,4,4,5,2,60,2,2
"ENSG00000185940.10",0,0,0,0,91,27,0,11,0,29,0,0,0,0,0,0,63,0,0,0,6,0,0,0,0,0,0,1,0,0,16,4,0,1,0,0,0,8,0,0,0,2,0,0,0,0,1,0,0,0,0,1,0,2,0,0,0,0,2,0,0,1,0,0,0,1,0,0,2,41,0,3,0,0,0,0,15,5,3,0,0,0,0,45,0,10,4,0,3,0,6,9,0,0,0,0,0,0,0,0,0,0,0,0,2,0,0,0,4,0,9,0,0,0,0,0,0,0,0,0,0,0,0,2,11,0,0,0,5,0,0,0,8,0,6,0,0,0,21,0,1,4,37,0,36,3,12,132,21,4,0,0,0,0,0,89,0,1,0,0,0,79,0,34,3,0,64,15,7,3,0,0,31,0,45,1,1,0,0,1,0,5,0,0,0,0,8,0,0,0,0,0,4,0,0,293,0,139,0,13,0,0,21,0,0,7,0,10,0,0,12,0,1,4,0,4,0,0,0,3,0,0,0,17,0,0,0,0,0,1,31,0,0,0,0,0,0,0,0,0,11,1,0,33,29,3,0,1,0,1,0,44,0,7,0,0,0,31,5,2,0,0,0,0,0,140,20,0,1,0,0,1,0,0,4,0,4,0,0,0,0,10,0,0,0,1,0,97,3,0,0,0,22,0,0,7,1,0,0,3,0,9,1,0,0,0,0,0,0,0,0,14,0,23,19,0,10,5,3,75,0,0,0,1,0,0,0,0,0,0,0,0,0,0,2,0,0,0,0,0,0,0,2,12,4,0,0,0,0,0,0,2,0,0,0,0,1,0,0,40,0,0,0,24,0,0,10,0,0,0,0,0,1,0,6,0,0,0,1,0,0,0,0,8,0,0,5,1,0,1,29,0,0,19,249,0,1,0,2,0,0,0,2,0,0,0,0,0,0,0,0,0,0,1,0,3,0,0,9,0,0,0,0,0
"ENSG00000185988.15",4,0,2,5,5,0,2,1,1,21,1,6,5,4,22,3,3,3,21,1,2,1,3,7,40,1,6,6,0,6,1,2,0,7,2,9,1,5,11,10,1,3,5,0,0,4,2,3,0,3,2,1,3,1,23,1,4,0,10,4,2,28,3,1,2,2,1,0,14,4,25,5,1,0,4,0,36,30,0,34,9,35,26,7,14,9,1,0,4,3,42,6,1,3,17,1,8,4,1,0,2,3,37,3,3,9,2,3,11,18,6,2,1,2,0,7,6,3,1,21,1,13,0,5,2,6,3,27,4,2,2,0,15,1,2,2,8,2,15,0,1,3,1,2,0,32,2,19,5,29,2,1,3,4,1,24,0,0,9,10,3,80,1,7,10,5,3,11,0,5,22,1,3,6,7,0,6,7,11,5,1,0,3,2,7,2,6,3,2,9,4,0,37,4,20,5,1,4,1,16,3,7,48,6,2,21,0,7,11,65,15,51,1,1,3,90,6,1,3,17,4,0,0,2,0,0,8,3,1,6,20,6,2,1,12,2,0,2,6,7,0,1,3,1,12,4,3,1,0,11,1,1,1,11,0,4,0,1,2,15,11,3,8,11,1,13,17,1,80,0,0,1,6,1,7,1,3,0,8,41,11,0,5,3,5,3,0,11,4,0,10,2,13,24,3,1,15,5,1,13,3,4,1,2,1,4,3,3,2,13,10,12,8,2,13,24,1,6,3,0,2,7,0,5,2,120,1,1,5,1,8,0,1,31,3,4,3,0,6,7,0,1,6,2,4,0,4,28,0,5,2,6,4,6,6,0,7,7,1,5,3,1,3,9,50,10,41,4,5,5,4,15,1,1,207,4,41,1,0,40,33,4,12,6,2,2,29,27,3,4,15,11,1,4,47,1,14,0,12,0,0,15,3,1,19,91,2,0,1,0,0,1,0,0,3,10,6,0,8,2,1,0,11,3
"ENSG00000186051.7",24,0,0,1,2,1,1,26,4,34,0,12,3,31,12,0,0,9,1,6,2,0,1,4,3,5,1,32,5,21,4,5,3,8,1,2,4,0,6,9,11,4,70,1,4,0,2,2,0,0,11,6,4,7,13,1,1,25,4,2,0,0,13,11,0,14,8,5,6,9,35,3,9,4,5,0,53,3,6,8,10,3,3,6,9,0,8,7,7,7,1,6,8,0,0,0,8,49,11,12,11,1,6,2,0,3,2,1,17,22,6,2,2,10,2,3,13,0,85,18,3,2,0,2,13,0,0,0,2,12,8,0,26,11,1,2,1,1,3,5,0,17,12,1,2,1,0,1,0,191,0,4,12,4,4,1,10,20,15,9,14,3,2,2,0,2,10,1,6,171,8,1,5,5,0,1,23,1,1,24,2,1,6,11,1,0,7,0,5,2,8,0,4,28,1,2,1,4,2,26,2,2,0,12,0,0,1,4,8,0,0,7,2,8,3,7,3,1,4,5,0,13,0,1,1,1,8,42,5,17,1,11,6,10,0,8,0,3,8,2,2,10,3,2,12,16,8,3,0,4,2,7,0,3,2,40,2,3,8,6,6,3,6,19,4,1,5,1,38,0,3,1,3,0,7,3,9,2,0,4,3,40,10,1,6,0,0,0,5,7,6,4,4,24,0,19,15,1,4,6,4,1,75,1,4,2,3,4,9,18,2,1,0,0,6,3,23,6,5,8,36,19,0,7,13,4,1,2,0,0,18,4,3,2,5,0,0,61,3,0,0,7,17,7,6,15,3,0,2,0,1,25,3,7,4,1,11,2,3,1,9,4,7,24,80,7,14,12,0,12,1,12,3,2,71,0,18,0,17,2,12,13,8,0,0,6,1,7,32,2,8,2,1,15,6,13,22,26,5,1,2,8,2,0,0,0,3,6,0,6,7,6,11,0,3,8,3,0,6,1,0,2,17,3
"ENSG00000186094.17",13,50,0,32,2,0,1,0,25,1,0,4,0,32,5,58,1,8,0,1,2,23,13,0,9,12,0,17,0,29,7,10,11,1,6,3,19,1,9,0,0,2,0,4,28,13,3,0,31,0,21,29,75,12,0,2,21,0,32,0,2,12,0,17,14,0,17,6,0,2,20,21,1,87,5,14,2,0,9,15,7,4,2,8,19,4,1,0,16,1,12,16,0,3,4,6,2,21,4,7,5,0,1,0,1,1,37,109,76,0,1,16,4,10,2,3,2,1,24,52,0,8,0,0,2,40,7,26,1,11,9,22,3,14,2,39,0,3,17,0,26,14,15,28,1,16,0,0,0,0,16,4,1,65,11,0,1,4,6,43,0,0,6,1,4,5,8,1,37,2,0,5,253,51,9,0,1,37,7,9,33,14,2,0,3,1,28,9,0,7,2,0,1568,31,1,1,70,0,0,2,0,1,2,13,16,8,0,0,10,1,9,26,0,6,5,1,0,363,39,19,53,12,0,2,2,21,1,24,0,1,0,27,0,0,2,4,38,6,0,19,40,0,3,2,0,4,0,0,0,6,1,0,11,0,38,15,86,0,3,15,37,3,3,12,4,0,2,14,7,74,3,49,16,60,76,0,17,12,2,10,6,11,12,15,0,0,11,3,0,0,7,0,0,6,7,15,17,0,88,10,2,3,145,1,2,1,0,0,4,4,0,1,0,27,2,4,17,1,15,0,1,18,60,2,63,13,2,0,2,129,16,0,30,0,2,71,3,1,0,19,44,51,3,8,7,47,2,3,10,1,151,28,72,38,0,3,0,9,0,0,1,2,5,0,17,0,0,0,1,3,9,6,1,6,38,0,12,10,19,3,3,18,2,0,2,0,0,4,1,5,2,13,17,0,0,0,9,45,5,68,6,2,3,1,10,7,10,12,40,30,13,9,15,28,0,0,12,0,7,10,24,0,0,6
"ENSG00000186150.5",150,0,4,0,0,2,0,0,0,0,0,30,1,2,0,0,2,0,1,0,0,0,5,0,1,26,2,1,0,0,0,0,0,0,0,2,0,0,2,4,0,1,1,18,0,5,0,0,0,0,0,2,0,0,5,2,0,0,0,9,32,13,1,0,0,0,1,1,0,5,4,0,0,0,0,0,0,7,0,3,0,0,2,0,0,0,0,0,5,0,6,3,0,0,36,0,0,0,0,1,0,0,10,0,0,0,13,0,3,4,2,3,0,0,0,0,1,2,0,0,5,0,0,0,1,1,0,1,1,8,0,0,0,3,0,0,0,0,0,0,0,15,1,0,0,0,0,0,3,0,3,0,1,13,0,0,0,0,0,0,1,0,2,0,2,2,1,29,1,0,1,0,0,0,0,0,1,1,0,0,0,4,3,0,1,2,0,0,2,0,1,0,51,0,5,0,0,0,0,0,0,1,1,10,0,1,0,1,0,0,0,0,1,0,9,0,3,1,0,0,0,0,0,0,0,0,51,3,0,2,3,1,1,28,10,0,0,1,0,0,4,1,21,1,11,1,0,0,7,11,0,0,0,0,1,0,0,0,2,2,0,0,4,0,0,1,56,0,5,0,0,0,1,0,0,5,0,0,26,8,13,0,5,0,3,0,0,4,0,0,1,0,0,0,17,0,2,1,0,0,4,1,1,0,0,1,1,0,0,0,6,0,0,2,0,2,0,0,0,0,0,209,0,31,0,3,0,8,0,0,1,6,0,26,3,0,19,43,1,0,0,8,0,0,8,0,0,1,3,0,0,3,0,1,0,0,4,2,10,0,0,0,1,1,3,0,0,0,1,0,0,0,0,9,3,0,0,0,0,2,0,0,0,0,0,0,4,0,1,14,2,27,0,10,3,10,1,0,0,0,0,0,0,0,1,0,0,2,0,0,0,0,2,0,6,0,1,0,1,1,0,0,11,0
"ENSG00000186185.14",85,1,48,39,610,220,90,59,32,419,50,600,487,2852,744,20,48,240,825,111,127,15,79,110,147,156,138,525,73,418,793,439,306,55,23,308,154,51,286,301,12,351,704,15,27,84,26,222,8,32,82,631,45,544,89,213,8,461,439,397,21,629,108,325,19,426,114,32,1579,977,1100,93,45,1,51,16,1017,97,901,429,351,533,548,75,378,229,45,58,107,13,288,149,154,98,43,6,9,488,419,1686,82,25,484,33,123,494,362,11,2560,360,189,37,55,222,250,18,1903,171,867,842,22,292,13,240,125,0,11,309,364,691,62,4,1008,34,358,9,116,11,986,35,4,1375,328,33,121,1561,346,602,432,452,23,6,282,247,42,352,41,538,256,311,239,79,328,241,423,524,627,955,592,2366,55,141,183,793,44,110,123,194,364,194,8,257,68,641,108,55,326,17,129,1055,27,2027,859,690,123,631,28,145,28,549,75,1548,700,954,2,211,55,879,294,1022,48,224,534,122,326,452,16,13,116,285,6,246,137,41,19,9,140,1666,21,101,706,304,140,210,14,292,16,40,144,203,43,102,16,50,750,1174,308,36,115,234,23,116,25,363,14,186,34,77,78,1530,599,260,2034,867,12,171,307,7,634,7,244,2,708,5,42,415,374,4,43,457,633,475,101,7,48,519,8,63,123,145,64,74,72,52,105,718,3316,74,98,66,549,30,1062,10,206,45,16,99,159,716,75,635,236,153,139,266,707,415,17,73,474,716,14,1803,201,762,14,64,50,10,580,140,60,250,1048,19,157,1738,66,61,4,99,46,598,1220,303,13,124,493,2,57,1178,56,602,38,27,385,757,940,107,365,32,99,810,1855,48,171,392,22,102,309,280,38,155,927,29,520,5,38,487,57,394,133,19,52,52,575,138,232,573,587,99,22,479,115,224,230,696,87,13,110,240,95,11,583,50,321,542,72,37,115,222,35,16,162,146,100,2292,420,35,6,16,1436,18
"ENSG00000186191.8",1,1,46,1,31,21,0,4,1,0,0,0,0,4,0,1,0,14,0,310,2,0,7,6,0,5,6,4,3,0,158,57,1,0,0,28,0,22,0,0,0,2,3,0,0,7,12,15,0,26,7,34,0,4,1,4,0,1,7,0,0,18,0,0,4,6,0,4,4,29,2,7,1,0,0,0,1,127,1,2,1,1,37,4,1,0,0,6,0,1,24,12,0,12,2,0,1,0,3,0,4,1,34,0,0,1,1,0,46,0,2,0,2,1,0,1,127,1,3,3,0,0,12,3,13,0,0,0,3,0,2,1,4,1,5,0,2,0,5,0,0,90,0,1,41,12,3,13,1,0,1,0,2,0,3,0,1,30,0,0,2,8,28,50,46,0,12,96,24,33,0,3,4,2,3,0,12,0,0,0,0,0,0,0,0,6,0,9,21,0,0,0,0,0,7,3,0,0,1,19,0,4,8,11,0,2,3,7,3,1,0,19,2,12,2,0,11,1,10,1,0,0,25,6,1,0,3,0,22,4,7,1,13,1,0,0,0,0,0,6,5,2,1,15,48,4,0,22,0,0,0,35,1,3,0,0,2,193,10,463,2,0,33,143,0,16,53,0,1,0,5,1,5,1,4,1,6,0,1,52,0,18,0,3,0,3,0,1,182,49,0,2,33,3,4,4,65,1,49,0,1,0,15,1,0,0,0,2,0,0,0,16,5,87,1,1,2,1,2,5,9,0,0,21,101,0,0,1,1,1,4,0,0,11,0,0,12,0,0,8,1,1,3,14,3,1,0,23,60,0,0,2,0,0,0,0,2,1,3,3,0,3,0,13,0,0,5,3,0,3,12,4,5,6,134,14,0,3,0,0,0,0,0,27,0,0,141,0,0,5,12,0,0,3,11,0,18,14,0,1,0,11,2,0,4,0,7,8,0,7,2,0,1,1,5,1,1,1,36,3,0,8,4,1
"ENSG00000186193.9",95,19,17,26,399,87,45,4,8,291,18,85,238,426,783,6,28,15,31,45,30,6,40,24,38,6,76,76,35,46,87,16,33,22,10,142,46,47,72,68,30,150,19,4,11,12,11,71,17,8,37,143,14,33,15,11,4,97,39,34,11,100,7,74,7,128,21,14,133,30,110,33,8,9,11,0,201,80,450,56,37,162,378,150,35,59,7,10,66,10,101,54,14,97,14,5,7,111,85,77,24,21,274,11,80,142,124,4,2614,38,70,18,23,85,79,16,450,18,159,188,12,49,5,5,48,4,3,38,117,108,14,2,402,8,232,8,10,5,329,12,6,345,243,13,80,705,104,260,222,482,9,10,9,39,15,163,21,31,34,56,31,102,55,116,309,67,161,618,57,410,60,29,19,168,38,38,66,99,359,48,3,83,24,73,10,34,46,16,3,37,12,445,244,53,42,208,15,103,6,171,5,28,174,110,4,26,6,134,26,18,30,228,595,42,48,595,8,37,49,41,6,41,6,13,10,8,35,964,12,15,128,6,87,63,10,28,9,29,35,9,21,42,6,15,293,118,38,21,17,16,17,109,6,22,6,66,12,42,38,940,40,44,1041,899,4,64,204,7,21,9,26,4,93,3,12,69,237,6,22,49,8,81,26,5,22,89,10,48,24,29,23,12,37,13,21,898,579,16,28,66,16,18,817,13,33,13,11,19,27,130,21,218,23,70,22,110,41,127,29,22,271,217,2,418,20,346,18,22,30,7,196,18,12,103,92,19,31,257,34,96,15,27,27,951,98,77,20,127,86,2,66,574,24,193,9,4,194,103,43,26,3,17,13,629,797,3,52,124,9,39,52,25,4,40,189,10,23,2,13,5,26,71,29,18,23,47,294,24,11,29,719,31,7,251,74,18,52,447,44,7,45,12,32,2,607,17,85,27,17,28,25,69,10,17,34,76,13,187,397,22,6,4,440,13
"ENSG00000186197.15",19,3,24,48,39,61,9,4,1,27,11,461,568,86,0,10,4,12,131,5,67,5,11,13,12,31,2,8,155,11,2,8,13,0,10,31,8,40,580,298,17,23,46,11,21,140,3,9,5,1,21,38,20,133,70,90,48,20,52,3,33,13,2,9,5,9,19,46,10,86,5,53,5,0,4,8,34,35,356,73,61,2,1,1,10,8,10,95,17,5,205,49,30,22,509,4,18,2,433,580,15,4,35,52,20,6,11,14,107,17,38,13,14,13,1,11,37,34,3,698,4,1,0,11,46,1,11,6,7,4,4,10,161,6,21,13,107,9,23,1,2,15,10,20,20,1211,26,2,10,5,4,14,59,6,0,170,2,56,139,15,17,3,13,48,7,12,35,43,2,588,15,1,15,8,1,191,11,12,13,29,6,8,151,6,10,21,9,9,2,0,177,311,27,139,1,23,9,7,0,51,2,0,86,3,7,10,3,26,25,0,15,35,1,0,18,17,82,2,54,189,2,2,82,4,9,15,93,117,7,89,21,2,56,111,178,91,10,6,0,7,19,21,46,2,7,163,3,39,8,38,2,3,2,14,12,31,7,7,855,20,4,18,201,565,14,215,33,19,7,9,51,7,15,10,6,40,43,5,77,84,1,117,3,11,2,3,13,12,24,456,29,10,89,15,343,12,66,104,7,28,133,13,17,12,8,5,30,158,2,136,749,355,6,90,18,9,43,91,3,15,7,9,4,118,43,9,13,665,189,10,309,162,6,47,98,7,13,23,39,8,5,12,63,1,20,3,12,10,140,4,14,41,19,507,1,13,4,2,38,3,5,4,50,16,45,2,4,7,1,36,6,253,20,108,6,2,0,4,13,2,2,28,5,16,18,3,501,5,9,427,204,686,8,79,18,5,12,555,143,2,5,32,9,29,4,48,70,18,8,9,13,1,4,3,7,21,3,186,8,13,17,4,144,13
"ENSG00000186198.4",63,1,0,113,126,188,1538,208,144,12,74,25,66,399,1621,105,312,157,105,90,995,26,431,118,52,227,1774,81,208,50,621,30,228,309,647,68,303,51,128,37,601,99,335,8,89,473,577,595,8,117,60,1932,1008,65,44,96,19,279,77,467,6,11333,1,741,294,211,18,25,344,113,23,403,833,10,184,6,50,105,246,588,314,188,52,1337,689,53,468,12,104,225,612,517,80,747,11,7,4,64,50,30,329,72,72,19,52,119,502,21,836,2288,346,38,50,214,74,1153,1190,748,2168,585,23,140,29,111,112,2,33,801,154,56,489,7,575,211,175,18,19,23,399,2886,57,715,61,134,148,13,203,555,1310,21,24,27,106,1245,162,476,50,170,297,411,514,92,59,283,115,160,1165,91,821,32,435,353,74,42,189,92,201,64,14,19,14,76,63,226,57,1623,640,100,747,941,90,2,75,350,567,118,58,174,4,62,50,521,138,56,41,135,81,351,183,356,126,317,1955,4572,292,11,186,9,33,1391,9,925,370,47,8,6,28,68,140,116,119,132,409,10,1,305,10,35,1909,285,186,208,148,402,800,80,92,99,26,186,31,449,9,59,33,212,37,482,31,194,387,343,67,456,9,135,46,21,508,60,1333,18,104,20,221,91,194,16,61,80,63,349,77,19,27,1404,9,48,131,34,37,124,441,542,939,7663,21,22,162,50,190,74,8,27,98,68,312,197,189,73,115,108,854,428,273,9,490,285,207,961,718,10,20,25,613,170,562,3,660,16,9,263,253,1151,60,7,111,222,38,50,8,10,2392,184,103,164,1849,539,152,28,17,64,145,327,21,34,146,10,568,278,105,304,38,41,15,207,103,1176,55,1010,436,65,130,18,442,281,481,60,16,261,7,123,2496,1430,2189,540,263,158,3622,29,259,25,556,122,71,1099,645,540,28,37,129,96,250,958,1880,6,32,6499,142,64,156,151,12,25,2424,6251,606,131,39,51,8,91,86,54
"ENSG00000186326.4",2,0,10,0,7,0,6,3,3,32,11,4,2,16,42,3,0,10,0,0,3,0,4,1,3,0,3,3,1,10,0,18,7,1,0,3,6,0,7,3,1,2,3,6,0,0,5,6,0,0,0,16,1,3,2,3,0,5,2,0,2,15,3,5,0,0,1,3,8,1,32,1,0,0,1,0,41,1,2,4,6,14,0,17,7,2,0,0,1,6,3,9,2,0,2,0,4,5,18,2,0,0,6,0,6,0,1,1,14,12,0,0,0,0,0,2,0,0,18,13,1,1,0,16,4,0,2,1,0,9,3,0,14,1,3,0,7,1,2,0,0,2,1,0,0,12,14,3,0,10,0,0,5,0,1,14,2,3,4,12,7,9,3,0,0,5,9,11,0,3,4,3,3,1,1,1,2,18,8,2,0,2,8,0,2,0,6,0,7,0,6,6,1,7,3,3,0,15,1,14,1,1,2,4,2,20,1,0,1,0,1,11,13,1,3,3,1,0,2,5,0,5,2,3,0,0,2,2,2,3,12,2,0,3,0,7,0,3,2,7,0,0,4,2,11,8,3,2,0,1,4,1,0,4,1,0,0,0,15,3,2,1,4,3,1,0,3,2,4,0,2,0,3,0,7,0,4,0,2,2,9,8,6,4,2,0,0,0,1,3,1,5,0,19,6,9,2,0,4,23,6,4,32,2,2,1,4,1,5,6,1,1,1,10,7,31,7,3,1,1,1,1,1,3,1,2,0,3,7,0,3,2,1,6,16,1,6,3,7,0,0,5,4,3,8,2,5,0,2,0,0,9,1,3,1,0,1,1,2,8,9,2,2,5,2,0,29,3,2,3,1,2,3,7,34,0,4,0,2,4,1,10,0,2,1,0,0,5,8,0,2,4,1,0,2,2,1,9,0,1,0,3,1,0,10,14,6,2,0,2,0,1,1,0,0,3,2,12,4,1,0,0,4,1
"ENSG00000186417.14",13,4,79,9,251,13,136,32,5,38,6,1,919,4057,167,33,93,17,5,7,78,16,53,27,121,250,2,50,666,5,1487,46,92,21,104,16,22,4,0,8,0,691,780,2,37,210,7,81,19,3,1,2258,17,260,10,1123,11,448,17,2,5,380,7,8,1,148,6,1,23,66,218,124,115,3,8,4,162,62,256,137,354,472,39,153,110,85,15,6,1140,43,24,20,46,488,56,1,3,58,105,117,2,5,774,1,80,39,113,7,180,3855,8,47,1915,245,2,4,429,15,16,137,2,27,3,4,36,17,49,44,9,37,13,8,69,12,317,19,3,7,93,2527,7,2294,108,16,77,3239,2049,1427,42,10,6,37,357,61,73,5,66,2571,0,100,40,22,351,147,25,318,111,235,39,1228,21,309,4744,261,26,201,17,2,50,1,6,220,0,5,6,3,120,126,177,12,2,57,2613,142,72,11,6,2,1723,38,6,99,163,741,24,30,6,340,184,5,25,39,5,181,925,29,7,28,169,65,0,37,90,12,11,0,1,1141,130,6,15,12,387,8,2,55,6,2,55,13,56,10,69,23,756,189,0,28,88,2,11,3,50,291,3,16,8,36,3,1535,157,87,567,107,0,73,57,7,56,14,188,12,193,5,13,539,299,6,88,375,12,586,91,10,0,75,6,85,93,407,32,6,783,3,39,20,109,4,4,16,31,96,143,15,571,21,30,136,3,82,10,42,10,762,6,4,105,1091,4408,10,39,36,7,21,57,10,70,4,70,3,13,1004,26,27,49,18,5,736,29,42,6,14,58,17,318,17,8,10,42,11,3,67,8,1641,1,19,71,9,460,392,219,37,5,2775,2,15,17,67,4,20,56,5,224,18,18,22,386,20,5,7,137,60,156,18,17,147,24,24,5,3,10,15,16,17,62,110,366,108,45,5,20,2,28,6,7504,22,422,1256,54,6023,53,3,18,5,91,3,35,2158,17,24,7,15,4,16
"ENSG00000186431.19",12,0,0,2,6,1,2,3,3,1,11,0,1,20,4,13,3,2,3,3,14,14,3,6,2,0,1,19,0,8,0,0,2,6,0,11,32,1,1,1,0,2,1,0,14,0,2,8,9,7,0,96,14,1,3,2,12,3,2,2,3,28,0,23,2,0,0,58,2,1,5,7,1,22,1,1,2,0,1,6,1,2,1,0,2,0,1,0,4,0,0,6,0,1,2,2,6,4,4,6,9,14,1,0,3,0,4,13,10,4,0,15,3,1,0,1,2,1,2,2,2,0,1,3,7,31,25,3,4,8,1,4,4,13,1,12,2,5,2,2,4,7,19,12,2,3,14,2,6,2,26,4,0,1,1,9,4,7,0,4,2,1,3,2,2,27,21,3,3,2,0,2,0,1,0,7,7,2,4,2,31,1,2,4,1,2,3,2,2,0,2,57,11,2,5,0,4,1,2,1,0,2,7,1,37,3,8,2,1,7,1,2,1,1,14,4,4,2,6,0,0,2,0,4,2,26,3,1,0,0,2,1,19,3,0,2,8,22,2,0,1,12,2,1,95,2,0,1,0,1,0,2,0,4,12,2,19,0,5,3,2,5,8,2,53,1,0,33,5,25,8,1,21,26,1,0,2,18,1,6,0,2,0,4,0,3,5,10,2,5,31,5,1,1,2,2,9,5,3,0,4,2,4,6,2,0,7,5,1,1,2,1,4,2,4,14,7,11,1,0,4,3,9,0,5,2,68,81,0,5,2,14,13,4,3,6,1,7,2,0,3,14,1,0,4,1,0,1,3,19,10,7,2,6,2,4,0,2,5,0,9,6,3,0,1,0,3,6,0,0,2,3,0,1,5,0,0,14,2,4,2,3,1,0,6,3,3,3,4,3,2,0,8,0,0,3,1,4,24,4,1,0,4,0,60,53,11,1,1,6,21,0,10,1,0,1,0,14,4,8,7,2,0,14
"ENSG00000186458.5",0,0,0,52,0,138,0,617,57,1,0,0,0,15,1,9,0,30,23,11,169,2,435,81,4,1031,14,88,21,0,0,97,2,141,2,19,13,2,0,0,23,2,34,181,15,6,38,7,2,27,13,2,19,0,45,3,5,4,8,16,81,4,46,42,259,0,457,361,19,12,1,43,64,15,9,0,0,8,0,146,11,33,2,27,174,11,41,44,4,6,214,31,1,6,1422,5,14,167,4,0,8,41,0,6,4,3,16,10,0,4,5,19,172,42,0,12,20,242,15,102,462,2,18,3,87,12,8,29,1003,272,11,0,31,35,0,5,3,0,0,45,29,47,1,58,13,4,0,1,0,0,74,4,29,574,21,2,0,41,104,114,13,0,43,0,1,3,26,0,32,7,289,9,4,0,2,27,7,14,6,3,7,490,35,200,22,1,173,3,0,14,97,0,2,26,21,0,8,3,7,38,1,14,0,4,5,1,3,0,9,11,7,0,6,3,19,0,42,3,1,141,3,6,0,10,5,1,634,7,3,10,3,598,10,17,6,254,7,85,5,108,5625,150,262,58,4,120,0,23,33,327,11,0,1,5,44,87,14,1,5,0,157,46,0,1,0,11,8,4,28,0,8,1,0,14,20,0,0,13,426,56,217,1,38,3,21,2,1,12,1,6,12,67,32,35,264,9,0,1239,1014,5,19,0,0,4,0,1,5,177,2,1,1,3,0,78,36,67,0,1,33,43,0,77,7,6,217,10,0,54,27,2,100,79,12,1013,8,10,28,0,0,0,5,51,188,4,1,0,177,5,0,9,4,21,758,0,4,2,5,6,0,0,6,13,148,0,31,74,1,0,567,93,90,7,1,0,20,4,0,0,61,123,29,51,7,27,0,13,0,3,310,293,0,372,37,0,12,6,423,0,6,1,37,8,156,14,0,0,16,0,0,22,71,9,23,34,17,74,10,0,1,93,3,36,0,5
"ENSG00000186471.13",1,0,4,0,0,0,0,0,2,1,0,0,8,0,0,0,1,4,0,0,4,0,4,0,0,1,21,1,0,1,0,0,10,2,0,1,1,0,0,0,3,0,4,5,0,1,0,0,0,0,1,1,0,7,6,1,0,4,22,0,0,15,0,3,1,0,18,0,0,0,0,2,18,0,0,0,2,2,0,0,2,12,0,2,3,0,2,0,0,0,15,27,0,0,0,1,0,1,2,0,1,1,0,0,0,0,38,0,4,3,0,0,1,7,0,0,2,1,30,0,1,0,0,0,2,1,2,2,1,0,0,0,3,3,1,1,8,1,11,0,0,0,2,0,0,9,19,3,0,0,0,0,37,2,2,0,2,0,0,3,14,0,6,5,1,7,2,0,1,13,30,10,0,0,4,0,1,0,1,0,0,3,1,1,7,0,0,1,3,1,0,1,9,7,2,3,1,0,0,0,0,0,1,1,0,0,0,5,0,2,0,4,0,4,6,0,0,0,0,12,0,0,0,0,0,0,1,0,0,0,0,3,1,0,0,0,0,0,2,8,0,0,0,0,0,0,0,1,0,0,0,0,0,19,0,6,0,0,0,0,8,1,9,4,1,0,0,0,6,0,0,0,1,0,0,3,1,0,0,1,2,1,44,0,8,0,0,0,0,5,0,4,0,0,22,0,0,0,0,0,3,0,0,0,0,0,1,14,1,0,0,0,0,1,1,0,5,16,0,0,1,5,0,4,0,1,0,2,0,0,0,1,2,5,3,1,0,0,0,0,1,4,0,0,2,2,3,3,1,0,0,0,2,0,0,0,0,1,5,2,3,3,0,2,0,2,3,2,15,1,1,2,0,0,1,3,0,0,2,3,1,4,6,0,0,6,13,0,6,9,0,3,0,0,0,5,12,13,1,0,4,6,1,0,0,0,9,0,12,0,1,0,4,0,0,0,2,7,51,1,0,0,2,1
"ENSG00000186510.12",70,0,60,2,37,11,0,16,1,444,23,18,6,14,26,2,6,371,9,17,6,5,90,13,0,14,4,39,19,1,8,8,14,2,105,17,27,21,0,3,5,352,5,9,2,13,5,9,5,2,0,85,5,16,20,89,1,1,31,3,3,106,0,8,6,4,0,2,68,60,16,15,41,2,0,3,39,33,0,5,78,285,21,54,93,500,22,102,8,3,74,45,3,6,3,2,2,147,66,8,2,2,18,16,28,68,24,1,231,26,10,7,6,8,5,3,72,1,48,34,4,4,3,2,15,0,4,2,160,51,3,1,107,16,160,2,15,12,232,2,3,314,14,9,52,243,6,35,7,239,1,3,9,27,2,60,4,82,29,48,7,18,24,24,43,18,19,154,7,24,2,8,17,290,23,0,22,180,21,11,0,250,12,8,2,7,5,14,12,6,8,9,80,29,21,40,2,42,0,97,97,2,96,102,2,39,5,159,18,12,33,20,10,9,15,9,2,1,11,9,25,11,0,4,3,0,9,22,13,1,46,5,1,2,22,33,5,3,1,6,40,66,41,18,163,7,0,9,63,7,2,18,2,50,3,90,4,23,15,54,9,7,582,39,1,19,155,4,11,3,4,2,1,0,33,3,16,16,24,41,1,1,9,2,6,4,0,15,45,29,10,40,11,1,19,16,120,12,1721,482,4,235,17,13,5,7,3,143,11,5,1,48,0,262,50,580,0,18,38,76,6,74,4,51,2,167,5,1,1,15,1,4,2,18,2,39,10,12,4,17,11,1,109,174,10,1,0,199,38,3,1,331,2,8,7,4,9,520,7,21,26,2,20,13,109,176,27,3,3,11,5,14,2,10,284,7,3,6,21,0,3,11,345,41,2,3,22,7,1,3,40,43,11,16,50,4,85,1,35,0,0,9,61,8,47,42,134,1,0,1,16,0,61,1,1,14,20,6,28,44,2,391,51,2
"ENSG00000186564.6",49,10,11,65,136,23,42,122,49,196,3,14,19,1154,269,36,184,196,17,55,66,12,242,99,144,28,124,121,37,184,292,88,240,78,111,26,27,27,31,22,61,71,81,4,34,193,63,123,16,105,102,130,29,14,21,432,7,77,392,157,20,294,2,174,17,42,63,4,134,258,524,59,20,18,174,19,184,112,42,73,43,300,144,304,328,70,54,3,42,86,121,152,25,118,6,9,13,237,78,119,89,24,85,62,23,13,269,30,317,109,41,40,22,98,52,201,103,34,222,16,3,141,38,7,136,10,18,136,46,285,85,2,174,100,147,13,6,18,628,43,13,209,128,14,121,600,193,62,30,89,5,45,376,120,63,24,86,65,50,228,172,8,163,81,74,80,68,118,131,380,178,214,22,228,96,76,132,13,106,5,10,48,44,114,8,100,267,126,101,168,112,106,691,312,226,613,28,63,2,97,71,175,27,202,24,210,31,195,130,232,62,436,402,46,291,107,18,3,89,177,10,163,79,101,16,13,12,180,60,16,226,123,47,28,7,29,35,11,81,75,25,74,14,27,80,44,5,18,7,19,50,90,29,178,38,64,21,84,3,1085,453,132,202,392,19,37,207,18,538,12,199,15,29,11,99,68,69,11,15,250,129,118,102,11,27,17,9,28,63,105,16,69,100,62,45,121,136,21,95,98,246,43,36,22,161,64,14,84,156,5,5,82,10,194,66,76,22,42,23,52,149,112,18,166,61,110,22,13,10,19,9,112,49,182,24,19,9,472,2,16,11,19,51,54,212,175,48,43,15,3,17,217,110,32,20,16,51,53,43,138,105,81,20,41,172,90,79,6,4,106,178,32,31,12,457,60,316,17,76,137,111,165,303,39,23,233,41,201,112,103,106,3,14,57,57,76,60,33,26,11,86,146,43,12,321,19,43,56,34,14,42,152,87,20,116,26,216,335,432,21,23,126,29,15
"ENSG00000186603.6",20,1,302,5,30,13,5,5,0,16,10,67,55,163,1010,2,13,22,5,8,15,3,40,1,10,5,47,4,12,12,45,36,6,7,7,9,6,11,32,25,4,13,17,1,4,4,4,15,0,6,6,12,2,49,21,20,2,64,13,5,2,7,4,15,5,37,10,2,31,25,146,3,4,1,4,4,88,2,88,27,16,3,174,94,8,11,2,46,21,1,35,12,9,50,5,0,5,5,31,6,9,9,72,1,17,9,26,4,716,3,11,2,9,10,144,9,33,85,294,100,3,3,5,2,21,2,0,2,13,19,5,3,2,6,12,0,1,0,64,0,1,28,13,1,7,9,9,19,145,41,0,5,1,11,3,6,3,11,26,5,4,15,9,18,22,6,19,161,3,16,8,9,3,4,12,3,5,67,21,4,1,77,51,8,3,2,45,2,12,7,0,25,7,23,12,25,1,19,10,41,0,15,38,6,1,13,8,0,7,12,7,86,8,16,10,5,3,0,8,15,1,2,17,1,4,2,17,47,2,16,14,5,8,7,3,5,0,1,2,2,13,8,8,4,5,85,27,15,4,5,2,13,1,8,1,15,6,24,77,85,14,8,15,96,2,14,8,2,6,3,7,4,111,1,11,14,206,2,5,6,5,10,4,2,7,131,0,4,56,24,13,2,0,9,32,1,16,8,11,34,72,6,170,46,69,5,5,3,7,56,7,26,27,19,15,8,11,45,15,3,29,90,5,76,5,14,5,0,39,2,27,3,5,60,24,0,4,70,6,6,2,8,6,48,27,8,4,31,97,5,45,55,3,122,6,13,38,33,44,16,3,8,1,221,119,3,10,223,7,6,5,16,4,4,0,1,15,4,6,2,0,14,4,2,6,10,32,7,50,18,61,4,3,16,4,9,4,5,11,1,3,4,6,17,17,95,7,5,3,27,8,5,2,1,2,7,5,77,33,5,0,4,39,1
"ENSG00000186806.5",331,18,272,1137,153,128,136,58,139,2078,114,161,92,213,2693,170,106,418,69,65,1495,130,4269,130,45,96,716,308,55,356,1657,484,2047,235,1190,161,1190,340,44,84,49,71,143,132,97,1140,1270,345,95,309,682,487,233,170,85,1541,53,105,45,31,61,256,19,84,178,71,77,79,2569,63,866,1852,127,70,103,55,65,177,511,1443,707,168,39,2407,97,79,854,335,117,240,734,247,35,480,39,34,71,339,207,73,357,56,71,56,451,89,126,109,388,53,223,183,456,176,210,257,66,81,267,3727,182,412,206,1039,2186,55,62,117,132,257,213,88,876,2137,5141,85,94,49,376,51,43,138,1167,120,305,1052,142,178,398,849,54,96,174,177,656,1967,70,740,118,224,574,166,606,200,98,208,468,171,180,105,32,2194,400,24,481,41,875,480,245,205,52,197,355,77,50,1058,51,79,112,24,167,506,206,4795,149,272,82,3571,51,334,26,13,567,43,34,569,441,8,143,58,1676,134,246,275,105,449,478,11,336,2342,36,81,235,96,64,95,43,94,167,506,211,30,802,148,23,638,40,159,2209,195,338,5078,65,137,59,414,408,42,83,806,70,56,58,18,79,355,71,185,366,72,521,87,113,360,108,229,736,62,47,98,2310,41,1301,55,3666,203,172,58,33,92,21,443,19,59,26,83,43,710,303,1057,193,337,49,2765,312,605,39,44,214,297,135,31,73,129,902,431,24,106,213,48,20,333,395,474,1091,598,123,145,139,1199,39,197,69,425,1347,152,119,15,239,33,1389,78,2282,156,248,72,41,627,35,49,43,433,337,106,76,34,16,331,30,93,58,194,94,679,38,127,117,152,420,169,139,173,855,159,67,401,344,1174,28,1032,30,282,144,60,81,84,437,119,61,28,55,39,103,277,261,165,174,251,1038,128,630,50,76,193,37,28,182,325,314,57,194,352,170,1003,1712,291,445,318,39,58,2390,73,117,85,58,47,91,384,297,122,78,83,1752,107
"ENSG00000186827.11",211,4,576,212,187,30,118,105,41,149,60,66,180,707,79,77,80,167,53,74,93,15,224,109,94,33,71,145,110,314,252,120,374,83,50,410,206,24,146,156,60,137,219,87,65,46,77,316,19,28,111,261,85,242,151,125,102,72,246,59,239,222,70,168,27,321,103,36,101,309,294,631,83,8,79,27,160,112,194,258,456,105,95,234,51,55,52,54,954,381,302,47,98,283,88,2,40,375,221,226,207,6,916,81,92,108,74,44,238,58,183,215,134,311,201,125,303,58,137,140,26,126,30,205,307,17,36,107,51,76,60,4,287,272,177,14,134,4,146,121,32,517,153,20,106,167,515,254,572,151,10,43,178,63,46,47,131,226,124,156,479,144,255,161,106,277,509,607,134,190,19,160,198,221,189,71,215,354,141,152,7,341,176,142,46,128,168,291,101,96,108,416,417,173,138,20,25,247,59,325,41,119,164,187,16,229,82,68,380,90,107,284,181,69,126,101,121,240,289,329,12,80,98,56,20,45,62,174,117,292,211,172,629,443,86,408,7,231,82,108,150,268,167,47,193,113,37,99,284,100,45,139,6,128,20,186,31,520,383,72,140,138,174,327,12,321,89,15,384,48,338,24,470,14,129,48,723,15,220,520,135,388,113,54,42,192,9,262,246,428,104,51,244,383,316,165,68,56,190,272,90,464,409,41,74,155,44,127,43,58,99,339,82,95,173,159,215,1009,214,254,246,143,10,274,225,162,55,61,303,14,60,161,165,38,42,8,69,353,85,122,13,136,156,84,99,112,105,740,203,15,11,277,86,200,23,20,181,80,449,77,180,519,168,198,176,58,298,280,205,98,239,137,169,192,206,34,38,41,81,210,48,191,19,123,98,96,439,74,40,39,362,87,29,125,36,139,146,438,173,14,94,57,189,27,142,94,45,352,87,312,145,186,105,53,121,105,95,264,179,31,9,19,165,23
"ENSG00000186867.11",0,0,4,24,29,7,0,9,6,0,1,5,0,4,1,5,13,0,0,18,8,0,31,26,0,11,0,1,1,1,0,5,0,8,8,0,18,3,1,2,0,8,5,5,3,16,0,6,2,31,10,0,0,0,4,0,21,0,21,11,2,8,1,0,1,8,21,2,0,1,12,3,5,1,20,0,0,21,0,14,0,0,2,21,3,1,5,0,10,0,5,0,0,0,3,0,3,0,0,2,1,19,11,0,11,27,22,0,17,10,30,14,57,11,0,0,11,2,0,0,0,0,10,0,0,0,6,0,12,4,6,0,1,2,15,0,0,0,0,1,0,18,3,0,17,1,4,3,0,0,0,2,1,0,21,0,0,7,10,4,4,0,0,1,2,0,0,0,0,3,3,4,0,2,15,11,17,2,1,1,1,4,0,0,4,6,34,56,1,0,15,0,0,8,4,0,0,0,8,7,17,0,10,1,3,0,11,1,12,2,4,11,0,0,3,6,0,0,12,1,0,15,1,22,2,0,6,2,0,0,1,0,3,0,12,0,1,0,12,2,28,3,2,4,0,0,0,0,14,0,4,3,0,0,0,32,3,9,0,0,0,19,2,0,2,1,4,0,0,0,1,0,0,0,1,0,0,0,0,8,0,1,0,0,17,3,0,60,0,6,0,12,4,1,1,0,2,7,2,13,0,3,1,2,0,18,0,10,7,0,0,3,0,20,1,1,0,2,7,1,1,4,2,2,5,5,8,0,1,1,0,8,5,3,0,0,0,4,1,0,0,1,1,0,0,6,7,3,0,2,0,1,14,0,20,2,0,0,0,0,0,1,13,1,1,19,0,2,0,2,2,1,0,0,0,12,0,0,17,9,3,2,2,10,1,0,8,12,4,1,1,2,3,8,9,1,2,0,15,0,2,0,31,0,3,36,0,0,2,27,8,17,28,18,17,19,0,704,0,2,0,3,0,6
"ENSG00000186868.16",161,13,1275,94,306,76,447,1186,227,253,43,1688,213,1850,521,41,148,1189,104,389,430,67,671,310,53,106,728,120,45,162,73,385,518,137,348,130,632,232,293,433,34,304,189,100,53,16,973,462,103,201,180,193,35,1054,2565,318,46,655,54,26,58,103,328,71,14,194,29,112,4633,335,309,487,129,17,118,18,1244,106,109,112,1852,492,37,1336,385,243,80,131,629,83,403,631,340,495,26,4,69,160,886,1664,310,43,14,117,56,240,435,17,170,55,130,34,378,181,79,73,424,105,290,674,38,128,85,850,246,9,32,153,136,2410,172,28,195,512,249,46,401,26,434,83,23,473,191,13,171,1635,63,355,55,339,140,33,515,239,182,839,111,435,520,664,374,118,82,96,239,1374,375,1630,40,907,115,395,780,125,394,99,1040,265,38,109,6,1200,604,2087,60,278,72,142,753,70,652,44,751,739,53,426,33,62,516,537,177,409,241,326,26,77,754,101,87,132,124,116,2107,39,113,1334,467,78,1125,778,7,40,11,314,31,18,306,859,103,586,155,170,581,963,20,479,18,102,20,135,307,312,118,220,156,455,59,62,65,492,79,166,24,342,19,107,31,239,1810,52,507,85,615,459,30,179,372,93,309,12,288,25,408,17,651,154,225,40,148,88,149,411,89,21,227,18,66,145,134,126,70,60,415,1074,678,384,1912,388,116,559,274,133,26,43,77,112,67,117,480,355,154,293,656,945,1194,67,982,112,815,44,384,214,39,41,1030,668,30,1538,362,22,603,53,73,61,1514,93,104,732,1055,116,27,195,63,174,435,35,74,173,23,30,17,149,105,49,169,40,696,239,147,33,220,266,456,627,1545,237,658,17,112,206,25,867,9,483,402,72,381,28,768,100,38,59,591,252,66,170,242,537,140,196,82,345,25,284,38,59,183,63,443,25,146,86,195,212,891,6808,195,1097,14,224,133,106,37,36,2897,74,96,50,1724,115,18,64,362,71
"ENSG00000186871.7",51,4,3,14,113,34,25,18,9,127,19,180,185,666,152,4,21,69,86,19,41,4,29,16,32,59,54,123,15,67,121,119,98,17,29,124,49,19,78,93,7,80,160,12,10,15,4,81,4,16,30,170,27,133,35,45,3,68,125,81,9,129,12,88,7,71,33,27,310,139,180,25,25,2,20,6,161,27,312,173,81,58,157,37,142,57,8,64,26,5,122,122,25,33,16,2,3,196,89,221,41,8,76,35,49,135,70,5,540,76,12,8,18,58,53,27,273,46,279,487,44,96,11,38,69,1,4,93,51,136,27,6,371,10,93,3,20,7,315,8,4,170,115,14,36,349,54,53,105,64,4,10,69,69,12,116,19,106,87,63,42,14,319,60,41,101,90,116,142,1302,7,24,149,353,24,25,12,91,86,123,2,74,43,119,27,23,74,12,28,192,20,831,101,277,43,124,10,22,10,93,15,215,102,441,3,38,8,154,36,93,11,57,127,27,73,186,5,5,29,101,1,51,33,11,6,5,104,156,7,66,143,28,38,153,8,218,5,11,59,35,15,50,10,12,74,138,94,27,28,51,12,31,7,72,6,60,11,8,12,226,297,59,336,175,6,48,44,2,237,3,82,5,267,1,29,92,37,3,22,149,140,85,42,2,18,87,4,19,23,44,9,33,10,15,39,176,402,28,30,28,88,7,358,2,68,15,3,31,27,121,35,137,46,24,64,66,256,123,13,22,133,187,5,129,77,140,10,17,40,5,100,23,6,50,224,8,81,243,22,24,1,21,23,103,312,70,8,21,89,3,14,199,14,265,13,9,117,97,175,18,111,9,23,90,331,13,27,279,4,36,136,67,31,39,237,5,92,9,28,101,11,115,28,3,30,25,127,31,97,103,72,25,5,80,25,47,90,148,21,7,28,44,21,6,253,9,129,181,38,10,48,49,12,5,42,34,52,923,82,14,1,6,230,8
"ENSG00000186895.4",1,0,0,0,0,0,0,0,0,0,6,0,1193,1,0,0,4,1,0,0,0,1,0,0,0,0,0,0,0,0,0,0,0,1,0,0,1,0,0,0,0,0,0,0,0,0,0,0,0,1,0,2,0,0,0,0,0,0,0,0,3,1,0,0,0,0,0,0,2,0,0,0,0,0,0,0,0,3,3,0,2,0,0,4,59,2,0,0,2,5,4,3,1,0,0,0,0,0,2,0,4,0,0,0,0,1,0,0,1,0,0,0,0,0,1,0,0,0,0,0,0,15,0,1,0,0,0,0,0,0,0,0,0,0,0,0,0,0,0,0,0,6,0,0,0,0,0,0,1,0,0,0,0,0,0,0,0,0,0,0,0,0,0,7,0,5,0,0,0,0,0,0,1,0,3,0,0,0,0,0,0,1,0,0,1,1,0,0,0,0,0,0,6,9,0,0,0,1,0,1,0,0,0,5,0,3,1,0,0,0,0,4,0,0,0,0,0,0,0,0,0,1,0,0,0,0,4,0,0,14,0,0,0,1,0,0,0,0,0,0,0,0,0,0,4,3,0,1,0,0,0,0,0,0,0,0,0,2,0,3,1,0,0,1,0,1,0,0,0,0,0,0,7,0,2,0,0,0,0,0,0,0,0,0,0,2,0,1,1,0,0,0,0,0,9,0,1,0,0,1,0,0,0,0,0,0,0,0,1,0,3,9,1,24,0,57,0,0,0,0,2,0,0,0,0,0,0,0,1,0,5,0,0,1,0,0,0,0,1,0,0,0,0,0,0,0,0,8,0,0,0,0,1,1,1,0,0,0,3,0,5,3,0,1,10,0,0,1,0,0,0,1,1,15,1,1,0,0,0,0,0,0,1,0,0,0,2,3,0,0,0,0,0,0,0,2,3,187,0,0,1,0,3,0,0,0,0,0,0,1,0,0,0,0,3,0,0,0,2,0,0,0,87,0
"ENSG00000186897.5",27,3,1,0,6,1,3,4,0,201,0,9,10,2,341,1,23,29,4,57,5,0,92,6,0,2,10,4,4,5,114,8,5,23,1,1,0,1,3,6,0,11,17,0,0,1,0,4,2,0,0,9,3,4,32,3,0,6,0,2,0,15,0,2,0,20,0,0,30,3,576,6,21,2,23,0,464,4,35,2,3,6,4,4,9,12,4,1,2,0,9,7,13,7,0,0,0,2,50,3,13,0,19,1,2,3,6,0,266,855,13,2,1,3,1,1,53,4,13,1,0,3,2,0,4,3,1,4,5,55,0,1,14,3,0,1,2,0,17,2,0,303,8,2,11,11,16,16,8,388,0,3,2,33,3,4,0,79,2,27,19,2,0,45,99,11,17,73,2,72,27,15,1,1,0,76,2,7,0,0,0,107,11,76,24,0,6,0,1,1,0,320,8,35,44,9,0,5,0,17,0,2,62,97,0,3,5,61,5,1,8,17,14,0,2,684,0,0,7,8,0,17,12,17,2,2,0,1,0,0,25,1,6,0,7,5,4,0,5,2,19,2,2,1,54,44,0,1,2,0,0,17,0,6,0,11,0,33,0,3,22,0,5,16,0,7,27,0,16,0,25,0,4,0,1,8,7,1,2,4,2,5,1,0,6,1,0,1,17,0,2,0,43,6,4,362,114,1,14,80,51,28,6,0,7,1,1,2,2,3,0,79,0,6,2,40,3,36,0,5,36,27,0,5,0,26,2,0,6,1,1,6,1,17,3,1,0,6,18,2,0,0,1,316,5,2,6,43,1,0,0,257,0,5,0,0,8,27,1,4,0,1,1,18,5,2,5,9,1,0,7,2,12,0,45,4,0,3,0,3,15,1,1,1,0,0,4,23,9,1,16,0,0,13,2,1,5,12,1,2,0,93,16,0,8,0,0,12,0,0,1,11,1,0,22,31,3,90,4,2,0,0,6,1
"ENSG00000186912.6",1,1,0,0,0,0,3,1,0,0,1,1,0,3,11,0,1,2,2,2,2,0,2,1,10,1,0,5,0,0,8,0,2,3,0,1,1,0,0,11,0,0,1,2,0,0,0,0,0,0,0,18,0,0,0,2,1,0,0,0,0,5,0,0,0,1,1,1,3,0,3,0,1,0,0,1,3,2,0,14,0,2,0,0,3,2,0,1,2,0,1,4,1,0,0,1,0,2,1,4,7,0,0,1,0,5,1,0,15,0,1,0,2,1,1,0,2,1,653,0,1,5,0,0,0,0,0,0,6,1,1,1,0,1,1,1,1,0,2,53,0,0,15,3,6,2,115,0,3,0,1,1,2,0,1,0,0,0,0,3,1,0,3,1,0,1,119,1,2,1,0,2,5,2,0,1,0,0,0,2,0,1,3,1,0,0,2,1,6,1,0,0,0,1,3,0,0,0,0,1,2,4,1,8,0,2,0,0,0,1,0,0,46,119,15,2,0,0,3,2,0,0,0,1,0,0,2,5,0,8,0,1,0,1,0,0,0,0,0,0,0,2,0,0,9,0,0,0,1,2,0,0,0,0,0,1,1,0,0,1,2,2,1,1,0,1,0,0,0,0,0,0,1,0,0,1,0,0,0,0,2,0,0,0,3,0,0,0,0,0,1,0,0,0,0,1,296,0,0,3,4,0,1,0,0,0,0,1,0,3,1,0,1,0,4,4,0,5,0,0,4,4,1,1,1,0,0,0,1,0,0,0,0,0,3,1,1,1,0,0,1,2,1,0,1,0,0,0,1,0,0,5,1,0,1,0,0,0,0,0,5,0,1,10,5,4,2,3,0,0,1,0,0,0,2,0,0,0,1,3,0,0,3,0,0,2,0,2,1,2,2,3,0,2,0,4,5,0,4,0,1,0,1,2,1,1,0,103,0,1,0,0,2,0,1,2,4,0,2,0,0,0,0,1
"ENSG00000186973.11",0,2,0,1,1,3,1,0,0,0,0,0,4,94,92,1,1,15,0,0,1,0,0,7,1,0,0,5,6,160,11,32,3,0,15,2,26,0,0,0,0,0,7,96,4,12,0,0,4,2,3,5,7,31,6,1,0,0,0,0,0,19,37,1,0,0,0,7,22,1,36,0,0,0,0,0,48,22,13,153,15,10,0,1,11,0,0,2,0,0,1,11,7,0,0,0,0,22,8,37,1,0,8,1,7,0,28,2,87,5,1,0,1,6,0,0,0,1,450,690,37,32,0,0,4,0,0,51,2,0,13,0,41,0,2,0,0,0,5,0,0,0,24,47,14,11,2,20,14,0,0,0,0,50,1,0,1,1,85,20,2,0,5,1,14,1,19,2,0,6,64,66,0,31,1,2,2,158,29,35,13,47,1,1,18,0,9,33,11,3,0,3,0,17,2,73,1,0,0,2,1,0,3,66,0,86,1,8,5,12,2,21,56,18,4,0,0,0,8,0,0,4,4,0,4,0,4,40,0,1,9,3,1,19,0,0,1,1,0,0,0,0,0,23,0,17,4,5,0,0,8,19,1,0,2,0,1,65,68,12,16,0,1,66,2,6,28,0,6,1,6,0,137,0,0,0,78,0,0,8,43,54,140,2,0,0,1,0,0,3,2,1,3,13,3,28,4,0,0,2,0,44,52,0,17,1,0,2,16,28,6,0,0,7,15,0,11,0,2,1,18,17,21,4,0,6,0,24,11,1,95,1,0,0,41,1,12,4,28,0,1,8,17,2,9,3,0,14,4,0,0,9,3,2,0,0,1,4,2,0,49,0,0,31,1,0,0,4,0,1,0,17,27,19,52,12,1,1,0,51,2,5,6,12,7,0,0,3,0,0,27,2,3,1,1,0,29,127,2,0,1,47,1,3,48,4,1,27,0,1,0,0,0,1,0,0,1,0,15,0,1,0,0,3
"ENSG00000187013.4",40,1,126,2,55,19,2,12,5,43,28,100,20,20,66,6,13,14,181,34,11,1,74,13,20,7,11,6,10,26,10,28,7,7,4,52,43,7,100,27,5,17,33,71,3,6,17,26,0,15,16,17,4,10,80,38,42,13,27,36,196,31,108,8,4,30,10,135,31,55,163,13,2,2,38,2,200,30,32,5,27,12,24,26,31,21,6,30,56,7,65,6,22,81,50,2,82,7,102,54,16,8,63,15,4,19,34,3,31,6,17,1,5,9,16,8,60,18,177,31,10,3,2,82,5,0,3,23,2,87,8,6,38,26,13,4,71,1,24,12,5,23,42,3,44,60,144,9,17,44,7,0,29,24,7,59,10,35,49,7,9,12,17,22,10,25,49,269,44,37,36,2,23,37,8,6,19,105,73,68,1,20,21,12,14,2,17,16,6,3,65,17,30,8,8,45,2,24,17,224,1,39,12,30,4,43,11,49,18,24,4,5,32,4,14,16,16,46,4,35,1,7,12,5,7,1,64,6,10,38,80,17,28,48,45,77,2,89,1,4,10,6,95,5,40,10,8,24,27,131,11,26,0,54,3,28,4,25,40,19,10,8,80,24,2,15,24,1,15,2,13,0,41,2,30,24,35,5,80,68,10,12,34,4,59,2,1,13,8,29,7,15,8,49,142,13,106,44,21,22,47,23,11,5,2,6,8,21,11,20,16,22,7,64,13,11,41,43,10,4,50,42,3,31,20,132,5,235,13,1,13,6,3,27,87,4,85,38,16,34,0,73,30,13,58,20,11,48,5,5,2,75,26,32,26,5,10,31,9,12,5,21,21,29,40,24,11,9,70,11,33,24,14,29,32,11,1,2,12,18,3,7,4,23,5,6,50,25,2,45,17,82,1,33,13,18,35,134,74,4,3,56,16,2,27,88,13,9,2,16,12,13,4,3,6,8,12,27,9,9,1,4,25,17
"ENSG00000187048.13",231,45113,22,9588,4491,19231,10046,10852,34281,12606,1185,6044,4816,478,46,47239,43378,18363,3060,6588,23461,65151,34771,17446,39139,31161,5068,23339,2012,20388,20392,1201,36542,24838,50782,374,4788,840,7549,18611,16708,49,2298,49262,33903,14161,11331,3011,56967,35697,23548,1063,24773,4395,10698,26398,8382,19339,25443,24308,40982,5423,16672,16650,23662,14332,20176,16602,11214,6236,4184,8941,4341,50386,43834,66869,3592,8593,1798,7264,4718,2069,453,9380,25747,22227,8030,12675,671,15230,14136,32135,7148,3830,4420,31625,9086,33339,318,814,10889,61763,105,47285,7459,748,41537,43719,292,17608,23904,46509,1085,1374,5969,17203,1523,31597,2677,2808,4497,19198,16708,31544,11661,38898,15583,1988,14676,1213,23190,50780,816,7458,1050,48494,20119,70811,7015,14932,32612,13148,5823,46949,2870,2947,1868,465,7169,15504,39850,57386,19382,15397,38242,313,2179,32308,7097,8053,19236,12324,11297,4336,273,1976,12936,3011,17020,5835,23711,19953,7718,34124,18919,7588,12244,660,7018,1396,37193,25250,3285,11741,28217,25854,48018,27910,4977,15685,17462,12,11551,40579,27317,8674,49351,13692,944,18334,7809,9296,5156,1913,76539,6149,25885,13856,15547,23436,40908,27845,8017,8260,9411,3020,11960,6667,6580,30349,41434,6928,10907,22220,36221,49473,51723,16347,2431,9786,12207,17091,3384,10376,32224,4596,70123,13937,36576,12364,20866,9588,35442,18798,292,687,3260,12374,29750,8122,23316,5617,50626,13195,53624,29279,79787,2079,543,46092,33711,18459,22,6057,42282,4745,1918,54697,19868,53781,8510,26962,891,43418,3797,11175,1444,48901,64519,9132,25312,2142,8307,32958,50566,2692,53856,31634,4511,771,25653,5789,6055,10745,36808,8807,4834,60391,37009,54,12629,1378,2,27188,4286,1474,13802,14185,34283,2116,53594,3948,15886,8776,8233,309,943,1856,1648,12597,601,3301,73660,144,4528,13470,38679,18833,2136,18985,1878,15226,19673,19130,3001,76807,49522,5349,533,39,102028,1151,1837,1980,3384,10281,2384,4844,345,50385,41806,18943,30794,33338,17322,63641,6984,453,1609,29133,7406,55738,7089,1404,3353,42116,3686,20777,17099,9419,39251,9471,6648,3543,11661,16171,22004,37727,25472,11513,47428,11337,38549,5898,31683,9639,2330,19762,12814,3823,15745,39524,24814,14511,8381,10985,12339,629,35126,44273,24256,2130,20545,17108,620,4,223,15308,28287,2184,7620,13423,17901,16317,2506,13738,4598,3,9548,53142,85255,26025,9,35527
"ENSG00000187116.14",39,2,98,56,39,10,90,22,15,76,22,28,130,888,32,307,13,38,14,67,67,379,29,42,12,20,7,49,38,44,6,32,24,51,8,152,150,21,38,26,71,32,38,20,190,72,19,133,202,54,28,272,264,61,204,8,144,40,38,16,24,69,16,99,152,16,37,30,52,48,32,74,36,95,11,60,20,6,21,69,44,8,9,58,25,11,12,6,65,36,42,3,9,149,24,61,91,17,36,106,118,135,251,6,48,46,14,176,68,16,15,327,15,66,28,17,19,17,20,115,8,9,11,10,42,401,325,12,13,28,65,178,43,41,12,158,19,64,19,11,31,193,72,303,92,36,124,5,123,18,74,351,23,14,64,21,8,93,13,31,114,33,13,21,10,156,198,5,12,19,10,7,59,22,40,27,48,17,81,48,201,56,17,26,18,57,27,61,14,7,35,312,138,40,27,10,83,27,8,39,11,8,69,4,147,41,26,12,98,41,74,36,29,7,74,46,44,84,68,55,38,6,27,4,41,199,21,40,51,19,21,52,216,71,15,124,59,63,32,43,65,75,25,16,162,14,18,143,13,62,11,5,18,40,107,43,135,14,32,38,30,57,37,8,357,3,21,117,33,259,92,64,141,161,14,22,78,131,29,82,12,41,9,223,21,45,90,129,94,65,349,45,40,55,88,37,54,26,76,19,55,90,60,202,29,37,29,26,5,17,35,18,12,2,36,41,152,56,12,33,18,48,91,11,58,7,280,16,229,112,30,208,116,19,63,179,19,57,55,3,91,101,17,15,40,26,49,62,70,402,171,128,77,66,15,302,27,4,31,7,44,42,43,8,22,15,23,83,89,12,104,42,4,68,9,11,7,197,16,12,40,42,5,52,251,27,87,11,11,9,20,31,54,39,7,32,35,24,230,87,17,11,29,10,113,217,50,223,80,28,185,52,17,16,28,12,8,98,25,152,135,32,19,402
"ENSG00000187144.11",6,0,0,54,19,5,4,0,130,0,42,33,48,123,0,22,2,3,142,24,59,1,2,28,20,20,124,94,5,50,19,36,212,8,23,0,181,21,146,158,89,2,212,225,105,139,42,1,0,2,0,8,70,428,44,21,102,477,1,6,137,0,84,112,21,16,656,134,3,29,28,124,45,0,6,6,34,728,37,430,1264,60,3,11,38,0,165,8,12,135,168,17,72,2,16,2,540,16,313,5,45,19,5,7,26,7,77,68,104,20,16,45,2,794,270,2,9,493,622,522,19,3,3,871,199,2,10,1,61,7,73,2,61,187,0,12,0,1,72,0,6,14,21,176,70,38,43,11,39,0,1,15,20,51,23,496,73,36,583,187,1,57,214,65,8,15,33,8,10,83,7,36,13,2,44,0,172,347,21,767,3,0,6,187,19,44,3,1,5,10,390,2,14,620,0,15,35,1014,0,36,0,16,28,22,0,5,8,1,157,9,0,81,7,3,88,1,479,10,26,1139,2,36,27,8,15,3,0,756,4,192,0,53,8,461,40,123,5,196,338,10,1,440,27,32,11,5,265,94,459,1362,38,13,5,6,4,600,3,0,1,7,118,3,25,69,3,58,97,2,89,5,59,7,24,7,100,115,49,0,53,4,0,359,45,6,5,10,0,14,39,21,113,28,49,1,226,4,3,36,0,0,278,1,217,0,318,76,203,4,220,268,9,3,1,2,180,4,1328,18,14,126,13,134,1,162,226,142,93,11,23,4,8,35,226,3,123,3,237,0,5,10,2,350,37,11,2,3,0,61,19,0,9,16,64,164,14,13,30,44,33,55,11,43,888,6,5,16,11,44,53,30,95,785,11,28,8,0,0,16,0,51,9,10,0,3,74,50,42,228,75,123,135,105,7,30,36,5,19,16,143,0,64,141,25,15,22,5,64,10,5,22,98,51,155,55,0,0,19,1,80,21,0,0,257,9
"ENSG00000187166.1",2,0,0,0,0,0,0,0,0,0,0,15,0,47,19,0,0,1,0,0,0,1,3,2,17,2,0,5,0,2,0,0,1,0,0,0,56,0,1,4,0,1,1,1,0,0,1,0,0,0,0,2,0,3,0,1,0,0,0,0,0,0,0,3,0,1,1,0,0,1,88,1,1,0,0,0,0,0,0,13,32,32,0,0,2,5,0,4,1,0,1,1,1,0,1,0,0,27,0,0,0,0,0,0,1,1,0,0,18,1,1,3,0,0,0,1,3,1,0,0,0,24,0,0,0,0,3,17,5,1,2,0,8,0,1,0,0,0,0,0,0,1,1,2,5,1,0,2,0,0,1,0,0,1,0,0,0,3,0,8,2,0,1,0,0,1,4,0,0,2,1,3,1,1,0,0,0,0,0,0,0,0,1,0,22,0,18,0,2,19,0,1,3,18,14,0,0,0,0,0,0,2,0,188,1,6,0,1,29,3,0,2,0,0,3,0,1,0,1,19,0,9,0,0,2,0,0,1,0,0,1,7,0,0,0,35,0,0,0,0,0,0,0,1,2,0,0,0,0,0,0,0,0,0,0,0,0,0,0,1,20,5,0,0,1,1,0,0,84,0,1,0,2,0,3,1,0,0,0,1,23,1,15,0,0,0,0,0,1,0,1,1,1,0,0,0,2,0,0,5,0,0,0,0,0,0,1,0,3,0,1,0,0,1,3,0,26,1,3,3,0,13,0,2,1,2,0,1,0,0,2,0,0,3,1,0,1,3,0,0,0,1,0,0,2,3,0,0,0,0,0,0,0,1,0,0,0,0,1,0,0,0,1,2,1,0,0,1,0,1,0,7,0,0,194,0,2,0,1,46,8,9,6,0,1,0,3,1,0,2,0,0,0,0,0,0,23,0,2,0,1,0,3,1,0,0,0,1,3,0,0,10,0,0,0,0,3,3,0,0,0,0,0,0
"ENSG00000187172.15",0,0,0,0,0,0,9,0,0,0,0,2,0,84,55,0,0,3,0,0,0,0,24,1,69,8,0,0,0,38,0,0,46,0,0,0,82,2,0,0,0,0,284,4,0,0,5,4,0,0,0,131,0,16,2,0,30,0,0,0,0,28,0,1,4,0,2,0,0,0,517,0,14,0,0,0,0,0,0,44,142,150,0,0,13,0,4,26,1,4,0,45,69,0,0,0,4,211,87,0,0,0,0,1,0,0,0,0,320,1,0,0,12,0,0,41,0,10,3,115,0,1,1,0,1,0,0,28,0,7,1,0,80,0,0,0,0,0,18,9,0,0,84,0,0,1,0,0,0,1,1,0,0,142,41,0,4,0,20,2,21,0,23,0,0,0,103,1,0,351,0,6,2,482,0,0,1,47,0,130,0,0,0,0,8,3,16,0,0,69,0,0,0,1,30,0,0,0,0,0,0,0,0,79,0,27,0,0,0,0,0,1,0,124,61,32,0,0,4,26,0,126,0,0,0,0,4,3,0,0,0,0,0,0,0,11,0,1,0,2,0,32,0,0,0,0,44,0,0,1,0,0,0,0,0,0,0,0,16,3,392,308,1,276,0,0,0,0,268,0,1,0,144,0,0,0,26,0,0,10,14,108,20,0,4,0,0,0,0,0,0,0,0,0,0,144,205,4,0,0,0,0,1,0,9,0,1,2,3,128,9,0,1,0,0,2,281,1,0,1,0,0,0,2,20,0,0,20,4,0,252,0,23,0,0,0,0,0,0,0,0,1,27,0,168,97,1,0,8,0,0,73,0,303,0,1,0,0,0,0,1,0,0,1,0,0,0,0,0,5,0,0,0,0,157,0,284,0,0,47,0,41,0,0,0,0,0,9,5,0,0,0,0,0,0,0,152,120,0,0,0,0,0,0,4,0,27,29,1,6,0,0,0,0,1,0,42,1,0,0,0,0,0,1
"ENSG00000187193.9",537,9059,2014,821,30,48,345,1635,16549,2079,130,399,341,586,988,2013,85,64,80,1818,298,13557,174,82,1606,106,234,1189,68,230,1,50,16,1711,96,2974,5860,112,138,205,6308,96,48,186,1231,596,889,266,20354,1064,54,129,2206,120,3280,16,11292,1792,9158,640,408,1355,547,1515,4683,47,600,1199,206,99,678,716,1658,11931,200,1747,57,103,190,177,534,37,1900,161,2041,3,14290,92,782,439,106,690,387,154,77,1216,3910,211,161,20,1129,6304,370,215,86,332,726,3088,504,49,30,4864,1662,2777,41,4904,39,2660,288,164,519,186,1948,2987,497,15930,9837,711,218,595,2006,6443,207,5032,179,2984,180,12438,832,953,3068,130,178,4387,137,167,61,64,78,27,13510,4999,383,1848,2352,779,3254,663,626,464,1516,208,285,42,74,918,225,190,78,964,1415,131,665,41,126,687,145,558,1014,742,6603,23,164,559,1153,667,741,570,362,380,1027,392,79,136,1111,227,5760,206,1154,17,802,722,22,12,2663,172,1861,78,612,2738,388,91,128,390,606,27,8472,30119,716,1583,6866,80,5907,22,1584,4135,230,192,290,680,167,1709,670,117,15584,262,3496,1947,82,7464,274,242,4170,39,62,716,1027,12931,2409,220,17341,69,5889,488,3942,248,3341,177,33,363,1393,3093,220,302,15004,46,173,3014,136,11316,93,4862,366,6664,224,441,384,7009,868,162,372,385,121,9462,1746,285,9058,200,285,689,4138,1117,34,1104,1451,59,133,2239,5031,103,607,29,2041,4688,6359,20637,7651,189,391,329,1155,6,281,148,13336,131,1942,59,7188,250,18,221,6840,74,747,36,2750,994,343,7982,720,1952,3155,91,76377,14497,1654,663,127,4793,6632,1578,710,608,757,1476,3637,96,613,7426,17385,473,2188,183,559,8999,106,117,371,27305,349,2642,3508,275,398,5043,56,61,16032,211,1425,380,1542,104,324,46,119,2844,308,84,2961,766,350,1445,327,249,57,46,2232,11,64,549,703,71,16,249,2065,15,869,5476,1123,667,140,191,4112,63,927,53,2729,7686,2251,1577,3757,5107,39,3,147,1433,19,9096,3168,511,126,14742
"ENSG00000187242.6",0,0,0,2,0,1,0,0,0,1,0,2,0,2,4,1,0,0,37,0,0,0,418,6,12,0,3,24,1,101,0,0,0,10,0,0,77,0,0,8,0,426,2,1,1,0,0,0,2,0,0,3,0,0,0,0,0,0,1,1,0,0,0,4,0,1,2,1,2,1,146,1,18,0,0,0,13,0,5,500,179,5,0,0,15,1,0,0,1,0,0,4336,0,0,0,0,0,2,0,0,5,0,0,3,0,0,0,0,67,0,1,2,0,40,1,20,0,10,0,7,6,524,3,92,2,0,0,4,0,2,8,0,0,0,0,0,0,0,0,210,0,0,51,0,1,529,3550,0,0,0,5,0,0,9,40,0,0,0,0,232,0,0,0,0,0,2,0,1,0,359,1,0,76,995,0,1,0,2,6,30,0,0,0,4,0,1,5,3,1,1,0,0,3,48,12,0,0,1,0,0,0,2,0,235,0,0,2,0,0,1,5,0,2,4,5,6,0,0,3,14184,0,3,0,0,0,0,0,0,2,2,1,1,0,0,0,0,0,2,0,5,4,0,0,2,0,0,1,0,2,1,0,0,0,1,2,0,1,1,40,3,8,1,0,0,0,1,0,0,2,0,29,0,2,0,1,0,0,0,0,4,2,3,3,0,0,0,0,0,0,1,0,0,0,0,1,5,4,0,0,1,2,1,0,0,0,0,0,0,0,0,1,0,2,0,2,2,4,4,0,0,5,0,0,0,6,1,0,0,1,2,3,1,133,1,0,1,0,0,0,0,1,0,0,1,0,76,0,0,0,0,0,0,0,26,0,0,0,1,0,0,0,0,3,1,0,1,2,0,3,16,0,9,346,0,15,0,70,0,0,11,0,0,0,0,1,1,0,3,1,0,0,0,0,0,0,0,17,0,6,0,2,0,1,0,9,0,0,0,0,0,2,0,1,1,918,0,0,0,0,1,0,0,2,0
"ENSG00000187323.12",3,0,0,4,6,4,1,4,0,1,0,0,9,14,0,5,0,53,0,0,2,0,3,11,1,2,0,5,0,3,5,6,1,23,0,7,11,0,0,0,0,3,0,1,3,1,0,3,8,0,0,5,3,2,4,3,1,11,23,0,4,7,52,6,1,3,0,2042,2,2,6,28,1,0,8,2,3,1,8,3,5,60,2,1,111,3,5,27,6,0,4,28,0,0,1,0,6,36,6,5,1,0,0,3,2,0,0,1,52,0,1,7,10,1,0,0,18,0,0,149,987,8,7,0,3,5,3,3,0,32,2,0,10,1,4,1,7,0,0,2,0,439,7,2,4,0,79,1,0,0,2,0,1,1,2,2,0,0,1,17,11,0,8,2,39,16,2,1,0,1,50,0,2,2,0,0,2,3,67,1,0,2,0,3,0,0,15,1,0,21,0,0,616,0,117,0,0,0,0,1,0,42,3,28,2,2,0,0,3,0,6,1,0,12,10,2,0,1,9,5,1,18,0,0,2,1,196,42,0,0,2,0,6,16,14,1548,1,121,87,2,2,0,388,0,0,2,0,0,1,0,0,1,1,4,1,0,0,0,2,2,12,52,1,1,2,3,0,1,189,3,6,2,0,1,22,2,0,2,1,4,196,4,234,0,6,0,0,0,0,1,3,1,151,1,0,1,10,1,11,5,1,6,50,2,7,1,1,0,3,9,5,0,0,2,3,635,4,277,2,4,7,1,1,7,7,0,1,230,17,2,3,3,3,0,3,7,0,0,18,0,1,327,2,2,0,13,23,1,1,0,0,3,0,3,0,3,2,1,0,0,80,8,20,0,6,10,5,4,11,2,0,1,0,17,305,4,905,0,27,45,2,881,15,0,8,0,1,1,385,0,0,4,1,5,0,1,6,2,5,0,3,0,0,5,1,0,3,0,8,5,8,0,5,1,1,0,78,9,31,2,3,8,11,5
"ENSG00000187398.12",3,0,0,3,3,0,0,3,1,2,12,222,30,3,0,2,8,11,0,4,1,1,4,6,0,2,0,7,0,2,2,8,2,15,10,5,149,1,5,6,2,10,0,836,0,0,1,9,1,21,0,4,0,1,176,1,24,0,6,1,659,0,1,7,17,2,0,1213,0,1,11,5,0,1,4,1,37,3,0,5,2,0,2,3,0,2,2,1156,3,0,2,17,0,4,8,3,1130,4,0,8,0,2,4,97,10,10,2,0,75,0,13,0,76,14,0,9,4,1,0,128,249,6,21,1,1,0,1,2,4,4,1,2,5,4,7,1,1,0,10,2,0,2,8,9,0,2,4,2,1,2,3,0,0,0,0,1,0,3,15,7,5,0,5,1,5,5,7,2,1,3,2,0,0,0,4,7,4,3,2,273,0,12,1,1,2800,4,9,15,0,0,0,0,4,1,0,0,7,0,4,1,3,3,31,6,4,1,0,5,3,1,1,4,2,0,38,22,5,2,1,2,1,4,0,4,1,0,1825,0,0,16,5,0,1,79,504,57,0,18,2,34,3,13,569,1,1,0,0,105,58,2,1,0,2,2,16,0,3,3,275,7,4,88,5,1,0,3,0,0,3,8,6,0,2,0,3,0,1,4,825,3,6,2,0,1,1,3,0,5,1,2,5,0,0,0,470,0,1,128,8,12,3,4,5,1,0,3,3,4,0,2,47,1,2,8,15,27,7,1,5,0,20,6,0,3,8,0,1,938,13,1,46,0,0,1,5,1,1,2,1,0,9,57,2,2,2,4,27,2,0,0,3,7,2,0,71,1,2,0,1,0,4,0,92,14,1,0,3,2,86,2,0,13,0,2,1,0,2,2,3,1,15,7,4,0,1,0,1,5,0,2,2,376,3,1,0,0,8,5,36,0,0,2,1,128,0,0,3,0,1,18,4,2,4,17,2,2,2,8,3,10,0,2,241,2
"ENSG00000187621.15",1,0,4,1,6,2,4,1,0,0,0,2,0,140,32,1,12,6,2,3,1,2,26,0,2,0,1,7,1,140,55,0,35,1,16,3,73,1,3,4,0,0,5,2,1,0,1,13,2,0,3,37,5,78,0,39,2,0,55,0,0,2,0,54,0,0,9,5,2,4,202,0,0,0,0,2,13,2,6,26,73,30,0,2,42,0,1,13,8,3,13,43,1,11,1,0,1,228,3,3,1,1,0,0,0,0,2,2,187,12,4,10,0,53,72,6,7,5,0,79,2,326,0,1,7,1,6,26,3,2,3,0,19,0,2,0,0,4,1,8,0,18,68,2,2,59,1,3,16,0,1,2,0,64,2,0,1,9,109,91,22,0,1,0,34,10,59,15,0,8,11,26,2,97,2,2,1,48,7,2,1,0,1,1,0,2,56,1,0,52,1,84,0,277,7,3,11,3,0,0,1,0,7,44,0,3,3,2,26,3,0,25,104,1,3,0,1,3,148,29,0,13,2,0,0,3,0,219,2,0,2,1,2,2,5,9,0,0,0,0,8,4,0,1,1,5,2,0,1,30,2,3,1,1,2,3,8,2,2,13,51,28,0,53,1,0,5,2,25,3,4,0,26,4,2,0,17,0,1,1,4,21,73,0,1,0,0,6,0,1,2,0,1,11,93,21,28,0,1,0,1,0,40,1,170,3,1,2,72,7,3,26,0,5,0,57,33,152,1,4,0,2,0,24,1,115,2,0,2,0,117,2,11,1,229,1,0,107,0,0,2,0,9,0,109,33,6,0,15,0,1,1,7,21,0,0,206,1,1,0,0,0,1,5,185,1,0,3,0,5,0,4,0,46,217,8,32,0,3,2,13,8,21,0,2,1,44,44,29,1,84,1,3,1,0,27,72,17,2,2,3,0,7,0,2,1,2,1,68,1,2,5,2,0,0,0,24,2,1,4,0,1,0,1
"ENSG00000187658.7",0,0,0,0,0,1,0,0,3,0,0,0,0,0,0,3,0,0,0,2,1,1,1,0,0,0,0,1,0,1,2,0,0,0,0,0,9,1,0,0,0,1,0,0,0,0,0,0,0,0,0,1,0,0,0,0,0,0,0,0,0,1,0,0,0,0,0,0,0,0,0,1,0,4,0,0,0,0,0,0,0,0,1,1,0,0,0,0,0,0,0,0,0,0,0,0,0,0,0,0,0,0,0,0,1,0,0,0,1,0,0,1,2,0,0,1,0,0,0,1,0,0,0,0,0,5,0,0,0,1,0,0,0,0,0,0,1,0,0,0,0,0,2,1,0,1,0,0,0,0,1,0,0,0,0,0,0,1,0,0,0,0,5,0,0,0,3,0,1,0,0,0,0,0,0,0,1,0,1,0,0,0,0,0,0,0,0,0,0,1,0,0,0,1,0,0,0,0,0,0,0,0,1,0,0,0,0,1,0,0,1,1,0,2,2,0,0,0,1,0,4,0,0,0,1,1,0,1,0,2,0,1,0,0,0,0,0,0,0,1,0,0,0,0,0,0,0,0,0,0,0,0,0,0,0,0,0,0,1,3,0,2,0,0,5,0,0,0,1,0,0,0,2,2,1,0,3,0,0,0,0,0,0,1,0,0,0,1,0,1,0,0,0,0,0,0,1,0,0,0,0,0,0,0,1,0,0,0,0,0,0,0,0,0,1,0,0,0,0,1,0,0,1,1,0,0,1,0,0,7,0,1,0,0,0,2,0,0,0,0,1,0,0,0,0,0,0,0,0,0,2,3,0,0,0,2,0,2,0,0,0,0,0,1,0,0,0,0,0,0,0,0,0,2,2,0,0,1,0,0,0,0,0,0,0,0,0,0,0,0,0,0,0,1,0,0,1,0,0,1,0,0,0,0,0,0,1,0,0,0,0,0,0,6,1,0,0,0,1,2,0,0,0,4
"ENSG00000187672.14",5,0,0,3,3,3,2,0,1,26,0,0,2,353,29,3,1,129,0,1,8,1,0,2,14,7,0,3,3,5,6,6,5,81,5,16,8,0,0,1,0,3,2,1,2,6,0,7,5,0,0,88,1,19,20,1,4,9,2,0,0,17,0,7,1,0,1,175,9,4,216,9,4,1,1,0,5,0,1,101,40,46,59,0,4,0,13,12,11,0,6,15,4,0,0,0,0,31,0,7,2,1,4,0,6,1,18,0,268,2,0,2,6,2,2,97,3,11,0,31,0,54,2,0,3,2,2,23,7,5,0,0,216,3,4,2,0,0,4,0,0,2,13,0,3,62,2,1,4,20,1,2,45,104,3,0,2,29,0,18,4,0,118,2,0,74,6,0,8,4,16,8,0,25,0,0,0,4,2,0,0,0,0,0,2,2,5,2,12,2,0,36,1,4,14,0,0,3,0,1,0,3,7,1,0,12,1,0,41,0,1,4,0,3,52,4,1,1,6,465,1,3,0,0,0,1,0,10,1,10,0,2,25,1,0,6,0,3,5,2,1,3,2,0,125,1,6,0,2,1,0,1,0,0,3,0,0,6,0,6,35,112,58,19,2,1,2,0,170,0,10,0,4,2,2,2,1,0,12,3,18,1,4,1,0,2,0,0,3,2,4,2,1,3,3,11,11,1,5,0,1,0,8,2,38,0,0,1,0,1,4,0,1,1,0,10,86,9,11,18,0,15,0,6,26,0,4,80,0,1,6,1,14,2,0,0,0,4,0,1,0,33,3,1,23,2,0,0,7,0,0,115,0,58,0,0,4,5,7,1,1,3,2,8,0,0,1,4,0,1,0,17,0,3,7,11,87,9,1,1,22,89,6,0,0,0,2,13,3,8,2,0,2,1,0,12,2,0,16,0,0,1,0,0,40,2,4,1,1,3,9,0,1,0,0,1,50,24,9,5,0,0,4,2
"ENSG00000187690.4",0,1,0,0,0,0,0,0,0,0,0,0,2,192,164,0,0,9,0,1,0,0,0,0,1,0,0,0,0,1,0,0,45,0,3,0,36,0,0,0,0,0,0,0,0,0,2,0,0,0,0,44,0,182,0,0,0,1,0,0,0,87,0,25,0,0,0,0,0,0,3,1,0,0,0,0,0,2,15,448,124,77,0,0,12,0,0,4,1,0,1,19,2,0,0,0,1,2,31,0,0,0,0,0,0,0,1,1,4831,0,1,1,0,11,0,0,0,0,0,5,0,7,0,0,0,0,1,21,0,0,0,0,204,0,0,0,1,0,0,1,0,0,10,0,0,20,0,0,1,0,0,0,0,35,0,1,1,1,0,18,10,0,0,1,0,37,0,0,0,120,0,0,0,14,0,0,0,1,0,3,0,0,0,1,1,0,5,0,0,28,0,14,0,22,1,0,0,0,0,0,0,0,1,229,0,54,0,0,3,0,0,0,1,4,0,17,0,0,43,116,0,4,0,0,0,0,0,0,0,0,0,1,1,0,0,1,0,0,0,22,0,0,0,0,0,2,0,0,1,0,0,0,0,0,0,0,0,0,0,5,36,2,0,0,0,1,0,0,51,0,7,0,54,0,1,0,0,0,0,12,4,22,0,0,0,0,0,0,0,0,0,0,0,0,0,57,291,0,0,1,0,0,1,2,18,0,0,0,0,3,1,0,0,0,1,30,4,4,0,4,0,0,0,0,6,0,1,0,0,0,454,0,2,0,0,0,0,0,0,0,0,0,0,1,94,0,0,0,4,0,1,7,0,220,0,0,0,0,0,0,0,1,0,0,0,0,1,0,0,0,0,0,0,0,83,0,8,0,0,0,0,9,0,0,0,1,2,4,0,0,0,0,0,0,0,0,6,1,4,0,0,0,0,0,0,1,0,0,0,0,0,0,0,0,0,0,2,0,0,0,0,1,0,0
"ENSG00000187715.13",0,0,11,0,0,0,1,0,0,1,0,0,2,1,1,10,0,0,0,1,0,0,1,1,2,0,0,10,0,32,17,1,4,14,0,3,0,0,0,0,0,1,1,0,0,1,1,0,1,2,0,67,7,0,0,1,1,0,1,0,0,6,1,9,0,2,3,0,0,4,2,3,0,0,1,0,1,3,0,0,1,46,344,1,4,0,0,3,14,0,2,4,15,7,1,0,3,1044,0,163,0,2,435,0,2,0,1,0,307,0,1,1,37,0,0,0,2,0,0,2,0,1,0,0,5,0,0,0,2,1,2,0,1,1,3,0,2,0,95,0,0,0,0,5,9,4,0,22,0,1,3,1,0,13,2,0,0,5,0,0,4,0,1,1,0,3,0,215,35,1,0,2,2,11,0,0,0,0,2,0,0,1,8,1,0,0,0,4,0,18,0,1,0,1,1,0,0,0,0,0,1,2,5,73,2,2,5,1,3,0,0,4,0,0,24,0,0,0,12,2,1,5,4,0,2,1,1,1,0,1,0,1,2,0,0,0,1,0,0,0,0,0,0,0,2,3,0,0,0,1,2,0,3,1,5,2,2,0,2,6,0,520,1,1,1,0,5,1,0,1,0,0,0,0,0,1,1,0,0,1,1,1,98,1,0,0,0,0,0,1,5,0,1,0,0,3,12,1,1,2,50,0,72,1,0,0,0,0,0,0,1,1,0,6,0,3,1,1,6,1,0,1,1,4,1,0,0,0,0,0,0,0,2,0,2,2,1,0,1,2,2,1,2,1,134,0,0,0,2,0,0,0,2,16,0,1,1,1,6,1,1,2,0,0,4,0,0,1,0,1,0,0,2,0,19,2,2,2,0,1,3,29,1,0,2,0,2,0,0,70,2,4,0,0,1,2,1,0,21,2,1,0,1,0,2,4,222,2,0,2,2,1,5,1,0,0,3,0,2,3,0,0,2,0
"ENSG00000187730.9",386,7,194,369,478,103,27,69,32,428,155,287,60,165,307,9,91,131,53,233,56,1,665,174,62,35,59,78,106,136,700,447,204,108,190,82,208,54,542,337,55,176,308,68,20,181,359,233,10,98,77,111,7,60,89,77,40,95,238,146,240,96,32,93,13,225,33,57,341,116,539,534,232,1,474,1,197,551,61,72,220,66,178,402,140,119,190,75,1115,192,454,54,49,508,237,2,45,382,75,93,231,6,1238,96,212,358,254,2,224,120,524,24,557,159,74,202,575,68,62,135,10,24,14,220,423,8,13,134,288,183,81,8,162,398,276,5,81,1,130,63,8,710,75,5,236,330,51,159,246,352,5,14,203,38,150,82,34,364,199,143,316,97,423,319,183,145,51,402,165,236,31,88,260,178,433,80,345,542,86,66,1,947,101,157,56,178,366,237,95,9,72,66,213,229,68,36,5,61,106,352,57,70,394,65,7,122,20,254,287,50,131,412,177,162,118,354,98,78,369,379,0,312,241,197,5,5,118,138,240,192,215,229,433,72,70,240,3,179,175,165,235,413,9,129,142,69,20,137,148,72,51,255,11,203,8,537,12,990,142,136,159,220,116,186,1,709,241,11,187,2,505,6,80,5,153,14,320,7,114,289,295,141,87,8,98,185,2,743,111,568,35,117,329,240,212,190,213,174,156,606,228,162,245,10,56,300,18,277,123,48,123,503,108,317,152,185,126,138,861,430,257,258,4,186,501,305,11,220,91,6,98,20,412,68,85,8,230,349,21,159,2,145,129,150,42,46,88,708,47,0,12,180,37,230,70,8,226,165,127,17,59,212,224,229,645,109,74,138,217,152,170,164,96,44,30,47,44,21,104,236,104,72,47,236,4,64,379,145,30,41,261,40,8,191,45,103,84,208,109,3,210,18,384,25,86,64,95,129,168,1231,184,233,125,73,343,166,80,16,136,58,3,4,220,6
"ENSG00000187772.8",1,0,0,42,0,0,259,0,0,0,1,0,0,1027,121,1,0,1,0,0,0,0,14,12,38,0,0,312,207,0,0,761,298,0,0,0,5,0,1,0,0,0,125,0,0,0,1,32,0,0,0,2295,0,1544,2,0,0,0,0,0,0,1,0,20,0,0,3,0,0,0,248,0,0,0,0,0,0,0,389,1730,1855,511,1,0,1,0,0,26,0,0,0,43,868,0,0,0,0,611,1356,0,0,5,0,0,1,1,0,0,2614,858,0,0,0,255,1,0,1,307,8,226,1,333,0,2,7,0,1,109,0,2,50,0,818,0,0,0,0,0,106,7,0,0,16,0,0,2,24,0,0,4,0,0,0,223,7,0,0,0,0,512,163,0,0,0,0,365,1224,0,0,189,0,13,0,553,0,0,0,442,0,0,0,0,72,0,46,0,73,0,0,3,0,298,0,1395,130,0,0,0,0,0,0,0,0,2647,0,94,0,0,187,0,0,0,0,65,0,3,0,0,94,1285,0,177,0,1,0,0,0,17,0,0,0,0,0,0,0,243,0,0,202,8,0,0,0,0,1,42,0,0,0,0,0,0,0,0,0,0,0,0,0,1,158,0,15,967,0,0,1,0,887,0,31,0,989,0,0,0,303,0,0,219,358,709,0,0,0,2,0,0,0,0,2,0,0,0,0,2020,210,0,0,0,0,0,1471,0,391,0,0,29,0,1836,0,0,0,0,0,34,9200,9,0,358,0,0,0,0,8,0,0,0,8,0,27,0,0,0,0,0,0,0,1,0,0,0,1,1,52,2,0,0,504,0,2,259,1,102,0,0,6,0,0,0,1,1,0,0,0,0,0,1253,0,3,0,0,1,35,600,0,480,0,0,186,48,278,99,0,0,0,0,178,32,0,2,0,0,0,0,0,4,276,0,0,1,6,0,0,3,11,6,2128,0,0,0,3,0,0,0,0,523,220,0,0,0,0,0,0
"ENSG00000187783.12",99,3,0,3,40,2,1,0,0,35,1,0,1,1110,4,4,19,4,0,43,10,1,36,5,2,72,2,23,17,28,10,389,17,5,7,1,3,0,0,1,1,737,31,1,12,24,1,0,4,11,0,4,19,1,0,35,2,33,2,6,1,0,0,5,1,11,8,1,1,331,40,2,0,1,1,5,44,1,0,19,7,27,0,48,42,70,3,0,9,1,40,2,4,0,2,0,0,13,0,11,9,2,31,0,2,5,15,3,651,39,78,16,1,7,4,0,147,0,1,7,0,3,3,1,6,0,6,0,20,339,1,9,64,2,9,5,4,3,20,1,7,73,8,10,22,15,1,18,4,364,1,9,5,11,1,1,0,2,10,31,0,0,29,9,45,2,16,23,61,132,4,2,6,87,2,1,6,1,1,1,4,215,3,13,1,3,77,0,0,2,0,3,134,19,8,1,3,0,0,987,1,8,7,25,9,5,1,10,49,0,37,16,1,1,9,121,0,1,1,0,1,44,0,4,16,1,7,191,5,4,10,9,5,0,0,9,2,1,3,0,312,2,3,15,65,6,0,0,0,1,3,1,6,8,5,10,11,7,0,14,73,10,16,9,0,15,127,5,85,2,12,4,10,7,5,10,0,3,0,67,88,1,105,5,9,35,3,3,6,1,51,0,22,1,1,1,31,1,0,2514,1,144,62,0,3,4,1,19,14,3,0,17,0,55,39,111,0,72,7,11,131,1264,6,130,3,51,16,0,0,4,0,6,3,29,3,17,1,366,0,0,8,1,2,105,4,27,0,47,47,1,2,40,0,14,0,3,72,2977,95,1,18,0,0,34,1292,4,10,61,0,77,3,1,4,1,37,0,63,23,1,203,4,108,8,2,2,3,4,10,29,3,18,1,12,15,11,4,1,2,29,3,2,2,79,1,11,3,2,12,3,0,60,9,0,1,2,1,28,1,25,13,3,0,5,1
"ENSG00000187848.15",0,0,0,2,13,0,1,0,0,2,1,0,0,1,0,21,1,0,1,1,3,0,3,1,0,0,0,3,0,0,1,0,0,3114,0,0,1,0,0,0,3,3,1,0,1,1,0,0,0,0,2,2,1,0,0,0,0,0,4,0,0,1,1,0,0,1,1,0,1,1,1,16,1,0,0,0,1,2,2,1,0,4,2,0,0,204,0,0,5,0,43,0,1,2,2,0,0,0,4,3,21,0,0,0,0,5,0,4,4,0,10,3,1,0,4,0,2,0,0,0,0,0,142,0,3,0,85,1,1,8,1,0,9,0,0,1,1,1,1,0,1,5,0,4,16,2,3,3,1,39,0,0,0,0,1,0,0,3,0,0,13,6,0,3,0,1,1,0,0,1,0,1,0,1,1,1,1,36,0,0,0,1,3,0,1015,0,0,19,4,1,0,0,1,1,1,1,0,0,1912,1,0,20,0,4,0,0,17,1,7,1,335,29,1,0,4,1,0,0,1,4,2,0,0,0,0,0,0,1,0,0,1,0,0,0,0,0,0,0,1,0,2,5,0,0,1,2,0,0,0,0,1,0,0,0,0,12,0,0,0,0,1,1,1,1,0,3,2,0,1,0,9,1,20,0,0,0,0,79,0,1,3,1,0,1,5,0,0,2,0,3,2,0,3,1,0,9,0,0,3,0,1,3,1,3,0,2,0,1,1,0,0,1,0,0,1,0,1,103,1,2,1,0,0,0,3,3,1,0,0,2,0,5,0,4,1,2,0,1,1,277,1,0,0,0,0,1,0,3,0,1,0,2,0,0,0,0,0,1,2,0,0,1,3,1,0,16,0,7,0,0,1,2,0,0,5,0,0,0,254,0,5,1,1,5,5,0,44,1,0,0,2,0,1,0,0,1,0,0,2,0,0,1,3,0,1,0,0,0,0,0,7,0,87,0,135,0,2,5,0,0,0,60,1,1
"ENSG00000187908.20",57,0,0,8,863,31,0,0,1,56,0,1,0,4,14788,5,0,79,0,52,9,1,1,2,89,19,24,15,8,1207,1,24,6,1,17,17,2,5,0,3,1,438,10,2,0,0,1,7,3,5,2,324,7,7,0,0,2,9,0,5,0,13,10,4,0,11,4,0,0,6,1463,2,11,0,4,1,186,15,3,2,4,14,11848,5,3,6,0,1,0,2,30,14,0,58,0,0,2,2,2,100,27,0,1214,2,12,2,5,0,1674,2,14,2,3,1,6,0,37,0,10,1,2,4,1,0,6,0,4,0,7,18,12,1,336,3,7,1,39,0,16,1,3,85,2226,3,37,0,55,20,16,3,2,2,2,13,0,0,1,15,1,1,1,2,110,59,2150,3,4,272,3,35364,0,0,0,3,1,0,39,3,1376,0,0,66,0,4,0,1,0,0,0,0,8,28,161,7,4,19,8,3,0,5,0,6,7,19,0,2,9,3,8,0,9,91,18,4,122,5,0,0,0,2,0,0,32,0,1,16,51,11,0,0,408,0,25,1,0,0,0,0,0,1,9,3,1,3,452,1,4,0,1,1,0,27,1,626,0,9,1,4,0,274,7,1,53958,73,1,25,33,0,5,3,6,1,25,0,2,3,57,0,0,1,0,11,2,1,1,9,1,3,192,77,13,3,1,0,0,145,9009,2,34,8,3,28,686,0,22,0,1,5,3,1,2,16,0,27,0,13,2,64,13,3,13,3,2,37,23,3,12,0,2,1,1,2,4,1,1,0,1,22,0,5,1,1,1,7,22,0,0,26,116,2,42,49,0,3,1,0,138,12,222,10,0,3,0,14,0,0,0,40,0,0,0,0,32,0,8,0,9,14,8,0,6,3,0,3,1,1,9,0,0,0,46,0,1,4,12,34,4,42,30,2,73,2,8,1,6,0,39,0,1,4,4,1,1,10,10,7,3,22,40,1,0,0,0,5
"ENSG00000187951.11",45,0,24,14,106,63,9,14,5,144,14,69,156,336,184,11,40,43,21,26,18,11,24,23,35,47,12,132,12,72,94,26,88,31,9,126,33,12,20,38,10,54,216,24,18,19,8,25,3,8,33,77,19,79,15,39,15,97,95,46,6,47,8,49,12,143,43,10,435,70,237,22,17,1,13,8,231,32,263,99,74,108,91,13,75,106,36,21,211,6,44,43,28,9,6,8,5,112,27,38,21,34,84,4,48,256,47,13,346,80,67,68,36,99,70,23,409,38,109,100,9,104,6,22,57,2,3,34,142,114,40,5,161,15,29,12,12,5,222,8,4,171,179,20,57,231,110,203,69,129,2,14,34,45,13,50,19,89,19,54,44,9,44,74,95,70,213,116,13,214,11,43,45,561,13,45,33,21,281,44,5,27,42,94,18,23,52,9,17,112,19,470,168,134,13,94,12,41,6,83,20,303,147,150,1,50,29,153,56,23,23,69,96,45,126,75,7,5,37,56,2,27,32,10,9,10,61,365,7,12,123,68,47,45,16,70,6,23,39,17,17,33,12,7,277,84,34,10,11,20,10,20,14,217,16,21,12,16,14,446,150,38,214,213,11,62,59,5,200,11,48,8,97,6,16,81,29,0,16,54,227,65,20,4,50,61,1,29,31,31,26,43,22,5,26,113,350,15,18,22,94,11,230,16,13,12,9,59,51,177,17,169,25,11,42,70,145,169,18,21,175,205,10,292,53,43,20,34,7,7,71,45,26,29,175,11,31,83,21,5,6,33,27,193,119,45,5,19,23,3,22,221,23,126,9,11,128,252,104,32,23,9,36,126,230,18,27,155,5,19,28,33,10,7,237,5,56,4,17,176,7,90,24,10,22,18,144,23,14,54,162,19,3,142,43,78,51,48,45,4,19,35,45,8,238,37,51,145,18,21,47,30,24,11,23,30,27,185,57,13,5,4,154,12
"ENSG00000187957.8",1483,0,0,0,0,1,0,2,0,556,0,0,67,119,10,0,2,8,1,3,1,3,18,7,1,1,3,0,0,2,4,32,2,0,0,1417,5,2,0,0,0,87,0,4,4,2,0,4,2,0,0,14,0,0,2,0,481,0,0,0,1,41,0,2,0,0,0,87,1,0,4,8,2,4,0,1,34,2,202,4,44,2,454,7,4,0,0,84,2664,5,0,1220,1,9,0,0,106,0,0,1,0,1,16,0,5,180,1,0,244,0,1,1,2749,1,2,0,5,0,0,17,0,0,0,0,7,1,33,0,0,14,1,0,48,0,7,0,14,0,3,0,0,2,60,2,5,2,11,1,5,3061,0,1,0,272,1,0,14,2,1,1,0,95,531,0,75,1,11,0,1,3,70,3,0,1,5,0,2,3,2,292,0,14,0,0,0,1,5,0,0,0,0,70,0,1,7,0,2,4,624,0,0,3,1,1,1,2,1,0,1,0,2,1,8,0,21,748,24,0,8,4,0,0,3,0,0,0,0,1,20,3,14,13,0,0,2,33,1,0,0,1,499,1,0,0,41,1,0,2988,1,2,1,0,1,5,6,17,2,9,7,0,24,1,2,2,2,1,42,1,4,1,1,1,0,0,1,1,2,0,0,1,3,1,0,1,2,1,0,0,1,1,1,0,0,4,4,27,34,1,1,38,1,1,6734,2,7,0,1,1,28,0,0,3,10,0,12,22843,0,1,3932,1,2,1686,0,8,6,0,0,1,16,0,11,3,1,6,6,0,0,0,0,1909,0,0,1,5,0,3,0,2,0,1,1,16,0,2,0,2,1,16676,1,2,338,2,3,4,1331,0,3,0,1,0,2,0,1,0,2,0,0,2,3,1,14,2,1,24,2,17,2,3,0,1,1,1,0,1,0,0,40,6,7,1,2,0,4,0,54,6,26,2,0,1395,3,0,0,4,1,0,8,16,12,297,2,0,6,0
"ENSG00000187997.11",9,0,10,0,9,1,0,0,4,1,0,6,1,7,4,0,1,1,0,1,1,0,0,0,2,1,0,3,4,17,1,27,2,1,2,0,4,1,1,4,1,3,9,0,1,0,1,1,0,0,0,7,0,10,0,0,0,7,0,0,0,12,0,0,0,1,0,1,0,1,1,0,1,0,0,1,0,0,1,2,6,13,29,2,0,0,0,0,7,0,0,2,3,1,0,1,0,1,39,2,1,0,1,0,0,2,4,0,7,1,0,4,6,1,3,2,7,0,4,5,0,1,1,0,0,0,0,0,3,1,0,0,11,0,7,1,0,0,31,0,0,0,1,1,1,1,8,0,1,0,0,0,0,1,2,0,1,0,1,6,4,1,26,1,1,7,8,7,0,4,0,0,0,1,0,0,2,5,25,27,0,0,2,1,0,0,4,0,1,0,0,2,0,2,2,0,1,3,26,1,1,1,6,3,0,4,20,1,34,0,0,1,0,2,4,0,0,3,1,4,0,1,5,0,0,0,0,1,0,2,2,0,3,2,1,5,0,0,0,0,0,1,0,1,33,0,2,0,7,2,0,0,1,0,1,0,0,4,4,1,1,2,7,27,0,0,1,0,2,0,0,0,12,1,0,5,10,0,0,14,7,27,1,0,0,1,1,0,2,5,0,2,0,0,0,2,1,0,2,0,0,2,1,0,2,1,0,0,2,5,0,4,2,2,1,5,8,16,6,5,6,38,0,6,6,0,0,0,3,1,1,1,0,2,1,0,0,4,0,20,1,12,2,0,2,1,0,0,3,0,0,4,0,32,0,0,1,8,1,0,0,0,2,43,1,0,7,2,0,0,0,3,1,2,21,0,0,1,2,4,1,1,1,0,0,0,6,4,0,0,2,0,0,3,1,0,12,42,1,0,0,3,2,0,2,2,2,2,1,11,1,0,0,0,2,0,4,0,2,0,1,0,0,0
"ENSG00000188015.10",131,1,288,22,39,1,2,2,1,252,6,8,6,412,914,4,3,1,5,6,4,1,17,11,4,6,16,104,3,87,10,14,9,11,2,48,163,0,7,15,25,39,8,7,8,14,9,65,1,3,3,11,1,3,2,4,11,5,20,3,12,12,5,74,0,12,12,2,5,22,38,38,8,1,5,0,23,12,1176,2,5,5,17,25,11,5,18,1,80,15,56,40,5,65,10,1,3,23,15,21,24,3,189,5,14,11,4,5,7,3,14,12,41,57,5,13,29,2,9,100,0,33,1,17,42,1,13,21,2,40,7,1,13,24,19,0,10,0,4,4,3,48,123,1,24,26,17,15,11,6,4,3,4,17,6,5,16,29,3,59,23,12,6,22,11,34,34,67,6,14,2,9,14,13,12,4,8,28,144,24,1,21,1,29,8,10,25,4,12,3,1,464,22,44,16,1,5,12,2,15,5,0,28,4,0,7,5,4,22,0,13,23,5,5,21,35,5,2,27,20,0,11,8,8,5,4,6,78,10,29,21,5,52,17,10,35,1,14,9,29,7,12,1,2,44,13,0,8,4,7,10,4,0,9,2,5,2,47,86,4,12,9,25,13,0,26,13,1,13,5,36,1,13,0,15,4,17,1,7,31,9,19,0,12,2,16,2,21,18,41,18,3,10,2,6,6,16,6,19,124,46,25,47,7,5,52,1,8,0,6,17,16,2,10,19,320,7,64,33,9,13,45,0,6,37,6,150,1,18,0,2,11,30,4,4,1,3,18,3,3,2,5,21,30,11,9,5,8,18,0,2,15,1,7,2,1,7,170,18,7,1,22,10,18,11,4,36,18,29,24,13,15,15,16,3,4,0,29,11,12,3,35,4,8,1,28,31,4,8,5,8,0,0,13,1,36,14,4,60,2,4,4,27,5,421,91,2,15,18,59,79,9,18,3,62,0,3,62,8,9,2,2,28,2
"ENSG00000188032.10",5,0,4,0,1,0,4,1,2,18,0,3,4,4,7,0,6,13,5,2,4,1,6,0,4,0,6,0,1,5,2,0,1,10,0,3,3,1,5,8,1,3,3,2,2,4,2,1,2,1,0,2,1,4,4,13,0,5,2,4,6,9,2,5,4,2,4,2,4,5,26,0,0,2,0,0,38,2,0,8,1,7,12,12,11,4,3,5,1,1,42,3,3,2,4,0,2,5,8,2,4,0,39,0,5,2,13,0,14,4,5,5,1,2,1,6,5,0,8,10,3,4,0,6,1,0,1,9,10,3,2,1,8,0,2,1,4,0,12,4,1,3,0,0,1,4,3,47,6,3,0,4,16,2,1,9,2,2,5,1,3,50,3,2,10,3,5,16,1,5,4,0,0,3,5,4,0,183,5,1,1,3,0,3,5,3,0,1,3,0,5,0,6,6,6,5,0,2,1,61,2,7,10,7,0,10,0,8,0,6,0,33,4,0,3,3,0,0,0,3,0,1,0,0,0,0,6,5,5,7,1,3,1,4,0,6,0,0,1,0,2,1,4,0,32,1,1,3,11,4,0,3,2,2,1,1,0,6,1,4,4,4,10,9,0,4,6,0,9,0,0,0,3,0,6,1,1,0,6,2,0,0,1,0,4,0,0,1,3,1,2,1,7,10,8,4,1,1,4,17,3,10,11,1,3,0,0,5,4,0,5,4,7,36,1,11,1,8,0,3,4,1,0,7,12,11,1,7,2,0,1,4,2,5,5,3,3,0,4,6,0,2,0,7,1,2,4,3,2,0,0,1,0,7,2,0,6,7,2,7,0,0,1,43,7,2,5,4,3,0,1,6,2,2,38,20,8,0,2,3,2,3,14,2,0,10,19,3,3,0,33,2,1,13,4,3,4,4,2,0,7,2,1,1,2,7,14,0,0,1,3,0,0,3,1,2,2,5,8,1,0,3,2,2
"ENSG00000188037.12",0,0,5,3,5,8,0,78,7,4,0,1,2,8,19,5,5,7,5,2,6,3,26,11,17,86,0,31,19,3,19,53,11,13,26,8,15,0,0,1,6,0,5,1,1,26,6,6,3,11,2,27,3,0,0,168,1,2,41,14,0,17,6,22,44,23,18,2,4,68,9,4,39,1,3,3,2,4,2,8,4,21,6,2,161,39,1,0,25,2,39,0,3,0,7,2,0,18,2,6,8,4,8,0,1,2,31,1,47,11,3,6,1,101,1,5,31,1,2,1,0,5,3,0,7,2,6,8,10,9,6,6,17,2,12,4,4,0,7,13,2,53,1,4,4,59,0,3,1,0,2,0,33,77,5,2,0,91,1,17,3,3,6,2,0,6,8,17,469,0,18,12,64,29,1,2,2,0,32,0,4,9,1,13,24,10,15,14,8,24,9,0,11,1,4,17,3,10,0,48,38,105,0,301,2,3,11,26,5,206,0,6,2,4,26,0,1,7,2,4,0,2,0,3,0,0,15,13,1,0,15,23,2,1,6,1,5,9,13,5,1,7,9,3,7,0,0,1,3,31,2,8,3,0,9,72,2,1,0,17,43,110,1,3,0,2,10,2,7,4,12,0,7,1,1,5,18,1,17,30,2,5,15,8,14,8,1,6,6,7,1,0,7,7,0,3,8,13,239,1,45,8,9,5,2,3,0,3,11,0,10,3,1,27,2,1,1,15,1,28,6,9,1,5,55,34,4,11,2,0,6,5,5,0,1,5,23,1,0,1,4,1,8,5,39,95,0,6,32,5,0,6,23,5,0,2,0,3,16,11,1,2,3,1,0,78,1,18,9,6,290,7,1,2,4,19,45,1,66,11,5,47,165,11,8,4,3,10,0,99,0,2,3,3,7,4,97,8,12,2,3,49,11,12,1,1,13,9,1,3,6,1,10,2,11,20,24,6,8,3,4,13,2,5
"ENSG00000188056.12",2,0,0,5,2,0,2,0,1,2,0,0,5,29,25,4,1,13,0,0,0,1,0,0,0,0,0,1,0,6,0,5,32,1,6,1,166,0,1,2,0,4,4,2,2,0,4,11,0,0,0,31,4,4,3,7,1,8,0,0,0,3,0,1,2,0,0,0,0,1,0,34,0,3,0,0,0,0,0,18,4,0,0,27,0,0,1,5,4,1,0,359,0,0,0,0,0,2,3,4,4,1,5,0,0,0,0,0,3,0,0,6,0,0,0,0,0,0,0,461,10,6,0,4,29,2,1,0,0,0,1,0,21,1,30,0,2,2,0,0,0,0,15,3,0,1,7,0,0,0,1,2,0,0,0,10,2,0,0,1,0,0,2,1,0,0,5,1,0,1,0,0,230,0,8,0,6,0,3,9,0,0,0,0,0,4,1,2,0,1,0,0,2,41,0,0,0,80,0,0,0,1,15,0,0,1,0,0,0,1,0,6,2,3,0,1,0,4,35,174,0,0,3,1,0,0,0,4,0,16,0,0,24,1,0,36,0,0,11,0,0,65,0,0,5,0,0,0,0,11,0,0,0,1,0,3,0,0,14,0,4,0,2,0,0,1,7,0,0,1,10,0,9,0,10,0,0,1,0,0,0,20,0,1,0,6,0,0,0,4,0,4,0,7,1,60,0,2,0,0,1,0,0,0,0,0,0,0,0,0,0,0,8,10,13,0,13,0,0,4,0,0,1,0,20,1,1,1,0,1,2,2,51,0,1,0,1,7,0,1,0,224,6,0,0,0,0,0,0,0,0,6,1,0,0,0,0,5,0,0,0,0,46,2,0,0,28,6,1,3,1,2,0,1,0,0,0,3,0,0,1,1,0,0,1,41,0,22,0,1,1,0,2,5,0,0,0,0,2,0,1,0,6,0,0,9,15,0,0,0,23,0,0,0,0,0,0,0,0,1,0,0,1,0
"ENSG00000188095.6",16,5,30,7,70,9,14,42,1,22,3,36,26,111,310,6,11,55,32,39,71,3,26,51,45,52,12,27,4,31,75,14,52,64,44,25,155,22,49,22,25,10,26,5,13,46,13,23,3,24,25,111,9,25,22,563,3,18,121,49,30,79,9,170,5,45,0,10,170,245,136,17,2,3,35,1,142,44,37,27,167,139,115,178,167,3,38,113,20,69,87,62,15,68,46,1,5,28,108,44,35,5,910,14,20,7,377,4,231,34,52,6,12,73,11,40,118,12,297,72,33,67,2,75,46,1,6,38,40,115,18,4,81,23,141,7,42,3,294,35,8,343,20,8,17,201,66,197,4,53,5,11,68,95,25,39,1,36,48,81,104,25,40,37,27,146,68,205,94,163,44,38,24,119,26,11,131,505,47,25,3,33,157,506,27,40,59,84,16,172,32,27,149,149,62,248,6,61,2,292,22,319,33,117,7,275,2,263,58,58,7,81,194,34,16,10,6,5,28,19,2,19,7,17,9,2,63,264,27,10,74,23,23,34,6,95,4,16,13,18,6,15,8,11,146,92,3,44,56,13,4,69,3,90,6,157,5,83,55,15,92,60,113,54,2,37,92,5,230,0,77,0,36,2,15,14,46,8,47,63,20,19,49,8,90,13,1,13,61,68,10,12,92,59,211,39,283,16,25,9,307,22,24,20,38,5,8,16,146,58,18,167,79,346,36,11,24,51,17,16,117,59,5,38,22,600,7,59,59,2,55,14,9,67,214,6,31,156,7,5,7,6,14,38,167,110,17,18,22,0,3,61,15,28,67,8,28,9,11,43,310,29,12,110,139,29,93,25,10,123,132,26,3,20,536,20,43,4,35,32,68,31,425,13,11,33,58,131,64,72,42,47,4,52,18,43,87,8,40,0,19,70,10,49,110,0,25,75,11,9,26,209,19,4,130,29,104,13,30,11,4,10,91,1
"ENSG00000188130.14",89,22,520,101,236,45,362,558,238,1320,61,320,410,312,5080,141,143,540,24,339,1303,49,3929,597,319,149,3101,67,46,441,78,187,98,213,233,1365,602,207,65,69,209,304,107,163,136,154,1437,242,33,355,79,77,87,122,108,105,96,50,255,36,149,1312,19,125,83,162,171,80,595,413,250,464,253,34,149,65,1822,277,1054,356,422,297,1258,2260,1690,65,270,217,441,69,2897,547,25,2008,28,31,270,892,695,170,153,133,1714,149,420,444,320,75,1701,105,693,175,264,75,546,291,171,64,595,264,78,52,324,175,538,51,87,337,90,1099,108,79,532,936,2406,99,58,86,1369,365,48,236,156,143,384,1881,165,56,1379,1182,59,142,797,1520,277,1508,65,228,116,1514,161,1167,939,175,129,131,409,1831,142,389,49,41,123,48,1560,423,774,80,982,84,55,209,376,1296,61,299,221,328,125,78,2244,830,579,499,257,730,90,150,344,927,49,631,1565,56,55,126,193,561,289,176,326,632,4720,61,284,1346,59,60,153,149,19,89,89,890,118,63,125,172,122,68,752,238,353,124,69,400,56,106,74,127,661,803,541,413,339,980,66,954,144,73,84,696,45,1341,71,1662,92,505,92,117,539,192,1859,67,88,219,475,110,267,62,206,45,1049,84,230,71,3890,47,198,1017,106,173,316,112,74,984,63,388,78,149,136,264,156,2967,1307,1353,525,689,1242,1587,772,377,7528,457,270,152,49,93,2479,288,80,217,38,1094,259,130,69,203,825,276,123,1106,37,179,802,2890,95,48,412,75,51,115,145,2059,81,83,76,181,104,110,63,55,338,4351,551,149,134,2221,520,201,67,1500,162,1624,47,120,542,969,133,18,919,1493,94,456,159,150,292,424,146,125,172,186,26,976,626,223,28,89,295,214,192,124,270,1069,137,77,852,132,213,687,1802,86,45,142,45,400,119,543,349,44,111,155,838,43,4228,306,248,78,88,341,179,189,131,147,115,638,94,769,933,205,126,202,155,165
"ENSG00000188162.12",118,0,0,0,3,1,0,0,0,3,5,1664,121,9,42,1,1,2,100,1,0,0,5,0,0,0,0,0,0,1,0,78,0,0,0,6,152,0,4,8,0,13,1,1363,0,0,0,1,0,0,0,6,0,16,19,0,1,0,0,1,183,1,0,0,1,0,2,376,2,0,107,2,0,0,0,0,38,0,1,3,62,10,13,0,0,0,0,1,13,0,15,16,0,0,368,0,0,0,6,70,0,0,53,4,0,1,0,0,71,0,2,0,25,0,0,0,8,0,12,217,5,0,1,0,1,0,0,0,0,6,0,0,15,0,4,0,1,0,2,0,0,7,1,0,2,88,1,0,2,1,1,0,1,0,0,3,0,2,8,1,0,2,1,0,8,0,0,1,1,26,4,0,238,4,0,1,0,13,7,15,0,0,0,0,302,0,1,1,1,0,0,1,6,3,2,0,1,2,0,0,0,0,0,0,0,11,0,0,0,0,0,0,4,0,0,2,39,0,0,11,0,0,0,0,0,1,155,12,0,32,10,0,0,1391,177,28,0,215,0,0,0,1,128,0,3,1,0,0,23,0,0,0,0,1,1,0,0,0,205,0,0,0,1,1,1,0,6,1,0,0,0,0,14,0,0,0,1,0,10,22,0,1,0,1,0,0,0,0,0,5,1,0,0,1,2,3,119,18,1,206,1,0,7,4,2,1,0,3,0,0,92,1,0,17,0,4,5,2,25,1,0,16,0,17,0,0,0,1967,1,0,2849,0,6,1,46,0,1,12,0,12,0,495,0,3,2,1,0,0,2,0,0,19,0,1,0,2,0,35,0,0,0,0,2809,2,77,0,0,3,24,0,0,22,0,6,18,0,1,0,0,0,0,0,2,0,1,0,5,0,0,0,4,4,0,0,0,0,19,29,46,0,0,1,0,0,2,0,4,0,1,0,1,0,0,0,0,2,0,7,2,0,1,0,28,0
"ENSG00000188394.8",2,0,1,2,5,1,0,1,1,0,1,4,3,7,3,3,0,1,0,6,1,0,7,3,1,2,0,1,1,1,3,7,1,3,0,3,1,0,0,7,0,2,5,0,0,0,0,9,0,0,0,8,0,1,5,0,1,2,3,0,1,1,2,2,0,4,3,0,10,3,7,7,0,0,2,0,4,1,1,1,1,3,5,3,1,2,0,0,23,0,2,4,1,0,2,0,0,26,1,7,2,0,6,1,9,3,3,2,5,0,3,0,16,4,6,2,17,0,0,3,2,1,2,1,5,0,1,0,3,3,6,1,2,6,1,2,5,0,2,3,0,5,1,0,10,3,3,2,1,3,1,0,0,0,2,0,0,13,6,6,1,0,1,8,1,15,4,0,1,2,0,0,0,12,3,3,0,8,2,0,0,11,4,7,1,0,10,5,2,1,0,1,1,3,2,0,1,2,3,13,4,4,10,0,0,2,1,7,0,1,1,1,1,4,17,6,0,4,4,6,0,3,0,1,0,1,2,3,0,6,0,2,3,1,1,0,0,4,0,4,4,3,3,1,5,0,0,10,1,3,0,3,1,3,0,2,0,15,4,5,3,8,4,1,0,11,2,0,3,0,1,0,0,0,0,0,2,0,1,3,6,2,5,0,2,2,0,6,0,7,4,0,1,4,4,5,1,6,6,6,5,1,1,0,0,4,1,4,4,0,0,3,0,2,7,5,5,21,4,0,34,0,1,9,10,2,0,1,1,0,5,0,0,0,4,0,0,7,4,0,2,0,7,0,0,4,1,0,0,1,2,9,2,2,2,0,3,0,1,0,0,2,1,0,14,0,0,7,2,2,1,4,0,5,4,1,5,0,4,8,0,6,6,0,1,0,1,4,28,2,4,1,1,11,0,2,5,4,7,0,3,0,1,0,5,3,3,2,0,13,8,1,0,5,10,3,0,3,0,4,0,1,1,1
"ENSG00000188517.16",9,12,248,2,18,6,0,141,26,8,26,108,0,0,0,38,9,3,0,36,26,160,74,5,28,40,5,11,0,1,10,0,3,79,3,3,3,6,12,44,0,6,14,136,125,3,8,3,132,23,21,7,87,2,50,2,127,23,22,2,5,0,7,40,78,39,100,16,15,17,247,14,3,64,7,111,16,2,0,1,62,1,0,1,3,48,1,2,20,3,2,2,2,5,4,55,38,3,2,9,8,50,1,22,3,27,40,46,21,3,12,99,7,3,31,2,13,2,10,12,3,2,32,2,1,59,23,0,36,15,16,286,3,9,1,120,43,97,3,24,25,13,22,104,12,8,3,2,3,5,120,68,2,14,13,0,2,71,5,5,24,4,3,7,2,7,1,1,2,7,0,0,6,11,3,7,2,5,64,2,46,4,3,3,31,10,67,10,5,2,11,94,4,5,3,1,120,0,8,8,7,24,5,2,102,13,62,3,8,68,30,5,2,5,42,0,3,6,5,3,71,20,2,1,95,73,81,0,0,9,1,10,9,4,19,1,91,21,2,7,13,8,29,4,8,4,0,1,164,16,14,0,78,3,102,21,134,4,0,5,29,13,5,3,223,2,11,115,13,40,3,49,3,84,12,1,1,13,10,1,129,4,4,12,23,7,85,8,0,6,101,14,1,8,3,1,2,73,109,7,24,0,1,184,3,7,2,4,3,12,4,6,5,4,28,0,0,5,27,1,14,30,63,29,6,4,121,53,0,17,31,8,11,21,21,260,4,0,13,8,128,11,2,5,1,17,12,1,0,141,82,4,60,2,20,203,15,12,1,0,33,14,20,3,98,19,0,3,22,4,0,19,0,1,0,13,32,160,74,26,16,7,6,2,77,2,0,2,2,3,3,29,12,8,3,1,3,2,150,52,0,0,26,21,4,1034,1,3,12,49,20,4,7,70,0,14,5,26,9,307,93,41,5,82
"ENSG00000188580.15",0,2,0,4,4,3,0,0,0,0,17,141,54,215,0,8,1,0,0,0,5,10,3,45,65,124,1,85,25,200,3,10,158,9,82,0,24,0,193,525,0,5,1,229,7,0,0,9,6,1,0,17,14,256,4,1,0,0,91,0,3,138,1,71,0,0,0,20,5,9,11,1,32,0,0,4,3,2,7,31,189,22,0,1,12,0,0,4,10,0,4,352,48,5,0,2,0,22,367,6,0,3,0,1,2,3,1,6,168,3,8,2,11,41,1,1,5,29,120,397,127,13,1,1,0,2,0,0,2,121,28,10,2,6,1,13,21,1,38,2,7,6,58,6,14,0,14,0,0,2,5,10,0,130,2,2,0,41,190,142,1,0,35,3,2,21,89,3,16,3,0,15,1,105,0,0,55,58,2,4,3,7,47,1,97,0,2,0,46,54,0,0,0,197,0,2,3,0,0,10,0,1,43,2,6,24,2,6,3,0,2,7,69,125,63,3,9,0,136,181,0,27,1,0,10,0,108,3,0,259,1,5,17,0,6,19,3,3,1,131,32,2,1,0,2,43,24,0,0,1,1,0,12,17,12,1,6,0,35,0,57,1,24,137,3,24,0,5,27,2,40,7,10,13,6,0,8,0,0,0,113,7,46,1,20,0,3,0,6,35,6,0,2,68,1,0,2,3,2,0,2,0,2,1,0,0,1,6,76,28,3,0,3,2,37,4,308,2,21,32,0,0,2,0,24,0,3,697,18,1,1119,0,2,2,225,22,2,1,0,0,2,3,12,0,44,64,8,0,39,12,0,7,3,134,46,3,1,1,6,0,122,0,24,1,1,1,0,0,0,4,0,29,0,58,98,0,140,3,2,45,44,51,5,1,1,1,0,59,14,0,0,0,3,0,0,4,77,84,15,7,6,0,5,21,7,4,38,75,2,7,18,0,0,1,3,0,3,65,56,5,2,2,29,0
"ENSG00000188581.9",187,2,0,0,4,0,0,0,0,0,0,0,0,26,3,7,0,0,6,9,0,2,0,0,0,0,2,0,0,0,0,14,0,2,1,0,2,0,0,0,0,3,0,3,5,0,0,0,23,0,0,1,0,0,0,0,2,0,0,0,1,0,0,1,0,0,0,0,0,0,3,0,0,2,0,0,0,0,0,1,0,0,0,8,1,0,0,0,0,0,0,0,0,0,0,1,0,0,3,0,2,2,7,0,0,0,0,2,2,0,0,4,0,4,0,0,2,0,0,1,0,0,0,0,0,0,2,0,0,77,0,0,1,4,1,0,6,0,0,0,2,4,8,3,0,0,0,0,0,0,0,2,0,2,0,1,0,0,0,1,0,0,1,2,0,1,0,1,0,0,0,0,10,0,0,0,0,0,4,1,0,0,0,0,0,1,0,0,0,0,0,0,0,1,0,0,0,1,0,0,0,0,2,0,1,0,0,0,3,0,3,1,1,0,2,5,1,0,0,0,3,0,0,0,1,2,0,0,0,0,0,0,2,0,0,0,4,0,0,0,0,0,2,0,0,0,0,0,1,1,0,0,0,0,0,0,0,2,1,0,1,1,16,1,1,1,6,0,0,6,0,3,0,0,0,0,3,2,0,0,0,0,0,2,0,1,0,0,0,0,18,0,0,0,0,0,0,0,0,3,1,0,0,0,0,1,1,0,0,0,0,7,0,1,0,0,0,0,1,0,0,36,0,0,0,0,67,0,0,1,0,0,0,0,0,0,0,1,0,0,0,0,1,8,0,2,0,0,0,0,0,2,0,1,0,0,1,42,0,0,0,0,1,0,6,0,0,0,0,0,0,0,1,0,0,0,0,47,0,0,0,0,0,0,2,1,0,5,0,0,0,2,0,0,0,1,0,0,23,1,0,0,0,0,2,0,11,0,0,2,2,0,0,0,1,0,0,0,0,0,0,0,30,21
"ENSG00000188610.12",4,2,1,11,20,33,4,5,1,15,3,41,49,231,33,5,5,12,32,13,10,5,7,8,22,16,10,67,2,44,42,26,16,14,1,21,17,6,19,21,0,36,49,7,5,2,6,19,2,2,18,76,6,25,15,11,5,19,33,49,3,51,1,35,1,19,5,1,43,56,74,14,6,0,1,0,26,13,32,31,30,30,47,2,22,9,1,5,18,0,25,18,11,1,2,2,2,79,6,38,9,6,15,4,11,36,35,4,276,25,24,15,15,25,8,4,86,4,101,112,4,25,2,22,12,2,0,14,26,85,7,5,106,1,26,4,4,2,57,3,2,25,33,5,15,116,33,14,43,44,5,3,31,22,4,23,2,34,15,23,11,5,60,5,3,35,30,35,44,275,1,8,18,61,8,8,9,15,31,18,3,12,10,49,5,2,27,0,22,67,4,139,33,67,6,31,4,11,1,52,15,60,50,151,3,41,8,65,7,25,5,13,65,22,29,31,6,3,13,46,1,4,3,1,4,0,12,102,2,18,65,17,15,16,2,30,5,8,20,18,5,10,1,4,21,62,21,2,9,8,7,7,6,18,2,13,5,3,7,125,68,30,194,51,1,9,11,2,73,0,19,2,46,1,8,25,7,3,3,44,100,14,9,1,8,20,2,10,2,21,10,10,2,4,5,46,179,5,11,13,57,3,119,4,24,3,3,15,21,60,7,16,33,9,11,30,154,45,4,9,38,39,7,131,38,28,6,5,2,0,73,25,5,15,23,3,7,147,5,1,0,13,3,75,68,36,1,3,31,4,9,51,7,82,5,5,19,34,120,2,41,1,13,31,65,3,0,47,3,9,7,13,3,8,62,1,48,3,7,59,0,47,18,0,5,8,33,9,32,34,22,14,2,24,9,15,23,15,8,1,11,10,5,2,39,13,26,44,2,6,17,5,3,5,22,7,11,73,41,8,1,9,72,0
"ENSG00000188613.7",191,3,315,11,135,55,1,5,3,303,49,53,107,221,32,16,143,101,41,621,31,7,126,17,6,31,58,30,54,21,124,54,57,9,93,11,4,13,41,40,13,103,34,27,28,35,21,34,6,29,26,12,20,100,36,132,9,136,10,16,22,152,5,6,7,504,4,28,8,84,123,16,2,3,16,4,170,27,176,11,21,229,49,132,144,104,3,85,11,9,415,81,23,88,9,1,27,20,173,25,9,15,64,58,33,160,88,4,142,72,41,18,8,41,896,5,724,62,91,117,32,1,5,26,19,2,14,16,108,116,13,16,26,3,114,4,7,4,208,5,9,86,30,19,83,100,11,115,255,47,4,11,40,81,8,17,9,97,39,41,5,87,64,124,112,12,39,455,35,70,15,13,19,433,77,26,64,117,60,17,3,1086,51,19,9,14,23,11,69,3,2,7,34,82,78,30,8,35,1,189,4,44,180,362,7,50,14,60,20,12,91,223,71,8,79,182,19,0,20,9,5,8,37,2,35,5,62,47,23,19,32,3,55,103,3,17,7,5,2,9,67,30,21,55,293,94,6,23,42,16,11,31,3,7,7,75,19,504,193,31,40,5,209,492,14,50,142,13,7,10,39,12,25,4,49,81,64,5,13,34,12,17,0,6,4,214,4,41,47,19,46,7,33,14,118,38,71,57,13,1280,67,104,297,14,62,8,4,2,51,83,18,1088,10,164,61,114,77,46,7,25,1081,111,15,365,44,148,32,97,14,4,67,24,7,200,105,9,21,25,50,10,1,0,11,82,17,15,3,95,63,12,5,58,6,65,12,5,282,826,161,16,5,12,10,45,655,13,37,239,15,26,15,39,16,112,37,3,85,5,18,14,10,35,14,6,17,30,72,108,27,63,235,10,15,202,97,24,60,229,64,7,7,17,100,102,14,47,10,1,4,7,19,2,3,9,40,55,125,310,365,30,11,48,199,5
"ENSG00000188620.11",3,0,1,1,691,0,0,0,0,2,0,0,1,1,2,0,245,0,0,2,0,0,4,0,0,0,0,1,6,0,3,0,0,0,3,3,1,1,1,0,0,0,0,0,0,0,1,1,4,3,0,12,0,0,0,0,0,0,0,0,0,63,0,0,0,5,0,0,2,1,1,0,1,0,0,0,343,1,0,0,0,3,13,0,0,0,1,0,4,0,0,10,0,9,1,0,0,0,1,2,1,0,0,0,0,1,0,1,98,0,0,1,1,0,15,1,439,1,3,0,0,2,0,0,0,1,0,0,0,1234,0,0,0,0,0,0,0,0,1,6,0,3,4,0,13,2,1,7,1,1,0,1,1,5,0,0,0,25,0,1,0,0,0,14,441,1,15,189,2,33,1,0,1,0,0,0,0,1,0,0,0,3,0,0,0,0,0,1,3,0,0,0,3,0,1,0,0,4,0,4,0,2,0,0,0,0,0,1,0,0,5,1,1,0,8,0,0,2,0,0,0,0,0,4,1,0,0,2,0,1,18,1,0,1,0,2,0,1,1,1,0,0,2,0,157,320,0,0,2,1,0,26,0,0,0,1,2,361,0,693,2,0,983,4,0,0,39,1,0,0,0,0,0,0,0,1,4,0,2,7,0,2,0,0,0,0,0,1,0,5,0,157,10,1,0,26,150,2,1,2,0,2,60,0,4,0,0,0,0,0,0,0,0,71,5,2,2,30,2,0,884,0,0,2,1,2,0,0,0,0,0,6,4,0,1,0,0,15,1,1,0,0,0,23,0,1,0,19,0,0,0,0,2,0,0,0,569,1,16,0,1,0,0,3,6,0,41,0,0,6,0,0,5,0,0,0,0,8,1,1,0,0,13,0,0,0,1,1,0,0,1,1,0,1,0,1,0,35,9,0,1,0,1,0,0,0,1,0,0,1,0,0,0,0,1,0,0,71,9,0,1,0,4,1
"ENSG00000188763.5",332,3,60,3,65,62,1,0,2,65,575,7,39,3,7,4,30,55,4,147,9,7,16,2,1,1,5,0,2,0,78,2,1,4,6,6,4,3,2,0,2,7,7,4,3,9,0,1,8,58,4,0,8,0,0,4,65,0,4,0,5,20,5,6,1,18,3,2,5,15,185,6,0,1,1,3,9,2,158,2,6,1,56,82,0,4,1,17,36,0,132,2,2,0,521,1,683,11,2,0,0,5,117,1,5,82,138,14,2,6,8,4,5,0,1,2,248,1,35,7,0,3,3,3,2,4,6,1,33,4,3,13,4,2,42,3,3,11,226,4,2,343,3,6,26,6,2,145,103,18,4,10,2,4,4,0,0,7,32,0,2,93,0,79,174,2,7,523,27,3,1,1,1,0,44,4,3,16,6,2,2,46,0,9,3,0,6,11,2,3,1,8,0,3,8,593,24,0,0,183,1,0,64,3,3,2,18,1,4,2,9,86,49,21,4,14,2,2,5,4,2,8,17,26,3,2,4,2,1,2,1,2,3,4,6,3,8,3,0,1,42,0,614,4,139,18,0,216,4,4,1,23,8,0,5,9,15,22,2,34,14,4,28,28,5,10,34,11,3,4,1,2,26,3,1,43,85,3,3,1,1,2,1,3,9,128,0,0,35,13,5,3,68,3,3590,7,3,313,2,13,27,3,68,18,2,0,2,0,0,9,7,156,1,28,100,55,2,32,16,4,84,12,12,133,0,35,8,3,634,6,36,2,7,7,3,7,2,35,1,8,6,1,0,741,2,3,1,12,83,15,10,5,3,4,2,5,218,6,0,54,1,6,1,57,14,8,0,310,0,1,3,5,1,10,3,4,1,5,14,0,1,3,0,3,15,1,61,1,21,10,42,19,9,14,43,3,8,2,8,2,3,5,4,1,11,55,0,4,2,8,2,4,3,2,2,74,4,11,186,15,5,2,262,8
"ENSG00000188816.3",0,0,0,0,4,0,0,0,0,2,0,0,0,0,70,0,1,0,0,0,0,0,1,0,1,0,1,0,0,0,0,0,0,0,0,0,0,0,0,0,0,0,0,0,0,0,0,0,0,0,0,3,0,2,0,0,0,0,0,0,0,8,0,2,1,0,0,0,0,0,75,0,0,0,0,0,30,2,0,0,0,0,27,0,0,0,0,0,0,0,0,3,0,0,0,0,0,0,0,0,0,0,54,0,0,0,0,0,197,0,0,0,0,0,1,4,16,0,0,0,0,0,0,0,0,0,0,0,0,49,0,0,1,1,0,0,0,1,0,0,0,0,0,0,1,0,1,2,0,1,0,0,0,1,0,0,0,0,0,0,0,0,0,0,10,0,1,17,0,7,0,0,0,1,0,0,0,3,0,0,0,0,1,0,0,0,0,0,13,0,0,0,13,0,0,0,0,0,0,0,0,0,0,0,0,0,0,0,0,0,0,0,267,0,3,0,0,0,0,0,0,0,0,0,1,0,0,0,0,0,0,0,1,0,0,0,0,0,0,0,0,0,0,0,0,15,0,0,0,0,0,1,0,0,0,0,0,1,0,19,0,0,161,0,0,0,2,0,0,0,0,0,0,0,0,0,10,0,0,11,0,1,0,0,0,0,0,0,0,1,0,0,0,0,0,57,3,0,0,0,0,0,60,0,0,0,0,0,1,0,0,0,0,2,0,2,0,1,0,0,2,0,0,0,2,0,0,0,0,0,0,0,0,0,0,0,0,0,0,6,0,0,0,2,0,1,0,1,0,0,0,0,0,0,0,0,9,0,3,1,0,1,0,2,0,0,0,0,0,0,0,0,0,0,4,0,0,0,0,0,0,0,13,1,0,0,2,0,0,0,0,0,0,0,0,0,1,10,1,0,1,0,0,0,0,0,0,0,0,0,0,0,0,0,0,0,0,1,0,0,0,0,2,0
"ENSG00000189001.11",10,0,1,7,3,0,0,0,0,4,0,0,0,5,29,0,1,39,0,0,0,1,2,0,0,0,0,2,0,26,0,1,2,27,0,0,5,0,1,0,1,7,2,4,0,4,0,1,2,0,0,3,0,0,3,0,0,0,1,0,0,5,2,1,0,0,0,0,0,0,2,0,0,0,0,0,4,2,1,0,1,42,11,1,0,0,2,1,3,2,1,11,0,5,0,0,1,0,0,0,2,0,7,0,3,4,0,0,8,0,0,0,2,0,4,2,3,2,26,4,0,0,41,0,6,0,1,0,1,0,0,0,4,0,1,380,1,0,10,0,0,5,3,0,0,1,0,4,3,2,4,0,0,4,6,0,2,2,0,1,0,1,129,2,0,2,1,17,0,1,0,0,0,1,0,0,0,2,0,0,0,0,0,0,0,0,2,0,0,0,1,5424,2,1,58,2,157,0,1,1,0,0,5,4,0,0,1,0,0,0,128,0,0,0,0,0,0,2,3,2,0,0,4,1,0,0,1,0,0,1,1,0,0,0,0,0,0,0,1,0,3,0,0,1,2,2,1,1,0,1,0,0,1,0,0,1,1,264,0,0,0,0,1,2,0,0,0,1,1,0,0,0,2,1,0,0,10,0,0,7,0,11,0,0,2,1,2,0,0,0,1,0,1,0,8,2,1,1,0,2,1,0,3,0,4,0,3,1,0,0,0,0,0,0,2,114,0,1,0,2,0,16,0,7,0,1,1,1,3,0,21,1,0,1,5,0,0,0,1,0,0,0,32,4,1,0,0,7,1,0,0,0,0,1,1,7,0,6,3,0,0,4,1,1,1,22,3,0,8,1,1,0,3,0,1,0,0,0,0,1,0,0,2,1,0,0,3,1,1,1,3,1,0,1,3,7,11,2,0,0,0,1,1,0,13,2,8,0,0,43,97,0,1,0,0,0,0,107,1,0,0,0,4,1
"ENSG00000189023.10",0,0,0,0,0,0,0,0,0,0,0,0,0,17,4,0,0,4,0,0,0,0,0,0,9,0,0,4,0,0,0,0,18,54,0,0,60,0,0,0,0,0,0,0,0,0,0,2,0,0,0,78,0,0,0,0,0,0,21,0,0,0,0,6,0,0,0,0,0,0,47,0,0,0,0,0,0,0,0,0,23,103,0,0,28,0,0,16,0,0,0,6,0,0,0,0,0,0,0,0,0,0,0,0,0,0,0,0,6,0,0,0,0,17,0,0,0,0,0,33,1,282,0,0,0,0,0,0,0,0,0,0,24,0,0,0,0,0,0,1,0,0,1,0,0,0,0,0,0,0,0,0,0,59,0,0,0,1,0,42,1,0,0,0,0,0,0,1,0,33,0,2,0,34,0,0,0,7,0,0,0,0,0,0,0,0,4,0,0,8,0,0,1,29,1,0,0,0,0,0,0,0,0,0,0,2,0,0,0,0,0,0,0,0,0,0,0,0,0,40,0,3,0,0,0,0,1,1,0,0,0,3,0,0,0,1,0,0,0,0,0,0,0,0,0,0,0,0,0,0,0,0,0,0,0,0,0,0,1,1,51,75,0,0,0,0,0,0,63,0,2,0,9,0,0,0,0,0,0,20,5,2,295,0,0,0,0,0,0,0,0,0,0,0,0,0,0,0,0,0,0,0,0,0,0,0,0,0,1,3,0,0,2,1,0,0,0,0,0,0,0,0,0,0,2,0,0,0,0,0,4,0,62,0,0,0,0,0,0,0,0,0,0,0,0,1,0,0,1,0,0,3,0,135,0,0,0,0,0,0,0,0,0,0,0,0,0,0,0,0,0,3,0,0,99,0,65,0,0,8,0,18,0,0,0,0,0,4,0,0,0,0,0,0,0,1,313,0,0,0,0,0,0,0,0,0,3,0,2,0,0,0,0,0,0,0,29,0,0,0,0,0,0,0
"ENSG00000189057.11",114,9,18,118,1032,304,48,194,40,385,49,1253,838,1258,215,91,53,509,1171,66,157,9,76,143,204,472,163,497,69,302,556,458,434,234,54,732,170,78,835,648,39,271,819,226,48,184,50,393,12,155,211,1039,533,259,251,560,27,413,883,1755,27,513,243,468,14,280,427,629,808,1525,380,142,118,14,195,5,207,107,368,588,284,261,762,70,902,193,60,156,78,12,430,252,121,33,159,21,43,1591,313,1428,143,65,347,162,150,161,505,14,834,311,172,30,56,426,113,123,1655,169,628,1054,203,399,38,386,160,5,14,403,176,472,279,12,946,54,939,17,149,9,468,53,35,1317,204,151,377,2612,282,171,107,59,13,4,660,730,69,787,72,478,795,559,332,106,848,265,193,625,558,455,1962,1132,67,173,814,1367,46,154,122,154,352,538,24,272,174,921,290,148,349,42,189,351,64,417,733,828,109,343,109,169,134,1276,111,2444,377,2643,1,140,14,3211,216,1850,73,283,350,308,218,807,17,31,115,822,6,391,77,37,76,16,139,1656,36,207,1430,332,123,930,25,418,43,259,406,75,38,141,116,249,585,510,86,67,89,868,30,152,45,304,46,1014,190,63,98,877,831,429,674,510,16,167,373,13,1242,26,308,19,187,10,198,345,207,2,113,236,1249,215,255,10,46,343,7,100,86,186,141,211,141,62,323,167,2776,192,157,273,1497,29,563,18,165,39,29,214,203,302,1129,289,359,268,420,419,1911,431,28,104,473,533,61,1006,486,1085,58,847,54,10,766,157,117,506,1214,26,787,2031,192,251,5,275,111,260,492,485,19,56,205,7,56,992,140,476,113,55,345,465,352,69,1008,32,188,289,1208,143,93,659,215,250,1366,353,54,120,812,46,1297,5,88,828,53,648,361,41,469,119,338,135,425,910,182,524,147,426,166,144,205,185,141,27,219,370,105,40,544,46,505,340,173,44,224,413,62,51,374,336,136,1048,762,70,8,56,537,8
"ENSG00000189064.8",0,0,0,0,0,0,28,0,0,0,0,0,0,147,14,0,0,0,0,0,0,0,2,0,0,0,0,0,0,4,0,0,1,0,2,0,1,0,0,0,0,0,2,0,0,0,0,12,0,0,0,0,0,3,1,0,0,0,1,0,0,4,0,0,0,0,0,0,0,0,579,0,4,0,0,0,0,0,0,286,46,9,0,0,0,0,0,458,0,0,0,38,0,0,0,0,1,2,0,24,0,0,0,0,0,0,0,0,828,1,0,0,0,0,0,13,0,0,62,17,0,0,0,0,1,0,0,4,0,0,0,0,6,0,0,0,0,0,0,0,0,0,75,0,0,4,6,0,0,0,0,0,0,2,0,0,0,0,0,0,0,0,3,0,0,5,8,0,0,14,0,0,0,0,0,0,0,3,0,0,0,0,0,0,0,0,0,0,0,0,0,159,0,0,1,1,0,0,0,0,0,0,0,708,0,4,0,0,0,0,0,0,75,1,0,38,0,0,91,4,0,0,0,0,0,0,0,8,0,0,0,3,0,0,0,0,0,0,0,0,0,0,0,0,0,0,0,0,0,0,0,0,0,371,0,0,0,0,218,0,0,0,2,0,0,0,0,0,2,0,1,0,2,0,0,0,0,0,0,2,0,0,0,0,0,0,0,0,0,0,0,0,0,0,0,147,8,0,0,0,0,0,0,0,27,0,0,0,0,0,0,0,1,0,1,85,93,0,0,0,0,0,0,0,126,0,0,0,2,0,23,1,0,0,0,0,0,0,0,0,0,0,0,0,0,0,0,0,4,0,1,0,0,2,0,0,0,0,0,0,46,0,0,0,0,0,14,0,0,0,0,54,0,0,76,0,0,0,0,0,0,160,0,0,0,3,0,0,0,0,0,0,0,0,0,0,1,86,5,0,0,0,0,1,746,9,4,26,0,0,0,0,0,0,0,0,255,0,0,0,0,0,0,0
"ENSG00000189108.13",6,10,8,44,1,1,0,4,19,125,29,20,21,50,2,42,2,2,68,16,68,46,2,35,59,0,0,0,2,36,1,61,6,24,5,27,16,9,1,2,0,3,0,9,49,0,25,4,43,1,3,5,59,7,21,17,48,0,7,9,1,5,5,2,89,0,1,105,24,8,4,42,10,81,1,18,0,2,0,4,15,0,0,7,1,2,8,3,0,1,34,9,0,2,7,31,32,0,1,23,49,42,56,33,13,0,74,73,4,0,0,14,8,3,1,34,27,0,29,9,3,7,2,5,18,19,8,0,5,3,18,56,0,23,8,133,30,58,0,17,17,31,3,188,4,10,2,0,0,74,96,14,5,16,16,9,4,126,17,3,0,0,6,3,0,5,2,2,0,5,0,0,4,9,9,16,14,0,13,34,59,7,15,5,45,18,1,15,1,0,29,0,1,21,0,0,108,5,2,0,3,44,0,14,33,2,2,36,6,63,22,0,5,0,11,199,8,8,45,99,36,0,0,10,35,43,11,165,6,7,0,1,10,79,5,22,52,19,21,6,0,30,107,6,2,16,7,13,27,12,27,0,26,5,70,5,214,0,1,19,4,12,16,1,36,2,2,26,0,21,2,23,0,29,6,0,1,19,15,2,3,2,17,25,35,4,41,5,0,1,25,23,0,1,76,5,32,9,3,50,10,0,7,2,0,1,11,5,1,0,30,2,1,14,20,853,1,0,20,13,0,43,101,1,27,5,31,37,30,10,2,4,21,49,27,127,23,120,14,5,82,76,11,2,0,1,16,0,0,8,8,0,24,1,6,24,0,3,0,0,0,28,9,0,11,12,0,4,39,5,0,41,0,30,5,16,0,2,0,0,13,1,10,7,18,2,0,28,1,20,2,28,43,36,0,0,13,4,43,16,7,0,1,12,13,0,0,3,15,13,32,3,9,5,32,0,0,8,12,90,38,1,52,33
"ENSG00000189120.5",205,0,39,55,144,75,3,29,15,112,19,194,574,548,63,9,11,15,364,85,26,3,31,20,24,11,12,9,10,66,18,74,23,31,5,44,36,12,262,227,6,104,21,20,17,13,20,36,4,13,11,16,20,860,45,11,48,15,13,4,17,28,119,25,4,52,32,350,28,25,53,25,12,5,34,8,28,23,42,40,100,18,22,22,5,15,11,104,107,48,74,8,12,27,52,1,72,65,259,31,34,34,51,13,29,32,39,0,72,2,29,8,31,55,12,7,49,28,11,212,170,12,15,2705,9,3,10,7,86,74,22,7,10,60,84,8,10,10,2,2,3,119,231,16,165,81,82,10,162,31,9,3,5,59,44,20,9,43,25,12,44,16,19,74,54,28,34,30,18,28,7,11,73,4,24,14,93,23,302,16,5,41,48,51,103,42,72,40,12,19,36,277,10,29,10,281,7,609,12,18,3,39,147,25,2,9,7,8,36,9,27,37,120,10,24,265,11,5,35,39,2,11,7,8,16,7,586,14,4,34,29,14,60,69,17,16,2,128,23,20,38,23,69,17,33,17,47,12,101,432,19,440,3,299,3,39,10,49,85,28,44,31,15,71,12,33,27,2,21,3,22,3,5,8,9,15,108,2,46,65,61,72,14,2,10,28,1,54,14,38,36,57,54,12,53,47,31,57,37,284,109,16,25,11,5,27,11,75,17,316,23,148,21,34,25,132,59,46,79,19,33,176,4,32,48,17,19,1089,4,2,246,36,72,56,31,13,22,60,220,42,10,243,20,35,7,20,11,16,11,2,4,56,8,363,19,7,57,45,21,28,13,21,610,20,82,16,1,41,20,15,24,30,1,276,54,7,15,3,28,26,8,25,20,18,20,2,567,82,11,11,162,34,7,53,13,16,20,13,174,3,21,4,60,7,20,16,2,9,42,41,26,22,23,18,18,30,7,901,11,11,2,14,867,8
"ENSG00000189127.8",0,0,0,1,6,4,0,0,0,0,0,0,2,1,0,2,2,1,1,0,2,0,0,1,0,1,0,0,0,0,0,0,0,1,1,0,1,0,0,0,0,20,0,1,0,2,0,0,2,1,1,2,0,2,0,0,4,9,0,31,0,1,0,2,1,0,0,0,1,16,0,0,0,0,0,1,1,5,86,21,0,0,11,4,0,11,0,0,0,0,20,1,5,0,1,0,3,0,60,86,0,0,0,0,2,0,0,3,12,1,1,1,1,0,2,1,0,0,1,0,0,0,0,0,0,3,0,2,6,1,0,0,0,1,2,0,0,0,105,0,0,1,0,0,0,0,1,0,0,2,0,0,1,0,0,0,0,0,0,1,0,1,1,27,0,0,0,9,73,1369,27,0,1,0,1,1,2,0,47,0,0,6,1,0,0,2,0,2,4,69,0,0,3,0,11,1,0,0,0,28,1,1,2,0,1,1,0,11,0,0,2,3,0,0,4,0,0,0,2,0,1,0,0,0,0,0,0,0,0,1,1,0,2,3,0,0,0,0,0,0,10,1,0,93,1,22,0,1,3,0,0,0,2,1,1,0,2,2,0,1,1,0,3,2,0,8,1,1,0,1,2,0,0,0,0,7,0,0,0,0,0,1,0,1,0,2,0,4,0,9,0,1,0,0,0,1,3,0,0,27,0,10,1,0,11,1,1,0,0,2,0,0,0,108,23,4,0,7,0,0,0,0,0,1,1,0,0,0,3,2,0,0,0,28,38,1,0,15,1,2,2,1,0,0,48,0,0,0,3,0,0,0,0,0,0,4,0,3,0,0,0,1,0,0,1,0,0,6,0,0,0,0,1,0,1,0,6,1,0,0,6,0,0,0,2,1,2,1,3,254,1,0,0,3,1,0,4,98,0,0,0,0,13,0,0,0,3,0,0,7,1,0,0,0,1,0,0,8,12,0,0,0,1,1
"ENSG00000189186.10",0,0,0,0,0,0,0,0,0,0,0,146,0,297,52,0,0,0,0,0,0,0,0,2,143,267,0,12,0,8,0,0,42,17,0,0,107,0,11,81,5,1,0,0,0,0,0,1,0,0,0,31,1,58,0,0,1,0,37,0,0,622,0,110,0,0,0,1,0,0,135,11,182,0,0,0,0,0,1,90,330,68,0,0,224,0,0,13,0,0,0,225,148,0,0,0,0,74,234,1,0,0,0,0,0,0,0,0,149,0,0,0,1,0,0,77,1,0,60,402,0,1,0,0,6,0,6,21,0,260,13,0,73,0,0,0,0,0,75,68,0,1,204,0,0,2,0,0,0,1,0,0,0,127,20,0,4,0,181,83,12,0,3,0,0,45,117,1,0,460,0,50,0,12,0,0,0,96,0,745,0,0,0,111,159,2,22,0,0,134,0,1,0,28,15,0,0,0,0,0,0,0,0,57,0,11,0,0,4,2,0,0,1,12,7,8,0,0,3,106,0,69,0,0,0,0,15,21,0,0,0,52,1,0,1,193,0,0,1,36,0,29,0,0,0,0,35,0,0,0,0,0,0,0,0,0,0,0,8,1,209,74,0,149,0,0,0,0,185,0,91,0,96,0,0,0,0,0,0,15,242,43,37,0,0,1,0,0,0,0,0,0,0,116,0,9,47,0,0,0,0,0,22,0,0,0,0,27,48,277,296,0,3,0,0,0,175,0,0,0,0,0,0,0,34,1,0,0,7,0,90,0,16,0,221,0,0,0,0,0,0,2,3,0,17,83,0,0,5,0,0,3,0,270,1,0,1,0,0,0,0,0,0,2,0,0,0,0,0,9,0,12,0,0,95,1,190,0,0,165,82,17,277,0,0,0,0,66,69,0,0,0,0,0,0,0,112,61,37,0,3,0,0,0,1,0,70,0,4,0,12,10,0,0,0,0,29,0,0,0,0,0,1,0
"ENSG00000189229.11",70,0,0,1,0,0,42,0,1,0,0,10,3,384,72,1,0,30,0,0,0,0,3,0,6,7,0,67,1,142,2,0,1,0,2,1,22,0,0,2,4,0,8,4,0,0,4,24,0,0,1,1,0,54,0,0,1,4,102,0,0,52,4,15,2,0,4,1,0,0,436,0,0,1,0,0,16,0,15,62,66,16,0,0,15,0,0,23,2,0,1,100,23,2,0,0,1,61,30,7,0,0,0,1,0,30,0,0,231,1,1,0,3,3,2,13,0,1,30,60,3,164,0,2,0,0,1,100,1,63,3,2,106,0,0,0,2,0,27,10,0,1,189,1,0,80,16,0,2,1,3,0,1,29,0,1,4,0,29,15,0,1,0,2,0,27,45,3,1,166,0,55,0,575,0,3,0,38,0,10,0,1,0,0,5,0,5,2,3,71,0,0,2,106,0,0,0,0,0,1,1,0,1,362,0,37,0,1,15,4,0,15,12,1,6,14,1,0,28,71,0,28,0,0,0,2,3,33,0,0,1,18,2,1,4,26,0,0,10,6,0,1,0,1,8,0,113,0,0,1,0,0,1,2,0,0,1,0,20,159,53,29,0,203,0,0,0,0,140,0,6,0,93,0,3,0,53,0,0,26,121,10,61,0,0,0,0,0,0,0,1,0,0,5,0,54,25,0,16,1,0,104,95,0,2,2,0,0,1,121,3,0,10,0,8,0,155,1,0,9,0,1,1,0,3,0,0,0,0,0,129,3,2,1,6,0,0,0,1,0,0,0,3,0,3,10,5,0,30,1,2,101,0,82,0,1,0,0,1,0,3,1,1,27,0,0,14,0,0,0,1,15,10,1,375,2,70,3,0,75,0,2,0,0,0,1,0,29,7,0,0,0,0,0,1,3,7,28,1,0,4,0,0,0,29,0,29,22,52,0,6,5,0,0,4,0,18,59,0,2,0,1,0,0
"ENSG00000189275.4",0,0,0,0,12,1,2,0,0,0,56,0,0,0,0,0,3,0,0,1,1,0,0,0,1,0,0,1,0,0,0,0,25,39,0,0,0,0,0,0,0,1,0,0,0,0,0,0,0,0,0,1,0,1,51,15,0,0,4,1,0,3,0,0,16,0,0,0,0,2,0,0,0,0,0,0,0,0,0,11,6,0,0,0,3,0,0,0,0,0,2,2,0,0,15,0,2,1,0,0,0,0,0,0,0,2,0,0,14,0,6,0,0,0,0,0,0,2,0,0,0,356,0,0,0,0,2,1,3,0,0,0,0,0,0,0,4,0,1,0,0,0,0,0,7,4,0,0,0,0,0,0,0,0,1,1,0,0,1,1,0,0,25,0,1,180,1,1,1,11,0,1,1,7,0,0,1,1,0,0,0,0,0,1,119,0,0,0,0,0,0,0,3,1,0,2,0,0,0,2,1,1,0,100,2,1,0,0,0,0,13,3,0,0,0,0,0,0,1,2,0,0,1,41,1,1,5,0,0,1,0,2,0,6,14,0,0,0,0,1,0,0,0,0,2,0,4,0,3,1,0,0,0,0,0,3,0,1,0,1,6,11,0,0,0,2,0,0,15,0,0,0,0,1,0,1,2,0,0,0,6,0,0,0,1,0,0,1,0,7,0,1,0,1,1,0,1,1,65,0,2,1,0,0,1,0,0,1,1,0,1,2,1,0,1,0,0,0,0,0,0,0,0,27,0,0,0,0,0,0,0,4,0,1,1,1,0,1,4,0,2,0,0,0,0,0,0,0,0,0,0,0,0,146,0,1,9,0,0,0,0,0,0,600,0,0,0,0,0,0,0,0,0,0,2,7,1091,0,6,1,3,7,10,10,0,0,0,0,0,0,2,0,0,0,3,0,0,0,1,0,1,0,1,0,0,1,0,1,5,0,0,0,1,0,0,0,0,0,239,0,0,1,0,0
"ENSG00000189320.9",42,107,107,41,97,43,0,43,115,60,79,2,1,23,2,397,77,27,14,152,201,427,108,140,5,65,1,139,0,5,1,27,19,223,91,13,659,48,1,10,4,57,1,1434,462,20,1,30,382,17,104,29,298,1,914,0,133,2,26,1,5,446,0,152,169,3,26,42,31,15,79,92,7,221,20,209,10,31,1,13,96,32,1,71,0,0,25,626,46,0,33,1327,0,0,7,186,147,15,4,33,68,369,22,9,36,68,20,359,33,0,108,668,274,31,8,0,39,0,0,1744,132,33,34,5,12,262,257,1,36,181,89,452,21,25,31,466,3,265,10,33,222,156,59,604,359,16,16,14,0,30,296,300,0,14,237,1,3,152,7,42,13,0,2,59,6,138,17,5,0,32,0,3,12,1,73,11,22,8,105,28,82,9,3,20,66,39,236,119,5,5,36,232,6,29,27,0,280,1,6,5,10,7,68,0,205,2,49,17,230,6,330,36,1,0,242,65,15,7,15,1,123,11,3,6,275,322,394,5,5,7,0,3,59,80,34,11,204,42,0,14,510,16,347,66,18,5,0,18,39,2,52,1,229,2,276,120,309,16,2189,1,101,57,4,1,585,28,31,469,2,321,21,162,0,288,9,0,1,203,106,20,10,1,1,224,1,36,275,87,1,27,599,69,111,0,321,3,21,70,21,53,137,15,12,569,0,31,6,19,17,0,97,20,0,39,79,36,3,24,188,27,35,19,278,0,48,22,914,227,4,238,842,56,100,18,15,488,304,1,3,1,344,11,16,19,4,44,14,19,3,490,378,17,58,2,44,539,6,11,0,0,4,55,539,11,51,16,0,9,97,16,2,28,5,121,8,34,2,511,51,1,2,10,16,28,393,1,67,30,1,5,11,22,243,7,20,6,11,7,687,197,2,3,116,10,204,1754,28,0,58,162,260,88,4,125,9,14,5,170,6,685,293,73,433,322
"ENSG00000189325.7",262,0,0,1,6,0,2,0,0,4,0,1,0,22,2,2,2,7,0,0,1,0,0,2,0,0,10,9,1,5,0,61,0,1,25,8,11,11,0,0,0,8,0,0,1,0,6,3,1,0,0,2,0,2,0,0,1,1,0,0,0,3,0,2,0,2,0,3,0,1,0,149,0,0,0,0,1108,2,25,102,0,2,2,9,4,4,3,2,0,1,4,15,1,3,0,0,1,1,3,169,6,0,20,0,7,1,146,0,70,0,129,2,1,2,3,1,1,0,0,8,0,3,0,0,19,0,0,0,3,46,1,3,5,8,88,0,5,1,1,2,1,1,42,4,2,26,11,0,2,0,0,3,5,16,0,0,145,4,0,6,1,1,1184,31,4,1,908,2,5,338,0,0,0,0,1,0,7,2,1458,75,0,0,4,0,0,1,0,2,0,1,1,4,1,0,3,2,0,0,0,22,0,2,0,3,0,4,1,17,1,0,2,4,2,2,18,2,0,0,6,4,1,0,10,1,1,1,0,0,1254,6,1,1,18,0,0,219,1,0,0,2,80,15,0,2,147,0,0,7,0,0,0,0,0,0,1,0,2,0,2,55,3,0,342,0,0,53,4,1,0,3,2,1,4,0,3,0,5,0,0,10,1,35,1,2,0,1,0,9,0,18,5,1,0,0,0,4,3,0,3,6,2,1,8,0,4,1,4,0,0,0,0,0,0,18,19,5,1,12,6,43,1,4,0,0,45,0,0,0,0,0,0,1,1,1,3,0,1,227,0,0,0,0,2,1,12,0,0,0,1,0,34,5,0,3,1,0,0,4,5,4,1,2,5,2,2,0,0,5,0,2,0,7,1,0,8,0,2,9,0,4,1,2,0,1,11,0,7,49,5,0,47,1,1,34,4,4,0,1,18,1,1,0,0,0,26,0,7,1,0,1,1,1,0,6,1,0,1,0,43,3,0,0,3,1
"ENSG00000189366.9",20,24,0,97,43,290,16,4,59,3,203,33,85,84,137,52,462,354,97,86,147,26,250,214,55,174,118,293,751,132,40,218,61,2,248,18,372,65,6,9,216,1,26,10,12,319,73,80,4,0,27,380,28,101,466,530,139,154,1412,608,20,502,93,23,343,164,10,29,501,584,6,25,68,33,245,15,317,173,148,122,277,271,156,964,422,439,101,31,62,90,653,11,37,130,118,3,2,80,80,275,39,11,294,132,118,10,228,12,508,177,284,6,29,417,94,55,222,27,286,115,15,268,1,168,21,13,8,1122,322,113,9,14,129,1,359,9,1,3,471,33,10,627,101,31,91,958,139,200,73,4,7,10,173,565,9,57,238,101,409,152,45,208,44,266,13,337,144,162,1287,230,1015,234,26,734,166,10,234,471,7,65,11,660,4,138,86,0,308,269,399,1108,285,21,535,222,55,429,35,61,0,1480,4,585,288,1045,6,370,6,473,11,652,114,319,106,185,72,4,79,3,74,128,39,154,119,7,14,10,18,268,753,36,287,80,46,114,40,10,5,4,155,280,231,53,91,415,89,3,51,602,154,12,61,51,1,111,17,543,76,726,2,388,226,184,41,18,15,164,43,6,695,11,14,8,49,9,25,135,189,15,164,1117,92,175,461,12,82,49,2,112,362,291,8,162,685,103,337,23,660,59,36,1,66,679,68,35,118,82,2,547,282,73,16,210,35,626,156,3,13,49,30,202,328,7,17,280,157,387,11,435,10,2,150,70,3,155,685,14,97,583,571,24,12,5,129,37,504,264,153,1262,119,3,14,266,0,131,29,2,268,93,46,118,378,14,5,364,9,27,146,24,10,200,2636,143,125,48,772,516,451,1,7,371,165,498,227,127,10,143,367,189,17,209,189,72,26,1065,666,47,426,197,56,1,40,185,317,26,73,4,159,34,27,44,68,483,2,3,36,215,194,8,117,20,8,19,648,33
"ENSG00000189377.9",0,0,1,8,10,52,4611,5,36,2,2,10,11,13,8,20,87,10,0,2,8,2,3,11,20,16,10,4,8,1,1,5,37,3,25,0,38,158,4,1,0,1,12,1,6,38,14,3,8,1,6,2,1,352,1,12,1,48,14,2,1,2,4,4,21,109,7,1,1,8,7,60,296,4,15,4,18,98,144,3615,7,27,8,43,11,27,12,2,3,3,466,2,6,32,3,0,0,0,29,2,1,4,6,14,4,7,198,3,222,16,46,7,0,20,5,4,5,86,2,42,0,3,3,3,67,4,3,3,10,3,15,3,36,4,4,5,29,7,5,4,4,10,105,10,3,2,3,34,329,1,4,0,28,15,4,0,114,65,2,5,1,8,1098,112,13,4,130,8,35,6,4,3,0,24,336,5,40,49,71,0,1,49,18,4,2,4,2,14,339,0,2,1,1678,2,32,1,2,8,0,2,5,7,54,152,2,17,4,48,4,1,20,57,41,55,73,3,3,0,41,95,4,0,180,2,3,1,7,1,52,0,45,1,524,3,1,20,1,0,0,16,16,14,1,17,67,16,93,77,12,0,3,3,2,2,2,1,3,9,29,18,14,9,3,10,5,375,9,2,2,15,187,1,28,2,131,42,26,8,1,46,108,2239,3,5,1,40,5,31,994,74,3,13,8,4,2,41,1,1,15,2,6,12,145,4,136,6,14,14,3,0,0,75,25,28,6,1,42,13,5,32,32,5,2,17,106,10,6,1,33,3,4,53,3,120,4,7,11,1,0,1,1,7,20,2,23,4,1,29,1057,3,4,1,6,21,1,11,52,10,207,5,12,5,1,17,0,8,2,186,13,75,0,12,2009,48,10,3,32,5,1,62,83,567,18,55,24,2,10,22,1572,1,4836,0,0,74,35,39,11,112,217,9,9,2,16,3,3,1,199,1014,10,3,5,4,11,16,0,1,41,4,254,4,4,1,2,3
"ENSG00000196083.10",868,1759,49,595,2750,3158,125,402,3395,833,848,620,1117,4684,383,1019,4320,573,617,2748,964,2933,2750,2704,2300,1957,294,5331,531,1815,5048,3274,957,2631,1470,1137,342,389,738,2568,139,1500,4991,278,2900,201,518,713,6746,1452,412,11721,2584,695,232,1037,2015,4516,740,950,449,1018,2355,892,1529,11157,977,457,2075,1246,6797,1117,1633,5614,1481,4705,3205,339,664,2630,1331,2181,318,297,1245,393,354,103,645,396,964,2364,3167,240,71,3184,1618,1427,1441,1150,1069,5597,3915,341,490,547,1723,1560,2980,4629,753,3754,1268,1622,2552,647,3659,1845,1289,390,752,881,2292,256,452,9057,1864,532,1235,11670,2265,9543,1033,1164,593,9629,1107,6099,1078,446,1579,5123,1360,4975,2623,2956,1207,1509,2217,4300,5090,3274,2741,803,1823,251,730,4374,492,889,800,563,1102,945,478,1476,2830,2015,886,10715,692,1902,1835,2100,436,303,375,475,1074,467,4020,500,1405,1247,490,976,1600,1170,619,919,3043,483,1328,545,883,364,2706,428,1375,1963,1309,4423,710,1871,4682,453,1008,655,814,1090,1111,1190,319,941,5410,2619,207,1034,469,4082,3206,1022,558,1003,1763,2310,1342,5978,98,606,1596,1280,448,236,239,238,5625,271,755,912,675,2273,1288,1042,5771,765,538,150,735,601,1568,744,4342,1483,5379,3953,2939,400,114,6686,2742,2243,3013,6372,3114,534,3015,6124,777,2791,1389,3588,1865,2143,832,5815,959,1022,566,861,5187,452,457,803,1625,1088,7658,511,493,617,2039,661,476,441,55,533,9911,1011,796,562,2509,488,819,4709,761,286,496,1700,847,2217,1035,1703,634,717,630,7709,1262,2406,1260,401,3197,932,5063,3394,687,394,1778,707,116,3387,436,1125,1002,306,1827,7444,626,2474,114,118,6802,1155,1923,693,629,782,142,215,625,2696,6165,10356,2485,5190,1795,10094,5942,3066,3006,3368,1016,2096,450,2335,1047,3426,139,2420,601,403,1055,736,654,511,1335,1292,2998,6321,1100,3961,497,995,823,452,1341,417,572,1277,358,3660,2048,1202,1066,3877,695,3034,689,1500,1844,1844,2086,110,765,560,784,300,552,5281,878,855,1699,841,1017,1653,816,2229,219,1299,1072,5225,8173,240,290,2119
"ENSG00000196091.15",0,5,36,17,4,2,0,170,1,4,1,2,7,64,16,2,3,19,3,1,13,4,1,10,6,6,0,10,3,14,1,78,5,3,39,5,35,9,8,15,6,2,2,6,4,77,8,1,1,8,8,90,13,20,4,20,3,6,28,1,1,16,25,21,1,8,3,1,1,37,2,33,0,4,3,0,11,1,18,983,11,20,4,5,32,7,17,51,2,36,47,66,2,6,1,0,6,4,20,16,24,0,108,14,4,2,54,3,8,6,20,1,2,9,2,42,2,8,38,73,7,17,3,24,21,0,0,4,29,0,14,1,141,19,18,2,44,0,53,6,0,3,69,0,6,30,9,11,4,1,3,0,3,32,7,6,0,14,18,12,239,14,5,20,1,7,17,6,9,43,4,12,37,20,5,2,29,258,23,1,1,7,1,2,6,2,9,5,16,49,11,0,22,14,26,20,4,44,0,36,22,23,9,8,0,14,1,6,14,158,2,24,66,6,9,1,5,26,7,92,2,26,0,3,0,0,6,187,13,128,7,4,9,8,12,15,0,6,57,4,5,42,6,2,8,25,18,9,7,10,7,4,2,56,1,11,0,1,2,21,93,45,7,10,0,23,28,0,21,0,14,0,9,0,5,13,12,5,5,42,3,46,12,1,26,5,1,3,11,2,1,7,1,72,9,34,2,26,20,1,19,0,3,0,12,2,0,3,5,7,1,7,4,10,24,1,23,3,12,36,2,2,0,4,23,9,0,2,5,0,20,2,18,59,8,1,4,14,5,0,2,16,6,16,66,1,38,4,5,0,1,3,8,4,4,1,0,1,1,2,54,0,11,1,0,9,49,3,4,28,4,14,7,10,5,8,6,0,14,4,0,1015,13,18,4,5,23,14,44,18,12,4,6,18,3,54,12,68,3,2,10,6,23,7,3,3588,37,7,5,1,20,5,0,1,3,0,14,9,2,3,1,7,0,3
"ENSG00000196109.9",6,0,115,3,6,14,97,1,2,5,1,19,0,117,2,7,3,129,0,27,2,1,173,29,109,22,0,48,0,1,60,2,14,16,71,0,0,0,157,171,1,244,1,0,17,0,0,0,12,4,2,78,3,27,5,0,5,0,244,0,0,211,0,54,1,0,0,0,3,2,46,2,7,2,1,3,72,1,0,72,181,3,0,3,26,0,0,45,4,0,1,49,52,2,0,0,1,87,1,37,0,2,0,2,1,2,1,17,92,2,38,6,4,4,0,176,64,22,27,258,0,2,1,1,22,3,12,17,156,125,5,4,299,7,0,0,0,3,76,97,1,13,5,1,5,0,0,2,0,54,1,3,0,139,7,0,62,159,69,120,45,1,1,8,1,1,38,8,1,79,0,1,2,507,4,3,32,5,4,169,2,2,0,43,7,0,9,9,36,192,0,0,0,126,8,33,2,0,0,0,48,5,8,398,4,18,1,2,13,2,1,1,12,118,7,273,1,2,5,176,2,15,24,0,9,2,137,2,1,2,0,0,2,0,1,22,3,0,5,19,2,5,2,2,17,0,62,13,3,0,0,2,2,0,3,1,0,5,14,1,229,60,30,32,5,0,0,11,295,2,53,0,28,2,3,0,254,1,2,70,163,18,3,9,2,1,2,47,0,28,9,1,1,0,0,2,3,32,16,267,1,22,117,4,6,1,0,2,192,15,15,2,66,2,2,1070,199,3,8,0,1,94,1,469,14,1,8,1,196,3,16,1,7,0,27,4,1,1,0,0,3,0,0,2,160,86,49,0,42,3,3,6,1,202,0,6,0,2,0,0,6,1,3,2,4,3,0,0,2,26,0,12,2,24,292,0,333,0,2,135,73,117,89,0,1,29,3,114,38,26,0,1,2,80,0,0,35,7,16,1,4,0,1,0,2,84,43,0,16,11,13,1,175,1,4,2,117,0,0,5,3,2,1,7
"ENSG00000196119.8",0,0,0,0,1,0,0,0,0,0,0,6,1,59,3,0,0,21,0,0,0,0,0,0,18,0,0,1,0,1,0,0,3,1,0,0,4,0,7,17,0,0,0,0,1,0,1,0,0,0,0,17,0,3,0,0,0,0,0,0,0,3,0,1,0,0,0,0,0,0,8,0,0,0,0,0,0,0,14,10,7,16,0,0,0,0,0,4,0,0,0,13,2,15,0,0,0,0,3,0,0,0,0,0,0,0,0,0,19,1,0,0,0,5,0,0,1,1,13,58,0,1,0,0,0,0,2,1,0,1,0,0,12,0,0,0,0,0,13,0,0,1,0,0,0,25,0,0,0,0,0,0,0,1,0,0,0,0,0,33,0,0,0,0,0,6,1,3,0,10,0,0,0,13,0,0,0,14,0,0,0,0,0,0,11,0,21,0,0,12,0,0,1,35,0,1,0,0,0,1,0,0,0,0,0,39,0,0,2,0,0,1,17,8,0,1,0,0,16,24,0,3,0,0,0,0,0,0,0,0,0,0,0,0,0,18,0,0,0,0,0,0,0,0,4,0,2,0,0,0,0,0,0,0,1,0,0,0,9,0,33,0,0,23,0,2,0,1,7,0,1,0,15,0,0,0,3,0,0,0,2,7,0,1,0,0,0,0,0,0,0,0,0,21,0,17,28,0,0,0,0,0,19,0,6,0,0,0,28,11,0,0,1,0,0,32,9,0,0,0,0,0,0,0,0,0,0,0,1,0,18,0,0,0,0,2,0,1,0,0,0,0,0,1,9,2,7,0,1,0,0,7,0,44,0,0,0,0,0,0,0,0,0,0,0,0,0,0,0,2,0,5,0,8,23,1,8,7,0,0,0,12,0,0,0,0,0,0,0,4,0,0,0,0,0,0,0,7,1,0,3,0,0,0,0,1,6,1,1,0,1,0,0,0,1,0,8,1,0,0,0,0,0,1
"ENSG00000196155.13",577,5,72,35,377,111,37,8,13,1437,15,38,34,75,1988,42,47,40,7,73,65,9,62,37,119,13,12,24,6,250,1075,14,58,51,81,74,23,9,3,28,8,909,102,12,75,7,18,41,26,19,13,252,40,161,8,89,52,76,211,2,30,253,3,25,8,1925,39,8,93,49,6095,71,12,7,11,19,2447,157,188,79,203,70,143,46,81,91,11,39,83,11,70,13,142,18,50,7,22,60,395,52,252,20,745,9,176,113,130,21,3492,1355,110,86,76,17,58,10,390,49,99,327,2,4,16,8,23,9,18,3,92,463,17,28,33,14,114,22,38,17,192,6,14,266,58,23,319,235,507,299,338,1408,15,31,5,41,40,9,14,57,64,38,46,56,29,133,181,79,95,39,7,332,2,20,16,200,189,31,39,122,769,15,9,76,97,79,17,27,29,39,403,6,20,1335,24,23,29,14,36,28,3,669,6,16,96,18,7,12,32,14,16,24,102,2294,156,38,98,64,6,1,56,27,6,5,17,29,48,14,24,37,12,16,28,26,66,47,6,53,8,15,10,11,45,42,25,10,346,189,4,80,59,12,13,133,16,30,25,69,25,47,4,305,48,31,151,93,18,260,47,26,27,34,27,18,50,9,110,407,139,10,18,19,15,14,7,16,9,68,7,43,2,56,137,21,112,12,28,521,106,10,36,38,52,46,1043,41,61,62,16,139,24,87,28,495,5,207,586,443,62,598,71,27,183,175,22,3790,37,338,55,14,3,10,27,52,49,137,282,27,5,16,38,21,19,20,33,121,41,25,15,46,20,24,68,449,41,88,233,28,227,155,1113,226,12,32,24,290,148,16,150,465,15,6,16,50,23,15,35,10,4,46,36,11,9,1135,15,14,49,40,270,41,13,18,314,39,15,134,51,151,242,812,230,6,18,17,734,9,44,141,9,36,9,81,72,12,41,34,17,117,4,2340,193,37,9,8,89,31
"ENSG00000196169.15",120,3,85,3,23,1,22,27,3,19,18,14,41,75,56,80,4,4,5,14,18,80,17,7,3,3,5,6,5,34,8,3,6,55,3,18,17,16,22,21,19,3,10,12,79,6,6,13,15,5,22,34,97,37,8,3,22,19,8,3,10,3,4,37,64,11,20,12,48,33,10,11,0,19,5,95,14,1,429,47,15,6,16,6,7,3,1,3,261,6,35,1,13,1,8,58,42,25,11,30,22,111,49,13,0,1,7,150,69,3,4,94,1,15,6,9,3,4,6,18,1,3,9,3,12,83,19,5,7,10,19,62,11,3,1,88,6,64,3,5,37,17,11,103,13,18,31,16,33,7,52,121,18,5,16,1,7,19,3,6,39,6,14,16,6,57,26,14,7,14,1,1,1,7,2,10,12,14,43,24,83,9,8,4,15,15,33,41,0,0,5,172,15,5,6,3,78,8,1,9,6,5,9,8,30,5,4,3,13,4,21,24,7,1,18,4,10,1,31,27,17,4,2,6,44,48,19,16,5,9,5,11,36,35,13,10,33,13,2,5,22,2,16,5,32,13,5,12,29,5,6,5,17,15,84,21,102,1,19,59,13,27,10,6,70,6,1,110,16,114,19,24,83,97,8,2,19,56,2,41,13,8,1,67,4,12,31,6,4,10,120,53,4,1,8,21,38,3,42,7,16,18,53,162,3,9,9,7,8,6,10,8,5,4,7,10,21,101,23,6,4,14,48,6,12,23,38,7,6,59,5,32,23,20,13,89,4,19,2,9,87,7,1,23,3,10,39,8,28,111,62,12,23,4,4,94,5,12,26,6,1,11,6,1,17,5,4,17,22,3,10,7,5,19,4,8,0,70,10,15,4,18,5,5,65,4,44,1,4,3,8,16,31,8,6,11,7,16,76,28,3,5,3,3,17,30,1,41,14,294,33,16,12,10,4,3,2,11,14,81,72,23,9,102
"ENSG00000196172.9",66,0,5,13,254,169,26,9,11,73,5,130,32,240,44,17,21,130,2,81,44,5,31,56,125,40,19,274,17,8,242,10,132,24,87,128,19,4,69,88,1,243,129,8,29,1,9,85,13,16,8,557,43,148,65,4,21,85,657,21,9,192,0,107,17,394,25,6,15,58,237,31,44,4,3,18,244,48,2,101,310,294,61,21,173,7,10,30,113,9,22,346,53,0,4,7,39,126,104,179,17,11,102,26,36,10,206,41,519,11,26,55,126,127,11,58,380,51,200,476,1,7,37,4,53,8,6,43,388,257,23,12,265,3,31,9,19,9,307,46,14,314,122,20,89,17,28,95,149,16,11,11,29,188,19,3,23,228,150,151,137,19,204,18,28,315,102,12,160,696,17,4,10,752,24,13,71,298,31,121,5,25,24,79,63,11,62,59,182,223,9,161,21,290,42,131,11,13,38,12,38,391,246,1156,18,70,19,11,76,10,29,112,95,134,242,23,4,2,137,296,4,77,63,5,30,11,16,285,4,17,6,75,40,14,0,82,9,11,1,29,38,22,2,2,108,119,48,15,15,17,9,37,14,133,28,21,20,10,76,195,388,68,370,160,24,25,16,19,589,10,78,19,76,6,20,13,90,4,15,73,608,97,65,11,4,95,5,34,74,42,44,16,50,10,37,69,45,5,148,50,81,9,199,7,197,7,3,29,119,110,41,42,13,29,291,336,354,265,51,23,229,12,7,533,30,25,17,3,55,10,255,68,11,5,18,20,4,120,8,4,11,7,22,3,442,98,33,2,60,3,13,368,28,357,6,22,50,107,284,0,5,11,7,187,129,9,5,269,8,20,12,101,28,55,492,7,492,8,16,336,79,156,159,8,40,63,125,145,9,38,46,7,9,331,62,26,339,135,56,6,30,24,37,5,9,68,40,20,22,87,79,5,106,11,216,28,120,30,283,30,14,2,94,17
"ENSG00000196196.3",131,25,314,236,44,7,610,52,299,67,31,282,28,660,2899,62,152,398,288,52,275,18,139,20,66,389,2023,247,510,156,587,392,87,99,95,28,1297,83,629,310,1788,50,46,75,32,2094,75,104,17,46,559,34,117,241,452,3420,37,335,216,114,614,296,288,142,18,30,43,356,126,911,342,984,6,28,456,11,5,23,255,495,1301,61,17,482,798,18,75,547,25,1028,92,52,327,1096,78,10,158,48,296,195,51,162,674,28,87,34,364,12,82,788,86,130,37,370,94,128,89,582,933,5637,881,555,31,1432,509,37,69,30,72,435,62,14,891,675,249,21,23,41,28,6,20,162,215,131,81,1105,185,43,63,7,4,59,673,446,81,939,38,96,580,404,408,263,182,50,22,47,931,158,679,39,1079,628,497,30,860,170,339,73,15,187,15,87,454,516,523,10,520,37,311,149,22,136,106,1221,147,451,77,3255,8,134,148,879,21,88,59,3126,34,705,638,412,93,230,1850,258,69,43,1202,92,80,806,15,199,146,34,23,18,666,1603,135,142,686,36,138,133,562,2118,30,1419,1893,752,19,507,731,19,256,133,664,576,56,954,108,82,14,449,23,538,52,272,508,89,186,142,224,75,12,114,1376,9,220,218,1841,45,428,32,37,137,241,17,163,503,166,385,112,344,64,33,39,197,180,191,110,51,74,893,698,1392,25,164,254,314,651,135,15,24,78,70,200,7,1115,95,203,628,796,1566,62,102,401,19,111,496,376,42,23,91,311,853,81,821,8429,53,1548,111,18,1589,299,4,1230,499,86,19,32,676,197,57,323,39,133,126,16,28,25,62,251,140,124,66,64,10,37,215,210,231,937,63,39,62,1738,285,613,2053,282,350,80,797,162,63,41,17,53,137,176,103,837,31,16,4099,8,282,2945,130,82,658,39,339,24,92,816,24,231,13,721,436,94,275,671,51,21,473,74,21,190,593,6,34,84,21,340,251,98,20,40,85,125,33
"ENSG00000196228.3",5,0,6,0,0,0,0,0,0,2,0,0,0,0,0,0,0,0,0,0,0,0,0,0,1,0,0,0,0,0,7,0,0,0,1,0,2,2,0,0,0,0,0,0,0,0,0,1,0,0,0,4,0,0,0,0,0,0,3,0,0,1,0,1,2,0,0,1,31,0,2,0,5,1,0,0,0,0,0,5,1,2,0,0,0,0,13,0,0,1,6,6,0,1,0,0,0,0,0,0,0,0,10,0,0,0,0,0,0,0,0,0,0,0,0,2,0,0,337,0,0,0,0,0,8,0,0,0,0,1,3,0,0,0,9,0,0,0,0,0,0,0,2,0,0,1,0,0,0,0,1,1,0,0,0,0,6,2,0,0,32,0,40,0,0,2,0,2,0,29,0,1,0,0,1,0,1,0,0,0,0,0,5,0,0,0,0,0,3,0,0,0,0,0,0,0,0,102,0,0,0,0,0,1,0,6,0,0,0,0,0,0,0,23,0,0,0,0,0,6,0,0,0,0,0,0,0,0,17,1,162,0,9,0,0,0,0,0,4,38,0,24,0,0,0,2,0,0,0,0,0,0,0,3,0,0,0,0,5,1,3,2,2,0,0,0,0,0,0,0,5,0,1,0,3,0,2,0,0,0,0,0,0,0,0,0,0,0,0,1,0,0,0,0,0,102,199,0,0,0,1,0,0,0,1,0,0,0,0,0,0,3,1,66,0,0,0,0,1,0,0,0,0,0,27,0,0,0,0,0,0,0,3,0,0,0,0,6,0,0,0,0,113,0,2,4,0,0,0,0,0,0,0,1,0,0,2,1,0,0,2,0,0,17,0,0,0,0,0,0,0,0,1,0,0,0,1,0,0,0,0,0,2,2,0,1,0,2,1,2,0,0,0,0,0,0,5,0,0,0,0,0,1,0,0,0,5,0,0,0,0,0,5,7,2,0,0,0,1,0,0,0,0,0
"ENSG00000196289.7",0,0,0,3,0,3,0,0,0,0,0,0,0,25,108,0,0,0,0,0,2,0,0,0,0,0,1,1,0,3,1,4,1,1,0,0,0,0,0,0,0,1,0,0,0,0,0,1,0,0,0,4,0,7,0,0,0,2,0,0,0,7,0,1,0,0,0,0,2,1,1,1,0,0,0,0,2,3,0,19,0,18,0,0,0,0,0,0,0,1,0,0,5,3,0,0,0,1,2,0,1,0,0,0,5,2,0,0,14,0,4,0,0,0,0,0,0,0,10,0,0,1,0,1,5,0,0,2,0,4,0,0,5,0,4,0,0,0,1,0,0,0,1,1,4,15,7,16,3,0,0,0,0,0,1,0,3,0,0,0,1,1,15,1,0,1,6,2,1,10,1,1,0,17,0,0,1,0,0,6,0,0,0,0,0,0,2,1,0,0,0,20,8,0,1,1,0,12,0,6,0,1,1,16,0,4,0,3,0,0,0,0,1,1,0,0,0,0,0,0,0,0,0,0,0,0,0,3,1,0,0,1,2,2,0,2,0,0,0,0,0,5,0,0,7,0,0,0,0,1,0,0,0,15,0,1,0,0,0,7,0,2,2,1,0,3,0,0,4,0,0,0,2,0,0,3,1,0,0,5,0,1,3,1,0,0,0,0,0,15,0,0,0,0,0,0,5,0,0,0,0,0,1,0,0,0,5,2,0,0,0,1,0,10,1,4,1,1,0,0,0,4,0,4,1,0,0,0,0,0,0,0,0,0,1,0,0,1,0,0,0,0,5,0,13,0,0,0,1,0,0,1,1,0,0,0,0,6,2,0,0,0,0,8,5,0,2,1,0,0,0,4,0,0,4,0,0,0,0,4,0,6,0,0,0,4,2,1,0,3,10,0,0,0,0,0,5,0,0,0,0,0,1,0,1,0,0,0,0,0,0,0,0,0,0,0,2,2,4,0,0,0,1,0
"ENSG00000196341.3",0,0,0,0,0,0,0,0,0,0,0,0,0,49,18,0,0,3,0,0,0,0,0,0,3,0,0,0,0,0,0,0,2,0,0,0,0,0,10,11,0,0,0,0,0,0,0,0,0,0,0,6,0,8,0,0,0,0,0,0,0,4,0,1,0,0,0,0,0,0,26,0,0,0,0,0,0,0,10,2,5,15,0,0,0,0,0,0,0,0,0,7,2,0,0,0,0,0,2,0,0,0,0,0,0,0,0,0,22,1,0,0,0,3,0,0,0,0,1,57,0,2,0,0,0,0,0,3,0,1,0,0,31,0,0,0,0,0,2,0,0,0,2,0,0,19,0,0,0,0,2,0,0,1,0,0,0,0,1,16,0,0,0,0,0,9,0,0,0,7,0,0,0,33,0,0,0,26,0,0,0,0,0,0,3,0,6,0,0,4,0,0,0,15,0,1,2,0,0,0,0,0,0,4,0,11,0,1,1,0,0,0,2,2,0,1,0,0,6,15,0,0,0,0,0,0,0,0,0,0,0,0,0,0,0,12,0,0,0,0,0,0,0,0,1,0,7,0,0,0,0,0,0,0,0,0,0,0,4,0,7,4,0,19,0,0,0,0,11,0,0,0,31,0,0,0,2,0,0,2,4,5,0,0,0,0,0,0,0,0,0,0,0,12,0,16,11,0,0,1,0,0,34,0,9,0,0,0,9,2,0,0,0,0,0,18,1,0,0,0,0,0,0,0,0,0,0,0,0,0,9,0,0,0,0,1,0,0,0,0,0,0,1,0,4,1,0,0,2,0,0,2,0,31,0,0,0,0,0,0,0,0,1,0,0,0,0,0,0,4,1,0,0,0,16,0,10,0,0,0,0,1,0,0,0,0,0,0,0,0,0,0,0,0,0,0,0,8,0,0,2,0,0,0,1,1,4,0,0,0,1,0,0,0,0,0,4,0,0,0,0,0,0,0
"ENSG00000196350.9",0,0,5,0,0,0,10,0,0,0,0,0,0,5,0,0,0,4,0,0,0,0,0,0,4,0,0,6,0,0,0,0,1,2,2,0,0,0,0,0,0,15,0,1,0,0,0,1,0,0,0,14,0,1,0,0,0,0,32,0,0,42,0,8,0,0,0,0,0,1,7,0,0,0,0,0,0,0,0,9,18,0,0,0,0,0,0,0,0,0,0,7,2,0,0,0,0,2,0,0,0,0,0,0,0,0,1,0,7,1,0,0,0,1,0,3,0,0,3,24,0,0,0,0,0,0,0,1,0,38,0,0,14,0,0,0,0,0,1,0,0,2,0,0,0,0,0,0,0,0,2,0,0,24,0,0,2,0,6,21,1,0,2,0,0,0,4,0,0,110,0,0,0,135,0,0,0,2,1,0,0,0,0,1,0,0,1,1,2,84,0,0,0,22,0,0,0,0,0,1,0,2,0,47,0,2,0,0,0,0,0,1,4,6,0,0,0,0,0,0,0,0,0,0,0,0,0,0,0,0,0,0,0,0,0,0,0,0,0,0,0,0,1,0,1,0,6,0,0,0,0,0,0,0,0,0,3,0,0,0,84,0,0,7,0,0,0,1,89,1,0,0,0,0,0,0,27,0,0,3,64,0,0,1,0,0,0,0,0,0,0,0,0,0,0,0,1,0,0,0,0,0,2,0,0,0,0,0,11,5,0,0,3,0,26,20,36,0,1,0,1,0,1,0,0,1,0,0,2,0,1,0,0,0,0,0,0,0,0,0,0,0,1,0,36,16,0,0,2,0,1,0,0,12,0,0,0,0,0,0,0,0,0,0,0,0,0,0,0,0,0,0,0,1,42,0,52,0,0,37,0,20,1,0,0,0,0,8,0,0,0,0,0,0,0,0,12,2,0,0,0,0,0,0,0,1,0,0,0,0,0,0,6,0,0,0,6,0,0,0,0,0,0,1
"ENSG00000196421.8",47,7,42,120,100,59,7,13,15,109,498,607,2761,33,661,12,103,254,239,70,244,4,325,25,18,13,7,17,20,59,115,107,82,30,13,11,2334,7,15,26,7,21,44,299,10,6,6,13,1,11,15,5,18,2613,340,24,313,63,29,11,280,8,22,34,9,110,16,295,16,33,187,264,7,4,13,4,113,122,1983,21,910,36,22,1105,14,22,8,1438,69,899,2119,10,20,141,368,3,72,33,4023,9,12,17,110,145,25,2320,17,6,222,44,736,16,7,61,297,21,93,8,12,385,177,118,4,21,44,6,4,9,125,39,20,5,27,13,187,5,70,3,95,21,5,78,31,8,225,279,254,153,1263,65,6,6,8,14,9,822,7,29,1299,140,41,3482,16,813,30,24,39,196,9,36,18,48,764,35,146,1325,45,4544,56,30,4,32,2619,18,202,33,22,48,3,39,271,30,71,48,7,128,7,243,4,369,4,20,134,17,2,13,6,5,36,10,201,1758,7,10,61,20,1094,74,64,5101,5,15,3,5,12,4,198,20,8,207,49,31,21,851,375,1219,3,1832,8,3,29,199,625,20,52,164,5,443,157,39,42,14,8,34,1,93,2,867,716,15,36,28,53,161,5,1255,158,8,93,4,27,8,40,3,16,27,269,4,602,13,20,2125,28,9,72,23,4,1055,300,25,12,30,95,20,481,56,52,211,16,99,76,26,38,17,9,11,16,7,38,620,796,398,144,1637,28,79,658,74,22,923,1041,143,5,72,13,116,6,2119,5,6,488,149,393,262,870,5,44,12,14,57,3,1264,13,573,20,9,21,1224,25,9,3,48,15,398,149,10,781,69,176,17,3,116,776,72,120,23,24,23,1030,45,24,129,6,376,110,25,7,12,16,31,34,24,24,23,15,13,2320,65,3,5,1823,1535,3,46,86,26,42,12385,74,10,31,28,1717,5,55,9,7,4,6,11,185,33,18,11,14,19,9,111,36,3,5,9,596,23
"ENSG00000196460.14",16,0,24,21,20,10,0,27,20,16,20,58,10,40,8,2,29,5,4,15,6,0,39,14,22,18,6,22,11,14,17,7,9,16,2,3,32,5,63,72,9,9,72,41,4,6,25,10,2,27,23,6,0,7,23,13,16,18,27,12,58,3,13,4,10,52,45,25,25,17,34,58,14,1,36,1,13,21,3,28,24,6,12,20,20,18,19,2,153,4,20,1,15,1,41,1,16,67,7,5,21,1,18,19,13,24,59,5,19,21,28,8,33,27,11,9,35,30,9,29,8,5,6,20,19,1,4,9,23,25,13,2,23,14,24,6,26,0,15,10,0,43,7,9,21,26,12,11,65,2,6,8,15,15,10,7,12,34,40,21,10,2,11,26,3,10,13,35,12,11,0,19,29,23,14,19,29,10,18,7,0,25,15,35,33,10,23,40,11,2,15,1020,4,31,1,8,2,1,11,13,16,9,41,11,2,14,12,16,9,32,18,30,7,7,44,7,28,10,21,82,2,14,2,14,0,0,129,11,5,32,27,33,18,8,36,16,2,26,12,26,18,25,9,21,19,20,9,11,25,14,1,7,2,13,1,23,6,21,20,20,16,27,26,11,3,31,19,1,24,8,20,2,10,3,18,14,12,0,18,14,30,17,20,0,34,19,5,63,7,34,8,15,18,13,12,20,7,45,187,36,19,18,18,2,8,11,15,17,25,13,19,46,7,16,33,18,14,32,67,8,15,20,1,49,19,19,0,12,7,3,21,7,28,12,27,3,11,34,6,21,1,10,21,14,2,9,31,18,30,1,6,15,21,7,15,2,16,6,21,39,10,8,62,22,40,22,0,27,20,7,22,31,6,8,3,9,4,2,22,29,13,16,10,12,1,1,40,14,15,16,12,12,1,30,28,21,12,11,16,3,16,13,40,8,19,12,12,16,19,49,24,17,63,40,13,20,8,331,4,5,1,6,292,2
"ENSG00000196517.13",560,20,102,126,168,90,101,38,23,44,266,1286,4006,661,625,65,44,366,1554,72,114,33,143,75,31,15,88,311,12,358,37,202,320,73,123,330,112,37,970,832,2,545,40,621,74,44,100,334,22,60,55,317,107,812,194,45,141,33,36,10,68,78,112,95,9,67,34,26,726,94,473,218,32,14,31,24,347,87,176,170,1363,90,1024,369,330,37,96,261,297,122,668,617,5,298,897,7,59,183,477,344,45,20,90,209,140,289,1625,58,856,12,217,100,311,495,71,29,172,74,127,330,36,198,41,27,154,12,40,71,54,894,28,44,217,172,184,39,191,18,38,29,18,191,212,68,278,229,128,120,168,54,22,62,1480,34,165,16,25,545,198,506,56,109,498,164,95,36,935,149,19,86,830,131,1813,534,163,98,251,146,172,17,13,336,220,54,26,151,737,38,33,35,84,549,64,630,208,76,50,39,27,128,5,156,316,234,38,85,119,90,47,35,95,305,867,22,163,371,109,39,205,200,7,47,48,55,52,54,62,56,43,108,173,43,316,1653,19,712,15,618,43,69,117,156,834,33,439,103,121,347,465,242,65,38,53,78,86,160,100,112,19,522,108,44,663,3556,55,200,101,63,74,30,358,46,105,52,46,21,73,23,84,73,484,272,233,28,48,57,37,163,20,174,129,66,75,834,226,309,177,245,479,2453,161,27,1096,72,33,88,13,71,64,1809,152,217,104,361,212,138,28,136,286,138,129,1179,40,116,151,80,38,285,60,41,2075,26,162,514,905,74,569,563,1442,285,29,247,328,253,25,64,23,173,143,14,43,101,44,2149,1002,27,347,489,172,490,89,63,93,208,1255,36,55,150,49,137,17,81,23,2108,408,40,13,66,418,201,24,316,19,39,189,368,156,354,261,19,1555,182,48,180,29,51,67,132,394,34,123,15,95,78,816,387,114,8,29,393,128,60,90,55,105,23,18,2565,359,95,18,38,175,50
"ENSG00000196550.10",4,0,0,8,69,26,4,1,6,12,5,29,32,128,66,3,11,11,21,8,11,4,7,14,5,17,4,60,5,28,49,26,30,16,1,20,25,17,16,10,0,17,30,12,8,0,3,28,0,4,6,49,6,35,10,10,4,34,36,37,6,57,9,21,3,16,12,6,53,33,44,11,11,0,0,1,15,2,49,39,65,28,40,2,28,15,8,10,7,1,29,14,12,2,3,0,4,128,14,53,12,11,10,1,9,52,20,2,209,21,22,21,10,31,21,3,76,11,53,135,6,30,4,21,15,6,11,19,32,63,8,1,108,5,47,2,8,2,69,4,0,60,19,5,9,161,54,55,46,27,6,2,27,15,4,20,3,33,22,16,17,13,48,11,15,37,47,49,66,277,4,13,26,180,9,5,14,23,40,21,0,18,18,61,5,5,23,5,17,46,2,124,50,47,17,42,5,17,3,66,16,23,39,173,1,25,4,56,11,13,8,16,38,25,23,13,3,4,6,36,0,17,4,9,1,2,22,63,4,11,93,20,26,20,8,65,2,8,11,18,2,10,3,10,60,75,13,3,6,18,4,6,1,37,1,16,1,7,18,186,51,15,265,45,4,14,43,1,72,6,21,1,21,3,6,43,6,0,1,44,104,27,6,0,8,37,0,9,4,24,8,12,4,5,3,61,128,7,8,7,54,1,63,4,7,1,4,13,9,54,12,50,35,32,31,20,102,31,4,14,45,39,3,116,39,30,5,11,3,1,37,14,9,9,64,7,16,101,4,1,1,7,3,42,76,31,0,0,51,0,9,27,10,41,1,3,19,39,65,9,25,3,20,47,118,6,2,39,5,16,19,15,3,7,27,1,26,1,2,59,2,47,14,0,6,6,32,8,22,37,11,11,1,29,17,15,25,37,10,0,13,16,8,5,36,9,24,30,2,2,9,5,9,5,28,10,8,50,46,7,0,1,57,3
"ENSG00000196553.15",0,163,0,16,1,6,0,3,124,18,11,15,2,3,4,4,0,9,24,7,2,155,0,1,30,10,7,5,3,5,0,1,2,38,1,18,70,0,3,6,23,0,12,679,59,9,8,21,62,1,13,2,15,0,89,8,398,0,7,1,255,3,28,13,15,1,11,297,2,9,10,6,1,89,32,108,1,2,3,0,21,1,1,2,1,0,9,16,0,5,8,38,0,0,21,60,537,1,2,0,71,116,7,75,1,1,13,14,0,5,4,28,3,2,1,101,1,26,4,5,24,19,12,54,5,70,39,2,13,2,20,243,2,5,0,109,22,275,0,5,17,7,2,67,0,0,2,0,0,2,83,45,15,14,48,7,14,16,1,4,3,6,0,2,1,4,3,0,6,4,2,10,54,13,39,20,4,49,9,159,126,0,21,8,91,20,25,4,6,0,35,0,1,3,5,2,71,121,20,3,2,23,1,3,88,8,11,0,34,26,3,3,1,0,5,0,30,116,0,826,123,10,0,4,36,23,309,1,2,5,3,3,11,90,243,33,119,251,15,16,0,5,113,2,2,2,1,287,26,56,17,18,94,4,40,2,66,0,5,14,4,24,4,1,45,1,1,82,9,90,2,48,0,70,3,4,4,27,235,0,36,11,2,155,291,6,82,0,0,1,23,41,0,13,114,0,4,194,1,0,10,0,0,77,0,10,20,53,1,9,368,1,19,1,2,2,2,0,6,7,1,4,98,0,0,7,14,350,3,44,15,11,86,11,18,150,137,5,1,0,121,254,2,5,3,11,14,0,1,23,105,3,16,5,22,176,1,0,1,0,16,23,304,0,4,21,6,1,162,4,0,13,3,7,1,0,17,24,0,51,19,3,6,1,12,15,1,2,10,1,1,63,11,1,0,26,18,1,46,100,18,6,1,25,2,1,68,0,62,5,4,45,14,43,1,0,14,2,2,79,142,1,164,46
"ENSG00000196584.3",39,2,14,25,133,48,29,41,10,140,12,335,213,708,342,7,19,105,119,82,82,9,88,35,95,95,62,222,22,100,495,159,117,68,37,201,64,39,140,212,16,103,216,20,22,41,14,79,6,23,33,260,60,197,22,96,13,73,198,165,10,140,47,80,7,122,40,35,663,146,294,33,22,1,45,5,155,40,447,221,164,214,323,29,425,85,31,38,35,6,118,90,79,78,29,2,22,647,173,108,38,29,154,39,44,202,278,8,791,126,63,34,20,137,98,48,766,50,258,207,36,278,24,107,77,1,3,42,186,352,46,9,562,9,171,10,57,3,294,16,19,313,120,34,98,405,79,254,129,134,10,1,185,95,23,116,32,322,142,109,56,19,296,72,109,170,266,127,282,997,28,97,205,728,19,36,48,47,217,49,8,65,107,247,47,23,122,32,28,299,24,377,90,274,32,204,14,40,21,302,31,406,160,677,1,92,14,299,48,230,25,54,243,84,101,341,4,31,68,229,4,79,99,12,38,12,73,667,11,73,148,61,71,63,9,201,12,14,90,50,23,66,16,43,452,392,102,26,22,73,13,33,11,218,15,144,40,32,55,576,575,100,501,284,11,86,103,12,489,8,127,4,264,10,40,199,136,6,22,168,220,183,47,7,48,184,9,24,80,113,32,24,44,19,56,250,432,24,51,175,330,13,575,11,115,8,8,21,49,216,72,232,42,71,109,254,514,111,29,41,177,328,9,390,89,165,14,70,16,4,151,66,23,124,436,28,230,451,43,23,13,35,61,257,229,46,11,29,99,0,32,180,33,519,27,12,174,588,247,65,126,10,23,302,656,53,69,563,6,73,96,104,14,38,206,27,272,12,42,125,31,96,58,4,29,34,101,76,95,283,138,50,18,150,12,76,80,293,50,5,57,114,39,10,262,23,166,241,31,33,81,45,38,14,52,82,51,572,178,46,6,19,234,7
"ENSG00000196593.9",0,0,27,0,0,0,0,0,0,6,0,112,0,3,11,0,0,0,1,0,0,0,3,0,0,0,0,24,0,0,0,1,1,0,0,1,1,0,1404,2237,0,0,1,0,4,1,0,2,0,0,0,0,0,7,0,0,3,0,26,0,0,5,0,1,0,0,0,0,0,0,97,0,0,0,0,0,0,0,22,5,9,78,0,0,0,0,0,1,0,0,1,0,0,0,0,0,0,2,0,0,0,0,0,0,0,0,0,0,447,0,0,1,1,0,0,0,0,0,0,0,0,1754,0,0,1,0,0,1,0,0,8,0,2,1,0,0,0,0,2,0,0,2,1,0,1,0,0,0,0,23,0,0,0,4,0,0,0,0,0,1,0,0,0,0,0,5,1,0,0,0,0,0,0,0,0,1,0,548,2,0,0,1,0,2,0,0,3,0,0,2,0,4,0,14,2,0,0,0,1,0,0,2,0,1,0,395,0,0,1,0,0,0,0,2,1,0,0,0,2,101,0,3,0,0,0,0,0,0,0,0,4,0,0,0,0,1,0,0,0,0,0,0,0,0,0,2,1,0,6,0,0,0,0,0,0,0,0,0,0,33,204,1,0,3,0,0,0,0,24,0,2,0,816,0,0,0,2,0,0,1,0,1,0,1,0,0,0,1,0,0,0,0,0,0,0,0,44,0,9,0,0,1,20,0,1,1,0,1,1,19,0,0,0,0,1,10,0,0,1,0,1,1,0,3,0,3,0,0,0,1,21,0,1,0,1,0,0,0,0,0,0,0,0,0,1,15,0,0,0,0,1,0,0,1688,0,0,0,0,1,0,16,0,0,0,0,1,0,0,0,0,1,0,0,4,15,0,0,0,0,2,0,83,0,0,0,1,0,0,0,0,0,0,0,0,0,0,17,31,0,0,0,0,2,0,1,1,0,0,0,0,0,1,0,5,0,0,0,0,0,0,0,1,0,3
"ENSG00000196611.5",183,0,79,10,7,0,3,4,19,43,22,36,25,2487,2228,11,2,127,61,4,3,3,21,21,61,0,44,234,21,572,34,478,9,5,12,145,58,1,258,146,10,79,63,78,2,12,19,57,85,1,1,420,3,28,41,20,8,200,14,11,5,344,0,17,11,9,29,6,44,51,20,28,33,5,2,2,104,18,32,1,230,20,1030,9,29,1,1,17,34,26,41,363,30,15,2,0,0,1,65,400,60,2,251,20,18,9,3,1,536,30,4,14,3,237,6,22,3,70,80,524,12,63,26,7,7,5,6,11,1,8,3,2,206,5,57,26,46,4,29,4,0,5,102,8,7,271,13,39,307,53,13,4,26,93,1,5,231,35,79,30,184,33,9,3,7,26,196,67,29,158,0,71,19,110,11,3,22,97,27677,44,0,1,29,50,9,9,479,28,4,6,80,1284,164,11,80,16,27,13,2,7,10,0,19,64,0,26,23,55,9,8,31,68,195,29,233,9,13,21,17,11,1,14,91,9,5,8,37,426,5,111,4,80,51,10,0,86,2,5,16,22,20,6,4,1,242,5,4,38,33,7,8,2,0,175,7,1,4,145,15,187,39,45,163,26,8,16,7,8,132,53,8,1,43,7,4,22,28,1,3,482,195,23,44,5,2,132,5,4,65,116,18,6,1,18,68,83,663,6,7,53,5,18,194,3,116,4,0,7,10,11,4,71,16,12,49,147,177,177,5,1,2,45,0,176,35,19,17,45,30,4,29,3,18,0,36,11,17,407,4,55,4,21,15,1,77,118,69,66,2017,6,103,49,2,29,1,43,32,55,99,18,38,9,19,29,148,16,0,414,0,15,39,30,121,20,21,0,7,35,5,284,2,103,0,34,215,2,13,3,0,14,24,5,0,19,8,52,55,172,103,24,10,10,16,14,2563,7,317,160,16,31,62,0,0,6,21,22,164,170,47,9,1,2,110,17
"ENSG00000196668.4",4,0,162,4,6,1,3,2,9,1,1,1,15,54,15,1,13,5,2,2,1,1,1,3,3,3,6,4,5,6,1,1,5,3,5,10,2,4,1,2,5,2,9,9,6,72,2,2,0,1,9,14,3,15,1,3,6,3,1,0,3,7,0,2,1,6,19,1,5,10,10,28,4,1,0,3,224,1,6,28,6,19,4,3,6,3,3,3,13,6,43,14,2,9,4,0,11,1,6,11,5,0,3,1,8,7,4,3,131,20,8,23,2,3,2,1,3,3,16,12,2,2,2,4,10,0,0,2,3,8,3,3,39,4,3,4,7,2,45,1,0,5,6,2,10,91,26,5,5,1,1,4,10,4,3,1,2,14,3,3,20,5,5,30,1,5,31,38,1,15,5,1,9,2,1,5,9,1,8,5,1,16,5,7,1,2,5,3,0,0,1,57,90,2,0,2,7,5,2,31,1,5,2,49,2,10,5,1,3,3,11,10,7,2,30,1,3,2,3,2,0,2,6,2,1,0,3,30,2,4,8,6,34,12,2,15,0,10,1,2,8,4,5,3,67,32,0,14,3,6,1,1,1,11,1,8,2,3,10,119,3,2,4,16,3,3,6,2,14,4,6,0,10,0,4,9,5,1,2,11,7,9,1,0,2,20,0,2,6,19,4,1,5,3,16,46,8,8,6,1,15,37,109,5,3,1,3,4,2,2,1,10,2,2,5,20,9,70,3,8,0,49,0,43,3,1,1,0,6,2,1,5,15,9,3,0,5,25,2,1,0,5,4,5,7,1,1,12,19,0,1,22,9,0,0,1,0,26,13,22,3,1,3,10,0,4,9,32,2,2,0,3,2,18,11,4,0,4,0,3,4,10,3,1,2,8,28,1,4,5,31,5,1,3,2,1,16,12,8,0,3,1,12,0,3,131,12,29,1,4,9,3,7,1,0,1,0,54,8,1,0,1,22,2
"ENSG00000196747.4",2,0,0,7,4,1,4,9,0,10,7,9,9,32,6,1,0,3,19,1,1,2,3,0,7,2,3,21,1,7,1,127,4,26,0,42,8,1,3,34,1,10,88,118,0,1,0,0,0,0,3,11,5,18,64,1,1,18,7,2,1,12,14,4,1,6,8,2,5,2,111,1,4,0,0,2,0,1,1,10,6,21,34,2,10,19,0,2,5,0,4,18,0,22,1,0,4,9,4,4,8,0,12,14,1,12,10,0,39,58,7,3,2,5,1,5,8,0,3,26,41,10,1,2,0,0,0,3,1,7,2,0,1,0,1,2,3,0,13,0,0,3,4,0,1,5,8,3,5,36,2,0,3,0,8,0,10,4,43,11,21,0,8,6,3,6,6,19,31,104,9,2,38,24,5,1,1,59,53,15,1,78,8,26,7,0,15,35,28,5,7,42,6,20,47,3,2,4,15,59,2,17,3,6,0,20,0,1,1,15,3,106,4,3,7,2,2,2,4,19,0,12,13,10,0,0,7,18,0,2,5,1,2,6,0,8,0,10,0,0,100,0,3,2,4,9,5,3,5,8,4,0,0,1,0,6,2,0,2,15,106,16,3,27,2,1,0,0,12,1,5,2,16,1,0,5,7,0,12,13,69,0,1,0,84,2,0,6,6,1,1,8,0,2,2,22,10,6,4,19,41,1,5,1,15,0,1,2,4,26,2,6,17,6,0,371,0,59,9,0,27,2,0,7,0,5,1,64,8,0,14,5,1,7,13,1,28,1,4,4,0,9,18,2,17,28,0,0,3,1,0,96,3,29,2,0,1,96,4,2,15,5,0,19,3,10,3,0,8,1,3,3,2,3,15,1,2,0,4,319,5,19,2,1,4,3,4,0,7,7,36,46,2,0,1,0,29,18,8,0,10,1,38,1,17,1,4,4,1,20,6,3,4,2,32,1,4,13,6,1,1,1,45,0
"ENSG00000196748.10",1,0,2,0,2,0,0,0,0,4,0,0,0,1,16,0,1,3,0,0,0,0,1,0,0,0,4,0,0,0,0,0,1,1,9,0,0,0,0,0,0,0,2,0,0,0,0,0,2,0,0,1,0,1,0,3,0,1,0,0,0,0,0,0,0,0,0,0,1,1,0,0,0,0,0,0,17,0,24,0,0,6,3,4,1,0,0,0,0,0,1,1,0,0,61,0,0,0,0,6,0,0,10,0,0,0,0,1,29,18,0,0,0,0,0,0,1,6,1,9,0,6,0,0,1,0,0,0,0,0,0,0,0,0,6,0,0,0,24,1,0,23,1,0,0,0,4,5,0,1,1,0,2,1,0,0,0,1,0,0,2,0,52,0,3,2,0,23,0,27,0,0,0,2,0,1,0,1,2,0,0,0,0,0,0,0,0,0,0,0,0,1,0,11,0,0,0,0,0,5,0,0,2,0,1,0,0,1,0,0,0,9,4,0,0,0,1,0,0,3,0,0,41,0,0,0,0,0,0,0,0,0,0,0,0,1,0,0,0,0,0,0,0,0,8,2,1,2,0,0,0,0,0,0,0,0,0,0,4,0,0,0,0,1,0,0,2,1,0,0,0,0,1,0,12,2,2,0,0,155,0,1,0,0,0,0,0,3,5,3,0,0,0,0,6,46,0,1,0,0,0,2,374,0,18,0,0,0,0,0,0,2,0,4,0,1,0,0,0,0,0,0,0,0,0,3,0,0,3,0,0,0,0,2,0,0,0,5,0,0,0,0,0,12,67,1,0,0,3,1,0,11,0,6,0,0,1,0,0,0,8,0,0,7,3,0,0,3,0,0,0,0,0,2,3,3,2,0,0,0,0,0,0,0,0,2,0,0,0,1,3,0,0,5,0,0,0,1,0,0,0,0,1,0,0,0,2,0,0,0,0,0,0,0,0,0,4,1,0,0,0,1,0,1
"ENSG00000196787.3",4,2,14,56,28,13,25,51,112,84,586,934,373,380,144,39,22,22,409,15,103,40,10,13,227,48,73,297,3,42,27,102,1,615,51,347,121,56,1225,2024,92,9,7,1998,50,8,54,35,11,7,45,27,238,158,1742,5,451,107,168,168,171,107,1295,131,94,6,151,818,117,7,85,122,263,12,7,5,68,31,86,24,250,373,247,0,377,102,4,4,99,28,259,188,75,39,62,6,816,5,81,15,221,9,118,280,185,22,548,86,6,291,186,18,182,91,158,522,48,82,111,748,284,105,3,153,19,7,6,13,142,49,15,41,83,3,22,30,409,13,1,52,5,22,4,203,10,112,90,31,78,88,12,32,2,69,18,149,1,104,2711,377,6,214,181,68,11,75,38,84,893,590,265,11,107,261,155,75,31,977,217,157,8,98,10,602,994,143,339,1,488,176,688,33,55,118,601,125,37,24,656,0,247,458,19,138,13,1,71,1,21,2,410,515,134,269,15,4,192,368,7,318,29,852,61,418,13,0,1215,146,21,212,78,3,15,398,123,443,10,3,0,80,421,8,837,106,5,519,108,377,1098,402,9,1,24,28,45,162,90,3,102,101,2330,424,24,226,21,57,7,15,284,7,3,16,241,96,5,67,81,5,841,113,302,0,140,16,0,54,1,40,4,48,30,150,28,1278,80,0,138,142,149,17,337,3,119,61,316,8,210,193,84,522,5,13,443,63,99,552,9,49,165,29,1,21,68,29,3,149,14,1,115,3,679,34,8,268,131,21,1,52,882,106,16,699,2,0,207,424,2,2,49,68,18,1053,404,639,5,49,32,1,14,32,67,316,154,85,30,2,10,98,161,61,75,223,43,4,312,3,46,31,95,1526,17,481,905,42,98,104,32,61,265,180,410,4,31,84,58,21,2,247,8,5,163,36,257,106,116,17,45,7,255,187,63,11,250,179,205,9,92,92,32,41,36,196,721,44
"ENSG00000196890.4",21,0,12,0,29,28,3,2,0,133,0,0,3,4,4,0,1,1,0,10,23,0,31,2,0,0,0,2,1,7,0,0,1,1,0,5,3,1,0,0,1,6,1,0,2,0,0,4,0,0,1,3,0,1,2,0,0,0,0,1,0,29,0,1,0,19,1,0,1,0,129,5,1,0,0,1,97,3,4,4,1,51,48,24,3,0,0,1,29,2,241,10,0,1,0,0,0,2,3,5,1,2,10,0,5,3,8,0,1,0,53,6,3,1,8,1,23,1,45,41,0,0,1,1,2,4,1,1,26,2,1,0,4,2,11,3,2,2,6,1,1,21,3,0,18,1,4,51,77,167,0,0,0,0,0,0,0,0,1,2,5,40,2,8,1,12,11,2,0,38,1,2,0,6,44,3,2,42,64,0,0,0,2,44,0,0,3,2,1,1,0,10,0,0,135,1,1,2,1,21,0,0,21,2,0,1,3,1,3,1,21,364,1,3,3,22,0,0,5,4,1,32,7,0,0,0,0,0,1,0,2,2,5,3,2,4,1,0,1,1,1,2,0,1,165,57,0,30,2,0,0,9,1,0,1,31,1,1,0,49,7,1,8,7,0,12,4,1,106,0,2,0,42,0,0,1,0,1,0,1,29,3,1,0,0,14,2,2,8,1,1,0,50,0,112,1,18,0,2,27,0,2,3,0,11,0,0,0,2,86,1,1,0,39,1,165,2,17,3,2,1,68,1,6,1,64,1,1,4,0,8,3,0,54,23,0,0,0,0,22,0,0,1,30,12,0,0,3,1,1,4,3,0,7,0,0,30,288,0,3,0,1,0,87,9,0,1,14,2,1,1,1,0,1,16,0,0,6,0,52,1,36,0,3,8,4,23,0,1,11,290,1,1,3,46,0,73,1,5,1,1,5,1,1,1,6,3,28,0,3,3,0,0,0,1,29,1,5,22,3,1,1,2,1
"ENSG00000196932.12",37,8,71,23,58,7,14,27,19,55,25,16,101,179,66,155,49,11,5,31,68,281,11,28,60,45,9,17,1,25,13,53,39,76,9,163,64,43,14,14,8,49,37,15,243,0,5,24,44,23,39,126,246,20,40,13,59,12,16,7,9,19,8,35,83,16,53,13,54,24,36,51,11,18,2,111,11,9,21,47,34,11,22,8,14,12,5,5,105,5,9,4,11,0,15,51,68,29,11,47,38,85,35,10,46,28,22,120,44,6,46,313,98,36,37,7,37,6,7,58,3,8,10,5,12,70,60,5,11,42,53,164,14,9,28,152,15,62,8,3,40,31,81,199,42,40,18,6,33,31,50,93,13,9,90,11,7,62,16,14,26,7,23,57,11,39,177,14,10,35,3,12,45,25,18,13,28,10,149,34,81,51,16,39,11,21,69,95,10,10,3,410,137,55,14,2,110,8,20,46,3,9,118,26,34,9,18,22,41,24,114,34,21,10,100,80,24,4,16,29,25,9,4,10,121,66,39,70,16,36,20,23,68,24,7,32,60,13,14,9,48,22,15,22,46,22,16,21,19,28,7,0,49,29,94,31,147,17,16,36,48,44,65,16,303,27,15,153,26,84,42,92,38,239,9,21,17,27,9,10,19,11,8,54,7,52,49,34,5,28,255,35,14,14,27,13,95,3,18,47,84,27,29,224,10,12,12,26,7,15,13,17,10,14,49,102,81,108,14,15,28,55,96,21,29,7,145,16,41,42,18,77,40,32,15,176,5,62,31,2,84,41,17,21,13,18,16,11,14,129,122,74,94,31,6,184,8,7,23,1,25,50,23,16,147,12,4,87,13,6,25,32,2,19,6,14,27,69,39,14,5,61,15,8,78,5,28,26,10,3,30,11,59,18,3,17,16,17,190,55,12,8,26,7,73,194,29,162,21,54,116,19,37,17,25,10,7,87,18,296,104,54,12,136
"ENSG00000196990.9",39,126,7,51,44,188,9,41,241,234,267,2,20,48,0,106,260,3,0,363,85,419,241,448,1,150,0,32,0,9,63,46,58,272,362,1,64,250,0,2,1,12,0,8,258,72,17,14,157,79,344,20,539,0,0,2,189,0,66,1,1,6,0,123,83,11,94,1,78,6,596,97,18,79,88,632,56,85,0,16,4,0,4,299,21,3,15,0,7,4,45,2,2,8,7,87,157,3,6,46,205,504,44,2,80,24,7,87,22,0,89,222,1,16,1,0,24,0,0,3,1,15,125,4,8,257,348,0,96,298,449,460,0,24,62,101,1,520,402,47,88,699,16,802,316,13,0,2,11,115,82,152,1,5,1015,0,1,32,24,2,9,10,4,190,27,399,22,16,0,9,2,5,0,1,70,111,451,3,473,0,71,8,4,1,21,272,226,293,12,11,195,3,15,3,0,1,228,0,1,24,30,29,49,0,450,1,102,19,224,17,829,116,2,0,256,17,1,15,31,0,167,41,19,58,568,294,61,62,5,1,2,5,40,14,0,12,438,9,1,10,2277,14,2,226,16,16,0,21,18,5,42,1,335,33,78,265,69,49,1,17,564,289,5,1,338,6,26,109,2,207,15,83,37,394,0,24,6,67,15,7,65,25,3,324,0,62,130,204,8,32,1483,237,338,0,64,13,22,9,5,34,284,51,7,1120,0,55,1,9,49,1,26,65,0,93,78,19,13,567,44,272,9,28,313,19,103,44,375,0,1,245,0,168,288,99,1,271,0,8,0,0,221,6,5,76,2,211,6,37,3,638,119,53,302,3,36,895,18,22,3,0,0,244,125,23,130,7,4,7,274,32,0,126,2,0,4,163,0,237,6,5,2,17,73,373,926,1,76,53,1,4,8,12,314,56,54,44,1,5,329,86,21,1,362,0,78,20,2,0,173,0,129,377,1,342,0,51,28,33,12,912,848,188,1,276
"ENSG00000197085.11",0,0,0,3,9,19,17,0,73,9,0,3,78,1181,0,0,1,14,3,627,1,1,0,20,0,20,0,30,49,163,171,43,10,251,20,18,1,0,7,5,23,259,2,120,0,2,5,4,0,0,0,3,1,10,4,16,4,102,0,4,1,165,0,5,0,729,16,7,51,7,8,22,0,0,5,0,0,0,44,4,8,169,47,0,136,2,8,3,17,16,0,0,177,35,1,1,3,68,3,33,4,1,2,71,0,4,342,1,201,1,43,0,9,2,136,24,1439,0,0,7,0,16,0,10,24,0,1,1,133,6,4,0,391,0,3,0,1,0,244,0,0,124,166,9,7,0,4,0,101,1,0,0,51,19,7,505,60,790,2,10,3,2,62,1,6,132,89,28,69,5,3,134,225,117,0,29,5,50,0,119,0,2,95,106,18,9,0,0,1,0,0,0,21,11,105,0,0,184,0,0,3,312,37,1123,1,1,1,140,19,0,4,2,28,0,140,108,0,6,6,115,0,21,2,0,0,0,1,158,1,2,16,7,105,2,9,1,0,0,25,205,0,18,15,0,75,0,0,200,8,6,0,4,0,47,0,47,0,0,1,40,35,2,7,612,0,1,28,0,79,0,51,1,24,0,2,211,154,0,19,13,172,9,18,1,0,8,0,0,888,2,0,1,135,1,2,4,4,0,0,0,2,0,41,0,29,0,1,0,4,205,18,5,4,0,1,0,229,2,92,0,1245,2,0,68,14,16,0,0,1,0,0,137,18,0,0,0,2,2,0,1,0,343,0,11,252,2,0,9,24,0,2,216,0,91,3,0,721,227,626,0,30,0,72,13,1,4,0,347,0,4,28,3,1,1,19,0,466,1,0,132,20,150,23,0,2,1,0,12,0,10,506,1,0,105,16,0,161,179,0,1,0,98,1,16,4,0,19,11,0,5,0,0,89,11,83,0,30,0,174,6,0,0,132,0
"ENSG00000197123.9",0,0,0,0,0,0,0,0,0,0,1,0,0,6,0,0,0,6,0,0,0,0,0,33,2,0,0,4,0,2,0,0,0,56,0,0,0,0,0,0,0,0,0,0,0,0,0,0,0,0,0,98,0,0,0,0,0,0,0,0,0,0,0,2,0,0,19,0,3,0,0,0,0,0,0,0,1,0,0,38,0,15,0,0,0,0,0,0,0,1,0,10,0,0,0,0,0,11,0,3,0,0,0,0,0,0,0,0,13,0,6,0,1,0,0,12,1,0,0,1,0,0,0,0,0,0,0,0,0,67,4,0,0,0,0,0,0,0,0,3,0,1,0,0,0,0,0,0,0,1,0,0,0,24,0,0,0,0,0,15,0,0,0,0,0,25,0,0,1,26,0,0,0,32,0,0,0,0,0,0,0,0,0,2,0,0,0,0,0,1,0,0,0,59,1,0,0,0,0,0,0,0,1,2,0,1,0,0,0,0,0,0,10,5,0,0,0,0,0,1,0,1,0,0,0,0,0,0,0,0,0,1,1,0,0,0,0,0,1,40,0,0,0,0,0,0,0,0,0,0,0,0,0,0,0,0,0,0,0,0,48,4,0,0,0,0,0,0,196,0,0,0,0,0,2,0,0,0,0,1,0,0,0,1,0,0,0,0,0,0,0,0,0,0,0,0,0,0,3,0,0,0,0,0,0,0,0,0,0,0,0,0,164,0,0,0,16,0,0,0,1,2,0,0,3,0,0,0,0,0,0,0,0,0,0,0,0,0,0,0,0,0,0,0,42,64,0,0,0,0,0,46,0,0,0,1,0,0,0,0,0,0,0,0,0,0,0,0,0,0,0,0,0,0,56,0,175,0,0,0,0,390,0,0,0,2,0,1,0,0,0,0,0,0,0,0,0,0,0,0,0,0,0,0,0,0,0,0,0,0,26,0,0,0,1,0,2,0,0,0,0,2,0,0
"ENSG00000197153.5",2,0,2,1,0,0,0,3,1,0,2,1,1,10,2,0,0,1,5,1,2,0,1,0,2,0,1,3,0,2,0,3,1,5,0,1,3,0,1,3,0,5,1,17,0,0,1,0,2,0,1,1,0,2,4,5,1,1,5,4,0,0,1,0,1,10,2,3,2,4,8,1,3,0,0,0,1,0,0,1,3,2,28,2,1,3,0,1,1,0,2,6,0,0,1,0,0,1,0,1,0,0,0,3,0,2,0,0,4,4,1,0,0,1,3,2,2,1,4,4,1,8,0,0,1,0,0,0,1,1,0,0,5,1,1,0,2,0,1,1,0,1,0,0,0,4,4,2,2,3,0,0,1,1,0,1,0,1,16,1,3,4,1,1,0,4,1,3,6,27,0,2,8,6,1,0,0,5,3,4,0,4,0,4,0,1,1,1,5,0,2,8,1,5,0,3,0,0,3,5,0,1,6,4,0,0,0,1,0,3,1,7,4,0,12,2,0,2,0,2,0,8,0,0,0,0,3,10,0,1,2,0,0,2,0,0,0,0,0,1,4,0,2,1,3,10,1,0,4,0,0,0,0,0,0,3,0,0,0,9,14,8,4,5,0,1,2,0,5,2,1,0,0,0,0,1,3,0,4,4,2,0,0,0,11,1,0,4,3,0,0,2,0,1,0,1,9,0,0,1,11,0,2,0,1,0,1,1,5,6,0,1,1,3,6,5,5,7,3,0,4,2,0,0,7,6,0,1,1,0,3,0,0,1,1,0,7,0,2,4,0,0,2,6,4,1,1,0,0,0,0,2,0,2,3,0,0,10,0,1,1,0,1,5,0,2,0,8,3,0,2,0,0,2,3,2,0,0,0,34,0,1,1,0,0,3,2,0,1,1,6,2,0,1,2,1,2,0,1,0,2,0,3,2,4,0,2,2,0,0,0,0,0,1,6,0,2,2,6,1,0,0,6,0
"ENSG00000197172.10",1,0,3,1,0,0,0,0,0,0,0,31,3,6121,841,2,0,2359,0,0,0,0,1673,12,1900,0,0,15,2,576,1,0,1463,133,1501,0,3037,5,0,1,0,0,992,0,16,0,1,1679,3,0,0,2639,0,26,0,3,0,0,2771,0,0,459,0,0,0,0,0,0,0,1,1002,0,0,3,0,3,0,2,2933,2272,1283,2060,0,0,2035,0,0,300,0,0,1,188,0,1,0,0,0,2483,2751,0,0,2,1,0,0,0,0,0,4864,0,321,2,0,1171,0,129,0,853,50,1961,0,644,0,8,12,0,111,807,0,0,79,0,2053,0,0,1,0,2,42,109,0,0,188,0,1,3437,4069,0,0,4,0,0,0,3374,1,0,12,0,2,1984,715,0,1,0,1,2125,423,1,0,1279,0,0,0,2354,0,1,1,5482,1,0,0,0,5,4,2324,1,3269,1,5,2209,0,5285,0,1110,2826,0,3,0,0,0,5,0,0,83,0,3348,0,0,114,2,2,10,1912,1671,0,5,0,0,1401,698,0,488,0,0,1,0,0,2,1,0,0,549,0,1,0,210,0,0,0,38,1,0,0,0,0,1358,1,0,1,0,0,2,0,0,0,0,0,0,83,32,1850,713,1,1536,0,0,2,1,636,0,862,1,20,0,0,1,835,0,0,2180,87,75,4588,0,0,0,0,0,0,1,8,0,0,293,0,3071,3385,0,1,0,0,0,2585,0,44,0,0,14,1169,2183,0,0,37,0,0,10,2992,3,0,2804,0,0,0,0,133,0,5,0,579,4,1857,1,1180,0,0,0,0,1,0,0,0,0,1,0,26,1874,1,0,200,0,10,10,0,2151,0,3,2,0,8,1,29,2,0,0,3,0,1,0,0,10,1,18,5,1904,3079,0,3268,0,1,0,1244,1644,3,0,0,109,0,62,50,0,0,0,0,0,0,0,2149,152,5,0,0,0,0,0,7,2,1,186,191,0,1,0,1,0,2824,0,1813,2,0,0,0,1,0,0
"ENSG00000197251.3",5,0,18,0,0,1,1,0,0,5,0,0,0,6,4,2,0,1,1,0,2,0,0,0,0,1,0,2,0,4,0,0,1,0,0,2,0,0,0,0,0,31,0,0,0,0,2,0,0,0,0,17,0,0,0,0,1,0,0,0,0,0,0,0,0,0,0,0,0,0,25,2,0,0,0,0,7,1,0,2,3,1,1,0,1,0,0,1,1,0,24,21,0,5,1,0,1,0,0,0,0,0,0,0,1,1,22,0,1,0,0,1,1,1,0,0,0,0,2,4,0,0,0,0,2,1,0,1,0,0,0,0,10,1,3,0,0,0,4,0,0,0,1,0,0,20,0,0,3,0,0,0,0,0,1,1,0,0,0,1,0,8,2,0,1,0,5,1,1,0,0,2,0,0,17,0,8,4,6,0,0,0,1,0,0,0,0,0,0,0,0,0,0,0,1,0,0,0,0,1,0,0,7,0,0,10,1,0,1,0,1,5,12,0,2,1,1,0,1,0,0,0,0,3,1,0,0,0,0,0,17,0,3,1,0,0,0,0,0,1,0,1,0,0,2,0,0,0,1,0,0,1,0,1,0,0,0,0,0,1,0,1,2,0,0,0,0,1,0,0,0,1,1,1,0,0,0,0,0,14,0,3,2,1,0,0,0,0,0,0,0,0,0,0,0,39,3,0,0,1,2,1,0,0,0,0,0,0,0,0,0,1,0,2,0,0,1,0,1,0,1,1,0,0,0,2,0,0,0,0,1,0,0,0,0,0,0,1,0,0,0,0,3,44,2,1,0,0,3,1,0,1,0,0,1,1,0,19,0,0,0,0,0,0,0,1,0,7,0,0,0,0,0,1,1,0,1,0,0,0,1,0,0,0,0,1,0,0,0,0,18,0,0,0,1,0,1,0,3,0,0,0,0,0,2,0,7,0,0,0,0,0,0,0,1,0,0,1,0,0,0,1,0,1
"ENSG00000197273.4",716,0,0,0,14,69,217,0,3,690,1,0,2,318,0,2,17,10,0,2,3,1,1,1,1,5,43,0,0,4,0,18,0,2,1,170,1,1,0,0,6,769,1,1,3,4,3,3,2,9,0,11,1,1,0,29,0,0,3,0,0,3,0,2,0,87,0,2,1,0,187,8,0,1,8,0,0,0,161,4,123,0,2,9,9,0,1,3,0,0,1,2,2,502,1,0,0,0,262,0,8,0,9,102,2,0,161,1,160,1,37,3,1,1,6,2,5,1,6,0,0,0,5,1,8,1,4,1,269,39,3,0,7,0,4,3,1,0,75,0,4,2,4,9,1,0,1,14,636,509,3,8,5,3,0,1,0,1,3,0,0,9,0,12,275,4,122,39,2,69,52,5,1,0,4,0,245,647,2,0,1,3,0,27,0,8,5,0,0,0,0,0,0,1,5,6,2,90,1,0,0,1,6,0,1,8,8,1,15,1,2,9,3,0,39,194,0,0,0,3,2,0,2,1,7,9,97,8,1,2,1,0,0,0,1,0,0,2,7,2,0,9,0,1,613,0,0,11,1,2,0,3,1,0,1,1,3,3,0,25,3,1,1,15,2,1,6,2,0,3,4,1,21,3,0,1,121,2,0,119,0,48,0,3,8,9,2,6,47,2,68,0,3,1,0,75,19,11,0,337,14,1,27,2,0,3,0,0,3,3,0,10,12,0,6,16,1,51,1,3,262,71,2,76,1,4,47,21,0,0,3,8,1,1,3,1,1,0,0,0,0,0,0,73,2,2,0,13,1,0,0,0,1,9,25,5,18,1,6,10,183,19,0,4,614,1,0,41,4,2,1,0,37,14,1,1,1,16,0,2,2,1,1,6,15,2,4,66,1,0,966,1,5,263,4,6,6,1,31,3,3,1,1,4,0,0,0,9,3,3,5,28,1,0,4,1,1,0,12,6,3,1,29,0
"ENSG00000197299.12",28,1,21,20,205,650,19,60,12,111,23,105,309,595,166,38,37,73,59,68,82,33,98,86,26,99,31,424,103,121,216,131,132,46,23,172,54,14,62,78,2,84,487,9,24,15,16,61,9,14,45,733,65,163,8,59,18,345,155,165,10,130,16,138,308,316,35,13,819,166,287,44,77,2,20,8,632,39,436,284,105,96,298,30,135,52,33,8,109,1,63,38,76,25,15,5,21,89,146,123,38,13,135,11,65,292,138,32,571,239,79,85,91,97,64,24,359,78,400,231,15,106,28,59,65,4,15,44,456,329,38,15,421,24,268,21,32,6,284,65,15,605,91,38,95,170,888,201,159,95,4,6,46,75,27,110,54,446,49,76,59,30,157,135,90,146,203,121,77,550,6,57,81,704,9,66,89,158,209,76,5,64,51,206,18,24,90,21,20,312,22,610,490,348,33,188,16,50,11,323,21,418,238,514,4,215,36,234,71,219,48,152,91,124,243,239,3,6,87,131,5,27,66,71,12,9,54,389,22,57,208,86,101,53,8,140,8,16,68,55,57,55,5,18,413,198,89,13,29,31,13,32,14,510,36,122,37,59,25,375,295,94,328,355,44,64,104,18,721,8,101,10,312,20,83,245,89,6,14,101,138,75,23,10,39,154,3,40,65,161,36,58,46,8,15,263,968,19,509,68,148,26,551,24,75,21,11,44,31,280,33,306,48,192,162,103,328,516,239,39,163,228,10,253,154,95,19,16,17,9,85,87,28,68,321,20,47,523,25,49,6,36,141,76,229,77,7,50,118,20,46,303,31,369,14,39,235,226,299,53,267,21,22,218,271,11,20,334,5,43,361,41,56,50,403,10,221,8,76,49,24,109,33,7,40,18,181,109,109,171,224,16,6,160,84,134,94,154,52,7,27,69,51,7,181,42,105,313,31,88,77,51,34,17,27,119,77,335,66,35,13,14,163,19
"ENSG00000197360.9",0,0,0,0,0,0,0,1,1,0,1,2,0,42,13,1,1,13,0,0,0,1,1,0,12,0,0,40,0,0,23,0,7,1,10,0,0,0,0,0,1,35,0,0,2,0,0,0,1,1,1,51,2,8,0,0,0,0,11,0,0,48,0,31,0,6,0,1,3,4,14,1,2,0,0,0,23,1,0,13,26,0,0,0,5,0,1,0,0,0,2,11,12,2,0,2,0,58,0,2,3,1,0,0,1,1,2,2,33,1,0,2,0,0,0,3,1,1,1,64,1,0,0,0,1,2,0,6,19,69,2,1,32,1,0,4,0,2,19,0,0,7,1,2,1,0,1,0,0,3,3,0,0,82,4,0,0,3,15,43,1,0,0,0,0,12,5,1,0,129,1,0,0,170,0,1,0,1,2,14,1,1,0,1,1,0,8,6,3,80,0,0,0,25,0,17,1,0,0,0,0,0,1,136,1,3,0,0,1,0,1,1,4,23,1,1,0,0,1,0,1,0,1,0,0,0,1,1,0,0,0,0,1,0,0,0,0,0,0,0,2,1,0,1,5,2,15,0,3,0,0,3,0,0,2,0,1,0,0,0,132,8,0,25,1,0,1,1,140,1,4,0,5,0,2,0,51,0,0,27,37,0,1,1,1,1,0,1,0,1,0,0,0,1,0,21,5,0,0,0,1,5,8,4,0,0,0,0,55,12,1,2,0,1,18,151,91,1,4,0,1,0,0,12,0,0,1,0,1,0,33,0,0,0,0,1,0,1,0,0,0,0,1,0,104,38,2,0,18,0,1,0,1,23,0,0,0,0,0,0,1,0,0,0,0,0,0,0,0,0,0,1,0,3,116,0,73,1,8,12,0,35,2,0,1,3,1,27,0,0,0,0,0,0,0,0,3,1,4,0,0,1,0,1,0,20,3,0,0,5,2,0,0,0,0,1,50,0,60,0,0,1,0,1
"ENSG00000197408.10",272,31888,11,5488,366,1403,4069,5521,5358,617,2570,2569,666,23,21,21098,307,565,4354,1853,3096,60074,2139,3244,15325,8607,1227,11880,1572,1143,11213,342,685,7540,1052,118,12004,135,7069,12491,52332,93,1741,2651,8926,6161,1041,803,35933,2750,15574,1088,54575,415,6766,2967,5267,1598,4597,3908,1337,1903,2601,3624,3998,5429,22704,6301,930,1721,2785,4478,1524,26720,10757,19605,5574,1995,4467,2618,3369,4046,203,2307,9246,2603,1765,55,155,3367,1806,2782,823,3005,850,4295,973,16714,25,1811,4694,16964,148,2433,3472,26,3427,44632,4333,5542,428,18061,1258,3512,3427,21483,147,13091,373,190,159,5063,623,373,413,28088,7704,7089,891,624,4295,15296,331,1969,714,19453,4211,10218,953,22392,12931,1575,726,7413,2335,668,345,254,3024,56,35202,32684,2610,5034,7887,440,812,3094,1573,6261,884,161,648,2068,814,1062,3393,262,12377,2846,22996,3239,10920,590,4193,1558,719,339,602,781,17706,408,687,425,5124,1162,52537,14428,2371,28015,7427,0,357,1310,502,6108,14607,232,778,2071,405,17926,1078,972,12013,603,385,2851,1866,37267,1985,2150,975,14929,5562,159,2718,5976,2902,4739,17458,11701,750,2061,11824,54412,725,948,153,3004,174,35434,233,4978,10875,2359,17660,2526,10309,2522,252,2682,4737,9551,180,1609,864,351,2182,8274,16830,324,9656,794,11963,1300,16061,210,420,4802,13295,28710,106,176,18243,702,2538,26444,18892,60120,1871,26751,6019,28714,10273,525,3388,8281,4237,2265,50411,997,8084,8734,13036,80,45151,776,335,125,2733,1631,105,476,3017,1903,50,4958,27367,17,5883,108,3302,2633,2339,13275,234,35579,3473,540,8298,1034,4868,2320,624,13,185,960,426,14463,1924,3308,10788,701,2008,1409,5066,5052,389,14703,529,896,9119,386,3136,33354,7245,1724,2412,42,9988,1032,2434,1015,1500,7728,29563,410,154,12481,31147,468,27229,10141,4236,13369,4039,71,2768,111,8379,4685,2336,118,501,99552,263,151,3536,3757,2656,1184,1848,612,2988,19164,23407,49912,16131,31404,3774,10778,3616,8513,57915,12808,341,8801,9187,1013,1792,920,8451,1293,540,3061,3885,1440,11361,82566,12843,2781,6271,1838,604,0,448,5374,11898,289,29317,10665,3655,6225,633,1366,1835,1,3741,15177,17186,8719,110,8597
"ENSG00000197472.15",6,0,0,1,59,46,0,0,0,1,0,0,14,2,79,0,0,23,0,25,0,1,2,1,3,0,0,3,0,0,8,0,28,1,5,1,1,1,0,1,0,21,1,0,2,0,0,0,0,2,0,48,1,18,0,0,1,1,88,1,0,38,0,17,0,18,2,1,2,1,48,1,1,0,0,0,41,1,0,1,16,28,43,0,4,0,1,0,8,0,4,6,0,0,0,0,0,0,4,8,0,1,27,0,6,3,6,0,69,0,1,0,4,1,1,1,70,0,42,102,0,0,0,0,0,1,0,1,52,3,0,0,12,0,10,0,1,0,27,0,0,38,2,0,9,3,0,81,1,3,1,0,0,12,1,1,2,20,1,0,1,7,0,6,22,0,0,0,1,27,0,0,2,340,6,1,0,0,14,3,0,4,1,4,0,1,0,0,2,37,0,3,1,2,3,11,1,0,3,0,2,5,54,6,0,52,0,1,16,2,1,0,15,9,1,0,0,0,3,0,0,8,3,0,0,0,1,2,0,0,2,0,1,3,0,1,0,0,0,2,1,0,0,0,87,19,0,4,1,3,0,0,0,0,1,1,0,5,1,94,22,0,43,73,0,0,1,0,0,0,10,0,115,1,0,6,31,0,1,23,0,1,0,0,0,38,0,1,8,1,3,0,7,0,1,8,23,0,1,2,1,0,32,0,16,0,0,1,1,46,1,11,0,5,1,10,3,17,4,1,36,0,0,131,1,2,0,1,0,0,46,0,0,2,4,1,0,0,2,3,0,0,0,54,116,6,0,0,54,0,3,22,2,66,0,0,0,48,0,2,2,1,0,25,1,0,1,106,1,0,1,1,1,6,79,0,33,0,2,0,0,0,1,1,2,1,13,4,1,0,48,0,0,17,18,1,23,1,1,0,0,0,1,0,1,1,1,1,3,1,0,0,1,0,1,16,5,3,1,2,1,3,8,1
"ENSG00000197580.13",169,741,103,256,335,25,2,303,1535,415,25,8,32,281,129,1625,75,136,63,306,525,919,45,467,736,327,49,167,5,55,360,36,161,1616,271,47,209,323,8,22,253,408,50,34,2540,57,345,317,960,837,923,76,2999,8,569,940,1070,14,735,3,126,49,204,244,1828,42,192,681,153,22,2110,169,310,2754,28,2494,126,89,6,21,97,166,107,33,309,165,22,6,148,63,916,70,4,23,10,865,268,61,6,107,555,1279,157,8,49,20,120,1324,54,10,39,1537,472,218,23,270,481,4,200,34,54,408,190,29,54,2931,1066,79,11,669,671,1691,128,159,75,2887,158,2173,21,106,1020,443,209,2426,139,38,35,42,14,48,2283,743,158,267,1461,92,108,369,23,98,1211,6,298,113,65,1139,35,75,17,8,424,31,289,49,8,149,120,22,280,46,1699,46,113,54,250,231,128,1093,220,11,190,13,280,114,353,45,1755,138,379,55,227,97,86,320,947,24,310,166,183,146,590,29,39,533,673,141,61,341,66,1012,1989,255,1,19,587,200,146,126,3,5,147,197,23,103,89,42,843,54,76,205,50,220,243,50,31,20,4,10,571,963,238,44,2043,58,1418,345,1137,98,13,65,236,785,67,11,2732,29,34,508,114,871,28,1261,22,2667,54,23,2,706,77,1,69,8,50,932,1581,86,615,457,13,56,1228,25,9,19,45,47,43,156,203,738,614,69,43,801,10,157,19,118,53,4,439,15,256,239,81,72,3,269,151,87,146,274,1284,721,283,66,1709,115,17,820,6,54,571,29,42,4280,195,67,10,64,2083,534,847,299,18,558,111,30,13,209,1904,449,1244,9,184,3755,2,3004,18,20,50,267,297,16,3853,1562,24,21,691,69,9,131,2,14,37,45,62,732,554,348,114,102,351,93,1951,219,31,214,25,69,6,704,1204,12,5,18,178,1,1037,3313,595,186,402,98,225,234,264,36,562,123,624,297,1739,1678,377,362,3,251,17,2617,1849,427,98,835
"ENSG00000197587.11",2319,0,0,3,104,20,9,1,1,422,0,0,0,25,18,0,19,3,0,5,0,0,1,0,0,0,0,8,0,10,41,42,1,0,1,2,6,1,0,0,0,80,4,0,0,0,0,0,0,0,0,2,0,1,0,0,0,0,0,1,0,9,0,1,0,18,0,0,0,33,2,0,2,1,0,0,70,8,0,3,2,16,4,0,0,10,2,0,27,2,23,36,14,0,1,0,0,0,15,7,0,0,29,0,4,4,440,0,100,1,5,0,0,1,6,0,133,0,1,0,0,0,0,0,0,0,0,0,2,0,1,0,8,0,8,1,1,0,6,1,0,151,8,0,58,199,31,82,1,117,0,0,2,3,0,4,0,7,0,1,1,5,6,86,40,1,150,7,11,7,7,0,1,164,4,0,6,2,42,3,0,8,1,6,0,1,0,0,0,3,1,21,35,2,3,9,1,5,0,11,0,3,80,110,0,1,1,30,0,0,2,43,4,2,30,131,0,1,0,1,0,0,0,0,0,0,1,1,0,1,2,1,0,0,0,0,1,0,0,0,3,2,0,2,23,10,0,1,0,1,3,6,0,67,0,1,0,7,0,497,0,2,103,3,0,64,6,0,0,1,0,0,0,1,0,0,11,1,1,82,44,1,2,2,0,0,0,53,0,2,1,6,15,0,0,172,40,2,0,1,19,1,49,0,0,2,1,6,0,0,1,134,0,87,0,229,0,35,2,1,16,109,1,6,0,3,0,1,0,0,3,37,0,1,16,0,0,11,0,1,0,0,3,222,5,0,0,3,8,0,1,15,0,1,9,0,2,186,0,14,0,1,1,16,50,0,11,0,1,13,3,0,0,1,4,1,1,3,0,51,0,2,1,1,0,1,12,9,0,10,20,0,0,0,8,0,3,0,1,0,5,0,14,0,26,0,8,0,0,0,0,0,0,0,2,1,0,667,236,0,0,1,0,0
"ENSG00000197696.10",1109,22,362,71,67,142,438,18,67,517,134,226,475,697,7447,77,65,246,516,232,137,31,148,208,70,102,368,48,113,163,107,68,210,85,92,76,397,95,374,143,204,445,292,86,48,156,64,77,45,50,52,183,43,157,89,146,48,302,94,34,142,111,60,98,17,298,25,47,132,99,371,122,30,30,234,35,273,169,722,99,489,171,2014,546,408,99,110,141,92,214,87,166,217,1784,61,9,43,72,822,43,138,52,966,34,125,285,443,40,442,152,107,60,89,140,136,235,157,181,593,270,37,54,22,237,131,46,36,101,270,243,70,25,597,163,165,26,39,31,371,58,25,521,168,45,214,105,241,326,95,1437,27,67,138,176,47,251,106,102,97,112,250,291,164,135,273,136,200,542,8,295,424,178,206,45,182,96,145,1316,196,88,25,168,90,112,70,178,109,138,76,51,242,1624,322,142,58,162,39,308,40,49,49,78,215,146,48,602,69,65,263,51,52,387,460,83,101,17,195,178,141,461,25,67,525,110,30,45,94,1619,190,65,218,83,144,116,99,207,36,46,180,70,138,73,122,131,338,136,42,135,72,53,32,426,32,245,37,70,39,407,285,41,166,78,371,1209,32,179,330,25,137,39,586,31,608,26,197,287,634,49,106,321,79,264,68,41,157,98,26,78,923,92,95,114,192,166,299,497,255,90,136,805,197,358,618,89,369,39,59,66,211,365,62,350,79,163,86,75,420,259,210,83,552,362,27,48,163,120,66,81,318,16,84,163,138,161,110,31,46,88,213,91,51,111,101,388,257,54,124,808,89,48,18,231,82,575,173,51,282,370,109,63,140,169,129,94,247,23,91,91,93,228,52,102,146,327,392,53,226,49,70,134,184,79,214,91,89,61,183,144,187,33,256,136,27,233,154,174,72,418,119,29,60,187,158,30,4136,69,223,227,96,87,75,211,41,43,78,146,178,451,73,57,26,15,442,56
"ENSG00000197757.8",30,0,262,0,65,0,14,1,0,10,0,0,3,1,127,2,36,0,2,18,46,2,292,0,10,0,2,1,0,2,3,127,0,1,4,3,2,0,0,0,3,11,4,2,1,2,0,1,1,1,0,3,0,35,3,0,4,0,1,0,1,18,0,0,2,3,0,0,0,4,0,10,10,0,0,1,393,20,1,20,0,1,2,1,1,50,2,0,10,3,19,3,34,7,0,0,0,6,18,1,1,1,38,0,9,23,1,0,857,75,13,1,0,2,51,1,1,3,3,1,0,5,2,6,1,0,0,0,0,276,0,3,12,2,21,0,5,1,1,0,0,7,19,0,9,945,113,8,314,6,7,0,0,5,0,0,1,1,0,2,2,110,1,19,60,2,66,16,2,85,23,1,5,392,7,1,10,3,155,1,0,353,0,4,1,0,103,16,3,0,2,830,552,1,12,0,1,2,0,1,0,0,5,5,0,0,2,0,0,0,4,170,62,1,11,5,1,0,0,15,0,36,0,0,1,0,1,1,2,5,40,4,9,5,2,2,0,1,2,1,73,1,0,134,33,106,0,103,10,0,0,54,0,3,0,11,1,98,0,1,2,0,5,2,1,1,3,2,3,0,1,0,0,0,1,0,15,0,1,16,0,56,0,0,0,4,1,3,47,3,7,3,6,4,254,102,8,0,3,2,0,8,7,0,25,0,0,0,6,0,0,0,1,254,2,35,5,16,2,0,4,0,0,2,4,32,0,2,1,0,7,1,2,98,0,3,0,3,0,2,0,1,4,63,3,150,1,139,0,0,0,0,4,2,0,0,77,13,1,0,2,11,3,0,2,1,3,2,1,1,1,1,15,1,4,0,0,0,4,0,0,5,4,0,0,3,1,2,0,0,241,0,0,1,0,1,1,122,1,1,1,1,354,0,3,12,0,6,0,2,0,0,3,1,1,0,0,504,6,10,0,0,24,5
"ENSG00000197891.12",2,18,553,910,1,0,0,0,105,3,464,1870,13,3,109,30,3,577,1593,0,15,5,510,9,0,0,168,7,23,13,14,18,641,18,257,552,31146,109,125,24,0,3,0,2752,187,222,608,147,2,1,399,13,129,41,2,6304,900,1,1,0,65,1,377,0,6,0,0,388,12,59,0,530,0,3,0,3,0,1,64,93,656,11,4,852,0,0,9,566,259,55,1,338,0,16,1259,2,893,0,14,1,623,2,1,86,34,20,3,13,16,1,31,1,1478,36,0,7,1,40,0,753,632,1420,2,2771,187,1,1,0,3,7,134,1,24,959,108,13,275,7,13,28,0,5,28,31,1,16,2,0,4,1,2,0,1,0,125,10741,0,0,754,9,0,213,101,0,1,0,20,13,4,0,0,17,4770,131,310,132,329,9,3,54,2,0,2186,0,45,393,0,0,0,0,12,0,1,932,5,34,3,306,3102,5,3,13,0,151,0,20,3,11,12,3,86,0,481,1,0,0,935,2467,2953,84241,3,0,2,9,0,6,658,163,81,686,1,2,56,4682,447,567,0,8588,605,0,28,189,417,36,6,18,31,208,739,13394,7,0,12,0,11,0,13,6,90,2,38,1,0,0,16,26,643,3,3,9,135,16,0,4,1016,18,13,14,650,72,0,166,26,33,4,2,0,138,0,110,7,42,0,182,2453,20,3,689,0,1,3,1,1,1,1,74,0,14,291,1,307,1,2097,331,1787,0,152,1,413,660,0,0,5,0,152,2,0,10591,197,7,10818,2,2107,122,1353,0,586,253,683,436,0,16096,33,17,1,0,8,27,4,0,0,3,41,27,47,1,41,4,0,6,0,0,16952,20,0,2,363,18,461,121,1,662,2,280,0,0,2,2,0,11,0,1,0,177,32,200,4,467,271,1,9,2177,10,20,5,1,763,1,82,70,2961,0,6,457,740,1,45,46,0,1085,550,0,0,85,3,0,4,22,17,0,0,0,837,71
"ENSG00000197901.12",0,0,0,3,0,0,0,0,0,0,0,1,2,0,0,0,0,2,0,0,1,0,2,3,0,0,2,0,0,0,0,0,56,0,21,0,3,0,0,0,0,1,0,0,0,12,2,1,1,0,6,5,0,14,0,78,0,0,0,0,0,0,0,0,0,0,0,0,0,0,0,8,2,0,0,0,0,0,0,0,3,1,0,10,0,0,0,45,0,0,0,8,0,0,1,0,0,0,3,0,0,0,0,0,0,65,3,0,1,0,0,0,0,0,5,1,0,1,3,112,1,4,0,1,2,0,0,0,0,0,0,0,26,3,0,0,0,0,2,0,0,2,0,0,0,0,1,0,3,0,0,0,0,0,0,0,0,0,0,96,0,0,12,0,1,1,0,5,0,0,0,0,1,1,13,0,3,0,1,0,0,0,0,1,0,1,1,0,0,5,0,0,0,35,0,8,0,3,0,2,0,1,0,0,0,8,0,0,0,0,0,0,18,0,1,1,3,0,0,3,0,0,0,0,0,0,2,26,0,0,1,0,1,9,0,34,0,0,4,0,53,3,0,0,0,4,0,0,3,0,0,2,0,0,0,0,0,0,0,0,1,0,0,19,0,0,9,0,0,1,8,0,4,0,28,0,7,0,0,1,1,2,7,6,1,1,0,0,7,0,0,0,0,7,0,1,2,0,0,0,0,0,3,0,0,0,0,0,14,1,0,0,0,0,2,0,0,1,0,11,0,0,0,0,3,2,0,0,4,0,2,2,2,36,0,0,2,0,1,0,0,97,0,0,1,0,0,1,0,0,0,1,0,12,1,0,1,0,0,0,78,0,0,0,0,0,0,0,0,0,0,0,0,17,0,0,0,0,0,1,0,0,0,0,1,2,0,1,0,0,1,0,0,1,0,0,250,6,0,0,26,0,0,4,0,1,0,0,0,6,0,2,0,0,0,13,3,0,19,0,0,1,0,0
"ENSG00000198028.4",1,0,25,0,237,0,0,0,0,1,0,0,0,5,0,0,0,18,0,71,0,0,5,0,2,1,0,4,0,0,0,0,0,0,0,0,0,0,0,1,1,5,0,0,0,1,1,3,1,0,0,8,1,30,0,0,0,0,15,0,0,1,0,6,0,528,0,0,0,0,525,0,0,0,0,0,263,0,0,0,5,21,2,1,49,0,0,3,0,0,0,0,0,0,0,0,0,4,1,0,0,3,0,0,0,0,0,0,676,0,0,0,0,0,0,11,2,1,122,7,0,0,0,1,0,0,0,9,231,0,0,1,28,0,0,0,0,0,4,0,0,1,0,1,0,0,0,0,0,5,0,0,0,0,0,0,6,1,1,2,1,0,1,21,0,1,2,0,0,4,0,5,0,201,0,0,0,1,0,0,0,0,0,2,0,0,1,0,0,59,0,1,0,10,31,0,0,0,0,0,0,0,2,23,1,13,0,1,9,0,0,1,0,3,2,0,0,0,0,0,0,218,0,0,0,0,0,0,0,0,0,0,0,0,0,0,0,0,0,0,0,0,0,0,0,0,0,47,1,0,0,1,0,0,0,0,0,1,0,1,245,0,1,9,0,0,0,1,10,0,1,0,106,0,0,0,0,0,1,1,0,6,0,0,1,1,0,0,3,0,4,0,0,0,0,0,8,0,1,1,0,0,1,0,155,0,0,0,0,103,0,3,0,0,134,1002,43,0,0,0,3,0,0,231,1,0,0,0,0,0,2,1,0,1,0,0,0,0,1,0,0,0,0,0,81,0,0,0,56,1,0,0,0,36,0,0,1,0,1,0,1,1,1,5,4,0,2,2,0,0,2,0,0,3,23,1,242,0,0,1,0,0,0,0,0,0,0,0,0,0,0,0,0,2,0,0,0,0,0,0,1,0,0,1,0,0,9,0,0,1,0,0,0,2,0,0,53,0,0,1,0,0,2,1
"ENSG00000198033.12",0,3,0,0,4,0,0,0,0,2,0,3,0,47,61,0,1,725,0,0,1,0,0,0,16,0,0,31,0,4,11,0,12,0,4,1,8,0,0,0,0,2,0,0,5,0,7,20,0,1,0,703,0,1242,0,0,9,0,4,1,1,18,1,79,0,0,0,0,0,0,3620,0,0,1,0,0,0,0,0,1674,430,410,0,4,112,0,0,495,0,0,0,22,0,0,0,0,0,6,0,0,0,0,0,0,0,0,7,0,13359,0,1,0,1,12,0,1,0,2,0,1019,0,4,0,0,7,0,29,40,4,0,1,0,2115,0,1,0,0,0,104,5,0,0,7,0,0,14,0,0,1,0,0,0,0,849,0,0,0,0,11,268,94,0,4,0,2,2531,0,1,0,7231,0,1,0,8509,0,0,0,10,0,1,0,1,0,1,53,0,54,1,0,2085,0,2,0,1772,24,1,0,1,0,0,0,3,0,592,1,1565,0,107,800,2,0,0,1,8,1,75,1,0,177,70,0,10,0,0,0,0,1,3,2,0,0,46,0,0,0,55,2,0,2,6,0,1,0,1,1,0,1,0,0,0,0,2,0,1,0,1,0,3,2,2,890,867,1,119,0,0,0,0,3304,0,169,0,183,0,0,0,0,0,0,39,0,12,0,3,0,0,1,1,0,0,0,0,0,1,0,2564,259,0,3,0,0,2,1,0,0,1,0,3,194,926,0,0,70,9,0,19,460,0,0,264,0,0,0,9,56,0,0,0,2,0,1773,0,0,0,0,0,0,0,0,0,5,0,1,0,975,147,0,1,3544,0,6,35,0,3555,0,1,0,0,0,0,3,0,1,3,0,1,4,1,0,0,1,1,0,8,3633,0,3784,0,0,3,0,107,2,0,0,70,0,7,0,0,1,0,0,0,0,0,12,1,0,3,3,0,3,0,0,0,0,30,11,0,1,0,0,0,1,0,209,3,0,0,0,0,2,0
"ENSG00000198054.12",0,0,0,0,0,0,0,0,0,0,1,0,0,421,1,0,0,17,1,0,0,0,0,1,199,0,0,15,0,8,0,0,25,19,0,0,1,0,1,0,0,0,0,0,1,0,0,20,0,3,1,19,0,106,0,0,0,0,37,0,0,184,0,1,0,0,0,1,0,1,468,0,1,0,0,0,0,0,2,51,433,195,0,0,2,1,0,1,0,0,0,0,31,1,4,0,1,35,243,0,0,1,0,0,0,0,0,0,427,13,0,0,0,213,0,6,0,1,0,2,0,44,1,0,0,0,13,21,0,0,1,0,445,0,0,0,1,0,212,5,0,0,0,2,0,3,3,0,0,0,0,0,1,79,1,0,0,0,0,56,8,0,0,0,0,250,6,1,0,183,1,0,0,68,0,0,1,437,0,0,0,0,0,0,120,0,3,0,0,304,0,0,0,51,245,0,0,0,2,0,0,3,0,50,0,113,0,0,493,4,0,0,0,13,7,0,0,0,9,22,0,162,0,0,0,0,3,0,0,0,0,19,0,1,0,0,0,0,1,0,0,0,1,0,0,0,0,0,0,0,0,0,0,0,0,0,0,0,67,270,374,83,0,766,0,0,0,0,291,0,33,0,480,0,0,0,0,0,0,297,17,201,45,0,0,0,0,0,0,0,0,0,0,2,5,271,268,1,9,0,0,0,2,0,2,0,0,0,229,223,0,0,46,0,0,1,434,1,1,2,0,0,0,0,4,0,0,0,1,0,316,0,15,1,0,0,0,0,0,0,0,0,0,0,21,104,1,0,0,0,1,40,0,592,0,1,0,0,0,0,0,0,0,0,0,0,0,0,0,0,0,10,0,150,708,0,52,0,3,2,934,98,136,0,0,1,0,5,0,0,0,0,0,0,0,0,23,199,0,0,0,0,0,1,0,0,1,55,74,0,0,1,0,0,1,0,22,2,0,0,0,0,0,0
"ENSG00000198074.10",2848,416,10,84900,14770,18326,17717,0,4806,6138,0,869,194,54154,70980,853,9279,75829,379,1929,40401,35,4802,53817,403,4068,41719,17240,42233,16003,3714,89396,141593,4878,230647,154,104417,44046,150,224,3,658,26,4645,6541,71681,55885,101559,636,710,39182,34395,40906,2954,18,187155,91,748,7613,470,515,39466,5507,62,4938,126,120,1746,68578,14656,2868,89942,11615,380,13482,238,327,20999,6746,18139,24033,2502,204,169101,22507,344,28212,17317,1728,34513,17524,29393,3048,95582,413,38,102,10,26,9063,85287,93,4127,1307,38384,8,2,152,845,65,41165,471,11695,1001,17,22511,1277,0,124595,140279,30495,46865,260,257996,90488,32,879,1756,1564,18239,38826,35,146091,64251,137210,1824,11,474,333,29162,1352,21137,41415,2315,14793,157735,52353,5703,2953,13974,166,405,12414,1065,22306,86630,1367,78744,1446,18200,28563,8388,11078,9559,42,140,75339,30306,726,2475,6173,62431,332829,545,48620,4257,131684,382,3421,3641,18,163,84429,11815,76,50378,453,46,20609,759,34912,22,2573,181911,11062,3821,160,157287,55832,83044,17720,326,2605,2,50,144032,347,3236,16429,119,46780,17654,208827,43019,1380,6182,27628,3077,56465,424125,74,111,428,13360,53,1300,5329,129897,53936,69779,2584,1499,28479,21112,102,23990,41,40169,151016,19731,3339,112154,1261,273,4712,1450,3605,17,566,28322,5287,4210,1150,20539,108,12404,84,8452,19666,252,40615,3470,8355,188,345,51540,49779,1435,6,553,238218,1531,124898,47,136656,505,37134,120,1046,341,1067,27113,326,2541,27,8079,35,38100,1382,84179,719,32972,3381,55121,3560,21323,4643,13292,0,125,51751,48,22,384,9691,43170,29,11721,143652,32,2497,25057,45091,50044,64666,32,52496,1016,3486,141516,859,712,55,230,88000,2700,1565,3899,23389,291,54065,1781,105691,175,33010,124,19157,199213,6,562,24,70776,114259,156,614,9171,913,109,4660,18,64,3670,42024,32472,1582,335,1901,1063,9164,31840,6932,19400,63112,51020,16442,24,73208,65977,364,199463,3088,21653,3748,9164,1559,2150,10696,7796,0,4401,1,14,31503,46144,24727,76496,2404,93730,48074,27627,5823,1209,1456,61443,2383,5559,7520,9,12237,5285,57290,2212,52,50163,29524,1,89111,42776,1374,5014,80758,11006,1209,847,95274,625,5993,8482,46,1056,72,10,40246,703
"ENSG00000198099.9",46,147017,77,27516,1783,20964,28,90868,62099,6344,8093,12947,36891,26,305,104376,1900,19244,35441,17854,4968,127576,3422,15937,107079,82216,5617,60280,34008,374,8,79,31170,101250,5897,4315,71187,2481,13422,20083,29238,17,1879,40177,122115,149,16546,14121,76302,47065,108552,609,118104,23010,340,4202,168695,5606,67660,137,15985,2875,74806,16980,64360,1940,66785,144683,6337,83055,6399,20819,3032,112689,83555,114014,38,942,3899,11674,24051,3298,92,267,3983,13761,11140,26499,13183,11336,331,41317,14292,40,39577,56162,183866,61856,67108,2471,100707,176129,73,54770,2342,56600,70149,85952,176,378,6295,58077,36917,78887,11129,60389,1816,7300,2395,35994,38627,39287,67680,17587,7338,104020,33215,388,36016,1877,49795,76774,381,26620,638,223983,3940,198221,41,5059,64926,1951,7096,204974,3265,426,134,616,2169,3,113383,51455,31284,23302,19085,69098,39276,27921,261448,53391,178,15422,66,7066,543,21246,246,30,390,346,17,869,1614,146332,17132,32626,8492,1398,13368,78856,73826,590,24984,417,114782,53489,197,24171,1419,2727,37711,11,941,14852,10324,1399,211385,30540,63209,215,7213,23820,9615,74010,119984,8184,38453,8418,37233,63514,58666,2671,162,7274,9312,26,32836,29826,16054,191543,130488,7079,833,89,78816,66438,118264,1437,29,41926,1677,24911,996,101519,95096,28188,87820,32523,1413,33920,11138,6262,79436,42044,55,1602,20782,40773,93478,76512,13403,18061,76648,268,171865,1225,230076,15611,33328,7622,23977,88366,96,12313,45438,17882,1236,123547,25711,109166,1294,35621,10,126518,34423,16792,908,93391,36273,3390,22787,12244,20060,64111,93846,11643,71724,31148,4528,1732,69117,28204,933,18156,13578,27,20,39243,479455,52,15939,4204,1,63080,17036,38852,31857,56253,16418,16856,66877,2458,28401,11166,40562,44,62398,1202,27169,18924,1738,9863,182059,138,16493,16,23470,25693,21004,114921,28429,8126,68738,28700,54877,315580,5960,2,3712,18992,243705,177428,1080,6675,22717,63187,61110,26760,3740,39089,73985,2619,153781,2853,32186,85152,2800,471,3754,5147,1728,71561,73308,1145,9990,24536,1028,696,42473,6604,27,67561,3938,16432,26478,40594,11242,30982,82983,41724,19170,61804,57554,3307,59569,2694,6990,42231,3787,4436,1107,87805,52972,20667,17922,1007,100134,16499,52406,133506,40794,16183,46239,16029,2795,7,2726,154,35735,31751,65217,28737,22566,118096,13188,59,38098,61,663,183559,130300,158863,128,154881
"ENSG00000198183.12",0,0,0,4,0,2,1,0,0,0,0,0,0,4,0,0,0,0,0,38,0,0,5,0,0,0,0,0,0,0,1,2,0,0,0,18,0,0,0,0,0,3,9,0,0,1,0,0,0,0,0,1,1,0,0,0,0,0,0,4,0,4,0,0,0,4,0,0,0,0,67,0,2,0,0,0,2,15,3,0,0,0,5,0,1,0,0,0,0,0,0,5,0,5,0,0,0,0,5,2,0,0,23,0,0,0,0,0,49,0,0,1,0,0,0,0,88,0,0,0,0,0,0,0,6,0,0,0,0,4,0,0,0,1,1,0,0,0,0,0,0,21329,0,0,13,0,0,8,0,0,0,0,0,0,0,0,0,0,0,0,0,0,0,120,49,0,0,1,1,1,0,0,0,0,0,0,0,0,0,0,0,1,0,0,0,2,0,1,0,0,0,9,0,0,0,0,0,0,0,53,0,0,29,0,0,1,1,0,0,0,1,0,0,0,0,0,0,0,0,0,0,0,2,0,0,0,0,0,3,0,0,0,0,0,0,0,0,0,0,4,0,0,0,0,88,0,0,0,0,0,0,0,0,0,0,0,0,4,0,7,1,0,7773,0,0,1,0,0,0,0,0,0,0,0,0,0,0,0,0,1,0,31,0,0,0,0,0,1,0,26,0,1,3473,0,0,0,8,0,0,0,0,0,0,0,1,0,0,0,0,0,0,481,0,5,0,0,0,6,0,0,1548,0,0,17,0,0,0,0,0,0,0,2,0,0,0,1,0,2,0,3,0,0,0,0,0,0,0,7,2,0,0,2,0,0,0,0,0,0,1,0,0,0,0,2,0,0,0,0,0,0,0,0,10,0,0,0,0,0,0,0,0,0,0,0,0,0,212,0,0,12,2,0,0,0,34,1,0,32,0,0,0,4,0,0,0,0,1,0,0,0,0,0,0,0,0,1,0,0,4,0,0,0,1,1
"ENSG00000198203.10",6223,0,702,768,1161,1285,823,111,368,195,58,14,389,952,8694,98,94,346,3,3599,718,30,47,369,186,454,11,36,238,631,3775,872,1291,1027,645,127,592,373,0,12,4,1912,224,121,158,31,397,952,9,2606,17,752,391,1422,9,11,549,2049,20,0,2,4140,2064,109,465,629,4,11,7557,46,3127,416,599,23,0,26,1069,11,661,999,3207,1902,357,1210,1480,2,1427,1298,268,383,2663,564,2138,971,4,4,42,8,1109,782,11,29,1814,0,89,308,1951,8,2061,8,1076,121,304,119,949,3826,2343,5,3646,1267,132,91,5181,932,913,152,71,60,3731,2161,161,8,4135,628,2471,11,16,3,5517,0,94,1143,1501,11,554,4071,167,262,937,21,26,27,1239,762,356,4429,1178,1253,531,2757,418,300,2675,143,209,398,4001,1162,1515,3613,18,704,961,633,659,510,1696,1130,127,1579,2,65,1160,161,30,74,1,2,117,32,0,32,670,900,1193,2991,85,5574,151,34,37,12,475,507,21,4449,5764,14,409,32,280,130,1177,1355,748,183,15,2,408,4212,13,97,181,20,45,44,81,3186,1952,63,10189,45,1518,46,8,869,9,1,21,4375,235,1594,39,444,2723,1170,1197,15,1164,13,6,0,7,1713,15,3,6,209,1431,42,683,119,2093,1794,49,318,1409,21,217,113,3004,25,2693,33,1684,2206,1056,185,7,898,37,850,44,22,22,190,20,703,697,2792,15,4,343,1042,39,948,6252,46,404,4296,137,102,630,0,475,31,11,16,282,1461,1,536,22,3964,177,8,639,361,360,545,38,13,0,1643,4673,17,19,2,25,32,50,725,677,21,114,91,104,594,48,89,0,341,350,186,2867,33,20,192,884,7,163,1957,57,2661,3,42,3178,1890,2129,1259,963,52,1072,4928,9,5,107,1513,1,203,34,445,511,101,147,6,120,94,1,46,48,81,2218,26,135,1,796,1377,602,33,3057,4,18,776,1081,307,112,3109,66,335,286,51,298,6,3736,866,2273,1552,33,142,1063,26,1713,1242,1267,5,246,271,381,41,3,7,1209,19
"ENSG00000198208.12",67,13,169,317,157,133,166,33,347,51,283,175,270,252,407,84,24,199,806,116,874,79,87,559,295,157,237,421,34,162,353,133,882,164,556,488,865,175,375,269,238,70,237,246,87,115,205,380,30,19,134,107,83,254,18,378,336,45,431,193,304,87,10,618,99,135,40,264,190,208,145,405,303,34,44,26,925,428,420,159,909,44,293,419,346,20,240,205,277,122,900,245,20,532,110,20,254,245,668,104,591,240,179,285,203,713,624,63,113,121,390,51,89,640,152,489,277,32,117,486,108,257,47,1287,209,168,85,64,385,273,141,46,199,696,211,64,1090,14,269,246,30,28,225,84,77,401,612,384,141,19,89,31,581,342,315,202,199,50,284,421,528,199,276,246,173,231,1631,78,59,9,228,211,1027,78,337,247,523,551,439,203,17,104,688,664,658,455,486,375,500,296,16,120,195,807,159,126,80,17,140,329,176,177,983,160,12,338,31,181,61,180,59,503,659,78,132,17,219,127,104,1707,12,79,149,183,87,30,184,39,141,419,64,111,290,135,209,242,22,162,326,358,91,809,318,187,33,213,136,547,190,140,80,251,36,8,68,70,130,55,48,42,337,264,148,359,43,603,94,39,52,21,418,29,127,41,210,61,156,50,343,106,132,156,9,33,173,357,10,68,159,175,122,479,37,47,471,262,53,532,251,57,544,82,406,124,115,176,253,645,238,229,12,25,1047,213,314,87,318,86,123,470,499,323,44,73,224,322,84,484,113,26,320,79,249,108,772,69,609,536,327,254,21,496,157,495,285,240,577,182,36,16,45,271,401,428,442,35,184,43,49,162,165,592,558,33,59,293,120,125,330,193,182,776,44,233,114,91,365,56,45,156,441,250,207,258,184,195,200,545,116,122,482,255,24,179,125,175,436,105,154,27,293,52,128,497,84,334,47,549,49,64,170,53,256,147,554,20,93,28,253,141,7,12,580,98
"ENSG00000198216.12",82,0,20,1,17,12,769,0,4,18,0,1,9,28,16,2,11,3,6,1,4,3,8,0,3,0,5,4,0,51,25,100,114,0,16,4,0,18,1,1,0,6,39,2396,2,0,1,9,4,0,0,17,1,3,45,0,1,0,1,0,4,42,1,4,0,1,0,13,0,4,41,29,480,1,0,1,14,13,7,119,103,96,0,9,1,7,2,309,7,1,154,39,10,11,0,0,1,19,432,2,27,6,1,30,28,4,1,0,311,371,5,1,6,2,6,2,4,5,11,20,74,2,0,2,13,3,0,1,1,3,0,1,10,19,67,1,0,0,1,1,0,3,283,0,60,0,1721,0,6,8,2,0,6,0,0,0,20,8,13,6,3,14,139,4,3,0,381,9,0,2,0,41,3,21,6,1,10,3,4,0,0,62,3,6,1,1,1,0,0,0,0,123,1,16,14,1,0,103,0,36,0,4,4,69,1,18,1,0,8,0,0,4,38,191,16,34,38,2,12,57,0,2,14,74,1,1,8,0,8,0,0,6,0,12,130,33,2,242,0,14,3,26,0,0,76,10,1,1,2,0,1,47,0,26,3,3,0,5,102,4,65,1,9,389,0,12,9,3,1,0,31,0,1,2,90,2,4,1,1,2,0,74,1,4,0,2,3,3,31,39,11,3,0,4,2,70,9,0,6,17,0,1,10,3,32,0,2,30,0,1,15,2,0,447,80,10,10,16,13,2,2,24,2,5,8,1,1,19,32,0,2,1,7,0,4,1,4,118,4,45,0,1,54,1,2,0,1,5,6,0,114,55,1,6,66,1,1,57,7,3,0,2,1,128,2,4,1,738,1,54,0,5,6,0,9,0,43,4,1,1,1,2,1,478,5,4,4,8,1,1,14,0,1,1,3,6,2,19,9,2,1,1,6,0,52,1,2,135,0,9,30,0,1,0,23,0,3,0,73,1,0,0,4,3
"ENSG00000198354.7",0,0,12,0,0,0,0,1,0,0,0,0,0,1,1,1,0,1,0,0,0,0,0,1,3,7,0,1,4,3,1,0,2,0,0,0,2,0,0,0,1,0,0,10,0,0,0,0,0,0,0,2,0,0,0,0,0,0,2,0,0,64,0,0,0,0,1,1,0,0,114,0,0,0,0,0,0,1,2,2,1,9,0,0,0,0,0,0,0,0,1,125,11,0,2,0,0,9,6,0,0,2,0,0,0,0,1,0,106,9,0,0,0,0,0,1,0,2,55,2,4,8,0,0,2,0,0,0,0,6,1,0,0,0,0,0,0,0,119,0,0,0,15,0,0,0,1,0,0,0,1,0,0,9,1,0,0,0,5,7,0,0,0,0,0,0,1,0,0,10,9,1,0,11,0,0,3,2,0,6,0,0,0,0,7,0,8,0,0,6,0,0,0,0,5,0,0,0,0,0,4,0,0,2,0,4,0,0,0,0,0,0,0,12,5,1,0,0,2,0,0,1,0,0,0,0,1,1,0,0,0,0,0,0,1,2,0,2,0,0,0,0,0,0,0,0,1,0,0,4,1,0,0,1,0,0,0,0,0,14,7,2,0,85,0,0,3,0,4,0,0,0,1,0,0,0,4,0,0,1,10,0,3,0,6,0,0,0,1,0,1,0,0,0,0,6,53,0,0,0,0,0,3,0,0,0,0,0,1,1,0,0,4,1,0,1,0,0,0,1,0,11,0,0,0,0,0,0,0,0,3,0,0,0,2,1,1,0,0,0,0,0,0,1,10,1,1,0,1,0,0,105,0,0,2,0,0,0,0,0,1,0,1,0,0,0,1,5,0,0,0,4,0,0,6,0,2,0,1,8,2,1,3,0,0,0,0,0,1,0,8,0,0,0,0,0,29,0,4,0,0,0,0,0,0,0,11,0,0,0,0,0,0,0,1,0,4,0,4,1,0,0,0,0
"ENSG00000198417.7",1249,18590,118,334,68,39,521,20,4759,1920,11,470,2121,643,431,5633,46,39,30,824,114,11512,88,47,1589,24,97,580,25,129,4,49,52,782,160,2623,1345,85,131,103,11529,88,50,8,1547,470,193,103,10880,408,65,163,1922,116,330,11,6750,1824,26332,149,3,175,66,3532,206,37,546,19,281,268,355,90,115,13601,24,2937,219,52,175,299,999,18,2133,153,542,11,1951,4,737,53,64,97,27,77,17,1923,797,22,160,173,371,5145,176,52,107,1339,1169,8204,1190,141,64,10175,620,402,327,467,50,417,246,50,9,83,1432,38,160,12734,3621,36,99,387,345,14623,187,762,171,4794,62,18210,319,136,1931,150,287,2854,99,247,88,59,84,278,3752,9929,927,377,270,384,8413,369,354,396,343,87,482,118,174,553,261,113,24,4053,316,28,63,63,83,100,97,81,3110,244,9001,16,37,178,20,160,2018,556,174,382,375,625,128,188,51,931,5472,41,2857,52,20,50,49,35,1624,128,1248,48,1242,3378,628,238,74,159,590,173,623,4217,196,5754,12650,61,7271,21,2364,4155,31,57,113,101,84,467,274,83,104,104,2652,63,20,1864,622,88,20,39,33,513,2565,6799,155,9,47131,40,12844,52,7670,73,5132,60,24,173,883,3587,75,180,10147,58,77,1788,825,5780,138,11390,628,21950,70,570,315,5560,26,295,473,200,239,19773,561,419,12234,101,213,249,7223,855,71,82,462,108,40,38,45,1255,351,95,10703,9597,1079,57832,8100,68,208,1258,29,9,34,101,59170,267,5737,190,14101,136,47,329,11635,12,626,54,3031,53,49,9991,49,736,1108,57,76022,30291,176,354,92,475,16334,115,159,670,3030,682,3232,77,1072,9115,18888,1328,65,156,125,5929,34,392,531,11428,397,281,580,48,1683,680,153,65,5709,89,145,91,1346,41,480,20,583,3936,17,166,151,4194,38,271,184,184,79,122,570,14,657,23,274,92,34,145,1111,22,908,11614,189,337,52,5,590,158,519,78,75,15733,1285,1402,841,3495,27,88,389,2018,97,12981,7028,25,139,18606
"ENSG00000198569.10",0,0,5,4,16,7,99,2,0,45,3,3,6,8,11,1,0,0,5,2,3,2,4,3,4,1,0,1,0,15,4,6,4,3,1,1,0,1,1,2,0,1,3,5,3,3,5,1,0,1,1,1,1,5,2,3,8,1,4,1,3,12,1,2,2,3,3,4,0,2,11,2,1,0,3,0,3,17,6,5,1,8,10,13,0,4,0,2,16,0,2,4,0,30,1,0,1,0,7,2,1,3,2,2,0,9,131,2,113,1,18,1,4,2,4,6,20,3,2,1,0,2,1,2,4,0,2,0,16,7,1,2,11,1,0,1,4,0,97,2,0,7,20,0,8,6,1,1,9,38,0,1,5,1,3,4,0,1,4,11,2,6,7,11,1,2,19,137,4,18,0,2,4,9,2,0,11,6,19,7,0,4,1,10,1,2,3,4,0,11,3,1,19,4,2,15,0,16,0,8,0,9,4,0,0,0,5,2,2,6,5,3,1,0,10,13,0,0,3,4,0,0,0,0,0,2,3,6,1,2,22,6,1,3,4,4,2,0,2,1,3,8,10,7,7,8,1,0,5,1,1,0,0,1,0,8,0,2,2,4,12,1,24,1,0,17,1,0,12,2,0,0,109,1,2,5,6,1,2,2,5,11,1,0,5,0,0,0,1,1,2,0,2,1,3,118,19,5,1,28,3,25,5,0,0,0,1,1,4,4,3,21,2,4,7,47,12,2,1,79,0,3,0,15,1,29,1,5,0,0,4,2,0,3,16,0,10,0,4,1,0,0,14,3,58,0,1,32,4,0,2,10,5,32,1,1,1,8,6,3,2,0,15,4,10,14,0,15,2,2,7,19,0,1,4,0,4,0,0,1,0,0,8,13,1,0,5,5,0,7,20,3,1,9,9,2,4,51,9,3,1,1,12,4,7,8,2,3,0,2,3,0,5,1,1,2,1,5,184,1,0,3,9,1
"ENSG00000198633.10",10,0,3,0,5,0,0,3,0,1,0,3,4,44,5,0,35,32,0,7,0,0,1,1,2,1,1,15,0,37,3,0,13,1,0,0,1,1,0,2,1,0,0,1,3,0,0,0,1,0,1,32,0,21,13,0,2,3,46,1,0,12,0,2,0,8,0,0,0,1,98,2,0,1,3,2,0,0,0,4,60,18,0,0,58,0,0,2,2,0,0,3,0,0,0,0,6,17,0,0,0,0,1,4,0,1,1,1,80,2,1,3,4,0,7,5,20,0,4,1,0,2,1,0,2,0,1,14,18,0,0,1,5,0,0,1,2,0,0,0,0,3,4,0,1,5,0,7,0,0,0,0,0,5,2,0,1,0,1,8,9,0,0,2,1,18,5,1,0,344,0,6,0,65,0,0,3,3,0,0,0,0,0,22,28,0,0,1,0,23,0,1,0,49,2,0,0,0,0,0,0,0,1,357,0,4,2,2,1,2,2,1,1,4,1,16,0,2,3,3,0,0,2,0,1,0,0,1,0,0,2,0,0,0,0,4,0,0,0,2,0,0,0,0,3,1,1,0,1,1,0,0,0,0,1,1,2,0,0,2,127,7,1,54,0,0,1,2,23,0,11,0,28,0,2,0,0,0,1,0,0,13,0,4,2,0,0,4,0,1,2,0,1,0,0,0,127,4,2,7,0,1,0,1,1,0,0,0,4,50,3,10,21,1,7,21,59,16,0,0,15,1,1,15,0,2,1,1,3,1,45,1,3,1,2,0,1,0,0,0,1,0,0,0,290,34,0,0,0,0,0,2,0,102,0,1,2,1,1,0,1,1,1,0,0,2,0,0,1,7,0,1,0,4,8,1,154,0,1,0,0,6,0,0,2,9,2,6,0,0,0,2,0,32,0,1,5,0,1,2,0,0,2,0,1,5,31,1,0,2,0,0,0,0,5,2,0,1,2,1,3,4,0,0
"ENSG00000198670.12",5,2231,2,4174,154,692,101,277,7444,135,425,864,1158,1,30,2087,2245,123,316,1087,513,1821,417,952,6831,3523,602,2664,746,352,326,6,1539,1447,409,20,146,689,466,1220,542,2,497,54,5998,1385,49,440,4863,1458,517,7,1874,785,382,4121,2286,1358,3984,1064,829,496,413,1930,2234,1161,7540,1032,1000,1102,348,1131,831,6950,1083,4076,192,522,220,743,1014,411,43,313,670,2316,210,129,201,1985,1484,685,1364,197,254,1988,3381,954,196,1360,967,2533,93,290,446,353,111,1053,377,158,828,1833,261,942,438,49,915,628,800,519,132,628,1337,813,543,9052,2919,1054,3088,17,2379,7291,127,175,263,8242,608,7204,443,460,2364,565,113,6058,285,185,448,484,484,2,2299,2789,353,1072,311,385,518,809,439,538,142,1155,665,871,34,342,779,212,2462,2691,97,4205,281,125,1230,380,415,88,457,651,2727,332,230,117,870,2306,701,1865,1433,1955,6662,0,1584,1175,567,1146,5132,866,738,345,297,329,594,5816,5328,635,1229,2073,1359,2204,2557,701,180,1985,1799,2,847,2484,285,1482,4016,1724,767,279,671,6637,1099,1842,129,396,4185,168,303,55,792,320,2068,263,901,2316,185,1651,1488,2148,28,347,436,226,988,1094,885,149,8928,34,3864,1057,2758,494,14,4356,3201,7621,34,346,9075,1245,1143,2344,486,3809,25,3313,518,4469,1125,1198,1098,2719,1023,1474,2595,468,3867,4199,829,1148,963,1621,546,888,2139,2028,317,1740,1763,211,69,602,1220,0,1363,1902,16,3255,453,2094,537,6548,814,230,1132,124,1178,288,420,0,643,189,294,462,214,1088,3216,457,1759,450,2144,79,397,6424,860,2172,1290,602,429,8952,261,417,35,57,5678,1888,385,222,45,467,399,1222,114,3549,6429,256,8450,195,343,4894,112,11,679,220,410,3267,1021,257,207,1026,149,1075,42,458,726,1475,1103,267,1493,1051,1561,3841,554,8498,1266,944,3288,1635,3389,748,840,426,314,578,552,76,845,465,487,419,209,571,1144,3862,2204,220,4865,251,114,0,165,226,11845,183,603,5048,803,9343,630,264,319,1,447,3321,5831,571,30,3584
"ENSG00000198681.7",2,0,1,270,0,0,61,0,2,2,0,11,1,1814,839,53,2,584,2,0,1612,1,2436,614,348,2,1047,121,785,1921,4455,0,32,1440,2216,0,2089,59,0,2,4,28,2774,1,3,0,7,520,0,1,0,2768,1,1047,17,113,3,0,365,1,0,1885,1,63,127,1,9,0,1891,0,500,161,134,1,1,1,0,839,601,1859,2286,906,0,0,2188,28,30,21,0,541,22,42,826,1,0,0,0,2977,2423,1403,767,0,5,0,181,0,24,0,7064,58,899,0,0,407,1,1431,1,419,2277,25,1096,2178,3,299,671,0,58,415,0,0,262,0,135,225,23,0,0,2,48,13,0,1,1266,0,0,4990,2740,1,2,5,0,0,3,10,95,0,1322,0,234,1295,1665,0,4,0,0,1338,2188,1,0,258,21,131,294,4755,19,201,22,17,0,3,0,0,1183,34,59,23,155,1226,425,870,2274,1,0,3083,894,485,0,1587,0,323,597,15,7,4735,0,814,0,2,538,1556,3,13,2752,1677,652,119,0,0,1774,853,1,1085,0,375,0,0,0,3468,430,0,0,503,1,0,0,534,1,0,2,222,0,138,1,0,0,24,2,0,0,1,7,46,1,5,0,0,0,0,13,22,195,626,9,153,1,0,0,0,108,0,28,0,10,0,79,1,0,0,0,77,781,31,1349,0,5,0,0,8,0,5,7,154,1,53,1,266,2303,1,140,0,1374,10,0,0,56,0,0,151,866,561,45,0,1056,890,43,79,2547,323,0,2343,0,0,0,0,196,0,5,2,1116,3,1013,63,123,6,1871,0,0,99,0,0,0,3,520,0,3267,891,297,0,0,0,3,2,9,3671,36,0,1,0,19,0,238,4,41,0,0,53,153,1,0,55,0,129,2,126,2635,1103,2750,1,7,1264,1746,578,2457,2,0,3,0,18,1313,0,0,0,0,0,0,13,2130,8,3,0,10,2,1,0,24,0,848,453,37,1,1003,0,10,0,2774,0,1366,2,0,0,0,33,0,1
"ENSG00000198729.5",2960,2,21,3,89,0,0,2,3,2823,11,11,2,139,2,3,0,2,1,2,2,1,1,0,0,0,0,0,1,16,20,44,1,1,0,1,6,0,0,2,0,253,2,1,2,0,4,4,1,0,0,6,3,5,2,0,0,12,0,1,0,4,0,1,0,1,1,0,0,10,2,3,1,1,1,0,61,4,114,3,5,4,4,5,1,0,3,0,387,2,9,2,0,21,9,0,2,1,0,2,7,0,5,1,12,16,2,2,78,0,1,1,5,11,1,1,34,4,5,4,0,2,10,8,2,0,10,0,10,3,4,0,3,0,9,11,4,1,2,0,3,12,234,0,6,1,2,8,3,4486,1,4,1,9,1,0,1,4,153,8,2,2,1,0,10,10,9,18,24,4,13,0,0,4,5,0,0,1,95,0,0,0,1,2,0,2,6,0,0,0,2,2,5,3,3,2,16,4,1,7,2,0,10,5,0,3,2,16,5,0,3,4,0,3,7,182,2,0,1,0,0,3,1,1,3,1,1,0,0,2,2,0,20,3,1,0,2,0,0,1,1,2,3,1,17,23,0,0,6,0,1,0,0,2,5,0,2,13,1,122,2,0,9,0,0,9,8,1,3,1,4,0,3,0,0,0,3,1,0,2,0,2,0,1,1,14,1,4,3,3,9,3,2,1,40,5,19,1,6,997,1,0,1518,0,0,2,0,0,0,0,1,0,1,9,2,73,14,15,5,0,0,1429,1,17,5,3,5,0,1,0,5,1,3,2,4,2,2,9,1,5,0,1,8,25,1,1,0,4,30,0,6,517,1,0,1,4,2,829,0,0,5,2,1,28,50,8,0,2,4,0,0,5,6,2,0,2,0,1,4,1,1,1,1,1,0,0,9,2,3,0,13,0,0,5,1,4,3,29,14,0,2,0,2,0,8,2,1,0,0,242,3,0,2,1,3,0,0,1585,33,2,0,3,34,0
"ENSG00000198758.11",679,7,7,667,872,366,322,120,259,1697,4712,287,96,3644,2837,68,324,42,136,991,273,3,1954,81,16,14,84,202,200,4666,4640,6346,536,3,75,2552,3012,69,186,375,0,700,1342,478,39,44,18,39,93,1,6,2446,19,580,331,73,173,954,11,659,948,228,27,43,4,135,1,439,3784,250,2175,444,0,0,4,16,3057,487,3303,153,865,121,5945,1497,22,61,204,673,323,66,1511,1704,284,2641,2290,0,443,0,2150,637,54,0,877,124,700,234,21,7,2503,1067,162,7,109,67,73,618,424,421,7346,9276,487,39,4,3542,249,3,44,2,217,628,183,4,206,235,2508,11,455,6,2332,1266,28,623,3710,21,390,4104,4421,1176,641,5449,4,21,0,35,20,2539,105,598,1430,263,43,2213,2299,861,1058,27,2995,1818,29,2720,75,357,1259,7,283,864,1525,1034,4436,408,0,262,834,602,18,65,134,10,221,395,0,0,446,588,21,22,0,3663,0,957,5,102,764,2,3,1897,1,156,94,70,444,947,2756,5540,241,1927,136,44,731,1707,1,9,391,875,29,18,576,33,1559,3838,4162,5,470,757,110,4293,20,212,4,104,1199,262,2095,108,2909,2703,411,516,201,379,26,221,4,4740,6,70,0,2376,5700,3405,163,21,4169,437,7,461,270,6,10,69,766,7,2378,7,414,208,1340,1,713,394,18,3493,4,7,0,123,2,1584,260,3005,38,113,1456,3105,1848,1135,4170,6,307,2018,168,48,25,23,1168,30,489,25,63,335,720,952,32,1447,765,366,942,1054,293,1840,715,2282,2,1274,153,4,22,869,1093,3,1534,326,37,70,797,4,1766,7658,1306,1579,4,913,673,2552,549,17,49,1212,622,0,181,8491,0,1593,39,17,480,521,872,3215,32,286,1561,8630,3,1,1027,284,4,343,732,504,860,595,621,63,2,33,705,129,2,5,64,495,381,3868,1571,139,520,5,1166,148,6,963,414,508,871,1260,769,41,373,1,467,15,186,1,1225,1441,0,18,1373,5,2,46,55,307,21,4,46,84,8,352,2376,12
"ENSG00000198759.12",9,0,205,5,28,1,2,0,15,18,4,4,11,639,17,3,1,2,0,9,2,0,0,4,5,0,0,6,1,59,61,31,10,22,1,183,13,2,0,5,0,112,16,0,1,1,17,53,0,4,4,36,0,4,2,4,0,0,11,1,13,25,0,3,3,1,2,9,5,30,129,14,9,0,1,0,6,25,1,6,0,3,48,3,5,0,7,2,87,13,36,5,0,8,6,0,7,95,1,65,36,0,34,2,24,14,13,0,94,0,42,3,200,62,4,6,22,0,4,38,0,7,0,12,10,0,7,5,1,25,4,2,4,6,26,1,36,0,2,2,0,22,49,0,29,33,18,60,161,14,1,2,5,12,2,6,0,13,4,28,1,0,12,27,7,22,39,23,8,17,1,1,49,8,9,0,2,5,31,1,1,65,9,11,1,1,16,3,0,1,2,253,9,5,9,1,1,9,16,20,1,1,58,34,1,1,8,2,3,1,20,73,4,1,137,30,0,1,18,29,0,7,1,4,2,0,3,3,10,57,4,1,30,11,2,24,0,8,10,12,1,4,0,21,54,33,1,3,16,1,3,0,0,8,4,9,0,80,2,22,51,7,36,3,1,13,9,2,153,1,18,0,8,1,13,18,3,0,5,55,7,6,9,0,0,82,0,2,4,11,8,2,2,1,2,3,33,7,7,10,11,7,63,2,8,13,0,4,2,0,52,8,0,3,7,181,6,95,82,7,9,30,0,5,20,1,1,2,5,0,1,8,10,11,1,2,6,28,2,1,1,2,27,7,2,5,1,3,8,0,0,149,3,7,0,3,14,6,21,4,10,11,34,11,6,8,3,119,1,20,124,25,5,6,11,5,8,0,3,22,4,6,0,11,2,7,5,2,5,6,11,7,3,3,4,12,3,6,9,0,18,15,1,0,266,9,15,9,2,116,31,0,2,0,7,6,147,139,7,3,0,0,36,3
"ENSG00000198788.9",16,0,0,0,195,0,0,0,0,12,0,0,0,1,1,0,1,3,0,11,1,0,0,0,0,0,0,0,0,2,13,5,1,4,4,2487,4,0,0,0,0,92,0,0,1,0,1,0,2,0,0,18,0,0,1,0,3,0,2,0,0,1,0,0,0,5,14,0,4,2,1,1,0,0,0,0,2,1,1,0,0,4,95,0,0,0,0,0,9,0,0,1,0,19,0,0,0,0,0,0,1,0,3,0,0,0,1,3,9,0,0,3,1,1,0,0,3,1,1,0,0,0,0,0,1,0,1,4,4,15,1,0,0,1,1,0,1,0,1,0,0,29,312,0,4,1,323,5,0,4,2,2,0,0,0,1,0,0,0,0,0,0,2,1,1,0,1,4,0,9,0,0,8,0,0,0,1,0,7,0,0,0,0,1,0,0,0,0,1,0,0,1,56,1,1,0,0,11,1,0,1,0,0,2,0,5,1,14,4,0,2,0,2,19,6,9,1,0,55,3,0,2,0,0,1,0,1105,0,0,1,0,1,1,0,0,0,0,0,1,1,0,0,0,0,2,0,0,0,0,0,1,4,0,2,0,2,0,3,3,5150,3,1,0,1,1,2805,0,0,1,10,0,0,0,0,0,0,9,0,3,5,5,1,0,2,0,0,0,1,2,2,1,0,2,1,0,63,156,0,7,16,7,0,1,0,0,4,0,0,1,0,4,1,0,1,0,6,0,5,7,0,4,6,0,1,0,1,7,1,0,0,1,0,1,0,512,2,0,0,0,1,0,0,35,10,1,0,0,0,1,0,448,85,0,9,0,6,0,3,0,0,4,2,0,144,0,1,0,0,1,1,0,0,3,0,3,15,0,17,11,191,1,1,10,1,0,0,3,1,0,0,0,1,1,0,8,0,3,0,21,1,2,0,2,0,2,0,9,0,0,0,8,2,0,1,5,2,0,0,2,0,0,0,2,0
"ENSG00000198826.11",127,7,59,97,526,317,171,87,61,610,78,485,1122,2185,872,37,99,420,319,92,189,28,153,156,194,331,144,791,56,302,518,303,459,165,82,415,201,104,368,244,21,479,568,49,69,151,47,322,19,66,166,992,170,355,93,313,24,332,715,484,27,808,49,374,41,411,96,44,1253,767,372,123,48,14,77,31,622,99,998,423,428,417,231,140,509,288,118,92,171,31,209,217,87,214,49,18,82,606,220,413,143,52,655,60,224,611,330,38,1461,375,299,88,94,463,245,120,1548,169,618,721,49,517,111,205,194,15,14,264,294,809,148,44,1222,54,555,40,104,22,559,81,22,655,487,87,174,1334,394,450,469,575,22,24,467,264,89,510,118,496,230,417,165,103,457,283,211,596,570,524,460,1361,61,199,335,3674,154,218,108,213,546,260,38,308,199,542,106,198,507,68,101,820,32,2438,621,1312,219,396,72,203,55,557,98,1380,521,743,20,252,68,1295,219,504,97,225,595,171,344,428,61,50,110,599,8,223,182,63,41,17,293,1590,36,178,907,212,238,237,35,471,46,135,350,131,88,155,79,92,566,922,284,85,162,150,39,173,44,423,51,403,91,77,59,2257,987,321,1100,548,52,206,341,40,899,24,324,37,442,38,115,488,274,16,31,333,706,302,112,23,154,369,15,127,117,184,109,166,98,44,144,798,2690,174,94,87,549,35,1940,36,277,42,47,193,275,707,205,590,231,231,228,319,1004,514,25,184,700,440,37,793,294,490,56,156,83,21,491,197,138,221,783,65,131,824,95,60,23,194,98,439,1096,300,13,53,180,17,121,737,104,581,38,47,432,557,516,173,224,71,144,191,793,86,106,871,59,185,245,192,119,182,874,50,668,16,108,479,69,607,170,33,123,108,418,163,267,336,456,210,45,435,148,273,324,375,105,19,204,319,121,21,574,70,231,728,230,60,237,200,64,43,293,320,148,2516,321,93,25,29,660,23
"ENSG00000198883.12",2,0,0,1,0,2,0,0,2,3,1,0,1,1013,22,4,7,2,2,1,2,1,0,0,4988,0,3,5,0,19402,1,3,6,453,0,2,8,1,1,0,0,3,0,0,5,0,1,2,0,14,0,2312,2,4,0,0,3,4,5,13,2,215,0,25,0,15,3,0,0,1,23376,4,13,1,0,2,0,2,7,9,133,2581,2,0,88,0,1,273,5,0,5,11,0,0,0,0,3,4,2,0,1,2,5,0,1,0,0,1,91,0,1,7,0,0,7,1,5,0,2,15,0,3,0,4,2,0,27,100,0,0,177,1,50,1,0,0,1,0,6,0,1,0,2,2,1,1,5,1,5,8,2,2,0,62,1,0,0,1,0,455,47,0,7,0,1,21,12,4,3,116,1,1,0,24,0,1,3,27,1,0,0,1,1,5,116,2,332,2,1,782,1,6,9,142,318,0,0,1,0,1,0,2,3,34,1,889,22,14,4,0,2,2,2,281,17,2,0,0,402,1,2,0,0,0,1,1,0,2,0,1,0,0,5,4,4,1,0,6,0,3,4,2,0,1,4,1,0,4,1,1,1,0,1,5,3,1,1,2,2,3,3304,271,0,6,2,42,11,1,2,1,74,2,3488,0,1,3,1,0,0,2,1,17,5,2,0,4,1,4,2,5,0,1,3,0,1,0,105,2,5,4,0,5,1,1,0,0,2,2,67,4401,0,0,26,7,0,2,96,6,1,2,0,0,0,6,1,1,1,0,3,1,718,3,3,2,0,3,1,0,1,0,0,1,1,1,501,545,0,8,7,0,3,24,2,46,0,0,0,1,0,2,3,3,1,1,1,0,0,6,0,1,2,0,4,92,304,0,2,0,0,0,337,7390,2,0,0,8,1,0,0,0,5,1,1,0,0,1,2,1,2,2,2,0,1,0,9,4,0,1,9,0,5,3,0,1,1,0,101,10,38,0,2,0,0,1
"ENSG00000198901.14",4,0,7,2,10,4,8,4,1,11,4,3,12,36,7,0,0,8,6,4,5,0,3,1,5,1,4,10,0,2,6,6,1,1,4,4,7,1,2,10,1,8,6,2,1,16,2,2,0,0,1,11,1,6,0,8,0,8,15,5,2,8,0,9,1,6,8,1,19,11,9,0,0,0,5,0,33,4,16,5,5,10,17,2,5,3,5,1,9,1,1,7,1,24,0,1,1,10,7,0,0,1,15,2,4,11,10,0,27,6,3,1,2,5,1,5,21,3,6,4,1,4,1,6,6,0,0,8,18,16,1,1,17,0,7,1,7,0,11,0,0,15,9,0,5,11,9,7,6,20,0,2,6,3,1,7,1,4,6,11,8,3,6,6,5,7,6,9,4,10,0,8,7,37,1,5,4,14,9,5,0,1,2,20,2,1,14,0,2,29,2,16,8,12,0,12,1,7,2,11,2,34,5,20,1,9,0,19,1,14,0,9,6,3,8,8,0,0,4,14,0,1,15,1,3,0,5,20,0,3,5,11,0,3,2,9,0,2,3,2,0,2,0,1,10,16,5,0,5,4,0,7,1,3,3,2,0,1,0,22,11,7,16,8,2,4,5,1,24,1,5,0,7,0,3,6,9,0,0,9,17,14,1,0,7,5,0,1,6,3,3,1,4,1,1,13,37,4,3,4,6,0,25,0,25,0,2,3,4,21,2,14,6,3,7,4,11,16,3,4,10,13,2,19,3,22,0,0,2,0,8,4,0,3,23,0,3,24,4,1,0,3,4,7,15,3,0,11,2,0,0,21,1,9,1,0,3,23,3,4,4,4,3,5,7,1,11,2,0,5,6,12,2,0,36,2,6,2,2,7,2,3,1,0,0,2,11,5,1,4,9,4,1,6,1,4,2,17,2,0,6,9,3,1,13,6,4,11,3,1,2,4,0,0,1,5,3,30,4,1,0,0,12,0
"ENSG00000198915.12",430,0,21,14,81,7,77,16,12,362,2,3,160,1501,728,39,22,39,7,16,181,11,20,13,4,2,0,5,5,44,10,28,19,10,4,107,9,17,1,2,15,484,24,5,58,53,101,29,9,9,70,103,43,104,1,0,27,5,10,4,2,160,0,21,5,4,71,3,11,164,304,50,3,6,6,15,1334,5,10,224,48,15,274,395,15,48,4,3,333,12,586,10,7,0,78,7,45,19,15,45,13,4,285,3,240,65,419,18,1301,5,93,77,14,17,143,1,6,7,706,95,1,7,16,4,17,11,5,9,10,85,11,19,494,6,462,29,3,10,563,3,10,28,25,23,55,501,95,2,290,944,3,21,11,58,11,6,16,24,27,4,60,302,766,23,24,89,125,83,72,12,1,10,0,7,65,14,17,169,1760,28,10,108,9,21,4,10,9,11,169,0,12,247,102,15,13,5,39,4,0,327,4,15,168,10,18,4,21,83,14,2,99,58,135,4,41,199,90,1,35,11,7,79,3,74,17,8,2,83,22,84,9,4,43,42,2,47,10,10,9,2,149,16,6,25,18,204,2,211,132,3,9,5,7,31,25,849,22,9,8,70,35,34,566,14,18,5,66,20,40,19,29,20,232,17,59,10,42,9,1,40,4,35,12,9,2,18,8,42,17,243,72,12,34,6,224,704,38,5,16,78,14,27,162,25,4,12,5,21,5,107,9,4,1,261,66,1925,72,238,137,9,1,2373,18,1533,26,781,23,1,10,15,8,75,20,143,4,18,2,1551,2,2,9,19,7,1036,87,4,2,20,93,15,21,1029,18,12,1,12,4,870,91,2,722,8,5,10,579,6,3,134,4,9,94,8,37,42,17,6,0,34,24,3,10,65,0,2,40,4,59,6,5,8,37,6,7,15,7,5,4,3,72,4,6,14,81,3,21,54,6,172,12,98,38,49,4,8,1,1,51,3755,34,39,13,4,121,15
"ENSG00000198930.13",1,0,0,4,3,0,0,9,1,0,1,9,4,4239,7,0,3,1820,3,0,0,0,44,1,723,0,0,34,0,791,0,0,212,2,8,3,1233,1,1,2,0,3,3,5,17,0,4,271,0,0,1,1333,59,2,0,3,5,0,2195,1,6,114,3,11,117,0,191,3,2,2,237,3,1,4,1,1,0,1,1274,1121,637,1591,0,0,1049,2,0,212,2,14,1,29,0,0,1,1,2,480,2267,231,1,0,0,2,4,0,2,210,3174,1,8,0,0,0,1,18,2,7,67,941,1,15,2,1,1,1,84,318,1,3,35,0,3253,1,0,0,3,0,33,30,0,1,71,1,0,1904,96,0,3,2,0,0,0,2620,5,2,4,0,0,944,859,5,0,0,0,104,72,3,2,38,2,2,0,135,0,0,0,5286,0,0,0,1,4,1,1253,1,1575,63,3,1272,1,4688,17,1058,1426,1,0,0,1,5,0,0,0,322,0,4179,1,0,275,1,0,1,58,1082,1,301,1,2,940,60,0,1368,1,3,0,0,2,249,8,0,14,106,0,1,17,14,0,10,5,8,0,1,3,0,0,2,1,3,8,2,0,2,0,141,0,1,0,0,4,76,1062,543,0,917,0,2,4,0,81,1,511,0,14,0,0,4,1455,0,0,2589,151,13,1865,0,1,2,1,0,16,7,21,4,0,40,1,2977,1820,1,5,0,2,26,2,0,6,0,1,0,838,1466,1,0,34,1,0,99,14,32,0,471,2,24,0,5,82,0,1,14,44,1,1526,1,123,1,0,2,0,1,0,7,0,3,8,0,10,1059,5,0,6,0,7,11,0,1149,0,0,1,0,18,0,34,3,0,2,6,1,0,0,2,0,2,1,2,1490,1815,0,1468,0,3,641,712,1300,4,1,11,3,6,26,9,1,0,110,52,0,2,1,1342,913,5,0,0,0,0,0,13,8,2,3,148,0,1,104,5,0,1243,2,714,72,2,0,0,0,1,1
"ENSG00000199370.2",0,0,0,0,2,0,0,0,0,0,0,1,7,0,0,0,0,0,2,1,0,0,0,0,0,0,0,0,0,0,0,0,0,0,2,5,4,3,7,3,0,0,0,20,4,0,0,12,1,0,10,0,1,2,2,0,1,0,0,0,0,0,6,0,1,1,0,5,0,0,0,3,0,0,0,1,0,4,5,0,13,0,1,0,0,0,0,22,0,1,1,0,0,0,11,0,0,0,2,0,0,2,0,1,1,0,2,0,2,0,0,0,0,0,0,0,2,0,0,4,0,0,0,8,1,0,0,0,0,0,0,0,2,1,0,0,12,0,1,0,0,1,0,0,2,0,0,0,0,0,1,2,1,0,1,2,0,2,32,0,0,18,0,2,0,0,0,0,0,0,1,0,13,0,3,7,2,12,0,2,0,0,18,0,7,0,0,0,0,0,11,0,3,2,0,0,2,17,0,0,0,0,0,0,0,0,0,0,0,0,0,1,0,0,0,0,8,40,3,12,0,0,0,0,0,0,30,0,0,14,2,0,1,29,13,40,0,0,0,0,0,0,3,0,0,9,3,7,4,5,0,8,0,0,0,0,0,0,93,0,0,0,0,3,0,2,0,0,0,0,0,1,1,0,1,0,1,1,5,1,0,21,0,0,1,0,0,2,6,2,0,7,0,3,105,0,0,10,0,0,4,0,0,0,1,2,0,2,0,0,28,1,0,5,6,0,14,4,3,0,1,0,0,0,6,0,0,9,18,0,12,0,1,0,15,0,31,0,0,1,0,18,0,0,0,0,0,1,0,0,0,1,1,0,13,0,3,0,1,1,0,0,3,0,0,0,0,0,3,5,0,12,1,31,0,1,0,0,0,0,0,0,0,0,0,0,0,2,0,1,0,2,0,0,0,0,11,3,3,0,0,0,0,2,0,0,2,0,0,1,1,0,0,0,0,0,0,0,0,1,0,0,5,1
"ENSG00000199753.1",61,3,45,25,30,90,184,29,103,86,97,44,31,49,350,29,157,101,16,160,24,17,16,34,217,4,141,40,56,62,105,21,29,30,51,24,31,28,137,69,104,114,68,19,9,181,36,13,19,40,47,21,20,179,27,156,34,121,54,57,44,55,156,60,19,145,47,43,60,131,203,23,51,11,138,8,320,225,122,34,67,156,157,131,59,78,108,25,88,297,116,67,66,261,93,7,89,24,160,1,42,29,57,13,48,209,70,9,276,200,21,17,1,44,27,59,303,146,95,125,11,114,17,246,90,5,14,405,143,83,47,14,90,55,29,3,97,20,164,19,7,106,68,21,85,108,221,581,292,43,9,19,32,101,29,50,134,71,106,74,92,114,19,132,197,118,76,445,47,27,14,158,12,30,18,22,82,376,36,39,9,45,19,132,110,19,19,5,65,69,55,45,152,45,6,175,41,81,11,37,118,79,78,84,3,209,36,49,300,62,33,119,79,50,42,25,70,26,32,86,15,29,636,78,33,3,71,54,111,62,261,218,78,60,219,34,9,20,10,66,8,51,68,49,226,472,216,96,97,44,31,55,14,143,9,34,12,114,83,192,50,36,76,288,5,128,192,24,36,16,8,27,262,1,73,112,102,5,16,64,104,353,57,12,111,39,0,136,1001,102,21,38,146,326,53,254,56,37,85,86,58,357,274,17,174,39,29,181,125,68,66,133,113,70,71,24,43,60,36,44,27,137,6,194,36,374,10,35,37,15,46,142,31,62,113,10,58,45,7,140,8,46,75,223,123,36,67,334,199,10,5,128,60,84,16,14,104,318,58,271,20,13,146,778,32,37,434,54,57,43,138,41,6,110,513,159,19,19,30,50,235,74,64,19,19,77,286,58,57,49,267,15,5,64,209,50,34,539,21,3,100,123,159,18,49,29,23,55,37,20,40,185,43,16,14,37,31,62,142,7,16,42,20,23
"ENSG00000202063.1",3,0,0,0,0,2,0,1,0,0,0,0,0,0,0,0,0,0,2,0,6,0,0,3,0,0,0,1,0,0,0,0,4,13,2,0,1,2,0,0,0,1,0,0,0,0,0,0,0,0,0,1,0,0,0,1,0,0,1,0,0,1,0,1,0,0,0,0,2,0,1,0,2,0,0,0,2,1,0,1,4,2,0,0,15,1,1,0,0,0,2,6,0,0,0,0,0,0,1,0,0,0,0,1,0,0,23,0,0,0,4,0,0,2,0,0,0,0,1,0,0,3,0,0,1,0,0,0,14,4,0,0,7,0,2,0,0,0,1,1,0,3,0,0,0,0,0,4,0,1,0,0,4,4,0,1,0,3,3,10,6,0,0,2,0,1,4,0,0,2,0,0,3,0,0,0,4,1,0,1,0,1,0,5,1,1,4,2,1,1,0,0,0,2,4,1,0,1,0,3,50,4,1,0,0,0,1,2,0,0,0,0,0,0,1,2,2,0,0,1,0,1,0,0,0,0,0,1,0,0,0,1,0,0,0,0,0,0,0,0,0,1,0,2,5,0,0,0,0,0,0,0,0,0,0,0,0,0,1,2,1,0,0,0,0,3,0,0,1,0,1,0,0,0,3,0,0,0,1,0,0,0,1,0,9,0,0,0,0,0,0,1,1,0,0,1,3,2,0,1,0,0,0,0,0,0,0,2,2,4,0,6,2,3,4,6,0,0,0,1,1,0,0,0,3,2,1,0,0,0,0,0,0,1,4,0,1,0,0,0,0,0,0,1,3,0,3,0,0,0,0,1,0,0,1,0,0,0,0,3,1,0,0,8,2,3,0,0,0,0,1,7,0,1,1,0,0,0,0,0,0,0,20,0,0,0,0,8,0,0,0,0,0,5,2,0,3,0,0,0,1,2,0,3,1,0,1,0,0,0,3,0,1,0,20,0,0,0,0,0,0,0,0,0
"ENSG00000202337.1",14,0,8,3,4,12,18,1,5,24,9,44,15,6,26,4,8,12,6,9,3,0,11,6,18,8,82,3,9,11,14,5,6,4,8,10,33,1,187,61,26,7,20,9,1,70,7,7,3,7,6,5,1,44,5,16,4,5,7,21,36,4,10,13,5,19,8,3,15,15,25,8,4,2,40,6,18,12,45,3,31,7,31,8,12,1,11,4,10,38,31,51,14,95,10,1,12,7,32,0,10,10,26,6,4,14,12,0,17,22,5,5,1,1,1,21,35,18,25,17,6,9,3,51,20,0,0,23,9,9,4,1,11,3,9,0,13,5,53,8,2,34,18,3,7,21,19,9,22,2,2,2,9,56,8,6,11,18,13,4,8,17,12,3,24,6,7,45,5,10,18,11,5,6,17,4,10,154,12,8,3,18,5,10,8,7,24,3,7,7,6,51,12,24,7,37,8,15,1,14,4,13,9,2,7,27,4,12,36,6,4,13,63,2,9,2,12,5,8,5,3,26,177,7,4,2,17,6,21,20,14,20,3,13,48,14,2,6,3,12,0,10,12,10,13,26,17,34,10,0,3,10,5,22,1,4,7,5,22,4,20,6,14,55,5,7,17,6,4,2,10,1,23,1,13,7,42,1,5,8,8,22,4,10,7,14,1,12,76,15,1,2,62,32,56,26,13,17,28,3,6,9,56,3,227,5,6,8,16,7,10,25,22,15,20,2,16,3,5,12,16,32,2,8,11,38,7,5,69,3,10,4,7,26,38,5,28,21,3,6,2,10,10,14,12,3,15,85,12,6,6,23,5,4,10,6,35,11,9,25,7,9,8,25,18,5,98,30,8,43,23,2,1,27,14,24,21,4,10,6,27,5,17,10,4,5,11,11,18,3,9,8,2,12,27,28,5,106,1,2,9,15,9,8,30,6,7,6,14,2,3,17,4,2,1,8,18,20,9,6,4,15,16,6
"ENSG00000203279.4",0,1,15,4,8,0,45,0,4,0,17,45,19,16,31,1,2,1,16,7,1,2,0,4,6,0,0,6,12,0,1,17,11,3,10,0,38,0,124,45,17,1,19,2,3,0,8,13,1,12,2,5,2,32,12,4,1,44,14,10,10,11,9,16,1,9,7,4,1,50,74,9,0,2,3,0,41,7,44,11,24,8,35,7,4,3,4,1,10,20,1,12,13,2,2,1,2,22,39,2,1,3,18,0,2,31,31,0,58,19,1,5,0,9,0,2,1,6,17,66,7,3,7,34,0,1,1,0,7,14,6,0,100,3,0,2,7,2,70,2,0,11,21,4,5,6,7,0,12,1,0,7,1,8,1,25,11,7,135,0,3,13,0,1,20,6,2,36,36,12,20,21,0,26,1,0,10,48,3,9,0,33,0,1,6,21,5,3,12,5,0,2,38,5,0,8,0,5,12,13,0,29,3,52,4,12,5,11,11,23,6,0,35,3,17,0,0,1,6,48,0,1,19,17,5,2,2,8,1,4,24,2,12,18,5,1,0,15,8,9,3,13,3,0,1,58,71,2,7,14,4,2,2,0,1,0,5,0,18,4,6,11,1,31,1,1,6,1,6,1,9,0,76,2,14,11,14,1,0,57,10,5,11,2,9,15,0,0,23,6,2,2,1,30,5,44,12,6,18,19,3,18,37,0,48,3,1,0,6,6,42,1,5,7,5,2,13,17,10,10,0,2,0,25,0,24,2,6,13,2,82,4,8,10,3,0,0,16,12,27,4,10,0,2,21,8,8,38,60,2,1,107,2,13,0,0,15,0,19,1,2,9,0,40,5,0,61,7,2,2,7,22,23,7,20,6,43,2,0,8,12,11,0,2,5,8,5,0,17,4,1,0,2,5,14,3,21,59,8,0,4,1,1,0,5,6,2,3,8,17,11,16,2,0,5,0,20,2,7,0,5,1,1,1
"ENSG00000203645.2",2,1,0,0,0,3,5,0,0,9,1,0,0,15,57,0,1,0,1,0,1,0,0,2,2,0,2,9,0,7,1,0,1,2,4,0,3,0,0,1,0,0,2,0,0,6,2,3,0,0,0,2,0,0,1,0,0,1,1,0,0,4,2,1,1,2,0,1,0,1,1,1,3,0,0,0,10,0,3,4,8,15,1,1,0,0,1,0,3,0,0,5,0,7,0,1,0,2,13,1,6,1,26,0,1,0,1,0,246,0,0,0,0,0,2,5,0,2,19,4,0,4,0,0,2,1,0,6,0,0,0,1,7,1,0,0,0,1,3,0,0,1,3,0,0,0,1,1,20,1,0,0,2,0,1,3,1,3,0,0,1,0,17,1,0,3,5,0,0,116,0,2,17,0,0,0,3,4,9,0,0,1,1,8,0,0,0,0,0,2,0,1,14,19,10,1,1,43,0,0,0,1,3,5,0,15,0,1,6,1,1,0,11,16,9,0,0,0,1,7,0,5,2,2,1,1,1,5,0,0,1,1,5,1,0,0,0,0,10,13,1,0,0,0,2,3,1,0,0,1,0,0,1,5,0,1,0,0,0,7,9,2,63,12,1,1,1,0,14,0,0,0,22,1,6,0,48,1,0,4,0,2,2,1,0,1,0,0,18,2,0,0,0,7,1,92,3,0,3,1,2,0,25,0,4,0,3,1,18,1,0,0,15,0,1,0,2,2,0,1,0,2,0,1,7,2,0,0,0,0,1,0,0,0,0,2,1,9,0,0,0,0,1,0,5,0,0,0,11,0,0,42,0,7,0,1,1,1,2,0,12,0,0,1,0,0,8,23,0,5,1,0,4,1,29,0,123,2,0,5,1,0,0,3,0,14,0,4,1,0,147,1,0,0,0,2,0,0,1,0,0,0,0,0,1,0,125,64,0,8,2,2,1,0,0,1,13,1,4,0,1,1,7,1
"ENSG00000203684.5",6,1,43,2,4,5,2,1,4,5,3,6,6,21,9,0,9,3,6,0,1,0,12,3,13,0,5,5,0,3,13,3,10,0,4,3,3,1,8,5,3,4,4,2,3,4,2,3,0,1,1,0,1,2,6,6,1,4,5,0,16,4,4,1,0,0,2,2,1,5,51,4,1,0,1,0,4,8,4,4,3,12,6,4,6,3,6,8,10,0,4,5,5,19,5,0,4,8,5,0,5,1,1,0,3,3,9,0,23,5,3,4,4,2,0,9,3,0,2,11,0,13,1,5,0,0,2,6,5,12,4,1,10,2,4,0,5,1,7,1,0,9,12,1,0,2,11,9,6,3,1,1,4,4,2,2,1,3,19,8,9,6,3,5,8,1,8,21,1,9,3,4,3,62,2,2,5,5,34,4,1,3,2,5,7,0,3,3,4,8,3,4,1,3,2,14,0,1,0,4,7,1,9,6,1,10,1,5,25,1,4,1,3,7,2,3,2,2,3,4,2,5,1,0,0,0,4,2,1,2,10,5,7,2,5,10,1,2,0,3,1,3,1,2,10,6,0,4,11,6,2,0,1,4,1,0,1,7,8,15,15,1,8,11,0,7,7,2,30,1,2,1,6,0,3,3,6,0,5,5,8,3,6,2,8,2,0,4,3,5,3,2,5,8,3,5,5,4,5,14,6,0,11,0,3,5,0,5,5,8,4,24,12,6,2,4,3,3,5,4,2,0,1,7,5,4,0,13,5,0,4,8,8,2,8,2,14,0,4,7,0,1,3,12,8,0,0,2,3,1,1,8,2,4,1,1,3,16,2,7,2,1,3,17,5,3,1,2,1,2,1,15,2,7,32,4,3,2,0,7,0,6,9,1,1,2,10,4,0,1,6,1,0,4,6,1,8,3,15,1,3,4,2,1,6,5,2,3,1,3,5,2,6,1,2,1,3,24,3,2,0,1,5,0
"ENSG00000203697.12",46,3,0,15,39,23,15,22,8,81,4,11,1,13,14,14,25,14,20,21,132,5,41,38,30,43,62,41,11,466,324,126,109,184,41,13,39,15,0,2,20,33,16,37,11,18,10,12,60,11,1,427,5,7,0,11,4,12,10,23,57,370,22,17,14,17,6,29,73,17,105,31,5,7,3,18,80,35,7,21,12,150,516,43,109,12,9,5,53,33,136,119,8,318,81,1,7,6,6,1,56,16,45,14,14,7,18,2,50,3,72,13,17,62,1,46,33,53,222,21,0,90,4,10,47,16,10,33,68,39,14,6,20,8,21,7,20,5,68,33,12,11,1832,6,13,4,119,98,20,70,7,5,31,91,6,7,5,75,49,30,39,19,447,104,3,37,444,103,9,116,54,32,18,8,5,3,29,29,7466,8,3,12,16,75,17,11,9,48,44,19,8,1,139,71,97,2,10,802,2,22,45,37,134,49,3,61,14,23,42,6,9,120,78,413,169,267,7,2,10,6,17,20,10,97,21,12,47,31,47,17,267,49,22,12,17,66,5,2,8,48,9,9,46,8,114,16,1,16,29,6,9,17,1,184,3,33,10,93,20,254,63,2,37,37,2,100,69,10,100,23,56,4,11,0,52,5,91,1,13,65,45,70,7,9,8,18,4,3,8,32,6,8,23,26,50,275,208,9,363,2,45,7,130,1,19,15,5,35,7,5,13,56,21,36,121,2435,6,6,17,28,28,22,7,55,59,29,15,3,21,1,16,4,14,10,177,11,31,7,11,28,2,8,152,104,53,18,45,20,17,2,42,68,7,22,4,29,31,115,4,7563,63,13,40,417,5,35,46,9,5,86,93,9,50,2,82,18,85,38,30,26,94,18,141,160,56,83,29,45,77,27,92,22,4,25,30,26,54,13,521,18,32,5,28,23,19,2,254,22,7,11,18,11,50,7,58,6,66,1,8,11,4,77,0,13
"ENSG00000203706.8",5,0,17,10,22,12,0,2,4,18,4,59,1,173,3,9,7,8,315,9,10,1,17,20,4,4,3,9,6,17,2,13,7,13,5,30,60,6,7,7,6,34,6,77,6,2,8,14,4,2,5,6,2,58,261,8,45,1,8,6,10,0,87,13,1,12,8,6,4,14,19,36,5,1,10,4,9,19,2,9,87,1,4,16,9,4,16,211,42,5,25,10,1,1,394,0,109,6,2,11,18,4,28,3,8,21,10,0,12,3,30,5,23,14,1,6,17,7,2,199,12,6,1,6,12,3,16,0,5,9,4,2,9,10,8,4,8,0,5,8,5,13,25,1,22,22,7,10,4,5,0,1,2,8,9,139,33,32,867,13,5,3,6,13,3,8,5,6,1,6,1,5,10,9,17,5,14,7,387,597,0,16,9,4,229,4,28,16,3,1,0,74,1,10,0,1,7,1,5,7,5,1,17,6,0,2,2,9,18,5,8,8,4,6,22,19,136,9,17,12,3,8,3,11,8,2,1,3,7,70,4,7,22,322,13,36,3,14,5,26,21,26,189,10,2,4,9,16,95,824,1,9,4,1,2,9,4,21,16,11,13,8,236,4,3,25,10,6,5,8,28,2,4,1,9,3,9,0,44,11,3,1,9,6,6,13,3,34,2,22,12,9,33,260,183,3,1,9,24,33,4,15,9,1,1,18,5,20,11,3,21,14,1,29,65,8,1,8,28,7,10,12,0,11,31,8,3,45,2,4,569,7,9,3,11,2,36,4,22,6,0,5,17,3,3,10,10,10,2,4,2,14,8,2,4,3,4,10,6,1,4,15,132,3,67,7,0,6,16,7,7,118,4,28,3,2,0,0,23,5,2,5,10,22,4,0,18,11,5,4,9,3,6,11,9,12,8,6,107,7,2,2,17,1,16,12,0,3,10,54,18,7,5,6,14,4,5,375,5,4,0,0,22,1
"ENSG00000203729.8",0,0,0,1,0,0,0,0,0,0,1,6,1,0,0,0,0,0,4,0,0,0,0,0,0,0,0,0,0,0,0,1,0,1,0,0,6,0,1,2,1,0,0,25,0,0,0,0,0,0,0,0,0,3,1,0,0,1,0,0,29,0,1,0,0,0,0,30,1,0,1,1,0,0,0,0,0,0,0,0,2,0,0,0,0,0,0,2,0,0,0,3,1,0,2,0,4,0,0,0,2,0,0,1,2,0,0,0,0,0,0,0,0,0,0,0,0,0,0,15,12,4,0,0,0,0,0,0,0,0,0,1,1,0,0,0,6,0,0,0,0,0,0,0,0,0,0,0,0,0,0,0,0,1,0,3,0,0,21,0,0,1,0,0,0,0,0,0,0,0,0,0,8,2,0,0,1,0,0,43,0,0,1,1,20,0,0,0,0,0,0,0,0,0,0,0,0,1,0,0,0,0,0,0,0,0,0,0,0,0,0,0,0,0,0,1,2,0,0,1,0,0,0,0,0,0,74,0,0,1,0,0,1,37,3,17,0,0,0,0,0,1,8,0,0,3,1,0,0,8,0,0,0,1,1,0,0,0,10,0,0,0,0,0,0,0,0,1,1,0,0,0,0,0,0,0,0,0,12,0,1,0,0,0,6,0,0,0,0,0,0,0,1,1,2,0,0,12,0,0,0,0,0,0,0,0,0,0,0,6,9,0,1,1,2,0,3,0,0,0,0,0,0,0,1,0,0,13,2,0,19,0,0,1,6,0,9,1,1,1,0,2,0,0,0,0,0,0,0,0,0,0,0,0,2,0,0,0,0,0,0,1,3,1,4,0,0,0,1,0,0,4,0,3,1,0,0,0,0,0,0,0,1,0,0,0,0,0,0,1,0,52,0,0,0,0,1,0,4,0,0,0,0,7,0,0,0,0,0,0,0,0,0,0,0,0,0,1,0,0,0,0,7,0
"ENSG00000203730.3",3,0,0,1,0,1,0,0,0,0,9,4,5,1,1,0,1,1,16,0,1,0,0,0,1,0,0,0,0,0,0,0,0,0,1,0,26,0,1,1,0,0,1,22,0,0,0,1,0,0,0,1,0,7,1,5,7,0,0,0,60,0,2,1,0,0,0,53,0,0,6,3,0,1,0,0,1,0,1,1,3,1,0,0,1,0,0,28,1,1,1,3,1,0,18,0,6,4,0,0,0,1,1,9,2,0,0,0,2,2,0,1,0,0,0,0,3,22,0,44,10,4,0,10,0,0,0,0,2,2,1,1,6,0,0,0,5,1,0,0,0,0,0,1,1,1,0,1,2,0,0,0,1,0,0,2,1,0,4,1,1,5,0,1,0,0,1,0,0,3,0,1,40,7,0,3,1,3,3,8,0,0,1,4,43,0,1,0,2,0,0,0,0,2,0,1,1,0,0,0,1,2,0,5,0,0,0,0,0,0,0,1,0,0,0,0,3,4,2,3,0,0,0,0,0,0,49,2,1,1,1,1,0,13,104,2,0,3,0,0,2,0,48,1,2,4,0,1,0,62,0,0,0,0,0,0,0,0,6,2,3,1,0,1,0,2,0,1,1,0,0,0,0,0,0,0,2,0,11,0,1,8,0,0,17,0,0,0,0,0,0,0,0,0,1,0,0,3,1,3,0,0,0,0,0,0,0,0,1,4,101,2,2,1,11,0,12,2,0,1,0,0,0,11,0,0,0,6,17,0,10,0,0,0,6,0,38,1,5,1,0,4,2,2,0,0,0,1,0,0,0,1,0,0,0,0,0,2,0,6,0,0,24,1,6,0,0,0,10,0,0,1,2,3,4,0,0,0,0,1,0,0,0,0,0,0,0,2,2,1,1,100,0,0,0,0,5,1,7,0,0,0,1,1,0,1,0,0,0,1,1,0,0,0,0,2,1,3,0,0,0,0,13,0
"ENSG00000203740.4",0,0,0,0,0,0,0,0,0,2,0,0,0,21,45,0,0,8,0,0,1,0,2,0,3,0,0,1,0,120,0,7,8,1,0,0,2,0,0,0,0,1,0,0,0,0,0,2,0,0,0,4,0,7,0,1,0,0,7,0,0,53,0,0,0,0,0,0,0,2,36,0,0,0,0,0,18,0,3,1,3,4,0,0,10,0,0,0,0,2,1,11,1,0,0,0,0,2,0,14,0,0,1,0,0,1,0,0,74,0,0,0,0,4,1,6,1,0,17,4,0,1,0,0,0,0,0,4,0,11,0,0,63,0,4,0,0,0,18,1,0,0,13,0,0,32,1,0,2,0,0,0,0,28,0,0,0,0,78,8,1,0,1,0,0,5,2,1,0,0,0,5,0,90,0,1,2,28,0,0,0,1,0,0,26,0,2,0,2,6,0,0,0,3,9,10,0,2,0,4,0,1,0,119,0,5,0,0,0,0,1,1,1,4,5,1,0,0,1,0,0,4,0,0,0,0,0,95,0,0,0,0,0,0,0,2,0,0,0,3,0,1,0,0,0,3,3,0,0,0,1,2,0,58,0,0,0,1,1,2,8,1,18,23,0,0,3,0,8,0,1,0,7,0,0,0,5,0,0,16,20,2,117,0,0,0,0,0,0,21,0,0,0,31,0,1,3,0,0,4,0,0,27,0,1,0,0,0,2,1,2,0,1,4,0,1,8,1,0,6,0,2,0,0,1,1,0,0,0,0,44,0,1,0,14,0,0,12,0,1,0,1,0,1,23,13,0,0,2,0,0,1,0,3,0,0,0,0,0,0,3,0,0,36,4,0,4,0,0,0,0,0,1,6,4,0,5,0,0,83,5,2,0,0,0,2,0,1,0,0,0,0,0,0,0,0,12,4,0,0,0,3,0,0,43,0,30,0,0,0,1,1,0,0,5,0,0,2,5,0,0,0,1,2
"ENSG00000203760.9",148,27,410,67,235,279,182,75,57,450,89,339,583,1533,821,54,112,237,185,156,90,32,148,152,66,107,275,440,171,404,161,249,193,140,79,132,403,94,395,146,119,601,144,51,45,207,82,326,25,40,87,328,99,702,66,212,17,642,1589,445,96,491,64,613,38,113,54,143,1108,339,384,107,85,18,83,9,488,215,589,288,337,208,671,131,240,107,354,80,68,67,159,194,169,555,89,17,55,258,386,350,95,62,821,36,124,552,239,24,1264,175,160,84,71,531,139,197,786,116,644,938,42,425,52,301,238,18,50,270,378,534,72,16,1369,114,472,31,110,46,863,56,23,1248,295,72,109,359,438,654,462,138,26,36,191,720,90,322,140,508,199,402,233,129,172,279,364,721,389,1502,897,1802,132,256,96,2105,101,47,330,407,120,99,30,138,111,148,165,119,241,47,183,706,113,1301,569,433,71,693,53,259,41,194,92,608,422,1458,23,370,47,643,547,244,65,262,1145,234,222,135,243,269,165,400,13,281,311,29,40,30,271,588,68,134,661,181,192,112,180,323,42,81,185,290,29,110,50,47,281,461,233,65,133,91,40,106,53,345,33,138,50,432,88,1365,442,236,2642,790,26,246,312,26,753,69,429,18,831,10,136,531,656,27,65,686,189,965,178,28,82,493,16,128,481,307,94,90,364,122,257,421,1854,57,200,72,149,90,1243,40,718,75,36,127,202,412,91,620,229,77,196,143,1526,263,86,158,177,131,36,581,254,161,74,79,164,21,411,250,112,134,734,69,138,625,79,80,24,97,94,864,424,162,81,154,556,30,77,577,77,886,34,49,277,246,406,170,216,168,139,315,433,30,237,470,48,290,536,278,270,147,1013,120,248,57,60,169,119,192,227,75,93,67,757,273,222,175,297,47,32,377,365,143,105,1168,96,27,97,263,94,23,1102,2214,257,467,404,96,146,288,52,29,157,80,163,2589,271,92,25,62,510,42
"ENSG00000203799.13",51,16,24,31,187,253,64,29,35,7,260,1,171,680,719,45,395,31,2,1133,40,125,357,1,10,54,5,177,5,64,616,138,35,29,144,4,3,6,0,2,2,3,12,389,12,162,1,1,20,13,321,113,56,279,1,13,5,20,1544,64,4,203,615,46,33,639,17,3,6,1,358,21,2,9,3,22,2175,12,268,16,1185,181,84,91,15,1285,1,4,79,19,253,9,2,254,10,10,3,1,639,2,130,647,111,0,227,281,705,22,28,2,58,26,35,15,360,4,496,3,26,194,158,23,11,409,7,76,10,7,939,269,9,58,138,1,68,8,9,17,285,9,17,39,794,9,79,430,239,5,972,2,6,25,24,38,109,6,3,949,185,49,11,7,10,651,251,8,544,335,667,412,62,822,2,44,35,3,9,663,24,5,8,467,0,13,68,12,13,0,409,27,18,5,557,6,7,797,14,2,5,312,4,27,374,1673,6,226,38,9,20,56,307,342,192,25,109,6,3,1,110,20,27,2,95,8,10,13,8,45,13,9,329,15,148,187,176,1,30,1,1,18,110,7,12,498,156,5,613,136,1589,37,11,4,18,15,25,11,5,93,1,1300,111,25,11,384,32,328,37,5,7,45,34,7,1041,10,12,8,425,1,1,12,458,270,18,4,11,91,3,104,816,109,8,10,102,8,9,575,19,1,101,4,8,1813,402,9,164,5,1,79,515,323,8,177,2,32,220,8,66,25,29,240,268,8,18,946,74,7,47,2,0,13,4,9,225,8,84,8,0,190,11,33,10,482,12,12,3,1,2,401,36,24,24,393,45,826,11,9,50,10,504,120,682,69,2,536,191,7,227,704,3,70,6,3,38,6,673,19,81,156,9,173,4,23,14,12,66,7,11,4,0,5,1004,4,3,24,210,8,25,503,61,5,13,12,708,5,97,9,9,842,5,3,51,1,2,8,11,2,2,1,587,15,15,16,395,50
"ENSG00000203805.11",60,25,65,26,55,7,0,1,1,211,12,0,11,138,0,79,2,0,1,34,56,37,31,47,0,0,1,13,0,5,3,48,8,46,12,5,28,5,0,5,0,150,0,0,99,3,8,73,94,0,1,20,74,1,0,0,4,1,3,0,0,3,0,38,13,0,2,0,20,11,41,18,4,16,1,17,13,41,4,8,4,2,6,4,1,0,15,3,6,0,19,2,0,2,1736,14,1,3,4,44,82,23,37,2,49,18,0,33,22,1,27,135,128,51,1,1,24,2,0,3,0,0,1,0,6,20,69,0,0,91,20,67,0,3,27,43,8,17,1,0,34,92,48,131,31,12,15,5,4,28,13,74,0,3,20,0,0,60,0,23,85,0,0,33,14,75,8,6,1,5,1,1,0,0,23,0,5,6,156,2,15,18,0,8,3,15,100,6,0,0,8,5151,1,13,3,0,61,0,0,3,0,1,154,0,51,0,3,5,100,0,93,12,4,0,46,247,3,0,5,0,25,5,0,0,52,30,1,1,0,1,2,0,31,7,0,0,49,1,4,14,14,9,0,8,13,7,0,0,3,0,14,0,15,9,42,11,61,31,1,0,52,7,41,4,18,20,11,85,0,50,21,20,0,28,15,0,4,33,0,16,0,1,0,51,0,30,49,14,0,30,215,10,9,0,17,2,10,0,0,366,45,0,79,94,0,29,0,12,13,0,0,2,0,10,16,99,6,2,22,9,8,45,41,5,13,1,127,0,7,51,0,20,20,3,0,75,0,4,0,1,43,0,16,15,1,6,0,4,1,52,49,31,2,6,1,42,1,19,1,0,0,1,18,5,82,0,1,2,1,11,0,8,0,1,4,0,0,95,0,0,1,3,0,15,90,1,26,35,1,0,12,0,48,2,0,15,7,5,192,23,0,0,10,0,41,82,6,0,3,83,70,5,0,10,13,1,0,105,2,139,57,3,1,51
"ENSG00000203814.6",23,0,23,12,15,23,5,18,13,63,8,35,27,194,233,2,17,7,43,4,7,8,53,4,18,4,8,50,1,24,3,131,4,86,7,53,33,8,18,99,2,67,116,263,8,3,6,14,4,15,6,41,11,16,31,28,5,16,11,9,14,20,7,22,7,0,5,30,23,10,173,35,10,5,4,11,39,4,3,24,14,67,138,57,30,47,3,35,30,2,40,41,4,48,39,0,9,26,9,7,23,5,18,24,2,57,26,3,168,189,22,2,18,7,25,17,49,13,13,79,24,117,17,30,16,20,17,24,33,8,5,6,31,13,5,4,16,7,5,1,2,12,16,5,7,26,53,24,28,77,11,8,11,2,21,10,4,20,118,27,7,15,28,30,6,42,14,6,9,91,16,3,182,154,14,0,3,81,172,29,2,16,8,74,15,8,7,12,26,16,10,55,9,34,37,4,9,15,31,41,15,178,16,18,4,13,8,9,12,68,24,151,5,5,13,13,4,23,5,24,1,15,12,73,2,1,7,52,1,4,11,8,4,27,1,35,4,18,5,4,153,18,27,27,365,42,2,13,54,59,1,2,3,5,6,11,4,1,7,66,62,14,12,63,2,5,4,11,35,0,10,6,40,2,3,11,19,1,25,36,66,9,3,1,13,4,3,16,6,8,38,26,13,26,10,16,25,9,48,63,22,0,14,18,23,4,8,11,5,61,14,49,20,43,41,200,2,77,16,6,44,148,5,9,34,28,5,0,7,1,63,7,26,46,63,9,33,13,4,33,0,10,56,120,8,12,0,14,13,2,11,133,18,21,17,7,4,526,26,4,12,14,26,96,8,29,25,15,41,2,8,6,8,8,66,0,10,18,24,268,9,24,7,18,12,10,13,13,0,14,116,168,4,18,6,7,33,40,26,1,15,5,66,31,57,18,32,10,0,26,20,4,12,5,32,4,2,9,5,18,2,13,151,3
"ENSG00000203877.8",0,0,7,0,0,0,0,0,0,0,0,0,1,40,0,0,1,13,0,0,0,0,0,0,0,0,9,1,0,0,0,0,0,0,0,0,0,0,0,0,0,0,0,0,0,0,0,0,0,0,0,0,0,0,0,1,0,5,0,1,0,0,0,1,0,0,0,0,0,0,18,0,0,1,0,0,0,0,9,1,0,0,34,0,0,0,0,24,4,0,0,1,3,0,0,0,0,0,0,2,0,0,0,0,0,0,0,0,46,0,0,0,0,0,0,0,0,0,56,60,11,0,0,0,0,0,1,18,0,6,0,0,81,0,0,0,0,0,0,0,0,0,0,0,0,0,0,0,0,0,0,0,0,24,0,0,0,0,0,0,0,0,1,1,1,3,0,0,0,0,0,0,0,1,0,0,0,0,5,0,0,0,0,0,0,0,0,0,0,1,0,2,1,0,0,0,0,0,0,0,0,1,0,5,0,0,0,0,0,0,0,0,0,0,8,0,0,0,0,0,0,0,58,0,0,0,0,0,0,0,3,0,0,0,0,0,0,0,0,0,0,0,0,0,0,38,0,0,0,0,0,0,0,0,0,0,0,0,0,0,1,0,6,1,0,0,0,0,0,0,0,0,0,0,0,0,11,0,0,0,0,0,0,0,0,0,0,0,16,1,0,0,0,0,0,2,6,0,0,0,0,0,51,0,11,0,0,0,0,0,0,0,0,0,0,0,0,1,0,0,0,0,0,4,0,0,0,0,1,0,1,0,0,0,0,0,0,0,0,5,0,0,0,2,4,0,0,1,17,0,0,34,0,3,0,0,0,0,0,0,0,0,0,1,0,0,0,0,0,0,0,0,0,0,4,0,0,0,1,0,0,0,0,0,0,0,0,0,27,0,0,0,1,0,0,6,1,1,3,0,0,0,0,0,0,4,1,0,0,0,1,0,0,0,0,0,8,6,0,0,0,0,0,0
"ENSG00000203971.2",11,0,0,0,1,0,0,14,2,78,0,1,1,1,2,0,1,0,0,3,1,0,0,0,3,0,0,5,0,0,0,14,0,1,0,0,0,0,2,0,0,1,1,2,0,3,6,1,0,0,0,2,0,0,0,0,0,0,0,16,0,1,0,8,16,0,1,2,6,0,1,2,0,0,1,0,2,4,0,0,0,2,0,2,5,0,1,1,50,1,1,1,0,9,14,1,5,8,0,0,1,0,1,0,1,0,0,0,0,0,1,2,4,5,1,0,2,0,0,0,0,4,0,0,0,0,1,2,0,1,0,0,0,0,0,0,0,0,0,2,1,16,46,0,1,0,0,4,0,1,2,1,0,2,1,0,0,0,0,1,0,2,0,0,1,2,0,0,0,1,54,0,0,0,0,0,2,0,5,0,0,0,0,1,0,0,1,1,1,6,0,1,0,0,1,1,0,0,0,1,0,13,0,1,1,0,0,12,5,1,0,0,0,0,1,7,1,0,0,1,0,3,7,9,1,0,0,0,0,0,6,2,0,0,0,0,0,0,1,0,1,0,4,0,0,0,0,0,0,1,2,0,0,0,2,0,1,2,0,3,6,0,0,0,0,1,1,1,14,0,0,0,0,0,0,0,2,0,8,9,1,0,0,0,3,3,0,0,0,0,0,0,6,0,3,0,37,0,2,4,1,0,0,0,0,0,0,0,1,0,0,2,1,7,2,5,0,1,19,0,3,14,0,2,0,1,3,0,1,1,0,1,4,0,0,0,0,0,0,0,0,0,0,0,0,5,1,2,0,0,0,12,1,1,0,1,7,3,0,0,1,0,0,1,18,0,0,0,0,1,34,0,0,0,23,5,3,0,4,7,1,2,9,0,0,0,1,0,0,0,0,4,0,1,1,0,2,0,4,0,1,0,2,2,0,0,0,0,2,11,1,2,0,0,1,1,8,5,0,0,0,0,1,0
"ENSG00000203985.11",1241,1,0,888,132,331,20,0,63,81,13,7,0,0,13,19,43,5,11,20,55,2,102,28,4,167,7,154,206,165,4,1526,690,1,93,42,627,52,88,21,1,28,55,4,2,231,51,135,1,0,4,131,41,11,0,803,56,11,25,7,2,58,12,352,107,24,10,5,2,6,235,1711,164,1,0,0,184,31,48,464,126,738,6,72,58,0,51,0,16,683,1749,70,71,108,271,0,27,1,198,17,43,3,89,2,250,8,211,27,104,14,60,2,30,1134,15,3,67,4,45,503,14,34,0,47,283,1,0,17,39,342,39,0,41,316,35,1,8,0,8,11,5,97,53,25,151,47,58,12,113,7,2,4,2,5,51,33,21,18,84,19,2,1510,51,188,68,1,1131,77,49,159,344,71,215,2,190,3,1408,163,113,39,1,1,105,59,5,171,3,46,0,19,12,0,12,271,32,0,4,1455,0,36,0,0,209,25,0,2,0,4,37,1,84,204,350,18,154,85,42,15,63,895,1,66,0,36,0,0,0,2,123,44,1,7,6,13,0,385,1,5,626,33,50,732,43,18,191,107,1,21,74,1261,21,4,0,14,1,7,1,13,3,11,36,7,349,48,0,406,197,0,25,1,409,3,7,3,407,5,183,3,157,117,39,280,19,10,3,1,3,91,95,383,13,191,87,4870,14,4,1,293,2,11,231,2,0,0,13,468,18,337,5,34,5,245,389,1672,44,552,3,38,6,663,358,68,0,38,168,1,6,3,2,9,20,5,196,5,68,1,70,117,99,7,0,613,114,10,11,298,0,8,51,0,5,0,47,26,7,0,36,7,0,301,6,24,220,31,273,6,75,98,45,447,34,98,16,72,4,5,29,1,0,156,1,53,296,133,164,318,383,2740,199,263,423,31,20,591,33,35,42,63,16,11,4,0,27,179,3,0,34,17,0,12,727,52,139,66,22,655,258,0,34,9,1,0,0,7
"ENSG00000203989.5",0,0,0,0,0,0,0,0,0,0,0,0,0,74,0,1,0,0,0,0,0,0,4,0,4,0,0,1,0,0,0,0,1,0,0,0,68,0,0,0,0,0,0,0,0,0,1,0,0,0,0,84,0,0,0,0,0,0,1,0,0,4,0,0,0,0,0,0,0,0,173,0,0,0,0,0,0,0,0,121,154,8,0,0,1,0,0,50,1,0,0,0,0,0,0,0,0,10,0,0,0,0,0,0,0,0,0,0,1605,0,0,0,0,0,0,0,1,0,0,1,0,0,0,0,0,0,0,1,0,0,0,0,12,0,0,0,0,0,0,0,0,0,0,0,0,1,0,0,0,0,0,0,0,68,0,0,0,0,0,1,1,0,0,0,0,29,0,0,0,0,0,0,0,97,0,0,0,0,0,0,0,0,0,9,27,0,1,0,0,0,0,0,0,0,7,0,0,0,0,0,0,0,0,1,0,4,0,0,0,0,0,0,0,0,0,0,0,0,2,0,0,1,0,0,0,0,0,0,0,0,0,0,0,0,0,2,0,0,0,0,0,0,0,0,0,0,0,0,0,0,0,0,0,0,0,0,0,0,0,0,40,1,0,245,0,0,0,0,39,0,0,0,0,0,0,0,0,0,0,0,1,0,0,0,0,0,0,0,0,0,1,0,0,0,0,2,4,0,0,0,0,0,0,0,0,0,0,0,0,0,0,0,1,0,0,0,48,1,0,0,0,0,0,0,0,0,0,0,0,0,181,0,0,0,0,0,0,0,0,0,0,0,0,0,0,0,0,0,7,0,0,0,0,2,0,0,0,567,0,0,0,0,0,0,0,0,0,0,0,1,0,1,0,0,388,0,2,0,0,0,2,9,0,0,0,0,0,1,0,0,0,0,0,0,0,0,3,2,0,0,0,0,0,0,0,0,1,0,0,0,0,0,0,0,0,0,18,0,0,0,0,0,0,0
"ENSG00000204019.5",0,0,0,0,0,0,0,0,0,0,0,0,0,222,38,0,0,4,0,0,0,0,2,0,0,0,0,2,0,10,0,0,2,0,0,0,30,0,0,0,0,0,0,0,3,0,0,0,0,0,0,25,0,3,0,0,0,0,0,0,0,55,0,1,0,0,0,0,0,0,0,0,0,0,0,0,0,1,114,39,0,1,0,0,2,0,0,3,0,0,0,156,0,0,0,0,0,0,1,0,0,0,0,0,0,0,0,0,116,0,0,0,0,2,0,0,0,0,0,33,0,0,0,0,3,0,0,7,0,19,0,0,30,0,0,0,0,0,34,0,0,0,72,0,0,1,3,0,0,0,0,0,0,2,0,0,0,0,0,1,0,0,0,0,0,37,115,1,0,73,0,0,0,261,0,0,0,9,224,0,0,0,0,0,0,0,0,0,0,3,0,1,0,1,1,0,0,0,0,0,0,0,0,178,0,402,0,0,0,0,0,0,0,0,0,0,0,0,0,1,0,0,0,0,0,0,0,1,0,0,0,0,0,1,0,154,1,0,0,1,0,0,0,0,0,0,0,0,0,0,0,0,0,0,0,0,0,0,0,0,6,0,1,32,0,0,1,0,2,0,22,0,2,0,0,0,12,0,0,32,5,21,72,0,0,0,0,0,0,0,0,0,0,0,0,1,25,0,0,0,0,0,191,0,0,0,0,0,0,0,0,0,0,0,0,0,0,0,0,2,0,0,0,0,0,0,0,0,0,0,22,0,0,0,0,0,0,0,0,0,0,0,0,0,78,1,0,0,19,0,0,0,0,5,0,0,0,0,5,0,0,0,0,0,0,0,0,0,0,2,0,5,0,0,168,1,3,0,0,0,0,1,0,0,0,0,0,0,71,0,0,0,0,0,0,0,24,207,0,0,0,0,0,0,1,0,25,1,4,0,0,0,0,0,0,0,11,0,0,0,0,0,0,1
"ENSG00000204044.6",3,1,1,4,1,1,75,0,2,8,0,0,23,3,5,11,4,7,0,0,3,1,0,0,1,1,1,9,0,2,76,1,0,1,0,2,1,0,1,0,2,1,2,0,2,9,1,1,0,0,2,3,0,30,47,0,0,6,0,1,1,10,2,1,0,3,1,5,0,2,1,4,2,0,1,0,14,7,22,7,6,17,2,9,1,3,6,0,4,22,4,0,1,39,1,0,1,80,3,3,4,2,7,3,6,3,2,1,83,0,0,2,1,1,0,2,2,1,3,1,1,0,1,7,1,0,0,0,0,0,0,2,8,0,1,0,0,0,1,1,1,3,2,0,9,3,35,0,6,0,0,1,1,5,1,0,0,6,60,5,1,19,33,7,5,2,22,2,11,19,0,12,0,1,6,0,3,71,2,12,0,5,15,2,0,1,3,6,1,1,21,4,102,8,4,2,0,22,1,5,0,2,1,5,2,2,1,0,4,1,0,10,8,1,0,1,5,0,1,20,0,26,1,2,2,0,0,1,1,18,30,0,5,2,1,10,0,0,1,0,3,4,3,3,5,41,49,26,23,0,7,0,1,25,0,17,3,5,0,5,9,7,1,1,2,2,3,0,4,0,3,0,4,1,5,3,22,1,1,7,8,6,10,1,7,0,0,0,0,4,1,0,1,51,23,11,1,0,1,1,3,4,27,6,4,1,3,4,0,0,1,1,0,6,7,1,27,2,3,0,2,0,0,5,1,20,0,0,15,0,1,8,1,2,6,0,0,0,7,0,0,0,0,5,1,1,1,0,8,1,1,1,1,35,2,0,0,2,14,1,97,2,0,0,1,1,0,4,0,6,0,1,2,4,16,3,0,2,1,6,0,2,4,3,1,12,3,5,6,0,16,0,1,0,0,0,2,8,1,0,4,17,4,0,4,3,5,4,5,1,5,1,2,1,0,0,3,16,1,4,0,1,3,1
"ENSG00000204091.8",0,0,0,0,0,0,0,0,0,1,0,0,0,6,6,0,1,4,0,8,0,0,4,0,0,0,0,2,0,0,0,0,0,21,0,0,2,0,0,0,0,0,53,0,0,0,0,0,0,0,0,1,0,1,0,0,0,0,1,0,0,27,0,2,0,0,0,0,0,2,1,0,0,0,0,0,17,0,0,3,5,39,0,0,1,1,0,3,0,0,0,0,0,0,1,0,0,2,0,0,0,0,0,0,0,0,0,0,20,0,0,0,0,1,0,0,2,1,1,0,0,13,0,0,0,0,0,1,0,0,1,0,6,0,0,0,0,0,0,0,0,0,0,0,0,1,0,0,0,6,0,0,0,0,0,0,0,0,0,0,2,0,7,0,6,1,0,0,0,11,0,0,0,40,0,0,1,1,0,0,0,0,0,0,3,0,0,0,1,3,0,0,0,0,80,0,0,1,0,0,5,2,0,71,0,0,0,3,0,0,0,0,0,1,0,3,0,0,0,0,0,0,0,0,0,0,1,0,0,1,2,0,1,0,0,1,0,0,0,0,7,2,0,0,4,2,0,0,0,0,0,0,0,0,0,0,0,0,0,1,2,676,0,0,0,0,0,0,18,0,0,0,0,0,0,0,0,0,0,4,7,0,0,0,0,0,0,0,0,1,0,1,0,0,0,3,8,0,0,0,0,0,2,0,0,0,0,0,0,1,0,0,1,2,2,3,2,1,0,1,4,0,0,3,0,1,0,0,1,0,5,0,1,0,1,1,0,0,0,0,0,0,0,0,0,1,1,0,1,0,0,0,0,2,0,0,2,0,0,0,4,0,0,1,2,0,0,0,0,0,0,0,0,1,3,0,1,0,0,1,0,3,18,0,0,0,1,0,0,0,0,0,0,0,0,0,17,0,2,0,0,0,1,0,1,0,0,0,0,0,0,0,1,1,3,0,0,1,3,0,0,0,2,0
"ENSG00000204118.2",1,0,0,0,2,0,1,0,0,0,0,1,0,983,73,2,0,11,0,0,0,0,0,55,4,4,0,71,4,140,0,1,7,0,4,0,196,0,23,24,0,0,0,1,7,2,0,10,0,0,0,23,1,17,0,21,0,0,0,0,0,20,0,24,0,0,2,0,0,1,23,0,0,0,2,1,1,0,6,6,107,29,0,0,49,0,0,1,0,1,0,93,0,0,0,2,1,4,1,1,1,0,1,0,0,0,1,1,34,5,0,3,1,1,0,0,3,0,1,45,1,85,1,0,0,0,0,47,0,255,3,0,161,0,0,0,0,0,0,0,0,0,146,2,2,1,12,0,1,1,1,0,0,60,1,0,0,4,13,25,0,0,123,0,0,22,5,1,0,43,0,10,0,36,0,0,1,17,1,87,2,1,1,1,0,0,5,0,2,52,0,21,0,134,6,0,2,0,0,0,0,0,0,431,1,14,0,0,39,24,1,5,13,1,0,0,0,0,8,443,2,18,0,0,0,0,1,1,0,0,0,16,3,0,0,18,3,0,0,15,0,2,0,0,4,48,0,2,0,0,0,0,0,1,0,0,0,0,13,77,98,105,1,0,2,2,0,2,8,0,8,0,95,0,3,0,1,1,0,26,104,8,10,1,0,1,3,0,0,0,2,0,0,306,0,11,52,0,0,1,0,2,5,2,1,1,0,0,59,1,0,0,0,0,0,0,29,1,0,9,0,0,0,0,15,0,1,3,1,1,123,2,95,0,23,1,0,2,0,0,2,4,0,4,94,5,0,0,2,1,0,17,0,11,0,1,0,154,0,0,0,0,1,1,1,0,0,1,0,37,1,3,1,10,243,0,8,5,0,82,90,14,20,1,1,43,1,7,4,1,1,0,0,1,1,2,104,4,4,2,5,0,1,0,77,0,57,30,63,1,13,7,0,0,4,0,41,0,0,4,0,0,0,0
"ENSG00000204291.11",3161,11,1293,3338,6840,649,20,1373,299,792,763,731,318,3631,122,209,1724,352,447,2064,1478,38,5861,2976,1335,1646,108,1802,429,693,489,2399,1924,1827,1574,1562,900,257,130,940,995,3183,2170,972,337,451,436,1942,153,1916,753,1437,97,217,549,255,1005,635,803,493,1374,914,90,587,111,3306,1694,915,366,1596,1835,2870,817,23,743,51,587,766,98,1282,498,290,5743,617,436,1059,931,67,6239,267,2680,198,486,97,274,14,200,7864,190,2601,841,67,1139,604,2840,3954,4277,42,682,1504,5407,150,12294,4348,854,426,5741,481,94,409,44,842,752,436,1637,14,341,156,823,2305,1569,57,207,1906,1582,51,601,11,305,274,145,3486,1895,21,3303,1153,396,860,300,2507,91,48,287,588,2384,397,439,4182,1250,1567,1493,185,568,1879,587,1369,3391,560,463,846,48,424,1136,530,629,823,1409,354,1113,1331,20,1799,362,1537,661,918,5199,4776,339,535,281,1377,308,1815,969,165,42,77,367,1994,1410,937,5338,739,53,118,717,817,882,833,2075,1764,193,713,2517,1998,221,349,1738,1644,24,568,117,694,274,56,1160,420,418,1485,509,1970,3805,934,1113,1065,25,482,2119,838,5927,1789,643,924,1418,464,61,328,2278,301,520,398,57,224,31,2015,84,2054,359,229,2063,1684,1716,121,71,3854,305,99,570,57,3819,46,110,25,2749,823,188,48,314,832,1597,259,535,25,442,1645,32,2060,66,1903,405,1953,1047,98,325,209,945,1221,1242,1876,1952,1001,1004,58,93,1592,339,1522,586,259,992,1550,111,1352,1062,1606,685,1155,6299,923,2765,1013,28,1049,3451,711,193,398,152,44,489,583,1666,656,227,103,421,1185,381,170,11,1047,1672,179,237,971,904,363,183,17,115,1068,846,528,674,49,242,299,604,26,758,1398,1147,636,2136,772,128,1697,909,596,1160,1149,28,151,82,133,850,106,3917,1397,234,2458,201,932,74,230,1604,1640,916,465,357,588,36,1638,220,1478,351,402,2003,157,796,158,3561,113,741,651,187,367,814,13493,3115,356,4625,2618,2086,1293,266,1121,374,760,33,226,1140,65
"ENSG00000204335.4",111,87,10,63,73,223,78,15,64,39,3638,1887,3179,643,9,57,82,259,2047,50,271,31,52,70,39,148,280,35,84,118,115,92,114,174,54,885,742,70,2937,1874,54,34,57,1972,115,13,51,843,8,1,311,97,73,3376,1546,279,1009,255,248,62,3353,517,1562,18,104,335,34,1707,265,281,163,138,65,38,88,139,270,105,5918,128,4081,140,172,144,194,14,103,1331,53,84,379,1040,45,14,1661,33,1672,82,2380,112,191,239,214,722,106,1608,72,97,160,97,16,30,51,123,145,562,129,776,613,7258,633,229,1,473,161,18,10,86,40,382,145,73,557,142,127,102,2115,138,171,29,45,105,46,143,89,239,121,70,266,106,59,85,297,336,67,849,285,213,968,120,162,583,112,83,30,105,45,319,77,128,137,270,1210,282,488,362,214,5430,171,1259,43,25,868,68,1112,135,48,21,150,86,315,68,85,380,126,310,127,470,94,107,29,294,98,247,35,659,1,145,135,111,144,20,140,332,82,38,2832,766,106,1043,84,52,145,26,150,41,4034,299,24,1200,124,62,110,2837,366,1191,90,754,52,115,13,65,1266,34,139,1495,515,209,761,1385,40,196,92,68,110,123,120,85,6429,288,88,34,479,206,36,233,118,64,15,44,200,35,26,66,131,157,282,45,1584,185,50,764,84,35,730,44,22,22,96,278,142,184,72,1281,1986,112,183,778,75,32,65,14,37,233,338,84,205,342,343,2668,1426,69,2396,242,647,34,266,244,89,210,88,18,99,39,117,139,83,5288,1738,11,6157,37,54,516,2306,61,1260,182,2958,1420,69,1453,114,107,266,64,275,226,217,7,22,121,220,1750,657,53,239,60,318,285,108,387,1093,1018,24,107,294,109,703,102,93,927,131,4101,345,20,5,13,23,64,82,26,127,49,177,149,1472,241,74,83,384,1738,65,431,31,133,270,67,659,51,83,201,15,547,405,472,126,186,0,50,117,87,19,60,169,1,110,321,45,204,56,70,3971,40
"ENSG00000204382.11",0,0,0,0,0,0,0,0,0,0,0,0,0,180,12,0,0,17,0,0,0,0,0,0,3,0,0,2,0,28,0,0,4,0,0,0,2,0,0,0,0,0,0,0,2,0,0,0,0,0,0,7,0,17,0,0,0,0,1,0,0,6,0,3,0,0,0,0,0,0,20,0,1,0,0,0,0,0,0,1,14,7,0,0,3,0,0,2,0,0,0,0,0,0,0,0,0,12,7,0,0,0,0,0,0,0,0,0,10,6,0,0,0,21,0,0,0,0,0,2,0,9,0,0,0,0,0,2,0,0,0,0,16,0,0,0,0,0,0,1,0,0,0,0,0,5,0,0,0,0,0,0,0,8,0,0,0,0,0,2,7,0,0,0,0,4,11,0,0,8,0,1,0,8,0,0,0,0,0,0,0,0,7,0,4,0,17,1,0,3,0,6,0,5,4,0,0,0,0,0,0,0,0,17,0,11,0,0,3,0,0,0,0,0,1,0,0,0,7,4,0,1,0,0,0,0,0,1,0,0,0,2,0,0,0,0,0,0,0,0,0,0,0,0,0,0,0,0,0,0,0,0,0,0,0,0,0,0,2,0,12,0,0,0,0,1,0,0,11,0,8,0,16,0,0,0,21,0,0,11,1,10,0,0,0,0,0,0,0,0,0,0,0,0,0,9,4,0,0,0,0,0,0,0,2,0,0,0,3,2,0,0,1,0,0,0,26,0,0,5,0,0,0,0,0,0,0,1,0,0,4,0,0,0,1,0,0,0,0,0,0,0,0,0,7,3,0,0,0,0,1,0,0,40,0,0,0,0,0,0,0,0,0,0,0,0,0,0,0,6,0,3,0,2,41,0,11,0,0,0,1,7,1,0,0,2,0,0,0,0,0,0,0,0,0,0,0,0,0,0,0,0,0,0,0,0,0,2,1,0,0,0,0,0,6,0,2,1,0,0,0,0,0,1
"ENSG00000204410.16",69,2,16,26,32,28,2,8,24,23,129,205,84,170,125,5,56,42,76,73,25,5,18,54,63,26,11,191,6,59,155,82,53,52,23,19,22,46,40,234,1,39,87,63,24,8,12,7,5,6,34,53,22,132,65,48,24,87,61,22,45,40,134,28,15,297,39,45,117,66,235,32,24,0,0,17,132,18,67,134,90,87,130,7,293,29,4,71,57,0,57,183,61,16,12,8,39,28,93,23,8,21,13,91,29,80,164,8,175,54,55,30,27,63,100,22,209,114,57,126,33,144,10,34,15,5,4,23,289,131,20,13,98,11,37,9,48,17,63,11,5,120,132,14,44,172,49,97,51,79,13,21,28,43,28,78,90,43,87,137,42,8,102,93,44,73,116,65,34,101,4,51,169,586,9,13,29,36,255,65,4,16,227,226,107,11,67,14,26,139,69,35,48,133,22,63,14,83,1,65,89,116,79,284,6,18,19,162,11,90,38,43,38,46,93,48,16,6,45,159,6,3,2,19,26,6,252,358,0,83,97,58,23,65,7,34,7,39,8,25,10,31,20,13,181,80,78,7,148,69,4,15,13,56,7,28,13,6,118,200,174,29,96,51,10,62,50,8,172,17,42,15,98,2,34,58,6,2,39,8,255,16,28,8,157,38,2,17,6,19,37,16,5,34,4,187,188,98,30,143,218,8,91,10,2,3,13,39,139,119,57,67,82,19,54,133,61,66,34,22,130,319,6,199,13,93,6,81,6,6,94,13,20,36,165,13,87,72,58,13,3,21,28,224,172,31,2,3,31,5,15,100,35,108,164,12,70,270,70,59,52,9,140,127,67,49,3,45,21,8,29,194,0,20,104,8,305,16,7,177,14,27,29,1,11,14,23,45,20,61,107,46,0,163,23,35,34,31,196,12,21,31,38,55,77,22,78,204,4,14,53,6,100,36,10,24,6,25,131,25,3,4,99,27
"ENSG00000204501.7",0,1,0,1,0,0,0,0,4,0,0,0,0,18,0,44,0,2361,0,1,2,0,5,807,10,0,2,514,0,0,7,0,1,55,353,0,2,0,0,0,0,2,0,0,10,0,0,0,1,141,660,108,7,1,0,0,0,1,4,0,0,3,0,25,4,0,9,0,1083,7,5,0,5,0,63,0,0,1,0,1,2,23,0,0,5,0,3,0,0,0,0,55,0,0,0,0,0,5,0,0,42,4,0,0,0,0,0,0,0,0,2,1,1,34,0,1646,0,0,0,0,0,29,1,0,0,1,78,2,0,0,20,0,1,2,0,1,0,0,0,74,0,4,1,10,2,0,0,0,0,0,0,0,0,5,0,0,0,27,1,24,9,4,299,0,0,5,0,0,0,0,1,1,0,9,0,0,0,0,0,0,0,0,2,77,0,1,0,0,6,1,1,0,0,5,4,0,0,0,2,0,127,2,1,0,0,28,1,0,2,2,2,22,0,7,4,0,0,0,26,453,2,29,0,2,1,1,1,0,0,1,1,4,1,0,0,0,0,0,0,596,0,3,0,0,0,0,0,0,0,4,0,0,0,0,6,44,2,0,0,1,140,205,0,0,3,0,0,0,299,0,18,0,0,4,95,0,0,0,0,1,27,0,6,0,4,2,0,1,0,1,2,15,0,3,4,0,0,13,33,0,6,0,1,0,0,0,0,87,1,0,0,0,37,0,18,34,0,0,2,3,0,0,0,0,12,0,0,3,0,2,0,0,36,0,1,10,0,0,0,0,0,1,8,0,1,1,0,0,1,0,0,12,15,2,0,6,0,0,0,0,1511,27,3,0,0,2,2,0,0,82,4,6,3,0,57,9,436,0,0,9,173,294,300,0,1,3,0,3,1,2,0,0,1,8,0,0,109,0,0,7,3,6,0,0,0,0,1,0,12,0,2,15,863,1,0,0,60,0,0,4,0,41,1,11
"ENSG00000204505.4",0,0,0,0,4,0,0,0,0,0,0,0,0,7,0,1,0,12,0,0,0,1,5,17,0,0,0,101,0,0,0,0,1,2,2,1,0,1,0,0,1,1,0,0,0,0,0,0,0,15,1,173,1,0,0,0,0,0,0,0,0,0,0,0,0,0,0,0,16,35,0,0,0,0,0,0,0,3,0,0,1,1,2,0,0,0,0,0,0,0,0,20,0,0,0,0,0,0,0,0,0,0,0,0,1,0,0,0,0,0,1,0,0,0,0,9,0,0,0,0,0,0,0,0,0,0,0,0,0,0,1,0,2,0,0,0,0,0,0,0,0,4,0,0,0,0,0,3,0,1,0,0,0,0,0,0,1,16,0,1,3,14,11,0,0,1,0,0,0,0,0,10,0,6,2,0,0,0,0,0,0,0,0,1,0,0,0,0,0,0,0,0,0,1,1,1,0,0,0,0,0,0,1,2,0,14,0,0,0,0,8,49,0,0,0,0,0,0,0,18,0,0,0,4,0,0,1,0,1,0,0,0,0,0,0,0,0,0,0,36,0,0,0,0,0,0,0,0,0,0,0,0,0,0,0,0,0,0,0,0,111,11,0,0,0,0,0,0,16,0,2,0,0,0,0,0,0,0,0,0,2,0,0,0,0,0,0,0,0,0,0,2,0,0,0,1,2,0,1,0,0,0,0,0,1,0,0,7,0,0,0,2,4,0,6,20,0,0,0,0,0,0,0,0,1,0,0,0,0,0,0,0,0,1,0,0,0,0,0,0,0,0,0,0,1,0,0,0,2,0,0,1,1,0,0,0,0,1,0,0,4,0,0,3,0,0,0,0,0,20,2,0,2,0,14,0,29,0,0,0,13,113,1,0,0,0,0,3,0,0,0,0,0,0,0,0,0,0,0,0,0,1,0,0,0,0,22,0,0,0,0,3,0,0,9,0,20,0,0,0,0,3,0,0
"ENSG00000204510.5",0,0,0,1,0,1,0,1,5,1,0,0,0,28,0,0,0,7,1,1,1,0,5,1,1,0,0,41,0,0,2,1,0,0,0,263,0,0,0,0,0,21,0,0,2,0,0,2,0,6,0,188,4,0,0,9,1,0,5,0,1,2,0,10,60,0,28,3,1,3,0,3,8,0,2,0,0,12,0,0,3,2,21,0,1,0,3,0,1,0,0,3,0,0,21,0,0,0,0,0,1,0,2,0,0,0,0,3,1,0,7,0,15,31,0,0,0,0,0,0,0,5,0,0,0,0,3,0,2,0,1,0,0,6,2,1,0,0,0,6,0,10,0,0,1,6,0,0,0,0,0,1,2,3,0,0,0,2,0,16,1,23,3,0,1,2,0,2,0,0,0,6,0,1,1,0,0,0,0,0,0,0,0,0,0,6,0,2,0,2,0,0,39,7,0,0,0,0,9,0,0,12,0,0,0,0,0,6,1,28,0,78,0,1,3,0,0,0,1,2,0,27,0,8,0,0,4,3,1,0,2,2,0,1,0,0,0,1,0,9,0,3,0,1,0,0,0,0,0,2,0,0,0,0,0,4,0,0,0,0,3,4,0,0,3,0,0,0,9,0,0,0,0,0,2,0,0,0,0,20,1,0,33,0,1,1,0,0,0,5,0,1,1,0,0,0,3,2,20,0,0,0,0,0,0,0,0,1,0,0,0,0,8,4,1,1858,0,1,3,1,0,4,0,0,4,0,0,3,0,0,0,2,11,1,4,1,2,0,0,2,1,0,5,0,3,8,2,0,1,0,0,8,5,0,0,0,0,1,0,0,0,2,0,0,2,0,0,0,0,0,103,0,0,0,7,2,13,3,0,8,0,34,2,3,2,0,1,2,0,69,0,0,0,0,0,0,5,0,0,0,3,1,0,0,0,0,4,0,7,2,4,31,3,7,5,0,0,0,0,2,0,0,0,0
"ENSG00000204511.3",4,0,0,0,3,131,9,0,1,0,0,0,58,0,10,0,77,5,1,12,0,1,9,2,0,339,1,1,122,0,9,0,173,0,6,0,0,0,0,0,0,4,25,38,0,22,0,0,1,0,0,1,0,225,0,2,1,1182,14,0,1,0,26,0,0,351,0,3,0,3,1,3,1,2,2,0,3,0,27,1851,26,0,0,39,0,91,0,11,1,0,5,0,117,4,2,0,3,0,1,1,0,0,37,46,5,3697,324,0,65,160,155,1,8,2,224,1,10,1,1,44,0,0,2,4,14,0,0,0,566,23,0,0,7,2,0,2,1,0,505,0,2,31,1,0,0,21,0,0,95,0,0,5,2,0,0,0,0,2,1,0,0,1,0,1,10,0,40,507,4,1,0,0,22,57,704,1,8,199,0,1,1,685,0,2,1,0,2,0,0,0,0,0,813,0,1,16,5,36,0,92,10,0,31,24,0,43,2,15,6,0,17,3,2,0,161,0,0,0,0,0,0,1,8,0,2,0,10,25,0,8,534,0,0,0,0,0,1,206,2,1,2683,9,0,436,17,1,1,4,9,0,0,0,4,0,1,2,11,122,0,2,2,0,8,218,0,5,522,0,0,0,30,0,51,2,0,1328,23,0,15,47,46,142,0,1,3,63,3,100,985,1,1,0,7,1,0,3,0,6,0,1,1,8762,7,0,1,3,0,2,12,15,0,103,0,3,0,0,135,65,4,19,35,2,1,35,2,0,1,0,0,0,2,55,0,0,0,1,1,19,0,0,0,2,0,7,12,0,0,820,43,0,0,20,0,52,8,1,429,41,14,0,8,3,47,1,1,1,0,702,1,3,0,1,0,112,0,0,3,2,0,7,56,1,0,0,0,1,10,59,0,0,984,3,0,409,41,0,1,276,0,0,0,3,481,5,0,1,6,528,0,11,0,10,0,0,0,0,0,0,86,250,0,0,10,0
"ENSG00000204572.10",8,0,29,6,3,1,1,3,9,2,2,2,13,0,3,0,15,2,0,8,2,2,7,2,1,4,9,1,1,1,1,0,2,17,1,1,10,4,1,2,13,0,5,0,2,26,2,0,1,1,5,2,2,2,0,8,1,29,2,5,3,67,2,2,6,0,7,0,1,3,0,4,2,0,1,1,20,27,1,7,1,3,8,3,3,5,24,3,4,12,0,11,1,49,6,1,2,1,1,2,5,2,2,4,1,5,24,3,33,1,2,8,2,3,1,0,5,9,7,4,2,4,1,2,15,0,0,13,7,16,3,1,13,6,1,4,8,0,3,1,2,2,19,4,3,2,15,27,44,1,2,3,2,6,0,3,2,0,0,1,6,4,5,5,7,4,2,25,9,140,1,15,11,30,12,1,16,0,7,2,0,0,8,3,2,5,4,6,15,6,4,1,100,1,1,15,4,1,1,8,3,6,3,7,0,3,2,4,5,7,2,37,0,6,0,0,4,7,5,9,1,0,6,7,4,0,26,2,18,0,4,10,2,6,23,2,0,2,0,0,8,7,3,6,7,6,0,5,12,12,2,1,1,26,0,0,0,5,17,5,9,0,9,2,1,7,14,1,21,0,3,0,4,0,14,2,10,1,6,1,9,8,6,2,31,0,0,3,23,9,6,5,19,3,2,1,4,0,11,1,0,26,13,2,2,1,1,7,4,0,11,13,5,2,4,0,1,4,3,4,6,5,3,17,9,0,0,0,6,2,1,6,7,1,24,3,3,9,0,1,0,6,9,51,2,2,2,35,0,2,2,1,13,17,5,2,7,3,5,3,4,0,19,16,3,1,53,2,3,20,15,6,9,3,92,11,2,3,2,7,6,0,10,8,2,34,12,15,2,5,49,1,1,3,11,66,5,4,6,0,1,0,5,5,9,3,1,2,5,0,2,3,1,0,3,1,0,1,9,4,2,2,0,4
"ENSG00000204616.11",43,0,1,450,116,514,477,87,60,82,32,146,1772,2497,1154,28,322,452,136,51,171,173,7,45,49,63,4,723,175,431,346,1026,455,10,171,676,135,165,183,311,207,46,831,5,73,141,289,528,6,279,195,2715,560,1598,68,701,225,248,251,399,4,1011,57,110,26,11490,226,15,1170,684,218,455,347,5,6,3,1007,367,159,1836,136,292,2653,90,222,2,389,17,763,46,102,98,319,480,14,3,6,205,252,517,233,1,2271,2,173,9,1720,134,518,486,282,20,162,607,82,58,52,474,400,828,2,389,60,8,190,10,46,232,321,114,171,10,2081,244,799,337,45,8,1126,90,39,1047,279,538,911,341,6552,272,862,86,9,30,22,23,191,264,8044,955,200,271,771,320,1662,379,39,39,4135,244,357,406,27,79,25,2440,312,13,553,1151,3042,238,6,21,80,568,4,75,192,138,28,64,22,2,2777,855,46,951,78,135,4,174,12,236,635,1530,6,493,281,122,251,235,132,142,745,782,535,75,1,10,648,495,7,1127,531,430,19,21,15,1011,1720,323,543,362,251,73,2,360,14,51,368,228,25,38,2,2,1279,89,706,550,90,621,4,448,23,4916,47,296,29,8,268,754,31,230,834,304,49,190,99,15,1575,79,620,55,183,73,92,148,1093,3,4,315,208,910,161,32,9,762,10,131,1314,792,162,52,1046,9,55,2129,314,2,1,14,556,55,78,2,616,170,892,394,153,345,24,87,2,228,26,318,2628,53,524,906,467,79,16,682,764,269,212,0,116,30,37,1220,464,206,65,68,24,1801,14,893,11,229,527,186,4338,249,1,64,265,69,44,3173,36,288,16,20,209,1,301,65,270,61,24,20,2,18,165,172,0,246,1358,70,869,488,917,209,1249,167,24,530,52,291,63,222,768,101,427,1259,544,176,1774,10,80,1257,1494,142,264,147,158,24,76,265,71,1,349,2,839,86,45,188,218,131,264,68,32,15,79,16,82,115,4,22,142,129
"ENSG00000204624.8",56,0,6,0,93,2,1,4,0,38,0,8,30,0,21,7,6,2,0,9,6,1,1,3,0,1,14,1,0,5,16,3,0,0,1,7,2,57,0,3,1,9,1,1,6,0,1,2,0,3,2,34,1,4,198,1,7,2,0,0,0,5,0,1,0,105,1,0,4,2,9,5,1,2,0,0,24,2,7,16,104,37,15,4,9,16,2,0,17,0,5,2,0,0,0,1,9,0,4,6,3,0,4,1,1,6,2,3,336,1,0,7,3,1,26,1,12,0,10,2,0,1,1,0,3,0,1,0,1,28,3,0,2,2,4,3,1,1,6,0,0,7,22,1,5,3,0,11,3,18,4,1,1,13,1,25,1,5,3,1,3,4,4,5,13,1,2,2,1,3,111,1,2,0,1,2,8,1,6,2,0,9,0,2,3,0,13,3,0,7,11,0,3,8,3,169,3,0,1,20,0,5,8,2,0,0,5,9,3,0,7,3,5,2,3,3,3,0,7,2,1,3,0,0,0,0,2,1,2,0,1,1,3,10,4,3,0,2,0,1,3,0,2,4,4,1,2,1,3,0,0,0,1,2,2,25,0,12,0,1,6,13,18,4,1,2,43,0,1,1,5,1,5,5,2,2,4,2,13,1,11,3,1,2,2,3,0,0,4,3,8,1,19,1,5,5,8,0,85,434,4,2,44,5,1,1,1,0,3,51,1,11,3,74,3,63,729,7,7,1,3,25,0,4,4,6,0,0,0,2,167,5,2,3,4,0,5,0,0,2,3,2,1,22,1,1,7,14,3,0,5,23,1,1,1,2,1,5,1,0,0,3,0,2,73,1,1,3,1,1,0,2,0,3,139,0,0,2,4,4,1,12,1,6,0,0,3,4,1,0,4,13,0,6,2,2,6,7,5,0,2,3,44,1,0,6,0,2,0,7,4,2,4,1,1,1,2,72,0,1,0,0,1,4
"ENSG00000204669.11",10,0,0,6,0,25,2,0,0,0,1,0,1,3,0,3,1,1,0,1,3,5,12,0,0,1,0,5,12,0,0,3,3,2,0,9,9,0,0,0,0,1,0,0,1,0,14,2,0,0,2,91,3,0,0,8,2,1,14,14,0,99,0,0,10,4,1,0,5,12,1,11,118,1,0,1,18,84,0,8,21,9,41,7,1,121,4,1,111,0,1,10,6,59,1,0,0,0,0,3,9,0,0,0,21,0,56,0,9,0,1,1,171,1,0,138,0,1,0,13,0,1,1,0,3,0,3,0,9,1,49,0,16,2,2,1,1,0,15,5,0,0,13,0,0,2,0,8,2,0,0,0,1,0,1,3,2,7,19,0,0,2,4,37,0,1,1,2,52,12,33,1,5,1,0,0,3,3,0,1,1,8,3,5,0,4,0,12,2,0,0,0,48,0,16,7,4,3,1064,44,0,3,7,3,0,63,0,25,51,0,7,1,0,34,8,0,0,0,3,16,1,0,0,51,0,0,2,2,10,2,32,3,12,1,0,2,0,0,1,2,10,13,1,20,13,3,2,0,2,0,0,6,3,40,0,6,0,0,0,24,14,5,18,0,1,8,0,1,14,2,1,1,6,0,2,9,2,0,0,1,17,2,0,0,0,3,1,2,0,29,0,95,3,4,0,1,1,0,0,0,2,0,1,1,1,0,0,9,0,0,0,0,0,17,3,0,0,0,842,21,0,0,1,4,185,0,1,0,1,1,0,0,6,0,0,2,0,3,0,0,0,0,113,0,24,42,1,17,3,0,0,2,1,0,0,0,0,0,1,4,0,0,0,5,0,2,4,1,0,4,2,0,16,1,1,0,65,1,0,22,0,3,5,38,7,0,3,4,0,8,3,0,0,0,1,10,124,1,1,0,3,0,9,0,2,0,14,6,1,347,5,0,0,0,5,17,3,0,17,2,0,0,4,1
"ENSG00000204688.9",6,0,0,1,0,0,2,0,0,1,5,0,0,1,0,0,0,0,0,27,0,0,0,0,0,0,0,0,1,0,20,0,0,0,0,0,0,0,0,0,0,8,61,0,0,1,0,0,1,0,0,0,0,0,0,0,0,18,0,0,0,0,0,0,0,1,0,0,0,0,0,0,11,0,0,0,11,0,1,0,1,1,0,0,1,0,0,0,0,0,0,0,1,2,0,0,1,0,4,0,0,0,1,0,0,0,0,0,13,41,0,0,0,0,19,0,21,1,0,0,0,0,1,1,1,0,1,0,0,0,0,2,1,0,0,0,0,0,1,0,0,2,1,0,2,20,1,0,3,1,0,0,0,0,0,0,0,0,0,0,0,0,0,0,1,0,0,8,0,0,0,1,0,0,0,0,0,0,0,0,0,0,1,0,0,0,0,0,0,0,0,0,1,0,0,0,0,0,0,0,0,0,0,0,0,0,1,0,0,0,0,1,0,0,1,30,0,0,0,0,0,0,0,0,0,0,0,10,0,0,23,0,0,0,0,1,0,0,0,0,0,0,0,0,13,1,0,3,0,0,0,0,0,3,0,0,0,0,0,0,0,0,15,53,0,0,3,0,0,0,0,0,0,0,0,2,0,0,0,0,0,0,0,0,0,0,0,1,1,0,0,0,0,0,0,0,0,0,0,1,0,0,4,0,0,0,0,0,0,0,0,1,0,0,0,7,13,7,0,0,3,6,0,6,0,0,0,0,0,0,0,0,0,0,0,0,0,0,1,0,0,0,0,0,1,0,1,1,6,0,0,0,0,2,0,0,3,48,35,0,1,0,1,2,0,0,0,32,0,1,0,0,0,0,0,0,1,0,0,0,0,0,0,0,0,0,0,0,0,0,1,0,0,0,0,0,0,2,0,0,0,0,4,0,0,0,0,4,0,0,0,0,0,0,0,0,0,0,2,0,0,0,0,0
"ENSG00000204695.4",1,3,0,0,0,0,1,0,0,1,0,0,0,2,2,0,0,0,0,31,0,0,0,0,0,0,0,0,2,0,9,4,0,0,0,0,0,0,0,0,0,4,65,0,0,0,0,0,0,0,0,1,0,1,0,0,0,12,0,0,0,0,0,0,0,6,0,0,0,0,0,0,0,0,0,0,12,0,1,0,0,0,0,0,0,0,0,0,0,0,0,2,17,12,0,0,0,0,10,0,0,0,4,0,1,0,1,0,19,98,0,0,0,0,10,0,9,0,0,1,0,0,0,0,0,0,0,0,1,0,0,0,7,0,0,0,0,1,0,0,0,2,1,0,1,7,0,1,24,2,2,0,0,0,0,0,0,0,0,0,1,0,0,0,4,0,0,4,0,0,0,0,0,0,0,0,0,0,0,0,0,0,1,0,0,0,0,0,0,0,0,0,0,0,0,0,1,2,0,0,0,1,0,0,0,0,0,1,0,1,0,0,0,0,0,15,0,0,0,0,0,0,0,0,1,0,0,7,2,0,20,0,0,0,0,0,0,0,0,0,0,0,0,0,18,2,0,0,0,0,0,0,0,0,0,1,0,0,0,0,2,0,6,23,0,0,4,0,0,0,0,0,0,0,0,5,1,0,0,0,0,2,0,0,0,3,0,0,0,0,0,0,1,0,0,0,1,0,1,11,0,0,2,0,0,0,0,0,0,0,0,0,0,0,0,2,3,6,0,2,5,1,0,3,1,0,0,1,0,0,0,0,0,0,1,0,0,0,0,0,0,0,0,0,0,0,0,0,12,0,0,0,0,13,0,0,2,72,54,0,0,0,0,0,1,1,0,10,0,0,0,0,0,0,0,0,0,0,0,0,0,0,1,0,0,1,0,0,0,0,1,0,0,0,0,1,0,10,0,0,1,0,1,0,0,0,2,4,0,0,0,0,0,0,0,0,0,0,2,0,0,0,0,0
"ENSG00000204709.4",3,1,1,3,0,0,18,0,0,0,5,0,2,6,10,2,0,1,0,1,0,2,0,5,1,0,2,4,1,19,0,0,3,0,0,8,6,1,0,0,10,0,0,0,3,3,2,0,0,0,4,1,2,2,0,1,1,5,0,0,0,17,1,1,0,0,4,9,4,2,10,4,7,1,1,2,2,5,1,50,8,5,10,3,0,0,0,0,4,1,0,16,0,0,3,0,0,0,0,5,10,0,3,1,0,1,0,1,4,0,4,2,0,12,1,0,0,0,5,118,2,3,0,7,0,0,0,0,2,0,0,0,5,1,4,1,3,1,1,0,1,0,14,3,1,9,0,0,0,0,3,1,0,3,0,1,0,1,13,9,11,1,20,1,0,21,0,2,1,12,1,6,2,7,4,1,8,127,8,15,0,0,2,2,0,0,0,0,2,1,1,4,108,10,0,0,1,0,4,2,1,1,0,29,1,5,3,4,21,0,2,0,2,7,0,0,0,1,2,0,0,17,0,0,0,1,2,1,4,5,1,10,0,2,1,0,0,0,0,0,0,0,0,0,2,0,2,33,5,0,0,0,0,2,1,4,1,0,2,5,13,27,0,1,0,1,5,2,62,1,12,0,61,2,1,4,8,0,0,4,1,0,44,0,1,2,0,1,0,1,0,4,0,53,6,14,1,2,1,5,4,1,1,2,4,3,27,12,0,0,0,1,0,6,0,0,15,3,1,0,0,5,1,0,4,3,2,0,5,0,0,5,2,5,3,1,8,0,2,0,1,0,0,3,19,2,4,3,4,0,0,38,2,2,1,0,0,0,1,0,15,0,5,0,0,0,0,2,0,10,1,26,0,0,52,0,1,0,0,1,0,0,43,11,5,0,1,1,7,1,2,7,0,1,1,0,22,2,2,0,0,1,0,0,2,5,8,7,4,11,1,1,1,0,5,2,10,2,0,1,0,0,0,0
"ENSG00000204832.10",0,0,2,36,0,0,135,2,8,3,0,368,1,1108,1723,65,3,124,284,5,2,0,973,402,356,283,415,358,479,579,3,0,451,162,8,2,620,12,611,415,192,4,7,372,5,2,5,508,1,2,152,600,1,498,254,18,1,0,480,3,4,562,1145,260,100,1,138,137,2,1,594,10,336,3,0,1,1,128,269,125,695,456,2,3,903,1,180,580,4,224,1,311,234,20,0,2,6,327,472,156,105,3,2,247,5,3,19,1,1082,430,0,12,13,454,0,348,3,305,0,2581,130,255,1,96,281,2,25,765,6,537,299,1,1123,9,1,4,0,0,846,173,3,4,114,6,4,502,220,0,0,4,3,4,35,623,147,80,282,3,617,352,225,0,1,3,3,375,361,6,4,1024,0,299,240,1843,0,66,303,809,4,181,0,0,456,296,443,250,641,12,1,654,647,453,4,713,220,1,6,1,0,1,505,12,2,746,0,1218,6,2,384,452,3,8,23,469,300,8,0,582,545,1095,1,376,0,64,3,4,205,649,72,1,1,461,2,1,398,279,2,14,250,395,1,209,22,1,1,0,231,1,4,44,67,4,5,150,1,0,0,0,539,313,808,308,87,1067,10,4,2,6,675,0,814,3,759,7,213,2,372,0,30,589,126,489,659,16,303,0,3,0,1,10,11,130,3,370,0,300,586,345,745,4,202,5,638,6,123,0,1,267,780,473,571,2,1112,3,4,86,372,3,3,572,0,21,1,3,137,5,6,415,187,0,889,2,214,4,379,7,284,1,2,1,0,158,77,4,396,257,387,8,439,1,2,882,18,1333,181,7,2,1,3,0,87,127,298,1,13,215,2,0,6,489,2,629,5,414,713,297,667,2,2,24,516,357,796,21,2,537,5,540,236,1,2,11,2,0,1,3,324,1054,213,0,198,191,3,36,49,3,531,5,370,1,186,449,25,1,545,0,217,4,2,8,4,333,0,2
"ENSG00000204866.8",2,0,0,0,13,0,1,0,1,26,0,0,4,43,1,4,2,0,1,3,1,1,2,1,0,0,3,2,0,41,0,5,22,0,0,11,3,0,0,3,5,63,2,0,0,2,0,11,0,0,3,24,3,7,0,0,0,0,0,0,1,0,0,1,0,0,4,0,0,3,26,0,1,0,0,1,0,2,2,4,2,1,1,0,7,0,0,0,2,2,9,1,2,15,0,0,1,2,3,4,7,0,10,1,1,1,0,0,45,3,0,0,0,7,1,4,1,0,0,0,0,1,0,0,6,0,0,0,0,5,2,0,0,2,0,2,7,0,1,0,0,2,235,4,0,14,28,2,4,2,1,0,0,0,0,0,0,6,1,5,4,0,0,6,10,5,4,0,0,19,0,2,0,3,0,4,6,1,330,1,0,0,0,2,1,2,0,0,0,2,0,52,1,0,0,0,0,8,0,1,0,1,12,3,0,0,0,9,1,0,1,23,0,0,2,56,0,0,2,0,0,0,0,0,0,0,0,7,4,4,5,0,17,4,0,2,2,1,0,1,0,1,0,0,5,1,0,0,1,0,0,0,0,7,2,0,0,1,0,2,1,2,1,1,0,9,2,0,0,0,14,1,2,0,2,0,0,0,0,23,0,0,0,1,0,1,0,2,1,5,7,0,0,0,0,2,9,0,0,12,1,0,0,0,1,1,0,1,1,0,6,8,0,0,4,11,1,41,0,0,1,21,1,1,7,0,0,0,2,0,0,11,0,1,1,0,0,0,0,1,0,5,3,7,0,0,1,0,1,0,0,10,3,0,0,0,0,1,3,5,0,4,1,0,1,0,0,2,0,0,0,2,0,2,1,0,0,0,0,0,0,3,0,1,1,1,12,0,0,0,5,0,0,3,0,8,2,1,5,0,0,1,1,0,40,0,2,6,0,0,7,2,0,0,3,0,1,8,0,0,1,0,423,0
"ENSG00000204956.5",118,0,106,6,33,15,5,24,6,52,6,16,17,18,67,8,51,2,2,42,6,10,91,4,12,266,4,53,18,58,22,178,5,26,8,93,99,13,41,60,1,25,146,1,8,2,1,6,2,0,0,72,0,8,0,4,12,38,65,1,3,72,3,3,3,85,8,4,9,13,27,11,38,2,2,7,6,26,51,24,8,13,45,9,3,44,2,2,31,10,38,101,77,13,0,8,12,31,31,51,7,17,6,73,6,55,7,3,41,295,3,9,12,10,3,82,592,24,0,9,22,11,1,8,6,3,3,85,15,173,41,7,10,1,1,3,13,3,14,55,0,47,35,6,3,3,10,16,29,144,7,4,2,5,4,13,96,23,132,72,14,1,64,148,16,34,4,2,168,42,115,39,24,55,0,9,8,43,15,4,0,625,65,3,47,4,112,13,34,3,1,76,9,4,30,1,3,13,1,57,0,5,5,4,2,76,5,10,3,33,4,30,12,336,67,21,2,10,41,137,8,61,45,7,8,6,7,6,14,11,2,20,9,39,5,66,4,6,1,15,261,14,5,117,49,10,8,10,21,13,4,4,6,13,3,0,7,177,10,75,21,9,3,50,8,86,7,3,6,1,3,1,2,10,8,8,37,1,3,2,108,37,22,0,15,3,1,1,10,70,10,3,7,32,5,37,50,1,12,123,8,96,72,6,37,6,1,35,3,1,18,138,9,7,43,308,1,13,7,48,131,7,2,2,5,7,12,11,9,1,3,3,12,8,169,9,6,62,28,3,5,9,248,19,129,85,8,35,10,5,12,32,7,70,19,8,97,131,59,0,4,5,1,138,266,17,46,1,57,3,0,4,77,1,110,14,19,10,2,89,170,15,22,12,5,28,7,3,112,1,13,4,0,7,24,17,79,106,12,9,6,7,50,1,9,99,37,12,3,11,11,8,7,18,137,300,18,54,14,14,4,1,112,4
"ENSG00000204969.7",1,0,1,1,5,4,0,0,0,0,0,0,6,2,64,2,0,1,0,84,4,0,1,0,12,1,0,17,0,2,0,0,1,0,5,1,0,1,0,0,0,4,11,0,0,0,0,1,1,0,0,6,2,0,0,0,1,6,1,0,0,42,0,0,0,81,0,0,0,0,9,1,0,0,0,0,9,0,8,2,0,0,0,0,0,0,0,0,0,0,0,19,3,0,0,1,1,3,4,1,0,1,0,0,0,0,0,0,34,34,0,0,1,1,2,0,22,5,0,0,0,0,0,0,0,0,1,0,0,42,6,0,1,1,0,0,1,1,0,0,1,1,2,0,2,0,1,0,0,31,1,0,0,0,0,1,4,4,2,1,0,0,1,2,0,0,2,0,21,1,2,1,0,1,0,0,2,1,6,1,1,2,1,2,0,0,0,1,11,0,0,3,0,2,0,1,1,0,0,1,0,0,0,1,0,4,0,2,0,0,0,1,6,67,1,1,0,0,11,0,0,0,0,2,1,0,0,0,0,0,0,0,2,0,0,1,0,0,0,1,0,0,0,1,57,0,0,0,0,0,0,0,1,0,1,0,1,0,5,1,2,0,9,0,0,0,0,1,6,0,2,0,0,1,1,0,0,0,0,1,22,2,0,1,0,0,0,0,0,5,0,0,4,1,0,0,1,1,1,19,0,0,42,0,0,2,1,2,1,0,0,14,0,0,36,219,2,1,0,0,33,0,0,1,2,1,0,1,2,0,0,0,0,0,1,1,0,0,2,0,0,1,0,7,6,7,0,2,3,0,0,4,0,1,0,0,0,0,0,0,28,0,0,0,1,1,2,1,0,0,0,0,0,1,24,0,0,2,3,122,0,2,4,0,0,2,0,0,1,1,10,0,0,0,2,0,33,5,2,0,1,0,0,0,0,16,3,8,0,0,1,0,1,0,0,10,1,115,0,4,0,0,0,0
"ENSG00000204978.3",3,0,0,0,77,0,34,2,1,2,13,1,0,1,3,0,1,0,0,0,0,0,1,1,3,1,1,0,0,7,13,45,0,2,0,1,0,0,224,183,0,1,3,1,1,0,1,0,0,1,0,0,0,0,1,0,0,0,2,0,0,3,0,0,0,0,6,1,0,2,2,2,0,0,0,1,0,0,4,1,5,2,0,1,0,0,0,1,5,0,2,1,1,29,0,0,0,3,0,2,0,0,3,0,0,0,4,0,6,0,0,1,1,0,3,0,0,0,3,0,1,0,0,0,0,1,0,1,0,0,0,0,1,1,26,0,2,0,0,0,1,3,43,0,2,3,1,2,5,1,0,0,0,1,0,0,0,0,0,0,2,1,1,0,41,0,27,11,0,2,0,0,0,2,0,0,0,2,2,0,0,1,0,1,4,1,1,0,0,0,0,4,18,2,1,35,0,109,1,0,0,5,2,1,0,1,3,0,0,0,0,2,4,1,0,3,1,1,2,8,0,0,1,1,1,0,0,5,0,11,256,4,0,2,4,1,1,4,0,2,0,0,0,0,3,4,3,0,1,1,0,1,1,12,0,1,0,1,3,6,0,0,70,13,0,2,4,1,4,0,0,0,480,0,2,9,227,0,1,1,4,1,3,1,0,0,0,2,1,2,0,1,1,1,0,25,0,0,5,3,0,0,1,0,3,1,0,0,1,0,0,0,3,40,2,5,16,0,1,1,0,0,0,2,0,0,0,0,0,0,0,0,0,0,2,0,0,7,7,1,0,0,0,1,1,0,0,1,0,0,0,1,2,38,0,0,1,2,3,0,0,1,3,3,11,0,3,8,0,0,0,3,0,1,1,0,2,0,1,2,1,2,1,0,0,1,3,5,1,0,2,0,0,0,1,0,1,65,0,0,3,0,0,0,1,0,2,0,1,3,2,0,4,2,1,1,1,2,35,0,0,0,1,0
"ENSG00000204983.14",0,0,0,0,0,0,1,8,0,86,0,0,0,3,0,0,0,0,0,0,2,0,8,0,0,2,0,0,1,2,0,0,0,0,0,2,0,0,0,0,0,35,1,0,0,0,0,2,0,0,0,7,0,0,0,0,1,0,1,0,0,11,70,2,0,0,3,3,0,2,0,0,0,0,0,2,1,5,1,4,67,0,1,0,1,1,0,0,0,0,2,26,0,4,0,0,0,25,2,1,101,0,1,0,1,0,0,1,24,2,1,0,0,0,2,0,0,0,0,33,0,0,1,0,0,0,0,0,0,1,1,0,0,0,1,2,5,0,0,3,0,1,15,0,0,1,0,0,0,2,3,0,0,1792,0,0,0,0,0,1,2,0,0,2,1,0,6,0,1,0,0,0,230,0,0,0,204,0,2,6,0,9,0,0,0,2,0,0,0,0,0,0,0,0,118,1,0,0,0,11,0,2,0,0,0,0,0,1,0,0,0,0,0,0,1,94,0,0,0,0,0,0,0,1,1,0,0,0,0,0,2,0,1,0,0,0,0,0,0,0,1,0,0,0,711,0,0,0,0,0,0,0,0,2,0,0,0,0,0,4,0,0,9,0,0,0,1,1,0,1,3,0,0,1,0,0,0,0,0,2,0,0,0,1,0,0,0,1,0,0,0,0,1,0,0,15,921,0,1,2,0,1,173489,1,0,1,0,41,1,0,0,0,0,0,1,0,0,7,0,0,0,168,0,0,1,0,0,1,0,0,0,0,1,2,0,1,0,0,0,0,0,1,2,33,4,0,0,2,147,0,1,1,1,6,0,0,0,462,1,0,1,0,0,44,2,0,0,1,0,0,0,0,0,0,0,0,0,0,2,0,3,2,0,0,0,1,1,0,0,0,3,0,0,1,0,0,0,0,3,0,25,0,7,0,0,1,0,0,0,0,0,0,1,0,0,0,1,2,5,0,1,0,0,0
"ENSG00000205054.8",5,0,6,1,3,4,0,0,1,3,1,1,0,3,2,1,5,0,2,7,3,0,1,0,0,0,3,0,2,1,24,0,3,0,1,0,0,0,1,1,0,7,4,0,0,1,0,0,0,0,0,2,0,1,0,0,0,4,0,0,0,2,0,0,0,2,0,1,5,2,1,0,1,0,0,1,7,5,1,0,1,0,2,0,4,8,0,0,1,0,15,1,5,14,1,0,0,0,0,0,0,0,2,0,0,1,0,0,2,10,2,0,0,1,1,0,22,0,3,1,2,0,0,2,3,0,0,0,5,14,0,1,0,0,1,0,2,0,0,0,0,8,4,1,6,3,3,4,1,2,0,0,0,2,0,1,0,63,0,0,1,0,0,2,9,0,1,29,0,6,3,0,1,0,0,0,0,0,2,0,0,1,0,7,0,0,0,0,2,0,0,24,1,1,0,5,0,0,0,2,0,0,2,6,0,0,0,1,0,0,0,5,1,1,5,4,2,1,0,1,0,0,3,0,0,0,0,0,0,0,4,2,0,0,1,0,0,0,0,0,0,0,1,3,18,3,0,0,0,0,0,1,0,13,0,0,0,10,3,1,1,0,0,5,1,7,6,0,0,0,1,0,3,0,1,2,2,0,0,1,2,0,0,0,0,0,0,1,0,0,0,1,4,0,0,0,5,0,0,0,5,3,7,0,0,0,0,0,1,0,0,20,0,3,7,13,0,8,0,1,2,13,0,31,4,5,0,0,0,0,0,1,0,0,3,0,0,2,0,1,0,1,0,8,0,0,0,5,0,0,0,5,2,0,0,0,36,14,0,24,0,1,1,85,15,0,0,2,0,0,0,1,0,2,0,2,0,0,0,0,0,0,4,0,1,1,5,0,0,2,2,0,0,4,5,2,0,3,1,0,0,3,2,2,4,0,1,6,0,2,0,0,0,0,1,0,1,5,5,1,0,0,0,2
"ENSG00000205116.3",0,0,0,0,1,2,0,2,1,0,12,7,11,2,5,0,0,1,5,12,2,0,0,1,3,2,14,1,0,1,16,1,4,0,0,0,0,1,7,4,0,0,8,3,0,0,7,0,0,0,8,0,0,2,0,0,0,0,0,0,2,12,0,0,0,0,30,5,0,0,0,3,0,0,0,0,1,0,33,9,12,0,0,0,1,2,0,0,22,0,0,0,8,0,0,0,1,0,14,0,0,0,1,0,2,0,3,0,11,0,11,0,2,0,0,0,3,1,84,14,0,0,0,0,0,1,0,0,8,2,1,0,40,1,4,0,0,0,9,0,0,1,0,2,16,0,3,0,17,0,0,0,0,1,8,0,1,2,0,0,0,30,19,0,0,0,2,21,0,6,0,0,0,0,0,2,8,8,8,15,0,0,0,0,1,20,0,0,0,0,30,0,0,2,0,31,0,1,6,0,1,0,3,1,0,1,0,0,0,1,0,1,0,1,8,0,0,0,0,3,0,0,1,0,0,1,1,4,0,0,2,0,2,8,0,4,0,0,0,2,0,4,4,0,4,3,3,0,21,2,0,0,0,0,0,28,0,0,2,0,1,0,33,41,0,0,0,0,0,0,0,0,10,0,5,3,1,0,0,20,0,5,6,0,0,0,0,0,8,5,1,1,0,6,2,7,0,0,1,2,1,0,0,0,0,2,1,0,0,16,1,1,1,0,1,1,0,8,3,0,14,7,0,17,14,12,0,0,1,0,0,1,0,11,1,0,0,1,0,2,0,1,0,6,5,0,0,2,4,0,0,4,0,33,0,0,1,2,18,0,25,42,7,1,1,0,0,31,0,0,0,1,0,13,0,0,1,0,1,0,0,0,0,0,0,0,10,17,5,0,35,0,0,7,0,4,0,19,0,0,0,7,3,1,0,0,5,4,0,2,2,15,14,0,0,1,0,22,0,0,0,0,0,2
"ENSG00000205212.5",9,0,0,0,0,0,4,0,0,0,0,0,0,0,125,0,0,0,0,0,0,0,0,0,0,0,0,1,0,0,0,0,2,0,2,1,71,1,0,0,0,0,1,0,0,0,0,1,0,0,0,34,1,9,0,0,0,0,2,0,0,1,0,0,0,0,0,0,0,0,68,1,0,2,0,1,0,0,2,31,18,172,1,0,2,0,0,0,1,0,0,0,0,0,0,0,0,1,0,1,0,0,0,0,0,1,0,0,68,1,1,0,1,0,1,0,1,0,1,53,0,41,0,0,1,0,0,2,0,0,0,0,2,0,0,0,0,0,0,0,0,0,3,0,1,22,0,0,0,0,0,0,1,0,0,0,0,0,0,0,6,0,2,0,0,1,5,0,0,198,0,0,0,10,0,0,2,23,1,0,0,0,1,0,0,1,2,0,5,8,0,0,1,0,1,0,0,0,1,2,0,0,0,195,1,19,0,0,7,0,0,0,0,12,0,13,0,0,14,28,0,5,0,0,0,0,0,1,0,0,1,0,1,1,0,3,0,1,10,0,0,0,1,0,1,0,0,0,0,1,0,0,0,1,0,0,0,0,0,215,53,0,0,54,0,0,1,0,47,1,0,0,29,0,0,0,14,0,0,0,0,0,0,0,0,0,0,0,0,0,0,0,0,0,0,2,28,1,5,0,206,0,1,0,19,0,0,0,3,19,1,0,0,4,0,113,3,2,0,0,0,1,0,1,1,0,0,0,0,0,9,0,0,0,1,1,0,0,0,0,0,0,0,0,268,0,0,0,0,0,0,0,0,73,0,1,2,0,0,0,104,0,0,0,0,0,0,0,0,0,0,0,0,1,23,0,0,0,0,0,0,20,1,0,0,0,0,0,0,0,0,0,0,0,0,0,4,0,0,0,0,0,2,0,0,10,2,17,0,1,2,0,0,0,1,0,29,1,0,0,1,0,0,0
"ENSG00000205358.4",18,11651,5,167,16,6,40,0,2483,582,3,208,101,50,95,4722,0,7,1,697,22,6913,100,0,1047,15,9,38,68,11,1,23,4,406,4,74,1096,26,26,49,15,3,88,6,255,9,82,74,3772,4,8,14,327,78,20,0,3425,801,22209,18,1,47,8,1232,6,11,9,4,39,18,117,100,27,10295,2,1968,4,3,48,31,1763,1,152,9,252,2,2942,3,150,37,2,2,19,80,4,717,189,4,14,22,56,3139,34,0,12,43,198,3672,1947,3,50,6672,74,7,3,98,23,41,41,24,3,1,357,58,350,17032,5542,5,82,21,335,10942,113,18,37,4913,0,12486,497,27,1763,2,37,274,21,147,22,2,54,1,556,10655,16,48,37,2,302,146,30,31,57,13,140,37,90,165,119,29,5,74,2,10,4,31,5,49,75,109,1776,4,7249,2,17,16,25,108,6,4,10,4,0,76,27,29,16,22,1555,7,719,22,13,12,5,4,173,100,494,8,263,5925,163,34,36,41,396,3,6,3085,135,1885,5946,5,4420,0,1650,6675,15,25,36,88,16,6,265,19,20,135,1790,69,10,144,7,78,0,6,14,138,41,12,126,4,24237,8,4415,5,5087,13,2041,10,2,18,306,2550,65,126,7895,8,14,373,10,3126,109,9007,172,15142,11,129,236,4835,7,65,3,55,4,16186,234,151,10140,19,2,1137,1760,104,0,1,170,9,6,6,4,36,95,3,10870,4206,1731,82050,52,2,7,164,1,3,3,4,46845,6,3763,11,4823,97,4,24,6284,12,1677,0,1277,3,17,7887,25,273,1509,2,67751,22344,57,13,3,13,11303,13,78,530,1192,42,3,3,394,2327,17666,64,13,40,9,8162,6,129,126,24934,3,118,464,8,122,10,57,34,881,22,1,209,1242,23,41,2,8,2753,1,3,1,3568,1,100,18,12,2,7,102,3,116,4,133,183,1,148,97,12,99,6512,7,27,1,0,275,0,64,45,7,3575,924,4,1041,4155,9,0,224,4,7,9616,3783,2,3,11941
"ENSG00000205359.10",1,0,0,0,0,0,1,0,0,18,0,3,0,309,163,0,0,51,0,0,0,0,0,0,25,0,0,50,7,93,0,0,157,1,3,0,141,1,0,0,0,6,2,0,2,0,0,63,0,16,0,6,0,0,0,0,0,0,0,0,0,9,0,6,0,0,0,0,0,0,146,0,0,0,0,0,0,0,13,31,28,45,0,0,99,0,0,13,0,1,0,39,5,0,0,1,0,0,5,9,0,0,0,0,0,1,0,0,19,34,0,0,0,6,0,2,0,0,8,5,0,28,4,0,0,0,3,39,0,7,39,0,155,0,0,0,0,0,0,0,0,0,14,0,0,1,0,0,0,1,0,0,0,40,10,0,0,0,3,30,0,0,0,0,2,9,8,3,0,156,11,3,0,503,0,0,0,42,0,15,0,0,0,0,0,0,0,0,0,3,0,69,0,14,9,26,1,0,0,0,1,0,0,570,0,294,11,0,18,0,0,0,5,57,410,0,0,0,2,36,0,1,0,0,0,0,0,2,0,0,0,48,0,0,0,7,0,0,0,9,0,0,0,0,23,0,0,0,0,0,0,0,0,4,0,0,0,0,89,33,28,13,2,24,0,0,0,0,127,0,115,0,15,0,0,0,1,0,0,40,17,1,23,0,0,0,0,0,1,0,0,0,0,62,0,97,3,0,0,1,0,1,32,0,0,0,0,6,0,0,3,0,1,0,0,1,6,0,0,19,0,0,0,0,18,0,0,0,29,0,108,0,2,0,0,0,0,2,0,0,0,1,3,7,90,1,10,0,42,0,0,146,0,18,0,0,0,2,0,0,8,0,0,1,0,0,0,0,0,0,0,13,1,1,148,0,123,0,0,5,46,206,0,0,0,3,0,6,0,0,5,0,0,0,0,0,4,19,0,0,0,0,0,0,5,2,220,33,1,0,0,0,0,0,0,0,4,2,4,0,0,0,0,0
"ENSG00000205360.6",0,14,0,2,0,1,0,2,14,1,1,4,0,0,0,11,0,0,0,0,0,26,0,0,22,2,1,1,0,0,0,0,0,1,1,1,15,0,1,4,23,0,0,0,6,2,0,0,13,2,0,1,3,0,3,1,14,5,17,2,0,3,0,10,3,0,4,1,1,2,0,1,0,29,0,4,0,0,0,1,3,1,4,1,12,1,4,1,0,0,0,1,0,0,0,2,1,0,1,0,1,13,1,1,2,0,7,16,1,0,0,47,2,1,0,8,0,6,3,1,0,1,0,8,0,56,13,1,0,0,3,40,1,2,3,6,4,32,0,3,4,0,0,11,0,0,1,0,0,0,10,18,1,2,1,2,3,3,4,2,5,7,5,0,0,2,1,0,1,4,2,0,2,0,6,0,0,4,11,3,31,0,2,1,1,1,3,7,2,2,4,0,0,0,0,6,10,13,10,0,2,0,0,0,3,0,0,0,1,17,1,0,3,3,1,0,2,8,0,11,21,1,2,0,3,6,1,2,1,2,1,9,0,0,2,3,4,7,1,4,1,1,0,0,1,1,0,27,2,1,1229,1,10,0,8,1,10,0,0,0,6,30,0,3,9,0,0,4,3,10,1,23,0,77,0,1,1,5,1,2,4,3,3,23,0,1,21,0,1,0,11,3,0,3,3,1,0,1,12,1,2,0,6,6,6,2404,12,0,2,4,1,1,1,4,2977,0,18,0,13,0,0,1,11,0,2,5,5,1,1,19,0,6,2,1,887,111,10,1,1,4,34,4,1,1,12,5,12,0,2,13,66,1,0,1,4,7,1,0,0,216,6,2,5,0,4,2,0,0,13,0,3,2,0,0,1,1,6,6,0,8,5,4,2,0,0,1,0,3,3,0,1,5,1,0,0,0,8,1,0,18,0,3,0,1,0,0,2,0,1,7,1,13,2,8,0,0,1,0,0,14,13,1,0,35
"ENSG00000205364.4",20,3875,694,131,24,15,30,4,3133,1621,62,387,593,315,62,2524,8,7,1,1167,80,13077,50,17,624,18,11,391,33,6,7,18,5,268,15,2554,470,31,45,81,6222,33,26,13,390,169,100,62,12809,187,25,2,770,40,15,1,2133,797,5140,590,11,18,2,1511,122,4,297,59,122,94,106,78,11,12389,22,792,21,26,26,59,877,1,1182,64,260,0,768,3,170,16,39,9,15,49,9,637,377,10,2,58,231,2431,66,35,37,255,117,3674,314,26,46,4488,174,172,3,176,26,1879,69,28,2,8,523,44,139,31948,8731,4,40,151,147,4645,52,1593,53,1767,9,7222,80,89,540,68,45,1430,160,145,19,5,22,9,7422,5620,342,287,382,3,746,208,49,142,203,39,796,26,25,479,48,23,10,1259,239,3,20,16,56,76,37,10,1232,6,5045,9,57,18,12,85,668,118,21,29,7,163,39,15,7,19,1383,8,1437,6,18,48,23,0,564,85,373,13,526,3155,199,54,21,24,319,21,10,1050,26,1446,4085,13,3329,4,510,1947,23,4,109,86,39,215,160,38,47,89,1223,26,13,1139,208,39,61,31,7,115,268,6086,120,10,33290,7,2834,8,3371,56,1532,106,2,61,294,2322,14,26,6925,23,15,683,242,4813,55,4523,39,12514,19,49,118,1004,13,119,147,88,59,10531,9,179,4281,67,13,245,4171,54,17,7,474,16,11,35,29,90,313,9,2227,4440,1190,73117,21613,15,22,50,22,7,1,31,88963,5,4438,9,3369,69,12,72,4196,2,734,8,2555,36,64,4297,45,510,688,51,105126,11369,115,270,60,161,3682,45,132,217,885,210,802,8,434,9252,12572,146,24,15,24,2182,6,49,59,21663,229,178,623,16,194,338,20,21,11558,32,511,57,354,17,189,8,143,1492,5,9,36,1062,6,180,142,31,33,17,425,2,37,27,195,73,5,111,743,7,340,3123,59,8,17,2,458,34,227,41,17,2921,571,954,285,858,6,3,149,176,5,6130,1883,8,33,7894
"ENSG00000205628.4",1,0,0,8,0,0,15,0,0,0,0,105,2,352,166,3,0,130,0,0,3,0,280,7,244,237,0,9,54,266,1,0,61,59,11,0,90,20,0,0,0,1,7,121,1,0,1,44,4,0,5,236,0,41,1,4,0,0,1,0,0,93,2,41,0,0,8,6,0,0,329,3,116,0,0,12,0,0,55,70,310,153,0,0,88,0,2,12,0,3,0,210,124,0,0,0,0,232,225,0,4,1,0,2,0,0,96,0,393,281,0,0,2,0,0,118,0,143,82,304,9,60,0,2,72,0,4,11,0,359,55,0,239,30,0,0,0,0,55,40,0,0,147,1,1,10,5,0,0,0,1,1,3,152,31,1,3,2,80,2,69,0,80,0,0,4,124,1,2,725,12,53,8,512,0,20,0,92,232,361,0,0,108,91,13,0,130,18,0,91,1,52,2,159,84,31,1,0,0,0,78,0,0,297,4,141,0,0,49,14,1,0,7,217,87,10,0,88,55,79,0,47,0,0,0,0,42,207,2,0,0,57,0,4,5,132,2,1,38,114,0,57,33,0,1,0,55,0,0,5,0,1,0,154,0,0,0,0,108,4,218,163,1,221,22,2,1,0,268,1,19,0,232,0,22,0,74,1,1,54,366,81,11,0,0,0,1,0,0,0,6,0,0,75,0,171,8,0,4,0,0,1,149,0,13,1,0,19,195,238,185,0,91,0,0,0,355,1,1,79,0,2,0,0,34,0,0,18,46,1,243,0,37,0,0,0,1,0,0,0,0,6,18,0,136,100,17,0,66,4,2,102,0,381,0,0,1,0,1,0,221,0,54,0,1,3,3,0,0,25,0,112,2,14,181,0,152,0,3,137,36,12,161,0,0,2,0,132,6,0,0,0,0,0,0,0,228,175,104,0,8,1,1,0,2,5,151,244,32,1,1,8,0,0,117,1,64,1,0,0,1,3,1,1
"ENSG00000205634.7",0,0,0,0,0,0,0,0,0,0,0,4,0,8,23,0,0,0,0,0,0,0,1,0,14,0,0,6,0,2,0,0,0,0,0,0,1,0,0,0,5,0,3,0,0,0,0,1,0,0,0,11,0,0,0,0,0,0,25,0,0,8,0,3,0,0,0,0,0,0,58,0,0,0,0,0,0,0,0,6,26,44,0,0,13,0,0,0,0,0,0,12,1,12,0,0,0,13,1,0,0,0,0,0,0,0,0,0,29,5,0,0,1,1,0,1,0,1,0,2,2,38,0,0,0,0,0,1,0,37,1,0,8,0,0,0,0,0,1,1,0,0,0,0,0,0,0,0,0,0,1,0,0,32,0,0,0,0,4,11,4,0,0,0,1,9,0,0,0,0,3,0,0,18,0,0,0,22,0,5,0,0,3,1,5,0,19,0,1,12,0,7,0,13,1,0,0,0,0,0,0,0,0,14,0,0,0,0,1,1,0,0,1,1,0,2,0,3,2,2,1,3,0,0,0,0,0,27,0,0,0,2,0,0,0,0,0,0,1,0,0,0,0,0,0,0,0,0,0,1,0,0,0,0,0,0,0,0,0,1,30,8,0,4,0,0,0,0,41,0,0,0,4,1,0,0,0,0,0,1,9,2,0,0,0,0,0,0,0,0,1,0,0,0,2,5,9,0,0,0,0,0,0,0,2,0,0,0,5,12,2,0,0,0,0,1,7,1,0,1,0,0,0,0,0,0,0,0,1,0,9,0,0,0,0,1,0,0,0,0,0,0,1,0,4,0,0,0,0,0,0,1,0,0,0,0,0,0,0,0,1,0,0,0,0,0,0,0,0,0,0,0,0,1,41,0,40,0,0,7,0,5,16,0,0,0,0,4,0,0,0,0,0,0,0,0,14,3,0,0,0,0,0,0,0,0,0,0,2,0,0,0,0,0,3,0,14,8,0,0,0,0,0,0
"ENSG00000205642.10",0,0,0,0,0,0,3,1,1,1,0,0,0,188,2,1,1,11,0,0,1,0,1,1,0,0,1,2,4,16,0,0,8,1,0,0,0,0,0,0,1,0,0,0,1,1,0,3,0,0,0,6,1,22,0,0,0,0,12,0,0,21,0,2,0,0,0,1,0,0,37,0,0,2,0,0,0,0,0,28,15,47,0,0,0,1,2,2,0,1,0,8,0,0,0,0,2,7,3,0,0,1,0,0,0,0,1,0,400,3,0,0,0,1,0,1,0,2,1,8,0,4,0,1,0,1,1,8,0,0,1,2,37,0,0,1,0,0,26,1,0,0,2,0,0,2,0,0,1,0,0,1,0,48,1,0,2,0,4,1,5,0,0,1,0,7,1,0,0,5,10,4,0,11,0,0,0,1,1,2,0,1,0,0,1,0,8,1,0,4,0,0,0,8,1,0,0,2,0,0,0,0,0,18,0,83,1,0,10,0,0,0,1,66,0,5,0,0,3,0,0,3,0,0,0,0,0,0,0,0,1,5,0,0,1,0,0,0,0,6,1,0,1,0,0,0,0,0,0,0,0,0,0,0,0,0,0,0,1,2,15,0,0,239,0,0,0,3,8,0,7,2,112,0,0,0,0,0,1,46,0,4,9,1,1,0,0,0,1,0,1,0,0,0,0,19,72,0,0,1,1,6,4,1,146,1,0,0,9,20,2,0,1,0,1,0,3,0,0,3,0,1,2,0,4,1,0,0,0,0,0,0,1,0,1,1,0,0,1,0,0,1,1,0,15,1,0,0,4,0,0,4,0,37,0,2,0,0,0,0,0,0,1,0,0,0,0,0,0,0,0,3,1,12,9,0,12,0,3,2,1,0,1,0,0,3,0,4,0,0,0,1,0,0,0,0,1,2,1,0,0,2,4,0,0,0,1,0,1,0,0,0,0,0,1,0,9,0,1,1,0,4,0,1
"ENSG00000205678.8",0,0,0,0,0,0,0,0,0,0,0,0,1,0,0,0,1,3,1,0,0,0,0,2,419,0,0,365,0,0,0,4,0,4,0,0,0,0,0,0,0,0,0,0,0,0,0,0,0,0,2,1,0,1,0,0,0,0,2,2,0,1,0,33,0,0,0,0,1,0,2,1,0,0,0,0,2,0,2,0,0,2,0,0,2,0,0,0,0,0,0,0,1,0,1,0,0,8,0,0,0,0,0,0,0,0,105,0,31,0,3,0,0,0,1,0,2,0,0,0,0,36,0,0,12,0,7,6,0,0,0,0,1,0,0,0,0,0,0,0,0,0,0,0,0,0,0,0,0,0,0,0,0,4,7,0,0,0,0,57,4,0,4,1,0,2,0,0,0,1,0,0,0,0,0,0,0,1,0,0,0,1,0,1,2,0,33,0,0,136,0,1,0,1,69,0,0,1,0,1,52,9,0,72,0,10,0,0,1,2,0,6,1,21,0,0,0,0,0,0,0,49,0,0,0,0,0,0,1,0,15,7,0,0,0,0,0,0,0,0,0,0,0,0,1,0,0,0,0,0,0,0,0,1,0,0,0,0,0,0,62,189,0,0,0,0,2,1,172,0,0,0,0,0,0,0,2,0,0,0,48,0,0,1,0,1,3,1,0,9,0,0,0,0,0,0,5,0,0,0,0,0,0,0,0,0,0,0,6,1,0,0,22,0,0,0,1,1,0,0,0,0,0,0,0,1,1,0,0,0,0,0,0,0,0,0,0,0,0,0,1,0,18,0,0,277,0,1,0,0,0,0,0,0,0,0,1,0,0,0,80,0,0,0,0,75,0,1,0,0,0,0,0,1,246,0,349,0,1,160,0,1,0,0,0,0,0,26,0,1,0,0,0,0,0,0,0,0,1,0,0,0,1,0,0,0,0,0,20,1,0,1,0,0,0,0,16,0,0,0,0,0,0,0
"ENSG00000205704.7",2,0,4,0,0,2,35,0,0,11,0,5,9,5,136,1,0,1,8,2,0,0,2,0,0,1,6,8,2,16,9,3,2,1,0,3,3,1,9,2,0,1,0,0,2,5,0,6,0,2,1,8,2,8,2,23,0,1,31,4,0,5,3,1,0,0,1,1,8,12,126,0,1,0,1,0,12,1,8,1,9,15,0,6,2,3,1,2,0,1,7,1,0,10,0,0,0,4,2,5,2,0,112,3,3,2,7,0,35,2,2,1,0,4,1,2,11,2,58,24,0,8,0,7,5,0,1,2,11,18,0,0,7,1,7,0,2,0,23,0,0,19,2,0,4,58,9,5,9,2,0,0,3,3,0,2,1,3,1,1,0,2,2,0,13,2,3,30,4,7,3,1,1,14,4,0,3,20,2,3,1,4,1,9,3,0,1,0,1,4,2,9,14,8,2,35,0,3,0,1,2,25,7,11,0,9,0,17,9,8,2,1,17,3,2,9,1,2,0,2,0,3,4,2,0,0,5,27,0,0,9,1,4,2,1,2,0,1,2,0,0,1,2,0,6,28,4,3,0,0,0,5,0,4,1,6,0,0,1,20,5,1,6,13,0,4,16,0,14,0,2,0,3,0,0,5,21,0,1,19,2,2,4,1,0,3,0,0,1,5,0,1,2,10,3,13,13,5,1,1,6,0,60,0,11,0,1,0,0,4,3,13,6,1,3,3,2,8,2,0,2,7,1,2,0,6,1,5,3,0,3,2,1,2,12,1,8,13,2,1,0,1,0,8,5,3,0,11,7,0,1,9,1,18,2,0,8,4,6,2,9,0,1,8,7,2,7,13,0,2,8,4,5,3,41,0,7,0,1,4,2,5,5,0,0,0,3,2,5,6,8,1,0,6,2,3,4,25,2,0,0,10,1,1,11,1,1,8,0,0,1,1,0,1,4,2,3,22,11,0,1,0,24,1
"ENSG00000205716.4",0,0,0,0,0,0,1,0,0,3,1,0,0,4,0,2,0,0,0,3,0,13,1,1,1,0,0,2,0,0,1,3,0,1,0,2,0,0,0,1,0,0,1,0,1,0,0,0,7,1,0,0,3,0,0,0,0,0,1,0,0,0,0,2,1,0,0,0,1,1,1,0,0,8,0,1,1,1,1,0,1,0,5,0,0,0,1,0,0,1,0,0,0,0,1,1,3,0,0,0,0,1,1,0,1,1,0,7,15,0,1,8,2,1,0,0,0,0,0,2,0,0,1,0,0,13,8,0,0,0,0,3,0,1,0,6,0,2,0,0,0,3,0,2,0,1,2,0,0,0,5,0,0,0,1,0,0,1,0,0,1,0,0,1,0,1,0,1,0,0,0,0,0,0,0,0,0,1,3,0,3,0,0,0,0,0,0,0,0,1,0,5,0,0,0,0,0,0,1,0,0,1,0,0,3,0,0,0,0,0,2,0,0,0,2,0,0,0,1,0,5,0,0,0,0,0,0,1,1,0,3,0,2,0,0,0,1,1,0,0,0,0,0,0,0,0,0,1,0,0,0,0,0,1,3,0,2,0,0,0,0,0,1,3,14,0,0,2,1,1,1,3,0,4,0,0,0,1,0,3,0,0,2,16,0,0,3,1,3,0,15,0,0,0,2,0,1,0,0,1,2,0,2,16,4,0,0,0,0,0,0,0,0,0,0,0,0,0,0,0,0,0,4,0,0,0,7,0,0,8,0,2,1,0,0,6,2,0,0,0,0,1,0,0,0,0,0,0,1,8,5,0,0,0,0,9,0,0,0,0,0,1,0,0,0,0,0,0,2,0,0,0,0,0,3,0,0,0,0,0,2,0,0,1,4,0,0,0,0,0,1,0,2,0,0,0,1,1,4,4,0,0,1,0,2,1,2,0,0,1,4,3,0,0,1,0,0,1,1,16,0,2,2,12
"ENSG00000205740.2",6,0,13,2,6,9,3,6,3,5,0,8,8,71,63,3,8,6,5,11,8,3,7,2,17,4,0,10,0,11,18,7,12,11,5,5,5,1,2,11,0,4,12,2,0,10,0,0,1,0,1,8,4,12,1,14,2,8,3,1,5,8,18,1,6,8,7,3,18,8,61,5,0,0,1,0,20,3,3,8,21,18,8,5,17,13,1,2,15,4,9,19,4,0,2,0,5,4,14,3,7,3,2,3,2,22,22,2,84,3,16,3,10,3,6,1,47,5,17,6,1,5,3,4,5,0,2,3,19,45,2,0,23,2,8,1,8,0,26,5,1,4,12,3,5,25,10,9,16,7,2,3,13,5,1,7,1,12,16,15,5,1,14,3,1,4,30,12,6,10,2,3,9,86,0,3,2,24,29,3,1,27,6,22,5,0,6,2,5,11,3,18,10,22,2,16,1,8,5,35,5,14,13,19,0,8,1,11,4,10,7,6,5,5,13,11,0,0,7,2,1,3,0,0,3,2,12,25,1,16,11,8,7,2,2,12,0,3,1,4,6,2,4,3,17,22,4,4,3,29,3,0,4,3,2,3,2,1,2,12,30,10,19,19,1,3,6,2,18,1,1,1,24,0,7,5,5,1,6,2,10,1,4,1,7,4,0,2,0,1,1,3,2,5,3,40,27,7,5,49,17,1,23,0,5,0,1,2,7,7,2,9,4,4,8,35,7,15,30,1,15,19,1,53,3,13,2,2,2,0,13,1,3,3,24,0,3,21,4,1,0,3,3,11,3,1,1,1,21,0,3,94,4,14,0,1,15,75,12,7,9,0,7,27,84,10,8,11,1,2,1,11,2,3,34,3,16,1,4,24,4,7,3,1,1,3,6,10,6,6,18,5,2,11,3,7,9,17,12,0,12,6,5,3,13,4,15,17,0,5,10,0,9,1,0,3,3,10,11,2,1,3,89,3
"ENSG00000205755.12",48,0,28,0,38,1,0,1,2,31,1,0,1,2,12,1,1,0,0,3,30,0,0,9,0,2,0,14,0,3,3,40,34,3,1,18,3,5,0,1,1,45,0,0,0,0,121,11,20,1,2,986,4,0,1,0,23,1,0,0,0,10,0,0,0,3,1,1,544,4,4,2,868,0,0,0,18,0,0,45,2,3,865,2,1,0,3,0,34,0,140,147,2,2,1,0,5,2,2,5,9,1,59,0,13,14,3,8,6,1,6,0,26,11,0,2,10,1,8,2,2,2,1,2,11,5,2,0,0,1,1,0,2,2,28,0,0,0,3,0,2,12,500,0,20,3,7,36,10,175,1,7,0,3,0,2,3,288,1,5,1,27,434,1,2,5,4,203,0,10,1,21,26,6,3,1,9,3,5,6,2,3,0,10,0,1,5,0,34,0,3,3,4,101,39,0,0,217,30,20,1,0,9,1,2,35,2,0,0,0,4,5,32,0,6,9,4,1,1,2,0,3,7,129,0,4,6,3,114,0,108,3,13,2,1,13,1,1,1,1,1,11,1,1,64,3,0,3,4,0,0,1,0,25,0,8,1,14,0,7,9,0,3,2,1,7,107,0,2,0,2,0,0,1,2,2,0,0,1,3,3,1,0,0,0,1,0,2,3,16,0,5,3,1,5,115,39,2,3,5,4,17,0,0,0,3,0,76,0,0,1,6,0,27,32,3467,0,4,195,0,1,42,1,0,8,13,11,2,0,1,1,2,4,3,1,0,0,1,0,12,0,6,5,2,1,16,0,18,7,2,2,2,8,4,0,1,1,14,0,0,1,3,0,172,2,0,28,1,0,6,0,1,4,0,499,0,4,1,1,1,3,1,18,66,14,5,6,0,3,7,2,0,2,3,1,0,15,4,3,1,1,0,2,0,12,17,2,13,1,14,12,3,8,26,24,4,4,1,1,1,0,2,3,1
"ENSG00000205777.18",0,0,0,0,0,0,13,0,0,0,0,0,0,315,8,0,0,0,0,0,0,0,0,0,2,0,0,0,0,2,0,0,3,0,3,0,6,0,0,0,0,0,1,0,0,0,1,1,0,1,0,3,0,32,10,0,0,0,0,0,0,8,0,0,0,0,0,0,0,0,335,0,1,0,0,0,0,0,3,280,34,2,1,0,0,0,0,653,0,0,0,20,0,0,0,0,0,0,0,0,0,0,0,0,0,0,0,0,1886,0,0,0,0,1,0,6,0,0,66,19,0,2,0,0,1,0,0,3,0,0,0,0,22,1,0,0,0,0,0,0,0,0,222,0,0,3,24,0,0,0,2,0,0,1,0,0,2,0,0,0,0,0,0,0,0,2,2,0,0,6,0,0,0,0,0,0,0,2,0,2,0,0,0,0,0,0,0,0,0,0,0,0,0,0,1,0,0,0,0,0,0,0,0,1429,0,3,0,0,0,0,0,0,17,0,0,7,0,0,221,5,0,0,0,0,0,0,0,3,0,0,0,9,0,0,0,0,0,0,0,0,0,0,0,0,0,0,0,0,0,0,0,0,0,17,0,0,0,0,269,0,1,0,0,0,0,0,0,0,2,0,1,0,22,0,0,0,0,0,0,1,2,3,0,0,0,0,0,0,0,0,0,1,0,0,0,1164,7,0,0,0,0,0,0,0,580,0,0,1,0,0,0,0,0,0,0,745,1,0,0,1,0,0,0,0,84,0,1,0,3,0,139,0,0,0,0,0,0,0,0,0,0,0,0,0,0,0,0,0,5,0,0,0,0,0,0,0,0,0,1,0,59,0,0,0,1,1,11,0,0,0,0,18,1,1,41,0,0,0,0,0,2,301,0,0,0,0,0,0,0,0,0,0,0,0,0,0,1,2,0,1,0,0,0,0,26,10,0,208,0,0,0,0,0,0,0,0,45,0,0,1,0,0,0,0
"ENSG00000205869.2",69,1,2,3,2,12,0,4,4,25,9,6,0,10,5,1,7,1,23,36,20,2,1,14,2,2,15,6,1,3,2,1,15,22,11,12,14,3,6,22,1,30,22,4,1,0,8,0,2,1,0,9,3,1,6,0,2,47,0,2,2,1,0,2,1,15,11,3,58,2,8,1,3,2,1,0,59,4,32,4,13,12,47,1,3,23,8,1,2,0,23,114,4,0,0,3,0,2,54,0,3,5,0,5,4,23,9,3,22,2,26,4,3,3,28,13,54,11,18,9,0,13,2,8,10,1,5,0,54,7,8,1,5,4,5,0,27,0,43,6,1,30,62,3,10,15,8,117,39,6,1,4,1,2,0,3,12,10,7,27,5,0,3,60,13,4,31,12,0,24,5,9,8,1,2,6,16,6,103,8,0,10,3,24,2,6,12,1,8,6,6,0,10,16,2,0,2,10,0,8,21,7,99,0,2,5,2,3,4,4,3,17,10,19,6,20,7,1,10,13,0,7,1,4,3,0,3,0,0,2,0,16,13,0,0,6,2,2,6,24,6,28,3,1,53,11,12,2,12,1,0,3,0,19,0,1,0,3,8,6,10,0,20,45,0,49,9,0,16,0,8,1,1,0,4,3,1,1,1,8,1,5,4,0,35,7,0,1,1,1,5,7,4,12,1,9,22,3,3,63,2,16,13,3,1,1,1,5,5,22,1,43,12,1,7,141,0,13,7,11,55,81,4,1,16,2,4,1,3,0,0,1,2,6,15,2,13,0,2,0,0,0,49,167,0,0,12,20,0,2,2,28,8,14,7,1,7,61,8,29,14,13,9,51,10,33,1,6,3,0,13,24,2,0,34,1,10,11,0,1,1,1,1,2,10,9,9,6,13,0,93,0,0,46,21,2,11,2,25,2,8,17,11,6,9,3,0,1,0,0,8,0,1,6,14,4,1,12,19,1,0,4,19,1
"ENSG00000205899.4",0,3,9,0,0,0,0,0,0,2,0,0,1,0,0,0,1,0,1,4,4,0,0,0,0,0,1,0,0,0,1,0,0,6,0,0,0,1,0,0,2,0,0,0,2,5,1,0,3,0,0,1,0,0,1,0,2,0,0,1,0,0,0,3,0,0,0,0,0,2,1,0,0,3,0,6,6,0,0,0,0,1,0,6,0,0,0,0,0,1,27,0,0,0,0,0,0,0,2,0,0,32,1,10,5,0,0,1,14,0,0,1,0,0,1,0,0,0,0,3,0,0,0,0,1,1,0,0,0,0,0,3,0,0,7,5,0,28,0,0,1,0,0,1,1,0,0,0,65,1,9,8,1,0,0,1,0,11,0,0,118,25,0,0,0,0,1,1,1,1,0,0,0,0,25,0,0,0,2,0,2,0,1,0,0,1,0,1,0,0,0,0,3,0,0,0,3,4,0,4,0,1,0,0,1,0,0,2,1,0,17,1,0,0,1,3,0,2,0,0,27,0,0,0,2,2,0,0,0,0,0,0,2,0,0,1,6,0,0,0,0,0,0,3,0,0,0,74,0,0,0,2,9,1,2,14,132,0,0,2,0,0,0,1,8,0,1,2,0,2,0,0,0,4,2,0,0,2,1,0,0,0,1,5,0,4,6,1,1,0,3,0,1,0,46,0,0,0,0,1,1,1,1,163,3,0,0,0,0,0,0,1,0,0,1,0,1,0,0,0,0,2,23,0,0,41,1,0,0,4,0,0,0,77,0,1,0,0,0,1,4,0,0,1,0,0,0,4,0,13,1,0,1,0,0,17,2,1,0,0,0,0,0,1,3,0,0,0,0,0,0,0,0,0,0,0,0,2,0,0,0,0,0,0,2,0,2,0,0,0,1,0,0,1,2,0,0,1,1,3,0,0,0,2,0,0,0,0,0,0,2,0,0,0,0,0,1,0,0,5,21,0,0,2
"ENSG00000205922.5",1,0,1,1,2,1,7,0,1,1,1,6,4,2,4,1,0,0,3,0,1,0,1,1,0,3,1,1,0,2,2,2,0,1,1,0,0,0,3,1,0,3,1,246,1,2,0,1,1,1,1,0,0,4,1,0,1,0,0,2,0,1,3,0,1,3,0,21,0,0,2,0,0,0,0,2,0,0,2,0,3,2,141,0,2,2,2,3,1,2,1,45,0,3,0,0,10,0,1,1,1,1,2,2,0,634,0,1,65,0,6,0,2,0,6,0,2,13,3,3,1,0,0,1,0,0,3,2,0,3,0,0,2,0,0,0,10,1,1,0,0,1,0,2,1,2,2,3,1,0,1,0,0,20,0,1,0,0,4,0,1,2,0,0,0,1,1,2,1,0,2,2,2,1,1,3,1,18,1270,2,0,3,0,0,4,1,1,0,2,0,1,0,0,1,0,3,0,0,0,0,1,4,9,4,0,2,1,1,0,0,4,3,2,0,0,0,33,0,0,1,1,1,0,1,1,2,3,2,1,10,2,0,0,42,31,1,1,1,0,0,5,0,3,3,2,236,1,1,1,35,1,0,1,1,2,0,0,0,4,2,0,1,0,186,1,1,1,1,0,0,1,1,0,2,3,1,0,0,13,2,2,1,0,0,1,0,0,0,0,0,1,4,0,0,33,39,7,1,0,1,0,1,2,0,0,0,1,0,0,75,4,3,6,1,6,1,1,0,1,1,0,0,1,0,0,2,1,2,0,0,5,0,3,4,3,0,4,1,8,1,0,1,0,1,0,0,1,39,0,0,0,253,0,3,0,1,0,2,1,426,0,3,2,1,1,2,0,0,8,1,0,0,1,2,9,0,0,3,2,0,1,0,1,0,0,0,5,3,3,0,1,134,1,4,0,2,2,2,9,0,3,0,3,1,1,3,2,0,2,2,0,0,1,0,0,0,0,13,1,0,0,2,1,2
"ENSG00000205929.11",11,14,0,2,6,1,1,0,3,7,0,1,2,219,1,33,0,2,1,3,1,19,25,1,6,8,0,4,3,3,10,40,2,3,1,0,1,0,0,4,0,1,1,3,17,0,0,0,10,2,2,1,23,3,2,0,2,7,0,0,2,1,3,2,0,11,6,0,5,0,41,1,0,6,1,13,9,1,0,2,0,1,3,0,1,1,0,0,0,1,3,6,2,0,1,6,4,2,5,62,5,4,9,1,3,4,1,10,3,4,0,57,3,4,1,2,21,0,10,3,0,0,1,1,0,7,6,2,0,29,3,20,7,0,1,19,4,5,1,1,22,6,5,33,13,8,0,6,2,5,4,16,0,4,0,2,0,14,1,2,2,0,1,25,8,3,3,6,0,3,5,0,7,0,0,0,1,10,1,3,13,0,4,1,1,2,2,0,4,0,1,0,3,6,1,2,20,2,0,3,0,4,1,0,22,1,1,0,5,1,15,2,0,1,3,6,4,3,1,4,4,0,2,0,25,3,3,5,0,1,1,1,2,3,0,0,9,2,0,1,1,3,4,5,3,1,1,0,5,5,2,0,8,4,21,2,51,1,4,0,5,1,6,4,6,2,3,14,1,7,1,29,6,30,1,2,3,6,0,2,3,0,2,11,0,1,11,1,7,2,34,3,4,6,1,2,3,1,0,13,4,0,3,15,0,2,0,0,3,0,5,4,0,6,5,6,2,6,2,2,7,16,27,9,6,1,0,1,0,14,2,3,7,2,6,80,9,2,3,0,27,2,1,3,0,2,1,2,0,1,11,5,3,3,1,21,7,5,10,1,2,1,2,3,14,0,0,3,1,0,0,5,0,2,2,1,0,20,1,1,1,1,1,0,7,0,2,3,0,3,3,1,32,1,2,3,3,0,37,11,1,0,1,2,2,3,0,0,0,3,13,1,3,1,1,0,2,3,0,37,16,2,1,5
"ENSG00000206013.2",0,2,0,2,0,0,0,0,0,0,11,2,2,3,1,0,16,0,9,2,119,1,2,1,1,0,0,0,0,0,0,0,1,4,0,0,0,0,0,0,1,2,3,0,3,0,1,1,0,0,1,1,0,3,1,1,1,1,0,0,5,2,0,1,2,2,0,1,1,0,6,7,1,0,0,3,1,62,0,3,3,32,2,7,1,88,0,1,2,0,228,8,0,3,1,0,2,0,1,0,1,0,2,0,21,0,0,0,28,3,0,1,0,1,0,0,3,0,2,0,1,2,0,1,8,0,4,0,23,0,0,1,1,0,1,0,45,0,1,0,0,2,0,0,15,2,1,1,28,1,4,0,0,0,0,1,3,1,1,3,10,0,1,7,0,0,0,0,0,1,0,0,0,0,59,0,0,0,1,0,0,20,0,2,4,4,1,13,0,0,0,0,0,0,0,0,0,0,0,0,2,8,1,4,0,0,0,11,0,1,14,25,0,0,2,0,2,3,0,1,0,0,0,5,0,0,44,1,0,0,3,5,6,0,8,1,0,0,0,0,3,0,0,55,23,0,0,33,0,1,0,0,1,2,0,0,1,11,0,8,3,1,0,0,2,28,0,1,4,0,0,1,2,0,0,0,0,0,1,1,1,1,0,0,5,1,0,7,0,2,2,0,0,0,0,15,3,2,0,0,5,0,1,1,0,0,1,1,12,0,0,2,0,0,1,4,0,1,1,0,0,0,0,0,2,25,0,3,0,2,1,1,0,58,1,0,0,0,1,0,0,1,0,1,1,0,0,6,0,0,0,1,2,0,0,0,4,20,0,0,13,1,1,20,0,5,0,2,0,0,1,0,0,0,4,0,1,0,2,1,15,24,54,0,0,0,5,1,0,1,4,0,0,1,0,0,2,0,1,2,0,1,11,89,4,0,2,1,0,1,1,0,35,2,22,0,0,4,6,0,0,0,0,2
"ENSG00000206072.13",0,0,0,0,0,3,0,0,0,0,0,0,0,0,0,0,0,1,0,0,0,0,0,1,0,0,0,0,2,0,0,0,0,0,0,2,0,0,0,0,0,0,0,0,1,0,0,1,0,0,0,2,0,17,0,0,0,32,0,0,0,1,0,0,0,35,0,0,0,2,0,2,0,0,0,0,1,0,15,8,0,0,172,0,0,0,0,0,8,0,0,1,15,0,0,0,0,0,1,0,0,0,0,0,0,0,0,0,0,19,1,0,0,0,3,0,0,0,0,0,0,0,1,0,0,0,0,0,2,0,0,0,1,1,0,0,0,0,0,0,0,0,4,0,1,0,0,0,1,0,0,0,1,1,0,1,0,0,0,0,1,0,0,0,0,0,4,0,0,0,0,0,0,5,0,0,0,0,1,0,0,0,0,0,0,0,0,0,0,0,0,0,0,0,0,0,0,15,0,2,0,0,8,1,0,0,0,1,0,0,0,0,0,0,7,0,0,0,3,8,0,0,19,0,0,0,0,0,1,2,0,0,0,0,0,0,0,0,0,0,82,0,0,0,0,0,0,1,0,0,0,0,1,0,0,0,0,1,0,0,0,0,0,24,0,0,0,1,0,0,0,0,0,0,0,28,1,0,0,0,1,3,0,0,0,0,0,0,7,0,0,0,0,0,0,0,0,0,0,0,0,0,0,0,0,0,0,0,0,0,0,0,0,0,0,1,2,3,20,0,0,0,0,1,0,0,0,0,0,1,0,2,0,0,0,0,0,0,0,0,0,0,0,0,0,0,0,1,1,0,0,0,0,3,0,0,0,0,1,32,1,0,1,1,0,0,0,15,0,0,0,0,0,0,0,0,0,0,0,0,6,0,0,0,0,0,1,1,0,0,1,0,0,1,1,0,0,1,0,0,0,0,1,0,0,0,3,99,0,0,2,0,0,0,0,0,0,0,3,0,0,0,0,0
"ENSG00000206120.11",0,0,2,13,0,0,11,2,0,0,0,0,1,53,50,1,0,14,0,0,2,0,8,0,1,0,0,37,3,34,110,7,41,0,9,1,0,3,0,1,0,0,1,0,1,64,14,0,0,0,1,9,1,0,0,52,1,13,1,18,0,36,0,0,0,2,0,0,26,45,270,19,3,0,0,0,1,0,0,42,0,4,2,0,41,0,0,0,31,3,6,12,4,36,0,0,2,0,2,10,0,0,15,0,1,2,4,3,54,41,0,2,17,4,0,0,21,33,9,61,0,2,8,0,7,0,0,0,1,179,1,7,70,0,39,0,0,3,0,0,2,50,8,0,0,60,38,0,1,1,0,0,0,0,0,0,9,103,2,41,10,0,10,1,0,0,1,30,28,22,5,35,0,208,2,0,0,0,1,1,0,9,0,3,0,0,1,0,15,0,0,1,1,79,0,21,0,0,0,49,0,31,0,2,1,28,7,6,7,0,15,3,14,0,5,0,0,0,22,37,0,0,11,9,1,0,0,84,1,14,56,20,28,1,1,0,0,0,9,7,2,6,0,0,3,84,3,0,0,0,11,3,5,45,1,5,0,0,0,36,14,1,35,1,2,1,73,0,1,1,52,5,41,1,14,125,15,0,1,1,2,0,2,2,0,8,0,0,0,8,0,0,0,0,0,17,39,1,1,1,1,4,3,0,1,3,0,3,110,0,0,0,0,12,1,0,1,2,4,11,0,1,0,55,1,1,0,0,2,0,24,5,1,0,9,5,0,27,1,21,0,0,23,36,46,0,0,1,28,0,1,1,0,0,0,1,0,5,44,2,18,0,1,7,0,0,16,3,0,17,9,0,5,6,4,7,0,2,12,1,0,8,0,0,0,41,0,0,38,6,0,1,0,0,0,24,0,9,0,1,26,0,4,0,1,1,48,23,0,2,64,0,1,3,1,0,0,66,0,2,1,7,0,1
"ENSG00000206195.11",411,0,212,43,176,4,16,8,17,31,6,51,13,413,174,28,14,89,2,19,22,4,252,21,213,50,77,154,32,180,139,24,98,51,94,11,130,4,62,91,13,178,422,66,24,2,40,259,4,7,1,151,4,127,0,5,9,11,3,1,4,138,27,51,30,2,10,8,9,4,555,37,53,8,0,3,70,59,85,189,202,303,119,8,136,5,8,39,52,66,34,251,122,19,0,4,8,300,97,15,21,28,12,4,0,20,17,11,729,235,52,4,7,174,4,122,10,73,127,186,177,15,3,4,103,0,14,66,0,496,38,1,324,8,56,1,6,4,53,59,11,6,141,4,4,93,76,0,47,6,1,8,34,191,74,11,60,18,177,110,72,3,28,3,10,81,227,14,5,227,76,49,13,565,15,50,117,110,11,150,0,4,233,110,94,28,196,32,443,72,55,585,22,87,71,53,9,20,4,20,127,32,15,360,2,177,25,6,68,178,5,30,129,87,153,118,0,1,71,146,2,36,18,28,32,1,38,139,6,14,0,111,15,20,21,131,6,8,38,35,11,48,2,2,17,60,32,2,10,41,9,37,9,114,0,25,8,22,48,266,147,174,115,283,9,18,7,17,188,19,153,2,62,1,26,1,134,2,1,100,292,128,123,4,26,12,8,11,63,16,15,1,6,119,32,96,103,41,27,5,66,0,180,6,25,3,4,24,53,89,250,4,131,2,147,108,180,16,9,112,16,23,1,81,142,0,23,10,283,8,92,1,34,0,469,8,10,177,0,1,2,54,84,10,234,58,27,1,61,0,3,229,2,218,19,16,0,167,54,2,299,30,32,224,168,4,206,282,10,46,0,162,20,60,197,2,190,11,5,138,36,163,121,14,8,100,7,53,76,0,91,4,2,19,2,17,241,167,43,5,15,27,12,0,198,218,146,162,21,20,26,29,4,4,225,1,137,70,8,12,5,4,15,7
"ENSG00000206384.10",7,21,72,3,93,5,1,5,7,9,3,3,1,5,0,28,5,0,2,16,11,263,5,6,10,8,0,55,0,1,23,2,2,55,2,2,1,17,5,2,0,7,5,1,84,0,11,4,159,2,17,10,131,3,2,0,17,5,3,6,3,4,0,13,36,5,3,2,61,3,7,4,6,106,3,32,4,10,1,10,4,5,0,3,7,1,1,1,11,0,3,2,5,0,0,56,5,46,2,8,7,499,2,4,3,1,4,179,17,2,4,41,33,15,7,4,8,4,2,3,0,6,1,2,0,66,12,1,15,12,9,256,7,1,2,191,5,43,17,0,38,9,12,108,6,10,1,6,5,5,84,45,5,6,23,2,2,36,3,3,3,0,15,21,1,5,8,3,5,8,3,0,5,2,6,3,0,11,17,1,17,35,10,1,3,0,15,5,4,3,2,103,10,29,3,2,63,2,1,1,0,0,20,5,14,2,3,8,26,6,63,2,3,3,51,10,2,2,3,4,41,10,0,2,187,102,12,2,0,2,1,2,5,5,2,0,52,4,3,5,14,2,2,11,10,3,2,8,22,1,2,3,27,8,86,1,95,4,4,6,16,14,5,9,122,2,1,88,5,96,6,26,1,76,4,4,0,23,1,10,3,2,5,13,2,13,85,3,1,3,109,2,3,2,2,5,36,2,7,17,25,1,15,64,0,10,1,4,2,6,36,3,4,0,18,12,4,8,7,1,10,10,61,6,11,4,30,8,3,46,4,2,6,7,20,122,3,13,1,1,37,1,8,10,1,10,5,7,0,21,95,9,8,6,0,88,7,3,9,2,4,1,5,6,25,7,0,2,0,3,3,3,0,0,5,2,7,67,11,2,3,1,5,3,66,5,1,4,3,0,10,8,48,7,2,12,5,9,67,61,0,1,19,2,10,182,2,2,2,10,34,1,1,4,4,4,4,87,3,160,112,51,1,75
"ENSG00000206557.6",2,0,2,118,7,272,1816,1,16,3,1313,690,2963,5,6,5,289,0,137,880,22,1,32,0,1,54,216,8,114,193,1673,105,432,0,3,2,0,1,2193,2141,40,0,689,97,0,5,43,27,0,0,1,11,9,2715,3,3,11,1241,5,1,1,0,196,3,0,433,6,1,0,235,5,30,0,1,118,0,168,133,4455,653,74,1,0,9,130,1127,1,1,57,165,98,3,576,272,1,0,24,3,2060,142,21,0,161,0,71,1807,972,1,2839,108,428,0,0,13,5329,1,493,39,8,368,0,3,0,206,5,1,0,0,1657,93,2,0,828,32,2,3,1,0,735,0,0,61,93,2,872,105,332,2236,3812,0,0,7,509,0,6,6,17,2257,1211,5,1,215,20,967,536,0,984,716,147,192,67,112,1,3,218,170,27,671,0,271,0,17,41,1,0,1,1,0,5,0,15,2,7,0,210,1339,0,251,0,1,0,1,1975,4,0,0,0,163,5,0,185,801,686,0,1126,2,9,0,187,998,0,0,2247,1,1,2,2,677,2,1636,381,12,135,301,5,240,0,33,0,23,238,28,0,0,789,1078,2011,27,155,3,5,465,0,9,0,4,0,258,205,2,201,2,339,2712,0,554,148,0,1,1,270,1,1963,2,83,2280,1123,0,0,35,0,445,67,0,0,2605,0,90,2015,2,11,20,76,73,33,1403,1,1,0,0,586,439,1607,0,1734,78,12,2,3,3255,9,1457,0,3,475,0,2700,215,1,259,4463,1,0,8,16,5,1,0,227,0,1,519,3,37,36,1,42,386,1828,4,0,8,0,84,230,0,1,952,1779,0,1,31,4,4501,0,0,2097,5,3489,1344,34,0,5,1948,8,0,140,5073,1,34,0,175,220,871,4,2,1,1,1,1,0,12,0,0,2,18,1356,851,6,0,2765,0,2,908,1024,47,13,3214,21,0,43,212,220,0,205,0,11,2961,0,7,56,0,2,2,0,0,1,26,2580,19,0,0,10,2
"ENSG00000206878.1",0,0,0,0,0,1,1,0,0,1,0,2,1,25,5,0,0,0,0,0,1,0,1,1,0,0,0,3,0,4,0,0,1,0,0,1,0,0,3,0,0,0,0,0,0,0,1,1,0,0,0,1,1,0,0,0,0,0,0,0,1,13,0,1,0,0,0,0,9,0,25,1,0,0,0,0,40,0,1,4,12,0,19,2,0,0,0,3,0,0,32,8,0,1,0,0,0,0,1,2,1,0,52,0,4,0,2,0,48,0,11,1,0,0,3,0,0,0,0,3,0,0,0,0,0,0,1,0,14,4,0,1,23,0,22,0,0,1,33,0,0,1,1,0,3,2,1,0,15,3,0,0,1,3,0,1,0,0,2,1,0,0,1,1,0,0,0,4,0,26,0,1,4,18,4,1,0,12,5,0,0,0,3,2,0,0,0,0,1,0,2,5,1,2,0,0,0,2,0,0,0,11,2,0,0,2,0,2,0,0,0,13,8,0,1,2,0,0,0,2,0,0,0,0,0,0,0,1,0,1,4,0,0,0,0,1,0,0,0,2,0,2,0,0,6,7,0,4,0,3,0,0,0,11,0,2,0,0,0,0,2,0,17,0,0,0,2,0,11,0,0,0,0,0,0,0,0,0,0,11,0,1,0,0,0,0,0,0,0,1,0,0,0,1,3,0,4,0,0,4,2,0,2,0,0,0,0,0,0,0,2,0,0,2,2,10,0,1,0,0,1,11,0,0,11,9,0,1,0,0,0,0,0,1,2,0,1,1,0,0,0,1,0,1,2,0,0,0,0,0,0,5,0,0,0,0,0,1,0,1,4,0,0,2,12,0,0,2,0,0,0,0,1,0,61,0,0,0,0,5,0,0,0,0,0,0,15,0,0,0,25,0,0,0,0,0,0,0,0,0,0,11,1,0,3,1,3,0,0,0,1,0,0,1,1,0,0,5,2,0,0,0,8,0
"ENSG00000207751.3",2,1,0,2,0,1,5,1,0,5,0,3,9,7,5,1,1,1,5,0,0,0,0,1,5,3,1,3,1,3,0,1,4,7,1,0,0,0,6,0,0,0,0,0,0,1,0,0,0,2,0,1,0,1,2,1,0,1,5,0,1,4,1,2,2,2,10,1,4,1,7,2,0,0,0,0,2,0,7,7,4,13,1,2,3,7,0,0,2,0,2,0,2,1,1,0,1,0,12,0,0,0,0,1,2,1,6,0,11,9,3,1,1,2,0,3,2,1,7,9,0,6,0,2,6,0,0,2,3,14,1,1,1,4,0,0,5,0,5,0,0,5,0,0,0,7,3,5,2,2,0,0,4,6,4,0,0,6,1,9,7,0,2,2,5,2,4,9,0,0,0,1,0,1,0,0,2,6,3,0,0,1,1,9,0,3,3,0,2,14,1,5,2,5,1,0,0,0,1,5,1,4,0,4,0,7,0,2,0,1,2,2,1,1,3,2,1,0,0,7,0,1,0,0,0,0,2,3,0,2,3,11,0,2,0,1,0,1,1,1,0,1,3,0,4,3,0,1,3,2,0,2,1,2,0,3,0,0,1,4,5,3,0,11,0,1,0,0,3,0,1,0,6,0,0,0,2,0,4,1,3,1,0,0,4,2,0,1,1,1,0,0,0,4,6,13,8,2,0,0,11,0,22,0,1,0,0,1,5,5,0,1,13,2,4,1,1,0,0,3,4,2,0,4,0,14,1,0,0,0,1,3,1,0,5,0,2,0,0,0,0,2,3,4,0,1,0,1,3,0,2,4,0,11,0,0,2,4,2,3,0,0,0,3,2,2,6,2,1,2,0,5,1,1,5,8,14,0,0,11,0,4,2,0,0,2,2,1,0,3,5,1,1,3,0,0,4,9,5,0,6,2,1,1,8,1,8,1,0,1,0,1,20,0,5,1,1,9,4,1,0,2,5,0
"ENSG00000207973.1",1,0,2,1,0,0,0,0,0,2,2,3,0,25,0,0,0,1,1,3,2,0,1,0,1,0,0,6,0,2,0,2,2,1,0,2,1,0,1,5,0,3,4,0,1,0,4,0,1,0,0,4,0,2,0,0,0,1,2,1,0,0,0,0,0,0,3,1,4,7,3,3,1,0,0,0,2,0,6,2,4,7,11,0,2,0,1,1,3,0,1,3,1,0,1,0,0,1,10,1,1,1,2,0,0,7,0,0,11,3,4,3,2,2,1,4,2,5,1,13,0,2,0,1,7,0,0,1,1,2,0,0,4,3,5,1,3,0,1,0,0,6,1,0,0,6,4,4,2,2,0,0,2,1,1,1,0,8,0,2,2,1,3,2,1,2,7,1,0,0,0,1,0,3,0,1,0,4,4,0,0,3,0,2,0,1,0,0,1,1,5,17,7,3,2,3,0,6,0,1,2,1,5,8,0,4,0,1,0,2,2,0,5,7,3,2,1,0,1,1,0,0,1,2,0,0,1,1,1,1,0,1,0,0,0,1,0,0,2,5,0,2,0,1,10,2,5,0,0,0,0,1,0,0,0,0,0,1,1,3,0,0,6,12,0,2,0,0,1,0,3,0,6,0,1,1,6,0,1,5,3,8,0,0,2,2,0,1,0,7,0,4,0,0,0,19,3,0,1,4,1,0,8,1,0,0,0,2,1,11,0,5,3,2,3,3,0,0,1,0,4,4,0,2,1,3,0,0,0,0,2,0,1,2,3,0,1,7,1,1,0,0,4,6,1,1,0,2,4,0,1,4,1,5,1,3,2,4,4,1,1,1,0,1,1,3,0,0,1,0,1,2,0,2,1,2,8,0,2,0,0,1,2,0,0,4,1,4,1,1,4,0,1,2,1,2,1,0,2,1,1,0,2,1,3,3,3,5,0,1,0,0,0,0,3,1,0,2,3,0,0,1,6,0
"ENSG00000210112.1",0,0,0,0,6,1,0,0,1,0,1,1,0,10,7,0,1,1,0,0,0,1,3,0,0,0,1,1,0,2,0,6,3,0,0,1,0,1,2,6,0,3,1,2,0,0,0,4,1,0,0,0,0,8,1,3,1,0,0,0,0,3,3,1,2,5,0,1,1,0,19,1,0,0,0,0,2,2,1,9,1,14,5,0,1,1,1,0,28,0,0,2,0,5,0,1,5,6,1,0,2,3,0,1,0,11,3,0,2,2,2,0,6,1,0,0,4,0,4,1,0,0,0,9,0,1,0,1,5,1,0,0,5,1,1,2,18,0,1,0,0,0,1,0,1,2,0,0,0,0,0,0,0,2,0,28,0,0,1,1,13,5,6,1,0,23,0,1,0,0,0,5,2,2,2,2,1,10,0,0,1,3,11,5,0,3,1,0,0,0,0,0,3,1,2,8,1,4,2,5,8,2,0,8,0,7,1,1,0,1,0,0,0,5,1,0,12,2,2,6,1,0,0,1,0,0,1,7,1,0,15,6,8,1,3,0,1,0,0,0,0,1,1,2,6,0,5,0,0,15,0,6,0,0,0,0,0,0,1,4,0,0,0,1,0,0,5,1,0,0,3,0,0,0,5,0,0,0,0,0,2,1,0,0,8,0,0,2,0,2,0,0,1,43,0,1,0,7,4,0,0,1,0,0,0,0,0,5,1,0,0,1,8,2,0,7,1,1,1,0,2,20,1,3,1,24,0,0,2,1,8,0,0,6,1,1,5,0,1,17,1,0,0,4,0,1,0,0,0,0,1,10,0,1,3,0,12,71,1,0,0,0,0,0,3,0,5,0,1,0,0,0,1,0,0,1,1,0,0,0,0,1,4,0,0,0,0,0,1,0,6,0,0,0,5,1,0,1,0,0,1,1,0,1,2,5,51,3,0,2,1,0,0,0,1,0,2,1,10,15,0,0,6,0
"ENSG00000211448.13",3,0,7,23,53,187,0,978,9,15,5,3,4,117,17,16,7,71,1,17,44,21,65,69,14,6,0,21,641,24,8,56,22,2724,19,3188,304,1,0,2,1,20,4,192,11,1,0,46,18,28,5,53,26,4,2,63,64,0,52,10,28,122,2,0,370,6,13,207,2,1245,14,68,754,2,1,3,9,4,622,10,56,35,154,62,10,387,2,2,2121,3,17,203,1,11,548,3,5,20,49,91,2,0,20,10,1,927,3,4,318,2,25,4,4549,29,102,6489,93,3,2,22,2,41,28,1,15,14,202,179,17,3,80,4,3,7,554,9,4,0,38,19,9,899,62,31,42,42,13,15,1,5,6,8,0,1282,18,0,1,280,21,14,37,0,14,12,13,921,15,22,0,16,14,4,10,78,16,21,4,5,8,1,2,262,56,11,46,2,26,86,93,2,2,48,3,7,50,0,5,1,594,26,4,640,35,28,1,1,6,343,11,4,6,5,2,0,421,17,9,1,16,5,0,81,0,5,2,2,8,38,6,2,65,260,19,9,0,127,15,2,2,1233,196,44,296,4,31,7,0,7,10,19,2,2,0,4,1,4,1,96,3,919,14,108,128,8,6,62,9,5,7,1,21,7,1,8,223,6,13,3,1,24,4,1,3,14,4,5,1,48,1,24,11,19,40,0,8,3,12,50,3808,9,10,25,21,1,2,4,6,1580,2,2,20,166,7,22,27,63,17,18,575,11,150,8,2,25,216,9,10,3425,1,2,4,9,4,3,1,15,1,7,6,608,0,4,72,6,3,14,2000,22,66,4,23,65,1559,2,4,0,26,11,4,0,9,15,8,26,39,11,5,0,62,16,302,9,2,6,7,531,68,0,51,0,60,31,411,648,8,14,35,1,0,91,7,7,1,14,1,3,317,10,45,2,4,1803,102,61,184,80,378,1,2,1255,35,1,20,3,321,1,6,3804,7,15,3,253,1,3
"ENSG00000211895.5",82,2249,22213,4762,8343,290,4263,312,3185,1665,656,868,5662,11400,44,16578,3203,141,115,3229,2919,8114,682,901,2757,279,12,1259,677,4504,404,1121,1160,2849,242,18074,4346,3926,33,176,7922,6597,596,44,43634,6529,536,15346,14139,611,5516,16380,13773,14808,142,622,7498,175,2809,245,149,316,123,19197,414,308,5210,400,1810,9658,2764,8962,954,759,180,5054,523,1024,1886,252262,110,195,2098,985,255,552,771,98,1224,1279,10743,119,208,687,97,11723,1373,263,7612,16603,8979,809,4012,31,978,680,785,8646,3542,854,7998,178456,585,2514,4481,180,3485,515,29,83,22,25,3392,720,7949,5319,14316,1427,65,18957,2536,6631,1937,1285,2386,8769,160,3499,120,50,14038,5782,9606,9569,18146,450,20013,207,1895,476,1642,4523,22,838,6326,56,82,4450,79,3840,2794,308,24,1205,1201,16053,1083,316,6,4422,28,570,354,183,1710,711,2339,12,32027,712,1267,430,417,747,544,4335,6410,1768,371,194,706,11439,16575,1758,409,38,16115,115,202,2613,187,2,9156,224,13285,178,10902,235,13177,88,5184,12229,923,8,8273,4618,125,116,5462,205,754,64,35,84,2441,5945,315,1386,2802,23,3401,915,48279,76448,155,2955,14089,1848,195,297,10464,1114,1015,2183,584,928,11,502,3421,86,20662,55,5019,19460,10281,5349,7353,3294,471,2281,1114,1612,142,748,7093,361,2298,14430,661,18478,17992,3783,3755,5221,48,107,1563,25888,174,11018,370,3188,1164,42668,81,4056,11585,5010,706,9562,34500,2401,13234,274,3834,1858,1492,496,99,18654,3142,49764,354,17157,86,9800,252,3874,260,136,157,383,201,360,939,1849,5194,80255,1560,8899,5394,1087,3445,205,12014,387,45672,23,3775,7627,35,35172,9638,287,193,8440,26,176,1504,142,2753,698,1600,437,46,860,66,839,1092,19900,22112,7728,13413,80,94,10812,503,630,3640,57,53,1999,218,167,719,814,226,238,541,939,462,700,2394,758,221,427,22,7186,98,294,268,796,492,422,14652,29,41889,2818,2166,28,1659,213,6161,1848,819,2983,1931,1015,41692,3979,283,621,2566,64,6425,17907,57,16390,1547,2120,20520,3844,2804,1533,1263,65,356,3810,28372,23677,13129,2349,81,6603
"ENSG00000212237.1",0,0,0,2,0,0,0,0,0,0,0,2,0,4,2,0,0,1,0,1,18,0,0,2,0,0,0,4,0,2,0,0,5,0,1,2,4,0,0,0,0,0,0,0,0,0,0,0,0,0,0,0,0,0,0,0,0,1,0,0,1,6,1,0,0,0,1,0,25,0,27,0,0,0,0,0,22,0,0,1,5,1,10,0,0,0,0,0,0,0,23,7,0,0,0,0,0,0,1,5,1,0,0,0,1,0,1,0,25,0,12,0,1,0,1,0,0,0,4,4,0,0,0,0,0,0,0,0,21,12,0,0,5,1,6,0,2,0,6,0,0,0,2,0,11,4,0,0,11,7,0,0,1,1,0,2,1,0,1,8,1,3,8,2,0,2,0,0,0,10,0,1,1,35,1,2,0,2,8,1,0,0,13,19,0,0,0,0,2,1,2,3,1,7,0,0,0,0,0,0,0,17,1,2,0,0,0,4,0,0,0,15,0,0,0,2,0,0,0,1,0,0,0,0,0,0,0,4,0,0,0,2,2,1,0,0,0,0,0,0,0,3,1,0,4,5,0,0,0,3,0,0,0,3,0,6,0,0,0,0,3,0,18,1,0,1,0,0,3,0,0,0,0,0,0,0,0,0,0,0,1,0,0,0,0,0,0,0,0,0,0,0,0,0,3,0,6,0,0,1,5,0,3,0,0,0,0,0,0,0,3,0,0,6,1,19,1,0,0,0,2,13,0,0,4,6,0,1,0,0,5,0,0,4,3,0,2,0,0,0,0,0,0,1,1,1,0,0,0,0,0,20,0,0,0,0,0,3,0,0,2,0,0,0,10,0,0,0,0,0,0,2,0,0,4,0,0,0,0,0,0,0,0,0,0,0,3,0,0,3,17,0,1,0,0,0,1,0,1,0,0,0,0,0,9,0,0,0,0,0,0,0,0,0,1,0,0,2,0,0,0,0,2,0
"ENSG00000213023.11",9,0,19,9,176,1,0,151,1,95,0,1,2,4,189,5,7,2,3,8,666,1,6,10,1,2,0,33,227,0,22,3,5,33,10,1,44,4,2,2,0,330,10,3,3,0,2,25,5,6,1,1189,1,2,2,6,4,3,5,0,0,2979,2,1988,8,1,0,1,3,2,4,26,347,6,0,1,6,105,6,428,72,3358,1,65,12,2,23,0,5,5,617,56,1,2,10,2,6,6,360,5,2,2,10,4,1854,9,4,3,371,0,52,9,29,21,1,3,6,1,7,1,0,7,1,0,21,2,59,12,6,2,125,4,54,11,73,3,0,0,2,1,4,26,10,3,22,2,4,6741,47,9,3,2,0,16,5,1,1,13,2,5,842,35,32,7,5,39,251,11,0,60,11,1,3,1,11,3,8,1,24,1,0,4,903,9,2,11,191,560,1070,82,1,4,3,10,1001,0,3,2,0,4,2,4,20,3,1,22,1,5,12,1,6,378,0,46,4,15,2,0,8,5,0,8,1,54,0,2,2,2,1,2,2,3,19,2,1,1,0,1,3,8,29,299,0,2,3952,202,0,11,3,0,6,0,3,0,4,14,10,10,0,0,14,23,3,10,2,3,3,1,1,1,9,3,1,9,8,0,0,1,1,398,0,6,0,3,3,3,0,11,4,9,7,2,5,0,39,15,10,4,18,366,9,4,12,18,5,15,2,2,4,0,6,6,4,75,158,727,1,127,22,6,32,4,0,17,9,24,2,3,2,2,36,16,9,20,7,2,0,1,1,20,0,0,3715,0,159,645,90,9,1,3,1,5,1,13,0,5,5,2,3,0,19,4,2,982,13,5,0,3,2,3,1,1,1,0,438,0,1,5,1,2,1,5,2544,273,11,4,8,6,4,1,862,1,5,6,1,3,3,1,14,2,0,0,2,2,4,8,0,0,0,12,22,7,0,0,7,217,111,10,0,2,3,103,5,4
"ENSG00000213060.4",4,0,0,2,5,1,3,0,1,1,2,2,3,7,1,1,0,4,6,0,1,0,0,0,3,2,2,1,0,0,3,2,0,1,2,2,1,1,3,4,0,5,2,11,0,1,0,1,0,3,5,1,0,2,2,3,1,4,1,1,4,2,2,2,0,2,0,2,0,3,4,2,0,1,0,0,3,7,8,0,1,8,2,0,2,0,2,2,0,0,0,5,0,16,0,0,0,6,3,1,3,1,0,1,0,3,1,0,2,1,1,1,0,1,1,0,4,1,0,0,0,2,0,7,1,0,0,5,1,3,0,0,3,1,3,0,2,0,4,0,0,5,1,0,0,4,3,10,0,2,0,0,3,0,0,1,1,1,0,2,3,0,2,4,5,0,0,5,4,2,2,1,1,1,2,0,1,5,3,0,0,3,2,1,1,2,3,0,1,1,1,4,7,1,0,1,0,3,0,5,1,1,1,6,0,10,0,0,5,0,1,0,1,4,0,1,3,4,5,1,0,2,0,2,0,0,9,3,3,0,1,1,0,3,8,2,0,6,0,1,0,0,3,1,6,1,0,2,2,1,0,3,1,1,1,0,1,5,8,3,5,2,2,6,0,3,9,0,0,0,1,0,0,0,4,2,0,1,4,1,10,5,1,0,3,0,0,1,3,2,0,0,5,31,2,2,1,1,1,0,0,1,3,0,1,3,1,6,1,1,2,4,3,2,4,2,1,2,0,0,2,15,0,0,0,3,1,3,4,0,0,0,0,4,5,1,0,0,5,3,0,0,1,5,3,1,0,14,0,0,0,0,0,2,2,0,17,8,3,0,0,2,5,3,25,0,10,2,7,6,4,2,1,4,10,3,2,0,1,2,2,2,2,1,2,10,0,1,0,1,3,0,0,1,2,1,3,1,0,0,3,1,0,2,1,0,0,0,0,0,2,1,2,0,7,0,3,2,2,0,0,1,1,0
"ENSG00000213061.2",0,2,0,7,9,10,0,2,16,2,4,1,3,3,0,7,2,6,480,0,4,3,1,5,17,1,108,72,5,3,0,5,11,93,27,9,1,8,4,8,0,1,104,15,3,1,110,19,1,14,3,12,7,4,0,5,1,41,126,15,3,54,229,0,0,0,3,132,85,1582,3,78,125,4,17,3,375,23,4,2,496,28,27,89,3,2673,1,46,9,4,10,67,1,15,3,2,7,1,1,0,25,7,0,114,1,0,797,0,40,4,14,1,77,4,0,29,2,4,1,13,0,15,4,8,24,27,19,325,2,4,45,7,4,13,0,3,44,5,0,2,1,1,2,2,3,0,27,9,1,0,0,7,253,0,13,22,4,21,5,381,74,3,275,5,0,100,4,0,58,3,1,40,3,20,1,1,0,1,4,54,1,5523,172,132,1,10,0,0,18,21,35,0,409,5,349,6,10,12,130,10,120,158,19,72,2,90,32,253,3,10,390,37,0,243,5,0,141,1,12,35,2,17,0,513,4,3,203,1,9,20,184,9,9,139,1,32,2,50,228,19,8,38,2,1297,16,3,31,0,3,3,3,2,6,54,5,113,8,0,2,27,279,631,3,6,2,124,0,3,833,0,3,2,1,3,13,1,0,1,0,1,2900,3,22,0,6,0,3,4,5,5,1,97,1,57,31,11,5,2,4,3,5,2,10,1,1,0,25,693,70,2,2,1,5,9,168,1,6,3,406,3,2,4,3,4,70,179,3,8,6,2,3,4,7,0,3,2,499,0,62,2,6,14,0,0,9,0,130,80,2,0,0,106,184,5,25,1,8,0,3,1,3,1,2,7,0,141,32,2,2,3,3,1,10,2,447,288,920,12,3,2648,16,65,14,25,6,3,7,12,3,1,24,5,2,2,4,30,479,1,0,4,2,0,179,73,0,2,1,2,34,13,64,16,78,1,40,0,51,0,348,4,6,4,2,2
"ENSG00000213082.3",1,1,28,0,4,3,3,0,1,2,0,1,2,47,33,4,1,2,6,1,10,0,7,1,1,4,30,2,0,0,0,1,1,7,1,2,1,1,1,1,2,5,5,1,1,14,2,13,1,2,15,2,2,4,0,12,1,1,2,1,2,16,1,0,4,6,6,6,11,10,3,3,11,0,1,1,4,2,0,0,1,4,13,3,2,1,0,0,2,5,12,18,2,4,11,0,3,0,3,4,0,1,1,2,1,1,2,0,5,1,13,0,1,1,0,1,2,0,41,11,1,0,0,16,1,1,1,1,1,0,1,1,15,0,1,1,0,2,1,0,0,4,2,0,0,23,2,16,9,2,0,0,2,18,0,1,3,4,1,4,6,20,10,5,2,22,2,7,1,3,4,1,1,2,18,0,1,22,5,1,0,1,1,1,3,9,4,5,24,0,0,10,2,32,3,24,1,2,0,0,1,2,24,0,1,9,5,2,0,0,0,4,14,22,0,1,0,0,0,0,3,0,8,8,0,0,2,0,8,2,5,2,0,3,1,4,0,11,7,3,2,0,11,0,0,1,0,0,15,0,1,19,1,2,2,11,2,2,0,2,26,0,2,21,0,3,0,2,1,1,7,0,9,0,2,4,6,0,0,0,0,3,3,1,1,1,0,0,3,15,2,0,0,11,18,7,4,0,6,2,0,5,4,0,45,0,9,4,6,0,2,4,7,14,3,1,0,3,9,1,13,3,1,15,3,2,1,10,36,2,2,1,1,4,0,0,1,14,0,7,1,6,0,6,1,1,0,4,5,2,0,54,1,32,11,5,1,4,17,1,2,4,8,0,3,1,4,18,4,35,2,1,1,0,1,2,0,1,3,0,4,1,1,6,1,1,3,2,30,0,11,0,0,19,1,4,0,16,1,0,0,8,1,0,1,7,13,1,0,9,0,1,0,3,0,0,0,5,0,3,2,3,38,3
"ENSG00000213130.3",1,0,0,0,2,1,3,0,0,109,0,0,0,4,1,0,2,1,0,0,0,0,0,0,0,0,0,0,0,0,0,0,0,0,35,0,0,0,0,1,0,0,0,0,0,0,3,0,0,1,0,1,0,1,0,0,0,0,0,0,1,0,35,0,0,0,0,0,0,0,2,0,12,0,0,0,3,0,0,0,0,0,2,1,0,0,0,0,54,1,0,1,0,0,0,0,1,0,1,0,0,0,1,1,0,0,1,0,0,0,0,0,0,1,0,0,0,1,1,1,0,0,0,6,1,0,0,0,0,0,0,0,0,0,0,1,1,0,0,0,0,0,0,0,0,0,2,1,1,0,2,0,0,0,1,1,0,1,1,0,32,2,1,0,0,0,0,2,0,0,0,0,0,0,1,0,2,0,0,0,0,0,1,1,0,0,0,0,0,0,0,2,0,0,0,0,0,0,0,0,0,0,0,0,1,1,0,0,2,1,0,2,2,0,15,0,1,0,0,1,0,0,0,0,0,0,1,1,0,0,1,0,0,0,0,0,0,0,0,0,1,0,0,0,26,0,0,0,0,0,0,3,0,0,0,1,1,1,0,1,0,0,0,0,0,2,0,1,0,0,1,0,0,0,0,0,62,0,0,2,0,516,1,0,0,0,0,0,1,0,0,0,0,0,1,0,1,0,1,0,0,0,2,0,1,0,0,0,0,0,0,2,2,0,0,0,56,2,0,0,0,0,1,1,0,3,0,0,0,1,1,0,0,0,1,0,0,0,0,0,1,0,0,0,22,0,0,3,0,0,1,3,0,95,1,54,3,0,0,1,0,1,1,0,0,0,355,12,0,0,0,0,2,1,1,1,0,0,0,0,0,1,0,1,0,0,0,1,0,0,1,0,0,0,0,0,0,3,0,2,0,0,0,4,0,0,0,0,0,1,0,2,0,1,1,0,0,0,26,0,0,0,1,0
"ENSG00000213186.8",60,2,21,36,280,148,32,34,28,282,25,64,198,989,178,20,59,178,72,149,51,19,64,45,33,82,65,81,12,177,266,164,80,77,23,258,51,24,57,51,0,162,253,25,33,19,55,213,10,21,61,325,49,106,34,73,26,144,239,125,38,192,31,59,28,239,43,16,230,171,490,56,26,7,40,14,254,43,176,165,69,325,216,71,53,64,20,45,102,19,109,41,72,14,8,13,22,64,49,138,67,22,575,6,64,96,76,18,425,134,73,87,101,133,71,38,660,83,157,268,16,46,34,46,25,6,8,45,258,311,29,20,192,15,79,14,30,19,106,18,12,343,137,25,133,364,247,278,193,339,9,15,123,65,27,93,17,58,80,45,77,25,112,128,178,113,171,253,153,166,70,42,45,385,10,52,47,118,389,56,20,69,61,68,31,27,54,36,40,73,25,782,117,134,42,190,20,61,22,181,26,93,205,106,10,87,52,105,37,54,50,78,162,49,201,143,11,15,86,133,5,94,130,31,23,15,33,228,5,39,204,19,90,97,10,56,16,34,23,74,31,43,11,11,405,133,20,27,24,65,15,48,15,149,19,29,24,58,41,449,77,64,266,223,25,64,68,14,124,11,104,18,247,13,62,150,135,4,18,71,119,72,20,12,22,144,6,33,50,67,69,44,96,10,36,177,532,21,94,96,141,13,283,28,164,23,28,56,58,95,27,152,42,72,104,242,75,368,60,53,395,292,33,670,77,27,26,22,42,6,152,65,57,37,165,24,47,344,67,43,17,51,44,204,206,83,7,17,111,9,32,189,40,268,5,31,458,890,267,105,19,44,47,457,735,16,22,280,22,45,87,49,61,36,272,11,173,19,18,237,7,124,42,18,39,45,210,15,84,67,74,29,14,277,97,110,62,44,55,7,37,38,44,6,78,47,84,169,44,98,108,19,40,12,40,85,72,355,103,28,16,14,366,17
"ENSG00000213279.2",2,2,9,6,0,0,0,5,2,4,2,160,2,9,416,7,2,2,1,1,36,2,111,2,12,3,0,16,0,13,4,6,7,14,3,9,72,1,0,9,3,2,5,4,8,1,4,26,0,4,2,481,3,4,6,3,8,0,319,1,0,24,1,2,0,0,70,5,2,2,18,10,3,2,2,1,110,0,0,74,9,58,1,0,29,2,5,2,15,5,12,3,3,0,0,1,2,696,4,7,44,11,4,0,3,4,14,1,34,5,11,4,8,8,3,64,2,0,1,48,29,78,1,6,41,8,0,7,6,4,23,3,8,1,120,3,1,2,0,6,1,4,82,5,13,71,10,0,3,2,1,3,2,5,87,2,47,1,11,98,9,0,1,4,9,7,123,3,1,0,1,131,35,10,49,4,2,2,5,5,3,2,57,1,9,5,186,8,21,26,1,7,0,241,34,3,3,1,1,5,1,4,3,19,1,1,4,5,13,542,5,6,155,11,2,60,0,0,12,139,1,108,2,6,4,3,4,3,0,4,7,98,7,1,7,24,3,2,20,5,4,160,5,3,0,2,2,0,4,3,5,0,1,81,2,1,2,5,19,0,11,13,1,3,6,1,5,1,7,5,3,0,4,5,5,2,2,2,2,75,2,11,1,1,0,2,1,0,0,8,5,2,1,13,31,178,42,1,12,3,7,1,1,10,10,6,2,11,31,0,10,4,3,34,2,533,2,4,7,5,2,13,0,2,33,4,1,4,2,2,4,7,18,3,2,3,2,3,2,2,1,11,56,0,4,43,1,0,4,3,4,7,12,13,0,5,1,2,6,1,6,9,3,17,0,0,9,8,2,3,3,100,0,0,14,2,0,0,3,0,2,7,4,8,5,286,0,2,15,0,2,10,1,3,2,0,21,1,7,5,23,2,4,1,47,6,0,2,45,8,82,43,13,4,0,0,3,1,1,2,0,0,1,3
"ENSG00000213347.10",324,23,447,81,357,208,426,89,319,1500,135,1017,1320,1417,1164,92,119,814,736,185,216,67,201,181,286,96,983,615,206,371,616,409,397,221,177,401,270,333,1723,708,90,324,778,59,65,215,177,526,23,216,371,229,126,983,283,643,92,1616,1102,453,266,558,127,730,69,568,445,122,1299,1205,462,350,69,20,340,65,1007,479,853,449,570,423,778,372,401,175,232,326,400,296,1125,198,211,432,268,32,268,646,970,273,265,100,590,163,421,315,543,65,765,660,195,91,103,369,251,204,1309,518,1038,1097,104,535,43,1115,421,99,70,1315,316,725,180,58,733,174,563,52,440,29,1021,107,25,946,551,76,201,1893,966,784,350,631,64,81,655,502,86,626,500,508,1234,520,1246,627,551,278,537,488,821,2913,731,515,207,616,276,1577,248,118,474,676,511,423,39,207,190,342,415,268,394,101,209,1190,210,819,1016,870,123,1073,86,750,31,411,142,1187,358,1000,21,1206,181,674,1803,416,201,461,1511,591,481,371,350,96,256,478,35,585,342,165,66,20,701,1065,98,257,925,916,262,789,227,612,75,299,426,370,96,283,117,148,303,1143,321,238,485,296,91,468,64,509,56,363,78,247,570,1405,707,243,733,966,27,321,452,30,1290,50,290,53,579,13,225,635,790,20,277,336,739,1369,411,75,161,440,10,329,347,354,142,142,271,394,509,513,1000,223,191,322,441,241,1692,50,520,175,104,294,452,499,209,908,1029,390,650,257,660,313,168,273,339,545,51,941,416,1018,58,195,435,47,578,373,222,415,1096,38,680,794,205,352,19,202,120,1649,744,678,90,1040,431,24,54,902,147,432,92,69,531,1116,428,288,185,119,488,612,1225,222,986,385,137,887,938,806,199,430,1267,374,562,91,113,722,197,528,409,122,133,475,792,274,445,259,361,295,31,795,429,424,415,1395,255,51,329,364,476,141,745,161,290,393,208,105,190,934,304,142,227,110,161,863,766,74,40,72,1088,66
"ENSG00000213398.8",350,12507,1119,2314,171,778,285,2520,3526,941,2019,1585,2138,427,6756,8598,3908,507,3229,1158,1187,10289,1289,1104,1142,2388,204,662,936,149,1521,78,1930,1580,1202,107,479,4249,449,555,4154,275,548,2608,5501,1257,1510,119,8472,6990,1128,142,6882,2055,265,1322,6155,2468,4813,1188,3849,307,842,9140,4517,1176,4880,1860,1224,737,1230,2825,152,11849,1886,9705,251,5960,1338,1642,392,979,1298,1772,1952,2543,2612,469,942,2319,4279,184,1257,203,1047,4748,9642,2676,2637,269,718,7723,196,1685,1932,3508,7766,9247,1488,588,750,5387,2686,1891,2043,241,456,2116,436,551,54,1544,4506,2420,4999,12391,4973,729,1788,321,3376,7247,253,2541,173,10465,250,12942,3111,257,4479,1085,351,7968,202,358,234,214,600,189,8827,9793,655,1430,1354,157,2795,2335,1028,822,1317,2215,676,880,218,485,2056,562,4465,5500,916,187,1238,531,3391,364,934,1139,1309,104,5876,2752,709,249,583,2749,3753,5203,1760,5455,867,434,3189,298,485,2207,8426,2215,241,1312,2577,313,623,3819,12133,775,4144,261,1162,1492,4026,3058,136,88,1453,106,980,4119,2814,3930,10340,9161,246,3088,3767,8132,3009,712,702,2754,3581,1950,1483,2310,5085,235,9767,2348,189,1326,4206,1439,1397,4843,628,300,828,2762,3001,3187,2421,80,9218,93,10388,1910,12559,2201,425,1175,2067,4066,253,1553,6285,1870,905,6528,3438,11676,648,5510,739,7854,1843,2891,497,9351,5458,1720,1653,2627,10230,7708,816,1004,7538,2464,1284,815,3406,235,898,257,1546,205,149,1192,12746,550,966,5716,358,4198,78,3217,704,1441,1309,1987,156,1081,791,3563,1017,531,474,443,2713,4676,311,1139,9761,1254,5948,1434,3778,762,297,8228,240,3531,3101,245,826,14704,6241,122,1931,264,14591,1719,682,778,1835,150,474,11491,296,5875,9413,427,3202,2409,1958,9370,631,618,932,486,1627,3143,1935,505,605,8341,71,881,4234,176,363,597,3510,593,423,8943,1041,6727,4590,1712,7059,2155,392,3796,4201,2828,1749,990,1451,275,2491,3225,4607,1383,1968,148,808,3474,2357,7774,1810,1406,6573,1788,580,415,471,552,2862,1907,1499,572,4706,4620,165,74,640,753,3237,8155,12064,2939,614,6478
"ENSG00000213401.10",1,0,0,1,0,0,0,0,0,0,0,12,2,5324,9,0,1,2034,1,0,0,0,65,0,1770,0,0,30,0,765,0,0,386,15,2,1,1489,1,0,1,0,0,4,3,21,0,1,220,0,0,0,2955,0,5,0,2,6,3,2317,1,0,51,0,0,0,1,1,0,4,0,290,0,0,0,0,0,0,4,2312,1377,1045,2280,0,0,1229,0,0,89,3,2,0,41,0,0,0,0,0,1064,2470,1,1,0,0,2,1,0,0,0,5393,1,6,1,0,0,2,39,2,9,86,1027,0,17,0,5,0,0,78,178,1,2,80,0,2103,0,1,0,0,0,23,65,0,0,105,3,0,2491,7,0,1,5,0,0,0,2378,2,1,1,0,0,1555,681,0,0,0,0,0,104,2,0,53,0,0,0,177,0,0,0,4664,0,2,0,1,1,0,1856,2,2378,0,0,1410,0,4723,0,1997,1891,0,0,0,1,2,0,5,0,1,0,3299,0,0,146,0,0,1,58,1371,0,634,0,0,1568,93,1,1682,0,0,0,0,1,1,2,2,1,42,0,2,3,9,0,2,0,10,0,0,2,0,0,0,0,0,3,0,0,1,0,0,0,0,0,2,2,10,1563,489,1,1109,0,0,2,1,95,1,516,0,26,0,0,2,859,1,0,1111,188,14,1463,0,1,0,1,0,0,0,11,1,0,23,1,2801,2095,0,3,0,0,5,0,0,0,0,0,0,717,1909,1,0,32,0,0,187,1,7,0,630,2,0,0,0,27,0,7,11,23,1,1387,0,214,0,0,0,2,0,1,0,0,0,2,0,3,1223,1,0,4,0,7,13,0,2098,0,0,1,0,1,0,36,1,0,0,3,0,0,0,0,0,0,0,0,1430,3348,0,2556,0,3,570,856,1626,1,0,0,1,2,23,27,0,0,0,0,0,0,0,1934,851,2,0,0,0,0,0,2,8,0,0,94,0,0,0,3,0,1475,1,800,3,0,0,0,0,1,2
"ENSG00000213420.8",37,0,23,8,16,7,0,1,7,32,7,4,57,34,57,5,10,42,2,39,10,2,27,12,10,3,14,14,1,48,56,114,17,15,13,37,10,8,3,2,2,51,8,15,9,2,11,14,2,5,3,39,6,10,11,9,5,6,6,3,10,54,1,10,0,19,6,4,19,8,163,23,8,1,2,3,50,18,35,19,7,25,55,8,32,18,6,10,70,2,10,61,3,9,4,2,6,13,41,7,5,12,61,1,13,18,29,5,389,52,10,9,18,16,9,7,45,4,12,20,1,8,1,7,18,2,5,5,3,25,6,2,24,4,18,2,11,2,26,5,3,31,86,3,23,59,12,62,9,26,2,4,3,31,7,1,7,40,26,44,12,7,11,24,9,20,14,72,22,15,24,12,4,11,4,6,19,9,58,5,1,43,6,16,3,9,7,15,5,6,3,73,6,17,6,2,1,18,4,13,1,11,50,5,0,1,3,4,10,2,10,18,36,14,11,48,2,1,26,14,1,4,0,11,1,0,16,14,4,5,4,22,28,19,3,3,0,6,6,14,11,25,9,10,56,26,6,5,14,6,1,2,3,10,3,7,5,5,14,34,18,11,69,63,2,14,20,2,10,3,8,0,41,0,8,20,26,0,6,6,4,6,22,5,9,5,0,7,6,15,22,2,1,2,14,34,74,10,5,40,30,6,505,5,17,6,5,0,10,13,16,58,1,9,18,67,7,58,23,5,11,30,3,40,14,9,17,8,15,3,21,5,14,6,9,4,2,15,2,23,0,2,13,140,29,10,5,6,63,3,0,47,11,242,1,1,13,9,38,8,2,6,5,53,32,10,6,69,8,1,8,8,1,5,71,4,7,24,7,7,3,51,8,6,5,7,23,16,7,11,17,4,0,23,4,14,9,13,39,1,4,6,18,1,55,75,14,11,2,18,21,2,13,3,3,3,5,530,8,6,4,6,74,11
"ENSG00000213468.7",339,0,9,2,3,4,36,2,3,207,5,22,146,225,111,7,11,74,22,1,8,6,121,15,80,81,0,31,6,102,15,159,88,27,35,4,32,0,21,35,7,9,66,1,6,1,6,18,4,4,5,39,5,26,29,59,5,4,43,18,1,68,2,21,6,1,27,11,17,38,46,22,3,2,2,5,1,15,92,22,100,102,35,3,55,3,15,78,14,10,6,349,12,117,0,3,4,36,78,7,3,1,7,7,7,4,23,2,585,3,7,19,1,39,3,43,2,43,3,395,0,105,2,3,61,3,1,31,1,191,29,3,206,1,1,2,1,1,25,11,0,4,211,5,4,7,22,3,5,3,3,3,3,11,11,4,45,7,79,32,71,2,50,7,6,27,189,5,8,34,41,48,16,98,0,11,1,73,131,4,1,88,48,24,37,2,74,23,135,29,1,159,40,134,19,2,5,3,3,22,0,40,5,114,4,83,5,7,11,10,8,9,32,14,7,9,2,11,9,227,0,7,26,2,4,1,11,157,4,57,0,14,51,12,45,160,0,7,38,3,1,8,2,145,17,26,13,1,8,10,6,2,5,5,2,2,2,5,26,36,41,27,9,301,9,6,5,4,83,3,19,2,63,3,1,0,16,2,1,16,46,67,58,4,124,2,4,7,1,4,3,2,7,4,4,34,12,1,66,117,16,3,96,4,86,1,1,6,24,10,1,0,27,1,10,3,91,25,7,63,2,218,2,181,29,4,0,65,42,2,101,5,11,4,6,3,5,10,3,0,1,9,9,7,28,14,18,1,123,1,7,45,8,188,37,1,3,61,148,42,41,8,19,18,2,28,0,6,24,13,2,16,15,38,94,46,27,10,5,61,31,29,80,3,4,7,7,3,80,2,6,0,1,2,3,1,81,234,12,1,42,24,40,1,166,13,90,178,22,13,13,0,11,4,143,1,34,191,33,4,3,29,16,3
"ENSG00000213487.3",0,1,0,0,0,0,0,0,0,0,2,0,1,0,0,0,1,4,0,0,0,1,0,0,0,0,0,0,0,1,0,0,0,1,0,1,1,0,0,0,0,0,0,1,0,0,5,0,0,0,0,0,4,4,0,0,0,1,1,1,0,0,0,1,1,0,0,1,1,1,0,0,0,7,1,0,2,0,0,0,0,0,0,0,0,0,0,0,4,0,0,0,0,0,0,0,2,0,0,1,0,2,0,0,0,6,0,0,0,0,1,0,3,0,0,0,0,0,2,0,1,0,2,0,0,0,1,0,0,0,2,1,0,0,0,4,0,2,1,0,0,0,0,5,0,0,0,0,0,0,1,6,0,0,0,1,0,1,2,1,0,1,0,2,0,0,0,1,2,1,2,0,0,2,0,0,0,0,0,0,0,1,0,0,0,0,0,0,0,0,0,0,1,0,1,1,6,0,13,0,0,1,0,1,3,0,1,0,0,6,0,0,0,0,0,0,0,1,0,1,0,2,0,0,0,0,0,0,0,0,2,8,0,0,0,0,0,1,0,0,1,0,1,0,0,0,0,0,1,0,0,1,3,0,0,2,2,0,0,1,1,0,1,0,1,0,0,0,3,1,0,0,0,4,0,0,0,0,2,0,1,0,0,3,0,0,0,1,0,1,0,0,0,0,0,0,1,0,3,0,0,0,0,2,0,0,0,1,0,0,0,0,0,3,1,0,1,0,2,0,0,0,0,0,2,5,0,0,0,0,0,0,0,1,0,3,0,0,0,0,3,1,0,0,2,0,0,1,0,6,2,0,0,1,0,1,2,0,0,0,2,0,1,0,0,0,1,0,2,0,0,0,0,0,3,0,1,2,3,0,0,1,1,0,1,1,0,0,0,0,0,0,4,0,1,1,0,1,1,0,1,0,0,0,0,0,1,1,0,0,0,2,0,0,1,0,2,0,3,1,4,0,0,1
"ENSG00000213514.2",1,0,4,2,3,1,0,3,0,5,3,2,2,6,2,0,1,7,0,2,3,0,1,0,2,1,1,0,1,2,16,3,10,0,3,1,1,0,0,8,2,5,8,3,1,0,0,3,0,1,1,4,0,2,3,1,0,0,1,0,16,1,1,0,1,0,0,3,5,0,11,6,0,0,0,0,2,2,8,0,27,0,7,2,2,0,2,4,4,0,3,7,1,18,0,0,0,1,5,0,3,2,0,0,5,0,3,0,25,2,1,3,10,0,3,1,6,2,3,16,3,0,1,7,9,0,1,0,0,4,0,0,2,0,2,0,2,0,1,0,1,4,16,1,3,2,12,1,0,3,0,0,3,1,1,0,1,18,6,15,2,0,1,1,1,1,22,0,0,0,3,6,5,1,0,3,3,0,16,1,0,1,2,0,3,0,1,0,3,0,2,3,2,12,1,0,2,5,1,4,0,5,4,78,0,0,2,2,0,1,1,2,2,4,3,3,3,0,5,5,1,0,0,1,4,0,7,5,0,11,0,0,3,14,3,17,1,1,0,0,3,0,5,0,7,6,6,0,4,5,0,0,0,5,1,1,0,1,3,2,4,2,0,4,0,5,0,0,0,1,4,0,1,0,1,0,3,0,4,1,3,0,3,0,2,0,0,0,0,2,2,10,0,5,6,11,7,0,3,6,0,1,16,1,0,0,0,1,2,1,77,2,1,1,3,13,1,3,3,4,4,9,0,3,1,6,1,2,0,0,15,1,0,2,8,0,1,6,5,2,2,4,0,5,4,0,0,2,0,0,0,13,1,10,0,0,2,9,8,4,2,1,3,22,19,0,0,16,0,0,0,2,0,0,0,0,2,0,1,4,1,2,0,0,0,3,1,1,2,0,3,5,1,5,3,1,8,0,4,0,5,3,0,1,15,4,8,2,0,3,1,0,0,0,1,0,0,46,2,0,0,2,35,0
"ENSG00000213606.3",17,0,0,435,26,73,4,0,0,14,0,3,0,12,14,7,4,365,0,10,16,0,9,77,0,8,65,51,44,37,2,188,657,19,601,0,499,56,0,0,0,0,0,10,17,0,120,35,3,2,107,87,62,19,0,54,1,1,14,1,2,85,34,0,14,0,1,4,369,17,2,39,23,0,5,2,1,26,6,40,9,0,1,482,30,0,4,3,6,16,7,35,1,67,0,0,2,0,0,33,132,1,5,0,116,0,0,0,6,0,81,2,59,0,0,17,2,0,1497,68,16,62,0,531,219,0,4,1,5,1,73,1,132,38,395,5,0,3,1,121,3,44,16,4,22,45,92,0,1,25,0,0,3,0,41,17,0,633,3,36,61,15,4,6,0,0,389,53,0,5,17,24,1662,0,36,0,44,0,1,2,1,0,538,34,0,95,0,0,13,1,47,0,7,802,18,0,3,65,167,164,22,0,0,0,0,283,0,8,22,0,102,76,520,133,1,21,6,11,145,825,0,1,0,49,0,2,4,507,20,16,1,9,56,77,0,48,1,18,274,5,0,188,3,3,16,1,0,0,0,61,15,8,5,79,0,39,1,24,51,0,84,1,17,1,3,15,65,0,0,7,89,7,35,1,78,1,38,0,1,1,0,28,0,5,0,4,0,52,0,29,1,65,2,36,5,60,2,7,0,0,87,0,0,3,5,101,0,49,218,0,18,47,22,193,21,0,193,3,16,322,0,1,0,0,314,1,5,16,39,0,113,3,345,4,26,0,32,877,0,0,0,214,27,0,0,0,1,0,9,0,0,17,69,167,9,0,1,2,19,5,29,23,276,44,90,1,39,184,0,99,3,78,5,1,0,4,3,1,0,1,0,0,49,146,110,151,4,116,68,45,6,2,9,21,2,1,30,0,40,13,123,3,0,144,11,0,268,45,1,10,202,2,0,7,368,2,25,27,0,0,0,0,180,0
"ENSG00000213730.3",0,0,0,0,2,0,5,0,0,0,0,3,1,6,18,0,0,3,0,1,0,0,0,2,0,0,0,2,17,19,0,0,3,2,4,0,11,0,0,1,0,0,2,1,1,0,1,3,1,0,0,28,1,4,0,0,1,0,1,0,0,12,0,2,0,0,0,0,0,0,28,0,3,1,3,0,2,0,19,16,13,4,0,1,5,2,0,17,1,0,0,1,11,1,0,0,2,0,67,2,0,0,0,0,0,0,3,2,54,24,0,0,3,0,0,1,0,0,3,56,0,1,3,1,0,0,0,0,0,0,0,0,89,1,3,0,1,1,3,0,0,3,14,1,1,26,2,0,0,0,0,0,1,15,1,0,1,2,9,0,0,0,4,0,0,2,2,1,1,2,2,5,0,38,0,0,0,55,0,11,0,10,5,0,21,0,2,1,0,13,0,0,0,0,1,0,3,0,1,0,0,2,0,49,0,2,0,0,0,1,0,3,1,10,7,0,0,0,20,10,1,0,0,1,0,0,2,9,0,0,2,0,0,0,0,5,0,1,0,1,0,0,0,0,0,0,0,0,1,2,0,0,0,11,1,0,0,0,2,41,5,1,0,36,1,0,0,2,2,1,8,0,10,0,0,0,21,0,1,5,2,10,1,0,0,1,0,0,0,0,0,1,1,2,1,59,38,2,5,2,2,1,11,1,1,1,0,0,10,4,0,1,1,1,0,1,5,0,1,7,1,0,0,0,0,0,0,1,0,0,55,0,0,1,27,0,0,0,2,0,1,0,0,0,6,0,1,1,7,0,0,7,1,36,2,0,2,1,33,0,0,1,0,0,0,1,1,0,1,0,0,5,1,5,6,0,5,0,2,0,2,3,3,0,0,1,0,4,1,1,0,0,0,1,0,0,11,13,5,2,1,1,1,0,0,0,2,11,0,0,1,0,0,0,1,1,0,1,1,1,0,0,1,0
"ENSG00000213759.10",275,1,0,192,157,245,819,8,29,127,309,243,6307,551,2975,42,549,856,10417,70,54,15,2198,255,54,212,9,4280,28,1860,222,4955,1172,88,176,30119,127,228,11076,1362,12,123,235,6561,82,197,224,209,16,94,606,26753,449,122,34,191,36,72,1936,248,55,59,8801,39,35,45,123,522,3579,557,3950,268,3344,17,417,32,340,755,53,44,7045,257,3166,158,101,171,556,370,716,30,220,2864,46,1120,155,26,41,64,241,1128,59,24,3809,364,382,271,93,60,811,35,547,17,6459,2035,315,471,448,7,85,2697,59,209,37,111,601,10,0,19,89,1248,325,9,2579,57,892,33,4569,35,19,27,19,64,3094,57,2542,13919,1057,180,90,121,14,18,51,32,74,1508,1969,7579,542,302,1021,268,283,558,4,314,430,572,31,1382,168,3280,1394,811,68,39,1037,26,32,107,14,826,687,245,41,106,76,68,222,109,1341,0,5952,1233,114,19,68,217,8816,349,32,129,100,218,12,3885,19,287,67,45,2544,318,3838,108,400,47,411,11,1964,12304,25,97,153,3975,65,13,1068,6555,198,790,13538,49,202,197,56,554,22,388,157,28,142,124,23,58,199,1353,230,65,749,2413,140,374,22,1770,109,53,78,1,176,3710,146,1140,459,903,6,2140,232,11,588,12,501,14,5057,11,250,38,1539,42,376,400,63,130,26,9,250,230,10,412,9,407,54,4240,34,492,512,4648,16306,4872,138,203,1117,59,62,20,1171,15,8,5625,2212,174,100,76,89,169,393,1282,126,56,2491,188,171,12,13,53,149,54,13,6406,106,10,1961,10,457,40,795,34,8325,46,3156,341,44,91,345,21,159,34,46,164,295,5,16,860,360,3698,2936,13,167,2446,78,1980,148,8,1730,478,3,66,1894,1520,12,564,14,5166,2622,1474,2185,38,1694,7,8,446,2,2061,37,73,153,61,175,287,20,682,161,54,23,215,114,37,3520,81,611,31,1104,179,357,97,105,0,116,650,47,88,304,11,41,34,1276,18,89,6,102,114,21,3,7,47
"ENSG00000213777.5",1,0,1,0,16,15,0,2,4,1,24,1,15,2,0,1,4,2,0,14,11,0,2,2,5,2,16,1,18,1,9,0,0,2,0,3,0,3,8,1,0,4,34,0,1,3,0,0,1,1,2,1,2,10,22,0,1,16,6,0,1,14,0,0,7,38,1,1,2,3,15,0,2,0,0,2,0,3,10,2,12,0,0,3,2,0,0,0,2,0,8,9,9,0,0,1,1,3,11,1,1,2,0,0,1,7,14,3,18,0,29,3,2,3,13,1,26,14,13,24,8,3,1,0,1,1,1,9,27,3,0,1,30,1,1,1,4,1,2,2,0,14,2,5,2,2,3,9,21,2,0,0,0,12,0,1,1,4,12,5,1,2,0,22,5,0,3,0,9,1,9,2,0,3,2,1,1,14,0,1,1,1,7,2,32,0,0,4,11,11,0,4,2,0,3,1,2,1,0,0,5,8,20,4,0,0,5,2,0,2,1,37,1,1,5,0,0,0,2,5,0,4,4,0,1,0,2,0,0,2,1,0,4,5,0,0,0,0,0,3,0,2,3,5,14,14,2,2,7,0,0,5,1,0,0,0,1,2,19,0,5,1,6,50,1,5,0,1,15,0,2,1,5,0,0,12,3,1,0,2,12,7,0,0,2,0,0,5,5,2,2,1,15,0,0,0,0,9,15,1,2,1,3,2,6,2,1,2,1,15,1,13,5,2,4,1,4,1,5,0,15,0,0,13,3,1,0,0,0,3,10,4,0,1,1,1,2,3,18,1,0,3,0,1,12,3,4,0,8,1,0,10,6,51,2,3,27,2,13,5,2,0,2,18,0,0,0,1,1,0,0,0,2,2,13,0,39,0,0,8,0,2,1,0,1,0,11,3,0,0,27,2,0,21,22,6,13,6,5,0,1,17,2,1,2,1,3,5,0,1,0,0,6,0,0,10,5,2,6,2,0,4,8,3
"ENSG00000213886.4",44,0,0,5,2,7,1,1,3,5,2,3,8,77,5,1,3,9,0,7,3,1,1,7,1,0,9,3,2,7,0,12,11,0,9,14,4,2,2,5,0,19,28,1,0,0,7,3,0,0,0,11,8,46,0,4,5,3,1,0,2,3,1,3,0,1,4,4,3,5,23,8,1,0,0,0,23,5,4,12,6,4,0,5,10,0,2,0,1,2,15,5,5,0,0,0,6,5,8,1,2,0,26,1,4,0,6,0,0,14,5,0,0,1,2,1,3,1,4,21,1,2,2,0,1,0,1,1,6,15,6,1,5,15,6,0,0,0,0,0,1,10,11,0,7,17,24,0,7,1,0,0,2,3,1,1,20,7,5,9,3,4,6,8,1,4,19,14,0,6,0,4,1,0,3,0,30,1,3,7,0,5,15,8,0,0,2,2,0,0,2,2,92,4,0,0,0,5,0,8,0,9,9,5,0,2,0,3,1,0,1,8,9,4,5,8,0,0,1,6,0,6,4,3,0,0,0,26,3,10,9,2,4,16,0,9,1,3,2,0,0,3,0,0,12,0,1,8,5,5,0,1,1,4,0,1,1,0,1,2,2,2,19,4,3,2,7,0,1,1,19,1,13,0,1,9,1,0,0,1,0,12,1,0,0,0,1,20,2,20,2,6,8,6,3,5,4,0,1,22,2,0,6,0,6,8,9,2,7,0,0,0,0,3,6,2,35,7,2,3,5,38,0,6,8,8,1,0,2,0,4,1,6,5,1,0,0,26,2,0,0,7,4,8,4,0,0,1,1,0,0,18,0,3,1,0,10,6,17,0,2,1,3,2,0,0,0,6,0,3,12,1,2,14,4,1,2,1,2,1,6,5,1,1,2,1,5,18,8,1,22,0,2,35,10,1,0,3,1,0,2,1,1,0,5,1,11,15,3,3,1,0,4,1,5,0,1,1,26,1,1,0,0,1
"ENSG00000213946.3",1,0,0,0,1,8,0,0,0,0,8,8,10,1,0,0,0,0,2,0,3,0,1,0,0,0,0,0,2,1,1,1,0,0,1,0,3,1,7,1,0,1,7,4,0,0,1,3,0,0,0,3,0,2,0,0,2,9,0,1,20,8,1,1,0,0,0,1,0,0,0,0,0,0,0,0,0,0,10,1,7,1,2,0,1,0,3,6,2,0,1,1,0,0,2,0,3,0,73,0,1,0,0,1,1,18,4,0,1,9,2,0,1,1,1,1,3,64,0,108,12,0,1,0,2,0,0,0,2,0,0,0,1,0,1,1,1,0,0,0,1,1,0,1,2,1,0,0,0,0,0,0,0,0,0,0,0,1,89,0,1,0,2,0,0,0,2,0,5,0,1,0,0,0,0,1,0,10,0,1,0,1,13,0,6,1,0,0,0,0,1,0,0,2,0,3,1,0,0,0,0,1,0,2,0,2,0,0,0,0,0,0,0,1,0,0,1,0,0,1,0,0,0,0,0,1,9,1,1,11,0,1,0,59,2,10,0,1,0,0,0,0,1,0,0,11,0,2,1,5,0,0,1,0,1,0,3,1,10,0,1,0,0,6,0,3,1,1,0,1,0,0,0,1,1,4,3,0,3,0,0,6,0,0,0,0,0,0,0,2,0,0,1,0,10,0,2,3,0,0,0,0,2,0,1,0,0,6,0,1,10,5,1,2,9,0,1,10,0,0,15,0,0,1,1,0,0,19,31,0,30,1,0,3,7,1,4,0,15,5,0,14,0,0,0,0,2,1,4,0,0,1,0,29,0,0,9,1,0,0,0,0,9,0,0,0,0,0,0,0,0,2,0,2,0,0,0,0,1,0,0,0,0,0,0,0,2,1,1,1,0,0,0,3,6,1,2,6,4,0,1,0,0,0,0,1,0,0,2,0,0,0,0,1,1,0,0,1,6,0,0,0,3,0
"ENSG00000213973.9",2,0,20,1,32,1,24,3,3,0,0,3,0,42,0,1,0,60,1,1,3,1,6,32,164,7,0,380,0,1,175,2,72,5,1,1,1,0,0,47,3,14,10,1,3,0,2,3,0,0,2,156,1,3,0,0,1,3,232,0,1,197,3,97,1,1,5,0,1,15,25,7,53,0,1,0,383,3,0,47,121,1,0,6,202,2,1,13,6,21,2,357,21,0,1,1,7,34,1,3,1,4,0,16,1,0,187,6,22,2,63,3,6,144,0,181,3,1,63,110,1,1,1,0,7,0,1,29,94,27,16,2,83,1,1,1,1,3,57,1,2,2,5,3,6,2,0,0,0,0,3,1,3,213,3,1,37,5,79,525,179,0,19,0,1,57,44,1,1,262,3,27,27,765,1,3,26,2,7,10,0,0,0,1,3,2,45,2,28,226,3,0,3,145,80,39,0,1,1,0,90,28,5,603,0,62,1,4,20,18,0,1,17,134,56,0,0,0,17,13,0,36,5,1,4,0,155,2,1,0,1,17,5,0,0,4,0,0,3,1,3,1,0,4,5,2,47,1,0,4,0,3,1,2,1,0,2,4,12,0,636,34,2,26,1,3,1,2,654,2,58,0,24,0,27,0,60,1,23,45,178,3,72,2,3,2,1,3,1,1,5,6,1,1,0,0,1,34,5,0,103,1,26,7,13,1,1,22,320,5,6,6,9,3,2,115,102,2,6,0,1,0,0,167,7,0,0,2,49,0,20,6,1,3,10,2,1,2,0,2,0,1,4,1,167,158,0,0,22,1,0,10,1,145,1,1,0,2,1,26,3,0,2,0,1,3,1,0,1,16,0,5,10,47,283,0,499,2,6,187,4,160,5,0,2,88,0,146,3,0,0,1,0,3,1,0,138,4,32,1,65,0,2,4,2,22,65,1,30,6,4,0,2,6,44,0,178,0,0,2,0,3,1,2
"ENSG00000213981.8",5,0,0,1,2,4,0,1,1,0,64,77,61,1,0,0,1,1,4,2,2,2,2,0,1,2,2,0,0,3,4,5,3,0,25,2,10,0,11,53,0,1,0,66,0,0,1,0,0,0,0,2,0,14,39,0,3,8,2,0,43,0,28,0,1,7,1,44,0,0,0,1,3,0,0,2,5,0,25,6,24,1,4,0,1,3,0,4,0,2,8,8,2,0,3,0,3,1,3,0,0,3,0,14,1,116,0,2,3,1,2,1,0,0,5,2,1,2,12,116,36,7,0,22,1,1,1,0,1,5,0,0,1,0,0,0,10,0,1,3,0,1,0,1,2,1,2,0,1,0,0,0,0,2,1,17,1,1,1,1,1,2,1,2,0,0,1,3,0,0,1,3,72,6,0,5,2,35,2,110,0,0,7,2,0,0,0,1,1,0,7,0,0,6,0,0,0,13,0,3,0,1,3,3,0,0,0,0,0,0,2,0,0,5,0,0,10,2,0,1,0,0,0,1,2,0,210,2,0,16,0,0,2,89,0,22,0,4,0,0,3,3,7,2,0,28,1,4,12,82,0,0,0,0,0,0,0,1,234,2,3,0,1,0,0,9,3,1,1,1,0,1,0,0,1,4,2,0,6,0,0,6,0,1,16,0,1,0,0,1,6,4,0,1,8,0,1,10,0,0,0,0,0,0,0,0,2,2,1,14,31,0,0,1,18,2,17,10,1,0,6,0,0,1,0,0,1,96,6,0,59,2,0,2,100,1,13,2,21,20,0,52,0,5,0,0,0,1,0,1,0,0,1,9,6,1,10,5,3,3,1,1,38,9,4,3,1,2,2,0,2,27,0,4,5,0,3,2,1,3,0,0,2,0,3,2,39,0,0,1,1,21,1,5,0,1,1,10,17,0,0,0,10,8,2,5,1,2,0,0,0,0,0,0,0,0,0,45,1,1,0,2,352,1
"ENSG00000214003.2",1,0,0,0,0,0,0,0,0,0,0,0,0,122,0,0,0,0,0,0,0,0,0,0,0,0,0,0,0,0,1,3,1,0,0,0,4,0,0,0,0,0,1,0,1,0,0,0,0,0,0,40,1,5,1,0,0,0,1,1,0,0,0,1,0,0,0,0,2,0,48,1,0,0,0,0,0,0,3,5,12,33,0,0,4,0,0,2,1,0,2,2,6,1,0,0,1,0,0,1,0,0,0,1,0,0,2,0,90,0,0,0,0,1,0,1,0,0,0,1,0,0,0,1,0,0,1,0,0,2,0,0,42,1,0,0,0,0,0,0,0,1,0,0,0,0,0,0,0,0,0,0,0,1,0,0,0,0,0,0,0,0,1,0,0,4,0,0,0,0,0,0,0,0,0,0,0,74,0,0,0,0,0,0,1,0,0,4,0,0,0,0,0,0,2,2,0,0,1,0,0,0,0,61,0,2,1,1,7,1,0,1,0,0,0,0,0,0,3,2,0,0,0,0,0,0,1,0,0,0,2,0,0,0,0,3,0,0,0,0,0,0,0,1,0,0,1,1,2,2,0,0,0,0,0,0,0,0,2,0,18,9,0,2,0,0,0,0,4,0,2,0,17,0,1,0,4,1,0,25,2,2,2,0,0,0,0,0,0,1,1,0,0,0,0,87,1,0,4,1,0,0,1,0,9,0,0,0,0,1,0,0,1,0,0,1,55,1,0,0,0,1,0,0,0,1,0,0,2,0,5,0,1,0,0,0,0,0,0,1,0,0,0,0,8,0,0,0,2,0,0,0,0,12,1,0,0,1,0,0,0,0,0,0,0,0,0,0,0,0,0,1,0,0,21,0,42,0,1,0,4,0,1,0,0,0,1,0,0,0,0,0,0,1,0,0,2,1,0,0,0,0,0,0,0,0,2,2,0,1,0,0,1,0,0,0,1,0,0,0,0,0,0,0
"ENSG00000214107.8",0,0,0,0,0,0,0,0,0,0,0,8,0,148,0,0,1,0,0,0,0,0,0,0,78,1,0,4,0,893,1,0,6,14,0,0,241,0,0,0,0,0,0,0,0,0,1,10,0,0,0,140,0,0,0,0,0,0,405,0,0,3,0,49,0,0,1,0,0,0,146,0,0,0,0,0,0,1,51,3,222,30,0,0,270,0,0,65,0,0,0,5,0,0,1,0,0,269,0,0,0,0,0,0,0,0,3,0,990,0,0,0,0,0,0,6,0,0,2,505,0,646,0,0,0,0,1,23,0,0,6,0,994,0,0,0,0,0,48,1,0,0,0,0,0,0,0,0,0,0,0,0,0,167,0,0,0,0,0,19,6,1,0,0,0,0,0,0,0,109,0,2,0,168,0,0,0,305,0,2,0,0,0,0,5,0,1,0,0,10,0,0,0,495,3,0,0,0,0,0,0,0,0,357,0,18,0,0,4,21,0,0,2,1,0,0,0,0,29,318,0,26,0,0,0,0,7,0,0,0,0,3,0,0,2,29,0,0,0,0,0,0,0,0,0,0,0,0,0,0,0,0,0,0,0,0,0,0,0,0,176,514,0,2,0,0,0,0,64,0,1,0,99,0,0,0,0,0,0,159,0,1,1,0,0,0,0,0,0,0,0,0,0,0,0,0,2,0,0,0,0,0,1,0,0,0,0,10,2,12,0,0,0,0,0,0,42,0,0,0,0,1,0,0,1,0,0,0,1,0,185,0,122,0,0,0,0,0,0,0,0,0,0,0,48,2,0,0,29,0,1,18,0,60,0,0,0,0,0,0,25,0,0,0,0,0,0,0,0,0,0,0,0,0,60,0,1,0,0,0,7,25,0,0,0,0,0,3,0,0,0,0,1,0,0,0,9,1,3,0,0,0,0,0,11,0,82,0,11,0,0,0,0,0,0,0,38,1,0,0,0,1,0,0
"ENSG00000214264.4",1,4,1,3,8,1,0,9,2,1,1,0,0,8,2,14,0,5,2,15,3,16,0,10,26,5,0,14,0,0,3,0,3,13,4,0,4,1,0,0,1,4,4,0,52,0,3,0,15,8,2,1,23,2,3,6,7,0,4,0,1,0,2,7,0,0,0,16,0,1,32,1,5,34,0,25,0,0,0,2,0,10,3,0,6,0,0,0,1,0,2,0,2,0,0,9,1,5,0,2,1,87,0,0,1,2,4,24,2,0,1,36,2,8,0,2,10,0,0,0,1,24,3,0,1,19,9,1,1,13,1,43,1,2,1,54,0,22,0,3,12,4,1,33,0,2,0,0,0,1,13,20,2,7,21,6,0,8,0,8,22,0,2,1,0,15,1,0,1,1,12,0,6,2,0,3,0,0,2,1,15,1,2,2,1,0,6,6,3,1,2,0,0,4,6,0,13,1,0,0,25,2,2,4,7,0,6,4,1,14,1,0,0,14,7,4,0,0,1,22,20,2,0,0,21,8,2,5,0,1,3,1,0,1,2,0,12,0,2,1,0,2,2,0,1,2,0,0,5,22,1,1,32,2,8,0,10,0,0,3,4,22,1,0,27,1,1,22,3,16,1,11,0,20,0,1,0,2,0,0,3,1,0,3,28,0,6,0,0,0,12,0,0,0,0,4,4,0,1,4,12,2,0,6,0,0,1,0,0,0,3,0,5,0,0,0,1,4,0,0,5,2,17,14,2,0,23,1,0,7,0,1,3,1,5,161,0,2,0,0,36,4,4,3,0,5,0,0,0,3,3,3,10,0,3,47,0,57,1,0,2,8,4,0,11,9,0,0,5,0,0,0,0,0,0,1,3,23,3,13,0,3,5,0,9,1,0,3,0,0,0,6,4,0,0,3,4,1,41,37,5,2,4,1,3,6,5,0,3,1,6,3,30,26,1,2,0,2,0,61,19,3,0,8
"ENSG00000214290.8",121,11,46,50,76,110,26,29,4,1013,181,12,86,190,926,24,157,58,49,278,58,3,24,31,33,59,33,21,75,131,1239,253,44,40,59,19,28,14,183,93,5,187,963,23,47,28,8,87,9,7,13,28,14,25,51,107,12,248,14,9,10,94,27,20,10,576,18,17,365,75,692,37,28,3,21,9,376,69,289,27,67,24,155,29,90,179,11,42,11,2,92,141,106,22,22,4,23,1,230,75,58,28,442,9,46,38,79,10,710,368,137,21,1,3,59,28,869,70,449,159,6,17,3,122,43,8,9,8,136,214,14,7,222,26,81,10,286,8,126,18,4,598,269,14,290,520,315,258,152,426,5,13,50,29,6,35,67,187,81,66,97,37,58,209,488,17,145,109,22,527,52,14,48,41,21,11,34,101,640,28,3,193,166,126,34,9,10,14,222,8,24,0,509,88,22,107,17,126,1,104,4,43,132,19,6,38,24,49,53,3,45,126,193,112,79,769,13,3,83,270,6,7,124,15,16,14,31,328,29,29,689,13,27,11,8,52,4,15,16,46,62,34,18,22,483,451,10,27,30,17,13,119,17,284,8,48,13,165,108,231,66,12,415,280,17,106,86,7,50,12,33,9,58,5,60,362,154,4,13,29,34,49,43,8,23,99,7,25,147,56,29,34,158,56,97,429,149,16,2,664,129,140,76,11,37,10,34,10,142,65,26,162,25,122,34,376,183,362,19,51,826,139,7,837,36,112,15,111,67,11,23,77,37,122,32,14,22,2245,96,18,8,28,99,63,199,22,18,78,90,10,12,625,18,161,32,20,466,366,246,279,33,12,22,215,169,19,64,390,18,33,21,20,69,45,46,16,11,47,2,11,42,42,72,6,24,25,226,202,40,63,302,34,14,235,257,82,37,502,131,10,21,74,75,8,95,5,116,200,0,4,30,1,34,14,22,53,40,29,233,10,12,3,1086,7
"ENSG00000214381.6",0,1,32,4,0,0,0,0,0,0,3,110,0,608,0,1,0,2,45,0,0,4,0,0,1,3,30,0,0,1,0,222,55,0,3,0,101,0,1,1,0,18,1,140,0,0,6,1,1,0,1,2,1,9,5,6,19,0,2,0,21,2,3,5,2,0,0,115,6,2,0,9,0,0,0,2,1,0,7,43,68,2,0,1,0,1,0,117,2,0,2,45,1,6,57,0,162,1,11,5,1,6,1,8,0,0,1,1,0,1,1,0,6,2,0,1,7,2,6,608,184,0,0,9,7,0,0,0,0,116,0,0,48,4,16,2,0,3,1,0,4,0,6,3,0,1,0,0,0,1,2,1,0,2,1,17,0,4,39,2,0,0,179,0,0,0,0,9,0,6,5,0,112,1,4,22,1,1,2,30,1,2,69,0,15,1,0,0,0,0,4,1,0,113,3,1,0,1,0,19,0,0,0,1,2,6,1,0,1,0,1,1,16,1,0,0,23,10,6,10,0,0,1,0,1,2,49,42,1,105,0,0,0,293,29,844,2,56,5,0,1,4,8,1,6,7,3,8,22,5,0,0,1,0,2,0,2,0,121,1,52,1,4,5,1,0,41,4,0,0,32,2,29,0,27,0,1,0,10,4,0,14,1,1,2,1,1,0,0,6,0,3,0,4,83,0,0,31,0,0,0,0,20,1,1,0,1,1,2,0,0,0,0,2,8,0,81,0,0,7,0,9,0,2,46,0,0,126,130,1,215,0,23,0,38,0,7,14,0,3,1,398,0,1,2,0,0,0,6,0,2,1,3,3,3,1,0,117,1,0,8,2,181,4,5,5,3,0,21,17,2,57,0,17,0,0,0,0,0,0,0,0,0,1,0,16,0,1,33,1,1,57,0,0,0,0,10,1,13,1,0,0,1,11,0,138,40,0,0,3,101,0,0,4,1,0,0,10,0,0,0,0,27,0
"ENSG00000214429.3",0,0,0,9,0,1,0,0,0,1,0,70,2,40,25,2,0,2,0,0,0,1,37,2,0,18,0,3,0,36,0,2,2,8,0,2,32,0,3,1,0,0,0,0,0,0,0,0,2,0,0,7,0,0,0,0,0,0,1,0,1,49,0,1,0,0,0,0,2,0,29,0,3,1,0,0,11,0,4,13,31,16,1,0,4,0,0,3,0,0,0,28,0,0,0,0,1,0,0,1,0,0,0,0,1,0,0,0,30,0,0,0,0,1,0,7,1,0,1,44,28,0,1,0,2,0,0,0,0,82,1,0,25,0,0,0,0,0,2,9,0,3,42,0,0,8,0,0,0,2,0,0,0,9,11,0,0,1,11,1,4,0,0,0,0,11,9,0,0,2,0,11,3,65,0,16,0,1,0,36,0,3,41,1,0,1,1,0,0,4,0,0,1,43,1,1,0,0,0,0,0,0,1,96,0,2,1,0,1,1,1,0,1,4,13,6,0,0,14,155,0,18,0,0,0,0,0,5,0,2,1,3,5,1,0,13,0,1,8,10,0,5,1,0,0,1,2,0,1,13,0,0,0,3,0,0,0,0,8,1,32,69,6,1,0,0,0,0,66,0,7,0,15,0,0,0,0,0,0,3,76,4,0,0,0,0,0,0,0,1,1,1,0,0,0,31,3,1,1,1,0,0,4,0,1,0,0,5,0,0,54,0,0,0,0,11,26,1,0,14,0,0,1,0,11,0,0,0,0,0,163,0,5,0,21,0,0,1,2,0,0,2,3,0,6,7,0,0,0,0,0,19,1,81,0,0,0,0,7,0,1,1,4,0,0,0,0,1,0,2,0,15,0,0,29,0,7,0,0,1,0,1,5,0,0,1,0,2,0,0,0,1,0,0,0,0,9,0,0,0,1,0,0,1,8,0,39,2,0,0,31,0,0,0,19,0,0,1,0,0,0,1,0,1
"ENSG00000214435.8",0,0,0,0,1,9,0,1,1,0,0,2,3,1,0,1,1,0,6,1,0,1,0,3,1,0,0,7,2,2,1,0,3,2,0,1,0,0,4,5,0,0,1,1,1,0,5,0,1,1,2,1,0,5,2,0,0,3,2,0,0,0,5,0,0,1,2,0,4,30,1,5,1,0,0,2,7,1,1,0,9,2,1,5,0,24,0,3,2,0,2,0,6,0,1,0,6,0,0,0,0,1,0,3,1,12,11,2,3,2,10,0,0,1,0,0,3,0,2,0,0,1,2,1,2,0,0,5,20,1,0,0,0,1,2,1,11,0,3,0,0,0,1,0,2,15,18,3,0,0,2,0,3,4,1,4,4,4,6,1,0,1,0,2,1,1,1,1,4,6,0,1,2,3,0,0,1,5,0,2,0,34,1,12,2,1,0,0,1,2,1,0,25,1,1,7,0,0,4,10,5,3,2,1,0,3,1,3,2,5,30,17,1,4,5,1,0,0,1,0,1,0,0,24,0,3,2,3,0,1,26,6,1,4,0,2,0,3,1,0,37,1,1,52,1,2,0,0,1,3,0,0,0,0,0,7,3,3,1,0,9,3,0,16,0,8,0,0,24,0,0,2,2,0,3,11,1,0,0,1,7,2,1,0,2,0,1,11,0,0,0,3,0,2,2,1,1,0,0,1,2,9,7,0,0,0,1,11,5,6,0,1,16,2,0,0,2,1,3,0,3,0,0,4,1,10,0,1,0,0,0,5,0,4,1,1,2,0,1,1,0,0,3,0,1,0,2,4,0,1,0,4,0,1,1,1,1,3,2,1,0,1,1,1,0,4,0,12,0,0,1,0,0,1,4,0,10,0,1,7,1,1,2,0,0,0,2,2,1,1,1,1,0,6,3,2,4,5,4,0,0,2,22,0,0,0,1,1,0,1,0,1,6,0,0,0,0,0,16,3,0,0,0,0
"ENSG00000214652.6",86,2,80,17,149,293,17,70,6,10,10,17,3,372,155,21,8,118,0,308,35,16,233,9,328,408,6,217,44,4,538,24,487,43,97,8,2,6,33,177,0,194,132,17,66,2,6,6,7,10,6,316,30,136,1,7,36,50,496,2,5,186,290,45,6,8,17,7,15,11,815,34,74,8,1,14,341,9,6,119,424,276,7,14,47,14,5,1,56,0,18,166,224,10,2,5,11,267,90,69,12,17,2,40,8,12,13,39,293,10,74,33,44,44,2,421,322,190,276,645,2,2,40,4,64,0,7,66,480,682,26,27,531,5,7,33,13,9,561,10,20,528,38,30,39,7,2,47,2,6,0,7,0,206,25,0,91,59,108,53,34,1,68,13,0,9,102,11,1,843,8,15,18,1084,6,6,114,1,22,436,9,24,94,85,37,8,46,34,27,232,0,4,2,420,7,132,35,1,1,9,221,11,29,1067,38,13,55,15,4,6,23,125,162,124,33,665,2,1,38,15,11,80,15,1,104,23,274,4,0,5,2,42,37,3,1,57,13,5,6,127,19,24,3,12,246,19,89,7,11,13,10,2,11,1,11,10,34,15,71,9,600,40,6,582,11,30,5,39,674,7,64,16,137,3,75,18,301,0,15,163,785,8,7,5,18,101,9,40,4,18,37,22,7,84,7,9,18,63,160,11,366,10,242,5,0,12,2,6,459,363,44,35,210,18,18,1142,815,206,52,18,352,7,12,114,44,11,28,9,86,12,210,6,23,11,272,17,4,8,6,0,21,5,34,170,204,101,10,1,73,4,20,76,22,781,6,28,5,113,2,0,257,4,16,266,6,12,0,1,2,63,1,235,3,25,362,3,637,13,35,503,2,86,134,4,26,4,153,321,36,5,259,5,19,11,0,9,323,19,161,7,8,0,32,5,3,117,80,326,8,59,49,1,64,14,12,3,349,4,465,13,11,2,4,9
"ENSG00000214711.10",22,0,0,0,41,4,0,7,2,1,1,2,3,38,1,1,8,1,0,7,6,0,4,0,2,0,1,2,5,1,3,2,0,0,1,0,5,0,0,1,0,12,3,37,3,0,1,0,0,1,2,6,3,2,0,1,5,3,2,6,8,3,2,8,15,0,5,1,1,3,14,2,3,2,0,2,1,2,0,4,9,5,1,4,2,16,0,0,7,2,8,1,7,6,104,0,3,3,1,0,0,3,0,1,2,9,2,1,17,0,4,4,3,0,11,1,3,5,7,26,0,7,2,1,2,0,0,41,14,26,2,3,14,1,2,1,4,2,3,0,0,0,3,1,11,0,19,2,4,1,0,1,0,12,3,0,0,7,2,2,1,0,18,10,6,3,10,4,2,0,5,1,1,1,0,3,4,1,14,11,0,6,4,0,0,0,4,3,0,0,2,15,90,5,1,10,4,0,0,28,0,0,5,5,0,5,5,0,4,0,3,1,0,9,86,2,3,0,10,1,0,0,0,109,1,0,2,4,16,0,36,3,3,0,0,55,0,1,0,6,6,1,5,10,5,4,1,0,5,2,1,1,0,1,3,2,0,3,1,6,1,3,1,27,0,3,2,5,1,3,1,2,3,0,5,0,2,0,0,26,3,0,1,3,1,0,0,1,1,5,0,1,3,0,6,3,14,3,4,2,0,1,1,0,3,0,1,22,1,1,1,12,0,88,1,5,4,19,13,2,4,15,1,5,3,3,1,13,2,2,3,8,2,3,2,0,0,2,0,0,0,4,2,0,5,4,1,6,1,0,0,5,5,0,1,1,1,48,1,2,8,0,5,15,4,0,0,1,1,0,4,0,3,0,16,2,3,1,4,2,1,0,1,0,0,2,15,4,3,1,5,7,0,3,8,5,14,5,2,0,0,5,12,0,1,2,0,3,0,16,4,0,4,3,3,6,3,2,7,1,2,1,1,1
"ENSG00000214725.9",2,0,1,0,3,0,0,0,0,11,2,4,4,51,65,2,2,5,4,1,21,1,9,5,3,8,21,5,1,14,4,10,4,1,8,3,6,2,2,0,3,0,11,2,1,8,2,6,3,2,8,7,1,16,3,11,1,6,1,0,2,14,6,4,0,5,5,2,7,12,7,2,3,0,3,0,53,10,22,3,17,9,10,2,6,0,2,2,5,1,36,3,0,19,2,2,3,7,6,3,0,4,22,0,9,0,5,2,56,17,31,2,0,2,0,15,4,2,37,15,0,14,2,25,5,3,3,4,7,10,0,0,3,4,35,0,2,0,77,0,1,6,5,0,4,36,7,3,24,10,3,2,1,48,2,5,4,7,9,6,3,33,7,1,13,6,7,30,6,16,5,1,3,6,12,1,16,237,45,1,2,0,2,31,3,0,3,0,1,36,1,3,26,5,2,40,4,10,1,38,0,30,35,7,0,12,1,1,36,3,2,39,10,7,5,3,5,6,1,3,0,6,17,0,1,0,2,16,4,1,4,2,0,2,1,6,1,0,1,29,1,2,3,0,3,1,6,12,1,6,4,0,1,1,0,6,2,7,2,11,15,0,2,11,0,2,3,1,2,3,4,1,21,1,6,12,5,1,8,19,2,4,18,3,5,2,1,2,39,5,1,1,4,41,35,15,22,0,15,5,5,0,102,0,39,0,1,0,6,8,3,2,4,9,3,3,3,5,1,9,12,8,1,27,0,32,1,1,3,1,4,4,0,9,4,0,6,6,2,11,1,5,0,24,4,0,4,2,0,0,3,13,1,17,0,1,1,10,16,1,36,0,9,3,2,0,68,15,0,7,9,7,3,3,27,0,15,0,7,2,8,2,3,3,1,5,17,5,8,8,5,0,1,10,8,0,9,37,6,1,1,10,2,0,1,2,0,12,1,1,1,17,3,1,0,0,8,2,5,0,0,1,22,1
"ENSG00000214814.7",0,0,0,0,947,1434,1,9,0,0,32,0,0,1,0,3,8,3,0,426,33,0,7,5,0,1,0,28,95,6,5062,28,24,0,1,13,8,5,0,1,0,8,2909,0,2,4,0,7,14,2,0,6896,8,1,0,0,3,28,0,0,0,15,2,0,0,103,0,3,409,1,5,2,8,0,0,1,2,1,19,6,33,30,276,0,4,915,0,6,0,0,3,106,38,2,20,0,0,2,9,5,0,0,1,0,3,147,2,1,50,412,29,0,5,0,947,0,2100,5,1845,4,1,0,1,0,6,0,0,1,464,2,0,1,19,0,4,0,11,0,4,1512,0,388,112,1,281,454,43,134,18,19,0,0,1,1,1,0,0,43,150,3,0,1,40,812,17,1,602,2,1,20,0,1,218,1,1,1,1,2,7,2,0,881,20,1,0,0,2,9,18,1,0,1,32,10,16,1,0,32,1,51,0,0,2169,1,0,1,1,1,0,0,56,268,12,301,1049,4,0,0,9,1,1,0,1,17,0,7,4,4,0,8,1,4,4,0,0,25,0,1,12,3,312,2,0,19,301,75,8,0,10,4,0,1,0,35,0,0,1,0,0,75,6,8,44,1193,0,78,0,0,3,0,36,2,0,3,15,70,0,0,1,5,0,3,0,3,0,0,0,0,2,14,0,19,19,1,0,5,410,0,0,2,0,3,91,0,5,0,46,84,1,757,1,372,0,28,8,28,30,264,8,9,204,4,0,774,4,0,0,0,2,1,1,47,0,4,5,1,1,60,5,1,0,3,1314,0,7,1,1,162,0,0,1,226,0,16,0,0,339,1,22,20,20,0,0,569,0,2,0,187,0,0,1,2,0,2,1,0,45,0,0,1,0,390,4,0,3,0,355,21,9,4,265,2,1,97,19,23,45,1,5,4,2,3,145,0,2,0,4,227,0,0,1,0,1,0,0,269,4,86,136,10,0,5,2,1
"ENSG00000214822.8",0,0,0,1,1,0,0,0,0,1,0,0,0,0,0,3,0,1,0,21,1,6,1,1,0,0,0,0,0,2,0,0,0,1,0,2,0,0,0,0,0,0,0,0,0,0,0,0,0,1,0,0,0,0,0,0,1,0,0,0,0,3,0,0,0,0,0,0,0,0,1,1,0,1,0,0,0,1,0,0,0,0,2,0,0,54,0,0,2,0,0,1,0,5,0,0,0,0,0,0,1,0,0,0,0,0,0,0,0,0,0,0,0,0,0,0,0,0,3,0,0,0,7,0,0,140,27,0,0,0,0,1,0,0,0,7,0,0,0,0,0,0,0,8,0,0,2,0,0,0,27,0,0,1,0,0,0,1,0,0,0,0,1,0,0,0,0,0,0,0,0,0,0,0,0,0,0,0,1,0,1,2,0,0,0,0,0,0,0,0,0,0,0,0,0,0,2,0,0,0,0,0,0,0,0,0,7,0,0,1,1,0,0,0,13,0,0,0,0,0,0,0,0,0,0,12,0,0,0,0,0,0,0,0,0,0,0,0,0,0,0,0,0,0,0,0,0,0,0,0,0,0,0,0,0,0,0,0,0,0,0,0,0,0,6,1,0,0,1,0,0,1,0,0,0,1,0,4,0,0,0,0,0,2,0,0,0,0,0,0,0,0,0,0,0,0,0,0,5,0,0,5,0,0,0,0,0,0,0,0,0,0,0,1,0,25,0,0,0,0,0,0,2,0,0,0,2,0,0,1,0,0,0,0,0,2,0,0,0,0,0,0,0,0,1,0,0,0,0,3,3,0,0,0,0,1,0,0,0,0,1,0,0,0,0,0,0,0,0,0,0,0,0,0,0,0,0,24,1,0,16,0,1,0,0,0,0,0,0,0,0,0,0,0,0,0,1,0,1,2,0,0,1,0,17,0,0,0,0,1,1,0,0,0,0,0,0,2,0,1,0,8,0,4
"ENSG00000214826.5",56,1,40,26,75,86,7,59,26,82,53,84,87,239,75,12,61,36,61,36,46,17,64,37,95,70,25,107,26,74,232,103,99,77,20,64,61,29,59,110,12,111,96,19,24,9,31,19,7,35,29,125,31,103,47,108,21,76,68,61,36,53,27,67,35,152,98,50,272,134,160,54,28,3,12,12,57,39,168,178,139,141,328,20,139,146,24,26,70,7,107,68,88,34,12,19,19,102,152,55,30,31,31,25,23,157,127,18,434,112,68,49,37,51,137,28,171,121,82,342,8,88,28,61,76,20,11,55,179,134,34,7,204,36,74,15,46,11,245,21,3,201,52,16,71,193,102,108,78,39,4,19,32,101,48,51,48,126,41,85,70,17,107,73,26,100,240,110,72,267,26,68,60,492,5,25,39,97,104,53,6,143,44,127,64,37,77,29,32,231,35,141,187,100,17,87,32,92,17,136,30,315,97,338,10,44,56,141,9,196,47,141,33,103,80,38,18,4,57,129,6,21,2,17,31,7,46,336,4,59,88,165,45,48,6,108,10,26,28,33,39,30,12,48,103,259,87,8,74,37,13,15,21,136,14,93,12,34,24,269,166,37,166,175,9,74,73,10,105,17,49,9,107,1,41,75,84,11,23,82,142,84,28,3,161,74,1,42,7,44,37,44,16,36,30,132,259,41,193,71,84,96,241,21,20,9,18,34,82,91,41,190,29,82,58,162,80,135,63,40,54,163,19,167,97,131,10,39,42,10,45,32,35,80,374,22,33,107,22,35,12,21,55,127,156,58,21,26,83,3,16,261,45,86,17,26,61,191,112,66,128,26,49,155,156,56,0,98,13,12,93,158,1,19,79,20,95,20,48,106,43,47,70,7,32,19,103,50,36,131,58,21,5,104,32,67,79,117,53,2,45,68,90,13,156,22,113,175,4,48,48,21,45,54,20,60,34,276,83,26,13,25,277,11
"ENSG00000214856.11",0,1,0,2,0,0,0,0,0,1,0,0,0,0,1,1,0,0,0,110,7,24,0,0,0,0,0,0,0,7,0,1,0,1,0,7,0,0,0,0,0,0,0,0,1,0,0,0,0,2,0,0,0,0,0,0,5,0,0,2,0,2,0,0,0,1,0,0,0,0,0,1,0,51,0,3,0,0,0,0,0,0,1,0,0,23,0,0,5,0,1,0,0,0,0,0,0,0,0,0,0,1,0,0,0,1,2,1,0,0,1,0,4,0,0,0,0,0,0,0,0,1,62,0,0,784,178,0,2,0,0,1,0,0,0,8,0,7,0,1,0,0,0,12,0,0,0,1,0,0,317,0,0,1,2,0,0,0,0,0,0,0,0,0,0,0,0,2,0,0,0,0,0,0,0,0,0,0,6,0,0,29,0,0,0,0,0,0,0,0,0,0,0,0,0,0,2,0,0,0,0,0,0,0,0,0,6,9,0,6,0,0,0,0,102,1,0,0,0,0,9,0,0,2,0,60,0,0,0,0,6,0,0,0,0,0,0,0,0,0,0,0,0,0,0,0,0,0,0,0,0,0,0,0,0,1,1,7,0,0,0,0,0,0,12,0,0,0,0,18,0,0,0,1,0,1,0,7,0,0,0,0,0,3,2,0,18,0,0,0,0,0,0,0,0,0,0,0,13,0,0,9,0,0,0,0,0,0,0,0,0,0,1,0,0,4,0,0,0,0,0,1,1,0,0,0,5,0,0,3,0,0,0,0,0,2,0,0,0,4,0,0,0,1,0,0,0,0,0,31,20,0,0,0,0,34,0,1,0,0,0,0,0,0,0,2,0,0,0,0,0,0,0,0,0,0,0,190,0,0,292,0,0,4,1,0,0,0,0,0,0,0,0,0,0,0,5,0,3,3,0,0,0,0,36,0,1,0,0,1,0,0,0,2,3,0,0,1,0,0,1,47,0,234
"ENSG00000214929.4",0,0,0,0,0,0,0,0,0,0,0,0,1,254,9,0,0,0,0,0,0,0,0,0,3,0,0,5,0,0,0,0,35,0,0,0,47,0,0,0,0,0,0,0,0,0,0,0,0,0,0,334,0,0,0,0,0,0,0,0,1,1,0,3,0,0,0,0,0,0,85,0,0,0,0,0,0,0,0,0,5,115,0,0,1,0,0,0,0,0,0,1,0,2,0,0,0,1,0,2,0,0,0,0,0,0,0,0,75,0,0,0,0,0,0,0,0,0,0,28,1,18,0,0,0,0,0,0,0,0,0,0,14,0,0,0,0,0,0,23,0,0,5,0,0,0,0,0,0,1,0,0,0,1,0,0,0,0,0,0,1,1,0,0,0,0,0,0,0,118,0,0,0,8,0,0,0,77,0,0,0,0,0,0,0,0,0,0,0,3,0,0,0,5,0,0,0,0,0,0,0,0,0,11,0,17,0,0,0,0,0,0,0,0,0,0,0,0,0,1,0,2,0,0,0,0,0,0,0,0,0,0,0,0,0,2,0,0,0,0,1,0,0,0,0,0,0,0,0,0,0,0,0,0,0,0,0,0,0,51,24,3,0,0,0,0,0,0,156,0,0,0,164,0,0,0,0,0,0,108,0,0,0,0,0,0,0,0,0,0,2,0,0,0,0,1,3,0,0,0,0,0,0,0,0,0,0,0,3,3,0,0,0,0,0,0,0,0,0,0,0,0,0,0,1,0,0,0,0,0,43,0,1,0,0,0,0,0,0,0,0,0,0,0,68,16,0,0,0,0,1,1,0,3,0,0,0,0,0,0,0,0,0,0,0,0,0,0,0,0,0,0,0,0,101,0,163,0,0,0,0,15,2,0,0,0,0,0,0,0,0,1,0,0,0,0,0,0,0,0,0,0,0,0,0,0,4,0,0,0,0,0,0,0,2,0,27,0,0,0,0,0,0,0
"ENSG00000215124.2",0,10,1,23,5,8,0,27,20,1,1,4,24,8,2,40,1,95,2,17,6,132,17,35,78,31,0,57,0,1,1,0,54,115,55,6,11,7,0,0,3,1,0,0,107,2,11,8,130,62,10,85,22,1,7,14,95,0,8,2,0,39,17,4,11,1,53,14,44,16,1,0,25,153,1,75,19,8,0,43,18,117,1,0,72,0,3,53,3,0,2,138,0,0,0,80,2,128,0,1,21,138,0,18,8,1,59,30,0,0,2,92,41,38,0,41,42,1,0,0,9,42,88,0,4,174,19,7,3,4,26,347,37,18,3,319,0,169,1,5,43,7,3,85,6,3,0,0,0,0,55,41,347,46,67,19,46,22,5,49,27,0,32,9,0,98,0,0,20,1,2,3,32,27,0,17,3,1,17,11,81,22,146,59,58,4,17,9,39,8,83,0,26,102,75,3,109,0,99,23,101,215,28,155,104,0,71,85,0,99,10,0,0,7,62,0,0,1,17,141,69,6,0,14,28,71,14,6,0,0,1,14,11,5,4,8,100,3,85,50,0,16,0,15,3,0,0,6,34,36,1,2,44,0,34,6,55,0,1,15,73,92,4,0,142,2,3,457,74,69,14,91,0,141,6,0,0,18,0,1,159,0,2,6,60,1,101,4,1,1,44,6,0,0,2,0,0,67,25,0,56,1,0,167,7,3,9,82,7,0,17,1,8,6,2,0,2,12,28,5,0,8,51,1,31,19,20,5,0,80,1,2,18,9,0,154,22,0,0,0,222,31,6,2,23,20,3,0,0,47,83,4,28,0,25,297,0,0,1,1,204,11,6,1,0,136,1,4,6,2,30,11,0,0,20,0,317,43,87,180,3,20,49,1,24,2,0,17,0,10,3,13,7,4,2,1,34,0,25,134,14,4,1,20,11,3,4,1,0,5,50,5,273,92,12,0,24,0,9,82,43,33,0,28
"ENSG00000215146.5",2,4,21,8,20,4,19,2,1,47,1,59,4,239,94,2,7,13,0,32,9,3,56,21,30,5,1,145,18,74,103,2,130,8,91,1,5,2,100,179,5,258,1,4,13,0,2,25,13,4,5,476,22,70,1,2,1,36,274,1,2,157,7,42,1,4,4,5,6,10,197,9,8,1,2,9,174,17,0,3,148,136,0,4,110,27,1,10,20,2,5,132,63,2,0,3,6,84,115,101,4,2,1,14,21,54,79,6,559,1,37,5,28,7,4,47,387,6,35,221,3,1,4,2,30,3,3,21,486,331,4,11,142,3,7,18,1,6,296,13,4,7,67,10,53,7,5,111,70,2,2,9,2,231,40,17,10,15,204,153,23,6,4,5,23,5,165,84,1,324,1,19,5,888,37,5,65,4,12,154,5,7,6,43,100,3,39,17,26,129,1,71,0,20,32,148,8,0,0,2,68,98,16,363,2,6,3,6,56,3,19,227,110,5,10,136,3,0,25,137,1,10,1,0,13,2,12,200,1,8,2,98,13,2,4,21,10,1,2,10,8,6,0,3,236,4,80,6,3,5,0,2,5,63,2,10,13,37,27,3,245,30,207,202,12,15,6,7,246,4,89,11,43,3,11,0,125,0,2,56,317,14,2,3,4,33,5,22,20,6,14,2,8,3,10,22,293,52,12,139,90,15,159,11,52,1,5,1,112,88,7,8,139,11,14,260,261,54,10,4,10,2,4,289,20,0,4,3,10,2,55,5,11,2,98,4,0,114,4,2,5,3,4,2,178,58,8,4,64,4,0,69,8,334,1,19,3,150,83,15,11,5,7,117,12,3,0,572,1,47,1,66,2,46,331,3,288,9,12,308,11,86,0,1,12,27,25,469,20,2,127,6,8,6,1,1,11,91,36,3,10,9,4,0,7,62,62,128,1,31,13,0,6,1,5,1,133,6,0,5,2,4,1,2
"ENSG00000215262.8",0,0,0,0,0,7,0,0,0,0,3029,2256,332,0,0,0,0,161,6,15,0,0,1,7,1,48,1,0,9,0,0,1,1,0,1,902,418,0,221,307,0,0,0,4038,3,0,2,2,0,0,0,1,0,175,501,0,708,0,0,0,0,0,230,1,2,0,0,589,0,0,0,8,0,0,0,0,0,7,291,0,389,0,145,2,0,2,2,77,22,5,0,1164,2,0,496,1,2213,0,235,1,0,27,1,282,2,3329,1,0,6,0,0,0,25,0,1,1,2,3114,1,570,186,0,1,1,15,0,0,0,1705,1,6,0,0,1,0,0,4,3,0,2,0,8,1,7,0,1,8,1,1,0,1,1,0,5,0,2,14,0,41,24,0,49,0,0,0,0,0,0,0,0,37,0,122,0,4,231,12,601,0,99,0,4,8,0,387,0,0,0,0,0,6,0,0,36,0,17,3,1,58,97,1,0,8,0,2,207,0,0,6,0,33,17,0,0,0,0,945,87,0,94,2,0,1,0,2,0,424,0,0,1852,32,0,0,2361,624,226,0,241,0,0,136,0,97,4,2,61,0,470,252,7,0,3,0,0,0,0,0,0,593,0,6,0,0,45,0,481,0,1,0,0,2,0,0,0,0,38,2,0,639,0,0,530,0,0,988,0,1,8,0,1,0,0,2,9,200,1,0,364,0,1,0,9,8,1,0,2,16,10,0,334,51,5,109,31,89,23,687,0,176,1,0,1,3,0,14,0,0,2674,1039,1,1215,0,1,0,4830,0,395,0,7527,240,5,875,0,0,0,0,162,114,0,0,0,0,41,28,30,1,9,1,0,212,0,1,317,0,0,2,0,0,701,3,1,227,1,348,0,0,0,0,0,0,0,0,0,0,0,1,85,71,0,0,0,12,0,42,26,0,547,4,240,0,0,7,28,203,0,0,81,0,0,5,0,0,0,1,0,0,0,2,0,5,0,2,55,0
"ENSG00000215267.8",2,6,0,40,1,17,7,24,3,0,3,5,2,43,104,3,15,18,42,4,19,0,147,11,1,7,6,13,8,34,4,21,55,25,341,20,48,9,7,12,5,5,5,13,6,4,20,68,1,2,1,22,4,3,3,36,6,12,34,10,10,30,17,2,11,6,3,12,88,2,11,35,27,1,12,1,2,7,2,11,43,9,19,22,31,6,28,9,31,8,30,149,7,22,0,1,6,1,9,8,50,6,3,14,2,2,13,15,15,1,8,5,40,7,1,35,15,5,10,240,39,49,0,22,36,0,3,38,21,84,10,1,38,17,26,1,13,2,13,8,4,7,29,2,0,50,5,2,5,0,2,4,18,4,15,27,6,31,12,12,4,0,25,13,0,10,38,6,11,6,27,20,99,12,25,7,8,3,1,15,3,12,193,4,2,13,1,2,36,14,3,0,7,51,6,2,0,70,105,24,18,1,13,5,1,51,1,4,1,7,30,15,29,54,6,0,3,9,12,134,1,12,0,8,1,2,39,34,5,17,7,5,19,23,5,49,4,33,74,12,4,63,4,38,21,15,4,10,12,26,4,3,2,3,2,1,2,6,16,5,30,5,66,2,0,9,11,2,6,2,51,4,16,3,42,5,3,1,4,5,1,4,1,4,22,4,3,16,10,26,4,40,3,9,4,14,7,14,12,8,7,4,0,3,0,20,1,27,53,4,4,2,14,56,63,9,3,14,20,27,3,0,11,4,141,3,2,1,14,3,17,7,15,3,60,3,21,66,3,0,4,33,70,3,19,15,10,39,11,1,1,13,4,15,11,2,6,1,8,6,4,3,19,25,0,5,17,5,2,15,7,25,2,2,9,3,44,4,4,0,6,4,13,55,4,28,17,34,15,10,3,2,6,44,3,0,35,4,2,4,27,3,25,24,88,1,72,98,2,4,31,2,13,8,76,8,12,16,38,3,1,6,6,0
"ENSG00000215270.3",89,0,0,4,7,4,1,0,1,8,0,5,0,164,0,1,0,13,2,0,12,0,25,0,10,9,8,22,0,20,19,2,8,1,5,0,14,1,2,7,0,19,63,4,4,0,3,20,0,0,0,16,0,22,1,0,1,4,2,1,2,4,4,18,2,0,2,0,7,1,44,6,1,0,0,1,12,13,9,11,69,19,8,1,5,2,3,1,21,2,20,28,17,0,0,0,1,72,7,5,3,2,2,2,1,16,3,0,133,7,7,0,2,6,1,10,3,10,22,20,6,5,1,1,7,0,1,6,1,24,6,2,4,2,1,0,0,1,26,5,0,1,68,1,0,19,21,2,4,2,0,0,6,30,7,0,4,5,43,16,2,0,7,0,0,15,26,5,1,17,6,11,2,27,0,2,7,12,2,11,1,3,6,7,11,1,17,2,5,2,5,102,4,9,7,10,0,4,0,5,6,4,4,31,2,12,1,1,10,3,2,4,13,10,10,24,0,0,1,16,0,1,0,0,3,1,8,16,2,2,4,33,1,3,1,10,1,0,2,4,0,21,0,0,2,14,3,0,0,0,2,0,2,4,0,9,1,0,9,4,17,17,6,40,0,0,1,1,14,0,6,0,9,0,3,0,9,1,0,4,38,7,11,0,1,5,0,1,1,3,4,0,0,5,2,3,22,1,3,5,1,1,59,0,1,1,0,8,7,9,21,2,14,0,20,12,8,11,2,8,1,5,0,22,9,0,1,0,7,1,4,1,2,1,33,1,0,20,0,0,0,3,7,1,35,11,9,1,2,1,1,11,0,8,2,3,1,8,19,1,40,3,0,17,11,0,1,16,4,3,0,25,2,5,47,2,4,0,1,15,3,7,7,0,0,11,4,3,0,1,3,1,0,5,0,14,9,18,11,0,1,2,0,0,7,19,8,9,1,4,4,1,0,1,14,0,12,15,4,0,1,2,1,1
"ENSG00000215409.4",0,0,0,3,2,0,0,0,0,1,0,1,2,0,0,0,1,2,0,1,0,0,9,1,0,0,0,17,0,5,0,0,1,0,1,0,0,0,0,0,0,0,0,0,0,1,1,5,0,0,1,3,1,0,1,0,0,0,2,1,0,0,23,0,4,3,0,0,1,3,2,1,1,0,0,1,10,2,0,0,0,1,0,0,3,4,1,1,1,3,6,0,0,9,0,0,0,0,0,1,2,1,1,1,2,1,8,0,12,0,1,1,2,1,2,2,9,0,0,1,0,0,0,1,1,0,0,0,1,1,1,0,3,2,0,0,0,0,0,0,0,2,3,0,0,1,13,6,2,2,0,0,1,0,0,0,0,2,0,2,1,0,0,0,0,1,6,1,3,3,4,0,7,0,0,0,11,0,0,0,0,2,1,1,0,1,16,3,0,21,6,0,0,1,1,0,0,1,0,0,0,10,3,2,0,1,0,5,0,0,12,9,2,0,0,0,0,0,1,1,0,0,0,2,0,0,2,2,2,0,1,1,0,0,0,0,0,0,4,1,3,0,2,8,5,0,0,0,2,0,0,1,0,1,0,0,0,0,0,5,12,0,0,0,0,5,2,1,5,0,2,0,0,0,13,0,1,0,0,0,2,0,3,1,1,2,0,2,0,0,1,1,1,2,0,0,2,0,1,0,0,0,1,0,0,1,1,5,0,1,0,0,0,3,1,19,0,0,2,0,1,0,0,0,0,0,0,2,0,0,0,0,0,1,4,0,3,1,1,1,1,1,0,0,1,3,2,0,0,0,0,0,0,0,1,0,0,2,0,0,3,1,1,6,0,1,0,1,1,2,3,0,0,1,7,0,3,3,0,5,0,1,2,0,0,0,0,20,0,1,2,0,0,3,0,0,1,3,2,0,3,0,2,0,3,0,1,0,3,1,1,1,3,0,0,0,0,1,0,1,0,0,7,0
"ENSG00000215483.11",29,34,6,13,20,81,0,58,42,20,53,211,48,16,5,197,3,9,14,20,16,763,25,38,26,303,11,53,129,9,69,22,12,22,23,63,17,2,3,11,8,4,102,13,21,26,164,7,281,14,7,72,42,18,5,5,89,11,23,38,10,19,8,8,1076,105,92,40,73,25,34,23,60,775,10,13,9,12,12,11,23,45,40,0,43,67,8,37,41,2,12,119,9,2,5,84,69,400,39,5,21,195,13,9,10,52,13,105,83,60,55,72,28,9,16,24,31,821,3,23,4,15,55,4,32,117,18,23,62,38,6,78,23,17,5,280,30,35,5,4,15,333,39,179,38,43,179,8,48,6,381,29,53,160,58,5,44,13,11,20,23,0,47,13,6,210,7,16,34,12,10,5,19,41,17,3,1,27,30,44,364,74,11,8,15,12,38,11,22,15,43,9,59,6,9,11,23,8,232,192,31,169,12,111,76,5,35,7,21,156,10,6,2,173,18,6,10,16,20,93,193,9,14,276,8,5,11,25,12,179,77,258,13,20,60,18,133,2,7,35,414,13,37,14,12,14,3,125,17,5,56,6,135,10,336,136,40,4,10,88,26,79,13,7,63,6,2,84,36,91,12,308,11,137,16,25,1,25,9,5,68,38,7,40,13,25,18,22,1,8,29,31,21,17,43,20,12,35,30,21,24,33,13,41,7,3,201,218,12,7,6,10,15,19,64,11,30,17,144,35,10,20,100,19,162,127,16,0,6,54,9,59,26,74,5,753,2,15,47,9,139,59,319,5,29,4,10,13,81,29,156,16,46,52,4,39,7,9,24,4,1013,12,16,5,6,83,4,25,10,26,467,19,1,3,36,12,101,17,25,117,17,10,30,30,100,16,8,3,16,40,16,20,170,34,27,66,402,55,19,154,8,20,64,7,32,5,13,4,9,56,17,2,21,14,7,12,9,7,8,249,69,31,10,46
"ENSG00000215512.9",0,0,0,1,0,0,0,0,0,0,0,0,0,4,3,0,0,0,3,0,0,0,0,0,4,1,0,18,0,0,0,1,10,21,0,0,1,0,0,0,0,0,0,0,0,0,0,2,0,0,0,20,0,0,0,0,1,0,2,0,0,76,0,0,0,0,9,1,0,0,119,0,0,0,0,0,0,0,0,59,48,13,1,0,8,0,0,7,0,0,0,63,5,0,0,0,0,4,0,0,0,0,0,0,0,0,1,0,17,11,0,0,0,1,0,0,0,1,0,263,1,1,0,0,0,0,0,6,0,42,1,0,65,0,0,0,0,0,0,0,0,0,0,0,0,0,0,0,0,0,0,0,0,22,1,0,0,0,25,0,10,0,0,1,0,4,0,0,0,0,0,0,0,156,0,0,3,13,0,50,0,0,0,2,0,0,0,0,0,7,0,0,0,6,3,0,0,0,0,0,12,0,0,153,0,1,0,1,0,0,0,0,1,17,60,0,1,0,11,6,0,0,0,0,0,0,9,4,0,0,0,14,0,0,3,130,0,0,2,0,4,2,0,0,1,0,0,0,0,0,0,0,0,0,0,0,0,0,0,0,130,40,0,0,0,0,0,0,66,0,6,0,0,0,0,0,0,0,0,2,20,8,0,0,0,0,0,0,0,0,0,0,0,16,0,0,5,0,0,0,1,0,1,0,0,0,1,5,3,0,50,0,3,0,0,0,1,0,0,12,0,1,0,0,1,0,0,0,36,0,3,0,0,0,0,0,0,0,0,0,0,0,1,0,24,12,0,0,16,0,0,0,0,8,0,0,0,0,0,0,4,0,0,0,0,0,0,0,0,0,0,3,0,0,73,0,83,0,0,11,6,63,17,0,0,8,0,4,0,0,0,0,0,0,0,0,12,0,0,0,2,0,0,0,0,0,1,0,0,0,0,0,0,0,55,0,9,0,0,0,0,0,0,1
"ENSG00000215567.5",18,0,0,4,0,8,0,0,0,3,0,0,0,3,0,0,0,0,0,0,0,0,64,0,0,2,0,0,1,0,0,3,2,2,0,0,0,0,0,0,0,5,0,0,0,0,0,2,0,0,0,4,0,0,0,0,0,2,0,0,0,0,0,0,2,0,0,0,2,0,0,0,2,0,0,0,0,0,0,3,9,0,0,0,3,5,0,0,1,1,0,2,2,0,0,0,0,0,0,0,0,0,0,0,0,3,0,0,0,0,0,0,0,0,0,0,0,3,0,0,0,0,0,0,0,0,0,0,6,15,0,0,9,0,0,0,0,0,1,0,0,0,0,0,0,0,1,5,0,0,0,0,0,0,0,0,0,0,1,0,2,0,0,7,0,0,2,0,0,7,16,0,0,0,0,0,4,4,0,0,0,7,0,0,0,0,5,0,0,0,0,0,0,2,3,0,0,3,0,1,0,0,0,0,0,0,0,0,0,0,0,0,10,9,0,3,0,0,0,2,0,0,0,0,0,0,0,0,0,0,0,1,0,0,0,1,0,0,0,0,35,0,0,0,5,1,1,0,0,1,0,0,0,3,0,0,0,1,0,0,22,5,0,0,0,0,0,0,0,0,2,0,10,0,0,0,0,0,0,7,2,0,1,0,0,0,1,2,0,0,0,0,0,0,0,0,0,0,0,0,0,0,1,0,1,0,0,1,10,0,4,0,0,1,1,0,2,0,0,3,0,0,0,0,6,0,0,0,0,0,4,0,0,0,0,0,2,0,0,0,0,0,1,0,2,2,0,0,0,0,0,1,0,56,0,0,0,2,0,0,12,0,0,1,0,0,0,0,0,0,0,0,0,0,1,0,0,2,0,4,2,1,1,0,1,8,0,3,13,0,4,0,0,11,0,0,2,2,0,0,0,0,10,0,0,0,0,0,0,0,0,0,0,0,0,0,0,0,0,2,0,0,0,0
"ENSG00000215784.6",3,0,11,5,18,13,17,0,1,14,2,14,34,164,61,4,5,14,18,3,11,0,13,3,8,2,7,41,5,17,34,12,22,7,1,8,8,8,18,8,2,19,13,12,0,27,2,19,0,1,19,32,3,19,6,27,5,19,37,14,5,46,0,15,0,19,1,3,56,29,33,7,1,0,4,0,22,22,20,10,13,13,30,6,15,4,11,9,7,5,24,4,15,59,1,0,2,37,6,16,10,0,76,7,5,21,19,0,159,5,16,4,8,12,5,4,61,11,37,57,5,15,0,32,17,0,0,38,22,10,2,1,104,0,27,0,4,0,53,0,0,31,26,1,4,112,43,56,58,20,4,2,8,13,5,18,1,24,18,13,13,10,43,1,30,35,29,109,51,174,6,4,19,149,8,5,6,48,13,15,0,11,16,29,1,2,20,2,10,40,6,86,45,34,8,30,3,15,4,32,11,62,22,122,0,32,3,15,21,15,1,16,61,11,10,9,2,8,14,11,0,7,19,2,2,2,10,75,6,4,58,17,18,17,21,29,2,2,5,35,1,9,4,2,29,34,13,10,2,10,4,13,0,9,0,19,1,9,9,146,35,6,132,61,2,7,73,2,14,0,21,2,59,0,4,15,34,0,11,79,39,54,6,1,5,23,0,15,10,17,4,7,18,4,20,41,49,4,6,8,18,2,86,5,52,5,2,6,1,51,4,7,16,25,1,12,78,26,2,9,28,27,3,79,26,26,3,1,17,1,29,26,5,9,21,1,4,107,0,5,2,4,10,73,37,29,1,8,105,1,5,28,3,35,1,1,22,36,44,6,20,2,12,35,238,2,16,23,3,30,19,28,20,18,56,4,23,0,1,35,1,33,12,2,4,22,11,1,25,29,24,11,0,23,14,8,12,49,9,2,7,9,6,0,42,9,20,24,11,5,6,17,1,0,7,6,7,35,26,9,2,1,96,1
"ENSG00000215808.4",3,0,0,10,9,0,1,0,0,0,2,3,4,486,292,1,0,1,0,2,0,0,5,31,171,231,0,102,60,255,0,0,55,1,4,0,64,0,52,81,0,0,0,73,8,0,0,13,1,0,0,148,1,172,0,0,1,0,186,0,0,120,0,37,0,0,0,1,55,0,940,0,11,0,0,2,37,1,82,70,68,322,2,0,183,0,0,20,0,0,0,186,271,0,0,1,0,0,83,31,1,8,0,0,0,0,5,22,1047,84,0,6,0,92,3,11,1,44,46,1055,134,184,0,0,3,3,1,20,0,346,15,0,151,0,0,3,0,4,194,13,3,118,112,2,1,354,14,0,0,1,0,0,5,124,3,29,0,0,148,36,45,0,12,0,0,118,33,2,11,146,2,100,0,7805,2,1,13,219,0,265,1,1,0,0,0,0,69,2,5,219,0,589,0,14,58,1,1,0,0,0,0,13,0,1932,1,219,1,1,18,0,1,0,71,231,99,6,0,0,61,16,0,32,0,0,9,0,57,188,0,5,147,24,4,0,0,155,5,0,3,19,0,0,0,0,0,116,57,0,12,0,5,0,2,117,3,6,0,0,371,932,82,22,0,735,9,0,5,0,329,6,14,0,256,1,21,1,46,5,0,171,77,50,48,1,3,0,0,8,9,0,1,30,2,0,0,129,1125,0,1,0,0,3,426,7,11,0,1,9,34,12,2,0,0,0,1,1,120,2,0,35,0,0,0,0,15,0,7,61,20,0,348,0,2,2,425,5,1,0,0,0,12,9,5,1,239,17,2,0,74,0,2,176,0,531,0,4,1,0,166,0,11,1,0,3,1,0,5,0,0,6,0,132,0,15,457,0,30,11,0,13,9,138,0,2,5,24,0,39,22,0,0,1,1,0,0,11,149,368,32,0,64,0,0,0,61,0,120,98,2,0,2,10,0,0,18,0,87,388,0,0,5,0,23,14
"ENSG00000215833.3",0,0,0,1,34,21,2,0,0,0,1,1,2,4,2,0,16,0,0,1,1,0,2,1,10,6,2,4,2,0,3,1,7,1,7,0,0,2,0,3,0,1,3,1,2,0,0,0,0,3,0,1,2,1,0,3,0,14,4,5,0,0,2,6,7,39,5,1,2,2,29,0,0,0,0,2,25,7,1,1,0,10,0,1,7,0,2,1,1,0,4,2,15,0,1,0,0,4,3,0,2,0,0,6,0,4,14,1,0,11,5,0,1,0,8,0,47,17,4,1,1,7,0,1,5,0,1,4,37,10,2,0,3,0,1,0,0,1,2,0,0,9,1,1,1,1,0,20,1,0,2,0,1,0,1,0,1,2,0,3,5,0,0,8,0,1,15,0,2,11,1,0,1,1,0,0,0,0,0,0,0,1,0,7,2,0,6,3,7,12,0,0,2,3,0,7,0,1,0,5,3,8,4,13,0,2,0,7,5,0,0,4,1,15,6,1,0,0,1,4,0,4,0,1,0,0,1,7,0,0,0,6,0,0,0,0,3,1,0,0,0,0,0,1,23,0,0,0,0,2,0,0,1,0,0,2,2,0,1,7,9,2,1,9,0,21,2,1,2,1,4,1,4,1,3,10,0,0,0,2,11,2,0,0,1,2,0,0,0,7,0,0,3,1,0,3,0,0,0,0,14,0,4,0,4,1,1,1,13,3,0,4,0,1,2,0,0,8,0,0,45,0,0,26,6,3,0,0,0,0,1,0,0,0,5,0,0,4,0,0,0,1,12,0,8,4,0,0,3,0,0,3,2,4,4,3,5,0,5,10,21,1,1,61,1,19,0,4,0,1,5,1,1,1,1,0,12,0,0,10,1,1,4,0,1,1,11,3,0,16,9,1,1,25,12,8,3,3,2,0,0,3,0,0,0,0,1,6,0,0,2,0,5,2,7,8,22,0,11,0,0,0,1,0
"ENSG00000215834.10",0,0,0,0,0,0,0,1,1,0,0,0,0,16,6,0,0,0,0,0,0,0,30,0,0,0,0,0,0,2,0,0,0,0,0,6,0,0,0,0,0,0,0,1,0,0,0,0,0,0,0,2,0,0,0,0,0,0,0,0,1,3,0,0,0,0,3,0,0,0,0,16,0,0,0,0,0,0,0,8,2,0,0,0,0,0,0,13,16,0,0,50,0,0,0,0,0,0,0,0,0,0,0,0,1,0,0,0,12,0,0,0,0,0,0,0,0,0,0,306,6,1,0,0,1,0,0,1,0,1,0,0,241,0,0,0,0,0,0,0,0,0,7,0,0,23,1,0,1,0,0,0,0,0,0,0,43,0,5,3,0,2,1,1,0,0,0,0,0,3,0,2,12,0,2,0,2,0,1,0,0,0,0,0,1,0,0,0,0,0,0,0,0,1,2,0,0,0,0,0,0,0,0,2,0,0,0,0,0,0,0,0,0,0,0,0,3,0,4,21,0,0,0,0,0,0,0,0,0,4,0,0,0,0,0,70,0,0,1,3,61,0,0,0,0,0,0,1,0,0,0,0,0,0,0,0,0,0,2,0,1,1,2,1,0,0,0,1,0,0,3,0,0,0,0,0,0,1,0,0,0,101,1,0,0,0,0,0,1,0,0,7,1,0,0,0,0,0,0,0,4,1,1,0,0,1,4,0,1,0,1,0,0,0,2,0,0,0,0,0,0,1,0,0,1,0,0,0,0,0,72,0,0,0,0,0,0,0,0,2,0,0,0,1,1,0,0,0,0,0,0,1,0,0,0,0,0,7,0,0,3,0,2,0,0,0,0,0,0,5,0,12,2,5,0,0,0,0,4,0,0,0,0,0,0,0,0,1,0,0,0,0,0,0,0,0,3,0,0,0,0,0,1,0,3,0,14,0,0,2,0,2,0,0,0,0,0,0,0,0,0,0,0,0
"ENSG00000215869.4",2,0,0,3,1,0,3,1,3,0,0,28,0,52,22,6,0,0,0,0,0,16,102,21,8,2,3,188,0,143,1,45,36,47,0,1,121,2,4,1,2,1,1,1,2,0,1,16,2,0,0,162,0,5,2,17,0,1,91,1,1,29,10,91,0,3,5,1,5,0,619,1,8,1,3,1,0,7,5,205,86,92,3,0,145,3,2,16,0,3,1,43,3,0,2,1,3,4,0,59,4,32,0,2,0,2,1,1,384,0,0,2,0,19,2,32,2,1,31,45,1,56,1,0,3,0,2,0,1,240,26,0,23,0,7,0,1,2,4,35,0,1,41,0,0,113,14,0,4,2,0,2,2,96,5,7,2,4,17,20,7,1,12,0,1,22,37,9,4,195,2,49,3,292,3,0,5,17,1,5,1,0,0,0,1,3,43,1,37,49,14,1,1,149,3,0,2,2,0,1,9,1,0,533,7,5,0,1,3,36,0,40,52,11,55,1,1,0,74,310,0,7,0,3,2,0,2,84,1,0,2,8,1,0,0,24,1,3,12,8,0,20,1,0,3,3,2,0,0,4,0,1,4,1,8,3,2,3,27,147,163,242,6,2,3,4,0,0,217,0,19,0,6,0,2,0,0,0,4,17,48,3,16,0,2,2,1,0,0,3,2,0,0,2,0,64,493,1,9,2,0,0,34,0,1,1,0,7,32,91,99,0,3,2,1,3,195,1,8,17,2,1,2,0,8,2,2,12,1,0,172,0,7,2,2,3,1,1,0,0,0,12,0,0,127,70,1,1,15,0,2,23,0,41,0,3,2,0,19,1,66,1,2,0,0,0,2,2,1,3,0,6,1,1,136,1,90,1,5,28,14,66,32,0,1,13,1,56,21,1,0,0,1,1,0,2,70,4,3,0,6,2,0,1,9,1,28,18,0,11,7,0,41,0,22,0,28,0,28,4,1,15,0,0
"ENSG00000216721.3",1,0,0,66,0,3,31,2,0,0,0,0,2,5,23,0,2,2,3,1,0,0,2,0,1,0,6,0,1,0,1,63,3,1,4,1,48,0,0,0,0,0,2,1,0,3,2,3,0,0,0,1,0,1,0,9,1,1,3,2,0,8,0,0,2,1,2,0,1,0,4,31,1,0,0,1,2,1,0,2,1,3,0,1,0,0,0,0,0,0,4,0,0,74,1,0,3,3,1,1,2,0,0,0,0,1,0,0,9,1,1,0,3,15,0,2,0,0,2,91,0,42,0,0,7,0,1,1,0,2,1,0,56,2,1,0,1,1,0,1,0,2,0,1,0,4,4,1,1,0,1,0,0,0,2,0,2,1,1,2,2,0,5,1,0,5,6,0,0,1,2,1,5,4,0,0,0,4,0,1,0,2,3,2,0,1,0,0,1,3,0,1,2,7,0,0,0,10,0,0,0,3,0,1,0,3,0,1,0,0,2,0,8,1,2,0,4,0,6,13,0,1,3,0,0,0,0,2,2,2,2,2,58,0,1,60,1,1,38,3,0,23,0,1,4,0,5,1,0,1,0,0,0,1,0,1,1,0,2,0,1,2,0,1,0,0,3,0,2,0,21,1,9,0,2,1,1,1,0,1,1,53,2,0,0,2,0,1,0,2,0,0,1,4,1,1,3,0,7,0,2,0,1,0,3,1,1,0,0,0,1,1,1,1,1,0,4,1,1,51,1,0,0,1,12,1,2,1,33,1,2,1,3,2,2,0,0,7,1,0,0,0,7,0,0,7,0,1,1,0,0,0,0,4,0,0,1,0,1,2,0,2,4,3,0,1,16,1,1,4,2,2,10,1,3,2,1,0,2,0,0,3,7,0,0,230,3,1,58,0,4,0,0,0,1,2,9,2,1,3,10,1,0,0,3,1,7,117,1,0,30,0,2,2,6,1,4,1,0,2,0,1,0,0
"ENSG00000217275.2",7,0,1,5,5,2,3,12,8,83,17,24,4,126,45,12,14,7,82,0,1,3,8,0,5,5,2,22,10,15,0,23,1,37,1,8,15,3,75,71,6,9,14,147,4,14,2,6,5,31,1,6,18,30,33,12,9,20,52,1,3,6,4,15,4,2,3,10,10,17,48,2,9,1,9,1,17,2,12,1,12,45,94,2,5,14,1,15,5,2,18,24,0,60,33,0,23,7,4,7,8,0,36,28,1,11,33,3,64,101,8,2,0,22,2,36,7,17,3,39,23,70,9,3,4,2,0,29,7,8,2,0,10,0,1,3,24,1,11,1,2,5,7,2,0,7,14,27,3,80,2,17,0,5,7,5,2,12,231,7,8,0,7,13,5,3,5,7,6,19,5,1,44,9,8,0,2,297,55,3,1,22,6,33,16,4,8,28,19,16,10,0,6,37,67,18,2,12,15,2,7,44,0,11,3,64,0,2,3,30,13,62,13,4,3,5,10,18,4,11,3,96,21,24,3,0,7,14,4,3,23,3,6,3,1,23,0,31,0,1,118,1,13,7,17,48,3,15,47,7,2,0,1,3,7,4,2,3,6,10,109,32,1,36,2,6,0,3,24,0,8,4,24,2,3,7,10,0,70,39,39,4,1,0,5,6,4,25,8,4,0,8,0,35,6,22,5,2,37,6,24,5,30,4,136,3,5,1,9,30,6,18,39,0,3,94,10,23,7,8,11,37,1,3,11,6,3,10,16,2,15,13,3,8,10,3,19,3,22,5,1,10,4,23,7,29,0,30,4,1,2,70,7,32,9,3,12,65,12,10,9,8,4,74,0,4,7,1,56,4,8,4,16,12,30,2,2,4,10,208,6,43,10,23,24,71,6,15,43,3,53,145,4,11,5,2,30,49,1,0,13,4,108,3,22,1,5,0,11,4,12,2,0,4,21,0,3,8,8,2,3,4,91,2
"ENSG00000217646.1",0,0,9,0,2,0,1,1,0,1,0,9,0,0,2,0,1,2,7,0,0,0,0,0,2,0,1,3,0,0,1,0,0,1,0,0,0,0,22,18,0,0,2,7,0,0,0,0,0,0,0,0,0,0,0,3,0,1,0,0,0,1,0,4,0,0,0,1,1,5,4,0,0,0,0,3,0,0,1,2,2,0,3,1,2,0,0,2,0,0,1,0,1,0,1,0,0,1,0,3,1,0,0,0,0,1,2,0,11,0,2,0,0,2,0,1,3,0,1,5,0,7,0,1,1,0,0,15,0,2,0,0,4,0,1,2,0,0,0,0,0,0,0,0,0,3,4,3,1,0,0,0,1,0,0,2,0,2,11,0,1,6,1,0,0,0,3,5,3,0,0,0,0,7,0,0,0,1,0,0,0,2,1,3,1,0,0,2,9,3,0,0,0,1,1,6,0,3,6,1,1,2,0,4,0,10,0,0,1,0,1,33,0,1,0,0,1,1,0,4,0,1,0,0,0,0,4,6,0,0,14,1,0,1,0,1,0,2,0,1,3,0,0,0,1,11,1,0,8,1,1,1,0,0,1,8,0,0,2,11,18,1,2,2,0,0,1,0,3,0,0,0,0,1,0,0,3,0,3,22,19,1,4,1,1,1,0,0,2,1,0,0,0,1,0,18,1,0,0,0,7,0,1,0,2,0,0,1,2,7,0,1,5,2,1,1,3,1,0,0,2,0,0,1,0,2,0,1,0,0,1,0,0,0,3,0,0,1,1,1,1,1,0,0,6,14,0,0,0,0,0,6,1,5,1,0,0,18,1,1,0,0,0,1,0,1,2,1,4,1,2,0,1,0,19,1,1,0,0,86,0,17,3,1,1,1,0,0,0,8,5,9,0,0,0,0,2,1,0,0,0,1,6,0,0,0,3,0,5,0,1,0,0,0,3,0,2,0,1,0,0,0,10,0
"ENSG00000217702.3",4,0,3,7,5,3,2,1,4,53,13,24,7,181,28,11,20,35,5,14,20,0,2,0,4,9,3,0,1,1,6,0,6,20,6,5,0,6,13,10,8,1,3,2,0,2,1,0,1,6,7,1,2,4,1,49,7,3,1,0,2,3,3,1,3,3,1,1,8,5,58,3,4,0,3,6,18,31,9,0,15,3,4,65,4,5,12,0,7,3,0,1,7,0,4,0,12,0,7,3,0,1,106,1,0,7,2,1,7,1,5,0,4,4,2,8,30,4,20,6,3,23,1,2,1,0,0,8,6,0,0,1,73,0,0,2,0,1,3,1,3,13,14,1,13,40,19,13,7,28,1,0,7,17,0,7,6,3,30,5,18,2,5,9,20,1,5,11,1,20,38,9,0,4,7,4,6,29,32,1,2,4,2,3,6,1,1,12,17,0,2,12,21,3,6,8,7,18,0,17,3,3,7,4,0,3,10,11,0,9,2,9,10,3,1,24,4,3,0,1,1,1,12,24,2,0,0,4,2,1,5,6,6,7,0,3,0,23,0,4,1,1,1,1,4,3,11,2,1,1,1,1,0,122,0,0,1,0,1,2,1,6,27,10,0,9,18,2,3,5,15,0,2,3,11,10,1,0,0,11,0,3,0,1,0,3,0,0,8,16,0,1,13,4,16,1,4,2,6,42,4,6,6,2,8,2,1,8,2,6,3,3,0,21,12,28,1,15,2,1,15,13,2,32,0,4,0,1,2,0,2,5,1,3,17,2,2,9,6,2,4,2,12,3,10,2,0,18,0,0,1,2,3,1,2,0,7,3,9,3,2,19,2,9,7,16,22,6,9,14,0,4,11,1,2,5,4,0,10,0,4,0,2,2,5,0,25,10,10,3,10,1,0,10,11,1,9,2,2,1,0,3,3,3,11,13,0,1,0,4,13,14,0,2,2,6,1,8,3,1,4,1,14,0
"ENSG00000217825.2",25,0,0,0,32,0,0,0,0,3,0,0,0,6,0,0,1,0,0,0,0,0,1,1,0,0,0,1,0,0,86,248,2,17,0,0,2,0,0,0,0,887,0,0,0,0,0,0,0,0,0,4,0,0,0,0,0,0,0,0,0,0,0,0,0,1,0,0,0,6,86,1,5,0,0,0,3,0,0,2,0,0,0,0,0,0,0,0,0,0,4,1,0,0,0,0,0,0,0,0,0,0,105,0,2,0,0,0,3,0,0,0,0,3,0,0,0,1,0,0,0,0,0,0,3,0,0,0,0,25,0,0,14,0,0,0,1,0,0,0,0,2,1,0,2,5,1,1,0,4,0,0,0,0,0,0,0,0,0,1,0,0,0,0,0,0,0,2,0,4,0,1,1,2,0,0,1,0,2,1,0,0,0,7,0,0,87,0,0,0,0,0,0,0,0,0,0,2,0,473,0,0,3,1,0,1,0,0,1,0,0,1,0,0,0,2,0,0,0,0,0,1,0,2,0,0,0,0,2,0,1839,2,0,0,0,0,0,0,0,0,0,0,0,0,14,0,0,0,0,0,0,0,0,1,0,0,0,0,0,0,6,0,0,1,0,0,1,0,3,0,2,0,0,0,0,0,0,0,1,0,0,0,0,0,0,0,0,0,0,0,0,0,6,0,0,17,0,0,0,17,7,0,0,0,0,1,0,1,0,0,0,7,0,1,46,1,0,3,0,0,0,26,0,10,1,0,0,0,0,0,0,0,3,0,0,0,0,103,0,0,0,0,1,0,1,0,0,0,0,0,0,1,0,0,0,0,0,13,0,0,1,0,0,3,6,0,0,0,1,0,1,0,0,0,0,0,0,0,0,0,0,0,0,0,0,0,0,0,0,0,1,0,0,0,0,0,1,0,0,0,0,0,0,0,0,0,2,0,0,1,1,0,0,0,1,0,0,0,0,0,0,0,0,0
"ENSG00000217862.2",0,0,0,0,0,0,1,3,1,0,4,3,1,2,1,0,2,2,0,0,0,0,0,0,9,5,0,7,0,1,1,0,0,1,0,0,6,0,1,8,0,0,3,8,0,0,0,0,0,0,0,2,1,2,20,0,0,4,0,0,0,1,19,0,0,0,1,1,1,0,6,0,3,1,0,0,0,0,0,0,2,5,1,0,5,1,0,0,3,0,0,13,0,0,0,0,5,3,0,0,5,0,0,3,0,0,5,0,6,3,4,0,0,0,0,0,0,2,2,5,6,4,0,0,0,0,0,0,2,0,1,0,0,0,0,1,2,2,1,1,0,0,1,0,0,1,0,1,1,0,1,0,2,3,1,1,0,0,4,2,1,1,0,1,0,0,0,0,3,4,2,0,6,1,0,1,0,6,20,4,0,2,1,4,23,0,8,26,2,0,3,1,0,1,6,1,0,0,1,2,3,0,0,2,0,2,0,0,1,0,0,2,1,0,0,0,0,0,0,10,0,1,0,0,0,0,4,1,0,2,2,0,0,2,0,0,0,6,0,0,0,0,4,0,0,0,1,0,2,3,0,1,0,1,0,4,0,0,1,3,7,13,0,1,0,0,0,1,6,0,1,0,2,0,0,0,0,0,6,1,8,0,2,1,37,0,0,0,0,1,0,1,0,0,0,14,1,6,1,2,1,0,3,0,0,0,2,1,2,1,7,0,5,2,0,7,1,4,1,0,1,0,0,0,0,1,0,31,0,0,5,0,1,3,4,0,16,0,2,0,0,4,3,0,1,3,0,0,0,0,1,7,1,4,3,1,0,4,0,0,2,0,0,1,1,0,0,0,4,0,0,3,0,1,1,0,0,0,2,50,2,0,2,0,0,0,0,2,0,2,1,11,0,0,0,0,10,1,6,0,0,1,4,0,1,0,2,0,0,1,0,0,0,2,9,0,0,0,1,0,0,1,3,0
"ENSG00000218631.1",1,0,35,0,1,1,0,0,2,6,3,2,2,9,33,1,2,1,3,4,1,0,2,1,3,3,0,5,0,9,3,9,4,4,0,4,3,0,0,3,0,4,7,2,1,6,2,0,0,1,1,1,4,4,3,12,1,7,4,2,2,2,1,4,2,1,4,1,5,5,18,4,2,0,3,0,9,4,3,4,0,10,7,1,2,1,3,1,8,2,6,4,2,15,0,1,5,2,1,0,3,1,14,0,2,1,1,1,4,0,0,6,2,2,2,1,12,0,3,1,0,13,0,4,3,0,0,1,2,8,3,0,4,0,0,0,2,1,6,2,0,8,2,0,6,4,8,32,3,7,0,2,1,3,0,2,0,2,4,5,4,0,3,3,5,4,6,4,2,3,3,2,0,13,0,0,0,3,8,9,1,1,0,2,1,3,0,0,8,2,2,3,9,2,0,11,1,0,0,5,0,4,4,20,0,2,1,4,5,1,6,2,1,0,5,3,0,0,1,3,0,9,0,0,0,0,4,4,2,1,2,4,2,0,4,0,0,1,0,0,0,3,0,1,5,5,1,0,6,2,0,2,0,6,1,4,0,4,0,9,8,3,1,8,0,10,5,1,12,0,1,1,2,0,2,2,1,0,2,2,0,0,4,0,1,1,0,1,6,2,5,2,4,8,3,1,1,2,3,16,2,1,9,2,4,3,1,2,5,2,3,1,1,2,0,12,5,11,2,2,2,17,0,6,2,2,1,0,2,1,3,2,2,1,4,0,3,1,1,1,0,2,3,20,0,0,0,8,2,0,0,4,6,2,0,0,6,22,3,10,2,0,0,38,17,1,6,3,0,2,4,11,0,0,26,3,4,3,3,3,1,2,6,0,1,0,13,3,2,0,3,0,0,3,10,0,5,6,3,0,3,3,4,0,3,6,2,1,1,2,2,4,3,2,0,0,1,14,7,1,2,5,5,1
"ENSG00000218672.1",0,0,0,0,7,0,0,0,0,0,0,0,0,0,0,0,16,0,0,0,1,0,68,0,0,1,0,0,0,0,0,1,0,0,0,0,1,9,0,0,0,4,132,0,0,0,5,0,0,0,0,0,0,0,0,0,0,0,0,2,0,0,0,0,0,0,0,0,0,0,0,4,0,0,11,0,0,6,0,0,0,1,0,23,0,42,0,0,14,0,2,1,0,1,3,0,0,0,0,0,0,0,0,0,1,3,1,0,21,4,1,0,1,0,27,1,0,0,0,0,0,0,1,0,41,0,0,0,1,1,0,0,1,1,7,0,0,0,0,0,0,0,0,1,1,0,0,0,5,115,0,0,0,1,0,0,0,0,0,1,2,1,4,0,1,0,1,2,0,0,101,0,0,0,0,0,0,0,0,0,0,9,0,0,0,0,0,5,0,0,0,0,0,0,0,0,0,0,0,6,0,0,1,0,0,1,0,0,0,0,8,1,7,0,2,2,0,0,0,1,0,0,0,15,0,0,0,0,27,0,0,1,0,0,0,0,0,0,0,0,13,0,0,60,4,1,0,2,0,0,1,1,0,0,0,0,0,2,2,0,0,0,4,0,0,0,8,0,0,0,0,0,0,0,0,0,0,0,1,2,0,0,0,0,0,0,0,34,1,101,3,0,1,0,1,6,0,1,0,17,0,243,0,0,2,0,0,0,0,0,1,11,0,184,38,0,0,2,1,0,0,0,0,1,0,0,0,0,0,0,0,0,0,0,0,0,0,1,0,0,0,0,14,221,0,0,0,133,0,0,0,0,0,1,0,0,7,0,0,0,1,1,0,8,0,8,0,0,0,0,0,0,2,0,1,0,0,0,0,0,0,6,0,45,1,0,0,0,0,0,0,0,0,0,0,0,9,0,0,0,0,0,114,0,0,2,0,0,0,0,0,0,0,0,0,0,1,1,0,0,0,0,0,0
"ENSG00000219491.7",0,0,0,0,0,0,1,0,0,0,188,232,26,0,1,0,0,9,0,2,1,0,1,0,0,11,1,0,0,1,0,0,1,0,0,88,11,0,4,42,0,0,0,513,0,0,0,0,0,0,0,1,1,8,23,0,17,0,0,0,1,0,19,2,2,0,0,47,1,0,0,0,0,2,1,0,0,2,11,1,18,0,6,0,0,1,0,4,2,0,0,48,0,0,14,0,57,0,9,0,0,3,0,34,0,236,0,0,1,0,0,0,3,0,0,1,0,81,1,71,10,0,1,1,1,0,0,0,79,0,0,0,0,0,0,0,0,1,1,0,0,1,0,1,1,0,1,0,0,0,0,0,0,0,0,0,0,0,2,0,2,0,0,0,0,0,2,0,0,1,4,3,17,0,0,2,2,16,0,14,0,0,2,1,13,0,0,1,0,0,1,1,0,2,0,1,0,0,1,5,0,1,0,0,0,2,0,0,1,0,5,0,0,0,0,0,20,2,0,11,0,0,0,0,0,0,65,0,0,80,8,0,0,112,1,17,0,11,0,0,9,0,2,0,4,5,0,3,32,1,0,1,0,0,0,0,1,0,76,0,0,0,0,0,1,35,0,0,1,0,3,0,1,0,1,1,1,0,12,0,0,11,0,1,108,0,0,4,1,0,0,1,0,0,7,0,4,18,2,0,0,0,8,1,1,0,0,1,0,42,4,0,0,2,17,4,11,3,10,1,0,0,0,0,3,0,0,93,5,0,80,0,0,0,358,0,14,0,350,31,0,46,0,1,0,0,1,1,0,1,1,2,2,3,6,0,6,1,0,12,0,1,15,0,0,2,0,0,12,0,0,15,1,15,3,0,0,0,1,0,0,1,0,0,0,2,2,3,0,0,0,3,0,6,2,0,43,1,15,0,0,0,1,30,0,1,2,0,0,2,0,0,0,0,1,1,0,0,0,0,0,1,4,0
"ENSG00000219700.1",0,0,0,0,0,1,0,0,0,1,1,0,0,1,8,1,2,1,0,7,0,0,2,0,0,0,0,2,0,0,6,4,0,0,1,0,0,0,1,0,0,0,0,6,0,0,0,0,0,0,5,0,0,5,0,1,0,0,17,0,0,7,6,0,0,7,0,0,0,0,14,0,0,0,0,0,10,0,2,0,8,2,0,3,0,3,0,0,0,0,2,1,0,3,0,0,0,0,1,0,0,4,3,0,2,7,4,0,1,0,0,0,0,0,5,0,17,0,0,4,2,0,0,0,0,1,0,0,13,2,0,0,3,0,0,0,0,1,3,0,0,0,24,0,0,5,3,0,9,0,0,0,0,0,1,0,0,8,1,0,0,0,0,4,1,0,9,0,6,1,0,9,0,2,1,0,0,2,0,0,0,5,0,1,1,0,0,0,5,0,0,0,12,0,0,13,0,0,1,3,0,0,3,8,0,1,0,0,0,0,9,7,4,0,2,0,0,0,0,0,0,0,0,0,0,0,0,1,0,2,9,0,0,2,4,0,0,0,0,2,0,0,0,3,1,0,8,0,5,0,0,0,0,0,0,0,0,0,0,9,0,0,0,12,0,1,0,0,0,0,0,1,3,0,0,0,2,0,0,0,4,3,0,0,0,0,0,0,0,5,0,0,0,0,0,8,0,0,0,0,0,4,6,0,0,0,0,1,0,7,0,0,0,0,3,0,2,0,0,1,6,0,0,5,0,0,1,0,0,0,1,0,2,0,0,0,0,1,0,0,0,1,0,0,0,0,0,3,1,0,0,0,2,2,0,0,0,0,12,1,5,4,0,1,6,0,6,8,0,5,0,0,0,0,3,0,1,0,1,2,0,0,0,0,0,0,0,0,0,0,8,0,0,0,1,0,0,34,0,0,0,0,4,0,0,0,0,9,0,0,0,0,0,0,0,0,0,0,1,0,0,0,2,0
"ENSG00000219926.11",1,0,0,1,0,0,0,1,0,1,0,0,0,0,6,0,0,7,0,0,0,0,1,0,4,9,1,0,3,12,4,1,0,4,4,0,2,0,0,10,0,0,23,11,1,0,0,0,0,0,0,1,0,7,0,0,0,2,0,0,0,3,0,0,0,0,0,6,1,0,79,0,7,0,0,0,1,0,1,11,2,19,0,0,1,0,1,0,0,2,0,29,12,0,0,0,0,8,2,1,0,0,0,0,0,0,0,0,20,2,1,0,0,0,0,4,0,0,12,71,4,0,0,0,3,2,0,12,0,6,0,0,1,0,0,0,1,0,3,0,0,0,2,0,0,0,21,0,1,0,0,0,0,26,0,7,2,1,1,0,2,0,0,0,0,3,3,1,0,3,0,0,0,10,0,0,2,3,0,10,0,0,1,0,0,0,0,0,17,4,0,0,0,0,2,5,0,9,0,0,8,0,0,27,0,0,0,0,0,1,0,1,0,43,1,0,0,1,1,1,0,0,0,0,0,0,0,14,0,0,0,0,0,0,0,0,0,0,1,2,0,2,0,1,0,0,0,0,0,1,0,1,0,1,0,0,0,0,0,1,45,1,0,5,0,1,0,0,6,0,0,0,0,0,0,0,1,0,0,1,1,2,4,1,0,0,0,0,0,0,0,1,0,1,0,1,0,0,9,0,0,0,5,0,2,0,0,2,0,3,0,0,0,0,0,3,11,2,0,0,0,0,0,0,2,1,0,0,2,0,1,0,1,0,0,0,0,0,0,0,0,0,8,1,4,0,4,0,1,1,0,0,0,0,0,0,0,0,5,0,8,0,0,0,0,0,0,0,0,1,0,13,0,1,15,0,10,3,0,1,1,0,7,0,1,0,0,0,0,0,0,0,0,0,0,0,2,0,0,0,0,0,0,0,1,0,6,7,0,0,0,0,0,0,10,0,0,1,19,0,0,0,0,1
"ENSG00000220154.2",3,0,3,1,2,1,0,0,0,2,1,0,0,10,3,1,0,0,0,11,10,1,9,1,0,2,0,0,1,0,1,28,0,0,0,2,1,0,0,0,2,20,0,0,0,2,1,0,0,0,0,2,0,2,0,3,0,1,1,0,7,2,0,0,1,2,0,0,6,0,7,2,3,0,0,0,36,2,0,3,39,1,1,4,0,0,0,0,4,2,2,15,1,12,0,0,0,0,1,0,1,0,2,0,0,1,0,0,46,0,27,0,0,0,0,0,2,0,1,5,0,2,1,0,1,0,2,0,0,1,0,0,3,1,0,0,0,0,0,0,0,1,20,0,2,0,2,15,0,0,0,0,0,0,0,1,0,6,0,1,0,4,1,0,3,0,2,2,0,0,0,0,0,5,0,0,1,2,2,0,0,20,1,0,0,1,0,0,1,0,2,0,0,32,1,0,0,0,0,0,0,0,0,0,0,0,0,0,4,0,2,0,4,1,0,1,1,1,13,1,0,0,1,2,0,0,0,0,2,0,1,0,0,0,2,1,0,0,2,1,1,37,0,3,0,0,0,2,0,0,0,0,0,8,0,0,0,5,0,0,1,0,1,1,0,7,2,0,4,1,13,0,1,0,0,0,0,0,0,5,0,1,0,0,0,3,0,2,0,1,0,0,2,0,1,0,5,0,1,1,0,16,1,0,2,0,0,2,0,0,3,0,0,1,39,5,0,0,1,2,2,10,0,0,0,0,0,1,3,0,8,0,0,0,1,0,0,0,1,2,0,0,1,6,0,0,0,15,0,0,0,2,0,0,0,0,1,40,0,2,4,1,1,27,16,1,4,0,1,1,0,2,0,1,22,0,0,3,0,0,0,0,0,3,0,29,0,0,2,0,1,0,0,0,1,0,6,0,0,0,0,1,3,0,2,1,0,3,0,1,2,2,0,0,0,0,0,1,8,0,0,0,3,0
"ENSG00000220267.1",3,1,2,1,2,0,6,0,2,1,0,1,1,275,414,0,0,3,2,0,2,1,1,0,7,1,1,3,4,4,0,0,6,3,3,0,24,1,0,1,3,0,2,3,1,1,1,3,1,4,0,54,3,17,0,0,2,0,3,2,2,112,1,3,1,2,0,2,4,0,1076,7,3,2,1,2,4,3,23,48,109,128,2,0,4,1,0,14,3,0,0,0,2,1,1,0,5,38,5,1,2,1,0,2,0,1,1,0,541,14,1,4,1,3,0,4,0,32,23,76,0,4,0,4,3,1,9,51,0,1,1,0,262,1,0,0,1,1,59,0,0,0,8,1,0,3,0,0,0,2,1,0,1,10,0,2,2,1,2,1,18,0,31,0,1,74,57,3,2,23,0,0,0,518,0,1,1,131,2,1,0,6,2,2,14,0,23,2,1,1,0,4,1,0,1,62,0,1,2,0,1,1,1,219,10,83,4,1,119,2,1,2,0,10,57,2,2,0,17,2,0,2,0,1,1,1,3,1,0,1,1,1,0,0,0,3,4,1,18,3,1,1,2,3,2,0,63,2,1,1,0,1,0,0,0,1,0,0,2,75,45,15,1,382,7,1,1,3,243,1,7,1,298,0,0,0,19,1,0,193,2,253,40,0,0,2,0,0,1,0,0,0,0,0,0,278,2,2,10,2,2,0,175,1,82,0,0,2,1,11,1,0,2,0,1,2,96,9,1,2,3,1,0,0,1,1,5,0,67,3,88,0,6,1,4,5,1,2,1,0,1,0,1,3,55,3,3,2,119,0,2,2,1,51,2,3,2,0,3,1,7,3,0,0,4,0,0,2,0,0,0,0,36,0,639,2,206,1,0,0,47,4,15,0,0,3,0,1,0,0,0,0,0,0,0,1,7,155,0,2,2,0,0,0,4,5,6,42,0,2,0,0,0,0,3,0,43,82,1,1,0,0,2,7
"ENSG00000220412.1",74,0,0,1,1,0,0,0,0,3,1,13,6,52,0,1,0,0,3,5,1,1,2,0,1,2,1,1,0,4,1,1,2,0,0,1,6,0,1,4,0,3,6,24,0,0,1,5,0,1,0,3,0,11,6,0,9,0,0,0,8,2,3,1,1,1,0,42,0,1,55,9,2,0,0,0,9,1,6,6,8,0,2,0,1,0,0,4,2,0,1,2,0,0,1,0,7,1,9,1,0,1,2,0,1,1,1,2,0,0,2,1,0,2,0,1,0,11,1,213,4,0,1,1,2,2,0,0,0,0,1,0,6,1,0,0,1,0,1,3,0,3,21,0,0,1,0,0,2,1,0,2,0,1,1,4,0,1,14,3,0,0,2,4,2,2,1,1,0,1,0,1,0,0,0,0,0,5,9,49,0,1,5,2,0,2,5,0,0,2,0,0,0,2,0,0,0,0,0,2,0,0,3,1,0,0,2,2,3,0,0,0,0,2,0,1,0,0,2,4,0,0,0,1,4,1,1,2,0,3,1,1,4,9,0,39,0,1,1,0,5,1,9,0,3,0,2,0,4,7,0,0,0,1,0,0,0,0,11,0,1,0,2,0,1,4,0,1,1,0,1,0,0,0,0,1,0,1,4,0,2,20,1,0,0,2,0,0,0,1,2,3,0,0,17,1,2,1,0,11,4,0,0,0,0,1,5,0,0,14,0,0,0,0,5,11,88,7,1,6,1,47,0,0,2,0,0,0,3,0,9,2,22,2,4,0,0,3,0,0,0,58,4,4,0,0,0,0,0,0,0,3,0,2,0,0,1,34,4,0,1,0,12,4,28,0,0,1,0,0,0,0,0,6,0,0,1,0,2,2,0,1,0,1,2,0,1,1,0,0,5,2,0,1,0,1,1,3,6,0,0,1,1,0,7,0,4,1,0,1,0,0,0,2,1,1,0,3,1,2,0,0,2,1
"ENSG00000221818.9",26,0,71,63,80,34,0,161,39,14,5,130,17,60,27,0,5,30,0,11,12,0,73,18,64,83,12,82,17,51,14,52,29,81,17,95,79,3,55,241,1,62,173,201,8,5,48,62,0,70,84,103,2,12,127,64,176,86,110,41,19,26,16,25,1,232,141,86,18,66,36,110,39,0,37,0,14,21,16,45,211,23,17,16,91,86,11,10,517,4,38,49,6,8,39,1,4,301,33,64,24,3,16,61,34,114,115,1,39,18,116,3,257,82,72,36,159,24,22,83,37,55,61,38,39,0,2,13,133,10,28,4,43,56,48,0,262,0,37,76,1,46,7,0,41,120,18,21,94,16,2,0,79,64,38,11,4,150,67,42,145,13,47,15,6,88,35,26,92,82,3,35,92,251,12,51,60,41,4,19,0,140,119,115,59,24,154,72,32,11,7,115,15,60,28,11,1,5,46,215,62,88,75,53,0,17,115,47,2,70,9,47,12,69,158,21,26,30,94,211,0,67,13,41,8,0,79,53,4,245,21,72,39,32,19,48,0,61,60,80,19,42,50,27,87,20,12,17,188,47,21,9,2,33,3,96,2,7,58,334,80,67,52,39,1,95,16,2,118,0,52,0,12,0,72,3,5,0,38,26,239,23,17,1,39,73,0,113,9,78,0,50,12,36,11,20,25,92,288,40,32,28,40,1,8,16,59,54,26,37,15,84,29,34,96,112,59,75,270,17,164,57,2,274,59,67,1,87,15,0,97,6,48,49,110,7,33,345,40,59,2,128,132,0,27,84,43,19,17,0,0,50,83,87,38,3,26,10,97,4,107,84,87,43,383,44,3,333,72,13,1,46,3,6,6,12,58,3,193,184,17,82,10,5,0,12,31,13,21,35,59,73,1,225,18,33,17,32,53,4,65,11,33,30,15,72,19,26,20,516,29,9,104,122,88,47,48,33,34,28,0,16,98,0
"ENSG00000221867.9",1,0,2,24,0,0,0,0,2,1,0,44,0,6423,406,1,0,2775,3,0,0,3,2130,12,2687,0,13,54,811,1235,0,0,571,123,1257,0,4756,56,2,0,0,0,3160,0,14,0,1,2392,9,1,0,3514,0,105,0,1,5,0,3971,1,1,640,0,0,1,0,3,0,0,1,1317,0,0,2,0,3,0,6,2943,2853,1637,3022,0,0,2789,0,0,409,0,4,0,178,0,0,0,0,0,2200,3182,0,2,3,0,0,2,0,12,0,6262,1,63,1,0,2283,0,175,2,942,16,6575,0,468,1,6,5,0,156,884,0,3,98,0,2655,0,0,0,0,0,329,59,0,0,146,6,1,4339,5044,0,0,12,14,0,10,4428,0,0,5,0,116,2443,1063,0,3,0,1,2667,206,2,0,1857,0,0,0,1502,0,0,4,5727,1,0,0,0,1271,7,2769,4,3647,1,0,2848,0,5312,0,3171,1499,1,11,0,0,1,5,6,0,1,0,3289,0,0,106,0,0,51,962,2001,2,173,0,0,2632,1197,2,2629,0,0,2,0,1,43,1,0,0,1050,0,0,106,111,0,0,0,99,0,5,0,0,0,269,1,0,5,0,3,1,0,3,0,0,0,0,43,25,2313,881,2,2594,0,0,3,6,644,0,1147,0,34,0,0,2,874,0,0,2660,126,209,2519,0,0,0,5,0,0,0,9,0,0,1108,0,3524,4378,0,42,0,1,0,3088,0,43,0,0,3,1583,2463,0,0,49,0,0,241,3523,4,0,3384,0,1,0,2,92,0,3,0,744,1,2354,2,656,0,0,5,1,2,0,0,0,0,7,0,88,1877,533,0,279,0,26,22,3,2710,0,6,3,0,2,0,319,9,0,0,3,0,2,0,1,17,4,62,0,1607,3590,0,3550,0,2,13,1141,2204,6,2,2,86,0,44,658,0,0,0,0,0,0,0,260,10,6,0,0,0,0,0,1,10,14,335,142,0,2,0,0,0,2796,1,1764,2,0,2,0,0,0,7
"ENSG00000221926.13",469,46,200,2978,146,113,1829,53,146,314,228,142,220,3374,1862,98,121,797,117,208,399,41,130,80,161,135,244,131,1027,638,160,686,1666,122,2695,186,765,136,135,96,57,420,209,413,148,2686,1490,1551,45,104,1107,673,224,560,166,8920,109,439,69,59,896,471,845,89,43,414,50,385,828,296,256,1544,126,35,130,91,586,66,391,751,1465,202,500,2692,157,75,406,2334,318,586,246,879,227,3787,84,27,187,201,583,230,1551,72,238,138,77,225,115,76,979,191,505,81,393,114,156,59,200,197,903,8598,3528,910,71,1883,3185,32,30,94,108,435,129,78,4034,1046,1080,99,225,128,113,30,27,271,654,122,157,3309,154,216,284,375,63,71,98,74,254,414,412,173,252,109,335,143,504,162,112,121,2034,714,127,380,51,426,2577,239,799,107,1525,907,415,585,43,152,921,94,109,146,124,122,455,91,295,1469,512,2927,75,599,91,3296,106,1241,146,94,287,224,62,3954,82,278,287,60,758,78,3473,145,123,493,1243,148,940,5236,48,34,110,86,64,36,2213,3379,661,754,88,80,1386,6332,69,3358,69,2317,1110,423,205,1786,207,162,113,527,774,126,250,207,59,174,105,372,57,127,73,226,5286,172,433,98,1758,407,57,132,1155,80,69,59,3178,68,2285,50,464,301,1037,33,111,151,134,5755,142,78,184,249,27,432,194,1071,153,225,174,1539,58,1158,254,197,118,462,136,186,288,103,348,511,104,244,911,244,275,358,122,1058,1403,184,1959,217,170,3568,585,342,45,420,1614,43,121,503,6186,73,3448,92,582,58,2368,79,403,4886,256,144,90,2537,1410,171,70,74,128,232,226,28,48,197,200,233,184,74,577,867,223,94,445,183,839,295,369,149,1493,1287,110,3264,99,865,160,2680,164,65,80,85,138,76,103,127,83,45,100,7955,158,490,3257,57,291,202,41,964,91,186,1093,338,252,52,371,27,141,1533,893,155,1621,3386,99,129,1775,38,47,41,77,69,52,4266,144,88,123,112,8218,50
"ENSG00000221986.7",0,0,42,171,10,28,0,10,1,2,10,0,0,43,0,0,2,1,0,0,2,0,5,3,3,0,0,2,28,0,3,23,77,20,11,22,16,1,0,0,0,0,3,0,1,0,1,1,0,748,0,1,1,2,1,1,1,100,7,2,0,3,3,0,1,20,0,0,0,2,71,64,0,0,0,0,33,88,2,18,4,1,15,0,4,0,0,1,6,1,3,2,177,128,3,0,1,0,2,19,1,1,12,0,3,9,2,0,22,0,3,0,4,1,0,1,19,0,0,142,0,0,137,7,0,0,0,7,7,42,4,0,1,1,47,2,1,0,4,2,0,27,0,6,6,259,4,12,5,1,0,0,0,1,13,1,0,50,0,2,0,0,0,112,64,0,17,147,4,106,0,3,2,473,3,0,1,5942,0,1,0,0,0,3,0,0,2,0,20,0,0,1,5,1,7,5,0,44,11,87,4,8,6,4,0,25,102,4,1,0,0,5,2,56,4,1,0,0,19,4,0,0,0,8,0,0,16,0,3,7,86,0,11,3,1,1,0,1,0,1,7,2,4,2,276,0,0,0,0,5,2,1,0,0,0,0,0,4,2,2,4,0,87,29,0,150,16,0,0,0,1,0,125,0,1,9,0,0,1,0,1,1,0,0,0,0,1,3,10,1,2,2,4,1,1,0,2,2,18,0,3,0,4,3,1,1,0,55,9,11,4,63,1,196,3,2,90,13,64,4,4,0,0,9,18,0,1,0,1,0,0,1,55,0,2,0,2,0,1,6,0,5,7,2,24,0,1,5,20,0,0,2,0,103,0,0,9,0,5,7,2,2,10,266,0,2,0,1,1,2,0,2,7,0,3,2,0,0,0,2,1,1,3,53,2,1,15,17,0,2,6,2,6,3,17,1,199,15,4,0,5,1,2,0,1,1,30,17,0,30,0,1,0,2,13,0,0,2,1,1,0,1,0,0
"ENSG00000222030.1",0,0,0,0,0,0,0,0,0,0,0,0,0,89,1,0,0,1,0,0,0,0,0,0,5,0,0,2,0,24,0,0,1,0,1,0,34,0,1,0,0,0,0,1,0,0,0,0,0,0,0,9,0,11,0,0,0,0,0,0,0,8,0,0,0,0,0,0,0,0,68,1,0,0,0,0,0,0,0,0,14,31,0,0,4,0,0,1,0,0,0,13,0,0,0,0,0,3,18,0,0,0,0,0,0,0,0,0,90,0,0,0,0,0,0,0,0,0,0,9,4,0,0,0,0,0,0,19,0,0,0,0,18,0,0,0,0,0,1,2,0,0,6,0,0,0,0,0,0,0,0,0,0,26,0,0,1,0,8,16,0,0,0,0,0,26,5,1,0,165,0,1,13,0,0,0,0,0,0,0,0,0,0,0,26,0,0,0,0,21,0,0,0,32,6,0,0,0,0,0,0,0,0,89,0,74,0,0,13,0,0,0,0,50,0,0,0,0,0,25,0,4,0,0,0,0,1,0,0,0,0,0,0,0,0,4,0,0,2,0,0,0,0,0,0,0,0,0,0,0,0,0,0,0,3,0,0,0,0,2,31,2,0,76,0,0,0,0,48,0,1,1,66,0,0,0,3,0,0,10,0,15,0,0,0,0,0,0,0,0,0,0,0,0,0,40,109,0,0,0,0,0,0,0,0,0,0,0,4,32,0,0,0,0,0,0,63,0,0,0,0,0,0,0,5,0,0,0,0,0,204,0,1,0,0,0,0,0,0,0,0,0,0,0,68,6,0,0,3,0,0,1,0,50,0,0,0,0,0,0,0,0,1,0,0,0,0,0,0,0,0,0,0,7,50,0,48,0,0,3,0,4,0,0,0,0,0,0,0,0,0,0,0,0,1,0,0,0,0,0,0,0,0,0,0,0,5,0,0,0,0,0,0,0,0,0,2,2,0,0,0,0,0,1
"ENSG00000222041.11",1271,15,971,507,192,186,863,54,151,894,47,115,195,3990,666,117,233,326,152,153,279,93,339,296,56,107,642,469,199,326,81,616,393,105,409,245,437,103,480,229,952,544,193,64,90,678,530,599,219,105,281,450,113,261,51,379,101,396,173,140,108,437,164,192,43,66,110,97,583,188,523,486,147,43,153,13,365,126,280,273,410,229,628,961,286,101,420,245,724,767,1889,379,117,4051,65,6,62,112,633,128,529,34,2034,90,271,393,127,102,441,239,156,212,258,425,55,414,308,154,629,986,285,256,51,1366,451,83,254,334,37,790,175,44,1065,464,466,16,55,22,647,97,37,536,371,68,150,524,483,320,456,859,27,78,319,245,158,549,498,1243,389,196,672,385,246,226,451,282,650,1030,91,244,373,256,456,357,610,72,725,393,340,92,22,194,529,358,47,335,204,188,231,84,54,1394,431,392,143,63,71,857,75,367,137,260,302,282,31,1046,78,120,514,77,105,197,1331,536,178,352,76,560,203,632,20,161,1385,197,69,60,116,391,980,235,306,203,439,310,180,450,23,322,281,1063,245,283,174,114,686,276,437,157,316,77,39,212,23,537,27,62,58,859,389,255,260,135,494,340,66,318,386,72,148,147,819,59,1408,31,348,36,954,45,52,489,74,686,284,135,26,340,108,252,1506,542,254,163,350,670,226,699,464,222,144,695,314,294,429,63,908,217,69,219,190,40,37,166,407,365,299,261,318,559,287,456,65,400,12,123,359,98,544,40,972,37,316,299,360,92,289,42,191,625,23,906,34,329,340,882,258,161,106,1338,542,149,30,681,103,529,119,90,172,2210,256,281,228,692,347,774,4031,49,1252,505,195,781,309,249,472,382,536,64,186,237,47,133,106,179,391,533,180,880,276,217,519,197,476,27,29,296,266,155,143,180,300,34,244,155,160,254,1478,136,330,814,274,252,509,846,107,156,445,101,59,1241,163,93,34,33,397,172
"ENSG00000222764.1",0,0,0,0,0,1,11,0,0,0,1,0,1,4,0,0,0,2,9,0,0,0,0,2,11,0,0,35,0,5,0,0,3,4,0,0,0,0,0,1,0,0,0,0,0,0,0,0,0,0,0,51,0,2,0,0,1,0,4,0,0,101,0,0,0,0,0,0,2,0,0,0,0,0,0,0,0,0,0,2,7,0,0,0,0,0,10,0,0,0,0,407,1,0,0,0,0,3,0,0,0,0,0,0,0,0,52,0,3,0,1,0,5,1,0,7,0,0,6,1,0,0,0,0,1,0,0,1,0,1,4,0,27,2,0,0,0,0,1,0,0,0,2,0,0,0,1,0,0,1,0,1,1,4,0,0,1,234,0,18,8,0,17,0,0,0,0,0,0,7,1,5,0,0,0,0,0,1,0,1,0,0,0,0,5,0,1,0,0,1,0,1,0,1,3,0,0,0,0,0,0,0,0,9,0,12,0,0,0,0,0,0,2,0,3,0,0,0,6,127,0,0,0,0,0,0,0,0,0,0,0,0,0,0,0,0,0,0,0,15,0,0,0,0,3,0,0,0,0,0,0,0,0,0,0,0,0,0,0,36,3,27,0,0,0,0,0,0,3,0,4,0,28,0,0,0,1,0,0,0,4,0,3,0,0,0,0,0,0,0,0,0,0,0,0,5,3,0,0,0,0,0,0,0,4,0,0,0,0,0,0,0,0,0,0,1,1,0,0,0,19,0,0,0,37,0,0,0,0,0,1,0,7,0,0,0,0,0,0,0,1,0,0,0,0,0,0,0,1,0,0,6,0,146,0,0,0,0,103,0,13,0,0,0,0,0,0,0,0,0,0,0,3,0,53,0,1,0,0,0,2,3,0,0,0,0,0,0,0,0,0,0,0,0,0,1,2,0,0,0,0,0,0,0,0,13,1,4,0,0,0,0,3,0,0,0,0,0,0,0,0,0,0,0
"ENSG00000223298.1",8,0,39,2,4,1,3,8,1,33,0,3,3,20,19,0,0,7,1,10,1,1,2,1,15,3,2,0,4,13,1,12,5,1,2,2,11,5,0,0,17,7,2,1,0,21,5,4,0,0,1,1,3,1,4,3,1,3,19,4,0,9,3,3,4,0,1,0,2,8,27,6,0,0,0,0,21,13,4,0,2,0,2,63,19,3,2,0,3,5,3,4,0,32,1,0,0,0,13,7,4,2,17,0,3,1,161,2,17,1,4,1,1,6,0,0,15,0,13,23,1,0,16,1,8,1,1,14,4,19,6,1,46,2,1,0,0,2,85,0,2,21,5,0,2,0,4,4,2,12,0,3,5,73,2,2,2,0,8,13,2,6,0,8,11,0,2,13,34,12,21,0,0,0,13,1,2,10,0,0,0,1,0,3,6,2,8,2,16,3,0,8,7,3,7,36,10,0,0,7,53,5,2,9,1,6,17,10,13,18,0,1,28,1,0,0,1,0,7,1,0,4,5,0,0,0,1,1,2,10,2,1,2,0,0,3,1,0,5,18,0,9,0,0,2,5,0,2,0,0,2,15,0,10,2,1,0,3,2,0,3,1,9,18,0,4,9,0,0,1,9,1,5,1,3,0,11,5,0,3,1,2,44,1,0,0,0,1,6,3,1,2,9,19,2,2,2,1,53,9,1,2,46,0,2,4,0,2,7,1,0,2,13,11,2,0,1,3,0,12,7,8,0,6,3,23,0,0,1,1,0,0,0,1,2,1,0,3,0,3,5,12,4,4,6,0,16,12,8,0,2,107,4,2,0,0,14,1,0,2,3,2,1,11,45,3,15,6,0,4,0,6,1,2,12,0,1,0,3,3,11,1,8,4,0,3,1,6,2,0,6,1,2,1,19,7,18,20,9,0,1,16,1,5,24,1,3,2,0,3,3,16,1,1,9,0,5,6,28,1,1,14,0,2
"ENSG00000223462.2",1,0,0,0,4,2,1,1,0,0,0,1,2,20,2,1,1,0,0,3,1,0,1,0,0,0,2,5,0,2,2,3,1,2,1,3,3,0,4,5,0,6,2,0,0,0,0,0,0,0,2,4,0,4,0,1,1,1,3,0,0,1,0,0,1,0,0,0,1,3,3,2,2,0,0,0,3,0,2,1,5,5,1,0,1,0,1,3,0,5,3,6,3,0,1,0,1,3,0,0,0,1,0,0,1,0,4,1,6,1,1,0,0,1,0,3,6,1,4,13,0,1,0,1,2,0,0,0,8,4,0,0,2,0,0,0,0,0,2,0,0,0,1,0,1,1,2,0,0,3,0,0,2,2,0,5,0,0,0,1,1,1,1,0,0,0,0,3,1,7,0,2,0,9,0,0,0,1,6,0,0,1,2,1,3,0,2,1,1,2,0,0,5,1,1,0,3,6,0,9,1,1,0,1,0,0,0,5,0,0,2,1,0,3,1,0,0,2,0,1,0,2,1,0,1,0,4,6,1,5,0,1,1,2,5,3,0,0,0,1,7,2,2,0,7,4,0,0,6,4,0,2,0,2,1,2,0,0,1,2,7,2,2,3,0,0,1,0,7,0,0,1,1,0,2,0,1,0,2,10,10,4,0,1,0,1,0,0,2,3,4,0,0,2,1,1,2,4,0,50,0,1,0,0,0,0,0,2,3,6,1,1,0,4,2,5,4,1,1,0,2,43,0,10,0,2,0,0,5,1,3,0,1,1,3,4,3,10,3,0,0,0,2,1,0,0,1,1,0,0,1,1,0,2,0,0,1,89,3,1,0,0,2,4,16,4,0,6,0,2,0,1,1,8,2,1,3,1,0,7,0,3,3,2,0,1,1,1,1,3,1,0,0,2,4,2,4,1,2,1,0,0,1,3,1,2,1,1,1,0,3,1,3,0,2,1,0,0,2,0,0,0,1,0
"ENSG00000223485.4",18,1,43,20,20,0,2,2,2,19,0,3,0,27,3,2,1,6,0,4,5,0,5,3,3,1,0,9,0,4,53,8,8,3,2,10,5,0,0,2,6,22,2,0,2,3,4,27,1,2,2,2,0,1,0,1,3,0,2,0,1,43,0,3,0,0,0,1,0,14,6,25,2,0,2,0,6,3,1,5,2,1,1,10,1,0,12,0,31,5,18,8,0,9,2,0,1,9,2,11,10,0,28,1,8,9,3,0,6,2,9,1,30,9,1,3,10,0,0,2,0,15,0,2,9,0,4,2,0,3,2,1,3,7,7,0,5,0,1,1,0,24,25,0,12,5,6,8,2,9,3,0,0,11,6,2,3,15,3,17,7,0,1,5,10,5,47,9,1,14,0,1,3,2,10,2,2,3,12,1,0,5,2,4,1,3,34,12,19,1,0,1097,5,4,4,0,1,2,0,8,2,2,25,1,2,0,2,4,0,2,1,8,0,5,22,12,1,1,14,5,0,6,3,2,0,1,0,1,2,6,0,4,19,7,2,6,0,1,0,6,2,4,1,0,25,3,0,1,5,1,2,0,0,9,0,2,2,49,15,1,2,1,9,1,2,13,7,0,2,3,10,0,2,1,13,1,3,0,6,4,1,2,1,0,0,2,0,8,2,8,6,0,10,0,1,3,3,2,8,4,6,13,19,1,0,16,0,2,1,0,0,10,0,8,0,13,0,5,26,8,10,5,0,18,18,1,4,0,2,1,1,17,4,0,1,3,1,2,0,0,0,2,6,5,4,1,9,10,5,1,1,28,2,3,3,1,0,24,0,0,45,12,2,57,14,1,2,2,7,15,2,4,8,1,47,0,0,3,3,2,2,1,3,15,0,0,1,2,3,1,2,0,1,2,0,4,14,5,7,0,2,1,6,0,22,1,12,2,0,35,6,2,6,1,10,0,12,900,6,2,0,3,1,1
"ENSG00000223523.1",0,0,0,0,3,0,60,2,0,0,0,4,0,19,38,1,1,10,0,1,1,0,1,0,2,0,0,12,0,2,0,0,1,3,1,2,27,1,0,0,0,0,0,5,1,0,0,0,0,0,0,10,0,14,0,0,0,0,304,0,16,9,0,28,0,0,1,0,0,0,19,0,1,0,0,0,0,0,1,2,0,4,0,0,3,0,2,2,0,0,2,0,0,0,0,0,0,3,4,5,0,0,0,0,2,0,0,0,13,0,0,0,0,4,0,0,3,1,0,11,0,3,0,0,0,2,6,2,2,1,3,0,0,0,3,0,0,0,0,7,0,0,0,1,1,0,0,0,0,1,0,0,0,90,0,0,0,2,38,253,0,0,0,1,0,0,1,0,0,2,1,0,0,83,1,1,0,13,2,0,0,0,18,0,65,0,1,1,0,29,0,20,0,40,35,0,1,0,0,0,0,0,2,0,0,33,0,0,0,0,0,1,4,0,33,1,0,1,0,127,0,0,0,0,0,0,3,0,0,0,0,0,0,1,0,0,0,0,0,3,0,0,2,0,0,0,0,0,4,1,1,0,0,0,0,0,0,0,0,0,100,156,0,3,0,1,1,0,0,0,0,0,5,0,0,0,23,0,0,0,8,0,2,1,0,0,1,0,1,0,1,1,3,0,0,0,1,0,0,2,0,0,1,0,0,0,0,1,0,7,0,0,0,0,3,1,0,1,0,0,0,0,0,0,0,0,0,29,0,0,132,0,1,0,0,0,0,0,0,0,0,0,0,0,57,56,13,0,2,0,2,0,0,77,0,0,2,0,0,0,0,0,0,1,3,0,0,0,1,0,0,0,0,0,0,0,0,0,0,19,40,16,0,0,1,1,1,2,0,0,1,0,0,0,0,0,13,1,1,1,26,0,0,0,4,1,17,0,2,0,6,0,0,0,55,0,5,1,1,4,1,0,0,2
"ENSG00000223548.1",0,0,6,0,0,1,0,0,0,0,4,93,1,0,0,0,0,3,0,1,1,0,0,0,0,0,0,0,0,0,0,0,0,0,0,0,3,0,2,4,0,0,0,523,0,0,0,0,0,0,0,1,0,2,194,0,0,0,0,0,7,0,0,0,0,0,0,197,1,0,0,0,0,0,0,0,0,0,2,0,2,0,0,0,0,0,0,0,0,0,0,1,0,0,42,0,4,0,0,0,0,0,0,0,0,0,0,0,0,0,1,0,0,0,0,0,1,4,0,19,0,0,0,1,0,0,0,0,0,1,0,0,0,0,0,0,0,0,0,0,0,0,0,1,0,0,0,0,5,0,1,0,0,0,0,0,0,0,11,0,0,0,0,0,0,0,0,0,0,0,0,0,0,0,0,0,0,129,0,182,0,0,0,0,24,0,0,0,0,0,0,0,0,0,0,0,0,0,0,0,0,1,0,0,0,0,0,0,0,0,0,0,0,0,0,0,286,0,0,2,0,0,0,0,0,0,101,0,0,11,0,1,0,0,0,4,1,150,0,0,0,0,3,0,0,1,0,2,7,0,0,0,0,0,0,0,0,0,2,0,0,0,0,4,0,0,0,0,1,0,0,0,0,0,0,0,0,0,3,0,0,19,0,0,0,0,0,0,0,0,0,0,0,0,54,0,0,19,0,0,0,0,0,0,0,0,0,0,0,3,0,5,1,0,0,0,7,1,0,0,0,0,0,0,0,1,0,36,0,0,17,0,0,0,3,0,2,0,2,0,0,17,0,0,0,0,0,0,0,0,0,0,0,3,0,0,25,0,0,0,0,0,0,0,0,0,0,0,2,1,0,2,0,20,0,0,0,0,0,0,0,0,1,0,0,0,3,0,0,0,1,7,0,0,0,0,1,47,0,0,0,0,2,21,0,0,0,0,0,0,0,0,0,0,0,0,0,2,0,0,0,0,0,0
"ENSG00000223553.6",5,0,0,0,0,2,0,1,0,8,0,4,1,1,2,0,0,0,2,0,1,0,133,0,1,2,0,18,0,0,6,0,0,5,0,0,1,6,28,41,0,0,0,0,0,1,0,0,0,0,0,0,2,4,0,0,0,7,24,0,0,1,0,12,0,2,0,0,0,0,120,1,0,1,0,0,0,0,0,3,4,193,1,0,1,0,0,0,0,0,0,0,2,0,0,0,1,0,1,0,0,0,0,0,0,0,1,0,7,0,0,0,0,0,0,0,0,2,0,1,0,150,0,1,3,0,3,0,5,0,2,2,3,0,0,1,0,0,12,0,1,3,2,1,0,0,0,2,0,3,0,0,0,1,0,0,0,0,0,1,2,0,3,1,0,1,11,1,11,1,0,0,0,1,1,0,1,11,1,0,1,0,0,0,0,0,1,3,1,29,0,0,0,14,5,0,0,34,0,0,0,1,1,15,0,37,0,1,0,0,0,2,1,0,4,0,0,0,0,28,0,11,0,0,0,0,0,0,0,1,0,0,1,0,1,0,0,0,0,1,0,4,0,0,3,1,4,0,6,1,1,1,0,0,0,0,0,0,0,278,27,0,0,4,0,3,1,0,5,2,0,1,167,0,0,3,0,0,0,5,0,5,2,4,1,0,0,0,0,0,1,0,0,0,0,0,7,0,1,9,0,0,0,0,3,0,0,1,7,0,0,6,0,0,0,0,9,1,0,1,2,0,0,9,0,5,0,0,0,0,0,0,1,0,0,2,0,1,0,0,0,0,0,7,0,20,0,0,2,0,0,0,0,110,1,0,0,0,0,1,45,0,3,5,1,0,0,1,0,0,0,1,2,0,19,0,0,1,0,2,1,22,26,1,0,2,4,7,0,1,4,0,0,3,0,1,3,2,0,0,1,0,0,0,0,0,1,0,0,1,0,0,4,2,0,0,2,1,0,1,0,0,1,1
"ENSG00000223558.1",3,0,0,0,2,4,1,3,0,0,0,0,0,3,4,0,0,1,0,7,1,1,7,2,1,15,0,12,7,0,12,0,1,1,0,0,0,0,0,4,0,5,5,0,1,0,1,0,0,0,0,2,0,3,1,0,1,2,7,0,0,4,4,0,0,0,1,0,0,1,23,1,0,0,0,0,7,1,0,1,9,9,0,2,1,0,0,0,1,0,1,2,10,0,0,0,0,5,1,1,0,0,0,1,0,0,0,0,6,0,0,1,4,0,0,2,6,6,5,7,0,0,0,0,2,0,0,3,15,23,0,0,5,0,1,0,1,0,16,1,0,9,1,1,2,0,0,8,0,0,0,0,0,4,0,0,3,4,2,0,3,0,2,2,1,0,2,0,0,23,1,1,0,19,0,0,1,1,0,3,0,1,6,4,0,0,0,0,0,10,0,0,0,2,0,10,0,0,0,0,5,0,1,23,1,1,1,0,2,0,0,4,7,3,0,5,1,0,0,0,0,0,3,0,3,0,8,0,0,0,0,2,0,0,0,0,0,0,0,4,1,1,0,0,10,1,3,0,0,0,0,0,0,0,0,0,0,1,2,0,18,2,0,16,0,0,1,1,12,0,2,1,5,1,3,0,25,0,0,10,13,0,0,0,0,2,0,1,0,0,0,0,0,2,0,0,0,1,3,0,4,0,6,0,0,0,0,0,9,5,1,0,8,0,0,16,4,2,1,3,5,0,0,4,0,0,2,0,7,0,1,1,0,1,9,0,0,0,0,0,0,0,0,8,5,3,0,0,5,0,0,0,0,17,1,0,0,2,0,0,3,0,0,12,0,0,0,0,0,0,0,5,1,0,10,0,13,1,0,5,0,4,1,0,0,0,8,6,1,0,6,0,0,0,0,0,1,1,2,0,0,0,0,0,1,7,0,7,2,2,1,0,0,1,0,0,9,0,6,0,1,1,0,0
"ENSG00000223561.7",2,6,8,6,11,2,0,0,20,1,2,3,4,48,1,2,4,48,12,4,6,1,1,1,0,17,2,2,1,0,1,4,2,4,0,36,210,1,0,0,0,7,0,653,2,0,0,1,1,0,0,4,2,2,76,1,113,0,2,0,547,2,1,0,2,1,0,925,0,2,3,18,0,2,0,0,2,6,0,6,47,1,0,4,15,2,2,213,14,5,5,7,0,0,226,2,611,5,1,18,1,5,4,50,4,5,1,0,64,0,9,3,19,1,2,0,6,1,1,120,123,0,3,3,4,2,4,0,3,55,3,1,33,5,7,1,1,0,0,2,0,8,6,4,9,17,4,1,0,0,0,0,2,60,1,7,0,5,23,4,6,1,9,3,0,5,5,2,1,38,55,0,188,7,5,1,2,1,1,489,3,5,1,4,890,3,5,3,3,1,1,5,8,4,4,4,1,3,1,0,1,1,8,13,1,1,1,1,5,3,5,8,0,2,3,2,48,71,4,1,2,1,0,0,1,0,462,0,3,0,0,3,12,59,1313,493,0,365,0,1,5,8,190,8,0,2,2,107,19,1207,1,2,3,18,3,2,1,3,34,3,9,2,3,23,3,7,2,4,2,3,3,1,3,0,6,0,3,0,1217,35,6,1,9,3,143,1,0,4,0,2,11,3,8,1,197,10,2,320,1,12,9,0,8,2,0,0,0,5,0,0,1587,4,0,0,1,0,8,31,17,0,2,1,5,0,11,2,7,1000,1,3,64,3,2,1,106,2,163,2,0,20,13,345,1,0,30,1,1,1,4,0,2,8,4,1,0,2,5,2,0,0,1,0,111,7,4,2,3,2,98,1,0,75,0,2,7,2,0,3,1,11,5,1,1,3,3,0,13,1,2,0,2,318,5,1,4,1,406,4,43,0,2,1,5,117,23,28,3,0,0,17,7,2,2,1,2,0,2,44,0,4,1,0,179,1
"ENSG00000223564.1",0,0,0,0,0,0,1,2,0,8,0,0,0,0,2,0,0,0,0,0,0,1,0,0,2,0,0,1,0,0,0,0,0,2,0,0,0,2,0,0,0,0,0,0,0,0,0,0,0,0,1,0,0,35,0,0,0,0,5,0,1,0,0,1,3,0,0,0,0,0,1103,0,0,1,0,1,0,0,0,53,0,208,0,1,0,0,0,0,0,0,0,0,0,0,1,0,1,0,0,0,0,11,2,0,0,0,0,0,407,0,1,1,0,1,0,1,0,0,0,0,1,70,0,1,0,2,0,0,0,0,0,1,1,0,0,0,0,0,0,0,0,0,0,0,0,3,0,0,0,4,1,0,0,0,0,0,0,0,0,1,0,0,0,0,0,0,5,0,0,1,0,1,0,2,0,0,0,20,0,0,0,0,2,0,28,0,0,0,0,5,0,1,0,0,2,0,0,16,0,0,0,1,0,26,0,6,0,4,1,0,0,0,0,1,0,6,0,0,0,4,0,211,0,0,1,0,2,0,0,0,0,0,0,2,2,0,0,0,0,0,0,0,5,0,0,0,0,2,0,0,0,0,5,0,0,0,0,0,0,1236,36,1,0,2,0,0,0,0,31,0,0,0,62,1,0,0,0,0,0,1,0,0,1,0,0,0,0,0,0,0,0,0,0,0,0,6,9,0,0,2,0,1,0,0,1,0,0,0,0,0,0,0,0,6,12,95,0,0,0,0,0,0,0,1,0,0,0,21,0,0,3,0,2,0,1,0,0,0,0,0,0,0,0,3,2,5,0,0,0,0,2,1,0,19,0,0,0,2,0,0,3,0,0,1,3,4,0,0,0,0,0,0,2,0,3,0,1,0,0,0,59,3,2,0,2,0,0,0,0,0,0,0,0,0,0,0,50,345,2,0,0,0,2,3,0,1,0,0,0,0,2,1,0,0,0,0,23,0,7,2,3,5,2,0
"ENSG00000223572.10",26,0,148,0,8,13,104,0,0,0,7,37,1,1,650,1,0,40,0,3,1,0,8,6,0,23,99,1,3,17,0,2,1,0,153,0,1,0,28,58,0,8,0,0,1,11,0,0,1,0,0,11,0,11,0,0,0,8,0,0,0,9,0,2,0,38,0,0,3,23,4,1,0,0,72,0,69,10,147,30,4,5,280,18,43,2,0,0,70,0,15,6,0,1,1,0,0,3,17,0,1,0,21,0,12,1,1,0,506,60,23,0,4,37,1,9,7,0,37,0,0,6,1,0,0,0,0,2,6,4,0,0,32,0,175,2,4,1,66,0,0,11,56,0,0,130,5,1,5,9,5,0,5,9,0,0,1,2,2,4,0,43,185,6,30,4,0,7,1,0,23,0,0,3,5,1,1,38,483,0,1,6,4,22,0,0,1,16,1,8,0,0,309,0,4,5,3,0,0,105,0,70,17,4,0,63,0,0,4,0,2,37,1,0,18,0,0,0,9,0,0,2,82,1,1,1,1,0,5,0,164,1,0,0,0,0,3,5,0,0,2,1,1,0,64,25,2,35,0,0,0,0,0,0,0,14,0,5,0,87,10,0,2,6,0,5,33,1,0,2,1,0,31,0,0,9,40,0,0,0,2,1,0,0,1,5,3,0,45,1,2,0,12,2,59,103,3,0,1,1,0,16,63,1,60,0,0,0,3,1,0,5,1,3,1,10,54,3,42,18,2,36,0,5,0,130,1,0,0,0,1,0,0,103,3,1,1,6,9,145,0,0,5,82,18,2,0,40,23,0,18,342,0,37,1,1,5,11,25,15,14,1,0,6,5,0,2,52,0,0,1,0,0,6,53,2,3,1,0,2,0,1,5,7,13,1,3,24,18,2,50,0,0,7,1,0,0,35,19,0,1,4,0,0,0,2,0,1,0,48,2,0,1,2,0,0,4,1,40,9,0,0,0,2
"ENSG00000223608.1",0,0,0,0,0,0,0,0,0,0,0,0,0,15,0,0,0,1,0,0,0,0,0,0,21,0,0,1,0,0,0,0,1,3,0,0,0,0,0,0,0,0,0,0,0,0,0,2,0,0,0,4,0,9,0,0,0,0,1,0,0,70,0,0,0,0,0,0,0,0,15,0,0,0,0,0,0,0,0,0,28,51,0,0,2,0,0,0,0,0,0,0,7,0,0,0,0,5,9,0,0,0,0,0,0,0,0,0,43,0,0,0,0,55,0,0,0,0,0,0,0,12,0,0,0,0,3,3,0,0,0,0,123,0,0,0,0,0,9,0,0,0,0,0,0,0,0,0,0,0,0,0,0,7,0,0,0,0,0,6,4,0,0,0,0,25,0,0,0,20,0,0,0,7,0,0,0,44,0,0,0,0,0,0,20,0,1,0,0,21,0,0,0,12,29,0,0,0,0,0,0,0,0,6,0,4,0,0,111,0,0,0,0,1,5,0,0,0,1,1,0,35,0,0,0,0,0,0,0,0,0,3,0,1,0,0,0,0,0,1,0,0,0,0,0,0,0,0,0,0,0,0,0,0,0,0,0,0,6,31,33,8,0,43,0,0,0,0,69,0,1,0,68,0,0,0,0,0,0,81,7,15,24,0,0,0,0,0,0,0,0,0,0,1,0,4,5,0,0,1,0,0,0,0,2,0,0,0,7,6,0,0,9,0,0,0,37,0,0,0,0,0,0,0,0,0,0,0,0,0,27,0,0,0,0,0,0,0,0,0,0,0,0,0,3,3,0,0,0,0,0,6,0,49,0,0,0,0,0,0,0,0,0,0,0,0,0,0,0,0,0,5,0,13,79,0,25,0,0,0,51,3,14,0,0,0,0,0,0,0,0,0,0,0,0,0,1,4,0,0,0,0,0,0,0,0,0,7,10,0,0,0,0,0,0,0,6,0,0,0,0,0,0,0
"ENSG00000223614.5",0,0,0,0,0,0,0,0,0,0,0,0,0,0,0,0,0,9,0,0,0,0,0,5,0,0,0,7,0,0,0,0,48,7,0,0,1,0,0,0,0,0,0,0,0,0,0,0,1,0,0,24,0,0,0,0,0,0,0,0,0,1,0,5,0,0,3,0,0,0,1,0,5,0,0,0,0,0,0,91,2,108,0,0,6,0,0,0,0,0,0,9,0,0,0,0,0,4,0,0,0,0,0,0,0,0,0,0,18,0,0,0,0,0,0,18,0,0,0,1,0,0,0,0,0,0,4,0,0,1,19,0,54,0,0,0,0,0,0,2,0,0,0,0,0,0,0,0,0,0,0,0,0,38,1,0,0,0,0,6,0,0,0,0,0,226,0,0,0,114,0,0,1,21,0,0,0,0,0,0,0,0,0,5,0,0,0,0,0,85,0,0,0,310,40,0,0,0,0,0,312,0,0,0,0,0,0,1,1,0,0,1,0,0,0,0,0,0,0,0,0,11,0,2,0,0,0,0,0,0,0,3,0,0,0,0,0,0,4,82,0,0,0,0,0,0,0,0,0,0,0,1,0,0,0,0,0,0,0,0,145,51,1,0,0,0,0,0,554,0,2,0,0,0,0,0,0,0,0,6,0,0,0,0,0,0,0,0,0,0,0,0,0,0,0,1,0,0,10,0,0,0,0,0,0,0,0,0,1,0,0,0,40,0,0,0,3,0,0,0,0,1,0,0,0,0,0,0,0,0,0,0,0,0,0,2,0,0,0,0,0,0,0,0,106,120,0,0,3,0,0,0,0,1,0,0,0,0,0,0,1,1,0,0,0,0,0,0,0,3,0,0,0,0,0,0,199,0,0,1,1,57,1,0,0,1,0,4,0,0,0,0,0,0,0,0,0,0,0,0,0,0,0,0,0,0,0,0,0,0,3,0,1,0,6,0,33,0,0,0,0,0,0,0
"ENSG00000223646.2",2,0,0,1,1,1,0,1,0,0,5,1,3,2,3,0,1,1,1,2,2,0,4,1,1,2,0,1,1,1,1,3,3,7,1,2,10,0,0,9,7,0,3,30,1,0,0,0,0,0,2,59,2,0,2,1,0,0,2,0,245,5,2,0,4,1,0,31,1,0,34,4,3,1,1,1,1,2,1,6,5,28,2,0,7,2,0,43,2,1,1,4,1,20,193,0,1,4,5,4,2,1,3,0,0,2,2,0,67,0,0,0,1,1,0,22,13,11,6,62,30,2,1,1,3,1,0,1,2,2,2,0,3,0,5,2,0,2,3,0,0,2,5,1,0,13,3,1,0,1,1,1,1,3,0,2,0,2,1,1,1,0,5,2,1,3,1,0,1,10,2,1,3,8,0,2,0,3,8,3,0,2,3,0,6,1,1,3,0,1,0,3,1,1,0,2,1,4,0,1,0,2,1,10,0,7,3,1,1,2,0,0,9,6,2,1,0,0,0,0,0,0,0,0,1,0,42,3,1,1,4,0,0,0,1,4,0,0,1,110,0,1,65,1,13,4,1,70,2,2,0,10,0,0,3,2,0,0,4,4,3,1,5,4,2,2,0,1,4,3,1,1,0,1,5,0,0,0,0,0,3,1,1,0,2,3,0,0,0,2,0,0,2,1,3,8,47,3,2,0,1,0,7,3,5,0,1,0,2,2,1,0,0,16,2,9,1,3,3,0,3,5,1,2,0,1,0,50,102,0,8,0,1,4,6,2,0,5,0,4,0,4,6,1,5,0,2,0,2,1,1,5,3,1,0,1,1,2,1,3,35,0,3,5,3,4,0,1,0,0,1,0,0,0,36,2,3,4,2,1,2,0,1,1,2,0,2,2,0,3,3,3,1,0,1,4,69,3,4,0,1,2,2,3,0,0,1,5,0,0,1,0,2,2,0,0,8,4,0,4,0,0,5,2
"ENSG00000223669.1",8,0,0,0,1,0,0,57,8,30,0,0,1,0,0,2,0,0,0,0,3,10,10,1,2,0,0,12,0,0,0,0,0,5,2,0,0,0,0,5,0,5,0,0,9,0,1,0,1,0,3,4,4,0,0,3,2,0,9,2,0,2,0,0,3,0,2,0,0,0,0,0,0,10,0,14,0,0,0,0,1,0,1,0,0,2,0,0,12,0,0,0,0,0,0,4,4,13,0,1,1,14,0,0,0,1,0,6,0,0,1,5,0,0,4,1,3,0,0,0,0,3,0,0,0,7,2,0,13,26,2,17,0,1,0,23,1,14,0,5,1,2,3,12,1,0,0,0,0,26,22,14,0,2,1,7,1,1,1,8,0,4,0,2,0,11,0,0,1,0,1,1,0,0,0,0,0,0,5,0,8,0,0,0,0,0,0,3,13,3,0,0,0,1,1,0,2,0,4,4,11,10,0,1,6,0,1,9,0,54,2,5,0,2,0,5,0,0,0,0,7,0,0,0,2,5,1,1,0,0,0,2,0,0,0,0,8,0,0,2,24,0,4,26,0,1,0,0,0,3,0,0,5,0,0,5,17,0,0,0,0,0,1,0,12,3,1,16,39,7,1,8,0,3,0,0,0,1,0,1,1,1,0,0,2,0,0,2,0,0,7,0,0,0,0,0,1,3,12,42,0,0,0,9,0,3,0,7,4,0,0,0,1,16,18,36,0,1,9,0,0,1,0,2,1,1,13,0,0,0,0,0,4,2,1,11,0,0,0,0,10,1,0,0,0,0,1,0,0,12,7,0,0,0,1,32,0,7,0,0,80,0,0,0,0,0,0,0,2,0,0,1,0,0,4,0,0,0,34,4,2,0,5,0,0,0,0,0,0,0,0,28,5,0,0,0,0,0,4,5,0,0,2,0,0,0,0,1,0,4,2,0,1,3,0,0,1,0,0,10,7,12,0,4
"ENSG00000223715.3",9,1,0,7,1,23,0,1,5,1,0,4,2,41,2,0,1,8,0,17,0,3,0,4,1,17,32,3,74,0,2,1,0,2,1,5,8,1,3,1,1,2,82,12,1,0,0,5,1,3,2,7,1,0,0,0,5,32,1,0,15,26,1,0,10,5,12,33,10,1,333,4,0,0,0,1,0,3,16,71,4,1,1,0,2,0,0,53,1,12,9,77,18,0,1,1,7,5,1,55,0,1,6,19,0,0,0,1,14,31,7,0,3,0,4,3,9,8,84,11,4,0,2,6,8,2,2,0,2,1,2,0,9,2,0,3,1,1,0,1,0,7,1,6,0,0,5,5,4,0,1,1,1,7,5,3,2,12,14,1,4,1,1,0,0,0,2,5,0,1,5,0,15,64,0,2,1,5,0,4,0,5,4,0,1,3,0,3,0,0,1,2,0,11,0,0,0,41,0,0,0,1,4,19,5,29,0,0,1,1,1,1,3,3,13,1,7,6,0,32,2,2,117,1,0,1,114,0,1,1,0,4,3,7,22,22,0,7,7,19,0,7,6,0,10,5,1,137,4,6,0,9,1,4,0,2,0,0,3,0,11,2,2,174,0,2,0,1,19,2,1,1,0,0,0,5,21,0,3,9,0,4,1,3,4,2,0,4,4,1,1,9,53,4,9,28,405,1,0,8,1,0,79,0,62,0,1,0,4,1,13,8,1,0,2,48,10,7,2,3,20,6,3,5,5,4,1,4,73,1,28,7,4,4,1,4,16,0,2,0,3,10,20,2,4,1,1,2,33,1,1,1,4,22,20,2,11,6,9,7,15,0,12,116,4,0,0,12,3,1,1,3,0,4,35,0,9,4,3,0,0,1,0,0,2,6,12,6,19,0,1,3,1,12,5,3,28,27,1,2,0,1,3,5,1,0,2,3,0,1,2,0,5,5,0,0,5,72,0,2,1,1,0,4
"ENSG00000223760.4",1,0,0,0,0,0,0,0,0,0,0,0,0,0,37,0,0,2,0,0,0,0,0,0,0,0,0,0,1,0,0,0,0,0,0,0,1,0,0,0,1,0,3,0,1,3,0,0,0,0,0,0,0,16,0,1,0,0,0,0,0,2,0,0,0,0,0,0,1,0,132,0,0,0,0,0,25,0,4,2,0,59,0,0,0,0,0,0,0,0,1,0,0,0,0,0,1,0,5,0,0,0,0,0,0,1,0,0,39,0,0,0,0,0,0,0,0,0,1,0,0,11,0,0,0,0,0,8,1,1,0,0,0,0,0,0,0,0,0,0,0,0,12,0,1,28,0,0,0,0,0,0,0,1,0,0,0,0,0,19,0,0,0,0,5,4,3,0,0,7,0,0,0,0,0,0,0,17,33,0,0,0,7,0,7,0,0,0,0,12,0,0,3,0,0,0,0,0,0,0,0,2,1,0,0,58,1,0,16,0,0,0,0,3,0,0,0,0,2,0,0,0,0,0,0,0,1,0,0,0,0,0,0,0,0,0,0,0,0,0,0,0,0,0,0,0,0,0,0,0,0,0,0,10,0,0,0,0,0,161,0,0,0,28,0,0,0,0,1,0,0,0,75,0,0,0,18,0,0,0,0,4,0,0,0,1,0,0,0,0,0,0,0,0,0,109,3,0,1,0,0,0,2,0,12,0,0,0,1,6,0,0,0,0,0,9,0,3,0,0,0,0,0,2,0,0,0,0,0,0,0,0,0,0,0,0,0,0,0,0,0,0,0,0,3,0,2,0,0,0,1,1,0,17,0,1,0,0,0,0,1,0,0,0,0,0,3,0,0,0,0,0,0,0,137,0,1,0,1,0,1,9,0,0,0,0,1,0,0,0,0,0,0,0,0,2,4,4,0,0,0,0,1,0,0,1,0,0,0,0,0,0,0,0,0,0,2,5,0,0,0,0,0,0
"ENSG00000223802.8",23,1,145,3,6,16,185,1,1,551,6,3,29,26,3,4,6,0,0,11,5,1,5,2,2,0,7,3,5,4,634,7,1,0,0,2,0,0,3,1,2,24,2,0,2,0,2,3,2,0,0,4,1,4,3,2,2,5,0,0,5,7,0,1,0,3,0,0,5,1,21,1,0,0,6,1,18,1,114,12,28,1,4,77,3,7,2,2,18,1,780,3,4,36,1,0,6,1,7,66,6,0,56,0,26,8,3,1,151,4,33,3,10,3,296,4,91,0,120,4,3,1,1,6,6,0,5,1,3,6,0,2,14,1,44,2,6,3,778,1,0,84,4,1,22,12,110,20,435,129,0,2,6,0,0,0,3,133,10,3,2,177,3,14,71,2,34,89,1,53,3,1,2,2,41,0,6,5,5,1,1,14,1,1,1,1,3,12,2,0,1,14,1,3,0,0,1,2,0,113,1,0,130,4,2,2,1,1,4,1,20,89,25,3,6,9,12,3,4,5,2,1,11,0,2,1,3,1,0,31,1,1,1,4,1,2,1,3,0,0,8,3,0,10,186,98,0,110,1,1,1,1,0,36,2,146,0,11,2,3,12,4,255,49,1,3,5,2,2,0,1,0,3,1,0,5,95,0,4,3,0,90,0,5,0,206,1,19,17,21,7,0,17,2,177,306,92,2,3,132,2,214,85,1,4,2,4,3,3,72,1,510,2,90,5,4,4,3,8,1,1,3,1,120,8,126,3,0,2,0,1,4,4,218,1,3,1,70,1,1,0,0,7,268,13,10,1,497,44,2,0,11,0,13,0,0,37,8,339,3,9,17,0,11,1,1,96,242,1,2,0,0,70,30,3,2,1,2,1,0,10,0,1,7,3,6,66,1,7,0,448,2,1,11,16,4,5,507,13,3,1,3,20,0,2,222,4,7,2,3,5,6,0,0,3,0,7,16,15,1,1,0,36,2
"ENSG00000223806.8",5,0,9,5,8,6,0,1,1,1,0,0,0,4,1,0,2,0,2,9,11,0,0,6,0,3,2,2,0,9,2,30,2,3,1,1,3,0,0,5,0,1,1,0,1,19,1,0,1,1,2,3,1,4,2,29,2,2,14,13,0,5,0,5,1,0,2,0,1,13,0,11,0,0,2,0,10,107,1,0,5,0,18,23,2,3,2,1,8,0,9,3,4,74,0,0,0,0,2,1,1,0,87,3,4,0,6,1,4,0,2,1,2,6,0,0,11,3,2,5,3,3,0,0,18,5,1,1,0,3,1,1,3,1,10,0,0,0,10,0,0,45,2,3,24,36,0,3,0,1,1,1,10,1,0,0,1,1,0,2,0,0,83,12,0,1,8,37,7,132,1,1,8,1,6,1,7,0,0,1,0,3,1,13,1,0,1,1,0,21,2,1,9,3,0,0,1,1,6,25,2,9,4,0,0,9,1,6,7,3,1,10,1,1,0,0,0,0,0,3,0,0,1,11,0,0,18,27,24,1,10,3,1,1,1,4,0,0,2,0,1,2,1,0,4,0,0,0,3,0,0,0,0,10,1,4,0,2,0,1,6,2,10,3,0,112,29,0,9,1,12,0,17,0,36,3,4,0,0,2,6,0,2,1,0,0,0,6,6,58,1,6,44,1,0,0,2,0,0,1,20,0,0,1,3,4,1,1,4,0,0,18,1,30,10,1,4,5,7,4,34,0,0,2,18,1,6,1,5,0,4,2,2,4,5,0,0,153,0,5,0,1,3,0,0,1,0,0,1,1,0,0,0,5,0,1,90,0,3,4,7,1,4,3,2,0,0,1,1,16,64,3,5,0,8,0,2,0,0,13,6,4,6,43,10,0,32,16,28,159,8,11,2,10,61,4,2,7,1,0,2,0,0,8,4,36,7,0,2,3,6,7,1,1,15,0,4,8,2,1,0,0,2,0
"ENSG00000223812.8",0,0,2,0,1,0,8,0,0,0,0,0,0,7,1,0,0,0,1,0,0,0,1,0,2,0,0,0,0,0,1,0,0,38,0,2,1,0,0,0,0,0,1,0,0,0,1,0,2,1,0,174,0,55,2,1,0,0,0,0,1,0,0,0,0,0,0,1,2,1,1212,0,1,0,0,0,1,1,25,30,277,2,1,0,0,0,0,6,0,0,0,0,0,0,0,0,0,0,0,0,0,0,0,1,0,0,1,0,237,0,0,0,0,0,0,3,3,0,0,7,0,0,0,0,0,0,1,0,0,1,0,0,5,1,0,0,1,0,0,0,0,0,2,1,0,0,2,0,1,0,1,0,0,3,1,0,0,0,0,0,2,0,13,0,0,0,3,0,0,6,0,1,0,1,0,0,0,106,1,0,0,0,0,0,0,0,0,0,2,0,0,35,1,0,0,0,0,0,0,0,1,0,0,24,2,1,0,0,0,0,0,0,0,2,0,0,1,0,0,0,0,1,2,0,0,0,0,0,0,1,0,0,0,0,1,3,0,0,0,0,0,0,0,0,0,0,0,0,2,0,0,0,0,2,0,0,0,0,0,9,1,0,1,1,0,0,0,0,4,0,2,0,119,0,1,0,0,0,0,3,0,0,0,1,0,0,0,0,0,1,1,0,0,0,0,1,3,0,1,0,0,0,2,1,5,0,0,0,0,122,0,0,0,0,1,0,3,0,0,1,0,2,0,0,0,0,0,0,1,0,363,0,0,0,0,1,1,1,0,0,0,0,0,0,0,0,1,0,0,0,0,0,0,2,0,0,0,0,0,1,0,1,0,2,1,0,0,0,0,0,0,0,23,0,2,1,5,0,0,1,1,0,0,0,2,0,1,1,0,0,0,0,0,0,0,0,4,3,0,0,0,0,1,0,65,0,0,1,0,0,1,0,0,0,1,0,0,1232,1,1,0,0,1,0
"ENSG00000223829.6",0,0,0,1,3,0,0,0,0,0,0,0,0,2,29,0,0,2,0,0,0,0,74,1,1,0,0,12,0,0,0,57,0,0,0,0,1,0,0,0,0,9,0,0,0,0,0,0,0,0,0,1,0,0,0,12,0,0,10,0,0,8,0,0,0,0,0,0,0,0,5,0,0,0,0,0,40,7,0,0,0,5,102,0,4,0,0,0,20,0,0,0,0,0,0,0,0,0,0,120,0,0,106,0,0,0,4,0,0,0,0,0,30,16,0,0,73,0,1,0,0,17,1,0,0,0,1,0,0,134,1,0,2,0,1,1,0,0,0,0,0,120,0,0,1,9,0,0,0,0,0,0,1,0,0,0,0,0,0,10,1,0,4,0,0,0,0,22,0,137,1,0,0,21,0,0,0,0,15,0,0,0,0,0,0,0,0,67,0,0,0,0,1,0,5,0,0,0,0,1,0,1,0,0,0,0,2,23,0,0,0,0,1,0,0,0,0,0,7,0,0,0,0,6,0,0,0,344,0,0,0,0,0,0,0,0,0,0,0,0,0,0,0,0,3,0,0,0,0,0,0,1,0,4,0,0,0,0,0,36,0,10,124,0,0,0,4,0,0,0,0,0,0,0,1,0,0,0,0,16,0,0,0,0,1,1,0,0,0,23,0,1,0,0,0,0,98,0,0,0,0,0,0,0,1,0,0,4,0,0,0,0,0,6,0,9,0,0,43,0,4,0,0,0,2,0,0,0,0,0,0,0,2,0,0,0,0,1,0,1,0,0,0,0,3,1,0,1,0,0,0,8,0,0,0,0,0,0,0,0,0,0,0,4,4,0,0,0,0,0,0,0,0,0,0,0,0,0,0,40,0,11,0,0,0,0,0,0,0,10,0,0,0,0,0,0,0,0,2,0,1,0,0,0,156,0,11,0,0,86,0,0,6,0,6,0,0,0,0,0,0,0,0,0
"ENSG00000223855.2",50,0,95,20,87,17,1,23,5,59,168,37,8,39,38,15,15,1,87,171,129,4,16,178,17,18,28,20,1,8,64,15,13,116,49,82,2,10,143,47,3,53,10,2,18,32,12,7,5,10,18,5,2,17,17,9,9,3,13,11,6,9,26,19,10,26,18,2,41,48,128,32,7,1,9,1,263,445,70,3,121,67,703,151,12,4,42,1,54,22,80,35,0,304,3,1,15,8,8,11,15,23,30,66,23,35,53,6,31,5,54,6,82,11,26,25,151,0,18,5,1,50,8,28,24,2,7,63,94,201,21,2,56,27,69,2,43,4,817,25,10,185,48,6,52,9,11,169,13,283,4,3,152,3,8,19,8,18,152,259,27,15,14,141,96,23,24,264,8,21,61,5,9,11,70,15,112,9,54,3,0,19,36,390,3,15,25,27,55,15,97,2,26,19,3,8,5,13,4,90,94,43,67,0,1,24,8,98,19,6,73,146,12,3,9,44,11,0,16,7,3,15,1,35,10,3,6,3,36,22,1,55,27,12,1,79,8,4,3,9,54,57,1,9,52,59,0,15,222,6,9,6,4,44,5,27,1,69,29,17,19,0,51,0,4,434,46,4,46,6,53,4,5,1,80,2,48,2,18,11,42,13,8,3,306,4,3,33,8,44,23,23,106,16,47,14,25,56,7,183,22,23,2,9,10,13,0,22,100,4,0,478,25,64,63,104,3,49,41,24,200,181,3,47,40,128,33,29,2,5,2,5,10,15,57,2,141,11,30,52,1,7,38,262,4,6,72,38,0,3,4,231,217,74,313,16,53,447,2,76,27,11,18,146,912,331,14,4,2,13,30,47,3,0,270,18,14,23,0,173,14,15,135,36,15,13,79,139,6,11,256,6,3,235,494,3,38,51,52,3,10,109,38,52,31,48,10,3,10,28,25,7,14,10,28,15,13,295,140,10,7,10,36,3
"ENSG00000223922.1",5,96,1,1,4,2,4,2,4,6,6,1,4,19,7,4,3,2,1,5,18,32,2,3,39,1,0,3,1,1,0,4,5,2,3,2,0,1,1,2,0,1,5,1,51,0,1,4,210,0,3,2,5,2,2,2,24,1,2,1,2,2,5,75,244,1,4,3,4,3,8,3,1,254,5,56,9,1,2,7,26,5,5,1,4,0,1,7,4,0,5,8,2,2,0,66,7,4,3,0,1,2,1,1,2,6,5,1,9,2,1,10,1,1,2,6,10,3,4,16,1,6,3,3,6,100,21,2,4,13,0,29,3,3,1,203,3,101,1,2,26,6,10,426,0,5,0,5,0,2,61,139,1,19,1,1,1,4,4,7,1,0,3,3,1,1,0,5,9,7,30,2,4,14,0,0,1,1,9,2,173,0,2,3,4,0,2,1,7,21,1,2,3,4,4,3,201,0,6,4,11,8,1,7,192,4,1,4,1,4,5,9,1,5,4,3,0,0,4,9,79,5,0,2,23,256,17,8,1,0,1,12,2,4,0,4,216,8,2,0,1,1,15,34,3,3,3,3,26,1,2,1,55,4,55,1,89,0,3,2,380,222,4,16,10,2,4,88,41,258,3,4,3,99,5,2,0,126,1,0,8,3,15,28,4,6,310,2,2,0,2,1,0,1,0,1,7,1,3,2,8,1,3,111,0,4,1,0,1,9,3,0,0,6,1,7,6,5,2,4,5,6,270,7,2,8,36,0,0,58,6,1,12,2,2,249,0,2,0,3,179,1,1,13,5,1,3,2,1,12,147,4,1,12,2,25,3,2,2,3,15,0,24,7,8,18,0,7,4,2,0,4,0,1,3,1,7,120,4,3,2474,7,38,1,7,1,2,1,2,1,3,54,25,5,4,5,4,2,19,110,1,0,1,35,6,5,1,1,1,2,6,3,40,1,0,2,3,22,3,49,446,0,0,6
"ENSG00000223991.1",0,295,2,1,3,5,0,0,9,6,19,131,411,0,1,273,2,1269,1361,9,232,432,0,25,128,0,7,24,1,1,31,0,45,936,231,0,5,5,0,1,0,1,0,0,56,0,8,1,342,129,0,0,85,2,212,75,201,2,564,0,1,529,75,212,5,1,2,1,28,152,24,14,4,872,7,318,0,0,4,2,98,23,4,0,555,6,2,1,122,0,1,4,15,0,1,681,10,3,1,4,10,446,0,54,0,1,592,565,4,2,0,41,92,12,0,0,3,1,1,0,0,366,1148,1,0,342,55,0,19,2,13,128,1,55,0,527,1,440,1492,10,831,25,4,337,0,1,0,0,0,0,295,367,2522,1422,187,171,109,37,33,540,63,0,3,3,0,118,2,67,895,0,0,2,101,25,0,36,1,0,65,290,276,8,0,7,779,18,2,24,94,358,2,0,2,200,109,518,361,1,2,0,268,5,0,2600,176,0,1684,375,14,858,96,3,6,0,150,0,1,294,340,0,408,180,3,0,12,332,2,26,1,15,1,3,308,7,285,45,681,7,2,3,4,1,12,6,1,0,0,0,142,122,42,4,97,0,283,0,1173,0,545,7,200,7,1,8,36,1,4,62,0,233,5,80,0,391,2,11,250,1388,1,0,9,1,2108,275,31,3,103,0,6,0,32,1,0,2,0,0,0,17,541,0,89,12,0,1187,0,26,0,3,0,2,1,45,9,0,2,0,2,5,155,27,0,0,861,17,569,35,10,6,0,557,0,7,31,2,1,1395,127,2,4,5,2078,8,0,13,85,1,1,0,10,35,104,1,0,4,0,212,28,3,5,1,1,105,5,0,11,1042,0,0,0,0,2,0,0,8,6,179,1,19,423,2,2654,0,324,0,20,1,1,1,1,1,0,0,235,11,9,0,34,6,39,396,2,678,1,23,2,5,1,2,4,147,14,0,553,4,1,1,38,33,701,317,166,1879,0,106
"ENSG00000224034.1",0,0,5,27,1,9,2,6,3,1,4,4,8,38,122,1,2,7,21,3,5,1,41,4,0,5,2,18,1,55,0,31,25,6,125,6,25,7,11,7,0,7,8,8,4,0,8,21,0,0,5,4,1,3,3,44,2,10,2,2,4,30,4,5,1,14,1,2,85,4,27,35,2,0,1,0,3,3,3,6,23,7,16,7,21,1,21,7,29,0,20,134,4,0,0,0,0,0,10,7,37,0,0,4,4,1,6,1,21,3,8,0,45,6,2,16,14,2,6,166,11,102,1,30,14,1,0,7,7,46,4,1,50,10,20,3,12,1,7,2,1,7,35,2,3,51,2,0,2,5,1,0,16,4,6,14,2,19,13,11,12,0,16,2,0,1,24,6,4,2,5,5,88,21,2,6,5,7,2,12,2,4,100,4,1,10,1,0,11,8,3,1,12,58,18,4,1,116,52,11,8,2,3,6,0,44,0,4,1,5,13,0,16,16,11,0,1,0,27,194,1,2,0,5,1,0,21,15,0,11,4,3,23,20,0,37,1,11,20,9,3,44,1,19,17,11,8,0,12,23,1,0,0,2,0,1,0,0,18,3,19,4,53,2,4,3,8,0,33,0,33,2,23,0,30,6,1,0,0,13,6,4,1,0,5,11,0,7,4,16,3,12,0,1,1,6,1,2,9,1,3,1,1,0,3,8,0,7,19,2,1,4,12,16,26,4,17,9,15,14,8,0,0,4,47,0,4,0,2,0,44,0,5,0,66,0,2,57,2,9,0,10,58,3,17,6,1,0,6,0,1,11,3,10,3,3,5,7,16,16,3,0,19,38,2,4,2,10,3,5,2,35,0,3,10,0,49,1,1,14,0,0,20,6,1,36,1,27,6,2,3,1,1,25,1,2,19,2,8,1,10,5,6,34,130,1,95,73,0,3,31,1,3,7,24,2,13,18,2,2,1,2,13,1
"ENSG00000224057.1",0,8,3,7,2,77,52,2,18,46,277,472,176,13,1,10,78,1,741,65,92,8,11,6,3,30,151,10,43,5,91,0,33,2,35,225,1,1,249,307,0,0,126,2,17,4,0,3,1,0,2,4,28,332,0,1,52,192,0,2,0,2,394,4,33,466,13,5,6,4,4,0,5,15,0,11,6,1,530,3,583,1,24,224,3,10,0,1,15,0,408,2,168,0,371,1,140,2,1817,3,1,3,1,0,2,389,5,26,675,304,142,2,3,2,230,1,194,38,284,564,0,7,1,0,6,7,1,1,457,3,1,4,146,1,16,7,1,18,630,5,11,30,4,75,13,2,12,45,619,6,8,4,0,1,2,0,27,3,445,7,2,333,1,84,171,0,35,2,248,7,21,4,3,6,0,2,160,879,14,5,7,10,0,4,69,1,2,0,0,14,2,0,2,1,182,8,12,578,1,16,0,10,91,5,2,3,2,11,4,39,34,6,0,4,49,3,67,0,9,14,12,0,75,28,23,4,0,9,43,290,2,8,9,2,1,0,4,3,0,0,80,3,0,61,349,151,233,0,855,1,0,1,9,0,6,0,8,84,1,8,6,5,6,1689,2,7,0,6,2,4,2,2,1077,7,13,269,2311,13,71,1,8,1298,0,15,6,379,2,91,963,8,14,0,2,5,0,922,6,5,4,191,10,46,66,40,111,27,115,4,27,392,0,143,708,3,2,15,1080,153,4,121,312,6,12,62,6,12,1,0,4,2,21,27,25,31,40,12,0,5,333,0,13,1,6,59,2,0,0,253,269,5,1,14,8,3522,0,14,278,50,671,59,14,2,90,65,12,13,0,658,1,0,1,84,163,76,5,0,8,18,8,13,125,4,0,1,204,0,78,25,0,10,2312,0,38,172,60,5,5,1267,9,17,2,8,21,123,4,0,11,747,0,4,7,4,4,15,1,2,0,1,16,64,4,2,96,29
"ENSG00000224141.6",0,0,0,3,0,0,0,0,0,0,0,0,0,144,95,0,0,1,0,0,0,0,0,0,58,126,0,49,45,2,0,0,8,0,0,0,101,0,0,0,2,0,1,16,0,0,0,0,0,0,1,24,0,61,0,0,0,0,2,0,0,162,0,3,3,0,9,6,0,0,205,0,42,0,0,0,0,0,59,24,88,26,0,0,3,0,0,40,0,11,0,134,84,4,0,0,0,98,0,0,0,0,0,0,0,0,2,0,337,2,0,0,1,0,0,115,0,0,0,68,0,0,0,0,2,0,2,59,0,97,0,0,112,0,0,0,0,0,1,7,0,0,2,0,0,1,15,0,0,0,0,0,0,7,0,0,0,0,43,0,1,0,0,0,0,63,0,3,0,52,0,3,1,786,0,0,0,125,0,241,0,0,0,0,21,0,158,1,0,54,0,160,0,1,2,0,0,1,0,0,0,0,0,645,0,42,0,0,19,1,0,0,2,99,36,32,0,0,0,16,0,102,34,0,0,0,27,0,0,0,0,5,0,0,0,18,0,0,19,1,0,0,0,0,0,0,32,0,0,0,1,0,0,11,0,0,0,0,85,16,92,71,0,115,0,0,0,0,278,0,4,0,66,0,0,0,99,0,0,108,123,28,43,0,0,0,0,0,0,0,0,0,0,71,0,164,315,0,0,0,0,1,137,0,33,0,0,7,0,0,115,1,0,0,0,0,370,0,0,12,0,2,0,0,10,0,0,0,47,0,95,0,7,0,139,0,0,0,0,0,0,38,6,0,88,12,1,0,136,0,1,0,0,43,0,0,0,0,0,0,2,0,0,0,0,0,0,0,0,10,0,1,14,0,309,0,224,0,0,148,24,35,0,0,0,0,0,8,12,0,0,0,0,0,0,0,23,159,1,0,0,0,0,0,0,0,15,0,11,0,1,1,0,0,0,0,53,120,0,0,0,0,0,1
"ENSG00000224189.8",10,0,39,120,2877,992,3,13,38,14,8,27,18,56,285,9,279,28,9,2618,27,4,60,25,52,40,12,42,684,29,1465,193,280,62,4,38,42,30,14,37,34,253,855,25,10,23,171,697,2,89,14,3116,1,701,21,1746,39,10,34,8,24,31,14,14,0,1518,58,15,5,116,4459,296,21,1,14,5,1368,469,53,40,38,26,134,62,7,46,62,4,192,23,63,12,357,343,4,0,0,152,8,129,16,3,1532,8,50,426,71,6,1768,735,68,6,98,27,118,26,2016,22,8,1340,6,22,25,17,111,1,9,11,14,141,91,5,393,63,43,0,7,1,11,18,3,4026,31,4,2938,3698,2089,660,549,17,0,1,14,48,64,15,36,121,8,61,45,82,13,25,1247,22,704,2307,169,301,18,39,39,774,28,10,446,12,902,27,1,205,36,27,729,15,45,87,34,8,16,495,20,47,19,1798,1,6,4,1935,11,23,129,1901,2,8,48,372,12,20,356,1417,116,279,172,49,15,16,885,80,0,18,9,100,11,3,7,1466,265,46,16,65,85,30,30,38,1,21,25,29,89,54,19,4,840,244,11,16,118,3,3,771,5,3435,1,40,6,348,23,1426,30,26,4691,17,0,309,610,2,40,0,69,3,6,2,89,17,902,0,37,26,28,85,73,1,19,64,2,96,962,4193,13,151,1826,13,22,937,106,36,31,21,25,63,535,3,131,29,4,21,4,12,53,1252,15,1499,21,46,67,991,177,554,3182,23,3,1736,82,34,3,17,41,0,48,18,64,7,7,1,7,132,22,7,1,27,466,280,5,30,21,124,815,1,22,29,9,11,9,1,5694,9,264,524,39,68,21,2734,9,20,728,52,18,84,70,28,431,9,5,5,22,2,62,15,2,56,3,86,28,8,2259,2153,21,6,2682,21,3,23,715,26,34,2506,47,2,21,11,153,8,192,56,12,1171,9,168,39,3,102,33,65,18,15,306,598,40,2,4,22,7
"ENSG00000224222.2",8,0,1,0,1,1,0,25,0,10,3,2,4,0,0,0,0,0,1,17,0,0,0,0,0,1,0,2,1,0,4,0,0,7,4,0,4,0,0,2,0,5,25,0,0,0,0,0,0,1,1,0,0,0,0,0,1,28,0,0,14,1,0,0,2,1,0,0,0,0,3,0,2,0,0,0,15,3,2,2,2,0,6,0,0,9,1,1,2,0,5,0,3,6,3,2,2,0,3,0,1,1,0,0,0,1,2,0,6,12,3,1,0,0,20,0,6,2,0,0,0,0,0,0,0,2,0,0,26,6,1,1,0,1,0,4,14,0,48,0,0,5,0,1,3,0,1,0,2,17,1,0,5,0,0,1,0,1,0,3,0,0,3,4,12,1,0,4,1,3,0,0,2,11,0,0,0,0,1,0,0,4,2,0,0,0,0,0,7,0,0,0,1,0,0,0,1,0,0,0,0,0,8,2,0,0,6,0,0,1,3,2,0,0,1,7,0,0,4,3,0,0,0,0,2,0,8,1,0,1,1,1,0,0,2,2,2,0,0,0,1,1,3,0,52,11,0,0,4,3,0,0,0,3,0,0,0,1,0,1,0,0,0,13,0,1,0,0,0,0,0,0,0,0,0,19,0,0,5,0,0,0,1,0,1,1,1,0,2,0,1,0,0,0,3,1,2,1,0,3,1,2,1,0,0,0,0,1,0,1,1,56,0,0,0,4,0,14,2,0,19,1,0,145,0,4,0,1,0,0,0,0,0,2,9,0,4,0,3,3,0,1,0,1,0,0,0,2,1,0,0,1,0,5,0,0,55,63,4,0,0,0,0,113,2,0,0,2,0,0,0,1,0,1,1,1,0,0,3,0,0,0,0,0,0,0,4,1,0,0,17,4,0,6,7,4,4,1,2,0,0,1,1,0,1,2,0,0,0,0,2,0,4,2,0,0,0,3,1,0,0,3,2,0
"ENSG00000224271.7",264,0,0,3,4,0,22,0,0,1,0,62,0,116,132,1,2,1,3,0,30,0,20,1,120,24,0,125,4,136,0,0,19,87,38,3,15,0,0,1,33,0,100,2,0,0,0,42,2,2,0,328,2,43,1,1,1,0,75,0,1,60,0,24,6,0,4,1,1,2,254,0,10,0,0,0,4,0,37,42,377,125,1,0,120,0,1,25,3,1,0,268,67,12,0,1,0,189,72,0,0,4,1,0,0,1,0,1,404,25,28,2,4,45,0,48,0,123,0,191,19,291,0,3,10,0,2,36,4,181,6,1,156,1,6,0,1,0,16,9,0,2,68,0,0,7,38,0,6,3,3,0,0,148,12,0,83,2,55,154,68,1,18,0,7,46,91,2,0,67,27,18,1,204,0,2,2,137,4,101,0,0,69,7,51,0,73,3,0,129,0,169,1,116,19,0,2,0,0,0,1,1,3,191,0,60,1,1,30,87,1,6,71,90,4,64,0,24,61,143,2,16,0,0,0,2,2,92,0,0,1,115,0,1,0,54,0,1,10,1,0,1,0,1,3,33,37,0,0,15,1,3,1,69,0,0,1,0,9,88,81,93,0,167,0,0,1,1,120,0,40,0,79,0,0,1,125,0,0,37,109,76,38,4,1,2,2,0,0,2,3,0,1,4,0,100,438,0,23,0,1,0,159,0,57,0,0,0,129,81,28,1,14,1,1,5,26,5,0,67,1,0,0,3,31,4,0,1,12,0,66,1,14,0,1,2,0,1,0,0,3,0,54,2,51,64,60,1,18,0,5,66,0,112,1,1,0,0,3,3,38,2,5,3,0,1,6,17,1,0,0,62,2,14,84,2,180,5,1,62,35,64,93,0,0,18,1,71,19,2,4,2,1,0,1,1,99,77,6,1,31,0,1,0,6,1,40,1,30,0,5,22,0,1,21,0,50,196,0,2,0,9,0,1
"ENSG00000224273.2",0,3,0,3,0,3,0,5,18,0,12,0,0,3,0,7,0,2,27,4,0,47,4,6,9,10,0,5,0,0,1,1,3,200,3,0,14,4,1,0,0,0,1,2,30,0,8,0,21,19,3,6,25,2,0,2,22,0,2,0,0,7,0,1,25,0,11,10,6,0,0,1,3,54,0,62,0,2,0,0,8,1,1,0,6,0,3,5,0,0,0,2,0,0,1,11,10,1,3,2,17,38,0,2,0,0,46,14,3,1,1,6,37,9,0,5,0,3,0,0,0,13,7,1,0,42,5,0,1,0,21,65,2,1,0,28,11,40,0,5,22,0,1,44,0,1,0,0,0,1,25,5,3,0,37,35,5,0,0,2,9,0,36,2,0,1,1,0,6,1,0,3,7,2,0,0,0,1,6,12,30,0,47,0,31,8,0,28,3,1,1,0,0,1,11,0,6,0,2,0,25,25,1,52,0,4,2,5,3,3,9,0,0,7,7,0,0,4,3,80,30,11,0,26,15,24,9,0,2,1,2,0,1,2,3,8,13,4,0,0,4,0,15,2,6,0,6,0,47,11,3,0,6,0,28,0,15,0,0,0,7,59,1,3,27,0,1,13,0,18,0,6,1,36,3,0,0,7,1,1,93,0,0,5,45,0,2,0,0,3,10,15,0,1,0,1,1,6,31,0,16,0,0,23,3,0,3,22,0,2,2,0,0,2,0,2,2,1,32,0,1,0,2,0,13,0,7,0,0,28,0,0,17,3,1,37,5,0,34,1,52,64,0,0,1,0,0,0,0,0,31,2,10,5,3,42,0,0,1,0,11,1,10,0,1,131,0,1,2,0,0,2,0,0,1,3,3,20,33,38,17,1,45,0,11,0,0,4,0,3,1,16,0,1,0,0,31,1,13,31,6,0,1,0,2,0,2,0,0,4,22,0,39,33,61,0,5,4,2,20,21,11,0,26
"ENSG00000224294.1",0,0,0,0,0,0,0,0,0,11,0,0,0,570,1,0,0,0,0,0,0,0,0,0,0,0,0,0,0,0,0,0,0,3,0,0,0,0,0,0,0,2,0,0,2,0,0,0,0,0,0,0,0,2,0,0,0,0,0,0,0,12,0,0,0,0,0,0,1,0,12,0,0,0,1,0,544,0,1,2,20,0,0,1,0,0,0,2,0,0,0,5,0,0,0,0,0,2,0,0,0,0,0,0,0,0,0,0,6,1,0,0,0,0,0,0,0,0,0,44,0,0,0,0,0,0,0,0,0,0,2,0,6,0,0,0,0,0,0,0,0,0,5,0,0,0,0,0,0,1,0,0,1,0,0,1,0,0,2,1,0,0,0,0,0,1,0,0,0,76,0,2,0,0,0,0,0,2,0,0,0,1,1,1,0,1,1,0,0,0,0,0,0,1,2,0,0,0,0,0,0,2,0,4,0,28,0,2,4,0,0,0,0,1,0,5,0,0,0,90,0,0,0,0,0,0,0,0,0,0,0,0,0,0,0,257,0,0,0,0,0,0,0,0,8,0,0,0,0,1,0,0,0,0,0,0,0,0,2,0,0,49,1,0,0,0,0,0,1,0,0,0,0,0,0,0,0,0,0,0,44,7,0,0,0,0,0,0,0,1,0,1,0,0,0,8,0,0,0,1,0,0,0,0,0,0,0,0,0,0,0,1,0,0,0,4,2,0,0,0,0,0,0,0,0,0,0,0,100,0,1,1,15,1,0,0,0,0,0,0,0,0,1,0,0,2,0,0,0,0,0,0,0,6,0,0,0,3,0,0,0,0,0,0,0,0,0,0,0,0,0,0,0,0,3,0,0,0,0,24,0,3,2,0,0,2,0,0,0,0,0,0,0,0,0,0,4,2,0,0,0,0,0,0,1,0,0,0,0,1,2,2,0,0,0,0,119,0,0,1,0,0,0,0
"ENSG00000224309.7",0,0,0,0,0,0,0,0,0,0,0,0,0,0,3,0,0,2,0,0,0,0,0,0,17,1,0,13,0,1,0,0,1,0,0,2,1,0,0,0,0,0,2,0,0,0,0,2,0,0,0,3,0,0,0,0,0,0,0,0,0,18,0,4,0,0,0,0,0,0,13,0,0,0,0,0,0,0,0,1,1,6,0,0,0,0,0,1,0,0,0,4,0,0,0,0,0,0,2,0,1,0,0,0,0,0,0,0,13,0,0,0,0,3,0,0,0,0,0,91,0,0,0,0,1,0,0,1,0,4,1,0,9,1,0,0,0,0,3,0,0,1,0,0,1,0,0,0,2,0,0,0,0,1,0,0,0,0,2,1,3,0,0,0,0,1,0,1,0,0,0,0,0,143,0,0,1,2,0,0,0,0,0,2,0,0,0,0,2,1,0,0,0,1,1,0,0,0,0,0,1,1,0,31,0,0,0,0,0,0,0,0,2,0,9,0,0,0,7,9,0,0,0,0,0,0,1,54,0,0,0,4,0,0,0,3,0,0,0,0,0,0,0,0,3,0,0,0,0,0,0,1,0,0,0,0,0,0,2,2,7,0,0,2,0,0,0,0,26,0,1,0,0,0,0,0,0,0,0,1,38,3,0,0,0,0,0,0,0,0,0,0,0,0,0,0,4,0,0,0,0,0,7,0,0,0,0,0,0,0,1,0,0,0,0,0,1,0,0,0,0,0,0,0,0,0,0,0,0,0,1,0,0,0,0,0,0,0,0,0,0,0,0,0,10,3,0,0,14,0,0,0,0,9,0,0,0,0,0,0,0,0,0,0,0,0,0,0,0,0,0,0,1,4,103,0,5,0,0,31,0,12,0,0,0,0,0,1,0,0,0,0,0,0,0,0,17,0,0,0,0,0,2,0,0,0,0,0,0,0,0,2,0,0,7,0,4,0,0,0,0,0,0,0
"ENSG00000224367.6",2,0,1,4,12,1,0,6,0,2,0,2,0,75,25,0,1,4,1,1,2,0,1,3,5,4,2,4,0,12,2,111,1,4,0,9,5,0,1,10,0,13,9,1,0,0,1,2,0,0,0,6,0,3,3,1,1,1,1,2,1,15,2,2,0,2,2,2,5,1,10,5,3,0,0,0,1,0,0,6,3,7,4,3,1,8,0,0,25,2,4,4,2,0,0,2,0,13,3,47,1,0,5,2,5,4,1,0,10,1,2,1,3,3,3,3,3,2,1,3,0,2,1,1,1,0,0,1,2,112,2,1,6,2,3,0,3,0,0,2,0,1,15,0,2,17,3,0,2,1,0,0,3,1,2,3,3,3,3,0,4,0,3,3,0,3,9,3,3,5,0,4,9,3,1,0,0,3,9,3,0,5,7,14,1,1,4,6,3,0,1,4,9,4,30,0,0,2,1,12,1,1,4,4,0,3,0,0,0,2,0,3,5,1,10,2,1,1,6,9,0,0,1,0,0,2,3,10,4,11,2,2,2,6,0,3,0,2,4,1,0,3,0,1,20,1,1,0,2,2,1,0,0,0,0,0,0,1,3,5,2,3,4,2,0,1,0,0,6,0,6,0,1,0,6,1,2,0,0,7,8,3,2,0,3,2,0,2,0,5,0,0,2,3,1,4,12,3,3,5,3,3,6,0,5,0,1,2,1,1,1,8,2,3,8,11,4,10,5,0,3,5,1,7,1,3,0,5,2,0,2,1,0,2,2,0,4,4,1,3,0,1,5,4,1,1,6,1,3,0,1,15,1,2,0,0,0,4,2,2,9,3,5,3,21,0,6,8,2,2,2,2,0,0,0,0,6,1,1,7,3,3,0,1,0,2,0,1,0,0,2,1,0,4,0,1,5,3,3,0,1,2,5,0,61,2,3,3,1,4,7,0,6,0,0,2,0,10,1,1,0,2,4,1
"ENSG00000224409.1",0,0,0,2,0,0,2,0,0,1,0,1,0,23,60,0,0,1,0,0,0,0,1,0,0,0,1,0,0,0,0,2,1,0,0,0,75,0,0,0,0,1,1,0,0,0,1,0,0,0,0,0,0,3,0,2,0,0,0,0,0,0,0,0,0,0,0,0,0,0,0,9,0,0,0,0,0,1,0,0,2,0,1,37,0,0,0,12,6,0,1,4,0,60,0,0,0,0,1,0,2,0,0,0,0,0,0,0,0,0,0,1,10,1,0,0,0,0,1,182,113,2,0,18,1,0,0,0,0,7,0,0,3,1,1,0,0,0,0,0,0,0,2,0,0,14,1,0,0,0,0,0,0,0,0,3,0,0,2,2,0,1,0,0,0,1,3,2,0,0,0,0,19,1,1,0,1,4,0,0,0,0,1,0,1,1,0,0,0,0,0,3,0,1,2,1,0,4,0,3,0,0,0,0,0,22,0,0,0,1,0,1,11,0,0,0,0,0,0,8,0,0,5,0,0,0,0,2,0,1,0,0,1,13,0,10,0,1,2,0,0,0,0,0,0,1,0,1,3,2,0,0,0,0,0,0,0,0,2,0,2,0,0,0,0,0,3,0,4,0,13,0,3,0,2,0,1,0,0,1,1,20,0,0,0,0,0,2,0,0,0,0,0,7,1,1,2,0,0,1,0,1,0,0,0,1,0,0,0,0,0,0,0,3,3,0,2,0,0,4,0,0,0,0,0,0,0,0,77,0,21,0,2,0,8,0,0,7,0,11,0,2,0,0,0,0,0,1,1,0,0,1,0,0,0,0,0,0,0,0,0,0,2,0,0,0,44,0,0,6,1,1,0,4,0,0,0,0,0,0,0,0,0,0,0,52,0,0,1,0,1,0,0,0,0,0,0,0,0,0,0,1,0,0,34,0,6,4,0,0,2,1,0,0,0,0,0,4,0,1,0,0,1,0
"ENSG00000224481.3",1,0,0,0,6,2,0,2,0,1,1,0,0,13,2,1,0,0,0,0,0,0,1,1,0,0,0,0,0,1,0,2,0,1,5,5,2,0,0,0,0,0,2,2,0,0,0,0,1,0,0,0,2,0,3,2,0,0,4,1,2,2,0,0,0,0,0,7,1,0,0,0,0,0,0,0,4,1,0,6,14,8,0,2,2,0,0,11,0,0,7,2,0,0,0,0,0,3,0,2,0,0,0,0,1,0,0,0,7,0,1,0,1,0,0,0,4,0,1,2,2,0,0,2,1,0,0,1,0,6,0,0,27,0,3,0,0,0,0,0,0,1,1,0,5,7,3,0,0,1,0,0,8,3,0,1,2,7,2,2,0,0,5,1,1,1,1,1,2,23,3,0,1,4,0,0,4,0,0,7,1,1,5,0,1,0,1,0,3,4,1,0,2,0,0,0,0,0,0,2,0,5,0,29,0,0,0,1,0,1,0,1,0,2,3,2,2,0,0,3,0,0,0,0,0,1,0,5,1,3,0,2,1,12,0,27,0,0,0,0,0,5,1,0,3,2,1,1,2,1,0,0,0,10,0,0,3,0,13,2,0,0,1,2,0,1,2,0,11,0,0,0,2,0,2,0,0,0,0,2,2,0,0,1,0,0,0,1,0,4,0,0,0,0,3,1,1,0,1,3,1,1,0,0,0,1,0,0,0,0,1,0,0,2,1,6,9,0,0,0,1,7,0,2,10,0,0,1,0,0,0,0,0,0,0,0,3,9,0,2,0,17,1,0,8,0,0,1,2,0,0,4,0,0,0,0,2,0,0,2,2,0,2,8,4,1,3,1,0,0,2,0,0,0,7,1,8,0,1,0,1,2,1,0,0,3,0,1,0,1,1,4,0,1,1,0,5,0,0,0,0,1,1,0,1,0,0,0,1,0,0,0,1,0,0,0,3,3,7,0,0,1,16,1
"ENSG00000224517.6",0,5,0,0,0,1,0,0,2,1,0,0,1,0,0,1,0,0,1,1,0,9,0,0,2,4,0,1,0,1,0,0,1,2,1,0,1,1,0,0,5,0,0,0,5,0,1,0,2,4,1,0,2,0,0,1,9,1,1,1,1,0,2,5,1,0,3,4,0,0,0,2,1,2,0,7,1,1,0,0,0,0,0,0,0,1,2,0,0,0,0,0,0,0,0,1,4,0,0,0,1,7,0,0,3,0,0,4,0,0,0,6,2,0,0,2,0,0,0,0,2,0,5,2,0,13,2,0,1,0,0,1,0,5,0,2,1,8,2,0,4,0,0,3,0,0,0,0,0,0,4,3,1,1,0,0,0,1,1,1,1,1,0,0,0,0,0,1,5,0,0,1,2,0,0,0,1,0,0,1,6,0,0,0,2,1,2,6,2,0,4,0,0,0,1,0,1,2,0,1,5,1,1,6,5,0,4,1,0,1,2,0,0,0,0,0,0,6,1,2,6,1,0,0,4,7,13,0,0,1,0,1,0,2,4,0,6,0,1,5,0,1,8,0,0,0,1,1,2,5,2,1,1,0,2,1,10,0,0,4,2,5,0,0,0,0,0,4,0,2,1,2,0,2,1,0,0,4,2,0,8,0,6,2,7,0,2,1,0,0,1,5,0,2,0,0,0,0,1,0,0,1,0,0,0,2,3,1,0,0,16,1,1,0,1,0,0,0,1,0,0,0,5,0,1,0,2,0,0,3,0,0,3,2,2,2,2,0,0,0,2,0,0,1,1,1,4,0,2,0,3,0,0,0,1,9,0,0,1,0,1,2,1,0,0,10,0,0,0,1,0,2,0,0,0,2,1,3,2,2,0,0,0,1,4,1,2,1,2,1,0,2,3,1,1,0,5,0,2,3,0,0,0,4,0,0,0,0,2,1,0,0,1,1,2,0,0,0,0,4,6,0,0,7
"ENSG00000224566.2",15,2,3,2,33,2,0,6,2,10,3,0,2,23,7,1,79,6,9,34,2,2,0,7,3,7,1,20,1,5,4,4,7,34,2,27,0,4,0,3,0,22,37,3,3,0,1,4,1,1,1,3,1,25,0,2,3,4,17,2,1,22,2,3,6,0,2,2,2,9,62,6,2,3,1,2,55,1,4,3,14,159,3,0,12,1,6,1,2,0,2,16,39,0,3,0,9,6,7,1,2,1,4,0,2,2,9,1,12,8,5,4,5,7,11,3,29,15,6,67,1,13,5,4,8,2,3,23,3,20,4,2,362,8,7,2,3,2,3,1,0,4,2,2,4,5,40,7,0,12,2,3,4,6,0,1,5,2,12,5,2,5,31,12,7,18,20,3,1,31,0,3,14,12,0,6,4,2,4,44,1,1,21,16,2,2,3,5,12,3,3,3,10,19,2,1,3,1,0,26,12,2,56,416,2,4,2,4,18,7,10,2,7,107,5,6,1,5,3,31,3,4,0,0,4,0,2,8,3,1,2,3,5,2,1,132,0,0,7,4,2,16,1,3,3,3,2,0,1,5,0,1,1,32,3,4,0,5,3,12,17,16,5,16,1,4,1,0,53,2,11,1,0,2,3,4,0,1,2,1,1,42,2,0,4,0,0,12,1,203,2,2,1,6,0,4,7,2,8,19,46,1,1,2,7,2,2,5,3,3,3,6,3,23,12,13,44,17,0,11,5,53,1,4,41,3,2,4,0,2,10,2,5,5,11,3,2,7,1,0,2,1,321,31,4,7,4,0,0,0,0,14,2,7,1,2,3,11,12,1,4,3,1,1,35,3,12,0,1,6,2,6,1,0,35,2,7,1,2,6,0,15,1,1,5,2,2,3,12,0,8,2,1,4,0,4,14,1,10,3,2,4,3,0,7,0,320,1,1,3,17,0,0,3,1,2,8,2,3,2,1,0,0,0
"ENSG00000224577.3",3,0,0,3,0,3,0,2,3,3,0,2,4,8,82,1,1,0,0,2,0,0,2,3,2,1,0,3,8,8,0,9,42,1,21,2,6,0,0,4,0,1,2,36,0,0,3,1,2,3,0,3,0,51,7,1,4,1,4,0,0,3,2,0,0,6,2,0,0,2,12,6,0,0,0,0,0,10,2,8,5,2,22,6,1,2,3,1,15,2,4,1,3,0,4,0,1,3,0,0,4,1,2,2,1,2,4,0,25,5,1,2,4,2,1,6,3,1,1,44,0,3,3,2,1,0,0,1,2,4,1,0,2,2,1,1,6,0,0,1,0,20,47,1,51,9,34,1,11,2,0,0,0,5,9,0,0,3,1,4,13,13,1,3,3,5,19,9,1,0,2,7,11,4,0,1,15,0,2,1,0,18,1,4,9,0,8,4,0,0,0,49,2,2,7,2,0,57,1,5,2,0,2,43,2,1,1,2,11,2,4,0,1,17,5,0,2,0,6,49,0,0,2,2,0,0,0,9,2,2,0,2,4,1,1,3,1,2,1,1,1,3,6,0,3,3,3,1,6,1,0,30,0,65,0,3,1,4,3,2,2,28,4,2,3,4,3,2,1,0,2,0,6,0,3,0,8,0,4,1,5,4,5,0,6,3,0,5,0,7,0,2,1,2,0,40,2,3,5,9,1,1,9,0,2,1,2,1,0,2,2,0,2,21,3,4,9,19,7,19,18,7,0,3,4,8,1,5,20,0,3,1,3,1,1,1,2,1,1,1,0,1,8,3,0,0,0,2,2,1,0,5,1,2,0,4,4,9,1,0,3,4,0,1,18,2,1,2,3,2,1,0,1,0,1,0,1,2,3,0,0,5,1,0,0,1,9,28,1,0,2,2,0,1,1,0,1,53,7,0,1,0,1,0,16,6,1,6,1,5,1,0,5,1,1,2,2,86,1,1,1,0,8,2
"ENSG00000224805.2",75,1,13,20,8,22,22,92,8,543,3,41,21,59,95,16,106,71,4,7,17,0,56,53,66,65,59,58,12,84,14,22,71,17,49,6,32,26,173,150,164,20,11,167,14,156,29,47,3,11,88,25,11,11,117,115,89,55,13,87,221,98,119,36,9,18,5,59,6,59,135,35,30,3,64,6,22,38,27,24,85,30,38,194,222,27,33,62,10,184,109,320,39,97,69,0,16,21,26,20,41,48,110,96,19,7,143,5,15,10,36,21,3,21,15,109,19,94,177,148,125,59,37,492,59,8,16,17,28,99,23,6,75,38,25,7,45,12,49,7,11,46,30,22,36,45,12,29,29,135,2,7,98,143,76,99,49,21,129,164,209,89,151,19,17,34,20,114,27,49,93,36,35,14,88,9,73,166,44,24,6,67,42,49,62,96,118,25,49,46,83,6,72,168,46,185,16,284,5,55,8,22,20,18,4,387,63,27,174,25,47,160,87,69,6,43,82,4,12,37,2,173,20,11,9,2,226,10,60,63,55,45,18,133,57,186,4,102,25,44,79,29,179,6,27,242,20,203,125,23,20,298,4,42,6,82,14,45,41,45,182,11,44,78,5,27,32,10,191,10,83,4,59,6,85,43,48,3,315,29,95,28,50,29,87,5,3,50,31,15,38,40,34,262,287,20,39,184,4,142,87,56,9,10,26,26,15,44,197,18,174,7,122,166,59,66,93,13,0,24,14,91,6,18,38,154,76,130,110,2,17,11,27,66,37,7,239,48,14,3,8,133,11,50,39,117,15,22,13,25,11,210,23,60,22,10,27,40,7,92,29,52,44,24,31,25,77,23,55,119,147,54,4,105,325,10,187,15,0,33,319,15,351,61,40,137,32,98,142,85,56,160,12,26,29,34,123,31,38,3,8,104,43,45,10,20,50,26,33,10,11,74,22,24,28,17,70,1,41,43,5,6,120,8
"ENSG00000224809.2",0,0,0,0,0,0,0,0,0,0,1,2,0,0,0,10,0,0,0,0,1,4,0,0,0,0,0,0,0,0,0,1,0,1,0,2,0,0,0,0,0,0,1,0,1,0,0,3,0,0,2,1,1,0,0,0,0,1,0,0,1,0,0,0,0,0,1,0,1,1,1,0,0,0,0,2,0,0,1,1,0,1,0,0,0,0,0,0,0,0,0,0,0,0,0,0,0,0,1,0,3,1,0,0,0,0,0,4,1,1,2,17,1,0,0,0,0,0,0,0,0,0,1,0,3,1,0,0,0,1,2,2,1,0,0,3,0,0,0,0,1,1,0,3,0,1,1,0,0,0,0,0,0,0,3,0,0,0,0,0,0,0,0,0,0,0,0,0,1,0,0,1,0,0,0,0,0,0,2,1,0,0,0,0,0,3,0,0,1,0,0,0,0,0,0,0,0,0,0,0,0,0,3,0,1,4,0,0,0,1,2,0,0,0,1,1,0,0,1,0,0,0,0,0,3,3,2,0,0,0,0,0,19,0,0,0,0,1,0,0,0,3,0,0,0,0,0,0,1,0,1,4,0,1,4,0,2,0,0,0,1,0,0,6,7,0,1,4,0,3,1,1,0,3,1,1,0,1,0,3,0,1,0,6,0,1,0,0,0,3,3,0,0,0,1,0,1,0,0,1,1,1,1,3,0,1,0,2,1,0,0,0,1,1,1,0,0,0,0,0,0,0,0,0,2,0,2,0,0,0,3,0,1,2,0,1,0,0,0,0,2,1,0,1,1,0,0,0,0,2,2,1,0,0,0,2,0,0,1,0,0,0,0,0,0,0,0,0,0,0,0,1,0,0,0,0,0,0,1,0,0,0,0,0,1,1,4,0,0,0,0,0,1,0,0,0,1,0,3,0,0,0,2,0,0,0,0,0,0,0,0,0,0,1,0,0,0,0,0,2,1,1,0,2
"ENSG00000224817.2",0,0,0,0,0,0,2,0,0,0,0,0,1,176,2,0,0,5,0,0,0,0,0,0,0,0,0,3,0,6,0,0,31,2,0,0,12,0,0,1,0,0,0,0,0,0,0,1,0,0,0,90,0,8,0,0,0,0,5,0,0,17,0,0,0,0,0,0,0,0,160,1,0,0,0,0,8,2,1,1,117,94,0,1,1,0,0,8,0,0,0,0,0,41,1,0,0,1,0,0,0,0,1,0,0,0,0,0,377,0,1,0,1,38,1,0,0,1,0,182,1,2,0,0,0,0,0,32,0,1,2,1,157,0,0,0,1,0,0,0,0,0,1,1,0,0,0,1,1,0,0,0,0,0,0,0,0,0,0,1,8,0,0,1,4,2,0,0,0,2,1,0,0,94,0,0,0,373,0,0,0,0,1,2,4,0,3,0,6,1,0,161,1,13,47,7,2,0,0,0,0,0,0,178,0,200,0,0,67,0,0,0,0,0,1,0,0,0,20,2,0,3,0,0,0,0,0,37,0,0,0,1,1,0,0,43,1,0,0,0,0,0,0,0,3,1,0,0,1,0,0,1,0,0,0,0,0,0,14,86,13,0,1,113,0,0,0,0,1,0,75,0,219,0,0,0,148,0,0,110,80,0,0,1,0,0,0,0,0,11,0,0,0,0,0,219,10,0,0,0,0,0,0,0,63,0,0,0,19,70,0,0,0,0,0,200,9,0,0,0,0,0,0,0,2,0,0,0,0,0,154,0,1,0,0,0,0,30,0,0,0,0,0,0,74,0,0,0,123,0,0,0,0,241,0,1,0,0,11,0,56,0,0,264,0,0,0,0,0,0,0,0,6,25,77,0,17,1,0,3,0,0,5,0,0,0,1,0,0,0,2,0,0,0,0,0,7,1,0,0,0,0,0,0,9,0,17,6,0,0,0,0,0,0,2,0,18,0,0,0,0,0,0,1
"ENSG00000224826.1",39,0,0,0,4,0,0,0,0,0,0,1,1,4,21,0,0,0,277,0,19,0,3,0,0,0,0,5,0,11,14,2,8,1,8,0,4,0,0,0,3,1,0,0,2,0,0,11,0,0,0,12,4,1,0,0,1,0,0,0,0,0,0,0,0,0,0,1,34,0,99,0,0,0,0,0,18,0,0,0,19,1,24,1,0,0,1,0,3,0,9,381,0,0,5,0,0,1,1,0,13,0,2,23,0,1,0,1,2,0,4,0,3,2,0,9,2,0,6,7,0,0,0,9,0,0,0,0,0,15,0,0,1,0,0,0,258,0,0,0,3,0,8,2,0,9,1,0,1,0,0,0,0,0,1,0,0,22,20,5,2,0,0,0,0,2,0,2,0,2,12,1,5,0,0,38,0,1,0,1,0,0,571,1,1,1,2,0,0,1,0,0,0,6,1,2,0,6,1,0,0,0,1,0,0,13,0,1,2,0,4,7,0,0,0,1,1,0,1,492,0,0,0,0,0,0,0,0,1,3,0,0,0,0,2,0,0,0,0,0,0,0,1,0,12,3,0,0,1,1,0,3,0,12,0,0,0,0,0,0,1,1,0,0,0,9,1,0,0,0,11,0,0,0,0,0,6,0,0,0,0,1,0,0,0,0,0,0,0,0,0,7,0,0,19,0,7,9,0,0,6,0,0,0,7,0,0,1,0,0,0,1,15,6,1,28,0,1,0,0,5,0,0,0,1,0,0,0,0,0,3,0,23,1,0,0,23,0,0,0,0,0,1,0,0,0,9,0,3,1,0,30,0,21,0,1,8,7,0,7,0,0,1,6,0,0,0,0,0,0,0,18,5,0,0,0,2,1,0,1,1,1,0,2,10,0,2,15,0,1,1,0,0,3,0,2,16,1,5,0,0,0,1,1,1,0,1,0,0,0,0,0,0,0,9,0,2,1,0,0,0,1,0,0
"ENSG00000224854.3",0,0,0,1,5,1,2,1,1,5,5,0,8,39,1,0,0,2,4,0,0,0,0,1,4,2,4,1,0,3,4,0,0,2,0,1,6,0,0,0,2,3,1,2,0,1,0,4,0,1,0,8,0,2,7,8,0,0,11,2,2,5,4,5,1,0,2,9,2,2,11,1,3,0,1,0,4,2,2,14,2,11,31,0,1,0,1,0,0,3,0,0,1,0,0,0,0,4,3,3,0,0,10,0,0,0,9,0,3,2,0,0,0,3,0,3,13,1,7,1,4,4,0,8,2,0,0,4,0,1,3,0,17,1,0,0,0,0,7,0,0,8,4,0,0,4,0,0,0,1,0,0,0,4,0,3,1,3,2,1,3,0,2,0,0,2,1,5,6,16,6,6,2,0,0,2,3,4,0,2,0,0,0,2,2,1,11,1,6,5,5,21,0,2,1,9,0,14,0,8,2,12,0,8,0,1,0,6,8,6,0,0,3,4,2,1,5,1,1,18,0,9,0,0,0,0,0,3,0,0,6,5,1,2,2,0,0,6,5,4,0,6,0,0,6,1,0,0,0,6,0,1,0,1,0,10,0,2,0,10,2,4,14,4,1,0,13,0,10,0,5,1,8,0,2,1,13,0,2,10,2,1,7,0,5,0,0,0,0,1,0,0,0,9,0,3,8,0,5,3,2,0,6,0,3,6,0,0,4,1,7,0,0,0,1,0,6,0,0,1,0,2,0,10,1,5,0,2,3,0,4,0,4,1,9,0,4,4,0,0,0,11,1,1,9,7,1,0,2,0,0,0,3,38,3,0,0,0,9,4,3,1,9,8,8,2,0,7,4,4,7,5,1,1,8,2,13,0,0,16,1,1,1,0,0,7,0,2,3,1,0,4,0,1,0,1,2,0,0,0,2,3,0,0,15,1,6,3,4,0,1,6,0,0,6,0,5,22,1,0,0,0,13,0
"ENSG00000224960.5",0,0,0,1,0,0,25,0,0,0,0,460,0,806,591,0,0,1,0,0,0,0,0,0,337,900,0,27,0,6,0,0,82,84,0,0,527,0,258,451,72,0,0,0,2,0,0,7,0,0,0,83,0,232,0,0,3,0,196,0,0,924,1,357,0,0,0,7,2,0,613,49,764,0,0,0,0,0,19,379,619,338,0,0,683,0,0,38,0,0,0,81,390,0,0,1,1,106,461,0,0,0,7,0,0,0,2,0,515,0,0,0,0,2,0,412,0,3,382,2424,3,9,0,0,53,0,11,540,0,806,39,0,805,0,0,0,0,0,549,194,0,0,207,5,0,0,0,0,0,0,1,0,12,628,43,0,0,0,611,166,54,0,0,0,0,305,431,0,0,701,1,247,0,110,0,0,0,636,0,1331,0,0,0,331,472,1,77,0,0,551,0,0,0,71,44,0,0,0,0,0,0,0,0,39,0,240,0,0,134,2,0,0,0,10,62,0,0,0,14,37,0,447,0,0,0,0,76,58,0,0,0,134,0,0,14,1034,1,1,15,88,0,78,0,0,0,0,451,0,0,3,1,0,0,0,0,0,0,0,25,0,865,186,0,654,0,0,0,0,406,0,271,0,780,0,0,0,0,0,0,200,560,416,237,0,0,0,0,1,0,0,0,0,0,770,0,2,55,0,6,0,0,0,3,0,143,0,0,83,189,465,514,0,22,0,0,4,751,0,0,1,0,1,0,0,1,0,0,0,125,0,415,1,22,0,672,0,0,0,0,0,0,6,7,0,46,229,11,0,31,0,1,1,1,1384,0,0,1,0,0,0,1,0,1,0,0,1,0,0,0,220,0,25,0,1,1050,0,406,0,0,424,420,4,906,0,0,0,0,144,352,1,0,0,0,0,0,0,345,272,69,0,7,0,0,0,0,0,355,0,80,0,41,209,0,0,0,0,277,0,0,0,0,0,0,0
"ENSG00000225005.1",0,0,0,1,11,11,0,0,1,2,0,0,1,0,1,1,2,0,0,5,0,1,2,0,0,0,1,0,0,0,0,0,0,0,0,0,0,2,0,0,0,2,8,0,0,0,0,1,0,0,0,0,1,1,0,0,4,0,1,1,0,2,1,1,0,2,0,2,0,0,0,0,0,0,0,0,0,1,1,0,0,0,1,0,0,29,0,0,0,0,0,0,1,2,0,0,0,0,1,0,1,0,0,0,0,30,5,0,9,0,0,0,0,1,0,0,16,0,2,0,0,0,0,3,0,0,0,0,1,6,0,0,1,2,0,1,0,0,4,0,0,13,0,0,0,0,0,3,0,0,0,0,0,1,0,1,0,0,6,0,0,0,0,2,6,0,3,1,0,1,0,0,0,0,0,0,0,1,1,2,0,2,3,0,0,1,1,1,0,0,0,0,4,0,0,4,0,0,0,10,0,0,3,0,0,0,0,3,0,0,5,1,0,0,26,0,0,0,0,2,0,0,0,1,0,0,0,0,0,2,2,1,0,0,0,0,0,0,0,1,11,1,0,13,22,0,0,0,1,15,0,0,0,1,0,1,0,0,0,0,0,0,16,2,0,3,1,0,1,0,0,0,0,0,0,1,0,0,0,0,0,1,0,0,0,3,0,4,0,2,0,1,0,1,0,1,1,0,0,4,0,1,3,1,0,0,0,3,1,3,0,23,1,17,0,0,4,3,0,1,1,1,0,26,4,0,1,0,0,0,0,0,0,1,1,0,0,0,0,0,0,2,0,25,0,0,1,3,0,1,1,0,1,2,1,1,11,7,0,0,0,0,2,4,7,0,0,3,2,0,0,0,0,0,0,0,0,1,0,1,1,1,0,0,0,0,5,0,0,0,6,0,0,2,5,0,0,2,0,0,0,0,1,0,1,0,1,1,1,1,0,1,0,0,0,4,0,2,5,2,0,0,4,0
"ENSG00000225007.1",1,0,8,0,0,0,1,0,0,5,0,4,0,3,4,0,2,1,0,2,0,0,2,0,1,1,0,0,1,5,0,7,2,1,1,4,3,0,2,0,1,6,2,1,0,2,0,8,0,1,3,0,0,1,1,2,2,1,5,1,1,5,0,1,0,3,0,4,0,0,4,3,2,0,4,0,2,0,0,0,0,0,0,2,2,1,1,1,8,2,3,0,0,0,3,0,0,8,1,1,4,0,5,1,2,3,1,0,1,3,2,3,7,6,0,3,5,0,1,8,0,1,0,1,0,0,0,0,1,3,0,0,1,2,5,0,4,0,1,0,0,7,1,0,1,3,2,3,3,0,0,0,1,3,0,0,1,2,3,0,6,1,1,2,1,3,3,3,0,0,0,2,0,1,2,0,2,2,0,0,0,3,2,1,1,0,2,0,0,0,0,4,2,0,0,0,0,3,2,5,2,1,5,1,0,0,1,2,2,3,2,4,3,3,11,1,0,2,2,0,0,6,4,2,0,0,0,1,4,2,3,4,5,1,3,3,0,1,2,2,0,0,0,1,8,3,0,6,2,0,0,2,0,0,0,2,0,4,1,2,0,3,2,2,0,4,0,0,1,0,1,0,0,0,0,0,0,0,0,0,3,1,3,0,1,2,0,2,5,6,2,0,2,0,0,1,0,5,7,3,1,0,1,0,0,3,0,0,0,1,0,0,0,2,5,2,1,6,0,2,2,1,0,5,2,2,0,1,5,0,0,1,2,3,2,0,0,6,0,1,0,1,2,1,2,0,2,7,1,0,0,3,2,0,1,0,0,1,1,1,0,3,0,4,16,1,2,8,1,9,0,1,0,2,0,5,1,0,2,1,1,0,1,6,0,0,0,0,2,0,2,4,0,1,0,2,1,5,0,0,1,0,1,0,2,1,1,1,1,2,0,0,1,0,2,0,0,21,3,0,0,1,2,2
"ENSG00000225053.1",0,14,0,0,0,0,0,0,0,0,0,0,0,0,0,1,0,0,0,0,0,4,0,0,21,2,0,0,0,0,0,0,0,8,0,0,1,0,0,0,1,0,0,0,5,0,0,0,3,1,0,0,1,1,0,0,0,1,4,0,0,2,0,3,2,0,2,0,2,0,0,0,0,6,0,6,0,0,0,0,0,10,0,0,0,0,0,0,0,0,0,0,0,0,0,4,1,0,0,0,0,5,0,0,0,0,1,4,0,0,0,2,0,0,0,1,0,0,0,0,0,1,0,0,0,14,3,0,0,0,1,1,0,0,1,8,0,3,0,0,19,0,0,2,0,1,0,0,0,1,4,0,0,0,0,0,0,1,0,0,0,1,3,0,0,2,0,0,1,1,0,0,0,1,0,0,0,0,0,0,2,0,0,0,0,0,0,0,0,1,0,0,0,0,28,0,5,0,0,0,0,3,0,0,5,0,0,4,0,1,1,0,0,0,0,0,0,0,0,1,22,1,0,0,0,6,0,0,0,0,0,0,0,0,0,0,9,1,0,1,0,0,0,0,0,0,0,0,0,0,0,0,4,0,4,1,7,0,0,0,0,12,0,2,2,0,0,3,0,2,0,2,0,5,0,0,0,21,0,0,1,1,0,2,0,0,2,0,0,0,0,0,0,0,0,0,0,0,0,0,1,0,0,0,0,0,0,0,0,0,1,2,0,0,0,0,0,1,0,0,0,0,1,0,0,0,0,0,0,9,0,0,0,0,0,4,0,0,0,0,8,0,0,0,0,3,0,0,0,0,6,0,2,0,0,0,0,0,0,0,0,0,1,0,0,0,0,0,0,0,0,0,0,0,0,0,1,0,0,0,3,1,11,0,0,0,0,0,0,0,0,0,0,0,0,0,0,0,1,7,1,1,0,0,0,0,0,0,21,0,0,0,9,0,5,0,0,1,15,0,6,0,0,1
"ENSG00000225087.2",0,0,5,0,0,0,3,0,0,0,1,2,0,15,10,0,0,23,0,0,0,0,0,0,0,0,0,5,2,6,0,0,0,0,5,0,2,0,0,0,0,0,0,14,0,0,0,0,0,0,0,0,0,2,0,1,0,0,1,0,0,1,1,0,0,0,0,5,0,0,1,2,0,0,0,0,0,0,0,24,12,0,0,0,1,0,0,4,2,0,0,18,5,0,1,0,2,4,4,0,1,0,0,0,0,0,1,0,77,0,0,0,0,0,0,1,0,2,4,78,2,7,0,0,0,0,0,0,0,49,0,0,9,0,0,0,0,0,1,0,0,0,30,0,0,0,2,0,0,0,2,0,0,9,1,0,0,0,2,0,1,0,0,0,0,0,0,0,0,2,0,0,0,32,0,0,3,38,0,1,0,0,0,0,25,0,1,0,2,33,0,0,1,0,0,11,0,0,0,0,0,0,0,3,0,31,0,0,0,0,0,0,0,2,13,1,1,0,3,1,0,6,0,0,1,0,3,0,0,0,0,0,0,8,4,7,0,0,0,0,0,0,1,0,0,0,3,0,0,3,0,0,0,0,0,0,0,0,2,2,3,0,0,55,0,0,0,0,8,0,1,0,42,0,0,0,21,0,0,12,13,1,0,0,0,0,0,0,0,0,0,0,0,1,0,5,0,1,0,1,0,1,34,0,0,0,0,0,1,3,7,0,0,0,0,2,18,0,0,1,0,0,0,0,0,0,0,4,7,0,100,0,0,0,0,0,0,0,0,0,0,1,0,0,3,16,0,1,9,0,0,0,0,44,0,0,0,0,0,0,2,0,0,0,0,0,0,0,0,0,0,5,3,2,2,0,3,0,1,11,0,0,0,0,0,0,0,7,0,0,0,0,0,0,0,0,2,39,1,0,0,12,0,0,0,0,6,0,0,0,0,0,0,0,0,0,4,0,0,0,0,0,0,0
"ENSG00000225110.3",0,0,838,0,1,0,0,3,0,2,0,0,26,1,1,0,0,0,0,0,1,0,1,1,0,4,0,0,0,0,1,0,0,0,1,0,2,0,1,0,0,0,0,0,0,0,1,0,0,247,0,1,1,0,0,0,0,0,0,0,0,0,0,0,3,0,0,0,0,0,3,0,0,0,0,0,2,0,0,0,1,0,0,0,1,1,0,2,1,0,1,0,0,0,9,0,0,1,0,0,0,0,0,0,0,2,0,0,15,0,0,0,0,0,0,0,0,0,0,0,0,0,158,0,0,0,0,0,1,0,0,0,0,1,0,0,0,0,1,0,0,0,0,0,2,0,0,0,0,0,0,0,0,1,0,0,0,5,0,0,0,0,1,0,0,0,0,1,0,0,0,0,0,0,1,0,0,1,0,0,0,0,0,0,0,0,0,1,0,0,0,0,1,0,4,2,0,0,1,0,0,0,0,0,0,1,138,0,0,0,0,1,0,1,0,0,0,0,0,0,1,0,0,0,0,0,0,0,0,0,1,0,1,0,0,0,0,0,0,1,0,0,4,0,0,1,1,6,0,0,0,0,0,0,0,2,1,0,0,1,0,0,1,2,0,0,2,0,0,0,0,0,3,0,0,0,0,0,0,0,0,0,0,0,0,0,0,0,1,0,0,1,0,0,0,0,0,0,0,0,0,2,0,0,16,0,0,0,4,0,0,0,2,1,0,0,0,0,6,0,0,0,0,8,2,0,0,1,4,0,0,1,0,0,0,0,0,0,0,0,0,0,0,2,0,0,0,6,1,0,0,0,1,1,0,0,0,0,0,0,1,0,0,0,0,0,0,3,0,0,0,0,2,2,0,2,2,0,0,0,1,0,1,0,0,0,1,1,0,0,0,0,0,0,1,0,7,0,0,0,0,0,4,0,0,846,0,0,0,12,0,0,1,0,0,0,0,0,0,1,0,0,0,0
"ENSG00000225138.8",299,13,80,69,462,347,20,203,137,2782,107,641,226,294,544,100,800,158,834,97,557,50,181,38,401,142,42,307,17,238,1446,106,99,139,83,85,60,196,494,469,29,529,259,301,165,122,115,35,115,183,24,74,187,67,271,291,48,1648,115,366,415,147,79,50,134,26,388,136,4047,1843,1820,1736,31,53,29,103,4596,1780,75,197,293,96,1254,518,29,443,614,133,669,38,2481,254,8,831,45,44,345,113,117,48,74,145,151,101,1126,1976,200,111,1017,121,414,85,241,41,430,110,325,228,86,80,23,147,40,718,286,90,63,158,783,147,107,51,121,203,1526,130,613,82,3868,96,60,1111,962,92,749,87,1564,542,160,417,33,162,190,45,115,43,181,139,429,1097,132,826,1505,1655,459,98,835,666,512,1061,227,143,1422,808,1244,43,1529,159,141,94,30,274,516,775,229,50,299,131,122,233,93,73,1035,372,25,610,88,236,46,3484,42,1072,82,843,30,193,88,1492,267,287,1191,1212,197,70,100,831,105,230,113,101,91,181,32,325,183,47,636,223,448,215,498,273,191,462,235,303,127,86,22,35,354,1167,329,1282,2302,767,33,156,173,361,54,51,42,585,49,69,27,737,170,130,430,39,106,66,30,3696,400,65,354,106,26,111,47,12,440,231,86,21,295,50,331,72,128,88,440,89,28,691,39,1450,161,33,170,138,82,160,221,127,235,6848,1249,984,89,80,58,193,48,380,314,82,509,775,455,1771,1059,1962,697,147,265,273,87,1359,129,92,134,431,79,436,186,85,109,39,123,111,905,143,2274,317,109,191,36,123,541,2544,21,44,199,2508,37,11,45,463,218,61,44,76,172,1954,33,122,157,45,197,642,393,364,7669,569,92,77,392,621,41,181,557,73,167,207,54,321,162,207,296,279,354,207,203,162,35,12,2060,202,32,550,522,36,104,185,604,31,247,188,869,73,615,238,61,72,18,76,147,37,199,175,82,26,38,219,10931,121,46,107,208,49
"ENSG00000225140.1",4,0,20,0,0,0,0,0,0,2,6,0,0,0,6,1,0,0,0,1,0,0,0,0,1,1,0,1,0,0,0,1,1,1,1,3,2,0,0,0,0,14,1,0,3,0,0,1,1,0,1,0,1,0,1,0,1,1,0,0,0,0,0,1,1,0,0,1,0,0,0,0,0,2,0,4,0,0,0,0,2,2,4,0,0,0,0,0,1,0,0,1,0,0,1,2,0,1,0,0,0,0,0,0,0,1,0,2,1,0,0,6,0,0,0,0,1,1,0,0,0,0,2,0,1,5,0,0,1,2,1,0,2,0,0,2,1,0,0,2,0,0,0,1,1,0,1,0,2,4,2,3,0,0,3,1,0,0,0,0,0,0,0,1,0,0,0,0,0,1,0,0,2,1,0,0,0,0,1,0,3,0,0,0,0,0,1,0,0,0,0,19,0,0,0,0,1,0,1,0,1,0,1,0,2,0,1,1,0,2,1,0,1,0,1,0,0,0,0,0,0,0,3,0,2,1,1,0,0,0,0,0,1,0,2,0,3,0,0,0,0,2,4,1,0,0,0,2,1,0,0,0,0,0,0,0,3,0,0,0,0,1,0,0,0,1,0,6,0,2,0,0,0,3,0,2,0,2,2,0,1,0,0,2,0,2,1,0,0,1,0,0,0,0,0,4,3,1,0,2,1,0,0,8,0,1,0,0,1,0,0,0,1,1,1,13,0,0,0,0,1,1,3,0,1,0,1,0,0,2,0,0,0,0,1,0,0,0,1,1,1,0,1,5,0,0,0,0,2,1,3,2,0,0,0,6,0,8,0,1,0,0,0,0,1,0,0,1,3,0,0,0,4,0,0,0,0,8,0,0,0,1,0,0,1,0,0,0,0,0,0,0,1,1,0,0,0,0,3,2,0,1,2,0,1,5,0,0,0,0,0,0,0,0,0,0,0,3,0,4,1,0,3,9
"ENSG00000225180.8",1,0,0,0,5,0,0,0,0,0,0,0,0,0,0,0,0,0,0,2,2,0,8,0,0,0,0,0,0,0,35,0,2,2,0,1,0,0,0,0,0,0,0,1,1,3,0,0,0,0,0,1,0,3,0,0,0,0,0,3,0,0,1,0,0,16,0,0,0,1,0,0,0,0,0,0,0,0,1,1,0,0,1,0,1,0,0,0,3,0,5,1,1,3,0,0,0,0,1,0,0,0,0,0,0,3,0,0,5,4,16,0,0,0,1,0,1,0,1,0,0,0,0,0,0,0,0,0,3,0,1,0,0,0,3,2,0,0,186,0,0,6,0,0,0,4,0,0,6,23,0,0,0,0,0,0,0,0,0,0,0,143,0,0,0,0,0,38,0,0,0,0,0,0,9,0,3,5,0,0,0,0,0,1,0,0,0,0,0,0,0,1,0,0,0,1,1,0,0,1,0,0,0,0,0,1,0,0,0,0,1,55,0,0,1,2,0,0,0,0,1,0,0,0,1,0,0,0,0,0,6,0,0,0,0,0,0,0,0,0,3,0,0,3,0,44,0,0,55,0,54,0,0,0,0,41,1,38,0,0,1,0,0,0,0,0,19,0,0,0,0,0,0,1,1,0,4,1,0,0,2,1,0,0,0,0,0,14,0,1,0,0,0,0,2,4,0,0,0,1,0,13,0,0,0,0,0,0,1,0,0,4,0,4,0,2,0,3,0,0,3,7,0,63,0,181,0,0,0,0,0,2,0,2,2,1,0,0,0,0,0,0,1,19,0,0,1,29,0,0,1,10,0,4,0,1,0,7,3,8,0,6,0,1,1,0,0,1,0,0,1,0,3,5,1,0,1,0,0,0,0,0,0,0,0,0,2,0,0,0,81,0,0,1,0,0,0,3,0,0,0,0,2,0,0,0,0,0,0,0,0,0,0,0,1,0,0,0,2,2,0,0,0,0
"ENSG00000225206.10",0,0,1,0,1,0,1,1,1,2,0,0,0,2,1,0,0,0,0,0,0,0,2,0,0,0,0,0,0,7,17,3,0,0,2,0,0,0,0,0,0,1,0,0,0,1,0,0,1,0,0,1,0,1,0,0,0,0,0,0,0,26,0,1,0,0,0,0,0,2,20,0,0,0,0,0,18,0,6,0,0,0,0,22,3,1,0,0,0,0,0,0,0,0,0,0,2,0,0,4,0,0,0,0,3,0,4,0,150,0,0,0,0,1,0,1,0,0,66,0,0,0,0,2,1,0,0,1,0,0,0,1,6,0,0,0,0,0,13,0,0,0,0,1,0,0,1,1,4,0,0,0,0,0,0,0,0,19,0,0,0,0,1,0,1,0,0,4,0,6,0,0,0,6,0,0,0,0,171,0,0,0,0,0,0,0,0,0,1,0,0,103,1,0,0,3,0,0,0,0,0,4,0,12,0,20,0,0,1,1,0,0,0,0,6,0,0,0,2,0,0,0,27,0,0,0,0,1,0,0,0,0,0,0,0,0,0,0,0,0,0,0,0,0,18,0,0,0,0,0,0,0,0,13,0,0,0,0,0,33,0,0,15,0,1,0,0,0,1,0,0,0,48,0,0,0,0,0,0,1,0,1,0,0,0,5,0,1,0,0,0,0,0,0,0,99,34,0,0,0,0,1,8,0,0,0,0,0,2,0,0,0,0,1,2,0,1,0,1,1,0,0,0,29,0,1,0,0,0,0,0,0,0,0,0,0,0,9,0,0,0,0,1,0,0,0,0,0,8,0,0,41,1,5,0,0,0,0,36,0,0,0,0,15,1,0,0,27,0,0,0,0,0,0,0,0,0,0,0,1,0,3,0,2,0,0,0,0,0,0,2,0,0,1,0,0,1,0,0,0,0,1,0,0,0,0,0,0,0,0,0,0,0,0,0,0,0,84,0,0,0,0,0,1
"ENSG00000225210.10",45,0,18,6,36,4,8,0,2,3,2,32,3,327,25,4,2,26,1,8,15,1,36,4,21,20,15,22,11,44,32,9,29,0,15,3,11,2,23,27,0,11,56,19,2,0,1,34,1,1,0,25,1,20,0,1,1,2,0,1,0,27,5,10,1,1,3,2,1,5,39,15,21,0,0,0,13,2,19,19,62,26,10,2,31,5,9,15,10,11,2,31,18,0,0,0,0,29,26,9,0,4,11,3,1,8,3,0,162,28,10,2,5,13,1,21,3,9,32,65,21,3,1,16,10,0,3,21,2,44,5,0,19,1,15,1,2,0,19,12,0,2,36,2,2,11,25,0,11,3,1,1,3,59,10,2,15,4,63,18,15,0,16,0,1,15,44,5,0,78,7,7,2,94,1,5,32,19,2,43,0,0,20,24,18,1,35,18,35,14,10,114,4,34,12,29,1,4,0,3,9,12,6,102,0,41,4,9,3,32,2,9,50,27,25,18,0,0,32,53,1,9,11,3,3,0,23,35,2,9,0,30,1,2,2,29,1,1,15,26,0,28,0,2,2,19,5,2,2,2,1,6,1,4,0,2,0,9,14,42,37,40,27,57,0,3,1,1,42,0,33,0,28,2,1,0,28,0,2,34,75,13,3,1,15,14,0,2,1,2,6,2,0,15,2,15,39,7,2,0,3,0,49,0,12,0,0,9,19,15,40,1,23,1,45,30,50,10,2,16,1,6,0,74,48,1,2,2,22,0,29,0,3,1,78,1,0,12,0,0,0,8,11,2,34,29,8,4,17,1,0,30,0,14,9,0,0,0,61,0,63,4,10,44,20,1,2,47,0,18,1,26,6,12,50,4,28,0,0,29,2,19,34,4,3,18,1,16,15,0,14,0,0,4,0,14,37,35,17,0,3,6,3,0,8,31,24,15,1,2,7,4,2,0,55,0,8,37,1,5,0,5,3,0
"ENSG00000225255.6",1,0,0,0,0,0,0,0,0,0,1,14,0,1,36,0,0,2,0,0,0,0,1,0,4,0,4,0,1,2,0,0,7,0,5,0,0,0,39,6,1,0,0,0,0,0,0,2,0,0,0,1,0,22,0,0,0,0,0,0,0,50,2,0,0,1,0,0,0,0,17,0,0,0,0,0,0,0,6,19,18,13,0,0,4,0,0,6,0,1,0,3,0,0,0,0,0,26,3,0,0,0,0,0,0,0,1,0,146,5,0,0,0,0,0,5,0,0,0,6,0,1,0,0,0,0,0,2,0,0,1,0,4,0,1,0,0,0,4,0,0,0,35,0,0,1,0,0,0,0,0,0,0,10,0,0,0,0,10,7,3,1,3,0,0,6,57,0,0,16,0,0,0,0,0,0,1,10,0,1,0,0,0,0,11,0,0,0,0,3,0,45,5,7,4,0,0,0,0,0,1,0,0,20,0,30,0,0,9,0,0,0,2,1,2,0,0,0,6,3,2,1,0,0,0,0,3,0,0,0,0,0,0,1,5,2,0,0,0,0,0,1,0,0,0,0,5,0,1,0,0,0,0,0,0,0,0,0,0,97,6,14,0,8,0,0,0,0,8,0,2,0,11,0,0,2,51,0,0,9,0,3,4,0,0,4,0,0,13,0,0,0,0,3,0,11,3,0,0,1,1,0,0,0,8,0,0,3,4,5,0,0,1,0,0,0,0,0,0,3,0,0,0,22,1,0,0,0,0,0,2,0,0,0,3,0,0,5,0,0,0,0,1,4,193,19,0,1,3,0,0,6,0,49,1,0,0,0,0,0,1,0,2,51,0,0,0,0,0,1,0,0,0,2,14,0,3,0,0,0,0,7,5,0,0,0,0,0,3,0,12,0,0,1,0,0,15,20,0,0,0,0,0,0,0,6,2,0,0,0,0,13,0,0,0,0,5,44,0,0,0,0,0,0
"ENSG00000225308.2",3,7,0,2,2,1,0,2,2,1,0,0,1,1,1,4,0,7,2,1,1,3,2,0,0,2,2,33,0,0,0,0,3,61,0,5,3,0,0,0,1,1,2,71,5,1,12,0,60,5,3,1,12,38,3,1,6,4,2,18,2,3,1,3,11,1,2,2,5,2,1,0,1,187,6,13,25,2,1,0,4,1,41,3,0,1,0,2,7,13,0,0,0,0,0,25,22,102,2,1,2,7,1,3,1,106,13,3,3,2,1,11,19,22,0,8,0,2,7,4,1,0,10,3,2,11,3,2,48,1,2,2,0,4,4,7,3,12,6,0,0,2,8,26,0,0,1,0,1,1,1,283,108,6,1,2,1,9,9,1,1,3,2,6,1,6,2,5,8,1,4,2,3,5,1,0,3,1,0,1,6,11,1,0,0,3,43,2,1,0,28,0,13,1,27,4,20,3,28,18,0,1,1,1,13,1,2,1,2,16,5,2,3,29,4,0,0,1,5,7,5,26,0,7,0,8,2,1,0,3,3,31,0,1,1,2,6,2,3,6,6,0,2,5,2,0,0,0,1,56,0,0,6,26,5,12,13,1,0,2,3,2,0,9,46,1,4,4,7,10,2,1,2,18,5,1,1,8,5,3,3,7,2,4,5,1,58,2,1,0,4,0,2,1,2,0,0,3,20,3,15,25,0,2,0,1,2,3,2,0,3,0,4,7,3,5,28,1,23,0,29,0,151,1,6,27,2,0,0,3,5,0,4,4,5,116,5,3,1,7,11,3,0,3,4,11,0,8,1,30,21,5,34,45,1,112,49,5,2,0,401,1,7,0,1,1,1,2,2,0,1,1,3,0,7,1,6,9,5,7,5,1,49,6,2,2,0,0,2,1,2,0,1,0,3,6,3,2,3,1,3,0,2,0,1,1,7,0,6,12,2,19,0,4,0,1,2,1,4,65,281,39,1,12
"ENSG00000225328.2",103,0,1,2,1,0,0,0,0,1,0,0,0,5,0,0,1,0,0,11,0,0,0,0,2,0,0,0,1,0,1,5,0,1,0,0,2,0,0,0,0,4,6,1,1,0,0,0,0,0,1,0,0,0,1,0,2,5,0,0,1,1,1,0,0,8,0,0,9,0,33,0,1,1,0,1,42,0,2,2,1,1,0,0,0,1,4,0,0,3,0,0,0,0,1,0,0,0,0,0,2,0,0,0,0,2,1,0,10,2,0,1,0,0,9,3,2,0,2,5,1,0,0,0,0,0,1,1,1,45,0,0,1,0,0,0,0,0,6,0,0,4,10,0,1,0,0,3,2,0,0,0,0,0,0,1,0,2,1,4,0,1,0,0,3,0,7,1,1,5,0,0,0,0,0,0,0,0,1,0,0,1,2,0,1,0,0,0,0,0,0,0,0,0,3,1,0,4,0,0,0,0,1,1,0,2,2,0,0,0,3,0,1,1,1,1,4,0,0,1,0,0,0,0,1,0,8,3,0,0,2,0,0,3,2,0,0,0,0,0,0,1,5,0,1,0,1,0,2,3,0,0,0,0,0,0,0,0,2,2,3,0,3,5,0,1,6,0,0,0,5,0,6,0,0,1,3,0,0,1,0,1,0,0,0,0,0,0,3,1,1,0,0,0,0,1,0,0,0,1,0,0,4,0,1,0,0,0,1,0,1,2,0,0,0,0,0,2,3,1,1,3,0,9,2,0,0,1,0,0,1,1,1,1,0,0,0,0,0,0,1,0,0,4,0,0,0,0,0,0,0,4,0,7,0,0,12,32,3,3,2,0,2,11,0,0,0,3,0,0,0,0,0,0,0,0,0,0,0,1,0,0,0,0,0,0,2,2,0,0,9,1,0,6,6,0,1,20,0,0,0,0,1,0,3,11,1,1,0,0,0,0,0,1,0,0,0,1,1,1,0,0,9,0
"ENSG00000225366.4",0,0,0,8,13,42,0,0,0,0,2,15,22,0,0,0,12,0,1,5,36,0,0,0,0,0,1,0,2,1,4,1,2,1,0,0,0,0,15,21,0,0,0,1,0,1,0,1,1,0,0,99,1,0,10,4,0,0,1,0,22,3,0,0,3,2,0,5,2,0,0,5,1,0,0,0,0,1,1,0,0,0,1,0,0,0,1,0,0,0,11,4,6,0,5,0,6,0,1,0,0,0,0,18,8,0,3,0,0,1,0,0,0,0,0,99,0,0,1,1,0,0,0,1,0,0,0,0,5,0,0,0,2,1,0,0,3,0,0,0,0,2,1,1,0,0,0,0,0,0,1,0,79,5,0,0,0,0,2,0,1,0,0,0,0,0,0,0,0,0,1,50,0,0,4,1,1,0,0,0,0,0,3,0,1,2,0,0,1,0,0,0,0,29,2,0,0,2,0,0,6,0,4,0,0,0,0,0,3,0,0,0,42,196,1,0,18,0,0,67,0,0,0,0,0,0,1,0,0,1,0,0,1,0,0,0,0,6,0,0,0,0,2,0,4,0,0,0,0,2,0,2,1,0,0,0,0,0,2,2,1,1,1,2,0,0,0,0,2,0,62,0,0,0,9,0,0,0,9,2,0,0,0,0,3,0,0,0,0,0,0,4,10,3,4,0,0,2,0,0,1,0,1,0,0,0,0,29,0,0,0,0,9,1,5,0,0,0,0,0,3,0,0,0,1,0,0,0,0,0,0,3,0,2,1,0,5,0,4,0,1,1,12,0,0,1,17,0,0,0,0,0,1,24,39,1,0,0,1,5,1,0,2,0,0,0,2,0,0,3,0,10,2,3,3,0,2,0,0,0,0,0,11,0,1,0,6,2,0,1,0,7,2,18,0,0,0,1,15,0,1,1,0,21,0,0,0,0,0,1,0,1,0,0,6,6,0,1,0,0,0,1,0,0
"ENSG00000225383.8",0,0,94,14,2,5,1,5,18,1,4,13,12,8,16,0,14,6,9,4,1,0,19,10,12,7,24,7,4,4,6,7,11,14,7,2,37,25,46,12,13,3,46,28,1,24,8,16,0,37,7,6,0,12,32,32,26,15,47,21,25,36,9,3,1,10,23,7,5,17,21,8,14,0,25,0,4,21,7,13,30,5,1,13,18,13,4,3,159,18,14,19,2,21,1,0,0,42,6,1,7,1,21,3,7,11,33,0,4,0,12,0,11,23,1,11,18,3,8,36,10,37,8,7,4,0,8,27,7,4,7,0,6,7,3,0,5,0,42,10,0,46,3,0,3,8,15,4,20,0,0,0,12,15,3,6,8,10,26,1,85,5,12,1,5,20,49,10,13,1,0,15,30,13,11,15,27,23,1,6,0,5,25,4,15,28,14,12,2,5,5,19,24,2,18,3,1,18,4,17,8,9,20,20,0,14,28,15,1,4,2,9,14,4,22,1,48,40,14,58,0,24,44,32,0,0,3,9,18,37,14,12,12,21,74,30,0,21,15,28,3,6,9,3,11,17,18,27,37,3,9,22,0,4,0,3,1,12,7,11,9,10,11,18,1,5,12,0,20,0,20,0,5,0,3,2,1,0,5,4,23,35,23,0,0,19,0,50,29,14,0,5,20,24,15,3,0,18,86,3,3,23,11,0,21,13,3,9,2,3,7,8,2,8,21,5,15,12,4,12,7,6,0,23,4,13,0,24,2,1,3,14,12,1,7,0,15,30,13,24,0,39,20,0,13,12,22,18,3,0,0,3,16,17,4,1,20,0,26,16,11,109,4,9,4,8,23,24,21,19,10,17,8,20,2,1,12,0,4,33,13,28,1,19,0,14,25,3,3,7,20,5,0,45,3,9,11,5,4,0,8,15,9,0,12,5,1,15,45,11,3,19,32,12,2,3,23,30,16,0,0,4,29,1
"ENSG00000225385.3",11,0,0,2,10,1,0,0,0,8,0,0,0,32,49,1,2,1,0,9,3,1,4,2,0,3,0,1,4,2,17,5,0,10,2,2,0,5,0,0,0,14,1,1,1,1,2,0,3,1,0,3,1,0,0,45,0,0,6,2,1,26,0,0,3,3,1,0,3,13,45,1,10,1,0,0,16,3,0,10,0,38,20,0,32,7,5,0,7,0,19,3,2,0,1,0,0,0,1,2,0,0,0,0,0,4,10,1,12,1,3,4,2,17,0,0,78,1,8,0,0,0,1,0,3,9,0,1,16,31,5,1,55,3,6,2,0,0,17,3,0,46,11,0,9,19,2,43,1,11,2,1,6,5,2,0,3,2,0,11,1,1,2,3,6,12,3,26,10,6,16,2,0,21,0,0,0,0,49,0,0,2,4,28,0,0,15,0,13,1,0,1,9,7,2,10,1,11,2,14,0,34,2,40,0,0,9,12,0,19,4,14,5,14,10,11,0,0,8,1,0,0,1,3,0,0,0,5,0,1,13,9,0,0,0,1,1,0,4,0,3,11,0,1,49,5,0,2,0,2,0,0,1,20,0,4,1,1,0,11,1,3,8,5,2,0,13,0,36,1,2,0,3,0,2,5,1,0,0,13,8,0,1,1,0,0,0,2,0,1,1,0,26,0,0,4,1,0,12,57,11,1,0,2,0,0,0,6,4,0,0,2,0,20,3,29,0,1,5,2,5,18,0,34,1,12,0,0,0,1,0,2,0,0,0,0,1,4,0,1,0,0,7,16,6,2,0,0,7,0,1,26,2,4,0,0,18,51,0,18,0,1,0,83,172,6,0,1,0,1,4,2,0,0,45,5,11,1,0,9,1,5,19,0,1,0,11,2,4,3,10,0,1,29,4,5,7,2,5,0,1,5,6,0,15,0,2,6,0,1,0,2,18,1,8,2,6,5,4,2,0,0,1,2
"ENSG00000225420.1",3,0,0,0,0,0,0,0,0,1,3,1,4,2,0,1,0,0,2,1,0,0,1,0,78,0,1,8,0,0,0,0,0,11,0,4,3,0,0,3,0,1,0,0,0,0,0,5,0,0,0,2,0,0,0,1,0,0,24,0,0,14,0,1,0,1,0,0,1,0,0,0,1,0,0,0,0,0,3,0,4,2,5,0,0,0,0,3,0,1,0,0,0,0,0,0,2,7,1,0,0,2,0,0,0,0,1,0,1,0,1,1,0,24,0,0,0,0,0,0,1,0,0,0,0,0,0,27,1,0,3,0,1,1,0,0,0,0,0,1,0,0,0,0,0,0,3,0,1,0,0,0,0,0,0,0,1,1,0,8,2,0,0,0,2,2,1,0,0,1,0,13,1,2,0,0,1,0,2,1,0,1,0,0,1,0,9,0,0,0,0,0,0,1,8,0,0,0,0,0,0,1,0,2,0,19,0,0,2,1,0,0,0,17,45,0,1,0,0,59,0,1,0,0,0,2,0,0,0,0,0,13,0,0,0,0,0,0,0,1,0,0,0,0,0,0,0,0,0,0,0,0,0,0,2,0,0,0,0,0,2,31,0,0,0,0,0,0,0,0,0,0,0,0,0,0,0,0,0,0,24,1,0,0,0,0,0,0,0,0,0,0,0,0,0,0,2,0,0,0,0,0,1,0,1,0,0,0,0,0,1,0,0,1,0,23,0,1,0,4,1,0,0,1,0,0,2,0,0,0,1,1,11,0,0,0,0,0,0,0,0,0,0,1,22,15,0,0,0,0,0,0,0,82,0,0,0,2,0,0,0,0,1,0,0,0,0,1,1,0,0,1,0,1,2,0,5,2,0,49,0,22,3,1,0,2,0,0,0,0,0,0,0,1,1,0,2,0,0,0,13,0,0,0,1,0,0,0,2,0,2,8,0,0,1,1,1,2,0,0,0,0,0,2
"ENSG00000225506.2",10,0,3,1,2,10,0,9,1,57,2,1,2,21,11,1,8,11,1,0,6,1,2,8,10,21,2,10,0,9,3,5,9,2,1,0,1,3,3,13,3,5,1,16,2,0,2,2,1,0,11,22,3,3,3,12,7,4,4,4,2,6,6,6,0,10,2,2,3,3,20,4,1,1,1,4,3,1,3,3,12,11,9,3,24,1,0,2,1,5,7,25,14,0,1,0,2,3,7,2,0,6,4,4,1,0,13,0,14,4,9,2,4,0,5,3,8,9,11,17,8,6,3,14,6,0,0,1,12,54,4,0,18,4,2,3,8,1,4,3,0,6,11,3,8,4,3,7,4,24,0,0,14,11,7,6,3,6,4,30,2,3,20,5,2,3,6,8,4,6,7,3,1,4,0,1,4,6,20,10,0,2,5,13,4,2,11,2,9,10,5,0,4,19,0,12,2,8,0,4,2,8,7,6,1,4,4,4,6,13,1,6,3,14,6,12,2,0,2,10,1,3,0,0,3,1,42,4,0,8,1,10,0,10,3,6,0,1,6,3,2,1,8,2,5,12,1,2,10,6,0,7,1,1,1,9,0,0,4,7,21,4,7,7,0,5,1,0,6,2,1,1,6,0,9,12,0,1,4,5,12,0,1,1,7,0,0,6,1,1,2,4,2,11,12,7,16,8,7,34,7,0,0,1,0,0,1,3,16,4,10,4,10,1,8,92,7,1,0,1,2,26,1,9,3,8,2,5,1,0,6,0,4,12,4,2,7,2,2,0,3,9,3,5,4,4,1,0,0,1,2,36,2,20,0,2,0,6,2,56,1,4,6,3,7,5,9,4,1,2,4,1,0,3,15,2,38,3,1,1,5,4,7,0,2,5,6,7,5,11,6,4,0,6,3,1,11,0,5,0,1,8,2,3,2,0,2,3,0,1,1,2,1,3,3,6,5,1,13,7,1,1,14,1
"ENSG00000225518.3",9,6,20,32,57,64,25,0,9,3,22,270,12,40,404,16,7,94,25,23,27,5,22,47,52,45,39,38,35,49,16,64,44,1,54,26,72,31,198,91,9,14,10,51,9,17,7,39,4,4,22,10,9,111,67,89,12,65,36,9,34,49,161,25,6,55,7,28,11,38,58,29,13,5,11,9,127,56,63,54,18,44,44,58,69,7,8,52,26,35,207,96,116,51,20,2,15,8,66,49,16,16,199,17,20,13,81,5,53,127,55,7,3,26,7,24,50,42,375,107,12,33,5,238,91,4,5,18,41,256,9,7,113,35,128,11,28,13,158,9,2,36,21,9,36,72,99,74,100,10,6,11,49,100,10,78,4,34,46,8,31,96,150,26,46,23,24,40,70,228,70,18,158,77,43,25,92,153,39,106,3,12,46,60,2,39,34,43,52,14,114,11,53,21,1,278,11,174,34,326,1,32,86,126,10,189,8,21,35,4,10,68,140,32,15,10,2,102,8,33,6,10,11,37,11,15,61,52,51,73,44,33,24,49,7,21,4,23,1,49,9,59,16,24,74,95,41,36,31,48,14,68,4,110,2,28,16,24,220,40,57,9,258,64,6,88,46,10,17,6,79,6,92,3,82,167,105,10,36,103,40,93,24,8,52,45,4,19,27,224,8,18,61,287,65,89,20,40,0,26,64,5,42,12,43,15,6,17,55,12,18,61,32,196,154,5,171,48,18,38,37,38,4,91,157,125,5,64,32,6,58,39,7,20,222,17,32,46,64,14,6,22,12,78,79,1,1,18,55,4,4,38,10,92,69,4,41,44,58,66,56,22,53,38,77,6,140,53,15,58,17,127,32,30,98,0,30,16,2,8,1,15,12,59,4,25,69,84,18,148,54,22,3,47,32,49,21,154,28,4,2,62,6,15,45,19,97,16,2,12,10,5,10,6,13,30,49,12,84,13,4,1,23,5
"ENSG00000225523.2",0,0,0,1,11,0,0,0,1,6,0,0,1,30,0,18,1,0,0,0,1,7,0,1,0,0,0,0,0,4,1,0,1,2,1,23,1,1,0,0,1,1,2,0,37,0,0,33,8,0,1,16,30,678,0,0,6,0,0,2,0,0,0,18,25,2,1,0,0,1029,3,7,1,1,0,11,0,1,0,2,0,0,0,0,1,6,0,0,0,0,21,0,0,0,0,7,0,0,1,34,8,0,10,0,0,0,0,39,0,2,8,66,0,0,8,0,3,1,1,0,0,0,1,1,4,6,10,0,0,41,4,5,0,0,0,12,0,3,0,0,0,8,7,13,1,0,59,0,0,1,1,5,0,0,2,0,0,3,0,0,5,0,0,0,0,0,16,0,0,3,0,0,0,0,0,0,2,0,38,2,0,0,0,0,0,0,6,0,0,0,1,16,1,1,0,0,13,0,0,1,0,0,1,0,6,0,5,0,0,0,7,31,1,0,13,2,0,0,12,0,1,0,0,0,2,8,0,0,0,0,0,19,9,0,0,1,7,0,0,2,0,1,0,3,0,0,0,0,0,1,0,0,0,2,12,0,6,0,0,0,0,9,0,0,16,2,0,5,0,6,5,1,0,11,0,0,0,6,0,6,0,0,0,15,0,2,13,4,0,9,16,0,9,0,3,1,0,0,0,11,1,1,1,17,0,6,1,0,1,0,0,0,0,0,0,83,34,14,11,13,3,0,0,0,4,0,32,0,0,3,0,19,8,0,0,4,0,2,1,0,1,3,0,0,0,0,0,0,1,0,10,4,3,0,0,3,0,0,3,0,0,3,0,0,0,0,0,0,0,0,1,0,0,1,0,1,0,4,0,0,0,1,1,0,13,0,79,2,2,0,6,0,9,1,0,1,1,1,9,0,0,15,1,0,4,17,0,2,0,1,13,2,1,3,0,0,0,2,55,20,8,0,0,26
"ENSG00000225530.1",0,0,0,0,0,0,13,0,0,0,1,1,0,261,4,0,0,5,1,0,0,0,0,0,0,0,0,9,0,0,1,8,2,39,0,0,16,1,0,1,0,0,0,2,1,0,0,0,1,0,2,25,0,1,0,0,0,0,0,0,0,182,0,8,0,0,2,0,81,0,207,0,0,0,0,0,0,0,3,3,77,65,0,0,0,0,0,3,0,0,0,6,1,0,0,0,1,4,45,3,2,0,2,1,0,0,1,0,16,0,1,0,1,0,0,1,0,0,4,112,0,85,0,0,1,0,0,0,0,0,15,0,1,0,10,2,0,0,4,0,0,0,11,1,0,109,84,0,0,0,0,0,4,0,1,3,1,4,0,25,0,0,73,0,0,3,0,1,0,11,0,11,0,0,0,0,7,4,0,0,0,0,3,0,1,0,0,1,0,0,0,0,0,7,19,0,0,1,0,0,20,0,0,323,0,38,0,0,2,0,0,1,13,29,1,0,0,0,23,14,0,4,0,0,0,0,26,3,0,3,0,0,0,0,0,22,0,0,6,0,0,11,0,0,0,13,78,0,1,0,0,0,0,0,0,0,0,0,19,0,16,81,10,4,0,6,2,0,34,0,1,0,75,0,0,0,22,0,0,25,102,19,7,1,0,0,0,0,0,0,0,1,0,2,0,575,38,0,0,0,0,0,0,1,2,0,3,0,63,0,0,0,0,0,21,0,3,0,0,0,0,0,0,0,3,0,0,0,1,0,30,0,0,2,9,0,0,0,0,0,0,0,31,0,0,2,0,0,3,0,0,0,0,42,51,0,1,0,1,0,14,0,3,6,0,0,2,3,0,2,0,39,0,0,4,3,46,0,2,4,0,7,8,0,1,0,0,6,11,0,0,0,0,0,0,0,63,2,18,2,6,2,1,2,0,0,19,8,0,0,1,0,0,0,0,0,4,0,0,0,0,0,1,0
"ENSG00000225542.2",0,0,0,0,0,0,1,0,0,0,1,0,0,60,85,0,1,0,0,0,0,0,0,3,4,0,0,32,0,61,0,0,18,13,0,0,0,0,0,0,0,0,0,0,0,0,0,2,0,0,0,19,0,16,2,0,0,0,27,0,0,47,0,1,0,0,0,0,0,0,11,0,7,0,0,0,0,0,1,2,30,26,0,0,20,0,0,11,0,0,0,38,0,0,0,0,4,6,0,0,0,0,0,1,0,0,0,0,31,0,0,0,0,0,0,2,0,0,0,2,0,5,0,0,0,0,1,7,0,0,1,0,159,0,0,0,0,0,0,15,0,0,3,0,0,51,0,0,0,0,0,0,0,15,0,0,1,0,0,27,0,0,0,0,0,3,7,0,0,37,0,4,0,160,0,0,0,22,0,16,0,0,0,0,0,0,5,1,0,20,0,0,0,47,0,0,0,0,0,0,1,0,0,154,0,20,0,0,6,2,0,0,30,5,0,0,0,1,8,76,0,15,0,0,0,0,1,0,0,0,0,2,0,1,1,0,0,2,1,2,0,0,0,0,0,0,2,0,0,0,0,0,0,0,0,0,0,0,0,0,19,29,0,1,0,0,0,0,102,0,6,0,85,0,0,0,0,0,0,20,38,9,0,0,0,0,0,0,0,0,0,0,0,0,0,2,0,1,0,0,0,0,0,0,0,0,0,2,8,2,30,0,48,0,0,0,43,0,0,1,0,0,0,0,0,0,0,0,6,0,0,0,6,0,0,0,0,0,0,0,0,1,0,0,20,5,0,0,1,0,0,0,0,6,0,0,0,0,0,0,0,0,3,0,0,0,0,0,0,0,0,0,0,0,103,0,4,0,0,32,4,0,19,0,0,1,0,62,16,0,0,0,0,0,0,0,0,0,0,1,0,0,0,0,0,0,99,0,6,1,0,7,0,0,0,0,2,0,0,0,0,0,0,0
"ENSG00000225546.6",0,0,0,15,0,0,167,0,0,0,1,521,2,301,227,6,0,30,0,0,0,0,119,48,129,232,0,100,94,148,0,0,117,135,2,0,129,5,327,253,82,1,0,178,0,0,5,102,0,0,0,101,0,99,0,0,1,1,204,0,0,152,5,65,1,0,10,4,0,0,367,0,45,0,2,1,0,0,30,162,189,80,0,0,216,1,29,83,1,159,0,239,0,0,0,0,0,236,43,3,0,0,0,1,0,0,368,0,129,0,0,0,19,109,0,260,3,47,7,105,22,47,0,4,114,0,7,111,2,253,59,0,136,2,0,0,0,0,394,57,0,0,105,0,0,71,43,0,0,0,0,1,47,179,24,0,108,0,186,130,113,0,2,0,0,70,110,1,2,310,0,120,40,234,0,13,0,328,0,49,0,0,109,0,210,24,70,1,0,80,1,23,0,65,75,8,1,0,0,0,196,0,0,195,0,137,0,0,128,10,0,0,19,334,31,0,0,93,117,284,0,139,0,17,0,0,31,110,0,0,0,107,10,1,25,171,1,0,141,134,0,83,0,0,0,0,101,0,0,17,11,0,0,316,0,0,0,0,198,132,403,218,5,244,0,0,0,1,195,1,171,0,253,0,21,0,1053,0,0,80,112,240,171,1,0,0,0,0,0,1,1,1,0,84,0,817,160,4,8,1,0,0,245,0,0,0,3,30,125,209,181,1,75,0,0,2,315,0,0,130,0,1,0,0,37,0,0,0,93,0,229,0,119,1,195,0,0,0,0,0,0,58,19,0,70,105,2,0,147,0,0,266,2,364,1,0,0,0,0,0,11,0,152,0,0,9,0,0,1,93,0,508,23,65,203,41,319,0,0,51,121,28,341,0,0,121,0,137,16,1,0,0,0,0,0,84,35,44,30,0,36,0,0,5,16,0,187,34,124,0,68,76,4,0,151,0,109,16,145,0,0,0,0,0
"ENSG00000225548.7",1,1,0,6,0,0,407,0,0,0,0,0,3,840,610,1,0,44,0,0,0,0,98,33,9,11,0,175,98,807,0,0,20,11,62,0,166,0,1,0,0,1,0,6,2,0,0,225,0,1,0,171,0,343,0,9,1,0,298,0,0,372,0,65,0,1,134,0,0,0,355,0,26,0,0,0,0,0,156,98,310,98,2,1,268,0,2,279,0,242,0,298,131,3,0,0,0,211,50,133,1,0,0,1,0,0,0,0,615,111,0,0,0,188,0,74,1,3,107,497,44,368,1,0,9,0,0,105,0,122,11,0,961,1,0,1,0,0,208,47,0,0,461,0,1,234,15,0,7,0,2,0,0,465,13,0,16,1,279,97,4,0,1,0,0,134,109,2,0,352,210,305,0,674,0,78,7,553,0,2,0,74,3,0,104,1,239,0,106,196,0,4,2,248,75,8,0,0,0,0,0,1,0,1446,0,439,0,1,303,26,0,2,188,4,118,0,1,7,47,631,0,329,37,0,0,0,0,396,2,0,2,122,1,2,167,99,1,0,66,118,0,2,0,0,1,0,364,1,0,0,5,0,2,0,0,0,0,1,11,685,127,154,0,426,0,1,0,2,231,1,192,0,413,0,0,0,727,0,0,284,191,175,466,0,47,0,0,0,0,2,4,0,0,24,0,63,306,0,1,0,1,33,198,0,217,0,0,13,277,143,208,0,11,1,0,0,340,6,0,67,0,34,0,0,32,0,0,63,21,0,697,0,68,4,484,1,141,1,1,0,0,1,4,2,327,136,58,0,79,0,0,48,0,311,69,0,1,0,63,0,8,0,19,1,0,0,0,154,1,66,0,12,432,81,195,0,283,0,0,186,103,123,6,0,0,67,0,125,55,0,0,0,0,0,0,0,194,880,28,0,7,0,0,0,5,0,222,144,42,0,2,225,0,0,46,0,104,2,5,0,0,1,0,0
"ENSG00000225647.2",13,0,0,0,1,3,3,0,1,0,1,1,2,2,0,0,3,2,1,3,8,0,9,3,1,2,1,1,0,1,1,0,5,8,1,4,2,0,0,3,0,2,2,9,1,0,0,1,0,0,0,0,0,1,0,3,3,2,2,0,6,0,0,4,4,0,2,2,8,0,1,12,18,0,0,0,3,2,1,0,331,9,2,11,5,4,14,7,26,1,7,5,1,19,4,0,0,4,7,0,1,1,0,0,2,2,2,1,1,0,0,1,3,0,1,9,0,1,3,23,8,5,0,9,11,0,0,17,3,0,0,0,10,2,5,1,2,0,6,0,0,2,1,0,2,4,6,2,0,0,0,0,1,4,2,1,3,6,0,3,3,13,16,0,0,2,0,3,1,1,1,3,18,2,11,1,1,22,0,1,0,13,1,2,1,1,3,2,0,0,1,0,3,6,9,0,1,0,1,15,0,3,1,7,0,20,1,1,0,1,1,2,13,12,1,0,10,3,1,1,1,1,0,2,0,0,14,2,6,8,21,6,3,1,6,3,2,2,5,1,1,16,16,9,0,2,0,13,11,3,0,5,2,1,1,0,0,0,1,0,3,6,0,3,1,0,0,1,0,0,1,0,2,0,4,1,0,0,5,2,0,7,4,1,2,0,0,0,0,8,0,5,0,0,6,39,2,1,4,0,1,3,9,2,0,0,2,5,0,2,0,0,1,9,7,0,0,1,11,0,1,0,1,1,3,3,0,1,13,0,1,0,0,3,10,0,3,0,5,11,1,2,27,3,0,4,2,9,0,0,1,0,1,0,1,0,2,2,0,0,2,5,0,1,3,12,3,2,4,3,7,2,1,0,0,1,3,2,6,0,3,0,20,18,1,1,1,0,2,0,0,2,0,0,0,1,2,2,0,1,1,1,11,2,7,0,1,3,0,4,0,1,0,0,13,0,0,1,4,2,2,10,1,0
"ENSG00000225649.6",6,0,0,9,7,5,0,7,0,6,11,93,1,52,5,1,7,1,3,8,8,0,17,13,2,8,1,10,0,5,0,6,2,30,10,3,18,3,1,2,0,2,3,18,8,3,6,3,0,5,2,13,2,68,3,3,5,4,4,3,8,32,0,4,5,9,8,10,3,2,30,6,1,1,7,0,3,1,12,1,115,54,2,7,2,4,4,8,13,1,5,1,0,0,3,0,6,6,27,1,6,5,1,5,10,2,5,1,63,3,27,1,25,4,2,1,5,11,0,424,69,2,2,9,3,3,2,8,5,13,6,4,15,3,7,0,1,5,4,6,2,40,6,3,7,28,2,1,1,2,2,4,2,39,13,2,2,11,6,15,6,0,3,4,6,9,16,1,2,2,10,11,3,33,0,4,11,17,3,3,2,3,2,1,3,9,12,27,0,22,6,1,1,19,2,2,2,0,1,4,3,6,7,245,5,4,0,15,9,2,5,5,2,4,5,3,3,2,7,14,0,1,0,0,7,0,22,8,3,3,0,0,3,2,24,14,4,3,1,6,29,12,1,4,17,3,2,2,7,4,3,1,1,0,1,3,0,5,2,4,15,6,7,70,2,4,4,6,40,0,9,1,5,2,1,1,16,0,4,3,6,16,3,1,2,4,1,16,2,7,6,10,27,1,4,7,2,2,8,0,15,4,9,4,5,0,2,3,7,92,58,5,0,2,13,5,96,4,7,8,4,5,2,6,14,6,2,13,15,0,105,1,5,2,5,4,4,9,1,0,2,4,5,0,2,3,4,3,6,1,1,1,6,193,2,3,4,1,0,0,1,11,51,1,20,2,1,10,11,0,0,41,0,52,61,2,26,1,9,11,1,5,3,3,3,1,3,10,5,1,3,3,0,3,11,3,0,37,8,2,1,1,12,0,4,16,6,1,6,16,10,8,2,11,6,1,13,133,2,6,1,1,12,3
"ENSG00000225656.1",1,0,0,1,3,20,0,2,3,5,0,0,0,1,0,1,1,22,8,1,29,0,0,4,0,1,4,6,0,1,0,0,6,46,14,0,2,0,0,0,2,1,0,0,1,0,22,5,0,0,0,4,1,0,0,3,0,0,6,4,0,5,0,4,2,1,0,0,1,1,2,24,6,0,0,0,11,11,0,0,16,8,0,28,40,1,16,4,1,7,7,18,3,16,0,0,0,0,0,1,3,0,0,6,10,0,60,0,1,1,19,0,0,6,0,5,2,2,5,4,7,4,1,0,24,0,0,3,22,7,0,0,9,0,7,0,0,0,2,4,2,5,3,0,3,8,0,11,0,7,0,0,8,6,3,5,4,11,4,34,18,12,1,3,0,2,42,5,3,16,5,0,10,1,20,0,20,12,1,7,0,3,0,21,3,0,12,2,2,22,4,0,0,7,15,0,0,4,0,3,143,15,10,0,0,5,0,3,14,3,2,5,8,8,0,4,5,2,2,8,0,8,0,3,0,0,0,0,18,0,1,4,0,0,2,2,0,1,11,10,0,42,2,4,1,2,0,6,4,2,1,3,0,4,0,2,1,0,2,3,4,3,2,2,0,27,10,0,21,0,16,0,0,0,14,0,1,0,1,1,0,4,2,3,28,1,1,2,2,1,5,16,2,1,1,1,5,8,3,1,4,4,0,0,0,2,0,11,17,10,0,29,12,10,15,8,1,3,1,3,6,0,0,0,21,2,0,0,0,0,1,0,2,0,5,0,10,0,0,0,0,0,9,10,13,2,5,0,1,0,0,8,7,1,1,0,1,0,0,3,13,4,2,6,1,7,28,0,3,5,3,21,0,1,23,0,15,2,0,1,10,0,74,32,7,23,2,115,5,1,4,3,2,17,7,0,14,0,1,0,4,2,0,3,0,0,5,1,4,5,9,1,1,1,54,1,18,0,1,0,0,0,0,0
"ENSG00000225676.2",12,0,0,4,5,1,3,0,4,17,0,0,1,1,5,0,0,0,1,0,3,0,9,0,0,0,0,8,1,38,27,9,2,0,5,2,5,0,5,2,0,3,1,3,3,0,11,3,1,1,0,54,0,0,0,0,1,0,1,0,0,9,0,0,0,0,0,0,1,1,4,9,4,0,0,0,3,0,1,1,3,6,1,0,3,0,1,0,16,3,24,58,0,24,0,0,0,0,1,0,22,0,6,0,7,0,1,0,2,0,0,0,3,3,0,2,1,0,0,6,0,6,1,9,1,0,1,0,0,15,1,0,14,3,7,2,1,0,1,0,0,4,6,1,10,3,56,0,8,1,0,0,5,2,4,9,0,1,2,5,0,0,7,0,6,2,5,9,1,27,1,3,9,0,1,0,2,5,2,0,0,0,2,0,0,20,0,0,13,0,0,0,8,1,3,0,0,37,3,0,0,0,0,0,0,0,1,0,0,0,0,2,3,0,2,13,0,0,0,111,0,2,0,0,2,1,0,0,1,2,3,1,4,0,0,3,0,0,3,5,0,9,0,0,10,1,0,0,1,1,1,1,0,9,0,0,1,4,0,0,16,1,18,2,0,6,0,0,0,0,11,0,4,0,4,0,5,0,0,4,7,0,8,0,1,1,0,0,0,0,0,0,1,4,5,4,8,1,0,6,3,0,8,0,1,0,0,1,1,0,0,2,1,34,0,10,0,2,39,28,0,3,2,0,17,0,0,0,0,0,0,0,10,0,0,0,1,2,0,2,0,0,1,53,1,2,0,0,3,0,0,19,0,24,0,0,2,3,10,2,5,2,2,1,2,2,3,0,0,3,0,3,25,0,0,1,0,0,0,6,0,0,5,2,5,20,0,3,0,1,2,0,0,1,2,0,9,1,1,0,6,0,0,0,1,0,35,1,0,80,3,0,0,0,4,0,1,0,1,0,0,0,0,0
"ENSG00000225680.1",9,0,0,2,7,10,7,0,3,8,34,192,130,4,8,1,0,0,162,9,5,1,0,0,3,3,11,2,4,18,15,3,2,0,0,1,66,1,165,169,3,2,33,92,4,0,2,0,0,0,0,10,3,21,80,4,7,20,1,0,48,4,4,2,0,51,0,47,6,4,77,3,1,0,0,0,20,2,122,25,108,0,0,0,4,3,1,4,1,0,2,10,9,11,2,0,25,0,101,1,0,2,1,2,0,8,2,1,19,12,6,2,0,1,6,7,29,24,37,77,12,3,0,13,2,0,0,1,1,6,0,0,8,0,4,0,18,0,8,0,0,2,15,0,4,2,14,4,36,1,2,1,11,1,1,12,0,7,104,0,4,7,0,8,4,0,21,3,4,9,2,4,19,3,0,8,4,40,33,6,0,2,20,0,7,0,0,1,4,4,0,0,0,6,0,2,1,34,0,0,0,4,6,3,1,5,0,0,1,0,0,9,5,8,10,1,15,1,3,41,1,1,1,4,0,1,78,2,1,27,6,2,0,96,13,54,0,17,2,2,1,0,6,2,6,15,19,3,3,15,0,1,1,13,0,1,0,0,210,11,12,1,1,65,0,7,4,1,1,0,2,0,16,0,0,8,10,0,18,0,0,13,0,0,1,6,0,0,10,2,2,2,1,15,17,41,28,6,0,2,0,0,30,4,5,1,2,6,3,75,37,22,4,2,19,9,57,12,0,3,19,1,1,0,2,0,3,72,27,0,150,0,0,3,101,1,38,17,3,5,1,26,1,1,2,1,4,2,1,0,0,0,0,176,1,1,57,2,33,26,8,1,26,2,8,0,0,51,11,0,2,11,0,59,21,0,4,3,0,1,0,1,2,2,3,1,4,5,7,1,23,40,0,9,3,10,26,88,10,0,3,0,1,17,0,0,0,27,0,0,0,1,2,1,2,5,4,0,12,1,0,0,52,0
"ENSG00000225689.2",0,0,10,7,11,5,0,3,4,2,25,4,6,26,6,2,22,3,0,18,4,2,1,0,3,16,1,9,11,10,41,9,4,12,5,2,0,3,7,4,0,0,9,4,2,3,0,1,0,1,2,14,1,5,0,4,0,10,10,16,2,15,0,0,3,13,0,4,11,7,21,11,1,6,0,3,10,4,25,4,0,6,1,5,4,5,9,1,1,2,2,16,5,0,10,0,2,0,4,1,0,7,5,1,4,45,6,1,17,14,6,1,17,6,2,3,43,19,17,20,0,8,3,1,9,0,3,0,19,7,2,2,6,7,1,0,4,1,4,0,0,40,23,0,0,10,23,0,8,0,1,1,0,4,0,0,5,9,7,4,0,0,5,2,2,4,13,1,2,9,0,2,0,33,4,2,1,5,1,2,1,3,1,9,6,1,1,1,4,2,3,3,24,5,1,4,1,2,2,19,1,0,15,5,0,15,2,4,0,0,1,2,4,9,23,1,3,5,4,7,1,0,0,7,0,0,0,0,3,3,7,1,3,2,0,0,2,0,2,0,16,19,5,3,9,16,1,0,28,1,2,1,0,6,0,2,1,1,4,74,5,1,3,22,1,9,8,0,10,0,7,0,17,1,11,1,2,0,0,0,7,13,4,1,1,0,0,4,57,12,2,3,5,2,1,24,11,0,6,0,0,13,14,0,1,2,1,4,7,1,1,10,0,3,13,1,6,0,10,8,3,1,2,13,7,0,1,0,3,1,0,11,2,3,4,3,0,5,1,6,0,1,36,0,3,2,4,4,5,0,0,6,6,18,0,4,11,6,20,8,3,1,2,46,1,5,1,2,0,4,3,3,0,2,22,3,1,1,1,3,3,2,12,2,1,0,1,4,1,3,19,0,1,1,5,12,9,47,1,2,2,3,24,0,12,3,1,14,0,2,7,1,1,1,2,0,4,0,1,3,0,1,0,0
"ENSG00000225697.13",215,34,293,391,890,558,4173,643,604,261,1098,1987,1656,2781,3351,182,757,1210,1658,341,803,97,447,628,824,676,805,1362,383,1010,381,660,1373,814,1263,1292,711,223,3208,2679,462,431,1084,588,253,387,1323,820,88,454,473,1094,301,1389,1192,1687,249,504,1513,1054,2614,1215,1766,985,205,977,496,485,1647,1587,2273,975,416,54,298,150,1289,615,1715,834,2621,978,3355,1617,2491,160,758,1915,933,997,1608,1603,615,4240,997,83,529,1653,1140,588,348,258,1127,1267,664,804,3022,224,2083,938,597,237,475,859,473,1578,1148,442,1046,4370,931,739,409,1963,1683,120,118,1699,1015,722,338,104,2434,936,1590,166,413,106,2595,290,89,2000,706,237,419,4907,688,1314,564,281,96,235,2706,687,537,1073,1356,1069,3110,1124,1172,1466,1513,720,846,728,1752,4895,1492,1678,997,952,1260,2813,1080,305,1422,1061,3284,514,69,2289,3029,1263,791,696,955,404,1477,1146,937,1500,2392,2089,414,2711,140,1541,193,1690,367,1690,1095,4982,97,2960,433,1138,617,681,542,1844,3251,1248,936,291,947,297,1257,1491,72,729,501,714,184,90,2197,1261,1022,2085,1488,1141,757,1364,415,1655,213,494,792,1307,152,766,870,118,2478,322,2495,1176,2113,765,236,509,116,965,112,403,168,1310,2437,1399,970,738,3414,1536,139,1327,950,159,1348,99,1631,97,2885,122,905,417,3332,97,811,588,1161,1422,360,135,1878,1859,57,491,1633,769,426,1288,623,1685,775,1674,866,1349,880,192,1252,405,1120,208,548,304,318,1083,1298,1719,869,2035,1306,2641,1864,3037,1397,749,484,933,860,577,102,1232,653,1248,181,1432,619,100,1785,599,415,786,1041,121,2181,2501,864,499,120,661,559,1471,1826,403,329,1096,1120,66,161,1817,374,5069,984,203,1163,325,1097,860,1343,713,1035,1992,314,971,1562,2530,520,1014,810,1562,365,890,1253,337,2864,128,362,880,473,1128,441,595,342,800,764,3299,576,1561,3012,1005,155,1844,637,1113,470,1400,858,147,647,547,297,877,2063,365,1875,1989,211,334,639,466,516,232,722,91,1160,1203,5858,199,117,337,2566,209
"ENSG00000225721.5",0,0,0,0,0,0,1,0,0,1,0,0,1,6,5,0,1,1,1,0,1,0,1,1,0,0,1,1,1,3,2,0,1,0,1,0,1,0,1,0,0,1,0,0,0,0,0,0,0,0,0,0,0,0,0,4,1,4,0,1,0,2,4,1,1,0,0,1,1,1,6,0,0,1,1,1,1,2,0,0,1,5,6,7,4,0,3,2,1,3,1,3,0,1,2,0,6,1,3,1,0,2,0,0,0,1,1,1,11,2,0,1,0,1,1,0,3,12,10,1,3,3,0,5,1,0,0,1,1,0,1,0,5,1,1,0,0,0,6,0,0,3,3,0,0,4,1,3,8,2,0,0,2,0,1,8,0,1,3,3,4,2,6,1,3,2,3,8,0,4,1,1,14,7,1,0,1,6,4,1,0,0,2,3,0,1,2,0,3,0,0,1,2,2,0,2,0,2,0,3,0,1,1,5,0,4,0,2,0,1,2,3,1,0,2,1,4,1,1,1,0,0,1,0,2,0,6,2,3,1,2,1,0,1,0,9,0,0,0,0,1,0,1,0,1,4,0,1,6,3,1,4,0,0,0,2,0,0,12,13,2,1,8,8,0,0,1,0,2,0,1,1,2,0,2,0,3,0,0,0,1,0,0,0,2,1,0,0,1,0,1,1,1,4,0,0,8,0,0,1,7,0,1,0,3,1,0,1,1,4,0,9,0,1,0,0,1,0,1,1,4,7,0,7,1,1,0,1,0,0,2,0,0,0,2,0,13,4,1,1,1,3,1,5,0,0,0,5,1,0,0,3,1,4,0,0,1,8,0,8,0,0,4,14,5,0,2,1,2,2,3,0,1,15,14,0,5,0,1,3,2,0,1,2,0,5,2,0,2,6,5,0,0,2,1,1,5,0,2,0,1,1,0,1,3,0,3,3,0,1,1,0,1,1,0,0,0,3,4,2,0,0,3,0
"ENSG00000225792.2",221,18,2,13,3,6,0,1,2,134,12,3,12,33,10,47,3,5,7,26,21,46,4,10,4,42,2,5,0,2,11,11,3,36,4,13,1,3,2,12,7,106,0,4,55,0,2,0,54,1,2,29,34,4,9,7,38,0,3,0,13,6,5,13,179,1,3,57,7,7,15,9,11,29,0,12,40,0,2,7,25,8,1,3,180,3,1,8,19,0,27,2,0,0,2,13,87,13,3,28,11,153,101,7,5,4,1,71,15,0,5,74,8,12,2,3,42,0,3,15,3,8,143,3,2,26,16,1,12,52,6,25,26,4,20,56,8,49,2,0,69,27,11,233,13,10,4,0,6,686,33,94,24,76,2,7,12,19,3,27,42,0,10,15,4,12,12,12,68,23,36,8,15,15,2,4,0,4,23,6,32,4,10,35,1,6,3,0,12,1,0,5,5,20,2,5,147,4,3,4,6,228,12,12,99,0,175,247,9,44,47,6,4,9,31,263,0,4,10,28,58,0,0,1,27,21,4,77,1,6,10,3,14,5,18,5,133,10,36,4,2,14,125,2,30,5,1,2,12,5,2,1,24,40,140,257,106,2,1,4,8,0,11,2,26,8,8,53,0,140,1,42,10,19,18,1,0,91,43,63,5,1,1,13,60,17,89,0,0,4,58,2,0,2,98,3,34,10,2,222,17,0,0,57,2,7,5,2,11,5,6,0,4,25,6,38,7,12,11,0,11,242,194,7,2,16,67,9,1,67,5,3,13,10,9,53,2,55,0,3,47,2,5,49,12,0,0,1,21,76,62,22,12,0,6,18,5,218,10,1,0,2,9,22,146,34,1,2,77,7,0,12,0,0,2,3,10,51,3,8,52,2,10,1,27,1,4,6,4,3,2,90,42,2,0,3,32,0,62,23,2,6,5,9,18,146,20,9,1,8,32,7,10,52,9,1,2,47,4,20,35,0,7,113
"ENSG00000225840.2",2,3,44,1,2,0,6,0,2,3,0,0,1,0,3,1,2,1,0,0,0,0,19,0,2,0,0,0,0,0,0,0,2,2,1,0,6,0,2,1,2,1467,0,0,8,11,2,5,18,0,0,1067,32,1,1,2,5,1,0,937,923,3,3,15,0,1,0,1,0,0,2,2,0,4,2,0,1,2,1,0,4,4,2,0,1,2,1,0,4,49,2,0,0,115,0,43,9,2,0,1,2,1,2,2,0,11,1,1,5,13,0,0,2,0,0,3,10,1,1,5,0,2,1,3,0,0,0,175,0,0,0,6053,0,2,2,1,3,82,0,1,0,10,1,1,0,3,2,1,1,0,921,4,2,6,2,3,0,38,3,1,2,0,1,1,0,5,2,2,24,1,1,1,1,2,2,0,0,148,0,0,0,5,8,4,0,1,0,3,1,1,3,909,0,0,135,2,6,2,1,4164,0,0,0,1,2,0,1,1,2,0,0,4,0,0,0,148,1,13,0,5,5,2,2,0,1,1,30,3,0,0,0,4,0,5,7,0,3,888,2,0,37,12,1,265,279,0,2,1,2,109,0,49,2,0,4,0,3,0,1,3857,5,1,1,10,1,5,2,0,0,1932,80,0,0,0,1,0,0,3,0,1,0,1,0,223,1,2,0,3,1,1,4,0,1,11,2,1,6,10,19,1,0,0,0,1,14,2,1,2,1126,0,0,1,0,1,4,0,1,4,10,1,12,1,0,1,2,6,6,0,0,0,0,0,3,4,1,3,0,0,3,8,3,26,0,5,0,0,8,4,1,3,3,0,5,1,4,4,3,9,14,5,1,141,1,0,1,0,10,402,0,1,0,9,0,0,3,45,0,1,3,0,1,42,439,2,0,2,0,1,0,0,0,0,3,0,1,0,1,0,2,0,1,0,1,2,2,3,1,0,0,0,0,5,0,0,1,0,1,2,5,11,326,0,6,3
"ENSG00000225905.1",1,0,1,0,10,5,1,0,0,2,20,28,6,0,3,3,0,0,6,6,1,1,6,6,16,6,3,17,3,1,19,3,1,2,2,4,0,0,1,1,2,0,6,22,4,0,0,2,0,0,1,2,0,0,1,24,0,5,1,16,17,26,3,5,0,2,4,9,0,13,39,1,1,1,2,1,11,14,7,2,8,3,7,4,3,2,1,0,2,0,9,2,0,0,7,0,0,11,14,3,0,1,17,0,2,2,7,1,2,2,5,0,1,9,4,0,18,2,0,15,0,0,1,0,2,0,1,2,0,8,2,0,21,1,7,0,3,4,16,4,1,12,3,3,9,8,1,0,1,0,0,2,12,5,0,18,1,5,4,10,0,5,0,1,5,1,3,14,6,23,0,2,1,64,4,3,4,8,20,11,0,2,5,10,0,0,1,8,2,1,7,2,15,1,8,28,3,3,0,22,1,11,6,4,0,8,5,10,7,1,5,23,5,2,10,0,0,0,0,2,0,13,0,4,1,0,24,22,2,1,5,9,0,10,2,6,1,12,0,0,3,2,9,2,5,2,2,2,2,4,1,9,0,2,1,14,1,5,3,5,9,0,2,7,1,1,5,0,8,2,9,0,5,0,8,3,0,0,20,15,18,4,8,0,26,3,5,3,2,3,5,0,1,0,7,13,3,7,2,6,0,1,0,1,2,1,0,2,2,25,6,17,0,2,3,2,0,21,6,0,14,13,1,17,2,25,3,7,1,0,28,1,4,3,8,2,0,0,37,1,3,3,3,7,0,2,0,2,2,1,3,15,1,12,10,0,7,1,1,1,16,1,9,4,12,1,0,2,5,1,22,4,0,8,63,1,2,2,0,34,3,3,10,1,2,0,12,3,0,14,9,23,0,0,3,1,2,7,7,0,1,13,4,3,2,1,1,0,2,4,2,7,1,2,0,3,2,7,22,1,0,0,2,0
"ENSG00000225953.3",18,3,14,32,81,44,36,69,48,315,130,135,19,63,155,25,32,113,143,81,43,3,55,50,190,125,75,186,37,159,87,88,75,156,25,39,98,65,150,266,38,68,66,45,20,21,39,49,5,21,0,138,34,46,134,140,5,79,230,34,52,293,67,27,34,78,90,36,213,80,572,39,42,3,94,11,351,61,43,178,50,246,130,67,274,98,30,8,28,46,164,114,87,26,1,18,17,163,129,17,56,5,50,34,17,31,154,14,414,77,34,20,53,44,23,92,72,20,97,87,55,170,70,108,30,2,27,181,2,198,104,2,93,34,16,9,33,5,16,114,12,62,82,38,41,159,137,85,7,422,1,14,180,185,55,103,54,84,208,154,73,0,1,66,7,74,63,26,90,130,91,111,77,236,18,67,23,180,106,46,7,97,161,28,151,59,272,122,296,182,63,77,78,175,171,37,37,82,120,126,94,41,42,261,6,254,24,60,28,92,44,147,74,118,84,122,27,57,53,196,5,186,12,39,4,10,59,58,18,17,224,101,48,39,99,35,25,27,22,45,1,33,44,3,167,179,79,6,6,193,46,53,6,124,19,2,34,53,47,320,246,86,67,291,12,81,67,28,153,8,83,3,36,2,54,68,67,8,49,12,203,17,183,5,14,12,17,5,38,18,8,82,71,134,32,235,62,12,249,315,129,14,118,5,48,28,13,103,208,90,245,93,32,77,45,108,56,110,35,47,206,86,4,191,168,7,9,74,9,20,134,38,28,78,55,4,57,32,95,8,4,100,77,124,104,47,20,8,12,1,74,183,91,260,44,9,135,85,61,26,63,51,33,100,22,51,117,14,39,70,19,153,44,25,386,227,91,8,48,340,171,106,363,27,46,116,76,23,46,7,70,95,20,29,56,52,106,203,32,9,96,90,52,6,80,40,51,10,56,17,37,47,25,6,245,27,99,155,131,11,3,91,2,5
"ENSG00000226043.2",5,0,0,23,1,6,0,0,0,3,24,140,5,87,1,0,0,11,98,87,0,0,0,2,1,133,9,3,22,0,4,43,2,114,5,1,52,4,120,157,1,0,0,2,0,1,0,12,0,5,53,19,1,34,183,3,1,208,5,0,4,35,92,13,0,8,1,74,0,8,12,37,1,1,48,2,0,0,79,62,117,22,0,34,33,10,16,97,1,0,13,9,26,0,2,4,0,11,48,19,4,1,160,135,28,34,32,0,59,46,1,2,1,2,115,55,38,21,194,78,7,0,0,53,47,1,8,0,5,14,1,1,47,26,42,2,7,0,9,5,2,0,2,3,0,16,2,0,10,0,2,4,171,31,13,1,1,32,51,4,4,4,20,8,0,5,1,0,68,35,17,4,61,54,14,48,61,86,0,67,0,0,82,29,162,6,0,36,4,9,41,0,0,2,17,11,0,4,0,0,24,13,12,205,0,32,0,83,25,0,3,0,17,14,4,0,0,34,0,103,8,0,35,0,0,0,64,97,1,56,0,3,60,47,20,114,0,137,105,41,6,19,27,7,129,11,16,32,89,29,28,0,1,0,2,47,0,1,141,37,10,53,240,69,0,9,0,2,7,0,7,0,1,1,2,53,62,1,15,9,7,57,40,0,66,17,0,8,4,48,1,0,0,140,2,0,1,317,0,0,77,0,3,0,79,0,27,5,2,66,152,2,37,29,26,0,746,1,0,35,0,0,0,4,24,0,4,108,19,0,140,12,11,90,0,2,141,0,46,0,0,102,4,0,32,0,18,0,23,0,2,1,31,4,83,2,0,0,17,4,24,24,40,4,0,35,1,0,23,5,0,132,15,2,30,10,4,0,0,0,63,3,142,1,0,10,8,6,69,5,26,65,1,0,0,25,52,20,140,1,2,29,3,59,3,0,78,12,1,0,32,31,3,0,0,0,7,3,3,2,0,1,21,0
"ENSG00000226057.7",0,0,0,0,2,1,0,0,0,0,0,0,0,0,1,0,1,0,0,0,0,0,0,0,0,0,0,0,0,0,0,1,11,0,0,3,0,0,0,0,0,0,0,0,0,0,1,0,0,1,0,2,0,130,0,0,0,0,0,0,0,0,0,2,0,0,0,0,5,0,15,0,0,0,0,0,0,0,0,98,2,15,0,0,0,0,0,0,0,0,0,1,123,0,0,0,0,0,2,0,0,0,0,0,0,0,1,0,850,0,0,0,0,0,0,0,0,0,0,0,0,1,0,0,1,0,0,0,0,1,0,0,1,0,1,0,0,0,0,0,0,1,203,0,1,0,0,0,0,0,0,0,0,2,0,0,0,1,4,2,0,0,1,0,0,2,131,1,0,1,0,0,0,374,0,1,0,93,0,0,0,0,0,1,1,0,0,0,1,7,0,0,0,1,1,0,0,1,0,0,0,0,0,1,0,102,1,0,0,0,0,1,1,0,1,14,0,0,118,7,0,1,0,0,0,0,0,0,0,0,1,2,1,1,0,1,0,0,0,0,0,1,0,0,1,1,0,0,0,0,0,0,0,0,0,0,0,0,0,5,10,0,0,2,0,0,0,0,7,1,0,0,404,0,0,0,0,0,0,0,4,19,0,0,1,0,0,0,0,0,1,0,0,0,0,371,93,0,0,0,0,0,1,0,14,0,0,0,0,0,0,0,0,0,0,0,0,4,0,1,0,0,0,0,0,0,1,0,0,0,13,0,0,0,0,0,0,0,0,0,0,0,0,0,0,12,0,0,27,0,0,1,0,353,0,1,0,0,1,0,14,0,0,1,0,0,0,0,0,0,3,0,0,0,32,0,0,0,0,75,0,164,1,0,0,1,0,0,0,0,0,0,0,1,0,0,2,325,0,0,0,1,3,0,0,0,0,0,0,0,5,0,1,0,0,0,0,0,0,0,0,0,0,0
"ENSG00000226141.1",0,0,2,0,0,0,0,0,0,0,0,0,0,1,65,0,0,4,0,0,0,0,10,0,47,0,0,1,0,1,0,0,0,13,64,0,0,0,0,0,0,0,1,0,0,0,0,0,0,0,0,30,0,16,0,19,0,0,0,0,0,1,0,6,0,0,0,0,0,0,1,0,0,0,0,0,0,0,74,6,33,6,0,0,5,0,0,11,0,0,0,2,0,0,0,0,0,59,90,0,0,0,0,0,0,1,1,0,81,0,0,0,0,0,0,0,0,0,454,247,0,0,0,0,0,0,0,44,0,0,0,0,38,0,0,0,0,0,18,14,0,0,3,0,0,55,5,0,0,0,0,0,0,157,0,0,0,0,1,18,6,0,0,3,0,1,61,0,0,37,0,0,0,148,0,0,0,456,0,0,0,0,0,4,0,0,8,8,90,39,0,10,0,2,0,0,0,0,0,0,0,0,0,2,0,1,0,0,0,0,0,0,18,40,0,0,0,0,6,26,0,1,0,0,0,0,0,9,0,0,0,2,0,0,0,0,0,0,0,0,0,0,0,0,0,0,0,0,0,0,0,0,0,0,0,0,0,0,0,0,97,2,0,0,0,0,0,0,0,0,2,0,0,0,0,0,48,2,0,3,109,0,0,0,0,0,0,0,0,0,0,0,1,2,0,58,29,0,0,0,0,0,219,0,76,0,0,0,3,0,0,0,2,0,1,3,8,0,0,0,0,0,0,0,0,0,0,0,10,0,0,0,0,0,0,0,0,0,0,0,0,0,0,0,246,63,16,0,0,0,0,0,0,58,0,0,0,0,0,0,0,0,0,0,0,0,0,0,0,0,0,0,0,61,2,0,0,0,0,79,8,48,0,0,0,6,0,0,0,0,0,0,0,0,0,0,41,305,0,0,0,0,0,0,8,5,0,2,0,0,0,0,0,0,2,0,2,0,0,0,0,0,0,0
"ENSG00000226174.7",55,9,13,14,10,6,6,3,3,206,5,16,10,20,18,1,6,8,50,24,9,3,13,11,12,10,9,25,9,23,24,56,5,12,11,20,22,5,15,9,13,10,12,9,7,15,5,6,3,6,5,14,5,8,27,32,5,16,28,37,16,11,8,82,6,19,19,19,7,13,34,16,19,2,8,9,21,30,25,9,12,14,25,18,5,21,9,38,39,2,30,63,13,119,8,0,1,7,21,17,12,6,24,36,2,51,7,3,14,15,9,15,4,5,24,52,58,25,9,7,8,47,5,23,61,8,7,8,37,20,1,0,12,10,9,2,19,4,126,2,2,52,15,2,11,14,34,28,14,202,3,7,9,15,5,5,5,8,25,25,19,29,37,26,2,15,31,119,6,91,35,29,49,25,19,2,13,36,8,9,4,28,17,25,10,11,17,12,4,73,22,15,23,12,5,9,1,6,4,28,3,15,23,15,7,21,4,10,24,14,7,28,26,1,11,99,3,20,30,19,0,26,10,5,4,1,22,20,4,2,81,21,12,13,14,34,1,8,10,7,18,37,46,12,10,24,1,34,3,16,5,12,1,39,1,6,1,5,12,35,62,22,16,36,3,36,32,4,81,2,39,1,5,5,10,16,9,4,14,21,7,8,4,4,58,2,0,6,14,11,5,4,16,26,15,19,19,32,17,79,18,38,15,4,6,11,8,9,24,8,46,65,22,9,11,69,3,45,19,118,27,36,4,9,15,37,5,16,29,1,3,2,12,18,33,2,79,8,14,10,5,8,29,25,6,1,82,130,8,2,3,9,15,13,6,2,38,89,7,27,15,62,14,5,69,68,10,3,11,22,79,49,1,20,45,11,16,5,6,12,17,9,38,13,3,9,92,14,8,18,35,11,2,23,10,6,13,47,31,3,23,3,31,25,66,20,4,6,3,11,10,12,7,6,10,11,13,33,130,5,3,14,12,9
"ENSG00000226179.6",8,0,43,5,4,15,9,6,6,47,11,12,10,19,39,4,11,8,31,12,9,2,6,10,15,10,11,23,10,3,20,7,7,5,2,9,2,2,49,30,12,6,8,8,9,86,15,3,1,5,21,7,6,15,7,60,3,31,22,6,26,22,12,4,7,25,25,8,8,28,109,14,1,0,36,0,30,35,10,5,21,59,12,12,20,13,9,9,11,12,16,34,18,40,12,1,16,5,25,5,3,11,23,8,6,5,32,3,30,8,27,16,1,4,1,5,26,51,4,19,1,10,5,13,11,1,4,35,19,18,20,0,18,4,7,2,12,7,56,5,1,31,24,1,19,15,21,45,17,29,2,9,9,9,1,9,6,29,8,30,22,3,9,35,20,9,36,178,22,14,22,12,14,56,6,6,11,26,17,2,2,7,13,25,4,6,68,6,5,18,15,20,46,29,9,126,5,18,2,7,6,9,9,18,6,21,6,10,30,6,22,30,16,6,10,18,2,17,6,14,3,5,11,1,5,1,35,6,4,9,46,23,9,4,32,16,4,8,2,5,3,8,6,8,44,16,6,10,20,13,4,6,4,24,1,4,2,34,19,14,45,4,111,7,2,15,9,14,56,3,5,3,37,1,25,14,12,1,5,7,40,7,7,2,20,19,1,14,9,9,3,7,31,18,20,22,21,16,12,34,13,32,68,4,12,8,0,18,11,9,18,56,18,5,7,15,6,11,6,6,9,48,2,51,17,23,3,27,25,0,9,9,4,7,55,2,87,6,11,7,0,9,14,70,4,7,9,33,12,2,2,12,12,12,12,5,15,46,21,14,13,6,24,19,51,12,12,5,5,14,36,37,10,24,89,3,10,3,2,23,11,7,13,4,2,30,21,7,10,2,21,7,3,19,22,12,7,12,27,0,6,29,26,3,40,31,12,5,3,4,7,11,14,7,4,0,10,50,26,4,2,7,8,3
"ENSG00000226291.1",0,6,0,2,1,0,0,0,0,3,0,1,0,5,1,1,0,1,0,27,1,0,1,1,1,0,1,0,1,0,2,1,0,601,0,0,0,0,2,2,0,2,0,0,2,1,0,0,27,0,0,0,0,2,0,1,8,1,96,0,0,0,0,1,1,0,0,0,1,1,2,0,0,15,1,6,0,0,0,0,0,3,0,1,0,1,0,0,0,0,0,2,0,2,10,3,0,2,4,1,0,1,2,0,0,6,0,0,6,1,0,3,0,0,0,0,3,1,0,5,0,1,0,0,0,39,4,1,0,2,0,1,6,1,0,204,0,126,3,0,0,0,2,5,1,2,1,0,1,1,47,13,0,0,0,1,1,4,0,0,1789,0,0,1,2,0,3,1,1,3,0,0,0,1,2,0,1,2,5,0,2,1,0,1,0,0,0,0,5,1,1,0,1,1,0,3,0,0,0,1,1389,0,0,1,6,2,1,1,0,1,4,0,7,0,5,0,0,0,0,0,28,0,0,3,5,3,1,0,0,0,5,0,3,0,0,2,12,1,1,1,0,1,1,1,1,0,2,0,28,0,0,1,2,0,5,0,2,0,1,2,1,406,0,4,0,0,3,8,1,0,1,0,1,0,0,0,8,15,0,3,0,2,0,5,0,8,4,0,0,2,0,0,1,8,0,1,0,0,2670,0,2,2,4,108,0,1,0,1,0,3,1,5,0,0,1,1,0,1,0,3,3,2,38,1,0,6,0,1,1,1,4,0,0,0,0,47,0,2,0,0,6,0,1,4,1,0,0,1,0,0,0,1,1,2,1,27,4,0,4,0,0,0,0,1,0,1,0,0,0,3,1,3,0,0,1,0,0,5,0,0,0,1,2,0,0,0,1,0,2,0,1,1,0,2,0,0,0,3,0,1,0,1,0,1,0,2,0,1,1,0,0,3,1207,0,0,1,0,4,0,21,1,0,1,37
"ENSG00000226330.1",21,0,0,9,19,16,1,23,1,13,15,39,21,27,33,3,6,29,40,22,23,1,7,19,19,5,3,38,2,13,43,43,32,53,17,25,28,7,6,32,3,23,29,9,1,1,5,4,5,5,2,9,9,16,24,5,1,12,15,26,13,23,20,13,0,16,10,7,31,13,18,3,6,0,0,0,20,12,9,5,10,23,29,2,25,7,5,22,5,0,14,32,5,36,7,0,1,34,16,91,9,7,30,7,4,22,24,0,26,7,13,0,11,11,19,3,144,11,30,59,5,13,3,25,12,1,0,19,36,43,10,1,52,6,23,1,20,0,72,4,3,43,19,5,13,138,6,8,3,94,1,1,21,18,7,42,7,13,4,20,18,8,30,19,5,27,8,23,54,114,10,17,49,203,5,11,12,8,77,45,1,13,17,42,10,4,11,8,15,27,10,3,16,32,18,90,4,16,2,67,9,35,34,116,0,25,2,41,10,11,3,10,24,19,14,62,2,4,8,31,0,4,3,5,4,0,17,92,0,21,24,13,17,21,3,23,0,16,10,6,13,11,5,22,33,40,4,1,9,16,0,20,0,61,1,11,6,11,24,96,23,9,163,38,2,9,25,2,57,2,22,1,1,0,8,18,11,1,7,10,68,13,3,0,18,1,0,5,2,9,5,8,4,6,7,24,41,17,7,22,43,2,3,3,0,1,1,8,7,44,6,20,24,18,17,26,36,21,12,8,59,36,0,44,11,8,5,15,8,0,45,4,5,14,84,2,23,159,13,4,2,8,17,16,54,15,0,10,6,3,1,27,9,20,6,1,26,24,21,4,19,0,13,17,34,14,10,28,4,4,9,24,16,1,37,0,12,0,10,26,0,13,15,2,6,3,11,14,0,57,23,23,0,22,4,13,14,5,25,4,6,17,9,4,21,2,29,5,5,4,9,1,4,3,15,8,1,0,26,9,0,7,109,1
"ENSG00000226355.2",2,0,2,0,4,1,0,2,2,0,1,0,4,4,4,0,0,0,7,2,0,0,6,1,0,6,0,1,1,0,3,8,1,3,1,106,27,2,6,4,1,0,1,0,0,0,0,3,0,0,4,0,0,1,2,4,2,1,1,0,0,14,1,0,1,0,0,3,2,0,6,2,5,0,0,1,2,5,3,3,5,8,1,5,6,0,0,4,0,2,1,3,1,10,6,0,0,2,3,0,3,0,3,1,1,0,6,0,35,0,2,2,1,0,0,2,0,0,2,1,0,0,0,1,2,0,0,0,0,1,1,1,7,4,8,0,11,0,5,4,0,5,5,0,0,3,0,2,0,0,0,0,2,2,0,8,1,3,3,5,0,3,3,2,1,1,3,22,2,28,1,1,138,0,1,0,0,8,2,10,0,1,1,4,0,0,0,6,1,0,0,1,1,1,1,5,1,30,0,2,1,0,2,1,1,5,0,1,4,3,0,2,6,1,1,0,6,80,2,6,0,2,0,2,1,1,2,5,0,1,1,1,0,0,0,2,0,2,1,0,0,2,0,4,6,5,0,4,4,3,0,1,1,0,1,5,0,0,0,2,1,3,2,9,0,4,4,0,5,0,1,0,5,0,3,0,2,0,0,24,5,1,9,1,2,0,2,1,2,0,2,1,4,1,9,6,3,0,13,2,1,0,0,2,0,0,0,1,1,0,7,9,1,14,3,2,1,0,4,0,1,7,0,1,7,4,1,2,4,0,1,0,0,5,1,0,10,4,0,0,0,1,0,2,26,1,2,1,0,0,0,11,1,4,1,0,3,5,1,5,2,0,2,4,1,0,2,1,8,2,0,1,5,0,4,0,0,2,0,13,3,0,22,10,1,2,0,0,0,0,12,3,0,2,1,0,6,5,3,0,1,1,0,0,0,0,9,4,0,0,5,1,0,0,5,5,0,0,1,0,0,0,2,0
"ENSG00000226363.3",10,0,6,11,11,6,1,6,1,11,0,9,4,18,4,2,2,12,2,18,5,0,23,7,7,0,2,3,1,3,49,16,16,10,3,10,5,0,21,9,10,22,9,2,0,4,9,33,0,17,2,15,0,6,3,13,2,1,12,2,4,3,0,2,1,19,7,0,5,8,75,20,5,0,3,0,15,11,1,6,12,2,14,10,4,4,16,3,62,13,32,1,3,1,0,0,0,19,1,6,9,0,36,1,2,11,6,0,8,3,14,0,12,11,5,11,30,4,1,16,1,3,1,6,13,0,2,9,3,4,4,1,11,15,10,0,4,0,4,6,0,15,9,0,13,22,15,28,25,4,0,0,2,12,6,5,6,18,5,14,8,4,3,8,6,2,10,26,2,15,0,17,9,54,19,0,21,13,10,0,1,23,6,7,7,2,16,19,3,3,5,41,4,8,5,8,0,6,0,31,2,5,4,14,0,3,4,6,7,0,16,29,0,105,5,11,1,1,13,20,0,16,4,3,1,0,4,14,14,10,3,19,15,4,5,12,0,9,8,13,11,14,7,0,14,93,2,8,11,2,0,9,0,7,0,2,0,77,3,6,2,6,12,2,0,32,8,0,6,0,15,0,1,0,5,1,8,0,5,7,4,7,5,2,3,14,0,36,6,25,2,3,11,19,8,15,15,2,2,23,6,14,6,0,9,9,1,6,4,3,6,27,1,522,3,12,7,15,31,155,15,13,0,14,25,8,1,6,10,0,1,4,12,1,0,0,2,10,1,8,0,5,28,6,1,12,2,18,8,0,3,4,2,4,2,0,6,3,8,3,6,14,8,111,11,3,1,9,4,15,11,3,3,2,1,3,6,1,14,4,0,10,0,27,0,2,73,9,4,2,31,2,0,0,2,10,6,12,6,0,5,2,61,0,5,4,2,5,2,38,7,7,16,6,16,5,1,7,8,7,0,0,7,1
"ENSG00000226372.4",0,0,0,0,0,0,1,0,0,0,0,70,0,5,5,0,0,7,0,0,0,0,0,0,65,3,0,179,0,3,0,0,362,26,0,0,661,5,2,3,0,0,31,1,0,0,0,11,0,0,0,4,1,79,0,0,1,0,0,0,0,2,0,54,0,0,0,0,0,0,53,0,0,1,0,0,0,0,35,347,843,45,1,0,457,0,2,20,0,0,0,15,0,0,0,0,0,10,12,0,0,0,0,0,1,0,0,0,180,0,0,0,0,12,0,2,0,6,10,62,0,37,0,0,0,0,0,11,0,12,0,0,195,0,0,0,0,0,87,14,0,0,14,0,0,0,0,0,0,0,0,0,0,31,3,0,10,0,0,3074,22,0,0,0,0,14,1,0,0,685,0,17,1,7,0,0,0,40,0,131,0,0,0,0,0,0,136,0,0,5,0,0,0,16,136,0,0,0,0,0,0,0,0,305,0,71,0,1,3,0,0,0,2,8,0,5,0,0,4,2,0,122,0,0,0,0,0,0,1,1,0,4,0,0,0,8,0,0,0,0,0,9,0,0,0,0,60,0,0,0,0,0,0,0,0,0,0,0,8,4,465,24,0,7,0,0,0,0,252,0,10,0,36,0,0,0,0,0,0,31,58,60,0,0,0,0,0,0,0,0,0,0,0,4,0,13,7,0,0,0,0,0,0,0,2,0,0,1,24,8,0,0,2,0,0,1,26,0,0,0,0,1,0,0,37,0,0,0,2,0,71,0,13,0,0,0,0,0,0,0,0,0,2,0,2,464,0,0,5,0,0,11,0,259,0,0,0,0,0,0,0,1,0,0,0,0,0,0,0,0,0,10,0,2,24,0,527,0,0,216,9,148,14,0,0,0,0,5,0,0,0,0,0,0,0,0,446,0,0,0,0,0,0,0,0,0,124,2,2,0,0,1,0,0,1,0,16,0,0,0,0,0,0,0
"ENSG00000226416.1",0,0,1,1,0,42,1,0,4,0,138,0,18,0,3,2,99,1,6,8,1,0,1,1,2,0,0,2,31,0,298,1,25,2,107,0,1,2,0,1,0,4,4,4,1,6,3,0,2,0,0,0,3,0,4,1,5,100,2,2,24,4,9,0,0,21,0,2,0,0,5,0,0,2,4,6,3,2,3,13,0,0,0,0,1,186,0,0,4,0,11,17,57,0,1,0,14,0,325,0,1,1,0,1,1,14,1,2,127,60,2,7,0,3,52,0,2,11,0,0,0,2,1,0,0,0,6,0,4,1,2,3,1,3,0,1,11,5,49,0,2,51,0,2,3,1,0,94,9,0,3,2,2,0,2,1,1,7,0,0,0,1,0,19,36,1,1,8,1,4,0,3,2,8,1,0,4,1,2,0,1,3,0,1,0,2,1,1,805,0,1,1,12,3,21,1,2,1,0,0,1,0,2,1,1,0,6,3,1,0,5,816,0,1,250,0,0,0,0,2,2,0,14,1,13,4,2,18,0,2,48,4,4,19,4,1,7,0,1,0,120,0,1,17,19,17,0,0,3,2,10,1,4,1,0,1,2,97,21,6,2,0,0,138,0,2,1,1,1,3,0,7,9,1,0,133,52,0,0,0,1,0,0,0,7,8,0,2,22,5,4,1,4,0,0,74,1,0,3,3,2,63,214,3,0,4,1,1,1,2,0,387,0,0,0,1,2,64,0,1,104,0,1,20,0,0,3,1,0,0,1,76,0,0,12,3,6,1,95,0,2,0,0,32,3,1,0,145,5,2,0,2,0,375,0,13,16,1,29,22,6,0,0,5,2,1,0,161,0,0,1,2,3,2,5,1,1,4,1,0,1,0,53,0,6,0,12,8,0,0,25,6,2,15,27,6,0,70,2,6,0,1,21,0,2,0,2,0,0,0,0,0,10,0,23,2,3,6,959,3,4,5,11,1
"ENSG00000226468.2",5,0,0,0,0,0,4,0,0,1,0,0,0,237,19,0,0,10,0,0,1,0,0,0,1,0,0,5,0,1,7,9,3,2,0,0,10,0,0,0,0,0,0,0,0,0,0,0,0,0,0,3,0,3,0,2,0,0,3,0,0,25,0,2,0,1,0,0,0,0,14,0,0,0,0,0,0,0,3,12,14,0,0,0,14,0,0,1,0,5,0,1,1,0,0,0,0,2,1,0,0,0,0,0,0,0,0,0,40,0,0,0,0,2,0,3,2,0,0,21,0,8,0,0,0,0,0,0,0,0,1,1,48,0,3,0,0,0,18,0,0,0,0,1,0,43,0,0,14,0,0,1,0,12,1,0,1,17,7,16,0,0,0,2,2,1,38,1,0,2,0,4,0,12,0,0,0,8,0,0,0,0,2,1,0,0,0,0,18,2,1,0,0,54,5,6,1,0,0,8,0,0,1,46,0,10,0,3,0,12,3,5,6,0,3,1,0,0,18,7,0,0,0,0,0,1,0,17,0,2,1,0,5,0,0,0,0,0,0,4,0,0,0,0,8,0,0,0,0,6,14,1,0,0,0,0,2,0,0,3,10,0,0,30,0,1,0,0,10,0,10,0,72,0,7,1,53,0,0,5,2,1,1,0,0,1,0,0,1,1,0,0,0,1,0,12,11,0,0,2,0,2,23,0,1,1,0,0,5,2,1,0,1,0,0,0,7,0,1,2,0,2,0,0,1,0,0,0,0,0,3,0,1,2,0,0,0,2,5,1,0,0,0,2,0,6,0,0,17,0,1,108,0,36,0,0,2,0,1,0,0,0,0,23,0,0,14,15,0,0,0,6,8,0,11,0,16,4,0,5,4,2,3,0,0,0,0,1,0,0,16,0,0,0,0,0,5,52,0,0,1,8,4,0,15,1,2,34,0,6,0,0,0,0,0,0,2,5,3,0,0,0,0,0
"ENSG00000226476.6",3,0,9,7,5,0,0,0,0,1,0,1,1,256,115,1,5,17,1,16,1,0,12,0,4,19,0,62,12,640,99,4,69,0,27,1,78,0,1,0,1,1,5,0,4,0,0,14,0,1,0,289,2,77,0,0,0,1,10,0,0,60,99,9,0,1,0,0,4,2,2281,0,1,0,0,0,93,23,72,190,170,199,1,0,165,4,2,34,7,23,2,9,27,0,0,0,0,33,78,13,0,0,2,0,2,1,1,0,489,63,0,0,1,252,1,30,20,32,91,283,0,215,1,0,2,0,1,69,2,11,2,0,288,0,0,0,3,0,88,2,1,8,611,1,3,187,12,0,24,2,2,0,0,106,4,1,0,1,76,15,1,0,11,12,5,45,116,8,1,262,12,53,0,865,0,9,1,226,7,0,0,8,0,0,270,0,11,4,1,152,0,23,2,36,38,53,2,2,0,1,0,1,21,668,2,218,1,2,13,0,0,1,30,287,224,3,0,1,95,82,1,27,5,1,0,0,0,66,0,1,1,0,1,2,0,22,0,0,0,29,0,12,2,0,3,4,27,0,0,0,0,0,0,0,0,0,0,0,3,311,121,18,2,381,9,9,5,0,35,0,73,0,190,1,0,0,114,0,2,51,267,27,17,0,0,0,0,1,3,3,5,1,1,0,0,98,350,1,2,4,1,30,88,0,92,0,0,21,82,287,0,0,1,1,1,19,93,4,7,20,0,3,0,4,5,0,1,1,24,0,395,0,1,0,0,1,0,81,0,0,0,1,1,2,82,73,21,2,21,1,10,201,0,174,0,2,0,0,87,1,3,1,0,859,13,1,0,23,0,0,1,93,29,32,189,0,49,2,0,286,2,27,1,1,1,3,0,33,19,0,47,0,0,0,0,1,72,150,4,0,1,0,4,0,4,3,129,121,0,0,3,0,0,1,1,1,33,14,4,0,0,0,2,1
"ENSG00000226510.1",1,0,126,0,21,2,2,0,0,0,6,3,0,22,0,1,8,2,0,8,0,0,1,1,0,2,184,2,23,1,11,0,4,1,1,0,0,0,2,1,2,3,50,1,2,16,0,0,0,3,0,1,2,7,2,0,0,6,0,0,0,3,0,0,0,13,0,0,1,4,2,0,5,1,2,0,95,3,10,3,0,1,1,5,0,3,0,0,2,0,19,1,0,0,0,0,1,0,7,0,0,0,0,0,1,1,3,1,32,76,3,0,0,0,11,0,24,0,95,21,0,0,0,0,0,0,0,0,2,50,0,0,4,1,1,0,4,0,2,0,0,36,2,3,8,1,0,12,21,0,0,0,0,0,0,0,0,16,3,0,1,0,0,9,70,1,10,10,1,1,0,1,0,3,1,0,1,2,0,0,0,9,4,1,1,2,0,0,2,0,1,9,6,6,0,1,1,5,0,21,1,0,15,0,0,1,3,0,8,0,3,12,3,1,1,0,0,0,0,0,0,2,98,1,0,0,0,0,1,0,1,0,1,1,1,3,0,0,1,0,8,0,2,0,14,10,2,6,1,0,0,9,0,1,2,1,0,8,7,0,4,0,1,27,0,4,4,0,1,1,0,1,147,0,0,1,8,0,0,2,1,21,0,0,0,16,0,8,45,0,0,0,30,2,35,65,0,2,0,48,7,18,0,3,44,1,0,1,0,0,1,8,0,1,3,0,2,11,0,2,31,1,0,3,0,2,0,0,1,0,0,16,0,11,1,0,0,0,1,0,0,9,2,4,0,1,0,3,10,0,0,63,0,44,0,0,16,32,9,10,0,0,1,14,57,0,65,63,0,10,0,0,0,1,43,0,1,0,0,0,0,15,0,0,4,0,6,5,17,5,37,0,0,6,33,0,0,6,0,0,1,1,11,0,0,0,0,207,0,0,0,3,1,1,0,9,13,7,4,0,3,0,22,0
"ENSG00000226539.1",19,0,0,0,1,0,0,0,0,3,0,0,0,47,5,0,0,1,0,0,0,0,2,0,1,0,0,0,0,0,0,2,0,2,0,6,10,0,0,0,0,12,3,0,0,0,2,1,0,0,0,8,0,1,0,0,0,1,0,0,0,0,0,0,0,0,1,1,0,1,27,0,0,0,0,0,3,1,9,1,54,4,2,1,1,0,0,5,1,0,0,0,0,0,0,0,0,1,0,0,1,0,1,0,0,1,0,0,81,0,1,0,1,0,0,0,2,0,0,16,0,0,1,0,0,0,0,7,0,1,1,0,6,0,1,0,0,0,3,0,1,0,2,0,0,3,4,0,0,0,0,0,0,4,1,2,0,0,1,0,2,0,0,1,0,0,1,0,0,17,1,0,1,22,0,0,0,23,9,0,0,35,0,0,0,0,0,0,0,0,0,1,1,2,0,0,0,0,1,0,0,0,0,31,0,21,0,0,11,0,0,0,1,1,0,1,0,0,4,2,1,0,0,1,1,1,0,0,2,1,1,0,0,1,0,2,0,0,0,0,2,0,0,0,0,2,0,0,0,0,0,0,0,1,0,0,0,1,0,2,1,1,0,7,0,0,0,0,1,0,2,0,76,0,1,0,0,0,0,28,1,0,1,0,0,1,0,0,1,0,0,1,0,0,1,0,0,0,0,12,0,0,0,1,37,1,0,0,0,0,0,0,0,0,1,1,81,1,1,0,1,2,0,1,0,0,0,0,0,0,65,0,2,0,0,0,2,0,0,1,0,0,0,0,4,3,0,1,21,0,0,1,0,20,0,0,0,23,0,0,0,1,0,0,1,0,0,0,0,1,1,0,1,0,6,0,0,0,0,0,3,2,0,4,0,1,1,1,5,0,2,0,0,0,1,0,8,39,2,0,1,0,0,0,3,0,0,0,0,0,1,6,0,0,2,1,0,0,0,14,0,0,3,0
"ENSG00000226622.6",2,5,39,1,4,0,0,0,0,4,0,1,3,4,3,6,2,5,1,4,1,28,5,2,6,5,0,14,0,0,0,1,1,7,1,0,0,2,1,1,0,0,0,3,21,2,1,0,17,0,8,1,21,0,0,0,6,0,5,0,1,23,1,15,10,2,4,4,3,1,2,5,0,3,11,25,3,0,3,6,28,2,1,2,3,1,1,3,0,1,0,0,0,1,0,17,10,5,1,4,1,14,0,17,1,0,1,28,2,1,2,41,0,1,1,5,1,2,0,15,1,0,0,0,0,30,15,13,1,0,2,36,0,1,0,27,13,25,0,1,2,0,0,22,4,1,0,1,0,0,16,40,1,3,5,0,1,7,2,1,0,0,1,2,0,6,0,0,36,2,5,3,1,99,0,0,0,1,1,0,26,0,6,1,0,2,28,1,5,5,0,0,2,0,3,0,15,0,6,2,1,13,2,12,8,17,3,2,17,1,2,2,0,2,2,0,0,1,0,3,9,13,5,1,7,12,44,1,1,5,1,2,3,6,7,2,24,1,8,2,0,1,2,6,0,1,5,2,7,3,0,2,19,2,14,2,19,1,4,14,133,9,0,2,33,1,2,36,18,11,0,13,1,23,1,2,0,9,8,11,25,0,2,24,1,3,20,3,0,1,3,0,0,5,5,0,0,8,0,1,1,2,0,59,3,1,1,1,0,1,7,0,1,1,7,0,0,0,0,2,0,0,26,1,7,0,7,7,3,11,2,1,3,8,2,40,14,4,1,1,24,4,0,2,3,9,0,2,2,60,41,0,7,4,1,24,1,0,2,0,12,2,4,0,1,0,2,1,1,3,6,1,1,31,25,2,24,30,0,99,3,18,13,0,18,0,1,1,1,0,3,2,5,0,0,2,55,1,16,12,0,2,7,1,1,61,3,0,7,0,3,9,1,1,0,0,14,2,4,27,24,9,5,23
"ENSG00000226631.1",0,0,0,1,0,0,0,1,0,0,2,2,0,0,0,1,0,2,0,1,3,0,1,0,0,0,0,0,0,0,0,0,1,2,0,1,0,0,0,1,0,0,1,2,0,0,0,0,0,0,0,1,0,2,0,0,35,0,0,0,2,7,0,5,0,1,0,25,0,0,1,0,0,0,0,0,2,0,1,15,14,5,0,1,2,0,0,1,0,0,18,3,0,0,0,0,2,0,2,0,0,0,0,0,0,0,1,0,1,0,0,1,0,0,1,0,0,0,0,0,0,0,0,0,0,0,0,0,0,5,0,0,1,2,0,0,0,0,1,0,0,0,1,0,0,1,0,0,2,0,0,0,0,84,2,1,2,0,1,0,0,1,2,0,1,0,0,0,4,0,5,0,1,0,0,1,0,0,1,31,0,1,0,0,1,0,0,0,0,0,1,0,1,0,8,0,0,0,0,5,0,0,1,0,0,1,1,0,9,1,0,1,0,0,0,0,4,2,0,1,0,5,0,0,2,0,2,2,0,1,0,0,0,3,0,14,0,0,0,0,0,0,1,1,0,0,0,0,2,5,1,0,0,0,0,1,0,0,0,0,6,2,0,0,0,0,0,0,2,0,1,0,0,0,0,0,0,0,2,5,0,0,2,0,1,0,3,0,0,0,1,0,1,1,11,0,2,0,0,0,0,0,0,0,0,2,10,1,1,0,2,0,0,4,3,0,1,0,3,0,0,1,0,0,3,2,0,0,0,1,0,1,2,0,18,0,1,6,0,0,0,74,0,0,0,7,0,1,0,0,0,1,1,1,0,1,0,0,1,1,0,0,0,0,1,2,0,0,0,2,36,2,0,5,9,0,0,0,2,0,10,1,0,0,1,0,0,2,2,3,0,8,0,0,0,0,1,0,0,0,0,0,6,0,0,0,2,0,0,1,0,0,1,0,0,0,0,1,1,1,1,0,0,0
"ENSG00000226644.5",9,3,0,3,19,56,22,11,3,18,1,27,3,15,11,3,0,22,10,38,15,4,24,9,2,9,104,5,34,8,30,8,3,0,2,0,10,1,16,14,87,0,51,8,1,38,9,14,7,19,20,10,4,15,5,4,0,53,0,11,18,7,54,5,14,48,2,59,23,17,85,8,3,3,115,2,141,4,26,7,17,18,22,34,41,6,17,74,5,22,105,15,27,130,54,2,2,15,69,2,20,7,59,19,6,1,8,3,29,47,18,2,3,8,5,67,80,67,58,37,19,3,2,22,38,2,0,43,31,16,2,1,36,22,17,6,6,2,97,4,0,55,8,16,27,16,11,32,13,15,5,0,16,61,4,3,8,40,41,2,9,9,7,11,39,5,13,73,17,18,10,13,5,23,35,8,11,37,3,19,6,71,6,23,10,2,5,3,2,7,5,17,23,11,4,19,10,23,19,106,0,6,27,16,3,83,1,9,46,1,6,25,35,13,18,4,28,18,2,10,0,4,115,18,2,2,32,2,16,5,12,6,7,18,4,32,1,5,10,19,1,20,22,7,32,57,15,19,57,34,1,67,5,0,4,51,7,24,6,12,14,2,26,39,1,10,8,2,17,5,4,0,12,1,8,36,15,2,10,78,3,73,47,2,14,6,8,6,134,16,3,2,63,65,255,13,7,39,38,19,6,23,8,5,84,1,16,6,2,6,2,63,33,31,13,7,4,42,11,8,44,8,3,31,3,31,5,2,105,4,13,15,2,47,13,2,4,4,9,7,3,13,7,1,10,3,30,116,24,2,5,13,8,44,12,5,34,6,14,15,9,6,5,45,4,0,14,42,12,8,46,9,10,6,22,22,11,1,0,2,45,14,5,38,3,3,60,14,57,3,43,31,1,38,47,26,22,60,3,2,1,15,4,18,10,0,3,37,18,14,0,36,1,1,4,11,23,2,19,7,2,2,10,5
"ENSG00000226673.2",1,0,9,10,45,10,0,71,0,6,6,3,51,2,0,5,12,4,0,20,18,1,39,46,3,45,20,5,8,5,50,22,40,1,27,4,2,12,0,1,0,8,39,78,2,50,7,1,0,1,46,17,4,15,30,81,7,9,76,8,42,8,54,2,9,262,32,22,82,45,8,7,6,0,4,3,57,5,31,1,14,1,0,38,1,14,0,54,7,0,9,0,2,0,43,1,80,3,0,3,4,0,1,0,5,3,5,19,75,0,61,2,3,0,0,0,81,3,0,54,2,0,0,38,10,0,0,0,37,5,3,1,11,0,12,0,77,0,4,16,0,68,6,0,7,30,9,13,9,0,0,0,43,1,1,3,2,10,33,0,5,14,16,32,17,1,0,2,61,0,3,0,78,4,6,0,11,4,1,104,1,25,6,10,49,1,28,520,1,0,3,1,7,53,1,2,5,5,0,48,1,46,18,5,0,9,2,38,11,0,10,58,3,0,4,2,1,0,13,4,0,1,39,3,0,0,314,10,8,31,12,1,6,119,0,94,0,3,0,0,3,2,31,13,13,4,0,38,12,7,1,14,1,2,2,61,1,2,22,47,15,1,5,14,0,6,32,1,48,0,27,0,11,0,1,3,1,5,31,65,1,14,4,2,0,6,1,6,13,32,0,2,14,18,28,0,7,64,2,0,3,0,7,2,24,2,1,12,1,17,1,36,6,62,18,3,1,37,3,2,63,6,1,12,32,28,1,6,20,1,0,1,0,31,16,0,20,0,123,1,2,70,11,1,23,0,1,9,1,0,1,2,13,84,0,2,35,3,25,7,3,0,9,9,4,6,3,4,0,6,26,70,0,8,23,10,85,0,0,1,9,6,6,3,0,0,19,0,10,22,59,27,10,92,25,0,80,2,4,2,4,15,8,10,0,6,4,11,0,1,1,0,4,0,2,39,12,0,5,3,1,0,2,1
"ENSG00000226674.11",36,0,710,20,38,4,3,3,2,7,7,182,14,1560,403,7,53,12,1,3,9,27,349,178,288,232,4,82,137,510,5,172,40,355,18,14,345,6,90,174,16,17,455,588,10,2,7,126,30,2,3,50,12,174,5,116,14,255,143,12,6,587,2,77,123,15,15,72,82,11,1018,38,11,3,3,3,233,25,74,293,489,392,11,7,140,70,5,90,50,53,22,617,208,10,0,1,3,122,25,70,13,9,28,1,19,190,7,7,966,312,22,10,72,28,231,239,7,121,597,1268,417,254,8,9,76,19,31,75,2,347,94,9,404,5,18,7,3,1,87,2,22,29,519,4,17,4,22,10,10,7,13,4,0,387,35,0,54,17,69,31,91,1,199,12,6,74,209,11,14,31,175,266,9,2060,12,46,71,436,13,457,4,103,4,9,3,1,144,177,131,169,2,203,8,134,117,2,3,6,0,113,21,58,37,1596,1,315,5,34,219,187,32,15,45,841,160,36,6,2,114,743,3,127,204,25,7,3,82,179,3,11,4,50,24,6,9,265,14,5,37,328,273,18,1,169,35,16,303,4,5,61,15,4,0,94,0,3,12,36,561,1014,315,283,40,563,4,16,5,8,621,0,184,3,800,1,8,33,121,20,1,218,524,241,87,2,1,7,4,145,63,13,11,4,4,16,8,97,180,4,16,19,17,96,48,5,98,8,1,10,123,123,602,6,5,23,13,7,535,71,61,170,8,343,4,124,73,5,7,1,292,19,955,2,46,4,176,41,8,8,3,2,9,141,162,8,140,24,123,10,111,5,27,805,10,842,0,20,4,46,186,2,410,10,19,108,13,30,2,2,1,122,2,224,51,5,1404,493,660,26,5,314,286,277,327,9,6,2,6,108,94,0,4,0,2,8,2,198,36,27,80,4,33,6,15,0,234,993,257,481,88,42,117,105,17,6,6,0,103,15,29,15,2,72,25,8
"ENSG00000226686.8",67,1,137,3,9,37,3,5,2,21,25,81,54,28,13,0,25,5,0,39,1,1,6,3,1,2,0,31,0,6,20,7,8,4,7,0,1,3,9,16,4,104,0,1,3,0,2,2,1,10,5,18,3,38,76,0,4,9,30,14,5,10,0,24,0,57,5,4,11,6,107,8,4,1,1,0,20,4,17,2,18,11,1,4,42,0,0,20,1,0,9,24,17,1,3,0,0,5,1,9,4,2,58,10,7,2,130,2,133,0,20,3,11,4,15,8,63,61,24,121,162,2,2,1,17,1,0,0,38,5,1,1,65,2,4,8,3,1,68,0,0,36,2,3,7,4,0,37,20,44,5,0,0,10,5,2,3,5,2,3,15,1,6,41,42,0,48,39,9,123,8,2,1,108,11,0,3,2,1,2,1,3,1,22,64,2,43,14,39,24,1,15,0,10,0,51,1,0,3,1,25,19,28,13,0,10,1,1,2,1,9,30,1,21,4,11,0,1,5,7,1,19,3,0,0,0,96,6,3,2,1,2,1,68,1,1,1,4,3,3,0,4,2,5,34,1,23,46,21,41,1,14,0,2,1,3,2,33,55,6,80,2,27,170,0,3,2,3,41,2,5,3,62,1,19,35,64,0,49,1,155,23,1,1,7,17,3,25,4,35,0,0,11,2,3,1,20,102,3,111,3,4,57,0,2,1,0,1,22,57,56,105,43,83,67,83,19,46,7,2,66,12,0,261,11,5,3,24,4,2,19,3,5,16,19,4,35,6,0,1,1,0,0,22,44,12,0,5,29,0,0,15,1,123,93,1,71,44,25,3,2,5,3,75,9,12,6,0,0,3,18,0,8,93,33,0,15,0,9,169,0,2,3,1,4,11,16,19,5,41,47,4,0,48,10,0,109,64,18,0,1,1,22,5,4,98,22,2,18,1,1,2,14,4,0,16,11,4,13,3,0,4,25,1
"ENSG00000226690.8",0,0,2,0,1,4,0,0,0,0,1,1,0,10,6,0,0,4,0,3,9,0,2,4,0,4,11,0,2,2,4,59,0,0,0,0,9,1,0,0,0,0,35,0,1,0,0,0,0,2,0,2,0,1,0,0,0,13,1,1,0,15,0,0,2,6,0,0,1,0,5,0,0,0,0,1,4,0,1,0,0,4,0,1,1,5,0,2,0,0,0,10,5,0,0,0,0,0,23,0,0,0,5,2,1,9,0,0,34,40,9,0,0,3,2,7,1,1,28,3,0,5,0,0,0,0,0,0,2,35,1,0,7,0,3,0,0,0,2,0,0,6,5,0,8,13,0,0,3,1,2,0,0,2,0,0,0,0,0,0,0,1,0,0,0,1,0,3,0,4,26,0,0,17,1,0,9,2,25,2,0,8,0,0,1,0,0,0,32,4,1,1,1,0,1,4,0,0,0,7,0,0,6,1,0,1,0,6,0,0,2,21,0,10,1,0,1,2,3,0,0,1,8,0,0,0,1,9,0,0,0,0,0,0,0,1,0,0,0,3,5,0,2,0,4,0,0,2,1,0,0,1,0,0,0,0,0,6,6,0,1,0,1,25,0,0,0,0,0,0,0,0,0,0,0,5,10,0,0,0,1,2,0,0,0,1,0,0,10,0,0,0,0,5,2,11,24,0,0,0,0,4,2,0,0,0,0,0,2,4,0,4,0,4,0,7,1,0,0,0,19,5,1,34,0,1,0,1,0,0,8,1,0,4,3,1,0,1,0,0,0,0,1,18,0,0,2,0,4,0,1,10,0,16,0,0,0,3,1,0,3,0,0,17,8,0,1,5,0,0,0,0,0,7,1,0,0,1,0,2,7,0,0,0,0,0,3,0,1,0,1,0,0,2,11,0,2,28,0,0,0,0,7,0,2,4,2,5,0,0,0,0,0,0,0,3,0,47,2,1,0,0,0,3
"ENSG00000226702.1",0,0,0,1,0,0,0,5,0,0,0,1,0,1,0,0,0,19,0,27,0,1,26,17,9,1,0,26,47,65,1,103,9,15,4,0,0,0,0,0,0,0,3,1,1,0,0,0,0,50,0,1,0,9,0,14,0,0,49,0,0,18,0,29,0,2,85,0,46,35,3,4,19,1,0,0,17,7,2,58,47,40,0,0,58,0,3,0,7,1,0,4,7,0,0,0,0,37,0,2,2,0,13,0,1,0,0,3,3,0,0,2,0,18,0,0,0,0,0,3,0,69,137,0,3,0,0,8,0,0,4,0,48,4,0,2,0,0,0,11,1,6,2,2,3,1,9,0,40,0,0,2,0,150,6,0,0,28,12,117,25,0,1,0,0,12,0,0,0,0,42,49,0,0,0,0,17,0,0,1,1,12,0,16,26,0,390,0,0,99,0,0,0,105,30,0,1,0,0,11,0,30,8,75,0,12,77,2,14,16,1,0,6,36,3,0,0,0,35,56,1,34,0,2,0,0,0,77,1,0,0,9,1,0,0,20,2,0,16,107,4,0,0,1,4,2,0,0,0,0,0,0,1,19,0,1,0,0,0,2,90,55,0,0,0,0,0,0,15,2,3,0,32,0,1,0,0,0,0,0,140,1,94,0,0,15,1,0,1,0,0,0,1,0,0,0,1,0,3,0,1,0,2,1,67,0,0,42,37,0,0,0,0,2,1,0,3,0,1,12,0,10,0,4,7,0,0,0,0,2,4,2,23,13,0,0,0,0,0,1,0,0,18,0,0,49,0,0,1,0,0,0,0,51,0,1,0,7,0,0,4,8,0,4,0,0,7,0,0,19,0,14,0,0,35,0,40,2,33,149,26,69,12,0,1,14,0,0,32,15,0,0,1,0,3,0,17,0,0,0,11,0,6,0,0,0,6,0,42,3,5,31,5,1,119,0,5,10,0,0,0,5,0,0
"ENSG00000226869.6",34,0,0,0,2,0,0,0,0,0,0,1,0,2,0,0,0,0,0,1,0,0,8,0,0,0,0,0,1,2,4,0,0,4,0,0,0,0,0,0,0,7,9,31,0,0,0,0,0,0,0,2,0,2,0,0,0,1,1,0,15,1,0,0,0,0,0,16,0,0,7,0,0,0,0,0,13,0,1,0,13,5,0,0,0,0,0,2,0,0,1,2,0,11,8,0,0,1,20,0,0,0,0,1,0,0,0,0,7,0,0,0,0,2,0,7,5,3,0,0,0,8,0,29,0,0,0,1,0,1,0,0,0,0,0,0,0,0,1,0,0,4,2,0,0,0,4,1,0,1,1,0,0,0,0,0,0,0,0,35,0,0,0,0,5,2,6,1,0,0,1,0,0,2,0,0,0,1,0,0,0,0,0,0,0,0,1,0,0,0,0,1,0,0,12,0,0,0,0,0,0,0,0,0,0,0,0,0,0,0,0,1,0,0,0,1,0,0,0,0,0,0,0,0,0,0,0,0,0,0,3,0,0,0,0,0,0,0,0,1,0,0,0,1,2,0,0,0,0,0,0,0,0,2,1,0,0,0,0,1,3,1,0,19,0,0,2,1,0,2,2,0,0,0,0,0,0,0,2,0,1,0,0,0,0,0,0,0,0,0,0,0,0,0,1,0,0,0,16,0,0,0,17,0,0,0,0,0,0,14,20,2,0,0,0,0,1,0,0,0,5,30,0,5,0,0,0,1,0,0,7,0,0,1,0,0,0,0,0,0,0,0,0,7,0,7,0,3,0,0,0,2,0,14,0,0,1,104,0,0,0,4,0,6,1,0,0,0,0,0,0,0,0,4,2,0,1,0,0,0,1,0,12,0,1,0,0,0,0,0,0,17,1,0,0,0,0,2,12,0,0,1,1,0,0,14,0,0,0,0,0,0,0,0,34,0,4,1,0,0,0,9,0,0
"ENSG00000226887.8",199,1,11,2,23,7,0,0,0,13,163,0,5856,697,0,7,4,15,92,11,7,7,2,0,0,3,1,10,18,100,0,88,8,2,12,2724,179,1,0,0,1,11,10,28,11,4,7,10,7,0,0,136,6,17,3,9,3,15,4,0,133,33,0,4,1,4,1,2,0,4,351,5,1,1,2,0,37,12,1276,35,70,2,720,6,0,3,1,0,39,0,3,63,29,0,57,0,71,0,0,17,2,2,133,4,10,124,6,3,301,46,4,13,5,1,1,0,118,0,43,710,0,0,1,0,2,2,6,0,2,128,2,15,2,1,23,6,0,4,2,1,2,46,3,1,5,0,1,1,10,2,4,3,10,21,3,0,0,7,6,3,0,5,53,0,46,9,0,30,6,138,0,0,0,14,15,2,1,1,126,0,1,6,11,1,79,0,4,1,5,1,1,0,0,8,7,0,5,0,0,344,0,0,24,89,7,1,0,4,2,0,7,6,0,3,6,8,0,0,2,0,4,0,5,0,7,5,222,20,0,0,25,3,13,27,4,2,1,0,0,12,14,0,197,0,28,3,0,1,1,0,0,0,2,0,4,0,7,1,0,26,1,0,194,38,5,2,10,12,0,1,2,4,17,3,6,25,84,1,143,5,0,33,0,2,0,22,5,1,72,1,13,0,1,1,102,321,115,4,0,107,9,2,75,14,25,3,1,0,1,12,0,5,0,115,17,338,28,31,210,0,1,7,3,30,0,2,10,1723,163,2,483,2,2,0,6,14,73,42,136,239,5,0,0,11,23,1,0,2,42,4,5,215,0,5,0,7,5,80,145,0,1,4,3,91,64,1,0,186,2,0,1,160,13,389,87,1,19,12,2,0,0,24,1,0,8,1,40,0,0,4,32,1,3,2,3,0,12,76,7,6,0,0,7,0,11,8,156,0,0,22,6,0,4,4,0,1,0,552,44,10,5,1,563,4
"ENSG00000226965.2",2,0,12,0,0,0,0,0,0,6,3,4,3,1,0,0,0,0,0,1,0,0,0,0,14,1,0,3,0,2,1,3,0,2,0,4,1,0,2,0,6,2,2,5,5,2,3,1,1,1,0,3,0,1,0,0,3,0,3,0,3,10,0,0,1,0,0,1,1,5,19,1,1,1,0,0,2,1,17,0,0,0,0,3,2,1,7,7,2,8,2,1,1,0,0,0,0,1,19,0,6,6,2,5,2,4,3,0,3,0,0,0,0,9,0,0,6,0,0,1,27,0,1,52,3,0,0,6,0,1,0,0,0,0,0,0,2,0,0,0,1,12,0,4,0,0,1,0,9,0,2,0,0,3,4,0,2,0,5,4,2,1,0,0,0,3,1,0,11,2,0,5,8,1,0,4,3,2,1,3,0,0,3,0,3,1,0,0,0,0,0,0,1,0,6,2,0,9,0,11,1,12,1,1,0,18,1,2,2,3,0,3,0,0,4,1,6,0,0,17,0,0,2,0,1,0,1,1,2,2,2,5,0,22,1,3,0,1,2,0,0,8,0,0,0,2,11,2,1,27,0,1,0,5,0,2,0,0,1,2,2,0,0,0,0,4,0,0,2,0,0,0,0,0,0,1,0,2,1,0,5,16,2,1,2,0,0,2,2,0,4,2,0,0,1,0,1,2,0,0,4,1,1,0,3,2,1,5,0,0,7,0,2,1,1,0,10,0,2,1,2,1,0,0,0,9,3,1,1,0,7,0,10,0,3,1,5,2,3,0,0,14,1,0,16,7,7,2,0,0,0,0,0,32,6,0,0,2,0,0,0,2,5,0,1,1,0,0,1,2,0,29,0,0,0,0,27,0,2,10,0,2,2,0,2,3,1,0,0,0,0,3,0,0,0,0,1,20,1,0,0,0,0,5,0,2,0,0,1,1,2,11,0,0,0,0,6,22,0,0,0,0,0,2
"ENSG00000227017.1",1,0,5,0,1,0,1,0,0,2,0,0,3,41,7,1,0,0,1,0,2,0,3,0,1,1,0,0,0,1,0,5,1,5,2,11,68,0,0,0,0,1,0,1,0,0,0,2,0,6,0,1,3,3,0,0,1,0,1,0,0,3,2,3,0,0,1,3,0,1,3,7,0,0,0,0,7,0,0,1,21,6,3,30,0,0,5,4,1,4,1,8,0,0,2,0,0,1,3,3,1,0,8,0,2,0,4,0,4,0,0,2,8,2,1,0,1,0,0,4,3,9,0,2,1,1,0,11,1,1,2,0,10,0,15,0,3,0,6,0,0,1,0,0,1,58,3,0,0,0,0,1,3,0,2,0,0,0,15,2,4,0,28,0,0,8,4,0,0,2,1,1,4,3,2,0,1,12,6,54,1,1,1,0,2,0,0,3,0,1,0,4,13,2,11,0,3,1,18,6,0,3,4,22,0,10,0,2,26,2,2,1,0,1,1,2,1,1,3,1,0,24,1,0,0,0,1,11,9,2,0,1,9,0,0,24,0,1,5,0,1,1,0,0,1,0,1,0,22,1,0,0,0,3,0,1,1,0,0,3,3,86,6,2,1,0,0,3,2,2,1,0,2,1,0,0,2,1,0,5,3,2,8,0,0,0,0,7,9,2,0,2,1,6,0,0,0,0,0,11,1,4,3,0,5,1,2,11,1,2,0,0,0,19,6,1,4,7,2,1,1,4,0,2,12,0,0,0,4,0,0,4,6,0,2,0,0,2,2,0,0,25,1,0,1,1,0,1,2,0,0,7,1,0,0,0,0,1,3,0,0,3,6,0,0,4,1,3,1,2,1,2,0,0,5,0,8,0,1,3,5,3,10,1,1,0,2,6,1,1,0,3,0,0,0,0,11,0,0,0,0,4,1,0,9,3,10,4,11,0,1,2,0,0,0,0,1,5,0,0,0,0,0,0
"ENSG00000227036.8",1114,13,21,145,171,38,39,4,77,76,174,7,202,751,1209,27,16,32,14,131,10,8,18,10,9,6,2,94,21,1849,68,392,137,9,441,70,206,85,2,19,1,73,10,22,12,97,30,156,74,3,1,161,8,660,3,67,569,2,6,4,4,90,290,16,0,5,5,170,432,70,1258,253,35,19,1,5,413,117,752,169,182,33,161,271,36,50,67,92,51,211,274,3095,47,1027,7,3,904,5,610,318,652,7,987,5,76,24,41,15,219,1,80,18,101,119,14,22,269,8,14,2186,26,4,2,321,200,7,17,1,9,355,20,6,331,238,145,12,47,4,223,1,5,61,1067,18,83,306,82,18,168,53,9,23,144,40,27,435,603,72,71,98,5,431,614,87,354,12,131,331,61,1277,12,38,3391,13,454,8,238,1505,440,875,5,73,356,103,2,12,24,14,29,17,210,677,17,168,25,107,12,466,4,93,3,10,53,28,6,20,5,56,70,7,22,72,481,4,74,120,171,4312,189,569,7,10,182,72,16,13,9,173,44,370,414,7,127,489,1,569,10,6,14,96,50,197,18,35,314,234,24,474,54,21,11,6,6,17,6,24,16,120,523,109,49,17,446,121,8,174,200,15,36,32,248,15,58,7,91,13,682,7,73,143,21,3745,142,16,8,46,6,128,246,185,64,43,11,83,18,864,739,14,0,114,94,15,236,1,197,217,112,138,36,123,1689,171,4,209,166,125,3435,58,128,117,60,293,6,29,791,26,84,1,512,5,30,20,99,3,182,23,344,999,319,202,8,1499,22,22,191,10,7,90,129,3,22,468,4,22,5,9,290,214,78,777,10,4,500,550,494,4,301,242,4,24,5,548,392,317,36,6,5,95,3,34,8,17,8,225,22,266,47,297,3,17,450,9,7,57,25,21,60,975,184,21,28,22,60,1,191,23,269,15,2,91,70,1,8,72,24,6,4,1752,175,15,10,1,132,45
"ENSG00000227043.3",0,0,0,1,1,0,0,1,0,0,1,0,1,0,1,0,0,0,1,0,0,0,3,2,4,1,1,5,0,3,0,0,0,76,0,0,0,1,0,0,0,0,0,0,0,4,0,0,0,0,0,4,0,3,0,1,0,0,8,0,0,20,0,1,1,0,0,0,1,0,9,0,1,0,0,0,0,0,1,6,6,271,0,0,1,2,1,1,2,0,0,5,0,0,0,0,0,14,3,1,0,0,1,0,0,0,0,0,13,0,1,0,0,5,0,9,0,1,1,0,0,3,0,0,0,0,0,1,0,0,0,0,28,0,0,0,0,0,0,0,0,0,0,0,0,2,0,0,0,0,0,0,3,9,0,0,0,0,3,25,20,0,19,0,0,1,0,0,0,2,0,3,6,26,0,0,0,7,0,1,0,4,0,0,0,0,1,1,1,0,0,0,0,14,52,1,0,0,0,6,0,3,0,8,0,3,0,0,0,0,0,0,0,13,1,0,0,0,1,0,0,0,0,1,0,0,0,0,0,0,0,1,0,0,0,48,0,0,0,0,1,4,0,2,2,0,0,0,0,0,0,1,0,1,0,0,0,0,0,3,4,208,1,4,0,0,2,0,4,0,0,0,1,0,0,0,0,0,0,1,62,0,0,0,0,0,0,0,0,0,0,0,0,1,0,0,8,0,0,0,2,0,0,0,2,0,0,0,0,0,0,0,0,0,7,0,1,0,0,0,0,0,0,0,0,0,0,0,4,0,32,0,4,1,2,0,0,0,0,0,0,0,0,2,2,44,0,0,0,0,0,1,0,1,0,1,1,0,0,0,3,0,0,0,0,0,0,0,1,0,0,0,0,1,121,0,0,0,0,39,2,182,122,0,0,2,0,2,0,2,1,1,0,1,0,0,4,2,0,0,4,0,3,0,0,1,0,0,0,1,0,0,1,0,3,0,2,5,0,0,0,0,0,0
"ENSG00000227088.2",1,0,6,0,0,0,3,0,0,0,0,0,0,14,2,0,0,4,0,0,0,0,3,0,0,4,0,0,0,11,0,0,0,1,0,0,8,0,0,0,0,0,0,0,0,0,0,0,0,0,0,4,0,0,0,0,0,0,2,0,0,5,0,0,0,1,0,6,0,0,4,0,1,0,0,0,2,0,0,4,5,3,0,0,0,0,0,0,0,0,0,30,0,0,0,0,0,2,0,0,0,0,0,0,0,0,0,0,23,0,0,0,3,0,0,11,0,0,8,8,5,0,0,0,1,0,0,0,0,20,0,0,4,0,0,0,0,0,0,1,0,0,10,0,0,0,0,0,5,0,0,0,0,8,0,0,0,0,1,0,0,0,0,1,0,1,0,0,0,6,0,1,0,12,0,0,1,2,0,9,0,0,2,0,0,0,0,0,1,0,0,0,0,0,0,0,0,0,1,0,0,0,0,14,0,2,0,0,0,0,0,0,0,0,1,1,0,1,3,1,0,3,0,0,0,0,0,0,0,0,0,0,0,0,0,0,0,0,0,2,0,0,0,0,4,0,2,0,0,0,0,0,0,7,0,0,0,0,11,1,2,5,1,0,0,0,0,0,1,0,0,0,7,0,0,0,9,0,0,0,0,8,2,0,0,0,0,0,0,0,0,0,0,1,0,9,8,0,0,0,0,0,11,0,2,0,0,0,0,0,4,0,0,1,0,0,4,0,0,2,0,0,0,1,0,0,0,0,2,0,1,0,1,0,0,0,0,0,0,0,0,1,3,1,1,6,0,0,5,0,0,0,0,2,0,0,0,0,0,0,1,0,1,2,0,0,0,0,0,4,0,3,10,0,12,0,1,0,0,0,0,0,3,0,0,3,0,1,0,0,0,0,0,0,0,0,0,2,0,0,0,0,1,0,3,0,5,1,0,0,2,1,0,0,0,0,0,0,0,0,0,0,0,0
"ENSG00000227098.2",0,0,12,2,0,0,4,0,1,2,1,0,2,6,0,0,0,4,2,0,0,0,0,0,13,1,1,0,2,1,1,0,0,0,0,7,0,0,0,4,0,0,2,2,1,0,2,1,0,0,0,1,0,0,5,1,0,1,0,0,1,3,5,0,0,4,1,0,0,0,2,1,0,0,0,0,4,0,4,1,6,4,0,0,4,0,0,1,12,1,0,1,0,0,1,0,0,14,4,0,1,0,0,0,0,1,0,0,0,0,0,0,0,0,1,0,0,1,0,2,1,2,2,0,0,0,0,0,0,0,2,0,1,2,0,0,0,0,33,4,1,0,0,0,0,2,1,0,1,0,0,0,1,0,0,1,2,0,0,0,3,4,0,0,0,1,2,0,0,0,0,0,2,0,0,0,0,2,0,0,0,1,1,0,0,0,2,2,2,5,0,4,8,0,4,0,0,3,1,4,1,3,1,0,0,2,0,5,1,3,0,0,0,1,0,0,0,5,0,0,2,0,0,0,0,0,1,2,3,1,0,5,1,6,0,2,0,2,0,0,0,0,11,0,5,3,2,3,20,0,0,1,0,1,0,0,0,0,4,2,1,0,0,1,0,1,0,0,18,0,0,0,0,0,1,0,0,0,6,0,1,4,0,0,2,0,0,0,1,0,0,0,0,0,3,0,1,0,12,0,0,9,0,0,2,0,3,0,0,1,4,0,1,0,0,2,1,1,0,0,1,0,0,0,0,1,1,4,2,0,4,0,0,1,2,0,1,2,7,0,0,2,5,1,1,0,3,1,1,0,0,1,0,0,0,1,0,0,2,0,4,1,0,0,2,0,0,0,0,0,0,0,2,1,1,0,4,0,0,1,0,7,0,0,0,1,0,0,0,0,0,0,0,0,0,0,14,0,1,0,0,1,0,0,1,2,0,1,0,0,0,0,0,0,0,0,0,3,1,0,0,1,6,0
"ENSG00000227115.8",0,0,3,0,0,0,0,1,0,0,0,3,0,241,1,69,0,3,0,1,1,0,1,12,110,0,0,83,0,151,4,2,84,9,39,0,58,0,56,124,10,0,0,0,0,1,0,46,1,0,0,3,0,148,0,2,0,4,4,3,0,172,2,22,0,0,199,1,0,0,13,0,0,0,0,0,0,0,0,43,214,296,3,1,95,0,0,0,0,64,0,0,0,18,0,0,0,12,3,0,0,0,0,0,0,0,1,0,66,2,1,0,0,52,0,7,0,1,2,14,1,30,0,2,0,0,2,42,0,2,38,0,176,0,2,0,0,1,13,18,0,0,25,0,0,79,4,0,0,0,5,0,0,2,0,0,0,0,2,235,34,0,16,1,0,96,3,2,0,9,0,114,1,58,0,17,9,1,0,154,0,0,1,0,2,0,1,0,0,45,0,1,79,36,38,0,0,0,0,0,2,0,2,226,0,3,1,1,206,1,0,1433,15,2,4,1,12,0,7,713,0,94,1,0,0,0,2,483,0,2,0,228,2,1,0,15,0,1,2,7,10,0,0,0,14,0,42,0,2,0,13,1,0,3,0,0,0,0,0,76,93,50,0,1,0,0,0,3,386,0,1,0,3,0,0,5,47,0,0,1,96,27,291,2,0,0,0,0,2,0,0,0,0,0,0,4,5,0,2,0,1,0,5,0,73,0,3,6,8,2,83,0,0,0,1,0,157,0,0,10,0,31,0,11,4,1,0,0,7,0,0,2,8,0,0,1,4,15,0,0,0,0,1,0,35,74,0,0,2,0,1,3,0,2,0,2,0,0,4,0,104,2,14,0,0,2,1,10,0,0,0,3,3,1,121,0,66,0,0,13,191,118,241,0,2,152,0,30,1,0,3,0,0,0,3,0,56,5,8,0,189,0,0,0,0,1,33,0,121,0,1,115,0,0,0,0,106,0,22,0,0,0,1,0
"ENSG00000227128.5",0,0,32,0,2,0,0,0,0,1,0,0,1,0,0,0,0,0,0,0,0,0,0,0,0,2,0,1,0,1,0,0,0,0,0,0,0,0,0,0,0,14,1,0,0,0,1,0,0,0,0,1,0,0,1,0,0,0,0,0,0,10,0,0,0,0,0,0,0,0,0,15,0,0,0,0,0,1,0,1,3,0,0,0,1,4,0,0,0,0,0,0,0,0,0,0,0,0,0,5,1,0,4,0,0,1,0,0,35,0,0,0,0,0,0,0,1,0,0,0,0,0,0,1,1,0,0,0,0,297,0,0,0,0,0,0,8,0,0,1,0,0,0,0,0,0,0,2,0,0,0,0,0,0,0,0,0,1,0,2,0,0,0,0,0,0,0,101,0,0,2,0,6,1,0,0,0,0,0,0,0,0,0,0,2,0,0,3,0,0,0,0,1,1,0,0,0,0,0,2,0,0,1,2,0,0,0,0,0,0,0,0,0,0,0,0,0,6,0,0,0,0,0,0,0,0,0,0,0,0,12,0,0,2,0,0,0,0,0,0,1,1,2,12,1,67,0,0,10,4,0,0,0,0,0,0,0,6,0,0,0,0,3,1,0,0,4,0,0,0,0,0,0,0,0,0,0,0,0,0,0,1,0,0,0,0,0,2,0,0,0,1,0,0,0,0,0,0,0,0,0,15,0,0,0,0,0,1,0,0,3,0,1,1,1,0,0,0,0,0,0,0,0,26,5,0,0,1,0,0,0,0,0,0,1,0,1,0,0,0,0,0,0,42,0,0,0,0,0,0,0,0,1,0,0,0,1,1,0,0,0,0,0,0,0,0,0,0,0,0,0,1,20,0,0,0,0,0,0,0,0,0,1,0,0,0,0,0,0,0,0,0,0,0,0,0,2,0,1,0,1,0,2,0,0,2,0,1,0,0,0,1,0,0,0,0,0,1,0,0,0,0,0,0
"ENSG00000227131.1",1,0,0,1,1,0,0,0,0,0,0,0,0,1,2,0,21,10,0,0,0,0,1,0,0,0,0,0,3,0,0,4,0,1,0,0,0,0,0,0,0,17,0,0,0,1,0,1,0,0,0,0,0,0,0,11,0,0,22,0,0,0,0,0,0,8,0,1,2,32,0,1,0,0,0,0,38,0,0,0,1,0,0,9,19,6,0,0,3,0,0,1,0,0,11,0,0,0,0,10,0,0,236,0,0,0,2,0,4,0,1,0,0,1,0,0,5,0,0,0,0,0,0,0,0,0,2,0,0,4,0,0,5,0,0,0,0,0,0,0,0,7,0,0,1,72,0,0,0,0,0,0,0,0,0,0,0,0,0,0,13,0,2,0,3,0,0,0,2,0,0,0,0,70,0,0,0,0,0,0,0,12,0,1,0,0,0,5,0,0,0,0,2,0,13,0,0,0,0,18,0,5,0,16,0,1,0,315,0,3,0,0,0,0,0,0,0,0,0,0,0,0,0,0,0,0,0,0,1,0,26,0,8,0,2,0,0,0,0,0,0,0,1,0,10,0,0,0,1,0,0,0,0,0,0,13,0,0,0,0,0,6,20,0,0,0,9,0,0,0,0,0,0,0,0,0,0,0,9,1,0,0,0,0,0,0,0,0,0,0,0,0,0,0,1,0,1,1,0,32,0,0,0,0,0,0,0,0,0,0,0,1,0,1,0,0,0,0,2,0,3,42,0,2,0,0,0,57,0,0,1,0,0,0,0,0,1,12,0,0,0,0,0,8,0,0,0,1,9,0,0,4,0,1,0,0,1,34,1,0,0,0,1,0,10,0,0,0,0,0,0,1,0,2,0,0,0,0,0,1,4,0,0,0,0,0,0,1,0,0,0,1,0,6,0,0,20,0,0,0,0,0,0,0,0,0,0,0,0,3,1,0,0,0,25,0,9,0,10,0,0,0,14,0
"ENSG00000227145.2",0,0,0,0,0,0,4,1,0,0,0,4,63,22,41,1,0,15,0,1,0,0,0,1,0,0,0,1,0,4,0,1,0,1,0,9,5,0,0,0,0,1,1,9,0,0,0,10,1,0,2,7,18,15,69,0,0,0,0,0,0,132,0,1,1,0,13,7,0,1,107,0,0,0,0,0,0,0,0,73,81,49,1,0,5,1,0,1,1,2,0,296,0,1,0,0,0,0,2,2,0,0,1,0,0,0,187,6,5,0,0,7,0,1,0,1,1,0,0,2,0,1,1,1,1,0,0,5,1,37,21,0,128,0,0,0,49,0,1,0,0,1,7,1,3,0,5,0,8,0,0,0,0,3,0,81,0,0,21,39,0,0,1,1,0,49,18,0,0,0,0,3,2,2,0,87,1,0,0,4,0,0,1,0,2,1,3,0,1,0,0,5,12,2,66,0,1,1,0,0,0,65,0,8,0,10,0,0,0,0,2,3,0,0,3,1,35,0,1,154,0,2,0,0,0,1,0,4,0,2,4,0,0,19,0,10,0,15,1,0,0,0,73,0,3,0,0,0,5,0,0,0,1,0,0,0,0,1,0,6,3,27,0,0,0,0,0,1,17,1,2,0,10,0,1,1,2,0,11,3,2,8,25,0,0,2,0,0,4,0,3,0,0,0,3,2,0,0,66,70,0,3,0,0,1,0,0,3,0,2,81,0,1,0,0,0,25,27,0,1,0,2,0,0,0,0,12,50,0,0,1,10,5,0,0,0,1,0,1,1,0,3,0,1,5,0,34,1,3,0,0,3,2,1,0,0,1,0,23,0,1,0,13,0,1,1,0,0,1,0,0,3,0,5,0,1,57,0,0,0,0,18,7,0,0,0,4,0,0,0,1,0,0,0,0,0,27,4,0,0,8,1,1,0,114,0,3,3,1,1,2,0,0,0,0,0,2,59,1,0,0,3,35,0
"ENSG00000227160.3",0,0,0,6,2,0,0,0,0,3,0,0,0,3,2,0,0,1,0,5,1,1,4,3,0,0,0,0,0,0,0,2,1,13,0,0,29,0,0,0,3,1,0,3,0,0,2,1,0,0,0,1,0,0,0,0,0,0,0,1,1,1,1,0,0,0,0,0,0,1,4,4,1,1,1,0,0,0,1,0,0,0,0,0,1,0,1,2,1,0,3,0,0,0,0,0,0,4,0,0,1,1,3,0,1,2,0,0,0,0,3,0,5,4,0,1,5,0,0,37,3,0,0,1,0,0,1,1,2,0,3,0,1,9,2,0,0,0,0,0,0,3,1,0,1,0,1,1,2,1,1,0,0,0,0,0,1,1,1,1,0,0,8,0,0,1,2,2,0,0,0,0,2,2,2,0,0,0,2,16,0,0,0,0,35,0,3,0,1,0,0,10,2,0,0,0,0,2,0,0,0,0,3,1,0,0,0,2,0,0,0,3,0,1,0,2,0,0,6,2,0,2,0,0,1,0,5,0,2,0,1,2,5,0,4,5,0,0,0,4,1,2,0,0,1,1,0,2,0,1,0,0,0,0,0,1,0,2,6,0,2,0,0,0,0,4,0,0,0,0,3,0,0,0,3,0,1,0,0,6,1,0,0,1,0,0,0,0,1,2,1,0,0,0,0,0,1,0,0,3,1,0,3,0,0,2,0,0,0,0,3,0,0,0,0,0,0,0,0,0,0,0,0,0,5,0,0,1,14,0,1,0,1,0,0,0,0,0,0,1,0,0,1,1,0,0,0,1,0,0,0,3,0,0,0,0,0,2,0,0,0,0,0,0,2,0,0,0,1,1,0,2,1,0,0,0,1,0,0,0,1,2,0,0,0,0,1,1,0,0,0,0,0,0,0,2,2,0,1,0,2,1,0,0,4,0,0,0,2,5,4,3,1,0,0,0,0,0,0,0,0,0,5,0
"ENSG00000227195.11",0,0,0,0,0,0,1,0,0,0,54,1,0,207,67,0,1,20,0,1,0,1,0,0,4,0,30,1,0,3,1,0,2,0,0,0,153,0,1,0,0,0,1,0,0,0,0,66,0,0,3,30,0,12,0,0,1,0,0,0,0,200,0,0,0,0,0,0,0,0,56,0,0,0,0,0,0,1,48,82,108,17,1,0,6,0,0,92,0,3,0,17,181,9,0,0,0,7,2,0,1,1,0,1,0,0,0,0,511,0,0,0,0,1,0,0,1,0,1,111,1,2,1,0,4,0,0,11,0,0,0,0,482,0,0,0,0,0,34,0,0,0,4,0,0,125,1,0,1,1,0,0,0,90,0,0,0,0,0,4,2,0,1,0,0,15,0,0,0,227,0,1,0,16,0,0,0,34,0,0,0,0,0,1,2,0,1,0,0,8,1,86,3,2,0,1,0,0,0,0,1,0,0,237,0,5,0,0,2,0,0,1,468,1,4,3,0,0,46,16,0,0,0,0,0,0,0,21,0,0,0,1,0,0,1,1,0,0,1,0,0,0,0,0,0,0,0,0,0,0,0,0,0,0,0,0,0,0,0,0,6,0,0,3,0,1,0,0,9,0,148,0,30,0,0,0,73,0,0,7,1,71,0,0,0,0,0,0,0,0,5,0,0,2,0,127,8,0,2,0,1,0,41,0,175,0,0,0,3,45,0,0,0,0,0,38,186,3,0,3,0,0,0,0,55,0,0,0,6,0,45,0,8,0,1,0,0,0,0,0,0,1,0,0,41,1,1,0,145,0,0,128,0,20,0,0,0,0,0,0,0,0,0,1,0,0,0,1,0,0,1,17,0,846,54,1,13,2,1,3,0,15,0,0,0,30,1,14,0,0,2,0,0,0,0,0,14,7,1,0,7,0,0,0,0,1,49,36,3,0,0,0,0,0,2,0,50,0,0,0,0,0,0,0
"ENSG00000227300.12",0,0,0,8,0,0,0,0,0,2,0,0,2,2,6,1,0,1,0,34,5,21,0,0,0,0,0,0,1,4,0,0,0,0,1,92,1,0,0,0,0,0,0,0,0,0,1,0,15,26,0,0,0,0,0,0,0,0,0,0,0,6,0,0,2,1,0,0,0,1,0,2,0,136,0,0,0,0,0,1,0,0,33,0,0,6,0,0,18,1,6,0,0,0,0,0,0,0,0,0,0,2,0,1,0,0,0,6,1,0,0,3,4,0,0,0,1,0,2,0,0,1,13,0,1,3541,601,0,0,0,0,6,0,0,0,5,0,2,0,0,0,0,0,6,0,0,0,0,0,1,59,0,0,4,0,0,0,0,0,0,0,0,4,0,0,2,0,1,0,0,0,0,0,5,0,0,0,0,1,0,0,5,0,0,0,1,0,0,4,0,0,0,1,0,0,0,10,0,1,0,0,1,0,3,0,1,12,17,1,1,5,0,0,0,33,3,0,0,3,0,23,0,0,1,3,62,0,0,0,0,0,0,1,0,0,0,0,0,0,17,0,0,0,0,0,0,0,0,0,0,0,0,1,0,0,0,0,3,0,1,0,0,0,0,154,0,0,0,0,17,0,0,1,2,0,0,0,3,0,0,0,1,0,18,0,0,1,0,0,0,4,0,0,0,0,0,1,0,17,1,0,1,0,0,0,1,0,0,0,0,0,0,0,0,0,16,0,0,1,0,0,0,2,1,1,0,35,0,0,3,0,0,0,0,1,10,0,0,0,12,0,0,0,1,2,0,0,0,0,56,1,0,0,0,0,4,0,4,0,0,0,0,0,1,0,0,0,0,0,0,1,0,0,0,0,0,0,60,0,0,12,0,0,6,0,0,0,0,0,0,2,0,0,0,0,0,24,0,56,3,0,0,0,0,584,0,6,0,0,5,1,0,5,0,1,0,0,1,3,5,0,3,0,179
"ENSG00000227440.1",0,0,9,4,7,2,20,2,3,32,2,2,5,84,33,1,0,9,4,1,2,0,2,3,2,2,4,7,2,17,5,11,10,1,3,4,10,0,0,1,2,53,14,1,1,3,2,19,3,1,1,20,5,8,1,2,3,5,32,4,0,6,1,3,1,5,1,1,40,3,20,6,0,2,1,0,40,5,30,4,2,13,19,8,4,1,2,4,2,1,10,16,1,33,1,1,3,1,7,4,1,0,77,1,6,2,1,1,66,7,7,1,3,9,1,4,23,1,38,12,0,9,1,4,2,0,3,7,13,11,4,0,30,2,11,1,7,1,9,1,1,37,16,0,1,34,61,14,17,7,2,2,4,12,0,3,6,9,5,11,21,3,3,2,22,4,12,31,4,4,7,1,2,15,1,1,4,12,78,0,0,2,4,3,2,10,6,0,0,6,1,123,11,19,0,26,1,10,1,9,1,6,4,5,0,10,0,2,4,4,2,5,47,5,5,5,2,1,11,10,0,3,27,2,1,0,1,45,5,1,16,4,4,4,0,8,2,2,3,6,1,2,1,1,17,33,5,5,2,2,0,5,1,80,1,2,0,7,2,46,2,0,31,16,0,3,16,0,21,0,8,0,19,2,1,6,34,0,0,8,1,13,4,2,2,11,1,6,18,9,1,4,12,1,2,22,37,2,8,2,7,5,45,2,52,4,2,2,3,4,2,8,8,8,4,20,7,7,0,0,6,24,0,9,3,9,1,1,3,2,21,4,0,3,6,2,0,49,0,8,0,4,2,31,3,7,3,10,20,0,1,19,1,23,0,0,6,38,22,6,2,3,1,10,42,3,30,14,0,11,6,2,16,1,33,2,13,0,4,3,3,6,2,3,5,10,6,4,3,0,13,0,1,8,11,5,15,20,2,0,3,8,7,0,11,8,8,13,3,2,2,1,0,2,1,5,1,28,2,1,1,2,72,0
"ENSG00000227471.9",41,2,0,2014,52,234,12,0,9,76,0,4,5,151,1139,15,1,1974,0,10,31,0,32,415,6,27,323,346,285,107,3,563,2666,473,2674,19,2224,384,0,0,0,5,0,32,51,31,490,441,6,34,704,215,208,43,1,1925,1,12,92,5,3,640,80,0,53,0,1,36,1017,120,24,213,82,6,13,4,5,62,12,254,55,18,9,2708,218,1,7,4,92,312,7,960,16,476,1,1,1,0,0,113,542,2,4,4,558,0,0,0,15,1,263,3,348,9,0,42,8,0,3312,181,19,721,13,1585,1129,1,28,13,10,26,276,0,1523,196,1521,22,0,12,2,513,8,5,28,10,89,1139,358,3,14,107,4,0,167,9,253,13,0,1777,4,177,257,76,8,2,0,3,1200,270,0,87,74,661,6054,4,583,6,534,4,33,26,1,3,2057,144,0,438,9,0,104,4,196,1,14,3036,102,12,8,487,775,576,108,2,2,0,1,1477,3,18,135,2,337,218,2984,321,5,58,7,34,760,3551,1,1,0,176,0,14,4,1480,209,8,21,22,231,143,7,221,0,15,625,56,3,2510,14,7,68,9,16,0,8,244,89,25,21,253,3,112,2,125,275,1,580,37,336,1,4,30,502,3,0,7,1038,21,149,0,1351,3,207,0,6,3,6,133,8,24,1,3,1,377,1,300,5,700,17,43,30,158,0,14,3,0,411,0,0,2,49,362,0,154,1516,1,23,130,211,851,49,0,364,1,158,1401,0,11,1,2,1070,5,15,47,318,4,446,9,1225,4,164,0,125,4709,0,5,2,554,77,3,0,46,7,0,90,0,0,63,289,509,24,4,0,14,40,154,120,149,990,405,361,1,685,545,0,1307,2,557,23,6,0,28,152,4,0,42,0,0,110,547,339,1324,13,1308,276,255,4,23,20,22,38,1,108,1,98,37,629,16,1,949,995,0,774,304,9,39,1132,76,14,16,3540,0,92,2725,3,2,0,0,721,9
"ENSG00000227473.1",13,0,3,21,13,35,0,3,8,13,4,7,8,51,11,0,0,45,20,18,56,2,5,2,15,28,1,3,0,28,14,15,24,24,7,27,25,2,0,11,0,48,7,17,5,1,35,14,0,10,2,5,4,27,11,1,2,15,0,6,5,16,4,9,2,15,4,6,22,9,33,15,5,5,0,3,7,9,5,11,84,38,51,4,35,12,1,7,14,0,27,8,30,2,0,1,0,21,44,4,5,3,0,8,21,86,10,2,26,28,10,2,11,1,30,4,32,4,14,29,5,2,6,53,24,0,2,3,25,40,8,6,69,5,21,6,1,3,31,1,0,29,32,10,35,79,4,1,13,26,0,3,52,13,5,3,1,120,9,19,22,4,37,11,0,3,19,3,4,58,3,25,98,6,0,8,11,13,46,9,0,25,6,33,7,7,40,3,10,3,5,34,8,21,6,1,2,11,0,17,1,30,72,19,4,5,5,3,1,4,11,9,11,6,30,64,8,0,42,35,0,5,2,9,4,3,10,8,0,21,9,13,57,4,0,10,0,1,48,7,16,41,12,18,18,5,1,0,4,17,3,0,6,4,0,10,4,0,13,5,12,12,76,59,3,15,4,2,6,0,14,0,9,0,9,41,0,0,0,7,7,11,3,1,3,12,3,3,1,4,12,4,3,9,1,18,22,9,7,36,41,0,44,9,1,2,7,7,3,40,12,5,9,4,40,47,34,9,18,35,10,116,1,17,7,3,2,12,0,2,27,0,13,126,43,1,17,56,21,1,1,5,5,7,9,7,1,3,7,2,4,21,5,35,12,4,46,24,40,0,3,12,5,6,43,19,0,57,1,1,7,44,0,6,1,1,24,0,38,4,0,6,14,5,3,4,15,7,4,5,63,7,2,22,1,9,12,9,17,0,5,2,16,9,30,16,44,23,0,5,7,1,12,2,22,4,1,56,17,7,0,3,17,1
"ENSG00000227496.3",95,17,12,33,27,76,3,22,6,9,0,3,0,213,32,13,44,10,72,36,34,9,46,28,10,41,4,74,2,12,0,35,105,11,62,1,244,244,2,2,22,26,14,15,19,15,42,30,12,2,2,113,18,26,0,13,2,10,62,8,29,13,17,48,74,2,17,30,10,8,45,376,71,17,6,7,131,395,24,36,43,62,11,61,56,81,100,74,5,94,233,271,139,11,8,0,0,20,114,7,57,17,87,16,92,18,24,3,18,1,47,17,3,328,7,52,45,7,53,91,37,14,2,58,379,3,11,2,9,149,38,1,59,82,33,0,0,1,11,9,3,62,43,18,8,9,18,44,8,6,1,3,8,36,13,30,21,36,3,5,24,235,95,41,35,23,112,15,15,129,79,17,232,50,43,4,117,146,20,32,2,44,16,14,10,42,6,121,323,2,70,486,7,49,29,2,16,1040,1,39,32,6,165,48,10,60,0,25,42,2,10,44,299,34,9,7,28,252,11,52,2,28,13,22,6,5,37,13,146,23,9,16,67,14,11,143,5,11,120,226,8,1801,36,82,19,2,6,17,26,24,4,24,8,101,1,2,3,76,103,27,12,22,109,65,9,144,50,4,16,18,261,14,8,0,99,5,60,1,50,119,1,156,4,10,8,15,5,4,133,100,44,69,24,48,5,18,5,41,49,20,23,33,7,3,17,33,2,48,20,28,1,78,27,135,60,11,21,12,4,234,55,26,4,1,405,1,37,0,63,20,20,3,38,2,18,11,104,9,1,0,4,40,122,9,24,0,64,29,10,7,2,11,34,7,7,7,6,46,2,9,90,61,121,7,534,10,78,35,12,47,14,104,103,5,44,13,10,57,1,1,19,22,104,302,35,31,10,89,13,16,253,1,2,16,83,7,61,10,48,10,7,0,55,7,369,2,155,115,2,4,19,8,45,23,234,31,55,547,10,20,7,10,17,17
"ENSG00000227517.7",0,0,1,0,0,0,1,0,0,0,1,0,4,28,2,0,1,0,4,0,0,1,0,0,0,0,0,0,0,0,0,11,0,0,0,1,11,0,2,0,2,1,0,74,0,0,0,0,1,0,1,1,0,0,3,1,2,0,0,0,56,0,1,0,0,2,0,3,7,1,1,1,0,0,1,0,0,0,6,2,3,1,0,1,0,0,0,21,6,0,0,0,0,0,1,0,7,3,1,0,0,0,1,0,0,0,1,0,6,1,2,0,3,0,0,0,0,0,1,6,60,0,0,0,0,0,1,0,0,1,0,1,0,1,3,0,7,0,0,1,0,0,1,0,0,1,0,0,1,0,4,0,0,2,0,0,0,0,1,1,1,0,1,2,0,0,0,2,0,1,0,0,117,5,2,0,0,1,0,1,0,0,1,0,5,0,3,0,0,1,0,0,1,0,0,0,0,2,0,1,0,0,1,9,0,1,0,0,6,0,0,0,0,0,1,0,13,1,2,1,0,0,2,0,0,0,16,0,0,1,0,0,0,33,7,1,0,0,0,0,0,0,5,0,1,5,0,0,0,0,0,0,0,1,0,0,0,1,47,0,2,4,1,3,0,1,0,1,1,0,0,0,8,0,0,1,1,0,6,0,2,1,0,0,1,2,0,0,2,1,1,0,0,1,3,0,2,2,2,3,0,2,1,0,2,0,0,0,0,10,0,1,2,0,5,3,1,1,1,0,0,1,0,2,0,0,0,0,1,0,13,0,0,0,22,0,2,2,1,0,0,14,0,0,0,1,1,1,2,0,0,1,0,1,0,1,1,0,0,0,0,2,29,0,3,1,0,0,0,0,0,5,1,18,3,0,5,2,1,1,0,1,0,1,0,0,2,1,0,0,0,0,1,1,1,0,4,2,2,0,0,0,5,1,5,0,0,2,1,1,1,0,0,1,0,0,1,3,0,0,0,1,0,0
"ENSG00000227523.1",1,0,0,5,0,1,5,0,0,0,1,0,0,6,1,0,0,1,0,0,0,0,1,3,0,2,0,1,3,1,0,1,1,0,0,0,10,2,0,3,0,0,1,2,1,0,1,0,0,0,0,0,1,1,0,3,0,0,0,0,0,0,0,0,0,0,0,0,7,0,1,5,0,1,1,0,1,0,0,3,1,1,1,0,1,1,4,2,0,7,1,0,1,0,0,0,0,0,0,3,7,0,0,0,0,2,1,0,0,2,0,0,0,0,0,1,1,0,2,3,3,1,0,53,2,0,0,1,1,0,1,0,7,0,1,1,0,2,0,0,0,0,0,3,0,5,22,1,2,0,0,0,2,1,1,0,0,2,2,0,0,1,0,0,0,1,7,2,0,0,0,3,4,0,0,0,1,1,0,0,0,1,1,0,0,1,0,1,1,0,1,0,1,5,0,0,0,39,5,2,0,0,1,5,0,10,0,0,8,0,1,2,61,0,1,0,0,22,0,10,1,0,2,0,0,0,2,5,0,1,1,1,3,0,0,3,0,6,13,2,0,6,1,0,2,0,1,0,5,0,0,0,0,8,0,0,2,0,0,2,2,7,1,1,0,2,1,0,0,0,6,0,3,0,1,0,1,1,1,0,2,6,1,0,1,1,0,0,0,6,0,1,0,1,2,1,0,0,1,0,1,0,0,1,0,0,0,2,0,0,0,0,0,13,3,1,15,2,0,3,0,0,0,0,14,0,0,0,8,0,5,0,5,0,0,0,0,1,0,0,0,22,2,0,0,2,0,0,0,0,0,0,3,0,0,0,0,1,1,4,1,0,3,4,0,1,8,3,0,13,0,10,2,0,0,0,0,0,0,0,0,0,0,0,0,13,0,0,1,4,1,1,0,1,0,0,4,0,0,1,0,0,1,3,0,0,3,3,0,0,1,1,0,1,3,0,0,0,0,0,0,0,0,0
"ENSG00000227568.1",6,0,0,0,0,11,0,0,0,0,3,3,0,0,0,0,1,0,0,0,0,0,0,0,1,6,0,0,0,0,0,2,0,2,0,0,0,0,0,0,7,0,3,6,2,0,1,4,0,0,1,0,0,0,1,0,17,0,4,0,0,4,0,0,0,0,1,2,0,0,1,0,0,0,0,0,1,2,3,2,0,2,0,1,0,3,0,0,0,4,0,0,3,0,0,2,0,24,14,0,0,2,0,0,0,2,0,1,1,2,1,0,1,7,0,0,0,0,0,8,15,1,0,6,1,0,0,3,0,0,0,0,0,0,0,0,0,0,0,0,1,0,1,1,0,1,0,0,0,1,0,0,0,0,1,0,2,0,0,2,2,0,0,0,0,3,4,0,7,0,0,7,0,0,0,0,11,0,0,4,0,0,0,10,2,0,0,0,0,0,0,0,0,0,4,0,0,29,0,16,0,0,1,0,1,17,4,4,8,0,1,1,0,6,1,0,0,0,0,2,0,7,0,0,0,0,0,0,0,0,0,3,0,13,0,2,0,1,0,0,2,2,0,4,0,0,4,1,0,0,0,1,0,0,0,2,0,0,23,0,0,5,0,0,0,2,0,0,0,0,0,0,0,0,2,0,0,0,0,0,33,2,0,0,0,0,0,0,2,0,3,0,2,0,2,0,1,0,0,1,0,0,0,0,1,5,0,1,0,0,14,0,0,0,0,2,0,0,0,1,0,0,0,0,0,0,1,0,7,0,0,0,3,0,0,1,1,0,0,0,0,0,0,0,17,11,0,1,0,0,0,0,0,1,2,0,2,4,0,0,1,1,3,0,0,4,0,0,0,1,0,7,0,0,1,0,7,0,0,58,0,38,0,0,1,5,0,0,1,0,0,0,0,0,0,0,0,24,2,0,2,0,1,0,0,0,0,0,0,0,0,7,0,0,2,0,11,0,0,1,0,0,0,0
"ENSG00000227589.1",2,0,0,1,1,1,1,4,26,1,33,1,2,1,0,9,7,9,0,2,13,0,0,1,34,2,0,0,0,1,1,1,46,55,1,0,39,2,0,3,2,0,1,3,0,0,0,0,0,0,1,0,1,4,3,40,2,0,21,0,1,58,0,6,3,1,1,4,2,2,1,10,11,0,0,0,0,0,1,2,9,18,7,0,14,44,1,6,1,1,12,12,0,0,1,0,1,3,8,0,3,12,0,0,4,1,22,1,3,2,13,0,0,31,1,1,4,0,3,125,1,3,12,27,5,1,0,1,1,3,3,1,28,1,7,2,1,2,1,16,2,10,0,7,0,4,0,5,2,1,2,0,0,20,11,9,1,1,4,5,68,20,84,3,2,22,2,0,2,1,1,8,0,14,0,3,4,9,2,24,0,58,0,0,157,16,0,27,69,1,0,0,3,1,22,1,0,10,0,4,12,79,0,330,0,6,43,11,0,49,1,1,1,0,0,0,3,0,5,22,0,1,0,5,17,1,0,16,0,3,3,1,8,1,21,7,3,9,13,4,0,3,8,1,1,0,0,31,138,0,3,0,2,1,0,6,9,0,2,2,6,30,3,0,0,0,1,0,2,0,1,0,2,4,3,0,0,10,3,128,0,8,6,1,1,0,0,5,0,3,3,0,0,0,0,8,0,7,80,0,1,25,0,5,0,3,0,4,0,0,0,0,2,4,5,6,5,0,2,1,8,2,1,2,6,14,4,10,1,0,5,0,5,3,4,12,0,0,34,3,0,62,8,3,15,2,0,0,2,0,1,6,0,0,0,3,0,0,1,1,6,3,21,0,0,58,0,0,3,3,15,4,1,0,0,6,60,0,1,2,199,2,384,5,0,3,0,0,2,10,0,1,0,0,0,0,4,1,2,0,0,3,1,4,0,0,26,1,0,0,1,0,144,4,41,1,0,0,1,36,0,13,2,1
"ENSG00000227619.3",8,0,10,31,21,10,2232,0,82,18,7,28,53,470,1990,10,2,11,24,1,2,5,1,1,2,1,0,47,2,1513,3,36,82,1,11,96,73,0,96,75,0,4,2,2,7,118,3,12,5,0,2,7,4,220,1,8,71,2,1,3,12,0,2,4,4,0,2,25,3,4,46,105,0,3,0,2,44,6,108,1,37,2,17,4,1,0,83,10,60,200,10,46,6,5252,13,2,82,1,53,7,23,0,47,4,11,0,33,2,75,3,2,14,8,45,0,2,5,0,1,659,24,14,1,17,43,0,12,0,7,34,8,1,43,44,14,1,3,1,7,0,2,4,839,10,22,10,26,13,91,3,1,5,1,1,3,14,76,61,153,30,1,282,43,21,20,3,478,69,0,39,0,10,214,3,72,1,231,7,182,12,1,0,28,25,1,20,2,0,7,1,2,83,10,45,7,28,1,860,2,58,0,2,29,2,3,4,2,4,25,2,0,4,332,1,12,10,0,12,26,25,0,0,150,5,4,3,13,44,7,39,3,0,47,40,11,116,1,8,0,2,4,63,10,0,165,24,278,214,18,45,1,3,0,21,0,0,3,2,9,7,4,3,116,9,1,104,52,4,1,4,91,5,727,2,12,3,1262,1,8,19,2,1219,0,4,1,28,2,8,174,4,35,4,114,5,34,18,14,10,2,22,5,11,6,3,42,3,49,3,1,13,3,26,10,8,15,23,120,20,3,95,8,34,2,0,15,2,15,14,34,0,49,11,45,1,10,5,97,39,12,22,3,13,1,9,1,1,0,12,103,2,2,34,1,68,3,6,23,3,77,20,0,76,17,30,4,1,20,25,56,43,1,25,23,128,3,0,0,8,0,17,1,0,0,2,7,46,42,88,1,0,798,10,2,92,13,7,5,103,149,3,1,1,4,7,51,6,81,27,2,18,119,6,0,15,1,0,2,3,7,11,0,0,69,6
"ENSG00000227640.3",1648,0,0,1,5,0,0,0,2,14,1,0,4,3,0,1,0,0,0,1,2,0,13,1,0,0,0,1,0,1,0,0,3,1,2,1,3,1,0,0,0,4,2,0,0,0,0,1,3,2,0,4,0,1,1,0,0,2,0,1,0,0,0,1,2,2,1,0,3,1,0,0,1,0,1,0,2,5,1,0,2,3,29,5,0,0,2,0,5,0,2,2,0,0,2,0,1,0,0,1,1,0,9,1,0,9,1,0,63,0,6,0,6,2,0,1,5,2,1,0,0,0,0,0,2,2,0,0,5,6,0,1,1,2,1,0,3,0,0,0,0,5,120,1,1,3,2,0,1,302,0,0,1,2,2,0,0,2,0,4,2,0,1,0,1,0,0,1,0,4,8,0,0,0,0,0,2,0,133,0,0,2,0,1,0,0,2,1,1,0,0,0,1,0,0,0,0,0,0,0,0,1,2,2,0,0,1,0,2,0,4,3,1,3,2,2,7,0,3,4,0,2,0,0,0,0,2,0,0,1,0,1,0,0,0,0,0,0,1,0,9,0,1,0,51,0,1,1,0,0,0,0,0,3,2,0,2,2,0,0,2,0,78,0,0,3,0,1,0,0,2,1,1,0,0,0,1,0,6,1,2,2,0,4,1,0,0,1,1,1,4,3,0,0,1,13,9,1,0,6,2,1,209,0,1,0,1,0,0,0,0,1,0,35,1,1,0,0,4,2,1,1,0,3,1,0,0,0,2,0,1,0,1,1,3,0,0,1,0,113,1,0,2,0,1,0,0,4,0,0,0,1,4,0,0,0,2,2,0,0,0,6,1,3,2,0,3,1,3,1,4,0,0,0,0,1,0,0,0,0,1,1,0,0,1,2,6,1,0,0,1,0,0,1,0,1,8,2,7,0,2,0,1,0,1,26,0,1,0,4,4,0,2,0,5,0,0,57,0,0,1,0,3,0
"ENSG00000227674.3",0,0,0,31,1,0,80,0,0,0,0,322,0,60,88,1,0,80,0,0,0,0,20,5,37,43,27,9,91,100,19,2,16,7,50,1,37,8,431,768,1,3,163,34,0,0,1,11,0,0,0,20,0,85,0,0,0,23,2,0,1,142,2,14,4,0,0,9,7,0,192,0,67,0,1,0,0,2,34,60,30,63,1,0,12,0,2,1,0,45,1,90,82,12,0,0,0,97,145,30,0,0,0,1,0,0,5,0,322,100,10,0,10,0,1,107,0,9,78,247,32,2,0,1,36,0,1,203,0,218,2,0,166,0,0,0,0,0,54,1,0,0,47,1,0,0,94,0,1,0,0,0,6,121,4,65,16,0,86,4,16,0,2,6,0,57,118,14,2,174,1,5,2,216,0,6,48,102,0,105,0,0,62,2,5,0,9,1,47,81,0,0,0,3,26,101,0,22,0,0,54,2,0,256,0,100,0,0,16,87,0,52,5,189,341,1,1,40,5,193,0,43,1,17,0,0,23,85,0,0,0,24,2,1,2,52,1,0,66,61,0,13,0,0,3,0,45,0,1,3,2,0,0,12,0,0,0,0,36,22,60,7,15,116,0,0,0,0,136,0,7,0,78,0,1,0,150,0,0,33,214,89,41,0,0,0,0,0,43,0,1,3,0,99,0,371,1,77,28,0,10,0,206,0,59,0,0,18,17,82,0,0,18,0,0,62,126,14,0,82,0,0,0,0,37,0,0,1,40,0,83,2,5,0,4,0,0,0,0,0,0,41,38,0,110,34,10,0,48,0,0,186,0,226,0,0,0,0,133,1,102,5,3,0,0,0,0,0,0,45,0,70,2,38,32,2,164,2,0,214,12,1,35,0,0,0,0,32,30,0,0,1,0,0,0,13,53,182,5,0,1,13,0,0,6,1,105,168,8,0,9,32,0,0,66,0,9,1,153,0,0,1,0,0
"ENSG00000227683.1",0,0,0,2,1,0,0,0,0,0,0,0,0,31,0,0,0,5,0,0,0,0,1,0,0,0,0,0,0,22,0,0,0,1,1,1,0,0,0,0,0,0,0,0,0,0,0,1,0,0,0,437,0,0,0,0,0,0,0,0,0,129,0,0,0,0,0,1,0,0,1,0,2,0,0,0,0,1,0,34,7,130,0,0,7,0,1,0,1,0,0,38,0,0,0,0,0,5,0,1,0,0,0,0,0,1,0,0,208,0,0,0,0,2,0,0,0,0,0,0,0,0,0,0,0,0,2,0,0,0,0,1,7,0,0,0,0,0,0,0,0,1,9,0,0,0,0,0,0,1,0,0,0,0,0,0,0,0,0,2,0,0,0,0,0,7,1,1,0,601,0,0,0,3,1,0,0,1,0,0,0,0,0,0,0,0,0,0,0,0,0,1,0,0,34,0,0,0,0,0,0,0,0,63,0,0,0,0,0,0,1,0,0,0,1,0,0,0,9,0,0,0,0,0,0,0,0,1,0,0,0,0,1,0,0,0,0,0,0,0,0,0,0,0,0,0,0,0,1,0,0,0,0,0,0,0,0,6,0,9,0,0,0,0,0,0,0,0,1,0,0,0,0,0,0,0,2,0,0,0,1,1,0,0,0,0,0,0,1,0,0,0,0,0,0,2,288,0,0,0,1,0,19,0,0,0,0,0,0,0,0,0,0,0,0,0,0,1,0,0,0,0,0,0,1,0,0,0,0,0,0,0,1,0,0,0,0,0,0,0,0,0,0,0,68,0,0,0,12,0,0,0,0,3,0,0,1,0,0,0,0,2,1,0,0,0,0,0,0,0,0,0,0,0,5,0,0,0,0,0,0,3,0,0,0,4,0,0,0,0,0,0,0,0,0,0,0,0,3,0,0,0,1,0,1,0,0,0,0,2,1,0,0,0,1,0,2,0,0,1,0,0,0,0
"ENSG00000227706.4",2,0,0,0,0,0,0,0,0,0,1,0,0,1,295,0,0,580,0,0,1,0,41,73,0,0,0,0,0,0,0,1,0,30,0,0,1,0,0,0,0,2,0,0,0,0,0,5,3,0,0,54,0,0,0,0,0,0,0,0,0,461,9,1,0,0,0,0,0,0,29,0,1,0,0,0,0,0,0,1,2,6,1,0,3,0,0,2,0,0,0,620,0,0,0,0,0,0,0,0,1,1,0,0,0,0,0,0,401,0,0,0,0,1,0,1,1,0,0,1,0,0,0,0,0,0,0,0,0,2,0,1,1526,0,0,0,0,0,4,1,0,2,0,0,0,0,0,0,0,0,0,0,0,322,1,1,0,0,1,30,153,0,2,0,0,661,0,0,0,0,0,0,0,2,1,0,3,1,1,0,0,0,0,0,21,0,1,0,0,0,0,0,0,106,479,0,0,0,0,0,1527,0,0,1,0,8,0,0,0,0,0,0,2,7,0,0,1,0,4,0,0,0,0,0,0,1,0,0,0,0,0,2,0,0,1,1,0,0,0,6,0,0,0,0,20,0,1,0,0,88,0,5,0,0,2,0,0,0,0,0,2,1,6,5,2,0,1,2,0,0,4,1,0,0,0,0,2,0,1,0,0,0,0,1,9,0,1,0,0,0,0,0,0,0,0,1,1563,4,1,2,0,0,5,0,0,0,0,0,0,0,0,0,204,8,0,0,0,3,0,0,0,0,0,0,13,0,0,1,0,1,2,0,0,0,0,1,0,0,0,0,0,0,0,3,0,0,0,1,56,0,0,0,0,0,0,0,0,0,0,0,28,2,0,12,0,0,0,0,0,0,0,0,0,0,1,0,2,0,0,0,0,0,0,0,1,1,0,4,0,0,0,0,0,0,0,0,0,3,0,0,0,2,1,0,8,0,1,0,0,0,18,0,0,0,7,0,1,1,0,1,0,1,0,0
"ENSG00000227729.5",0,0,3,0,0,0,0,0,0,0,0,0,0,0,0,21,0,0,0,0,0,3,0,0,0,0,0,0,0,0,0,0,0,0,0,0,0,0,0,0,0,0,0,0,11,0,0,0,0,0,0,0,9,0,0,0,1,0,1,0,0,0,0,6,8,0,0,0,1,0,1,0,0,0,1,15,0,0,0,0,0,0,0,0,0,0,0,0,0,0,0,0,0,0,1,3,2,0,0,0,0,0,0,0,0,0,0,15,2,0,0,53,0,0,0,0,0,0,0,0,0,0,0,0,0,0,0,0,0,2,0,40,0,0,0,20,0,16,0,0,7,0,0,14,1,0,0,0,0,0,3,31,0,0,1,0,0,4,0,0,0,0,0,0,0,0,0,0,0,0,0,0,0,0,0,0,0,0,1,0,4,0,0,0,0,0,0,0,0,0,0,0,0,0,0,0,17,0,0,0,0,0,0,0,18,0,2,0,1,0,7,0,0,0,1,0,0,0,0,0,4,0,0,0,3,3,0,0,0,0,0,0,0,0,0,0,13,0,0,0,1,0,0,0,0,0,0,0,0,0,0,1,4,0,4,1,20,0,0,0,1,0,0,0,3,0,0,20,2,1,0,0,0,10,0,0,0,6,0,0,0,1,0,2,0,0,1,0,0,0,3,0,0,0,0,0,1,0,0,0,6,0,0,32,0,0,0,0,0,0,0,0,1,0,0,3,0,0,0,0,1,0,9,0,0,0,16,0,0,3,0,1,0,0,0,18,0,0,0,0,14,0,0,0,0,0,0,0,0,9,13,0,0,0,0,6,0,0,0,0,0,0,0,0,2,0,0,0,0,0,0,0,0,0,2,0,0,5,0,0,0,1,0,0,3,0,0,0,0,0,0,0,3,0,0,0,0,0,5,3,1,0,0,0,0,144,0,0,0,0,1,0,0,2,0,0,0,0,0,13,22,0,0,4
"ENSG00000227733.10",15,2,0,3,11,16,0,3,6,3,2,30,5,266,2,3,2,12,1,2,14,3,3,10,5,0,1,2,5,4,4,9,5,6,29,1,15,5,0,3,0,14,3,157,3,1,3,3,2,0,0,11,9,5,303,26,24,2,12,8,295,141,2,25,12,2,13,599,9,5,1,47,2,2,1,1,45,5,4,80,138,194,10,2,18,8,2,808,117,0,53,3,30,9,28,4,66,18,5,49,2,0,168,4,6,3,57,1,24,3,1,8,13,3,9,3,3,11,11,213,450,20,0,25,67,1,1,14,11,18,4,1,852,3,56,2,1,1,12,5,2,13,11,1,5,17,13,0,0,0,0,2,23,212,6,40,4,48,28,58,1,21,172,2,1,21,7,1,36,116,50,2,9,118,1,4,9,5,0,1798,1,12,3,2,100,2,3,1,78,21,4,0,45,8,9,11,6,28,15,9,8,176,12,518,1,3,3,10,12,1,7,78,3,8,9,4,94,2,2,11,2,35,0,5,0,4,135,158,3,8,48,28,30,241,5,861,2,272,3,14,3,103,213,7,19,6,0,2,12,14,2,3,2,7,4,4,2,4,1972,7,4,3,21,12,1,2,5,0,154,1,4,2,17,2,17,16,5,2,83,13,5,6,98,2,1,0,1,1,0,54,5,2,5,3,28,2,8,21,1,1,8,3,9,3,3,0,0,10,0,2,77,29,1,54,1,2,123,1,42,3,1,28,1,67,103,1,4,24,77,1,4,5,3,0,4,3,4,106,6,9,3,650,13,2,205,16,0,3,6,0,1,60,3,2,0,5,5,23,9,1,192,5,206,43,37,1,6,2,37,2,28,50,7,0,69,18,49,9,3,8,4,19,44,5,5,13,5,7,2,14,4,85,4,3,2,2,202,4,6,1,0,21,10,3,2,3,126,5,1,19,7,1,9,2,0,0,18,8,10,9,0,2,275,2
"ENSG00000227777.1",0,0,0,1,7,2,0,0,0,0,0,0,4,127,68,0,0,0,0,0,1,0,0,0,0,0,4,13,0,0,0,1,17,1,0,9,0,0,0,0,0,0,1,0,1,0,0,0,0,0,0,68,1,1,0,0,0,7,1,0,0,1,0,0,0,0,2,2,0,6,38,0,0,0,0,0,12,0,19,5,13,18,2,1,0,0,0,0,5,0,1,0,4,0,2,0,0,1,3,3,0,0,0,0,0,0,0,0,77,0,0,4,0,0,5,0,3,0,1,14,0,3,0,0,3,0,3,4,2,0,0,0,7,1,0,1,0,0,7,0,0,0,0,0,1,0,1,0,23,0,0,0,0,1,0,0,0,3,0,14,1,0,2,0,0,6,26,0,1,3,4,0,0,21,0,0,0,4,0,1,0,0,1,3,5,1,1,0,0,1,0,0,1,3,10,1,0,0,0,18,0,0,0,56,0,17,0,0,1,0,1,3,0,0,17,0,0,0,3,1,0,0,1,0,0,0,0,4,0,0,0,3,3,1,0,0,0,0,0,0,1,0,0,0,0,2,1,0,1,0,0,1,0,0,0,0,0,0,3,1,2,0,1,22,1,0,0,0,0,0,2,0,60,0,0,8,19,0,0,2,33,25,0,0,0,1,0,0,1,1,1,0,1,1,0,81,1,0,1,0,0,7,9,2,4,0,0,1,35,5,0,40,0,0,0,3,6,1,0,2,0,0,0,0,1,0,0,0,0,0,1,1,1,1,0,0,0,0,0,0,0,0,0,0,2,0,0,1,2,1,1,1,1,48,0,0,3,0,1,0,19,1,0,1,0,0,0,1,0,0,0,0,2,2,30,0,32,0,0,1,1,13,1,0,0,0,1,0,1,1,13,0,0,0,0,0,27,128,1,0,1,1,1,0,1,2,1,17,0,0,0,0,0,0,1,0,0,0,3,1,2,0,0,6
"ENSG00000227835.8",0,0,3,0,0,0,0,0,0,0,144,0,12,0,0,0,1,0,0,0,0,0,0,0,0,0,0,0,0,0,12,0,0,0,0,0,13,0,0,0,0,0,0,96,0,0,0,2,0,0,1,1,0,63,273,0,0,163,0,0,0,0,0,0,0,27,0,0,1,0,14,1,0,0,0,0,1,1,38,1,6,0,0,0,0,0,0,22,0,0,0,0,0,0,53,0,72,0,5,0,0,0,0,0,0,0,0,0,2,1,0,0,0,0,4,0,1,26,0,9,1,0,0,0,0,0,0,0,0,0,0,0,0,0,0,0,0,0,0,0,0,1,0,0,0,0,3,0,0,0,0,0,0,0,0,0,0,1,2,0,0,0,0,0,0,0,0,2,0,1,5,0,0,0,3,0,0,0,0,0,0,0,0,0,36,0,0,0,0,0,0,0,0,0,0,0,0,0,0,0,0,0,0,1,0,0,3,0,1,0,0,0,0,0,0,0,73,0,0,1,0,0,1,0,0,0,1,0,0,0,0,0,0,49,31,0,0,0,0,0,0,1,36,0,5,0,0,0,0,0,0,1,0,1,0,0,0,0,41,0,0,0,1,0,0,0,0,0,0,0,0,0,0,0,1,1,1,0,39,0,0,48,0,1,0,1,0,1,0,0,0,0,0,0,0,0,0,31,1,0,0,0,9,0,0,0,0,0,0,65,0,0,1,0,2,0,54,0,0,0,1,0,0,0,0,0,0,0,1,1,28,0,0,0,3,0,0,0,197,0,0,0,0,1,0,0,0,0,0,0,0,0,0,76,5,0,0,0,0,0,0,0,60,0,0,0,0,0,0,0,0,1,0,24,0,0,0,3,0,0,0,0,0,0,0,0,0,0,0,0,0,1,0,1,0,0,0,28,0,0,0,0,0,1,1,0,1,0,0,0,0,0,0,0,0,1,0,6,0,0,0,0,0,0
"ENSG00000227857.2",5,0,4,0,1,0,2,1,2,6,0,0,4,14,11,0,2,7,7,1,0,0,2,3,2,1,3,2,1,2,0,7,3,9,7,4,12,0,1,1,9,2,3,6,1,8,0,12,1,0,0,1,1,0,5,2,5,0,1,1,3,3,1,5,1,0,0,1,0,3,2,4,1,0,5,0,0,4,0,8,6,4,4,0,19,1,2,0,5,1,2,23,0,0,6,0,5,4,6,2,12,1,8,1,5,0,53,3,15,3,1,1,0,3,0,4,5,1,1,7,5,6,11,26,3,1,0,0,1,17,2,0,19,2,1,0,2,0,9,4,0,7,0,1,2,11,4,2,0,0,0,0,16,23,3,2,2,2,8,4,12,0,5,0,1,1,0,1,9,9,5,1,4,7,0,0,4,22,3,3,0,2,2,1,3,2,21,1,5,5,7,5,5,4,0,28,0,18,4,9,0,3,1,4,0,7,3,0,1,1,1,2,16,2,5,5,0,12,1,28,0,0,0,2,0,0,4,6,1,6,1,1,2,12,1,5,1,4,3,11,0,0,3,1,4,19,1,5,3,7,1,13,0,10,0,5,0,2,0,13,5,4,16,11,0,0,1,0,2,0,9,0,0,0,3,0,6,0,3,2,6,0,22,0,5,0,1,1,0,1,1,2,1,10,13,3,6,10,20,0,4,1,28,3,9,7,1,10,10,6,5,0,12,0,2,0,5,3,0,5,0,4,0,2,5,2,2,9,5,0,5,2,2,7,7,1,6,2,7,1,0,10,0,0,2,5,1,10,14,0,0,7,7,0,1,0,1,1,1,8,16,0,2,13,0,0,5,0,4,15,4,2,0,4,7,8,9,0,0,5,4,21,12,3,1,22,5,6,6,6,0,2,2,2,1,0,13,0,0,2,1,14,2,1,1,3,5,5,9,1,2,8,1,1,4,0,0,3,9,0,1,3,26,0
"ENSG00000227877.7",0,0,0,1,0,0,0,0,0,0,0,0,2,3,0,0,0,0,0,0,0,0,2,0,2,7,0,1,0,0,2,0,0,0,0,2,0,1,0,1,0,3,0,0,0,11,0,0,0,0,0,1,0,0,0,2,1,0,2,7,1,0,0,0,0,0,0,0,0,0,799,0,0,1,0,0,1,2,1,9,2,2,1,0,9,2,0,0,2,0,1,0,0,3,0,0,3,0,0,0,0,0,0,1,0,0,0,0,39,0,1,1,0,0,0,1,1,1,1,2,0,0,1,1,0,0,0,0,0,0,0,1,0,0,0,0,0,0,4,0,0,0,0,1,0,25,0,0,0,0,0,0,0,5,0,1,0,0,0,0,2,1,0,0,9,1,0,1,20,1178,0,19,2,0,0,0,0,1,1,0,0,8,1,0,0,0,2,0,0,0,0,1,0,1,1,0,0,0,0,2,0,0,1,0,0,0,0,0,0,1,3,2,0,0,1,0,0,0,0,1,1,0,0,0,0,0,0,1,6,0,1,0,0,0,0,0,0,0,0,0,0,1,0,0,2,2,0,1,0,1,0,1,0,0,0,2,0,0,0,0,0,3,0,0,0,2,0,0,0,0,0,0,80,0,0,0,0,0,1,0,0,2,0,0,0,1,0,2,0,2,1,1,0,0,0,53,12,0,0,0,0,1,2,0,0,2,0,2,3,0,0,0,1,1,0,0,0,0,0,0,1,2,0,2,0,2,0,0,0,0,1,0,1,43,0,0,0,0,0,0,0,0,0,0,82,0,0,1,0,0,0,59,0,0,0,0,0,0,0,0,30,1,0,0,1,0,0,0,0,0,4,1,33,0,0,0,1,0,0,0,0,1,0,0,0,2,0,0,5,2,0,0,0,0,1,3,2,1,0,0,1,0,0,0,0,0,2,1,0,0,0,0,0,0,1,0,2,1,1,0,0,1,2,0
"ENSG00000227885.3",43,0,2,4,28,22,21,0,8,72,2,11,76,83,33,5,15,34,0,21,1,0,1,13,4,26,10,41,10,21,8,26,14,1,10,13,2,3,20,17,9,17,22,0,5,39,3,0,5,19,1,16,21,10,0,24,5,73,13,26,0,2,1,1,1,268,0,1,33,40,104,2,2,2,8,1,68,7,15,34,16,29,15,2,67,1,5,6,10,9,17,9,48,46,2,1,6,4,29,22,5,6,55,2,3,18,87,3,147,52,40,7,6,16,9,1,123,5,54,7,2,18,13,13,7,1,3,15,114,76,14,2,65,2,21,2,2,1,29,0,3,72,54,11,18,25,18,90,34,25,0,4,33,26,1,0,6,26,43,23,10,11,10,44,39,15,14,22,56,35,19,2,3,32,6,7,14,118,165,3,1,33,17,34,0,3,20,0,5,1,3,13,31,10,6,26,1,9,2,11,1,54,16,81,0,11,25,159,19,0,10,32,33,29,3,18,4,7,9,63,0,44,41,1,6,0,3,54,5,23,63,12,13,5,3,9,2,0,9,13,1,10,2,0,64,21,12,1,24,2,3,17,1,13,6,9,2,1,0,57,70,60,21,112,2,11,30,8,72,2,21,4,48,2,9,77,36,0,8,11,0,20,5,4,1,17,0,2,53,1,11,4,38,0,10,67,43,0,25,164,48,10,71,3,27,2,7,12,55,21,30,55,10,5,12,108,33,65,8,4,19,36,4,67,2,35,12,2,1,0,0,11,7,31,7,4,32,32,2,4,0,1,7,12,20,8,2,8,9,2,3,68,9,56,0,2,23,43,53,28,40,1,3,77,35,10,11,38,3,17,14,12,7,3,83,3,33,8,2,2,0,4,1,0,6,21,20,19,26,5,141,4,4,51,44,10,16,70,11,1,12,20,5,3,7,3,17,7,0,11,4,10,32,6,14,0,30,84,4,3,2,0,20,3
"ENSG00000227908.3",47,0,20,21,6,3,7,5,6,21,2,14,15,69,15,3,9,8,20,9,8,6,8,4,14,6,10,83,4,7,9,30,20,8,6,7,54,4,38,39,5,6,12,18,3,29,2,9,1,4,7,6,4,17,18,106,6,8,39,5,7,14,7,13,5,14,78,29,15,21,46,19,1,1,4,3,33,22,8,23,33,18,11,15,13,5,6,6,9,28,14,12,7,4,12,1,5,42,20,15,35,9,42,11,5,0,30,1,15,4,2,15,6,93,6,11,12,37,37,37,4,56,3,17,10,1,2,16,18,15,5,7,54,12,1,3,29,4,22,1,0,10,4,12,7,47,15,25,12,4,4,9,36,24,10,33,10,12,40,38,12,0,12,5,7,7,13,14,5,158,9,21,142,27,5,4,6,47,16,39,0,14,20,19,7,4,5,42,16,32,105,5,30,189,9,25,2,7,7,16,3,21,4,20,3,31,5,56,60,16,5,4,17,8,35,6,12,5,8,116,5,97,1,2,4,5,26,76,3,12,1,4,9,3,10,50,4,4,17,9,13,12,18,3,35,30,8,4,29,32,7,3,2,12,2,9,3,6,8,10,71,740,17,5,4,9,22,9,32,3,10,3,13,3,4,9,11,1,6,6,60,11,70,2,18,8,1,2,26,7,6,18,6,26,14,20,6,8,16,34,21,15,25,4,51,1,3,113,27,14,18,5,4,13,8,16,30,25,6,13,4,34,0,14,24,11,9,6,7,4,5,11,15,6,18,4,22,21,6,6,2,19,17,7,12,14,68,17,13,2,1,14,6,18,18,4,12,52,10,19,8,9,10,16,41,7,22,18,12,19,12,13,3,2,45,10,42,6,1,157,5,12,10,1,1,17,26,59,14,27,13,6,0,10,3,11,19,7,15,3,15,24,11,12,28,6,43,14,15,7,23,11,14,2,5,3,18,15,30,3,6,4,11,2
"ENSG00000227972.1",0,0,0,1,2,1,2,0,0,0,4,0,15,2,0,0,0,5,0,23,3,0,0,0,0,0,0,0,1,0,0,0,6,0,1,0,0,5,0,0,0,0,9,0,0,1,2,1,0,0,0,4,0,0,0,0,6,4,0,1,0,2,0,0,0,0,0,0,29,0,5,1,2,0,0,0,0,4,1,1,1,5,2,0,0,1,1,9,0,2,8,10,8,1,0,0,6,1,11,0,5,0,0,1,14,1,0,0,3,0,1,1,6,0,0,1,1,0,4,23,5,0,1,0,1,0,0,1,0,1,0,0,2,9,0,0,0,0,0,0,0,3,8,0,3,0,0,0,2,2,0,0,0,0,0,1,20,7,0,0,15,16,3,0,0,0,0,0,0,1,0,9,7,6,2,0,8,0,0,7,0,0,7,0,0,0,0,0,14,0,5,3,0,0,0,0,0,12,0,0,5,0,1,3,0,1,0,0,2,0,3,0,32,23,1,0,0,0,0,0,0,0,0,0,0,0,0,2,0,0,4,3,0,50,0,0,0,0,0,3,0,16,0,0,2,2,2,2,1,0,0,2,0,4,0,0,0,0,16,0,1,0,2,4,0,10,1,0,0,0,1,0,0,0,4,2,0,0,0,0,0,3,0,0,1,2,0,3,5,2,0,0,0,0,0,1,5,0,0,1,0,0,4,0,0,0,14,8,0,1,1,0,0,2,4,1,9,2,13,0,0,0,0,1,0,0,0,0,11,0,0,1,0,0,0,0,0,0,0,9,0,2,24,1,0,0,0,1,1,0,1,3,0,1,1,0,6,0,4,2,0,0,7,5,0,0,1,26,0,0,2,32,1,1,0,0,0,0,0,0,0,0,2,0,1,1,0,0,0,0,5,0,0,1,0,0,5,0,0,0,0,0,0,0,4,0,0,9,0,1,1,0,1,4,8,0,0,4,0,0,2,0,0,0
"ENSG00000228022.6",15,0,0,90,3,2,6,1,4,20,1,1,5,1,1,3,1,4,0,6,3,0,10,4,1,2,0,12,8,6,13,4,5,1,31,13,10,1,11,4,4,22,13,3,3,4,15,91,1,2,0,30,2,7,1,3,3,2,4,1,3,2,3,2,1,6,6,6,1,1,9,4,5,0,1,1,25,3,0,2,1,5,9,13,10,0,5,25,18,3,8,119,5,20,0,0,5,1,7,1,15,2,6,1,7,1,17,1,12,13,2,1,20,6,2,19,6,0,7,29,7,3,2,64,2,0,5,1,5,9,15,0,10,2,0,2,4,1,3,2,1,54,3,3,89,3,10,1,6,3,1,1,4,1,13,5,11,54,3,2,6,6,31,0,2,0,1,32,10,3,0,2,27,2,3,0,3,10,19,6,0,2,24,5,2,8,2,5,1,1,5,0,10,13,10,1,1,15,25,1,1,2,6,2,0,7,5,3,11,2,5,1,7,6,4,2,1,0,6,69,0,2,2,30,2,0,6,8,1,2,14,2,3,2,0,1,0,2,3,2,2,0,1,5,13,3,0,0,9,1,0,234,2,20,1,4,0,7,52,6,4,3,13,19,22,1,11,1,1,2,14,5,8,0,1,3,20,0,5,1,0,20,3,1,0,18,1,13,26,3,3,3,5,3,1,14,9,4,0,13,13,3,13,1,13,0,1,1,10,2,3,27,1,2,4,1,18,18,66,6,21,6,2,5,39,1,1,0,1,1,1,12,28,0,6,1,3,2,3,142,1,7,3,22,1,0,1,5,10,0,0,9,0,27,13,2,11,12,7,1,10,3,6,23,57,3,0,12,2,1,2,9,12,3,6,1,4,3,0,1,0,2,3,11,21,5,0,2,4,1,4,1,0,2,0,0,34,5,6,0,17,1,8,3,2,8,15,8,2,77,4,0,6,6,1,9,2,4,4,2,1,0,1,3
"ENSG00000228038.1",0,0,2,2,0,0,0,0,3,0,12,2,10,0,6,0,0,0,6,3,0,0,0,1,3,1,0,5,0,0,4,0,15,1,8,0,1,0,3,11,0,0,15,3,2,0,0,0,0,8,0,0,0,4,1,1,0,42,3,4,1,0,2,1,2,1,1,1,0,8,29,3,0,0,0,2,7,3,14,11,7,1,10,0,1,0,4,4,3,0,0,6,11,0,1,0,3,0,0,0,0,0,0,0,1,56,6,0,10,9,0,1,0,12,0,0,0,3,3,55,1,0,2,6,1,0,0,0,0,8,7,0,11,0,0,0,0,0,20,0,0,2,10,2,4,0,2,0,1,1,2,0,0,0,0,3,0,1,2,0,1,0,0,2,3,0,2,0,1,2,0,7,0,34,0,0,1,1,0,0,0,4,2,0,6,4,0,0,7,0,1,0,11,2,0,5,0,5,1,13,0,3,0,66,0,0,1,14,0,0,0,1,1,0,32,0,0,0,3,8,0,0,0,8,1,0,0,11,0,0,15,0,3,3,0,0,0,2,0,1,0,9,0,0,1,7,1,0,1,4,0,0,0,0,0,0,3,0,5,3,3,0,1,13,0,3,0,0,0,0,5,0,0,0,4,0,0,0,0,1,7,1,1,0,2,0,0,0,0,1,0,3,0,4,0,7,0,0,2,0,0,1,3,1,0,0,1,0,1,9,9,0,0,0,0,2,4,0,4,7,0,0,0,6,0,8,2,4,0,0,2,1,1,1,2,0,0,0,6,2,0,2,1,0,4,0,0,0,2,0,0,46,4,1,0,0,2,0,3,0,4,0,0,37,1,0,0,5,0,1,0,9,0,0,1,0,11,0,0,4,4,0,0,0,0,0,0,1,0,0,0,0,0,1,5,1,4,5,4,0,6,0,0,1,22,2,0,0,0,1,4,0,3,0,1,0,0,2,22,2,1,0,3,0
"ENSG00000228109.1",176,2,52,6,20,16,61,2,12,87,4,20,23,32,146,3,23,19,14,23,9,4,15,5,19,12,20,18,2,29,88,12,8,6,5,4,9,14,15,5,2,95,23,5,5,139,21,3,1,8,7,8,8,25,15,74,3,78,5,39,9,28,13,6,0,31,11,7,9,91,265,8,5,4,8,4,97,53,40,10,15,36,109,9,21,9,23,10,16,4,82,5,13,21,7,1,6,33,19,50,12,2,63,6,8,14,34,6,178,34,13,8,8,15,42,4,60,18,18,17,1,15,0,5,18,2,6,35,17,70,14,5,46,6,27,3,6,3,117,0,9,86,23,3,16,54,53,118,154,30,1,11,14,9,5,8,4,14,15,26,67,11,109,59,84,28,47,335,44,47,16,23,10,67,7,3,7,68,46,15,3,6,21,64,3,3,33,11,5,22,17,61,120,35,2,45,5,27,3,73,4,53,33,52,4,32,11,90,46,17,11,40,52,6,24,49,9,3,6,7,5,50,41,3,7,3,2,18,7,3,158,13,26,9,14,13,3,7,12,5,3,17,1,15,92,79,19,15,12,11,7,6,2,35,0,37,3,19,5,53,19,13,82,48,4,42,218,6,45,5,11,3,60,1,9,63,34,4,6,103,13,26,19,5,13,14,2,4,29,21,17,5,24,8,10,45,50,2,16,84,96,20,187,10,44,11,3,10,35,7,19,145,23,20,11,18,32,44,13,10,20,196,6,197,23,107,9,13,23,1,7,10,9,26,46,3,17,26,1,8,4,8,15,129,33,9,4,99,20,7,4,21,6,41,4,0,36,300,22,46,6,4,17,101,89,4,4,11,2,10,51,25,25,12,108,2,38,10,3,22,5,19,8,5,4,13,52,9,24,28,83,9,2,49,23,9,17,91,28,1,16,30,25,2,110,53,15,8,11,5,13,18,5,2,4,9,23,72,190,9,2,11,17,4
"ENSG00000228127.3",0,0,0,0,0,0,0,0,0,0,18,0,25,1,2,0,2,0,0,0,2,0,0,0,0,0,0,0,0,0,0,0,1,0,2,0,1,0,0,1,0,1,0,12,0,0,0,1,0,0,0,9,0,1,15,0,0,0,0,0,2,1,0,0,0,0,0,0,1,0,14,1,1,0,0,0,6,0,0,0,1,1,6,0,0,2,0,4,0,0,3,9,0,0,0,0,0,0,0,1,0,0,2,0,0,0,1,1,8,0,0,0,0,0,0,0,4,0,0,3,1,2,0,0,0,0,0,0,1,7,0,0,0,0,0,0,0,0,0,0,0,0,0,0,4,2,0,1,1,5,2,0,0,0,0,0,0,4,5,0,0,1,0,0,0,0,1,2,1,0,0,0,0,0,0,0,0,0,5,0,0,0,0,0,1,1,0,0,1,0,0,0,0,3,0,1,0,2,2,1,0,1,0,2,0,0,4,0,0,1,1,0,2,1,2,0,0,0,0,4,0,0,0,0,1,0,8,0,0,0,2,0,0,69,8,0,0,0,0,0,0,0,0,0,21,1,0,0,0,0,0,0,0,10,0,0,0,1,11,1,0,0,9,1,0,0,1,0,0,0,0,0,3,0,0,1,2,0,0,0,0,0,0,0,0,2,0,0,0,0,0,0,0,0,0,0,4,0,1,11,0,0,0,0,0,0,0,0,0,10,0,2,2,0,2,29,11,0,0,0,0,0,0,0,1,0,0,4,0,0,33,0,0,0,0,0,0,6,84,0,0,0,2,10,0,0,0,1,550,0,3,3,0,136,0,1,1,0,1,2,0,0,0,3,2,0,2,0,0,0,0,0,0,0,0,0,0,0,0,0,0,0,0,0,0,0,0,0,0,0,0,0,0,0,0,0,1,0,0,0,1,0,0,0,0,0,7,2,0,0,0,0,0,0,1,0,0,0,0,0,0,0,0,0
"ENSG00000228203.7",2,0,11,2,53,4,1,3,1,7,2,1,2,14,145,1,1,1,1,19,2,3,5,0,4,2,1,2,0,10,19,51,9,3,4,16,15,2,5,7,2,7,10,6,2,18,2,6,0,2,1,10,6,2,5,2,2,3,4,1,1,3,54,4,2,18,2,5,6,4,1482,6,1,0,3,4,44,2,3,6,73,2,72,14,6,17,0,1,68,7,40,3,3,43,12,1,2,11,3,4,6,3,97,4,8,1,6,8,422,2,3,5,10,4,9,6,84,7,41,3,3,6,1,8,4,6,2,2,8,139,0,4,92,6,3,7,7,3,143,4,0,34,7,1,26,45,3,11,125,3,4,3,7,3,1,40,3,2,6,1,4,2,2,24,76,3,8,144,3,12,0,2,21,3,0,1,5,2,59,795,2,23,15,12,11,4,13,6,2,6,0,13,82,2,4,18,6,249,4,237,0,21,20,3,0,7,6,6,3,5,3,1,6,2,5,0,0,10,1,28,1,1,3,2,4,0,5,3,4,22,144,3,4,11,8,6,1,2,3,2,3,1,13,0,8,154,3,2,12,7,3,5,0,9,0,0,3,1,5,5,9,6,7,379,5,10,6,3,12,0,2,1,238,9,3,2,84,1,6,1,23,11,6,2,0,8,0,0,60,13,2,3,2,29,7,30,12,1,30,0,6,21,28,4,3,3,4,2,2,4,5,8,2,0,11,5,4,39,49,3,3,22,0,31,4,24,1,1,7,4,1,2,3,10,4,5,4,397,12,4,1,8,4,2,0,4,3,32,4,2,6,254,4,233,0,2,24,151,96,5,8,28,9,111,84,0,0,161,7,1,2,3,2,8,6,2,23,1,5,4,1,4,0,1,2,1,5,1,2,1,197,4,1,1,3,5,7,5,9,2,4,2,1,2,9,17,11,2,0,50,6,1,0,1,7,2,2,1456,24,8,1,3,277,4
"ENSG00000228215.3",0,0,0,0,0,0,65,0,0,2,0,45,1,0,174,0,0,40,0,0,0,0,0,0,13,0,0,2,0,0,0,0,1,1,0,0,11,0,34,85,0,0,0,0,0,0,0,0,0,0,0,4,0,0,0,0,0,0,0,0,0,37,0,0,0,0,0,0,0,0,383,0,0,0,0,0,0,1,0,0,1,11,0,0,2,0,0,0,0,1,0,17,36,0,0,0,0,1,35,0,0,0,0,0,0,0,0,0,11,23,0,0,0,0,0,0,0,3,0,646,1,1,0,0,1,0,1,14,0,1,1,0,17,0,0,0,0,0,1,0,0,0,33,0,0,0,0,0,0,0,0,0,0,132,0,0,0,0,12,2,104,0,0,0,0,0,66,0,0,33,1,1,0,456,0,0,0,107,0,0,0,0,1,0,19,0,1,0,0,0,0,11,0,0,0,0,0,0,0,0,0,0,0,136,0,11,0,0,5,0,0,0,0,9,74,0,0,0,0,0,0,0,0,1,0,0,48,0,0,0,0,0,0,0,0,2,0,1,2,18,0,0,0,0,0,0,0,0,0,0,0,0,0,5,0,0,0,0,6,13,10,0,0,45,0,1,0,0,0,0,3,0,1,0,0,0,53,0,0,0,5,0,0,1,0,0,0,0,0,0,1,0,0,0,0,0,3,0,0,0,0,0,207,0,3,0,0,0,0,0,0,0,1,0,0,0,3,0,0,3,0,0,0,0,0,0,0,0,1,0,138,0,0,0,0,0,0,0,0,0,0,0,0,1,1,40,0,0,0,0,0,1,0,7,0,0,0,0,13,0,0,0,0,0,0,0,0,0,0,0,0,0,0,0,16,0,0,0,0,0,1,0,0,0,0,0,0,0,0,0,0,0,0,0,0,0,0,0,0,0,0,0,0,0,0,0,43,0,3,0,0,3,0,0,0,0,2,0,0,0,0,0,0,0
"ENSG00000228286.3",0,0,0,0,0,0,0,0,0,0,0,0,0,186,1,0,0,0,1,0,0,0,0,0,2,0,0,0,2,0,0,0,1,5,0,1,6,0,0,1,0,0,0,0,0,0,0,4,0,0,0,0,0,0,0,0,0,0,0,0,0,1,0,0,0,0,0,0,0,0,63,0,1,0,0,0,0,0,1,1,75,10,0,0,0,0,0,2,0,0,0,4,1,0,0,0,0,0,16,0,0,0,0,0,0,0,1,0,1,0,0,0,1,0,0,1,0,0,0,1,0,0,0,0,0,0,0,0,0,0,0,0,34,0,0,0,0,0,0,0,0,0,0,0,0,56,1,0,0,0,0,0,0,0,0,0,0,0,0,11,0,0,0,0,0,6,0,0,0,1,1,0,0,0,0,0,0,0,0,0,0,0,0,0,0,0,0,0,6,0,0,0,0,1,5,0,0,0,0,0,0,0,1,5,0,1,0,0,21,1,0,0,0,15,0,0,0,0,2,6,0,0,0,0,0,0,0,0,0,0,0,0,0,0,0,36,0,0,0,0,0,0,0,0,0,0,0,0,0,0,0,0,0,1,0,0,0,0,0,0,4,11,1,0,0,0,1,0,3,0,0,0,7,0,0,0,0,0,0,0,9,0,0,0,0,0,0,0,0,0,0,0,0,1,0,3,1,0,0,0,0,0,0,0,1,0,0,0,1,3,0,0,0,0,0,0,34,0,0,1,1,0,0,0,0,1,1,0,2,0,11,0,0,0,0,0,0,0,0,0,0,2,0,0,1,41,0,1,0,0,0,0,0,36,0,0,0,0,0,0,0,0,0,0,0,0,0,0,0,0,0,0,0,0,8,0,14,0,0,0,1,1,22,0,0,0,0,1,1,0,0,0,0,0,0,0,65,1,0,0,0,0,0,0,0,0,0,0,0,0,0,0,0,0,0,0,0,1,0,0,0,0,0,0
"ENSG00000228350.1",6,0,8,2,5,6,20,8,5,11,4,2,13,10,24,4,1,7,4,3,6,3,10,1,10,5,17,8,0,9,4,6,20,18,13,6,24,2,29,15,31,1,3,0,3,1,3,0,2,1,3,3,1,10,12,8,2,4,4,9,33,2,18,7,0,17,10,5,9,8,15,1,0,0,11,1,19,3,18,2,10,3,5,15,4,0,1,4,13,2,8,4,0,1,5,1,9,12,12,2,2,1,16,1,1,22,4,0,34,17,19,0,0,12,2,46,7,3,21,20,10,10,1,28,2,0,0,10,3,15,5,0,6,3,9,3,3,1,12,5,0,17,9,1,4,16,2,10,9,6,0,5,13,31,1,3,10,1,2,12,4,21,3,2,9,10,9,15,2,9,7,4,2,9,27,5,4,14,14,8,0,13,6,16,4,11,5,6,12,17,13,5,5,9,3,13,2,19,3,16,0,10,2,9,2,9,0,12,12,13,0,15,4,3,5,4,13,22,6,16,0,45,14,7,1,2,23,14,4,6,5,31,2,7,4,18,0,1,2,15,4,7,1,1,3,16,4,14,10,4,4,11,1,25,1,11,2,19,14,7,15,4,18,41,0,1,2,1,30,3,6,1,5,2,5,3,60,1,11,6,14,2,18,2,23,9,0,1,13,1,2,6,3,39,18,3,2,4,13,3,8,4,13,3,4,1,5,3,31,19,15,10,15,27,4,10,9,6,6,7,9,4,0,5,12,28,2,2,10,0,5,10,1,9,2,2,6,4,2,15,1,7,6,13,4,6,1,7,1,0,4,25,15,22,1,4,10,1,2,18,2,11,9,3,11,4,4,11,0,3,5,12,3,1,35,13,20,0,4,14,25,5,10,1,2,11,6,18,1,6,19,6,1,5,1,3,11,30,8,0,6,11,3,6,3,2,3,6,7,4,3,24,3,1,2,1,11,4,4,2,1,10,12,5
"ENSG00000228376.3",0,0,0,1,0,0,0,0,5,0,1,3,10,1,5,0,0,0,2,1,0,0,0,0,1,1,0,2,2,0,1,1,4,0,7,0,3,0,1,0,4,0,12,4,2,0,0,0,0,10,0,0,0,2,2,0,0,28,12,0,7,0,5,1,0,0,1,2,0,4,18,6,0,0,0,0,37,1,14,8,2,2,15,0,1,1,2,2,14,8,0,10,10,0,1,0,4,1,0,1,0,0,1,0,1,40,7,0,13,15,1,0,0,6,0,0,0,0,13,33,0,1,1,14,3,2,0,0,3,8,5,0,10,1,0,0,1,0,10,0,0,3,11,0,1,0,2,0,0,0,4,0,0,1,1,5,2,0,3,0,4,1,0,1,8,0,0,6,0,0,0,4,0,8,0,1,3,1,0,0,0,21,0,0,4,3,0,0,2,0,2,0,12,0,0,2,0,4,0,11,0,1,1,45,0,0,0,7,2,0,2,1,3,1,13,0,0,1,2,1,0,0,0,8,3,1,0,10,0,0,45,0,4,2,1,0,1,2,0,3,0,3,1,0,0,2,0,1,0,3,1,0,1,0,1,0,0,0,9,0,2,0,0,9,0,0,2,0,0,1,0,0,0,0,8,0,0,0,0,3,0,0,0,0,2,0,0,1,0,1,0,3,1,5,0,0,0,0,2,1,0,55,4,1,0,0,0,0,1,3,3,0,0,0,0,0,0,0,4,6,0,0,0,5,0,3,1,3,0,0,2,2,2,1,1,0,0,0,5,3,1,1,0,0,0,0,0,30,2,0,0,22,5,0,1,0,5,0,0,0,3,0,0,42,0,0,5,2,0,2,2,3,7,1,0,0,1,1,1,0,3,0,0,0,1,0,0,0,1,0,0,1,0,1,4,0,15,6,0,0,5,0,0,0,5,0,0,0,0,4,0,0,1,0,0,1,0,1,24,1,0,0,1,0
"ENSG00000228430.9",0,0,1,1,3,2,1,1,2,0,12,16,3,47,2,4,2,28,21,2,75,1,5,19,0,13,2,14,0,0,0,47,8,35,9,6,40,3,3,35,0,2,1,32,4,2,80,63,0,2,14,42,8,1,3,5,5,2,8,0,22,96,10,1,60,8,1,106,7,3,16,16,13,0,1,0,1,102,4,42,13,19,82,41,233,1,7,136,187,4,55,265,13,0,64,4,4,0,2,3,194,12,1,268,7,0,87,3,18,0,42,3,155,2,1,10,6,14,0,33,249,19,0,4,27,0,11,3,12,10,25,0,2,1,12,0,18,1,0,22,2,4,4,13,0,56,4,2,0,0,3,2,280,8,4,10,11,0,85,21,9,0,13,2,0,1,4,1,5,13,8,4,10,7,120,4,20,10,0,21,4,18,21,53,114,11,15,17,8,6,11,0,2,12,14,2,16,7,24,0,57,9,1,69,0,9,0,2,0,3,8,9,3,5,0,0,13,0,3,21,0,3,0,3,2,1,111,0,241,11,4,12,2,27,7,56,0,44,4,1,1,12,79,7,5,4,28,341,21,58,0,1,1,0,3,3,1,0,2,16,20,5,6,0,0,20,1,2,16,2,21,0,19,0,57,2,3,2,35,6,9,17,1,1,51,0,0,0,0,2,2,3,5,5,192,0,0,284,12,1,2,2,1,0,10,3,1,16,209,10,11,1,55,74,50,1,12,3,195,8,0,0,0,0,17,25,7,11,94,0,19,0,5,2,12,0,13,0,7,93,0,7,3,0,5,16,1,2,3,0,0,3,58,2,57,0,1,0,1,13,4,1,19,7,0,11,4,0,5,105,7,22,5,2,46,0,30,0,0,6,76,4,20,151,8,0,2,1,7,4,0,58,1,61,22,0,61,19,56,0,9,5,0,39,63,0,18,1,0,131,52,0,4,1,19,2,6,5,2,1,0,5,4,5
"ENSG00000228509.6",1,0,37,67,168,69,2,33,17,5,11,2,19,449,16,10,84,82,2,27,25,1,12,65,63,499,2,240,74,37,4,4,70,70,109,8,8,113,0,3,0,12,2,0,65,2,48,11,0,13,16,60,36,4,4,281,1,0,11,41,0,71,7,30,66,66,25,2,22,36,38,17,52,0,12,3,8,42,0,134,26,72,10,0,160,7,28,11,30,51,104,18,2,18,19,0,4,3,2,30,79,6,17,31,48,2,6,3,38,2,19,3,3,182,3,150,456,3,9,53,4,198,104,1,106,5,31,26,2,442,95,0,25,12,10,1,1,1,16,56,43,119,13,14,130,1,8,128,19,4,5,4,19,136,159,164,57,45,7,58,131,0,4,4,16,37,38,15,1,15,59,191,30,78,6,18,67,0,17,3,0,6,2,38,61,263,56,240,1121,17,18,419,5,146,213,0,5,58,3,106,77,60,138,80,0,3,236,26,82,18,65,373,1,131,30,6,0,1,11,40,0,61,5,243,24,2,15,15,71,2,8,32,16,9,2,5,1,0,7,154,4,17,5,1,18,6,0,0,35,4,6,17,4,13,3,45,5,11,49,15,195,6,54,5,2,35,38,0,5,1,97,2,5,2,135,6,8,6,0,8,15,16,4,8,137,30,0,8,15,98,26,158,179,6,0,5,19,5,76,9,76,6,2,3,1,15,0,33,16,14,62,163,18,198,16,8,39,32,45,63,18,6,9,4,78,1,50,4,7,1,1,35,62,11,4,4,26,9,5,1,2,9,297,5,8,52,3,2,4,9,3,44,85,27,44,41,11,17,21,36,53,52,108,210,12,57,1,8,1,148,3,18,19,4,304,95,620,22,98,60,189,42,298,28,65,56,323,96,0,135,7,1,7,75,55,21,8,2,51,4,0,58,2,109,22,0,34,13,37,11,4,2,101,71,727,362,163,371,5,33,1,57,10,4
"ENSG00000228561.2",0,1,0,11,0,0,8,0,1,0,0,0,0,24,33,0,0,0,1,0,0,0,3,0,2,4,3,0,3,0,0,3,4,1,0,0,4,1,0,0,0,0,0,0,0,3,15,0,0,0,0,4,3,6,0,0,9,0,0,0,1,1,1,0,1,0,1,0,0,1,13,10,0,0,0,1,8,0,0,0,4,4,6,2,7,1,4,1,2,2,0,1,0,0,2,0,0,0,0,0,0,0,10,0,1,0,2,1,91,3,0,0,2,0,0,2,3,0,10,8,1,0,1,2,0,0,1,7,0,23,3,2,87,6,7,0,0,0,9,1,3,2,10,0,1,0,2,0,9,0,0,0,6,18,5,1,5,0,8,0,11,0,3,2,2,2,41,0,6,2,0,0,0,0,0,0,2,4,11,1,1,2,2,0,1,0,0,0,0,1,0,1,3,3,4,0,2,1,1,2,2,0,3,1,0,39,1,0,0,0,0,2,16,0,1,0,0,0,1,2,0,0,7,0,0,0,0,0,1,0,2,0,9,1,0,6,0,0,13,5,0,0,0,0,8,1,3,0,8,2,0,0,0,8,0,0,1,1,2,8,1,2,3,2,1,0,1,0,4,2,6,0,10,0,6,0,5,1,1,5,8,43,2,0,0,3,0,0,2,3,0,0,0,11,9,23,0,0,2,0,0,1,2,0,3,2,0,0,2,0,0,0,0,8,0,0,22,0,1,0,0,0,1,1,44,0,1,0,0,0,1,0,4,0,0,0,0,1,1,12,0,23,1,0,0,0,0,0,25,0,0,2,2,3,0,0,0,0,4,0,13,1,10,0,0,0,11,1,0,1,0,3,0,0,8,2,28,0,0,1,11,2,5,0,0,0,1,0,0,0,9,0,0,0,1,0,28,0,1,1,0,10,0,0,6,0,54,28,1,2,2,2,4,0,1,0,15,29,0,0,2,6,0,0
"ENSG00000228566.2",21,0,0,2,0,3,7,0,0,0,0,0,0,11,3,2,0,0,0,0,0,0,0,1,0,0,0,3,1,3,2,1,3,0,0,0,564,0,0,1,0,2,2,0,0,2,0,0,1,1,1,11,0,0,0,0,0,0,6,0,0,3,0,0,0,0,0,1,1,0,17,0,72,0,0,0,45,0,16,5,5,2,10,0,1,4,1,4,1,1,0,1,1,0,1,0,0,3,3,26,0,0,3,0,1,2,1,0,56,2,1,0,1,69,0,0,3,0,1,1,0,0,1,0,0,0,0,1,2,1,0,0,7,4,1,0,0,0,0,6,0,0,1,1,0,14,2,0,1,3,0,0,0,1,0,0,1,7,2,1,11,0,1,0,0,1,0,3,0,71,0,0,4,7,1,0,0,3,0,0,0,0,1,0,0,1,2,0,0,0,2,0,0,8,10,0,0,0,1,0,0,0,0,6,0,245,0,1,10,0,0,2,14,0,1,1,0,0,1,1970,0,2,28,1,0,0,2,2,0,8,0,0,1,1,0,8,0,1,1,0,0,0,0,0,1,2,0,0,0,0,1,0,1,0,0,0,3,0,0,140,2,0,4,34,0,1,0,0,6,0,2,0,323,0,3,0,0,0,3,0,0,1,0,1,1,4,1,0,1,0,0,0,0,0,3,2,4,0,0,0,0,0,6,2,1,0,0,0,0,5,0,0,1,1,1,0,206,5,0,0,1,0,0,0,1,1,0,0,1,0,0,2,5,0,2,2,0,0,0,1,0,0,1,0,24,17,0,0,2,0,1,3,1,55,0,0,0,0,0,0,1,0,3,2,2,0,0,1,0,8,0,7,3,7,2,0,0,0,0,2,0,6,3,0,1,1052,1,0,1,0,1,0,1,0,0,0,2,2,1,3,2,0,1,0,3,1,2,2,4,0,79,0,0,0,157,0,2,1,1,0,0,1,0,1
"ENSG00000228623.6",0,0,31,0,3,1,7,0,0,3,0,0,3,142,40,1,1,10,0,28,0,2,3,0,10,6,2,10,7,42,2,4,2,11,3,5,1,2,1,1,9,10,2,0,1,1,0,11,0,2,0,16,2,14,0,0,1,14,0,0,0,5,0,11,3,1,0,0,1,2,25,2,0,0,1,1,64,2,14,30,17,8,0,1,41,0,0,0,9,0,3,18,17,21,1,0,0,17,1,37,0,1,0,0,0,5,1,1,66,6,3,0,5,0,1,12,62,2,21,83,1,4,0,3,4,0,0,17,5,99,2,1,75,0,1,0,1,1,23,0,1,16,12,3,2,2,2,3,0,2,0,2,1,22,2,0,1,6,41,18,10,3,0,2,2,2,23,6,28,84,2,1,0,10,5,2,2,24,2,4,0,0,1,3,0,0,33,2,0,13,0,41,0,17,1,5,1,1,0,1,0,0,3,25,2,0,1,0,3,1,3,7,3,0,4,0,0,0,6,1,0,1,0,0,0,0,1,16,0,1,0,26,3,1,1,3,0,1,0,5,3,1,0,1,1,14,12,5,0,1,1,1,3,21,2,3,4,0,4,2,13,8,6,16,1,0,1,0,41,2,1,0,10,0,1,3,1,0,0,1,49,0,15,2,0,3,0,4,1,5,8,0,5,6,1,3,20,1,2,3,2,2,51,1,1,1,3,4,28,65,11,1,0,1,60,2,48,7,2,0,45,0,1,25,0,1,0,0,3,0,31,2,0,5,24,0,1,4,0,1,0,1,5,0,31,20,0,1,8,0,2,1,1,8,0,0,0,0,10,1,1,0,1,8,60,1,1,1,0,0,0,1,6,3,75,1,38,0,0,9,0,38,48,1,1,1,5,7,39,1,6,1,0,7,3,9,28,14,5,1,0,0,3,3,3,9,22,16,4,9,2,0,1,3,0,6,20,5,0,0,0,0,0,1
"ENSG00000228626.1",1,0,0,0,0,2,0,0,0,2,0,0,0,618,0,1,0,448,0,0,2,0,2,0,3,0,0,1,0,1,0,75,1,20,1324,0,0,1,0,0,0,33,0,4,0,0,0,0,0,0,0,5,0,2,2,0,0,1,213,0,3,64,0,4,0,0,0,586,6,0,2,89,0,0,0,0,6,1,0,462,5004,18,0,9,18,1,0,1815,0,0,30,465,0,0,5,2,0,34,1,1034,0,0,0,6,0,0,28,0,26,0,0,0,0,0,0,0,0,18,0,194,99,0,0,0,13,0,0,4,0,40,0,0,664,0,3,0,0,0,0,0,0,1,0,0,0,2,0,0,0,0,0,0,192,43,0,0,2,122,277,361,10,2,436,0,9,11,0,0,4,287,29,0,6,29,0,0,1,5,0,11039,0,0,119,0,2,7,0,0,7,33,0,0,1,37,58,0,0,0,0,0,24,0,4,127,0,0,0,0,0,1,3,0,0,3,0,15,12,0,0,50,0,0,0,0,0,0,97,3,18,20,1,6,81,510,0,3244,2,2,1,1,0,139,0,0,5,0,0,9,0,2,0,0,0,0,0,0,0,0,27641,3,15,24,24,1,0,0,0,0,629,0,2,0,1,0,0,0,0,0,0,3,17,1,0,0,0,1,0,0,0,226,0,0,0,0,145,11,1,13,4,3,2,0,1,0,0,0,0,3,1,3,2,0,0,2,6,6,10155,10,0,0,1,7,0,2,31,0,0,9,431,0,179,0,0,0,0,0,1,40,0,0,0,1254,0,0,1785,10,0,0,8,0,2,0,0,0,0,0,5,2,1,0,42,0,0,4,1,6,0,0,1,1,2,1,2,0,150,0,2393,0,0,2,0,8,0,0,0,0,1,15,1,0,0,1,0,2,0,1,1256,0,0,0,0,0,0,47,2,0,12,0,0,0,0,0,0,0,0,0,84,36,66,0,0,3,10,0
"ENSG00000228636.3",0,0,0,0,0,0,0,0,0,0,0,0,0,2,59,0,0,0,1,0,0,0,0,0,0,7,0,0,0,1,0,0,0,0,0,0,0,0,0,0,0,0,0,0,0,0,0,3,0,2,0,0,0,0,0,0,0,0,0,0,0,1,0,2,0,0,0,0,3,0,119,0,0,0,0,0,0,0,0,10,0,21,0,0,0,0,0,0,0,0,0,0,2,0,0,0,0,7,1,0,0,0,0,0,0,0,0,0,130,1,0,0,0,0,0,0,0,0,0,2,0,0,0,0,0,0,0,0,0,35,0,0,84,0,0,0,0,0,1,0,0,0,32,0,0,0,0,0,0,0,0,0,0,1,0,0,0,0,17,1,0,0,0,0,0,0,24,1,0,0,0,0,0,52,0,0,0,28,0,4,0,0,0,0,0,0,0,0,0,1,0,0,0,9,0,0,0,0,0,0,0,2,0,1,0,2,0,0,0,0,0,0,0,21,0,0,0,0,0,4,0,6,0,0,0,0,0,0,0,0,0,0,0,0,0,0,0,0,0,3,0,0,0,0,2,0,0,0,0,0,0,0,0,0,0,1,0,0,0,0,19,0,0,44,0,0,0,0,61,0,0,0,9,0,0,0,61,0,0,0,11,0,0,0,0,0,0,0,1,0,0,0,0,2,0,128,2,0,0,0,0,0,6,0,0,0,0,0,0,0,0,0,0,0,0,0,18,0,0,0,0,0,0,0,1,2,0,0,0,0,1,0,0,0,0,0,0,0,0,0,0,0,0,4,0,22,0,0,6,0,0,0,0,76,0,0,0,2,0,0,0,0,0,1,0,0,0,0,0,0,0,0,0,0,5,0,27,2,0,0,2,0,0,0,0,0,0,1,0,0,0,0,0,1,0,0,2,3,0,0,0,0,0,0,1,0,4,0,0,0,1,0,0,0,0,0,0,0,0,0,0,0,0,0
"ENSG00000228714.4",0,0,1,0,1,0,0,0,0,11,0,3,0,353,558,3,1,4,0,0,1,0,62,18,79,7,1,58,3,105,2,0,7,46,0,0,106,0,0,1,63,3,10,0,0,0,0,79,0,0,0,147,0,16,3,0,0,0,121,0,0,55,0,10,0,0,29,1,0,0,84,1,48,0,0,0,3,1,8,72,41,22,0,0,19,0,0,55,0,0,0,104,58,6,0,0,1,81,40,0,4,0,1,7,0,0,0,0,100,85,0,0,0,54,0,121,0,13,4,245,1,101,0,0,1,0,3,45,0,0,21,0,280,0,0,0,0,0,3,43,0,0,67,1,0,79,2,0,0,0,0,0,0,129,16,0,0,0,28,30,42,0,0,0,1,27,43,0,0,10,43,60,0,254,0,6,2,183,0,1,0,0,47,1,111,1,147,1,0,82,0,1,0,2,18,0,0,0,0,0,12,1,0,178,0,36,0,0,50,4,0,0,4,7,24,2,0,0,70,116,0,67,0,2,0,0,0,120,0,1,1,3,0,0,101,32,0,1,1,1,0,1,0,0,3,0,0,1,0,0,10,0,0,0,0,0,0,0,102,1,37,144,0,9,0,0,1,0,11,0,21,0,28,0,0,0,0,0,0,81,73,153,70,0,0,0,0,0,1,0,0,0,0,1,0,0,47,8,25,1,0,0,1,0,109,0,0,12,7,10,136,0,3,0,0,119,72,0,0,128,0,1,0,0,8,0,0,1,53,0,230,0,71,0,5,0,0,2,0,0,0,5,24,0,64,27,77,0,9,0,0,85,0,5,0,0,1,0,0,0,19,0,1,1,4,4,8,2,0,0,0,125,6,0,207,1,136,0,0,21,94,9,6,0,0,45,0,45,113,0,0,0,0,0,1,0,182,4,18,0,1,0,0,1,5,0,71,0,69,0,1,89,0,0,72,0,102,3,0,0,0,37,0,1
"ENSG00000228718.2",4,0,2,3,11,5,0,4,0,2,0,4,0,5,6,1,2,1,0,2,3,0,5,2,0,0,0,2,2,1,3,5,2,5,0,2,3,1,6,5,0,5,4,1,0,0,0,1,0,1,1,5,0,1,3,0,0,2,2,0,0,3,1,0,0,0,0,1,9,0,4,2,1,0,1,1,8,3,1,2,1,2,4,1,1,7,1,0,17,0,5,0,1,0,2,0,5,17,4,2,3,0,10,0,2,6,3,0,5,1,9,0,8,5,0,0,24,0,2,3,1,2,0,2,0,0,0,3,3,3,3,0,0,0,0,0,3,0,1,0,0,2,2,0,4,8,1,1,1,5,0,1,2,1,2,2,1,6,2,3,1,0,3,4,2,0,5,1,0,2,0,1,2,3,4,0,0,0,3,1,0,14,6,1,0,0,6,6,0,0,0,3,3,1,4,0,1,1,0,4,0,0,11,0,1,1,0,4,1,0,0,6,1,0,11,0,1,0,6,8,0,3,0,0,0,0,1,1,1,12,1,0,3,0,1,0,0,2,2,4,4,3,0,2,3,2,0,1,3,1,1,1,0,1,0,0,1,2,2,3,4,5,5,2,0,5,0,0,2,0,5,0,0,0,0,0,1,0,0,2,1,0,3,0,2,2,0,1,1,0,1,1,0,0,0,6,5,0,1,9,1,3,8,0,1,2,1,6,1,2,0,3,0,0,5,5,0,1,1,1,5,4,0,5,0,1,0,2,3,0,2,1,3,2,1,0,1,7,1,0,0,3,1,4,0,0,15,0,1,0,0,4,2,1,1,0,0,5,2,1,2,7,1,5,8,0,0,3,1,0,1,2,0,1,0,1,4,0,1,3,1,5,2,0,0,0,2,1,2,0,1,1,0,3,0,3,3,6,7,1,1,0,3,1,3,1,3,3,0,5,2,1,2,1,4,3,1,4,2,0,0,1,4,0
"ENSG00000228723.6",2,0,1,0,6,0,0,0,0,10,0,0,0,3,1,0,0,0,0,0,0,0,3,0,1,0,0,0,0,1,0,0,0,0,0,0,1,0,0,0,0,20,0,0,0,0,1,0,0,0,0,0,0,0,0,0,1,0,0,0,0,2,0,0,0,1,0,1,0,0,6,1,1,0,0,0,8,0,0,0,0,0,6,3,2,2,0,1,0,0,0,6,0,0,0,0,0,0,0,9,0,0,0,0,0,0,1,0,50,0,8,0,1,1,0,0,5,0,1,1,0,0,0,1,1,0,0,0,0,4,0,0,3,0,2,0,1,0,2,0,0,1,2,0,0,119,0,1,2,1,1,0,0,0,0,2,0,0,1,0,0,1,0,0,0,0,0,30,0,1,0,0,215,0,0,0,1,0,1,0,0,0,0,0,0,0,0,1,0,0,0,0,0,1,1,0,1,1,0,58,1,0,0,1,0,0,1,0,3,1,1,1,2,0,0,0,0,244,0,0,0,0,0,0,0,0,0,0,0,0,3,0,2,0,0,0,0,0,0,0,12,0,1,0,3,0,0,0,0,1,0,1,0,0,0,0,0,0,0,0,1,0,6,0,0,1,6,0,1,0,0,0,0,0,0,0,0,0,0,0,0,0,0,0,0,1,0,0,1,0,0,0,0,0,0,0,1,1,0,14,0,17,2,0,1,0,0,0,0,1,0,1,0,7,0,19,0,0,0,0,0,3,0,2,0,2,0,0,0,0,0,0,0,0,0,0,39,0,0,0,0,0,0,4,0,0,0,2,2,0,0,2,0,0,0,0,1,37,0,0,0,0,0,0,2,0,0,0,0,0,0,0,0,0,0,0,0,0,0,0,0,0,0,0,2,0,0,0,0,1,4,0,0,0,0,0,0,2,0,0,0,0,0,0,0,0,0,1,0,2,1,0,0,0,0,0,0,0,0,0,0,0,1,0
"ENSG00000228727.9",21,0,2,4,3,3,1,0,7,22,6,39,17,24,65,0,11,9,14,13,3,1,6,3,8,1,9,19,1,27,12,11,4,2,4,7,2,2,36,49,3,4,13,9,2,6,6,0,1,0,10,5,5,49,17,30,4,38,16,3,12,6,10,7,2,49,19,6,13,16,42,4,2,0,4,3,97,16,30,20,29,15,36,0,16,2,3,14,7,0,14,18,7,4,3,1,13,6,18,0,2,1,4,18,6,19,25,3,43,20,6,3,0,15,6,4,27,16,6,24,3,29,0,13,4,0,1,4,36,20,7,5,13,1,1,0,11,4,20,3,1,22,24,1,4,22,8,48,18,15,1,4,1,14,3,12,18,7,25,20,19,3,6,23,19,7,14,81,2,19,4,13,25,76,0,2,6,22,38,6,1,0,26,29,24,4,29,5,3,28,12,11,30,20,3,28,2,27,0,9,8,12,17,33,0,27,3,13,10,11,2,7,5,2,16,2,3,4,6,19,0,5,1,2,7,0,56,39,1,7,25,17,3,16,4,3,2,7,0,8,0,3,7,1,54,5,53,11,40,16,3,5,0,17,0,8,3,8,41,58,29,4,9,17,2,14,43,1,17,5,4,0,53,0,4,17,12,0,7,5,36,24,14,1,25,6,0,2,11,7,6,3,4,29,2,45,23,16,11,17,35,6,53,1,3,4,3,3,43,7,3,12,32,2,4,16,16,12,2,4,12,74,4,22,3,22,3,13,1,1,5,4,5,6,36,0,32,9,13,5,0,8,0,75,32,13,1,13,9,1,1,18,7,37,12,2,21,53,9,48,7,0,36,50,21,2,5,7,7,4,16,44,0,14,95,2,27,4,2,30,10,5,9,1,3,10,19,11,12,11,26,1,0,25,11,6,6,20,23,0,6,11,10,18,20,13,8,25,3,3,5,3,21,3,3,0,2,1,50,3,0,1,24,5
"ENSG00000228742.11",9,0,0,1,1,0,0,0,1,1,0,0,1,407,95,0,0,1,3,0,0,0,2,0,1,0,0,5,0,7,0,0,1,0,0,3,0,0,0,0,1,1,5,0,1,0,1,3,0,0,0,37,0,1,0,0,1,0,0,1,0,3,0,0,0,0,0,0,0,0,36,3,1,0,1,0,73,1,1,2,6,3,1,0,0,0,0,0,10,4,1,2,0,0,0,0,1,5,4,3,2,0,6,0,7,0,1,0,82,0,0,2,1,3,0,0,0,2,0,3,0,3,0,7,2,0,0,0,0,0,1,0,2,1,0,1,2,0,0,0,0,7,19,0,0,0,2,0,8,0,0,0,0,0,0,1,0,0,0,13,1,0,1,0,0,5,1,0,0,6,0,2,0,1,1,0,1,2,3,3,0,1,0,0,0,0,0,0,0,0,1,142,0,3,0,0,0,5,0,3,0,0,2,25,0,3,0,1,0,0,0,1,4,5,0,0,1,0,1,5,0,0,3,0,1,0,0,2,2,0,0,0,10,0,0,0,0,0,0,0,0,6,0,0,2,1,1,0,7,0,0,1,0,7,0,0,0,1,3,9,0,3,4,0,0,0,0,0,9,0,4,0,17,0,0,0,0,0,0,24,1,5,0,0,0,2,0,1,1,0,2,0,0,0,0,1093,3,0,0,0,3,0,8,0,10,0,0,0,0,0,1,0,0,0,0,1,6,1,4,0,0,0,0,1,2,0,0,0,0,1,1,3,1,0,0,0,2,0,0,0,1,2,0,0,0,0,0,0,5,0,0,1,0,3,0,1,0,0,3,2,1,2,0,1,2,0,0,0,0,1,1,0,1,1,1,0,0,1,0,0,0,1,0,0,0,0,1,0,0,0,1,0,0,0,0,0,0,1,0,0,1,0,2,0,42,2,1,0,0,2,1,2,0,0,2,0,0,981,1,0,0,0,0,1
"ENSG00000228792.3",0,0,0,1,0,0,0,0,0,0,23,27,4,3,6,0,0,2,4,0,2,0,2,0,1,4,0,0,0,11,0,5,3,5,0,0,41,0,3,2,3,0,0,119,1,0,1,0,0,1,0,0,0,1,7,3,24,0,8,0,27,1,3,2,1,5,0,42,1,0,3,2,0,0,4,0,0,1,4,0,0,5,1,2,7,2,0,5,1,2,7,5,0,0,8,0,21,0,3,2,3,2,2,8,0,1,3,0,4,0,3,0,0,3,0,4,0,2,3,11,5,1,1,3,3,0,0,0,0,9,1,3,3,4,1,0,7,1,9,0,0,0,3,1,0,1,0,0,0,1,0,0,4,3,0,3,0,0,6,2,2,0,2,0,2,2,0,3,1,4,3,0,33,5,0,5,2,13,1,10,1,0,9,3,65,5,1,2,6,2,2,0,1,8,6,5,5,27,0,0,3,2,1,20,0,2,0,9,3,2,3,4,1,0,1,0,5,37,0,1,1,5,0,0,3,0,18,1,3,2,1,0,1,16,5,4,0,31,2,0,0,0,11,0,5,0,0,24,0,12,0,1,0,0,0,0,1,0,21,0,3,16,9,16,0,1,2,0,5,0,0,1,2,3,0,1,7,1,39,3,1,6,2,1,3,0,2,0,3,0,0,1,0,0,38,0,0,11,0,0,6,0,0,3,1,0,1,0,2,4,39,9,0,3,4,0,3,0,1,1,1,1,1,0,2,2,1,13,1,0,4,0,1,0,3,3,31,1,4,2,1,51,1,1,2,1,0,0,2,0,0,0,2,1,9,0,0,0,3,0,4,1,26,0,2,0,1,1,6,1,0,7,0,10,0,2,2,1,0,1,1,0,13,0,3,2,2,2,0,0,4,8,1,0,2,0,3,7,10,0,1,0,0,10,6,0,1,0,1,1,0,1,0,0,12,0,5,0,2,1,2,0,20,0
"ENSG00000228842.3",0,0,0,11,1,0,76,0,0,0,0,0,0,0,0,10,0,0,0,0,0,7,0,0,0,0,0,1,7,0,0,0,0,0,1,0,9,0,0,0,0,0,0,0,34,0,0,0,26,0,49,1,9,0,0,0,5,0,1,0,0,6,0,8,0,0,0,0,1,0,2,19,0,13,0,29,0,0,0,1,1,2,0,0,0,0,0,0,0,0,0,34,0,0,0,14,0,0,0,0,1,0,0,0,1,0,0,17,3,0,0,67,3,0,0,2,0,0,0,16,0,3,3,0,2,32,11,6,0,0,0,75,15,0,0,91,0,34,0,0,9,0,0,97,0,0,0,0,0,0,28,29,0,1,1,2,0,4,0,1,0,0,0,0,0,0,0,0,0,0,0,0,0,3,0,0,0,0,2,0,29,0,0,0,0,0,1,0,0,0,0,0,0,0,0,0,5,0,0,0,1,16,0,5,27,13,0,0,1,0,0,0,46,1,5,0,0,0,0,232,9,0,0,66,10,3,0,0,0,2,0,0,0,0,0,32,23,13,0,18,0,0,0,0,0,0,0,0,0,6,4,0,101,0,2,0,43,0,0,74,6,1,0,2,16,0,0,14,1,1,2,9,1,30,0,0,0,2,0,1,165,0,0,13,0,0,19,0,0,0,0,0,0,1,0,0,0,0,0,0,6,0,0,28,3,0,0,0,0,0,2,0,0,3,0,0,0,0,0,0,0,0,19,0,1,0,21,0,2,25,0,0,29,0,0,71,0,0,0,1,7,74,0,2,1,0,0,0,0,18,42,0,0,32,0,29,0,0,0,0,0,1,0,0,0,0,0,0,0,17,0,0,0,0,1,0,1,37,0,105,46,24,1,0,0,34,0,0,0,0,0,0,0,0,0,0,0,0,0,4,53,0,0,0,0,2,24,0,19,0,2,0,0,31,0,0,0,0,0,23,97,0,0,24
"ENSG00000228862.4",0,0,4,0,0,1,4,2,0,2,3,0,4,21,1,0,1,9,1,3,2,1,0,4,4,2,7,0,1,2,7,2,1,3,0,4,6,0,0,4,1,4,0,8,0,1,2,0,1,2,0,0,0,4,1,4,1,2,3,2,1,5,0,0,1,0,0,9,2,1,17,2,0,0,2,2,2,1,1,3,4,13,3,1,5,2,2,3,2,7,1,6,6,1,1,0,5,3,2,0,1,0,1,1,3,6,2,1,8,1,6,0,1,2,4,7,5,0,3,13,1,2,1,7,2,0,0,9,0,5,6,0,13,0,6,0,1,1,2,1,0,4,1,0,5,0,8,0,1,2,0,3,10,13,2,3,1,4,6,1,8,6,3,0,1,0,10,1,2,3,7,6,1,2,4,0,1,5,3,3,0,3,3,1,2,0,1,1,4,5,1,0,2,4,5,2,1,24,1,1,0,4,3,249,0,9,1,1,5,2,4,1,5,0,0,2,2,10,0,2,0,1,0,1,1,0,2,5,0,2,2,4,6,3,5,0,1,3,5,0,0,7,8,0,4,4,1,1,3,4,1,6,1,1,0,0,1,0,0,4,4,5,0,4,0,0,3,1,7,0,0,0,0,0,1,2,0,0,2,5,4,0,3,1,3,0,0,0,0,0,0,1,0,13,7,9,0,4,6,5,5,0,4,1,7,1,0,4,6,2,4,0,6,0,1,0,5,1,3,3,0,6,1,3,2,2,0,2,6,0,7,0,0,1,2,2,8,1,1,0,0,1,1,6,4,0,5,0,1,0,0,11,5,1,2,2,1,1,1,0,1,0,1,2,1,2,0,3,4,4,1,15,1,2,7,2,13,0,0,3,0,2,3,0,0,8,0,1,2,0,11,4,0,1,0,1,4,2,1,0,0,2,3,0,1,1,3,1,1,1,0,1,0,2,2,0,3,7,2,1,2,2,0,0
"ENSG00000228874.1",0,0,0,0,0,0,0,0,0,0,16,0,1,1,1,0,3,0,0,3,0,0,0,0,1,1,0,1,5,0,1,0,0,0,2,0,0,0,0,1,0,0,0,0,0,0,0,0,0,0,0,0,0,5,0,0,0,0,3,0,0,7,0,0,0,4,0,0,0,0,8,0,0,0,0,0,8,0,2,4,9,2,0,0,0,0,0,0,2,0,3,0,0,0,0,0,0,1,9,0,0,0,0,0,4,1,0,0,26,0,2,0,1,4,1,2,8,0,5,0,0,0,0,0,0,0,0,0,3,0,1,0,14,0,1,0,0,0,6,0,0,1,2,0,0,2,5,3,17,0,0,0,0,4,0,1,0,9,8,0,0,6,0,4,4,0,0,4,0,0,0,1,0,1,0,0,0,15,1,0,0,0,2,0,5,0,0,0,0,0,0,0,3,0,0,15,0,1,0,0,0,0,0,18,0,1,0,0,1,0,0,2,3,1,1,0,0,0,0,0,0,0,1,0,0,0,0,5,0,0,4,0,0,0,0,0,0,0,0,0,0,1,0,0,3,1,9,0,3,2,0,0,0,0,0,2,0,2,0,8,1,0,0,19,0,2,0,0,0,0,0,0,19,0,0,0,7,0,0,0,0,3,5,0,0,1,0,0,22,0,0,0,7,0,0,2,0,0,0,0,0,0,1,0,2,1,0,0,0,7,0,2,0,0,0,0,2,2,0,1,1,0,0,7,2,7,0,0,0,0,5,0,0,0,0,0,0,0,0,0,0,0,0,1,0,0,0,3,0,0,0,1,0,12,0,0,5,0,3,41,6,0,0,75,0,0,0,1,0,0,0,0,2,2,5,0,2,0,0,0,0,0,1,0,1,0,0,0,0,0,17,0,0,1,6,0,4,29,2,0,0,2,2,0,1,0,3,1,0,0,0,0,0,0,0,0,0,0,3,0,0,0,0,0
"ENSG00000228933.8",2,0,2,0,1,0,9,0,1,0,0,21,1,92,65,0,1,45,0,21,40,0,18,0,106,43,1,1,17,1,3,5,16,18,0,0,17,1,22,69,0,3,91,0,0,0,0,0,0,0,1,35,1,14,0,0,1,1,30,0,1,64,0,19,21,3,0,0,0,0,65,3,19,0,0,0,0,0,27,41,43,54,0,0,56,3,0,4,5,4,0,35,40,0,0,0,0,29,68,0,0,0,0,1,0,2,41,1,93,0,2,0,0,1,19,16,13,19,32,63,0,4,0,1,25,0,3,36,0,48,9,0,22,0,0,0,0,1,45,11,0,1,33,0,2,1,1,1,2,0,0,1,0,34,9,35,19,20,14,39,18,0,7,0,0,16,46,3,0,48,26,27,0,258,0,1,29,43,2,86,2,21,46,25,24,0,27,4,29,16,7,19,1,2,13,6,0,0,0,4,0,0,0,1,0,50,0,0,19,0,0,0,0,18,31,3,1,0,2,0,1,16,7,0,0,1,25,1,0,16,0,7,0,2,0,74,0,19,1,12,0,1,0,0,45,1,13,12,1,0,3,0,0,32,0,0,0,14,5,33,52,31,16,68,0,0,1,0,54,0,15,0,53,0,10,36,17,0,0,34,108,47,23,0,0,18,1,3,2,12,0,0,0,30,0,6,52,0,0,1,1,18,32,0,21,0,1,3,14,17,0,1,19,6,75,50,35,14,1,7,65,0,0,51,33,2,0,0,15,0,35,0,0,0,45,1,0,1,0,0,0,0,5,4,10,22,1,1,22,0,2,1,0,49,19,0,2,1,1,0,9,0,0,4,0,2,0,43,2,6,0,2,8,25,130,13,38,3,3,87,25,0,78,1,0,0,0,30,19,0,51,1,0,1,1,0,37,98,23,0,1,4,18,0,1,8,24,32,3,1,2,9,11,0,22,0,12,23,1,1,0,25,0,0
"ENSG00000228952.1",13,1,0,14,0,10,0,0,0,192,10,2,0,42,82,2,6,2,0,8,13,0,9,1,3,28,0,0,11,110,74,73,4,0,13,16,4,0,0,0,0,124,0,0,2,3,0,4,0,1,0,13,1,17,0,2,1,0,63,0,0,26,0,0,2,5,0,14,1,19,48,0,0,1,0,0,12,0,6,2,1,3,28,0,8,18,0,1,0,0,20,1,9,16,2,0,5,0,9,13,1,4,1,0,0,6,0,6,145,3,33,1,0,5,7,11,0,4,8,46,40,6,0,0,0,1,0,0,0,134,0,1,26,0,4,0,0,0,12,0,1,25,87,1,8,21,0,4,46,15,0,1,2,35,0,0,0,1,7,0,0,0,21,17,20,0,0,0,38,65,105,5,0,8,5,0,1,4,52,1,1,22,0,0,39,0,1,0,80,19,0,7,5,7,4,25,4,0,0,2,0,0,11,31,0,8,0,14,2,0,3,22,3,2,1,15,0,0,10,0,0,0,2,0,1,2,0,106,9,0,0,0,0,24,0,0,1,0,0,6,14,1,0,7,0,6,0,11,6,0,0,0,0,29,1,3,3,16,10,88,0,0,6,2,0,0,9,0,5,0,3,1,17,2,2,0,51,2,0,35,1,1,32,1,4,17,0,10,22,48,8,0,0,0,21,11,77,0,1,123,0,27,15,0,12,0,0,1,1,1,0,3,0,0,2,399,6,8,0,7,0,98,0,20,0,2,3,0,0,3,2,0,4,0,0,1,0,54,19,1,0,0,3,14,64,0,0,2,7,1,1,26,0,15,0,0,0,3,4,12,35,0,0,11,124,0,0,6,0,0,0,6,7,13,0,0,0,1,0,0,6,0,0,0,2,0,12,2,0,19,23,0,1,0,0,0,2,16,4,2,0,0,11,0,69,2,17,8,0,0,1,0,0,0,0,0,2,0,5,3,1,0,128,0
"ENSG00000228966.2",0,0,0,0,0,0,0,0,0,0,0,5,0,62,32,0,0,101,0,0,1,0,0,0,109,0,0,12,0,184,0,0,64,65,1,0,58,0,0,0,0,0,0,0,0,0,1,1,0,0,0,366,1,2,0,1,0,0,137,0,0,14,0,42,0,0,0,0,0,0,19,0,0,0,0,0,0,0,7,55,344,162,1,0,122,0,0,6,0,0,0,12,2,0,0,0,0,94,4,0,0,0,0,0,1,0,1,0,7,1,0,0,0,0,0,21,0,11,0,3,0,58,0,0,7,0,13,32,0,1,6,0,12,0,0,0,0,0,0,69,0,0,0,0,0,0,0,0,0,1,0,0,0,287,22,0,0,0,0,153,39,0,0,0,0,223,7,0,0,7,0,0,1,64,0,0,0,95,1,1,0,1,0,3,38,0,0,0,0,20,0,68,0,198,0,0,1,1,0,0,9,0,0,338,0,19,0,0,0,6,0,0,0,3,0,5,0,0,199,121,0,52,0,0,0,0,0,52,0,0,0,5,0,0,3,5,0,0,0,14,0,0,0,0,1,0,0,0,0,0,0,0,0,2,0,0,0,0,3,11,234,150,0,3,0,0,0,0,13,0,5,0,9,0,0,0,0,0,0,35,0,0,0,0,0,0,0,0,0,0,0,0,0,34,0,3,141,0,0,0,1,0,1,0,0,0,0,13,38,1,0,0,62,0,0,34,4,2,0,183,0,0,0,0,0,0,0,0,0,1,119,0,26,1,0,1,0,0,0,0,0,0,0,0,199,47,0,0,0,0,0,15,0,13,1,0,1,0,0,0,0,0,0,0,0,0,0,0,0,1,0,72,0,4,530,0,243,0,0,0,12,76,4,0,0,0,0,7,0,0,0,0,0,0,0,0,25,3,0,0,1,0,0,0,7,1,1,2,18,0,0,0,0,0,3,0,58,0,0,0,0,0,1,0
"ENSG00000228970.6",1,0,0,1,2,2,0,5,2,0,1,0,0,0,1,0,0,1,0,3,0,1,7,1,11,4,0,2,0,0,4,0,1,7,2,2,3,0,0,10,0,1,5,4,0,0,0,2,0,1,2,1,0,3,6,0,3,4,5,0,2,3,3,0,0,10,3,4,0,1,1,1,3,0,0,1,0,0,0,1,5,0,1,1,0,4,0,0,7,0,0,1,3,0,1,0,0,14,5,1,0,0,0,3,1,5,7,1,0,0,2,0,6,5,1,3,5,5,1,2,3,0,0,3,1,0,0,1,3,2,4,1,0,2,1,1,6,0,0,0,0,2,1,1,3,2,0,0,0,0,0,0,0,1,4,2,1,1,0,1,2,1,2,0,0,2,2,0,5,0,0,0,8,2,0,3,2,0,2,1,0,14,5,3,3,2,2,2,5,4,0,1,1,0,1,0,0,0,5,6,0,8,2,3,0,1,0,1,0,4,1,1,2,0,5,8,0,0,0,9,0,1,0,2,0,0,0,0,0,9,2,5,2,1,0,2,1,1,5,3,14,3,7,0,0,0,0,0,6,1,0,0,0,2,0,7,0,2,3,2,1,5,0,1,0,3,0,0,9,0,1,1,0,0,5,0,0,0,2,0,8,0,1,0,4,0,0,5,0,4,0,4,0,2,0,0,0,13,7,5,2,0,1,0,0,1,4,6,0,1,6,1,3,0,6,1,2,2,7,5,7,0,0,1,1,3,0,1,0,0,7,0,4,3,1,0,2,4,4,0,0,7,3,0,3,1,0,0,0,0,0,3,3,2,2,0,0,0,1,0,5,4,0,0,3,4,0,4,0,0,0,1,0,0,0,0,2,0,9,1,0,0,0,1,0,0,2,2,3,0,0,0,0,1,1,1,8,0,0,0,2,1,4,2,2,1,2,1,0,31,1,0,7,1,4,4,0,1,0,1,0,0,4,1
"ENSG00000229108.2",0,0,49,0,1,3,0,2,9,1,3,53,12,20,3,1,0,4,64,0,0,3,0,1,38,10,1,1,2,0,3,19,0,4,0,6,24,0,17,32,1,1,1,52,21,1,0,0,1,0,7,0,0,5,40,9,41,1,2,0,95,0,55,2,6,7,0,236,0,3,0,5,0,0,3,8,0,1,4,0,84,0,0,2,1,1,1,15,3,3,1,2,2,21,42,1,93,8,31,0,0,11,5,45,0,34,2,3,3,2,0,0,0,0,2,5,2,3,6,3,0,0,0,14,3,0,0,0,1,28,0,2,29,1,0,2,376,2,0,4,0,0,1,2,2,14,0,0,1,0,3,0,9,0,0,3,1,1,14,1,5,5,0,2,0,0,1,1,1,13,0,1,1215,2,0,0,3,18,0,15,1,0,4,6,133,0,2,0,0,5,7,2,2,7,0,21,1,9,0,3,4,2,0,2,1,4,2,0,0,13,3,0,0,1,4,0,5,1550,2,17,3,2,10,0,3,0,66,9,0,9,1,3,2,204,169,15,0,124,1,2,0,0,86,3,0,17,9,32,65,240,0,3,1,2,1,2,7,0,2,23,3,1,0,13,0,0,4,0,4,0,1,2,2,1,2,8,3,1,131,0,1,17,2,2,156,0,0,0,1,0,1,0,4,19,24,25,43,64,7,0,0,0,4,1,52,1,5,6,0,40,725,3,34,0,3,0,59,4,4,1,3,1,3,9,4,1,0,460,4,0,17,0,1,4,129,0,234,1,30,0,5,207,3,0,2,2,11,0,6,0,0,0,34,0,48,2,1,5,16,0,25,11,103,0,1,2,0,0,90,2,11,82,0,2,1,0,1,1,20,1,1,2,0,0,0,0,8,0,3,0,0,298,0,42,1,0,7,1,116,0,2,12,2,110,8,6,11,0,2,2,1,0,3,2,4,1,1,141,1,4,3,8,24,2
"ENSG00000229131.1",0,0,0,0,0,0,13,0,0,0,0,0,0,149,186,0,0,39,0,0,0,0,0,1,0,0,0,4,2,73,0,0,36,0,0,0,1,0,0,0,0,0,0,0,0,0,0,53,0,0,0,56,0,19,0,0,0,0,11,0,0,75,0,9,0,0,0,0,0,0,134,0,0,0,0,0,0,0,0,33,22,56,0,0,10,0,0,0,0,2,0,42,17,0,0,0,0,18,94,0,0,0,0,0,0,0,0,0,138,1,0,0,0,0,0,20,0,4,4,133,0,17,0,0,2,0,0,19,0,92,1,0,305,0,0,0,0,0,36,3,0,0,52,0,0,35,1,0,0,0,0,0,0,49,4,0,10,0,28,2,50,0,0,0,0,17,32,0,0,27,0,26,0,174,0,0,21,149,0,3,0,0,0,0,5,0,26,0,0,22,0,0,0,8,6,0,0,0,0,0,0,0,0,223,0,129,0,0,48,0,0,0,8,20,44,0,0,0,2,27,0,3,0,0,0,0,0,0,0,0,0,7,0,0,0,25,0,0,0,41,0,0,0,0,0,0,34,0,0,0,0,0,1,0,0,0,0,0,1,32,12,2,0,148,0,0,0,0,10,0,94,0,210,0,0,0,154,0,0,96,7,90,0,0,0,0,0,1,0,0,0,0,0,0,0,74,70,0,0,0,0,0,0,0,33,0,0,1,21,15,0,0,20,0,0,0,40,0,0,5,0,0,0,0,1,0,0,0,1,0,48,0,2,0,0,0,0,0,0,0,0,0,0,0,55,10,5,0,15,0,0,7,0,104,0,0,0,0,0,0,0,0,0,0,0,0,0,0,0,4,0,16,0,50,51,0,45,0,0,18,0,103,0,0,0,62,0,3,2,0,0,0,0,0,0,0,0,96,1,0,7,0,0,0,0,0,5,0,21,0,0,11,0,0,0,0,17,0,0,0,0,0,0,0
"ENSG00000229178.1",4,0,14,1,3,4,10,2,4,15,3,6,12,13,32,2,4,6,10,5,5,0,0,4,7,6,4,4,0,0,15,3,3,2,3,0,23,0,11,2,5,5,3,2,0,4,2,3,0,3,6,3,1,14,2,12,4,3,1,4,6,0,1,3,5,7,3,8,10,10,24,3,2,3,8,1,13,4,2,0,10,26,1,7,7,1,2,3,1,0,10,8,3,22,0,2,0,5,12,9,6,3,2,3,3,4,8,2,4,0,2,0,0,1,2,5,11,5,46,7,0,8,2,4,2,1,1,4,0,8,2,0,12,2,7,2,10,0,14,1,0,21,5,0,0,5,18,9,14,5,0,4,22,7,1,7,5,5,15,10,10,4,4,6,9,2,11,11,1,26,11,6,6,8,4,2,0,129,11,5,0,6,2,1,1,2,6,1,3,12,2,4,3,0,3,28,0,8,7,18,0,0,8,18,3,16,4,3,5,5,5,8,8,0,2,11,2,2,9,5,0,16,2,3,1,0,2,4,0,5,28,5,6,5,7,9,2,4,2,8,0,4,6,1,49,25,3,1,2,3,3,0,0,5,3,3,1,14,9,7,12,2,24,17,1,7,10,3,9,1,1,0,6,0,3,8,6,0,5,23,10,9,10,0,7,5,0,4,10,2,3,2,2,11,5,5,6,0,8,31,4,7,8,1,88,1,2,8,4,1,8,5,6,4,10,21,5,6,3,2,0,20,2,26,7,8,2,3,2,0,2,3,2,8,14,0,2,3,0,6,1,3,0,46,1,1,7,8,5,0,2,10,3,4,3,1,8,49,5,16,3,1,7,20,21,7,3,1,2,4,3,6,8,7,7,7,6,4,2,5,2,0,5,2,0,9,6,4,1,2,6,3,0,16,8,2,4,21,9,2,10,8,1,1,9,1,3,2,0,1,0,4,1,8,0,2,2,39,14,1,0,2,19,2
"ENSG00000229191.1",6,0,0,1,3,0,0,0,0,1,1,0,4,5,5,0,1,2,0,0,3,0,1,0,0,0,0,1,0,1,1,0,4,0,0,0,5,0,0,0,0,1,1,3,0,0,1,1,0,0,1,2,0,6,3,0,4,0,0,0,1,1,1,0,1,67,0,2,0,3,36,0,0,0,0,1,1,0,1,1,0,3,3,0,3,0,0,3,4,1,1,2,0,10,1,0,1,0,0,0,1,0,2,0,0,1,3,0,67,0,3,1,2,2,0,2,1,0,2,28,0,1,0,4,3,0,0,0,1,9,1,0,5,1,5,0,20,0,4,0,0,2,0,0,2,11,5,5,1,1,1,1,10,0,0,36,0,1,1,0,2,0,1,0,1,1,1,3,1,1,0,2,1,1,0,0,0,6,1,6,1,2,0,2,1,4,0,0,2,1,0,11,1,3,1,0,0,8,6,3,0,2,15,0,0,13,0,0,0,0,5,0,1,3,6,1,2,0,0,0,0,1,0,0,1,0,6,0,3,0,14,0,2,0,0,1,0,0,1,0,0,2,7,0,27,0,0,1,3,2,1,0,0,1,0,0,0,2,0,2,1,0,5,11,2,0,2,0,1,0,0,0,3,0,3,2,0,0,1,0,2,0,0,3,5,4,0,2,0,1,1,1,0,10,3,4,6,1,0,7,0,2,1,0,0,0,0,3,0,1,3,2,9,5,1,1,0,15,4,0,1,2,0,4,4,1,0,0,0,0,2,0,0,6,1,0,1,0,0,1,0,0,2,5,0,1,0,2,8,0,0,2,0,11,0,0,5,0,0,1,0,0,1,10,1,2,1,2,0,0,0,0,2,1,4,1,3,0,1,6,0,0,2,1,0,0,0,1,0,0,21,0,0,1,0,1,5,4,1,2,0,0,1,2,3,0,12,2,0,0,2,3,0,0,0,2,0,5,1,0,0,0,16,0
"ENSG00000229205.5",4,0,0,0,1,0,0,1,0,1,0,0,1,18,19,4,0,2,1,0,1,0,2,1,271,0,0,1,1,8,26,0,2,3,0,4,346,1,0,0,0,3,1,0,0,1,1,16,0,0,3,149,0,13,0,0,0,0,0,0,0,0,0,3,0,1,2,0,0,0,23,1,1,0,0,0,1,0,0,32,13,6,1,0,16,2,0,0,1,0,1,1,0,1,0,0,0,47,0,0,0,0,0,0,4,0,0,0,675,1,1,2,0,0,0,1,8,5,0,8,0,0,15,1,0,1,0,24,0,528,0,1,28,0,0,0,0,0,0,1,0,9,4,1,1,43,0,0,6,7,1,1,0,264,0,0,0,0,7,1,4,0,0,1,0,59,1,0,0,102,0,0,0,21,1,0,0,97,1,3,0,0,0,0,1,0,3,1,0,114,0,4,0,6,1,0,0,0,2,1,0,0,5,1209,1,3,64,9,0,1,0,1,0,61,0,16,2,0,158,7,0,9,0,0,0,4,2,0,0,0,4,8,0,0,0,0,0,0,0,3,15,1,0,0,13,1,1,3,1,0,1,1,5,2,1,0,1,0,8,0,49,0,2,2,1,0,2,1,0,0,0,0,0,2,1,0,0,1,0,6,0,1,0,0,0,0,3,0,0,1,1,1,1,2,0,24,39,0,0,0,0,0,0,0,0,0,0,1,1,2,0,2,23,0,0,0,524,2,8,1,1,2,0,7,0,0,3,0,0,3,29,0,8,3,0,1,0,0,0,0,0,0,2,0,0,3,3,0,0,0,0,1,2,0,0,1,0,1,0,0,0,0,2,5,0,1,0,0,0,0,0,43,0,0,269,0,156,2,0,0,300,13,13,6,7,1,3,0,0,0,0,0,1,1,0,0,16,4,3,0,0,0,3,0,0,0,0,0,0,0,1,0,0,0,45,1,11,1,2,4,2,1,0,1
"ENSG00000229230.3",0,7,0,1,0,0,0,0,0,5,0,1,0,1,1,6,0,0,0,0,0,31,0,0,1,0,0,1,0,0,0,0,0,0,0,2,0,0,0,0,1,1,0,0,0,0,0,0,1,0,0,0,0,0,0,0,1,0,2,0,0,0,0,0,4,0,0,0,1,0,2,1,0,10,0,0,1,0,0,0,0,0,13,2,0,1,3,0,0,0,0,0,0,0,1,0,3,0,0,1,1,2,0,0,0,0,0,1,0,0,0,6,0,3,0,17,0,2,0,0,0,0,1,0,1,43,11,0,0,0,0,2,0,4,1,7,0,20,0,0,0,0,0,2,0,0,0,0,0,0,23,10,0,0,0,0,0,0,0,0,0,0,2,0,0,3,0,0,0,1,2,0,0,0,0,0,0,0,0,0,6,0,1,0,0,1,1,1,0,0,0,0,0,0,0,0,0,0,5,0,0,0,0,0,4,0,0,0,1,3,1,0,0,0,0,0,0,2,0,0,6,0,0,0,0,2,0,0,0,0,1,1,0,1,1,0,0,0,0,0,0,1,0,0,0,0,0,0,0,0,7,0,5,0,5,0,5,0,0,1,1,2,0,0,0,0,0,0,1,19,0,2,0,1,0,1,0,0,0,0,0,0,0,16,0,0,5,0,0,0,2,0,0,0,1,0,0,1,1,1,0,0,1,7,0,23,6,1,0,0,0,0,0,0,17,0,3,0,3,1,1,0,3,0,0,1,2,0,0,5,0,0,0,0,66,27,0,0,0,0,4,1,0,0,1,0,2,0,0,1,46,0,0,0,0,1,0,1,0,5,1,1,4,0,0,1,0,0,8,0,0,0,0,0,1,0,0,6,0,0,0,2,0,0,0,0,0,0,0,0,0,0,0,0,0,0,2,0,0,2,0,0,0,0,2,1,1,0,0,5,0,0,0,1,0,0,0,0,0,11,2,0,0,0
"ENSG00000229258.6",0,0,0,0,3,3,0,0,0,0,0,1,0,2,9,2,3,3,8,0,1,1,3,0,0,0,0,4,0,0,5,0,2,1,0,0,0,1,4,1,0,0,1,0,1,3,0,6,0,2,1,2,0,2,0,10,0,5,2,0,0,1,2,0,1,12,1,0,2,1,2,4,2,1,0,0,4,3,0,0,2,4,0,2,5,2,0,0,0,0,4,4,11,0,1,0,0,1,1,0,1,1,0,0,0,0,3,0,0,2,2,1,0,1,1,0,7,8,14,3,0,2,0,0,3,0,0,1,6,0,2,1,8,0,0,1,4,0,1,1,0,7,0,1,4,0,0,13,0,0,0,0,2,5,0,1,1,5,2,1,1,5,1,8,0,0,2,1,0,4,1,0,3,5,0,0,2,3,0,3,0,0,1,2,1,0,5,2,5,0,0,0,4,4,1,4,0,5,0,1,0,1,4,9,0,2,0,0,3,1,0,6,1,2,1,0,0,2,0,5,0,2,2,1,0,0,1,2,4,2,1,0,0,3,6,1,1,0,0,2,0,2,0,0,11,7,0,0,1,3,0,2,0,0,1,2,0,0,2,3,0,0,7,2,0,0,5,1,6,0,2,0,1,0,0,1,3,0,1,1,0,2,1,0,1,0,0,1,7,4,0,2,1,2,0,0,2,0,0,2,1,0,0,0,11,2,0,1,10,1,5,11,2,1,0,1,2,5,0,2,4,3,0,18,0,2,0,2,0,1,1,1,0,0,3,0,7,0,0,0,0,0,1,3,1,0,1,0,0,0,1,1,1,4,2,0,4,1,0,0,3,0,0,10,1,2,2,5,1,0,1,6,2,0,3,0,4,1,0,3,1,0,8,1,1,2,21,5,0,1,9,4,0,3,4,3,2,5,1,0,0,3,3,1,0,0,3,7,0,1,0,0,2,0,0,0,1,0,4,0,0,0,0,0
"ENSG00000229393.1",0,0,3,4,3,0,0,28,1,0,0,0,1,2,1,0,9,0,3,1,0,0,0,1,13,0,0,2,0,1,1,0,2,22,0,4,6,0,0,2,0,0,0,0,0,0,0,1,0,1,0,2,0,0,1,1,0,0,0,0,0,2,0,1,3,0,11,0,0,0,1,4,0,0,0,0,0,8,0,1,5,12,0,1,0,2,0,0,0,0,29,0,0,0,0,0,0,1,0,1,1,1,0,0,1,1,0,0,1,0,0,1,7,5,0,0,1,0,0,0,0,2,0,0,0,1,0,2,0,1,5,2,3,1,4,0,6,0,0,14,0,0,0,0,5,1,5,2,1,1,1,2,0,2,1,0,0,1,0,0,0,0,8,10,0,2,7,1,0,1,0,27,0,0,0,5,1,1,4,0,0,0,2,3,3,1,0,7,7,32,3,1,3,0,1,0,1,0,0,49,1,0,0,4,0,0,0,6,0,4,12,0,0,0,4,3,0,0,1,9,0,0,0,10,1,1,0,1,0,0,2,2,2,3,0,0,1,0,0,2,0,2,1,22,1,0,1,0,2,1,0,0,0,9,0,0,0,0,0,6,0,20,0,0,4,13,0,0,0,0,0,0,0,0,1,0,0,0,0,7,4,0,0,0,1,0,0,0,0,3,0,4,1,0,0,0,4,1,0,1,3,0,0,1,0,2,0,2,4,0,0,0,6,33,11,3,1,1,1,2,0,6,0,0,0,4,0,0,0,0,0,0,2,0,8,0,0,0,0,0,0,0,1,0,0,0,0,0,0,0,0,0,0,0,0,2,0,1,0,0,5,0,0,0,0,1,3,0,0,0,0,1,0,0,5,0,1,0,7,33,6,1,19,0,2,0,3,1,0,1,2,0,0,0,1,0,24,0,2,0,0,0,6,0,1,4,0,0,0,0,5,1,6,0,5,3,3,0,1,0,0,8,0,0
"ENSG00000229404.6",0,0,0,0,0,0,0,0,0,0,0,0,0,8,5,0,1,4,0,0,0,1,0,0,8,2,11,10,5,9,0,5,1,0,3,0,0,0,0,0,0,0,0,0,1,0,0,0,0,0,0,4,0,17,0,0,0,0,0,0,0,15,0,4,0,0,0,0,0,0,11,0,0,0,0,0,0,0,43,1,26,11,0,0,9,0,0,41,0,0,0,5,0,0,0,0,0,3,82,0,0,0,0,0,0,1,0,0,87,1,0,0,0,7,0,0,0,1,22,20,0,14,0,0,0,0,0,2,0,1,0,0,2,0,0,0,0,0,9,0,0,1,34,0,0,17,0,0,6,0,0,0,0,7,0,0,0,0,35,21,0,0,0,0,0,7,1,0,0,6,11,0,0,36,0,0,0,14,1,0,0,0,0,0,34,0,13,0,0,43,0,0,0,13,1,10,0,0,0,0,0,0,15,108,0,21,0,0,0,1,0,13,0,3,3,0,11,0,11,0,0,0,0,0,0,0,0,44,0,0,0,1,0,1,0,0,0,0,0,4,1,0,0,0,0,77,0,0,0,0,0,0,0,0,1,0,0,0,29,51,20,3,0,5,0,0,0,0,3,0,1,0,18,0,0,0,50,1,0,3,2,11,7,0,0,0,0,0,12,0,1,0,0,0,0,32,29,0,0,0,0,23,13,0,30,0,0,0,1,3,0,21,0,0,0,0,4,0,0,6,0,0,0,1,0,0,0,1,1,1,69,0,0,0,36,0,0,1,0,0,0,0,0,0,40,0,19,0,18,0,4,1,0,5,0,1,0,0,0,0,7,0,0,0,0,0,2,5,0,0,0,14,3,10,27,0,27,0,0,0,6,22,0,0,0,0,0,5,1,0,2,0,0,0,0,0,0,99,0,0,0,1,0,0,1,0,10,10,5,0,1,0,0,0,0,0,10,2,2,0,0,0,0,2
"ENSG00000229544.9",1,0,0,0,0,8,0,1,0,0,0,0,38,2,0,0,0,1,0,1,0,1,3,0,0,0,0,1,3,0,0,0,1,0,1,2586,0,0,0,0,0,1,3,26,0,0,1,0,0,0,0,4,0,1,0,0,0,0,0,0,0,0,0,0,0,1,0,1,0,408,1,1,0,0,0,0,0,0,1,1,8,0,91,3,0,0,0,0,57,0,0,3,0,0,40,0,2,0,53,0,0,0,0,0,0,2109,0,2,11,13,0,0,28,0,0,5,2,0,0,2,0,0,0,0,0,0,0,0,50,0,0,0,1,0,0,2,0,0,2,0,0,0,9,0,0,0,0,1,1,1,0,0,5,0,0,0,0,0,3,0,0,0,0,0,0,0,0,4,0,0,0,0,0,1,0,0,0,94,1,0,1,4,0,0,0,0,1,0,0,0,0,0,0,0,0,1,0,0,69,63,0,0,2,0,0,1,0,0,0,0,0,0,0,0,1,0,0,0,2,1,1,0,1,0,0,0,14,0,0,2,1,0,0,2,0,0,0,2,0,0,27,0,0,7,0,0,0,3,1,0,0,0,0,0,1,0,5,0,2,0,0,0,11,13,0,1,0,0,1,0,0,0,0,0,0,0,1,1,0,0,0,148,0,0,3,0,0,1,1,0,0,0,1,0,18,1,0,2,5,0,0,3,0,0,0,0,0,0,0,13,2,0,0,0,0,0,0,0,654,0,0,0,0,0,0,0,0,787,0,0,4,0,0,18,12,0,0,1,1,37,0,0,0,0,1,0,10,22,20,0,0,49,0,0,0,0,4,0,3,1,1,1,0,1,0,0,0,3,1,0,0,0,1,17,2,0,1,0,0,4,0,1,0,0,0,0,1,1,0,0,8,0,0,0,0,0,36,11,9,0,0,1,3,0,0,1,4,0,0,50,0,0,0,0,0,0,0,19,3,7,1,0,0,0
"ENSG00000229558.2",0,0,0,1,0,0,0,0,0,0,0,0,0,0,5,0,0,0,0,0,0,0,0,2,3,0,0,0,0,3,0,1,1,298,0,0,504,0,0,0,0,1,0,0,1,0,0,0,1,1,0,33,0,1,0,0,0,0,0,0,0,0,0,2,0,0,0,1,0,0,7,0,0,0,0,0,5,0,0,1,72,43,1,0,79,0,0,13,0,0,2,90,0,0,0,0,0,2,0,0,0,0,0,0,0,0,0,0,2,0,0,0,0,0,0,0,0,0,0,7,1,32,1,0,0,0,8,2,0,0,1,0,1003,0,0,0,0,0,0,0,0,0,2,0,0,1,0,0,0,0,0,0,0,2,0,0,0,0,0,2,13,0,1,0,0,0,0,0,0,0,0,0,0,1,0,0,0,2,2,1,0,0,0,0,1,0,0,0,0,1,0,5,0,64,13,0,0,0,0,0,0,0,0,1818,1,7,0,0,149,0,0,0,2,0,2,1,0,0,26,1790,0,1,0,0,0,0,0,0,0,0,0,0,0,0,1,203,0,1,0,0,0,0,0,0,0,1,0,0,0,0,0,1,0,0,0,0,0,0,3,0,68,971,0,0,0,0,0,0,0,0,0,0,1,0,0,2,0,0,0,0,1,0,0,0,0,0,0,0,0,1,1,0,0,0,0,2,0,0,1,0,0,0,0,0,0,0,0,2,0,0,0,0,0,0,0,0,0,2,0,0,2,2,0,0,2,0,0,0,1,0,385,0,79,0,0,0,0,0,0,1,0,0,0,0,0,202,0,0,0,0,0,1,1,9,0,0,1,5,0,0,0,0,0,0,0,0,0,0,0,0,0,0,0,1,42,1,1135,0,0,0,45,1160,1,0,1,0,0,1,0,0,0,0,0,0,1,0,7,0,3,0,0,0,1,0,3,0,1,0,1,0,0,0,0,0,4,0,0,3,0,0,0,1,3,0
"ENSG00000229588.2",5,0,0,7,1,0,0,0,0,7,0,0,0,6,4,0,1,0,0,1,4,0,5,0,0,0,1,1,0,2,1,4,1,1,0,1,0,0,0,4,0,5,2,0,0,5,4,0,0,0,0,2,0,1,0,1,2,0,0,0,0,0,0,1,0,0,0,0,0,3,1,8,1,0,0,0,0,4,0,1,0,1,0,9,1,1,4,0,6,0,5,1,0,11,0,0,1,3,0,1,2,0,6,0,0,1,1,0,4,0,1,1,7,2,0,0,0,0,0,0,0,1,0,5,1,0,1,2,0,4,2,0,4,6,3,0,0,0,0,0,0,1,5,0,7,2,1,2,1,0,0,0,0,0,3,0,0,1,0,3,2,0,0,2,1,1,2,0,0,0,0,1,1,0,4,1,2,0,7,0,0,0,2,1,0,1,1,0,0,0,0,5,1,3,1,0,0,0,0,0,0,0,15,0,0,0,1,1,10,0,2,0,1,0,2,0,1,1,2,3,0,0,0,0,1,0,0,1,4,0,0,2,11,2,0,2,0,0,1,1,1,5,0,0,4,1,1,0,0,1,0,0,1,0,0,1,1,7,1,0,2,0,1,0,0,0,4,1,4,0,7,0,1,0,3,0,1,0,0,1,0,2,0,0,0,0,0,4,1,2,3,0,5,0,0,0,0,0,1,0,1,1,2,0,0,5,0,0,0,0,0,0,0,0,1,4,1,1,10,3,10,1,0,0,4,2,2,0,1,0,0,2,7,0,0,0,3,0,0,0,0,1,4,0,1,0,0,0,0,0,0,1,0,0,0,0,0,2,0,0,0,2,1,1,0,0,0,0,0,1,0,4,0,0,0,0,1,0,0,1,0,1,0,7,1,0,2,1,0,0,1,0,0,3,0,3,1,0,3,0,0,0,4,0,4,0,0,0,0,19,3,3,3,0,3,0,2,1,0,0,0,0,0,0
"ENSG00000229618.3",2,0,1,1,1,1,1,2,0,1,0,1,3,116,76,0,0,2,0,3,2,6,2,2,0,0,0,2,0,1,0,15,1,1,0,17,9,0,0,0,0,1,0,4,1,0,2,2,1,0,0,59,3,2,0,0,1,0,0,0,0,7,0,0,1,0,1,7,1,0,3,2,3,0,0,1,0,0,0,1,36,149,8,0,0,1,2,0,6,0,0,3,1,3,0,0,4,10,4,4,3,0,1,0,3,1,2,0,28,0,0,4,2,4,0,0,1,24,0,1,3,2,0,2,1,0,0,0,1,2,1,1,146,0,0,1,0,0,2,0,1,4,15,1,5,7,6,0,0,0,0,0,0,1,0,0,0,1,1,5,1,2,1,0,0,24,3,1,0,3,0,0,3,43,1,0,0,1,1,2,0,0,1,0,3,1,0,0,2,2,0,1,1,0,0,0,0,5,0,2,0,0,0,11,0,142,0,0,0,1,0,0,3,3,1,0,0,0,4,1,1,3,0,1,0,0,2,1,0,1,0,0,1,1,0,2,1,0,0,0,0,3,1,0,1,2,1,2,7,1,0,0,0,2,1,2,1,3,2,87,1,2,0,6,0,1,0,2,0,0,4,0,132,0,0,0,7,0,0,3,3,2,1,0,0,0,0,0,0,0,2,1,0,1,1,46,5,1,0,0,1,0,4,1,8,0,0,2,0,449,6,0,1,1,6,1,14,0,4,2,2,1,0,0,2,0,1,1,4,0,26,1,2,1,6,0,1,5,0,10,1,5,3,0,1,0,0,0,2,0,0,2,0,9,1,1,0,3,0,0,19,1,2,10,5,1,0,3,0,1,0,4,1,19,3,1,14,0,0,0,0,82,4,0,0,1,0,4,0,1,2,0,1,0,1,0,1,8,0,1,3,1,3,1,9,4,2,5,0,3,1,0,0,1,1,0,4,2,1,2,0,2,4,3
"ENSG00000229635.1",2,0,0,3,3,1,0,4,4,5,0,6,13,7,10,0,5,4,9,6,2,0,2,2,3,5,5,6,2,5,10,18,5,2,11,5,2,0,3,6,0,2,17,11,6,0,2,1,0,1,4,9,0,10,3,7,0,5,5,6,5,2,2,6,1,6,1,8,5,1,37,4,5,0,0,1,41,7,7,4,17,46,22,2,3,4,1,2,2,0,6,10,3,0,3,0,5,8,4,0,3,0,2,0,1,10,4,1,24,7,1,1,0,5,7,2,13,2,4,15,0,5,1,3,2,2,3,1,5,5,4,1,6,2,4,2,6,1,4,2,0,7,3,1,6,4,5,5,8,3,0,2,2,3,1,4,3,3,3,2,2,2,2,0,3,6,15,5,8,16,6,8,3,11,3,3,3,12,5,6,0,1,0,2,5,0,5,0,7,5,1,12,19,3,2,3,1,4,0,6,1,5,5,12,1,1,6,8,0,1,1,6,9,5,22,0,1,2,3,6,0,2,0,1,1,0,10,17,0,1,10,1,5,6,1,4,1,0,0,4,0,6,10,2,1,6,1,0,1,2,0,2,0,7,2,1,1,1,2,11,6,12,9,14,0,4,6,0,6,0,4,0,1,1,5,5,4,1,12,1,8,1,3,0,2,2,0,2,5,3,5,7,5,11,9,2,7,1,4,3,3,4,7,1,1,0,0,2,3,3,13,6,4,5,2,26,11,7,3,3,4,15,0,21,1,9,3,5,1,0,17,4,1,4,4,0,5,9,9,0,1,8,3,0,3,1,0,3,5,0,0,3,1,8,2,2,2,7,19,0,5,1,8,8,3,1,0,2,0,1,5,5,0,3,7,2,0,0,5,3,0,6,8,1,0,2,7,2,3,0,3,5,0,2,1,4,11,1,5,0,5,1,6,7,4,6,4,3,0,1,2,0,1,0,5,2,3,4,23,1,1,0,0,1
"ENSG00000229672.3",0,0,3,0,3,3,4,2,0,1,0,10,1,43,24,0,0,2,1,1,1,2,13,2,21,1,1,11,3,6,0,0,14,0,38,0,32,0,0,0,0,0,0,0,0,0,3,6,2,0,0,25,2,11,0,0,0,3,19,2,0,28,0,1,13,1,6,0,1,3,69,2,3,6,0,1,3,0,20,9,29,23,1,0,82,0,0,1,2,3,2,2,17,1,1,0,0,7,18,0,1,0,0,0,1,0,4,0,44,0,2,7,1,9,0,8,0,29,7,114,0,1,0,0,5,0,2,6,10,1,1,0,16,0,0,2,0,0,36,19,1,4,25,1,1,26,1,0,3,0,0,2,0,60,4,0,0,1,0,43,2,1,3,1,0,29,21,1,1,2,0,25,0,100,0,0,0,3,2,5,0,0,0,24,17,2,64,0,0,2,1,0,1,27,5,22,1,1,0,1,0,13,0,4,0,10,5,1,5,19,0,1,2,63,34,0,0,0,7,3,0,5,0,0,1,0,0,0,0,3,3,9,0,1,9,8,0,0,1,6,3,0,1,0,0,1,11,6,3,0,0,1,3,21,0,8,1,0,0,21,42,41,0,48,0,0,0,1,51,1,4,2,16,0,0,1,2,0,0,11,42,10,0,0,0,0,0,0,0,0,2,1,3,5,5,39,49,1,20,6,1,0,15,0,4,0,0,4,3,34,7,0,4,3,1,0,7,2,1,16,0,3,2,1,4,9,0,0,0,0,20,0,19,0,10,0,0,1,1,0,1,6,2,0,40,4,0,0,3,1,4,7,0,41,0,2,1,0,0,0,11,0,1,0,1,0,0,6,0,7,44,1,1,0,91,0,84,1,1,6,6,1,0,1,0,0,0,5,1,1,1,0,0,1,4,9,3,13,5,0,0,0,0,0,1,0,2,35,0,1,1,5,0,2,2,8,9,1,1,0,1,1,0,0
"ENSG00000229676.3",1,0,6,0,37,6,0,2,0,1,0,1,0,69,14,3,3,31,0,5,1,2,1,4,11,0,0,44,1,2,36,1,11,3,2,5,0,0,0,0,0,27,7,0,5,0,1,5,1,0,2,83,1,22,0,1,1,0,125,0,0,49,0,41,0,45,3,0,2,4,33,2,1,0,1,3,28,0,1,19,63,5,1,2,9,0,0,0,6,0,0,23,9,1,0,0,2,32,6,0,0,4,0,1,0,1,17,0,90,1,1,0,7,48,1,12,2,9,5,57,0,1,0,0,2,0,1,10,34,62,1,3,99,1,1,3,1,0,45,0,2,1,2,2,3,1,1,18,0,0,0,2,1,30,0,0,5,2,18,50,5,1,1,3,0,58,17,2,3,232,0,3,1,341,0,0,2,1,1,5,0,3,0,2,1,1,17,3,11,133,1,3,1,45,6,14,0,0,1,1,6,4,1,196,0,35,0,3,2,0,4,0,46,9,2,0,0,0,5,6,0,7,1,0,2,1,5,1,0,1,0,1,3,2,1,2,0,1,2,1,8,0,0,1,23,1,31,1,0,2,0,0,1,0,2,1,2,1,1,2,173,10,10,73,0,3,3,3,118,3,25,1,38,1,3,0,42,0,0,35,70,2,2,2,1,12,0,0,1,0,3,1,1,0,2,6,1,3,1,3,14,0,73,2,2,1,2,0,11,18,0,2,2,2,14,61,112,14,6,1,26,1,3,2,1,1,1,1,6,1,30,3,1,1,9,0,0,1,0,0,0,1,2,0,136,28,0,0,26,0,0,2,2,104,1,2,3,2,3,0,0,2,1,0,2,0,0,40,2,4,0,1,0,9,134,0,78,1,0,51,2,29,3,0,0,8,4,15,2,1,2,2,1,6,0,1,23,21,7,1,1,2,2,0,1,4,1,0,2,2,2,0,3,3,0,0,40,2,17,1,2,0,0,2
"ENSG00000229703.6",0,0,0,4,1,0,0,0,0,0,0,2,0,176,117,5,0,34,0,0,0,0,2,4,39,0,0,31,0,6,1,8,18,16,0,0,52,0,14,10,0,0,0,0,1,0,0,28,1,1,0,16,1,42,0,4,1,0,28,1,0,1,0,4,0,0,1,0,0,0,325,0,1,0,0,0,0,0,1,8,46,204,0,0,82,0,0,20,0,0,1,54,16,0,2,0,0,10,50,0,0,0,2,2,0,0,11,0,2,0,1,2,0,36,0,12,0,15,2,7,0,33,0,1,3,0,2,8,0,2,2,0,112,0,0,0,0,0,3,30,0,0,0,2,0,12,0,0,0,0,0,0,6,73,1,0,1,0,0,37,32,0,0,0,0,0,0,1,0,173,0,12,9,139,0,0,0,15,2,0,0,0,0,7,131,0,35,2,0,94,8,0,1,33,25,1,0,0,0,0,8,0,0,28,0,231,2,0,70,2,0,0,1,30,25,0,0,18,20,43,0,9,0,2,0,1,8,5,1,0,0,4,0,11,4,17,0,1,2,1,0,0,0,0,1,0,9,0,0,0,0,1,0,1,3,1,0,0,5,3,137,11,0,69,0,0,0,0,24,0,11,0,89,0,0,0,0,1,0,110,1,6,0,0,6,2,0,0,0,1,1,0,0,5,0,0,19,0,1,0,0,2,8,0,3,0,0,0,31,68,14,0,8,1,0,17,9,0,0,9,0,0,0,1,0,0,1,23,7,0,68,0,10,0,0,0,7,0,0,0,0,0,3,0,219,3,3,0,0,0,1,2,1,287,0,0,1,0,0,0,0,6,3,0,0,1,6,0,0,5,0,2,0,8,343,18,11,0,0,0,56,64,7,0,0,5,3,6,1,0,0,0,0,0,0,1,4,0,4,0,0,0,0,0,0,0,1,3,10,0,0,0,0,0,32,0,32,0,0,0,0,12,0,0
"ENSG00000229876.1",1,0,0,0,0,0,50,0,0,0,0,0,0,109,3,0,0,0,0,1,0,0,0,0,16,0,0,23,5,44,0,1,0,0,6,0,58,0,0,1,0,0,0,0,2,0,0,0,1,1,0,38,0,79,0,0,2,1,1,0,0,61,0,9,0,1,0,0,0,0,150,1,4,0,0,0,1,0,85,5,130,56,0,0,5,0,0,24,2,0,0,31,0,12,0,0,0,17,0,0,0,0,0,0,1,0,0,0,17,0,0,0,0,1,0,1,0,0,12,130,0,77,0,3,1,0,1,79,0,3,1,0,196,0,0,0,0,0,171,3,0,2,20,2,0,1,1,2,1,0,0,0,0,99,0,0,2,0,1,86,14,0,3,0,4,14,0,2,1,78,0,0,0,79,1,0,0,2,0,28,0,0,1,0,79,0,74,0,0,59,0,0,0,46,48,0,0,0,0,0,5,0,0,139,0,259,1,0,35,0,0,0,28,7,36,1,0,0,1,11,0,114,6,0,0,0,0,0,8,0,0,0,1,1,0,3,0,0,0,5,0,2,0,2,1,0,19,0,0,1,0,0,0,2,0,0,0,0,0,111,43,1,0,132,0,0,1,0,45,0,13,0,193,0,0,0,57,0,0,24,17,0,57,0,0,0,0,0,2,0,1,0,0,0,0,56,103,0,0,0,0,0,11,0,19,0,0,0,49,98,0,1,0,0,0,0,51,1,0,0,0,0,0,0,2,0,0,0,1,0,167,0,0,0,52,0,0,1,0,0,0,2,5,0,92,41,0,0,18,0,0,3,1,96,0,0,0,0,1,9,46,0,0,0,0,0,1,1,0,0,0,0,18,25,90,0,60,0,0,2,0,75,0,1,0,0,0,3,2,0,0,0,0,0,0,0,46,103,0,0,4,0,0,1,18,0,1,86,4,1,0,4,0,0,71,0,39,0,1,0,0,0,0,0
"ENSG00000229915.1",1,1,1,0,1,0,0,1,2,4,10,3,0,8,1,7,0,0,0,2,5,5,1,1,1,0,2,4,0,3,6,1,2,3,0,1,3,0,23,4,0,3,2,2,7,0,0,0,8,3,0,11,4,0,0,0,2,5,0,0,6,0,4,1,11,0,2,2,2,0,6,2,0,4,0,0,5,2,2,0,2,0,0,1,1,0,0,0,2,0,1,0,0,0,1,1,0,0,1,0,3,16,2,2,1,2,0,12,0,2,4,7,1,1,1,0,4,1,1,2,0,0,1,16,0,2,4,0,2,3,1,26,0,1,0,4,6,2,2,1,3,1,1,7,2,0,45,0,3,7,7,3,0,2,3,1,0,6,0,1,0,1,0,2,0,0,3,5,1,0,0,1,2,2,0,2,1,0,6,0,10,3,3,3,1,1,2,0,1,0,1,0,0,0,5,1,0,0,6,0,3,3,2,0,3,1,3,3,1,0,0,2,2,1,2,3,0,0,3,4,84,1,1,2,3,29,6,2,2,4,2,4,1,2,0,2,1,1,3,1,7,0,3,3,0,0,0,2,0,0,0,0,4,1,2,1,5,0,0,1,0,1,0,1,55,2,0,10,1,4,0,4,0,2,0,5,0,9,1,1,0,0,0,2,9,0,2,0,3,0,2,1,0,1,2,7,1,0,5,2,2,0,2,11,0,0,0,0,4,0,1,0,4,1,2,1,0,2,9,1,3,2,3,1,1,1,5,1,1,1,3,4,0,4,5,9,0,1,1,1,5,3,1,2,1,0,0,3,0,6,2,13,3,1,0,9,1,3,1,2,1,13,3,2,3,0,0,7,2,1,1,1,0,2,0,4,7,4,0,0,6,0,2,0,9,0,0,1,1,0,4,3,1,1,2,1,3,5,27,13,4,0,0,1,2,0,0,1,0,4,1,3,1,1,0,1,0,24,2,8,0,0,2,84
"ENSG00000229950.1",47,0,5,4,47,1,64,1,2,65,1,29,21,73,58,0,11,2,0,6,0,1,0,0,1,0,2,22,2,4,6,12,1,2,2,2,0,4,24,6,15,52,12,7,2,11,0,1,0,0,11,0,2,10,2,4,0,1,19,15,4,18,0,14,1,19,1,7,1,17,6,5,25,0,0,0,20,0,1,38,15,27,4,13,5,3,0,0,2,2,7,1,9,100,2,0,3,52,1,2,0,0,103,3,1,0,2,0,123,25,0,3,1,0,2,2,49,21,3,0,2,5,0,0,1,0,0,1,1,60,1,0,3,1,1,0,1,0,1,3,1,128,6,0,21,30,72,0,1,9,2,0,3,0,0,4,4,1,9,21,13,3,44,0,18,10,37,39,2,61,11,11,2,8,8,0,12,0,24,60,0,0,14,3,0,0,0,28,9,2,3,3,328,2,10,0,1,24,0,3,1,0,3,52,0,2,1,13,33,0,0,7,25,12,3,27,9,0,0,3,0,24,0,3,0,1,22,94,4,2,23,58,3,17,1,105,0,0,1,5,0,3,5,1,84,1,6,18,5,1,2,10,0,40,4,1,0,5,65,3,2,3,26,5,1,1,29,1,145,0,0,0,2,0,0,0,2,1,0,15,51,32,3,0,0,0,0,7,56,8,0,9,1,11,32,9,5,2,0,73,3,0,1,0,4,2,13,12,2,1,1,1,0,6,2,53,72,10,1,0,20,64,0,12,2,11,0,2,9,1,1,8,3,7,0,1,37,0,0,0,0,1,53,23,1,41,0,7,26,1,0,34,2,1,4,1,3,70,3,0,8,0,1,47,40,25,16,0,9,30,81,4,8,6,33,0,0,0,1,54,31,11,80,8,1,8,8,0,3,1,20,1,1,2,0,0,39,0,25,0,4,3,7,0,32,9,5,7,3,1,2,11,4,0,0,0,9,115,151,3,0,0,2,0
"ENSG00000229953.1",36,2,0,170,5,12,14,241,72,36,1,75,7,71,65,34,19,6,16,6,53,0,25,66,34,6,0,46,42,101,370,198,385,19,71,44,151,61,34,72,0,139,13,91,7,6,111,113,5,0,21,192,20,22,11,119,8,2,53,42,1,75,109,3,20,3,0,125,393,5,55,47,79,1,1,3,1,66,43,103,49,40,61,202,18,33,46,0,38,22,49,133,4,77,1,0,2,3,40,9,63,0,59,0,63,93,11,4,16,0,82,3,27,35,6,69,52,0,239,130,40,62,1,317,123,1,6,17,4,145,50,1,9,71,135,2,60,7,49,46,2,34,91,5,86,107,108,18,103,158,1,2,0,5,30,135,73,23,94,12,49,148,92,7,24,62,113,153,2,22,3,102,63,3,34,16,327,108,28,87,0,1,1,210,2,92,0,34,179,25,145,1,33,124,10,2,6,237,31,188,111,178,3,14,3,115,0,80,21,164,81,11,46,121,4,128,52,22,19,288,1,25,1,176,20,0,0,49,14,47,107,151,58,105,11,64,0,34,70,146,165,147,1,193,18,139,61,2,156,34,21,32,14,21,0,11,0,10,93,8,40,36,2,14,3,100,241,4,105,5,120,5,119,0,67,4,68,1,0,10,22,38,21,0,23,4,1,112,10,125,21,186,2,216,3,216,135,5,39,149,139,2,3,15,2,52,0,103,113,5,4,10,144,316,220,196,75,16,68,40,27,120,2,8,195,80,16,15,1,1,416,2,62,0,542,2,147,557,2,20,2,90,123,18,17,56,25,13,3,3,7,37,51,197,85,9,154,129,12,18,100,35,65,27,284,27,22,8,5,54,4,258,15,40,121,1,215,9,21,38,0,2,122,71,62,138,12,214,14,2,3,79,13,4,2,15,144,34,40,3,52,0,50,68,3,0,52,11,6,15,14,19,17,53,177,79,5,2,2,14,0,1,45,11
"ENSG00000229970.3",0,0,0,0,0,0,0,0,0,0,0,0,0,55,15,0,0,7,0,0,0,0,0,0,24,0,0,4,0,0,12,0,7,0,13,0,7,0,0,0,0,0,0,1,0,0,0,1,0,0,0,32,0,10,0,0,1,0,0,0,0,44,0,0,0,0,18,1,0,0,50,0,0,0,0,0,26,0,10,6,35,36,0,0,27,16,0,4,0,0,0,0,0,0,0,0,0,0,0,1,0,0,0,2,0,1,0,0,45,0,0,0,0,2,5,0,0,0,19,70,0,16,0,0,0,0,0,0,0,2,0,0,31,0,0,1,0,0,17,0,0,1,0,0,0,46,0,0,7,0,0,0,0,10,0,0,0,0,17,31,0,0,0,0,2,10,10,1,0,4,1,0,0,84,0,4,0,15,2,0,0,13,0,0,24,0,22,0,4,7,0,0,0,24,19,4,0,0,0,0,0,1,0,14,0,25,0,0,0,0,0,2,3,23,24,2,0,0,22,2,0,0,0,0,0,0,2,0,0,0,0,0,0,0,0,0,0,0,0,0,0,0,0,0,2,4,0,1,0,0,0,3,0,0,0,0,0,0,0,35,7,1,0,8,0,5,0,0,26,0,8,0,3,0,0,0,0,0,0,1,0,2,0,0,1,0,0,0,0,0,1,0,0,0,0,50,50,1,0,1,0,6,14,0,0,0,0,3,37,28,1,0,0,0,0,1,26,2,0,1,1,1,0,2,1,0,0,0,1,0,40,0,0,0,1,0,0,0,0,0,0,0,0,0,24,3,0,0,1,0,0,0,0,32,0,0,0,0,1,0,35,0,0,0,1,0,0,1,0,0,0,0,1,1,14,1,10,0,0,0,6,9,0,0,0,0,1,0,0,0,27,0,0,0,0,0,51,30,0,0,0,0,0,0,6,0,42,58,0,0,0,1,0,0,0,0,0,0,12,0,0,0,2,0
"ENSG00000230104.1",0,0,6,11,0,1,0,0,0,0,0,0,0,6,0,3,2,1,0,0,1,0,4,1,5,0,1,0,0,1,3,0,6,131,13,7,0,1,0,1,0,0,0,2,0,0,3,0,1,0,0,0,0,1,16,0,0,0,2,0,2,8,0,0,0,1,0,0,0,2,1,8,1,1,1,1,2,3,1,1,20,1,13,2,1,1,3,0,3,0,1,4,0,49,0,0,0,0,1,2,1,0,11,0,0,2,4,0,15,0,1,0,0,4,0,4,0,0,0,31,0,4,4,3,0,0,2,0,0,5,0,0,5,6,0,0,0,1,0,0,0,0,1,1,0,14,0,2,0,0,0,0,1,1,15,0,1,2,0,0,0,1,3,0,0,0,3,0,0,6,1,0,4,11,0,0,0,3,2,0,0,74,3,0,0,0,0,4,0,0,0,0,1,2,10,1,0,4,0,0,0,60,0,9,0,42,8,15,0,2,0,1,2,3,0,0,1,0,4,13,0,0,0,0,1,0,10,2,1,0,1,0,1,1,0,82,3,1,0,1,1,2,0,0,0,0,0,0,1,0,0,0,2,5,0,1,0,1,7,15,0,0,2,1,0,1,0,0,0,1,0,0,0,0,0,0,2,2,0,0,0,14,0,3,0,0,1,0,0,8,0,2,0,1,6,90,0,0,59,0,0,0,0,0,0,0,1,0,1,0,0,1,0,8,2,2,2,1,0,0,12,0,0,0,7,2,0,6,29,1,0,0,1,0,0,0,1,3,1,0,1,8,3,1,4,0,0,3,2,1,3,12,2,1,3,5,1,0,0,0,1,0,3,11,0,1,29,0,0,1,0,0,6,0,1,5,6,0,24,0,13,1,0,0,0,0,1,0,1,0,0,0,0,0,0,0,33,0,0,0,0,0,0,0,7,0,6,0,0,3,2,0,1,1,34,1,0,0,1,1,1,2,3,0
"ENSG00000230131.6",19,0,1,0,6,1,0,0,0,1,1,1,2,3,3,0,0,0,0,3,0,0,0,0,1,0,0,0,0,9,0,7,1,0,2,5,2,0,2,3,0,1,11,0,1,0,3,1,0,1,0,4,1,6,0,0,0,2,0,2,0,2,0,0,0,1,1,0,10,2,2,1,0,0,0,0,35,2,3,0,4,0,48,1,0,0,1,0,3,1,7,1,1,17,0,0,1,0,4,0,0,0,17,0,1,4,1,0,13,2,3,0,3,1,3,1,7,2,11,0,0,1,0,0,2,0,2,0,0,7,0,1,0,1,0,0,2,2,6,0,2,2,5,1,7,1,24,4,0,0,0,0,0,0,1,0,0,14,2,2,0,0,2,2,6,4,18,32,0,2,0,4,0,1,0,1,3,0,0,0,0,1,0,0,0,0,0,0,0,0,0,1,6,1,0,0,0,7,0,4,0,0,1,12,0,0,0,0,4,0,2,1,109,2,8,0,0,0,7,2,0,0,11,0,1,0,0,0,0,0,3,0,1,0,0,0,0,0,1,0,0,0,0,1,4,4,0,4,2,0,0,0,0,0,0,0,0,0,2,1,0,0,3,3,0,0,5,0,0,0,0,0,1,0,2,0,19,0,0,0,0,3,0,0,1,1,0,0,11,0,3,0,1,1,2,4,6,1,1,0,0,0,10,0,2,0,1,0,0,1,3,2,1,0,1,0,1,5,9,1,1,2,0,2,0,0,0,0,3,0,0,3,7,0,11,0,1,11,0,0,0,0,4,0,4,0,0,10,0,0,0,95,1,1,0,0,3,8,21,1,0,0,0,3,1,1,0,13,0,1,0,4,1,0,0,0,0,1,0,1,0,0,1,0,2,1,0,0,0,0,0,0,0,1,1,1,2,4,0,0,0,0,4,0,0,0,0,5,0,3,1,1,0,0,0,1,0,10,2,1,0,1,1,2
"ENSG00000230234.1",49,0,0,2,0,166,1,16,0,0,0,0,0,0,0,3,0,1,3,13,96,0,0,55,1,146,31,26,4,1,0,12,11,55,29,4,285,1,0,0,45,0,0,63,3,10,29,8,1,3,4,0,11,4,1,0,4,28,7,331,747,1,5,28,98,4,3,732,2,6,4,10,172,1,11,0,1,297,10,15,165,11,6,7,6,2,110,23,53,9,30,141,15,0,308,1,2,8,0,1,1,0,0,17,0,0,2,1,5,4,82,1,385,3,0,56,0,97,3,38,4,8,0,1,82,0,13,46,591,0,15,0,1,10,1,0,0,0,1,7,1,10,28,15,2,0,1,0,1,0,3,3,0,26,8,0,0,3,0,11,144,0,1,5,1,0,5,4,38,31,632,3,779,0,6,1,48,10,0,21,0,0,1,0,14,616,129,7,0,82,18,0,0,3,1,1,1,430,11,0,7,35,3,0,1,2,0,3,63,0,4,2,1,51,2,2,1,4,0,16,0,276,1,4,1,0,331,0,9,1,1,66,0,4,54,8,0,6,21,16,1,59,39,1,0,1,0,0,7,1,0,0,0,0,1,0,0,16,0,1,36,7,4,7,0,49,3,0,27,0,48,4,16,0,14,1,6,1,55,49,0,17,2,0,13,2,0,4,11,31,2,76,57,1,26,2,2,8,84,1,0,0,0,0,61,4,1,8,12,0,35,11,16,4,11,1,19,2,610,93,0,1,5,1,36,0,5,1,16,0,179,5,14,43,18,0,3,0,0,124,0,25,96,0,1,1,28,2,1,1,0,1,49,5,3,0,0,0,4,9,13,4,401,0,0,66,0,10,65,74,205,40,2,0,24,30,88,0,2,1,105,1,211,1245,121,0,17,24,228,73,0,44,3,16,43,1,61,3,1,1,8,2,9,107,8,0,0,16,30,19,0,6,1,4,29,11,13,1,1,4,0,1,0,1
"ENSG00000230269.7",0,0,0,0,0,0,32,0,0,1,0,1,2,0,0,0,1,0,0,0,0,0,2,0,3,0,0,1,0,0,0,2,0,74,0,2,97,0,21,3,0,0,1,1,0,0,0,0,0,0,1,130,0,79,0,0,0,0,52,0,0,18,0,0,1,0,0,0,12,1,61,0,0,0,0,0,206,0,5,0,523,1,0,0,0,0,0,11,3,0,0,9,1,1,0,0,0,0,0,2,0,0,0,1,0,1,0,0,66,1,0,1,0,0,0,12,0,1,0,310,0,0,0,3,0,0,0,42,0,5,0,0,43,0,0,0,0,0,1,6,0,0,0,1,1,47,1,0,2,1,0,0,0,0,0,2,0,0,0,4,6,1,22,1,0,0,1,0,0,17,0,0,0,2,0,1,0,12,8,0,0,0,16,0,0,0,2,0,274,1,0,1,0,0,21,0,0,0,0,0,13,2,0,183,0,10,0,0,0,0,0,1,0,1,1,0,0,1,0,0,0,0,9,0,0,0,4,0,0,77,0,0,1,2,1,31,0,2,0,0,0,0,0,4,25,0,25,0,297,0,0,0,0,0,0,0,0,0,40,0,1,54,1,3,0,0,0,0,2,0,1,0,4,1,0,1,0,0,0,0,15,2,0,0,2,2,0,0,0,14,0,0,0,1,0,42,0,1,1,2,0,0,22,0,3,0,0,0,0,7,0,0,1,1,1,2,14,0,0,0,1,0,0,0,0,1,0,0,34,0,175,0,3,1,0,0,0,1,0,0,0,1,0,0,0,0,0,0,10,0,0,0,0,19,0,0,2,1,214,0,295,0,0,1,0,0,3,0,0,0,0,0,29,5,0,0,0,0,1,3,0,1,0,0,1,0,0,0,1,0,0,0,0,0,0,0,2,21,0,0,0,2,1,0,0,0,5,134,0,1,1,0,2,0,72,0,2,0,0,0,0,1,4,0
"ENSG00000230301.6",0,0,0,0,0,0,0,0,0,0,0,0,0,0,0,0,0,1,0,0,0,0,0,1,12,2,0,2,0,1,1,0,0,3,0,0,70,0,0,0,0,0,0,0,0,2,0,3,0,0,0,3,0,9,0,1,0,0,4,0,0,31,0,1,0,0,0,1,2,0,0,0,0,0,0,0,0,0,0,10,5,1,0,0,0,0,0,7,0,0,0,0,0,0,0,0,0,0,0,0,0,0,0,0,0,0,1,0,23,0,0,0,0,0,0,0,0,0,0,1,0,7,0,0,1,0,3,0,0,0,3,0,17,0,3,0,0,0,0,2,0,0,0,0,0,0,0,0,0,0,0,0,1,3,0,0,0,0,7,0,13,0,1,0,0,4,0,0,0,0,0,0,0,3,0,0,0,0,0,0,0,11,4,0,33,0,0,0,0,9,0,0,0,3,4,0,0,0,0,1,1,0,0,16,0,3,0,3,0,1,0,0,0,5,0,0,0,0,8,0,0,0,0,0,0,0,0,0,0,0,0,1,0,2,6,0,0,0,1,9,0,0,0,0,0,0,0,0,0,0,0,0,0,0,0,0,0,0,4,5,9,10,0,0,0,0,0,0,46,0,0,0,0,0,0,0,0,0,0,0,1,1,0,0,1,0,0,0,0,3,0,0,0,0,0,0,0,0,3,0,0,0,0,0,0,0,0,0,0,0,4,0,0,0,0,0,12,0,0,0,0,0,0,0,0,0,0,0,1,0,20,0,0,0,0,0,4,0,0,0,0,0,0,0,0,1,1,0,1,0,0,0,0,4,0,0,0,0,0,0,1,0,1,0,0,0,0,0,0,0,0,10,0,0,3,0,30,0,0,0,5,2,11,0,0,3,0,0,0,2,0,0,0,0,0,0,18,0,1,0,1,0,0,0,0,0,0,1,1,0,0,0,0,0,0,0,2,0,1,0,0,0,2,0
"ENSG00000230316.7",7,0,0,2,3,2,5,11,2,64,3,0,1,4,126,7,47,5,0,1,2,0,9,14,357,1,4,439,23,4,0,5,16,52,7,45,63,0,10,1,32,10,2,2,0,1,5,30,0,1,10,44,0,0,1,77,0,0,36,0,0,165,0,4,11,7,7,1,8,11,75,101,134,0,1,1,237,8,3,189,1,43,12,1,65,61,33,0,5,0,4,36,4,20,0,0,0,272,10,14,10,6,157,0,0,25,25,1,326,1135,1,0,2,11,0,447,4,69,15,0,2,365,0,1,14,1,25,359,0,25,42,1,448,3,1,3,0,1,3,175,0,3,15,1,1,811,18,4,0,6,2,1,0,21,17,36,6,53,14,222,0,0,4,1,11,23,438,5,10,40,56,83,18,846,2,0,26,5,172,5,0,6,7,3,1,0,637,47,57,4,19,5,2,25,15,12,2,39,22,9,1,9,1,590,1,8,0,21,18,13,2,0,25,522,175,49,0,2,58,129,0,45,1,8,0,0,0,35,15,2,11,765,0,3,3,2,0,1,101,6,2,17,1,23,35,0,1,0,16,1,14,5,0,966,0,0,0,5,3,823,10,26,47,2,0,5,5,0,737,2,6,0,0,0,69,3,2,0,1,103,447,3,427,0,5,1,0,3,0,4,0,40,0,9,0,263,216,4,6,40,0,0,27,1,1,12,2,98,2,1,3,0,0,30,6,130,3,0,5,45,0,1,0,1,128,0,3,0,1,2,1,0,3,1,7,4,1,0,1,8,0,2,147,38,153,84,106,18,81,0,2,6,4,4,0,2,0,9,6,5,264,5,1,313,3,46,80,1,1,341,17,6,2,0,322,211,371,6,0,474,227,94,34,33,2,19,1,25,54,3,2,0,0,2,0,2,224,4,4,0,36,28,124,0,191,0,17,107,0,1,5,265,1,1,262,22,120,464,17,4,0,25,0,4
"ENSG00000230333.6",1,76,62,24,5,6,0,139,88,5,2,1,0,13,0,110,1,45,8,12,9,110,3,23,166,254,0,58,0,2,9,4,0,478,4,1,8,2,0,0,34,3,30,3,152,5,1,1,70,89,13,4,102,0,0,33,222,3,39,0,21,77,0,33,74,0,118,13,4,4,12,7,8,110,13,173,0,2,1,5,4,25,4,2,164,0,4,4,5,1,26,12,0,1,6,77,103,60,0,25,18,240,2,1,8,2,32,136,14,4,3,111,15,26,2,53,8,0,1,5,12,14,141,11,7,98,23,0,5,7,57,183,2,5,2,163,3,127,0,34,69,8,12,253,12,21,1,0,0,2,120,89,229,176,57,1,18,17,3,63,44,1,9,3,1,25,3,1,112,3,6,30,7,14,1,28,0,0,32,1,156,3,4,19,49,3,87,51,33,39,7,66,2,28,56,0,126,2,13,4,102,32,3,37,103,5,162,23,4,57,26,2,2,11,25,1,0,58,20,32,121,10,0,0,90,82,56,24,0,0,4,87,3,1,48,1,116,8,11,29,8,4,33,1,0,3,2,0,151,74,42,2,73,2,99,14,82,0,0,8,122,252,2,2,89,3,1,109,27,103,2,80,5,95,19,14,0,49,18,1,32,1,85,21,147,2,83,2,0,2,46,10,0,0,0,4,5,0,228,2,25,6,8,94,0,23,50,48,30,1,42,0,19,14,7,2,3,4,8,4,4,17,114,6,32,2,62,106,0,111,2,0,39,41,0,274,16,16,1,0,153,57,12,3,7,104,15,0,1,57,151,7,231,2,0,201,0,2,0,0,36,44,13,1,8,391,1,2,53,4,4,40,0,0,2,35,15,76,205,136,80,62,98,2,30,35,1,4,20,17,0,23,50,3,0,2,56,0,86,115,21,18,4,7,15,22,28,5,26,11,44,13,159,204,47,0,2,12,1,122,137,204,1,83
"ENSG00000230356.1",0,0,0,3,8,13,9,0,9,19,0,7,32,1260,1,0,0,6,6,87,0,0,0,4,2,5,0,14,9,2,24,0,6,71,15,1,0,0,11,6,1,77,3,6,0,1,3,3,0,0,0,1,1,20,1,13,1,18,1,1,1,393,2,2,0,186,15,0,24,23,16,9,1,0,4,0,2,1,203,1,53,91,0,0,60,0,1,3,0,1,0,0,40,0,0,0,2,33,15,11,2,1,3,20,5,2,42,0,354,0,6,1,3,6,9,6,197,0,1,15,0,29,0,6,14,0,0,0,19,5,2,0,456,1,3,0,5,1,41,0,0,77,3,2,3,0,0,1,71,1,0,0,41,9,7,113,21,127,14,23,0,1,14,2,77,29,30,33,32,5,1,27,54,202,1,9,2,70,0,39,0,0,32,83,13,1,0,0,2,2,0,0,20,60,22,0,0,112,0,1,4,100,8,595,0,3,1,58,12,10,0,5,17,0,42,40,0,3,3,108,0,29,0,1,0,0,0,52,0,0,17,3,33,1,3,8,0,0,5,48,0,6,1,0,33,5,0,11,4,5,0,2,0,15,1,19,1,0,1,26,11,3,4,373,0,0,10,0,144,0,40,1,87,0,0,44,156,0,0,22,54,21,25,0,1,2,0,0,133,3,1,5,39,5,0,50,3,0,0,1,6,0,324,0,41,0,0,0,2,69,29,5,5,2,0,4,103,4,20,1,175,4,0,28,16,23,3,1,0,1,0,22,7,0,0,0,1,5,0,0,0,48,2,7,97,1,0,1,55,0,3,45,0,37,0,0,101,109,247,0,19,3,22,13,1,4,0,53,0,1,58,7,0,2,20,0,136,1,0,95,13,86,22,0,1,0,0,29,0,6,394,1,1,39,13,0,113,106,1,0,0,107,0,1,7,0,27,5,0,1,2,0,16,0,16,0,49,1,138,0,0,0,91,0
"ENSG00000230393.1",8,1,11,0,12,5,0,1,1,37,0,2,1,13,0,5,15,1,0,36,6,0,18,2,8,6,16,11,11,11,58,5,13,1,9,1,1,1,0,0,10,7,9,5,1,44,1,0,1,11,4,14,4,0,5,0,0,38,4,0,0,6,18,0,0,4,0,6,20,6,56,2,2,0,3,3,72,8,6,2,13,13,0,11,6,0,4,6,1,9,49,14,7,17,0,1,13,4,8,1,3,1,13,1,3,8,19,0,32,5,3,0,0,0,6,7,51,0,38,22,13,0,1,21,9,0,0,1,4,48,3,6,9,4,7,1,2,0,16,1,0,24,10,0,21,6,10,19,3,35,1,0,14,3,4,9,1,24,2,11,16,3,4,17,9,7,2,10,2,17,14,16,6,0,5,2,11,1,1,1,0,1,21,13,0,2,6,5,9,0,8,0,10,20,1,27,2,4,0,36,2,7,13,0,0,30,9,1,12,0,12,0,11,4,0,14,0,11,6,23,0,4,16,5,3,1,10,10,6,17,15,0,5,1,1,24,1,0,1,10,10,35,7,3,14,13,4,3,1,0,3,10,4,29,1,1,1,48,21,9,8,0,20,21,0,6,8,2,0,2,11,1,33,1,6,17,12,0,5,3,1,12,1,0,0,4,0,5,25,8,0,1,23,19,8,2,9,2,0,43,12,18,5,6,66,4,1,0,4,21,0,38,2,4,2,5,7,9,0,3,26,35,2,34,7,1,4,0,8,1,0,4,2,5,1,4,4,7,0,0,1,7,6,8,0,0,0,17,8,3,2,33,13,0,0,0,5,218,24,19,0,6,4,5,74,6,16,23,0,5,0,6,10,2,23,6,1,2,0,1,7,2,20,3,8,10,8,45,13,14,10,0,0,15,14,5,9,28,2,4,4,29,15,0,1,3,3,0,0,1,0,2,4,1,4,8,5,8,5,2,0,0,37,3
"ENSG00000230423.3",1,0,0,7,0,1,1,2,3,0,3,1,0,0,3,0,0,7,1,1,0,1,2,1,12,3,0,2,0,0,1,4,9,6,3,3,8,6,0,2,0,0,4,9,1,2,4,2,0,1,0,3,0,9,0,2,3,1,4,0,9,0,0,0,0,4,3,10,5,0,3,4,1,0,3,1,3,1,1,0,10,4,0,1,5,1,3,27,3,0,2,15,3,21,2,0,10,0,2,0,1,3,2,1,1,2,0,0,1,1,0,0,0,0,0,0,0,0,5,144,7,10,1,10,11,1,1,0,0,0,8,0,34,2,2,1,2,3,8,1,0,0,5,0,1,3,5,0,1,0,2,0,2,3,0,5,2,2,5,1,0,2,14,0,0,2,4,0,1,0,0,2,2,0,3,0,0,1,0,18,0,0,4,0,23,1,0,1,0,2,0,0,0,13,0,0,0,14,3,7,0,0,0,23,1,5,2,0,0,1,0,1,0,0,9,1,1,2,0,14,0,0,0,3,1,0,30,6,0,1,1,6,4,1,10,45,0,1,0,7,1,11,9,0,4,0,3,0,3,0,0,0,1,2,0,5,1,0,1,0,0,5,0,7,3,0,4,0,7,0,4,0,13,1,2,0,1,0,12,2,2,8,0,1,0,0,1,0,0,10,0,1,0,0,0,3,2,0,1,3,0,5,4,0,2,0,1,0,1,4,18,1,0,9,5,0,39,0,2,3,0,0,0,1,16,1,0,0,21,0,10,0,1,0,9,1,0,1,0,1,0,35,4,0,1,0,0,3,1,0,0,2,0,0,0,5,1,0,0,0,3,0,1,4,0,5,4,19,0,3,0,2,0,3,0,0,11,1,7,1,1,0,6,0,1,1,3,2,0,0,2,4,0,1,0,0,9,3,0,0,0,0,3,2,4,1,6,3,0,0,7,0,2,0,0,0,0,0,0,4,2,3,0,0
"ENSG00000230426.4",4,0,0,1,4,0,0,2,0,2,2,0,109,171,185,1,0,23,1,1,3,0,5,0,4,0,0,2,0,12,1,2,5,7,1,5,6,2,0,2,3,2,16,0,2,0,2,1,1,0,1,25,2,4,0,1,2,2,3,1,0,35,0,7,3,3,1,0,1,2,309,3,0,0,0,1,134,4,1070,49,5,17,2,0,4,1,0,1,3,0,3,157,220,11,0,0,0,44,58,40,4,0,2,1,1,1,3,1,1139,1,1,1,8,2,3,3,2,1,172,4765,0,11,0,1,8,0,1,6,0,228,1,0,226,0,0,0,1,0,228,0,1,2,204,2,1,0,12,0,3,2,0,1,3,9,1,0,7,4,78,5,2,0,21,3,0,112,35,0,1,77,15,7,4,2264,0,2,4,135,8,1,0,0,2,0,2,1,0,4,0,26,0,40,0,4,62,0,1,0,0,0,2,0,2,1023,0,64,2,0,22,2,1,3,7,6,0,5,0,1,6,6,0,14,0,1,0,1,161,3,0,1,5,5,3,1,4,26,0,2,4,8,0,0,1,0,2,21,33,0,1,1,1,0,0,9,0,0,0,0,458,5,62,14,35,718,0,0,0,2,150,1,60,0,55,2,0,3,263,0,0,24,218,21,2,0,2,4,0,2,1,3,12,2,3,2,0,446,176,1,5,1,3,0,119,6,21,0,0,0,1,2,0,1,0,0,1,1,358,9,2,0,0,0,0,0,5,0,7,12,35,0,1432,2,3,0,0,1,3,0,2,3,0,4,2,1,3,9,0,0,185,0,7,33,0,771,1,0,0,0,8,0,7,1,7,2,4,4,0,17,0,6,0,5,12,12,336,0,132,1,1,15,3,5,0,0,1,1,7,6,15,0,3,2,2,3,0,2,5,265,4,0,1,0,1,2,11,0,8,26,4,6,10,1,1,1,2,0,42,7,2,1,2,1,180,0
"ENSG00000230435.1",0,12,34,7,0,0,0,13,7,2,0,0,0,2,0,16,0,5,1,4,1,8,0,9,11,11,0,7,0,0,0,0,0,39,1,0,2,1,0,0,14,0,2,0,15,0,0,0,6,16,10,0,13,0,0,2,25,0,5,0,6,0,0,15,5,0,19,0,1,0,4,1,1,7,1,30,0,0,0,1,0,2,1,0,19,0,2,1,0,2,2,0,0,0,0,5,17,2,0,1,4,28,0,0,1,0,4,19,1,0,0,27,0,7,0,11,0,0,0,0,0,4,15,3,2,5,4,0,0,0,8,21,0,0,0,15,0,14,0,7,8,0,0,23,0,5,0,0,0,0,5,17,18,11,2,0,3,3,2,9,7,0,0,0,0,1,0,1,11,0,0,5,0,0,0,3,0,0,6,0,10,0,2,0,11,1,13,5,6,4,1,4,0,0,0,0,27,0,1,0,10,7,0,5,9,3,16,5,0,3,5,0,0,5,3,0,0,9,0,1,10,0,0,0,7,10,10,0,0,0,0,8,0,0,48,0,17,0,3,3,0,2,2,0,0,0,0,0,14,4,10,0,14,0,11,3,11,0,0,0,16,14,1,0,10,0,2,16,1,11,0,18,0,9,3,2,0,1,6,0,2,0,15,2,22,0,12,0,0,1,6,1,0,0,0,0,0,0,40,0,4,0,2,11,0,3,8,5,12,0,4,0,8,1,0,0,0,0,1,0,1,3,11,0,1,0,12,13,0,9,0,0,4,4,0,33,2,2,1,0,22,8,0,4,0,15,4,0,0,5,15,0,31,0,0,6,0,0,1,3,4,6,2,0,0,78,0,0,7,6,1,2,0,0,0,13,2,9,30,10,32,3,19,0,1,9,0,0,1,0,0,4,7,0,0,0,8,0,12,9,3,0,1,3,2,4,3,0,10,0,10,0,9,25,7,0,0,0,0,18,12,27,0,13
"ENSG00000230445.4",13,0,0,14,43,42,3,1,0,3,1,34,33,69,40,2,0,52,14,37,68,1,9,14,7,54,0,42,2,40,17,85,81,46,5,6,48,8,7,45,6,38,75,3,5,3,1,9,2,2,16,137,9,12,2,48,6,23,31,24,2,55,12,7,0,24,5,18,82,20,71,8,46,1,1,0,215,7,13,29,255,12,16,8,124,68,4,41,7,1,15,41,38,1,2,0,1,15,24,170,37,3,6,13,29,37,36,10,156,3,34,6,14,21,11,9,207,15,140,81,8,3,0,10,0,0,1,4,11,269,2,7,66,0,38,7,5,3,49,3,2,52,100,3,38,307,16,4,2,216,2,4,122,11,13,17,4,34,13,19,9,2,22,77,5,2,4,8,45,1952,21,21,16,95,1,8,16,39,43,65,2,183,140,22,10,3,13,87,95,13,52,3,33,129,38,16,2,10,1,206,45,74,80,103,6,12,0,130,3,15,11,108,17,146,23,7,1,6,82,51,4,5,0,7,4,2,35,238,0,8,9,18,15,13,1,8,0,7,7,5,80,17,7,109,9,26,3,0,6,9,1,0,1,14,1,18,4,5,17,12,116,48,54,85,2,79,4,6,84,0,15,1,4,9,50,25,5,0,5,7,45,4,10,0,65,7,3,0,3,26,16,51,5,10,5,2,119,5,0,82,90,3,38,4,3,1,5,19,17,61,5,24,12,28,162,179,49,97,3,2,245,118,0,33,36,13,3,40,4,10,112,1,5,22,130,4,11,213,4,1,3,18,21,3,119,33,1,1,7,2,1,109,7,8,56,3,6,41,30,3,214,3,6,52,519,2,5,46,7,5,26,52,1,0,61,5,7,3,43,39,1,65,7,1,3,8,19,3,8,73,52,9,1,102,3,47,10,7,12,2,6,6,40,8,110,2,28,35,0,6,31,3,26,4,51,55,7,14,22,9,4,6,56,3
"ENSG00000230454.1",59,0,12,4,37,27,6,7,11,58,10,62,16,20,26,2,8,15,68,70,11,7,12,18,48,30,14,42,1,6,75,11,9,21,11,18,4,7,67,133,18,10,49,18,8,40,6,4,1,11,2,22,9,3,20,51,7,21,20,8,53,4,20,18,5,16,11,19,7,27,44,5,8,3,3,2,90,29,18,8,38,63,20,20,34,21,5,5,26,10,21,18,8,38,12,9,21,20,28,2,4,16,2,13,4,11,35,4,64,20,24,1,7,7,12,22,82,43,24,19,6,20,6,8,8,4,0,22,56,17,21,2,25,8,14,5,30,3,57,12,6,76,20,4,35,35,20,47,13,91,4,5,40,11,6,15,14,17,82,88,14,13,25,25,16,7,18,79,6,36,13,23,16,78,5,14,10,61,36,11,5,28,35,102,25,2,54,9,15,41,24,7,38,17,2,24,5,4,1,66,2,36,41,87,2,35,11,44,15,38,22,37,11,5,27,61,7,3,8,42,2,5,10,5,4,3,11,66,8,24,15,24,3,21,10,16,2,10,1,6,13,4,22,19,23,24,7,15,70,40,11,8,2,34,5,27,1,15,28,12,37,4,11,12,2,52,17,6,78,4,0,4,13,1,12,12,7,2,37,1,119,4,26,1,189,10,2,2,10,8,7,8,5,19,13,6,36,25,19,136,73,8,27,4,11,6,3,16,61,18,25,106,33,33,22,86,14,25,5,9,20,37,6,41,7,42,12,78,18,6,6,2,2,13,89,2,63,16,22,6,0,11,8,26,5,33,30,16,5,0,3,67,42,28,23,1,15,39,11,14,23,8,9,38,38,168,12,26,7,7,14,51,6,7,88,18,9,8,3,89,21,26,29,0,4,7,36,28,29,20,48,42,3,52,24,12,30,17,72,2,19,21,49,35,12,8,2,7,1,6,7,6,25,8,5,3,11,11,53,7,1,11,25,5
"ENSG00000230524.8",0,0,0,0,1,5,3,0,0,0,19,0,9,10,8,4,2,3,1,13,4,0,0,0,6,4,0,8,3,0,2,1,3,1,7,0,2,0,3,0,1,0,6,0,0,0,0,0,1,0,0,9,0,9,0,0,0,1,2,0,1,22,0,1,0,15,0,0,0,1,18,0,1,1,0,0,7,1,12,9,22,5,0,0,1,2,0,3,0,0,6,0,5,3,1,0,0,3,47,0,0,1,0,1,2,8,16,1,35,3,12,0,1,0,2,3,17,4,8,14,2,0,0,3,1,1,0,1,16,3,0,1,19,1,0,0,1,0,16,0,0,6,6,0,4,46,1,0,7,0,0,0,8,3,0,0,0,20,31,0,2,3,1,11,0,5,4,6,4,3,2,5,1,0,0,0,0,8,6,2,0,4,8,1,8,1,0,1,0,1,0,0,10,0,3,13,2,3,0,12,0,2,7,76,0,6,1,0,2,0,0,12,4,2,2,0,0,1,1,0,1,0,2,0,0,0,1,24,1,0,11,0,5,0,0,8,0,0,1,2,4,1,1,0,6,3,11,0,9,1,0,1,0,2,1,1,2,2,0,14,1,2,4,27,0,15,0,0,8,0,3,0,11,0,1,2,17,0,0,1,1,7,0,0,1,1,1,0,0,0,1,0,0,0,1,23,1,0,0,0,2,1,10,0,5,0,0,2,12,25,0,6,0,2,0,1,24,9,1,3,8,0,0,13,0,5,0,3,0,0,19,1,1,0,5,0,0,1,1,0,1,3,0,2,1,2,1,0,4,0,1,0,1,49,4,0,11,0,6,3,23,1,1,29,0,1,0,25,0,0,0,3,0,2,14,2,5,8,0,2,1,1,3,0,1,1,2,2,0,2,14,0,0,0,2,2,11,28,5,0,0,5,1,0,12,1,11,9,0,0,0,1,2,0,0,0,0,4,1,0,0,0,0,1
"ENSG00000230533.4",269,0,0,225,18,148,2,0,32,84,35,105,4,33,0,4,27,2,13,4,13,0,23,4,4,1,140,1,25,24,0,25,11,4,2,4,120,117,7,6,7,27,12,44,7,70,72,79,1,0,0,1,10,59,2,0,38,12,4,1,70,1,2,1,35,12,0,61,2,3,4,184,19,0,0,0,97,25,82,53,7,0,1,14,5,0,30,20,16,47,173,13,26,29,15,0,67,7,168,9,44,0,3,16,43,1,22,1,2,3,122,12,2,14,5,1,15,30,17,146,41,14,0,8,133,0,6,0,29,59,11,0,9,79,17,0,1,1,7,6,7,53,22,7,41,0,54,34,17,3,0,3,2,2,11,2,69,2,29,1,0,58,135,84,23,2,130,3,15,87,41,4,19,0,28,2,149,6,17,45,0,10,92,2,10,15,4,27,1,0,1,2,6,11,0,0,6,86,0,5,1,2,31,12,0,5,0,1,17,0,10,18,311,44,13,23,16,10,12,45,0,3,6,1,10,4,15,1,77,23,0,1,37,68,9,147,0,3,12,32,102,167,46,3,33,34,12,84,9,58,1,0,0,3,1,4,2,0,35,0,25,1,19,1,3,91,17,2,0,2,76,1,3,0,2,0,7,0,17,78,3,208,11,1,0,7,0,147,28,30,28,123,272,29,121,7,0,21,0,37,1,17,3,0,50,13,115,1,5,12,18,38,4,99,25,31,81,13,3,699,46,14,2,0,47,1,6,14,108,0,28,12,31,17,59,2,21,53,6,1,0,162,145,28,1,1,21,4,0,0,0,0,4,18,3,0,5,2,2,0,14,7,27,10,37,6,3,1,14,50,74,96,2,48,0,9,0,3,0,2,0,1,4,16,74,14,43,124,56,1,62,5,3,112,136,29,19,12,14,0,5,1,128,6,16,0,14,11,0,14,34,8,3,32,0,0,10,1,0,7,0,0,8,1
"ENSG00000230645.2",0,73,0,4,1,7,1,49,9,2,11,2,0,1,1,70,0,9,2,19,4,55,7,13,90,2,0,12,1,5,2,0,1,79,12,0,138,7,0,0,3,0,0,33,72,0,4,0,49,14,9,7,21,0,24,3,22,2,9,1,27,3,51,33,292,1,124,65,21,0,1,39,10,100,3,105,0,0,0,14,6,41,2,3,21,1,26,13,0,11,14,176,11,0,9,53,46,5,9,0,56,176,0,25,5,0,4,64,2,1,16,98,1,8,0,21,0,2,4,26,65,18,5,20,46,60,12,16,72,3,19,57,7,7,0,143,12,88,13,33,49,1,2,132,1,1,2,0,0,0,76,98,7,55,35,3,14,22,3,5,30,1,9,0,0,3,0,0,3,8,15,7,30,3,5,0,5,1,6,36,123,0,3,3,32,37,24,38,15,28,16,0,0,34,43,0,137,19,4,1,48,12,2,252,67,35,8,7,7,5,24,4,3,210,4,0,3,27,13,31,125,6,0,19,32,52,59,0,1,1,2,60,4,30,24,10,78,5,38,161,0,55,34,0,0,0,2,19,9,32,2,5,66,2,70,9,79,0,3,44,30,86,0,1,34,0,5,173,212,148,12,68,0,124,0,2,1,39,21,10,129,14,30,20,74,2,129,0,0,6,14,7,0,3,0,7,1,16,55,0,5,0,1,68,0,3,26,39,2,0,48,0,0,11,5,0,0,1,1,7,0,19,168,2,38,0,64,12,3,48,12,1,36,5,20,193,52,2,12,0,102,20,49,8,1,5,26,0,1,72,149,0,69,2,18,170,0,0,1,5,80,15,23,2,0,174,1,7,6,19,62,7,0,0,18,98,309,149,28,59,124,3,255,6,7,29,0,3,17,4,1,14,18,1,2,8,55,0,22,72,13,1,1,41,2,0,2,12,16,1,13,5,97,38,18,7,39,0,2,57,164,69,4,49
"ENSG00000230699.2",6,0,0,0,0,0,0,0,0,11,0,1,1,2,22,1,37,0,0,3,1,0,2,1,0,1,106,0,0,0,4,9,2,0,0,36,0,1,0,1,1,1,0,1,7,0,1,34,0,0,1,2,1,0,1,1,0,0,0,0,0,1,0,0,2,0,2,0,0,28,3,2,0,0,0,2,0,1,1,0,3,0,76,0,168,0,0,0,8,0,1,1,0,1,0,2,0,0,16,0,0,1,1,0,1,3,0,0,21,1,82,0,2,0,2,0,0,0,0,0,0,0,0,1,1,0,0,0,1,0,0,0,0,0,0,0,0,0,0,0,1,21,3,1,14,0,1,0,0,2,0,0,0,0,0,3,1,1,0,0,1,0,0,0,60,0,1,2,0,0,1,0,1,1,0,55,0,1,0,0,0,0,0,1,0,0,1,0,1,0,3,314,0,0,1,0,0,3,0,0,0,0,0,1,0,0,0,0,1,1,0,43,0,0,2,9,0,0,1,0,0,0,0,0,0,0,0,2,0,0,0,0,0,0,192,0,0,0,0,0,0,1,0,0,1,1,0,0,0,27,0,0,0,1,33,84,0,0,0,3,0,1,1,0,0,0,1,1,1,0,1,0,0,3,0,1,1,0,3,0,0,1,0,1,0,17,0,0,2,0,3,0,97,0,0,1,1,0,0,4,0,0,49,5,0,0,7,0,0,2,1,2,1,4,2,0,0,1,5,0,4,0,3,0,1,1,3,3,0,0,0,1,1,0,1,1,1,0,0,2,0,0,0,0,1,0,0,0,0,1,0,11,0,0,1,1,0,2,0,1,1,0,1,4,1,1,0,2,0,0,0,0,0,58,0,0,0,1,0,0,0,0,1,0,3,0,4,2,0,0,4,5,1,23,0,0,0,0,13,0,0,0,1,34,8,0,0,0,0,1,2,55,0,1,0,0,0,4,0,2,0,0,0,1
"ENSG00000230709.1",0,0,0,0,2,0,0,1,1,0,0,0,2,2,1,0,0,0,0,0,0,2,2,0,1,1,0,0,1,3,0,0,0,0,1,0,0,0,0,0,0,0,0,0,7,0,0,0,3,1,0,2,6,2,0,1,0,0,1,0,0,1,0,2,1,0,1,1,1,0,1,1,1,0,0,0,0,0,0,9,0,2,1,0,0,0,0,1,0,2,0,0,0,0,0,1,0,1,0,0,0,1,0,0,0,1,2,1,4,0,2,11,0,1,0,0,0,0,0,0,0,0,0,0,0,1,1,0,0,1,0,0,1,0,0,1,0,1,0,0,1,0,1,6,0,0,4,0,2,0,0,2,1,1,1,0,0,0,0,0,1,0,0,0,0,2,0,0,0,1,0,0,1,0,0,0,1,0,3,1,0,0,0,0,1,0,1,0,0,0,0,1,3,0,0,3,0,0,0,1,0,1,2,0,0,0,0,1,0,1,0,2,0,0,1,0,0,0,2,2,0,0,0,1,0,0,1,0,0,1,1,0,6,1,0,1,2,0,0,0,0,0,0,0,1,1,0,0,1,0,1,0,0,1,0,1,3,0,0,1,1,0,0,0,1,1,0,0,0,1,1,1,4,1,1,0,0,2,0,0,2,2,0,1,0,0,1,2,0,0,5,2,0,0,1,1,0,0,0,1,0,0,0,0,1,0,0,1,1,0,0,0,0,1,0,0,1,3,0,0,1,1,1,1,0,1,4,0,0,2,1,2,2,0,0,0,0,0,0,0,1,3,1,0,0,0,0,0,2,6,3,1,1,1,0,3,1,1,1,0,0,0,0,1,0,1,0,0,0,0,1,0,0,2,1,0,0,0,0,1,0,2,0,0,7,0,1,1,0,0,0,1,1,0,0,0,1,1,4,2,0,0,0,1,0,1,0,1,1,2,2,0,0,0,1,0,1,5,1,2,3,0,0,0
"ENSG00000230710.2",0,0,0,3,3,0,0,5,1,8,2,2,0,0,7,0,0,0,0,1,0,29,1,1,0,1,0,0,14,0,4,5,0,0,9,11,0,0,0,0,0,4,0,0,0,3,11,0,0,0,0,2,1,0,0,1,0,0,0,0,0,6,0,0,5,6,0,0,2,4,2,0,2,3,0,0,3,0,0,3,0,2,8,1,5,0,0,10,2,0,0,0,0,0,0,0,0,7,0,0,0,1,2,0,0,3,1,1,15,0,25,0,3,0,0,1,0,20,0,0,0,0,0,1,13,0,0,30,5,1,0,0,14,0,6,0,0,0,1,0,0,9,28,1,2,97,384,0,2,1,4,0,0,0,8,1,6,0,0,0,1,0,3,0,0,11,0,1,2,0,0,2,0,1,4,0,0,2,0,2,1,14,0,0,0,0,0,0,0,2,0,0,5,1,0,0,0,0,0,77,0,1,1,8,0,1,0,1,0,1,1,1,0,27,0,2,0,0,0,1,0,0,0,251,0,0,0,1,14,9,44,1,16,0,1,0,0,0,1,2,20,0,0,0,1,0,0,12,0,0,0,0,2,1,1,2,0,0,0,5,0,0,4,0,0,4,1,0,0,1,2,1,0,1,0,0,0,0,0,1,0,2,0,0,0,3,0,1,0,2,0,0,0,0,0,2,4,0,6,0,0,12,0,0,0,0,2,80,7,0,0,0,0,24,1,0,1,0,15,4,0,0,0,1,123,2,0,0,0,0,1,0,0,0,0,0,0,20,0,0,0,1,38,0,0,0,3,0,7,0,1,5,1,0,0,0,0,0,2,1,108,0,1,0,0,0,6,4,0,2,21,0,0,1,0,0,7,1,0,2,0,0,0,3,0,42,0,0,12,0,3,0,5,15,2,1,33,0,1,0,2,0,6,0,3,0,13,0,0,2,0,0,0,0,0,1,2,0,0,0,1,1,0,0
"ENSG00000230832.3",0,1,0,0,17,24,2,0,2,2,1,1,2,5,2,3,9,5,13,0,4,1,1,4,8,7,3,8,12,8,5,2,7,5,6,1,6,0,2,2,0,10,8,1,0,3,0,1,2,1,0,8,4,12,0,6,1,15,4,1,0,5,0,4,0,4,2,8,5,12,54,0,5,0,5,0,15,23,9,3,6,30,0,2,9,1,0,0,1,0,15,2,8,0,1,0,7,2,4,1,3,2,4,3,0,2,10,2,19,24,2,2,0,3,3,0,12,8,25,4,5,17,1,6,3,0,0,10,13,6,2,0,10,5,5,2,1,4,1,1,3,17,4,0,1,9,4,13,2,1,0,4,13,11,2,1,0,3,3,4,5,1,3,12,20,6,3,8,23,11,26,6,2,33,4,0,4,2,5,11,0,16,2,2,1,4,0,6,35,13,2,0,11,14,5,1,0,5,1,8,5,7,11,44,0,13,1,4,4,8,0,12,13,15,6,0,0,10,2,4,3,11,0,2,0,1,7,30,0,3,9,6,3,0,6,6,2,0,2,1,5,7,17,4,9,13,1,0,5,11,5,0,0,0,2,4,0,4,2,6,25,8,19,18,1,12,8,2,6,0,3,0,2,1,12,16,4,1,3,5,16,2,19,1,2,4,0,1,10,8,1,1,1,8,10,15,1,1,11,3,2,7,1,2,17,4,0,11,1,12,8,47,9,28,8,0,21,11,3,1,2,0,2,6,17,4,0,0,5,0,5,6,1,1,7,2,13,17,0,2,0,1,5,4,22,5,1,2,8,3,0,7,6,2,2,0,13,4,4,4,6,1,3,27,1,29,1,6,2,0,2,14,1,2,75,8,5,0,2,6,11,6,24,2,2,2,11,0,0,13,8,4,0,6,4,13,7,8,5,0,3,21,10,5,3,0,15,3,0,0,5,2,2,1,15,0,23,4,15,3,0,1,5,0
"ENSG00000230863.3",0,0,0,6,0,0,8,1,0,0,0,5,0,90,33,0,0,15,0,0,0,0,0,3,2,0,1,7,6,87,0,0,3,68,1,0,5,0,1,6,0,0,1,0,2,2,1,1,0,0,0,7,0,12,0,2,0,0,1,0,3,45,0,0,0,0,9,0,0,0,24,0,2,0,0,0,13,0,6,13,6,8,0,1,21,1,0,5,3,0,0,7,1,0,1,0,0,18,1,0,2,0,0,0,0,0,1,0,63,0,0,0,8,7,0,2,3,0,10,38,0,21,3,0,3,0,2,1,0,202,3,0,62,0,0,1,1,1,1,0,0,0,49,0,3,3,0,0,19,0,1,0,1,14,2,0,0,0,14,4,0,0,0,1,0,12,8,16,1,2,4,7,0,56,0,0,2,11,14,0,0,3,0,3,9,0,3,0,0,8,0,10,1,90,32,0,0,2,0,1,0,2,0,109,1,32,0,2,0,0,0,0,73,0,8,1,0,0,14,67,0,3,0,0,1,0,0,22,0,2,1,0,1,0,0,8,1,0,0,5,2,2,0,0,0,2,9,0,4,0,1,0,0,3,0,0,0,0,1,24,6,1,0,33,0,0,0,1,9,0,13,0,95,0,0,0,49,0,0,0,27,8,16,0,0,0,0,0,6,1,0,0,0,6,0,16,12,0,0,0,0,0,14,2,6,0,0,0,9,2,0,2,0,0,4,1,144,1,0,0,1,1,0,1,0,0,0,0,0,0,122,0,2,0,0,0,0,1,1,0,0,1,0,1,2,0,0,0,4,0,1,9,2,62,1,1,3,0,4,0,5,0,1,1,0,1,1,22,0,0,1,1,4,5,6,0,7,0,1,12,21,6,18,0,0,2,0,1,12,2,30,2,0,0,0,0,3,5,0,0,0,1,0,1,3,0,13,39,0,1,2,0,1,0,0,0,5,2,0,0,0,0,0,0
"ENSG00000230873.9",6,3,4,7,43,118,1,205,12,5,2,2,4,11,0,18,1,39,7,230,11,5,14,134,19,76,9,661,396,31,25,4,17,1,31,3,2,5,1,0,1,10,64,3,1,45,4,18,21,2,62,93,44,7,29,233,15,12,704,595,0,31,7,51,44,398,0,9,136,181,9,2,133,1,2,2,176,102,1,26,0,43,17,0,49,18,8,4,0,0,72,25,9,0,8,3,0,80,5,70,6,7,55,28,0,2,28,4,17,13,7,0,0,642,3,12,427,15,172,1,1,51,1,0,20,2,5,27,23,9,19,1,89,4,33,1,12,1,199,22,1,403,5,2,18,267,8,6,1,5,4,1,22,69,2,15,75,35,17,25,25,7,53,119,11,97,4,214,114,82,26,7,1,184,1,2,41,9,5,12,0,11,22,83,0,2,16,144,10,131,48,0,158,17,5,42,1,7,0,274,1,55,8,358,1,10,2,749,44,131,1,69,4,62,55,0,4,0,50,21,0,38,6,20,5,0,17,54,54,0,109,57,2,3,1,0,1,2,5,28,4,5,3,13,49,13,0,5,1,9,1,31,0,22,3,227,8,6,1,392,49,61,39,59,4,21,74,4,132,1,7,1,0,4,9,25,3,0,5,160,34,0,34,3,138,0,3,0,9,26,8,40,175,2,8,1,290,14,7,12,348,26,158,5,7,1,0,28,0,4,10,156,26,75,4,48,2,9,1,20,46,2,1,64,9,48,1,27,0,8,8,3,0,11,16,8,0,136,1,0,1,2,136,5,371,82,18,4,16,1,2,6,23,0,6,4,74,11,59,21,19,4,6,1,1,15,1,111,3,7,364,4,7,1,614,10,314,13,4,594,4,132,17,4,34,5,250,138,42,74,0,1,4,148,196,39,34,0,62,7,5,46,6,0,0,1,1,0,2,0,0,29,29,8,12,218,137,12,49,6,1,26,13,6
"ENSG00000230876.8",0,0,0,0,0,0,2,0,2,1,32,1,0,0,1,0,34,3,1,1,0,0,0,0,2,1,0,0,179,1,1,0,0,1,2,0,0,1,0,1,0,5,2,0,0,0,1,0,0,0,0,4,0,1,1,2,1,1,0,0,0,1,0,1,0,74,1,0,0,0,1,0,1,0,1,0,2,0,0,1,0,0,0,0,1,2,0,0,2,0,1,3,1,4,1,0,0,1,1,0,1,0,1,33,0,0,2,0,5,0,0,0,0,0,2,0,3,0,0,3,0,0,0,1,2,0,1,0,0,2,0,0,1,0,0,0,0,0,0,0,0,0,0,35,0,0,0,1,1,0,0,0,1,57,0,4,2,0,0,0,2,0,1,0,1,0,0,2,0,2,2,0,0,0,0,0,0,1,1,0,0,0,0,0,0,0,2,0,2,0,0,3,0,2,0,225,1,1,10,1,0,0,0,1,0,1,3,0,0,0,0,0,0,0,1,0,0,0,1,0,0,0,0,0,0,0,0,0,0,0,2,0,0,0,1,0,0,0,0,0,0,0,0,0,1,1,0,0,970,0,0,0,0,3,0,0,0,0,0,0,4,1,1,0,0,649,0,1,0,0,0,0,0,0,0,0,0,0,0,0,0,1,0,1,1,0,0,2,1,0,0,0,0,1,0,1,1,0,3,0,1,0,5,0,0,1,0,0,73,0,0,2,0,2,0,3,0,0,0,0,0,0,0,1,0,0,0,2,1,1,0,0,0,108,1,0,0,0,0,0,0,0,2,1,9,3,1,0,0,0,0,35,1,0,1,0,1,2,1,178,0,1,0,5,0,0,54,0,0,0,2,2,0,1,4,1,0,2,2,0,0,0,158,0,1,0,0,0,86,0,0,0,0,0,4,2,4,4,0,0,3,0,2,1,2,112,0,0,0,25,0,18,0,0,0,0,0,1,2,0,0,1,6,0
"ENSG00000230921.1",0,34,7,5,0,5,0,0,9,0,0,0,0,0,0,8,1,2,0,2,1,18,1,1,34,16,0,1,2,0,0,0,0,28,1,0,2,0,0,0,56,0,0,0,5,38,2,2,29,12,9,0,18,0,0,3,9,0,9,2,2,4,0,8,10,0,18,0,1,0,0,2,0,7,17,19,0,8,1,0,1,7,0,0,15,0,10,0,0,1,14,3,3,0,2,13,2,22,1,3,5,10,0,1,3,0,11,11,4,0,0,5,0,4,2,3,0,6,0,0,0,3,2,0,4,12,21,18,2,1,4,13,6,1,0,10,0,3,1,3,12,0,0,27,0,0,0,0,0,0,39,9,8,12,4,0,1,5,0,6,14,0,3,1,0,3,0,0,13,34,14,3,0,4,0,0,1,0,1,2,13,0,2,5,2,1,9,3,7,13,0,0,0,0,2,1,7,0,0,1,3,15,0,28,9,0,1,2,2,13,0,2,0,7,5,0,0,1,1,9,9,0,0,1,5,16,0,2,4,2,0,3,1,1,10,0,12,0,0,10,1,10,15,0,0,0,0,0,4,0,2,0,16,0,46,3,10,0,0,27,14,62,4,3,1,0,0,2,1,19,1,10,0,7,4,1,0,17,0,10,24,0,40,3,1,0,21,0,4,5,5,1,0,1,0,0,1,0,36,0,13,1,0,6,1,3,1,5,1,0,0,1,0,1,1,0,0,0,0,2,0,6,16,7,1,0,3,0,0,4,1,3,1,10,0,24,0,10,0,0,26,1,7,1,1,11,8,1,2,16,11,0,5,0,0,22,0,0,0,1,5,13,0,0,1,12,1,0,4,1,3,1,0,0,0,25,2,6,6,10,41,11,9,2,5,11,6,0,5,5,2,7,7,1,4,0,15,0,0,19,6,10,0,2,0,0,0,0,34,0,6,10,11,7,4,1,1,1,0,7,10,15,1,7
"ENSG00000230945.1",0,0,0,1,1,0,0,0,0,0,0,0,0,0,0,4,0,0,0,3,1,1,0,0,0,0,0,0,0,29,1,55,0,3,0,0,0,0,0,0,0,4,0,0,3,0,0,0,2,0,0,0,0,0,0,0,0,1,0,0,0,0,0,0,0,0,1,0,1,0,3,0,0,2,0,0,0,0,0,0,0,0,0,0,0,0,0,0,20,0,0,0,0,0,0,0,0,0,0,0,1,0,6,0,0,1,0,1,34,0,0,9,8,0,0,0,2,0,0,0,0,0,33,0,1,0,0,0,0,5,0,0,0,0,0,2,0,0,0,0,14,3,27,2,0,0,0,0,4,0,0,8,0,0,0,0,0,5,1,0,0,0,0,1,0,0,0,5,1,1,0,0,0,0,0,0,0,0,0,0,1,2,0,0,0,0,0,0,0,0,0,0,0,0,0,0,6,0,0,0,0,1,0,0,9,0,2,0,0,0,0,1,5,0,0,1,0,0,0,0,0,0,0,0,11,2,0,1,0,0,4,0,0,0,0,0,7,0,0,0,13,0,0,0,1,0,0,0,0,0,0,0,0,0,12,11,7,0,0,35,0,0,0,0,8,0,7,4,0,22,0,7,14,10,0,0,0,19,0,2,0,0,0,0,0,0,9,1,0,0,15,0,0,0,0,0,1,0,0,0,1,0,3,0,0,0,0,0,0,0,0,0,0,0,0,0,0,2,0,1,1,0,1,0,0,0,12,0,0,10,0,0,2,0,0,2,0,0,0,0,0,0,0,2,0,0,0,0,14,18,1,61,0,0,0,1,0,8,1,0,0,2,0,12,1,0,0,0,0,0,0,0,0,0,0,0,0,1,0,0,0,0,0,0,0,0,0,0,1,0,0,0,1,0,0,0,0,0,4,0,8,0,0,0,1,0,0,0,0,0,4,0,0,0,0,0,0,2,0,1,0,0,0,0
"ENSG00000230948.1",0,0,0,0,0,0,0,0,1,0,6,44,30,1,1,0,0,11,10,0,2,0,2,1,1,0,1,0,0,2,0,0,0,0,0,0,5,0,14,6,0,0,0,70,2,0,0,3,0,1,1,0,1,15,58,0,11,0,4,0,63,0,62,0,0,0,0,60,0,0,0,2,1,0,3,1,0,0,1,0,25,0,0,0,1,1,1,26,1,4,0,3,0,0,4,0,60,0,0,0,0,11,0,50,0,0,0,2,2,0,1,2,0,2,0,2,0,0,1,13,7,0,0,44,4,0,0,0,1,0,1,1,1,2,0,1,20,1,0,1,0,0,0,0,1,0,1,0,0,0,0,1,0,3,1,29,1,0,4,3,0,34,0,0,0,1,0,1,1,0,0,0,29,0,1,3,8,45,1,3,1,0,2,1,33,0,1,0,0,0,5,0,0,2,0,0,0,29,1,0,1,3,0,0,0,8,2,0,0,2,4,1,1,1,1,0,47,115,3,1,4,0,0,0,3,0,53,1,0,5,0,1,0,78,100,28,0,62,3,0,1,0,65,0,1,5,0,65,5,31,1,8,0,0,0,1,0,0,22,0,0,0,1,1,1,1,1,0,0,0,2,0,0,0,0,0,0,1,99,1,0,3,0,2,43,3,0,1,0,1,5,0,2,42,60,0,0,85,3,0,3,0,8,5,4,0,2,4,0,26,91,1,0,2,2,0,19,1,0,0,1,0,0,0,0,0,1,107,1,0,84,0,1,1,6,0,262,0,10,0,1,6,0,2,0,0,0,1,0,0,0,0,3,0,49,0,0,1,1,0,0,3,24,0,2,8,1,0,5,0,0,40,0,15,0,1,0,0,0,0,0,0,0,0,1,0,1,0,0,0,0,52,0,0,0,1,18,0,31,0,1,0,0,3,0,0,0,0,0,0,1,0,1,1,0,0,0,0,1,0,2,2,30,4
"ENSG00000230978.2",9,0,0,2,0,1,0,0,31,2,0,0,0,13,60,0,0,1,0,0,1,0,2,0,0,0,0,0,0,1,0,1,1,0,0,23,19,1,0,0,0,0,0,5,0,0,14,1,3,0,0,1,0,1,0,0,12,0,0,0,0,0,0,0,0,0,0,18,0,0,0,8,0,0,0,0,1,0,0,0,0,0,13,0,0,0,0,94,3,0,7,22,0,0,5,0,6,0,0,1,1,0,6,0,0,1,0,0,1,0,0,0,1,10,0,0,0,0,0,3,7,0,1,0,5,0,0,0,0,1,0,0,5,4,4,0,0,0,0,0,0,1,3,0,1,0,0,0,0,1,0,0,1,2,2,0,6,0,0,0,0,2,1,0,0,0,8,1,0,1,0,0,3,0,3,1,5,1,1,14,0,0,4,0,0,10,0,0,0,0,0,0,0,0,6,0,0,1,0,0,0,6,0,15,0,0,0,0,2,0,0,0,1,0,0,1,0,0,1,6,0,0,0,0,0,0,38,0,0,0,0,0,5,0,0,43,0,2,0,0,0,1,9,1,1,0,0,49,2,0,0,0,0,0,0,0,0,0,29,0,0,1,2,1,0,0,0,0,0,0,1,0,0,0,0,0,0,0,0,1,0,4,0,0,0,0,0,0,0,0,0,0,0,0,0,0,0,39,0,5,0,0,0,0,0,0,0,0,0,0,0,0,0,2,0,10,0,0,0,3,0,0,0,0,4,0,0,0,1,0,0,0,25,0,0,0,0,0,0,7,1,30,0,0,0,0,0,0,1,0,0,0,0,1,0,1,0,0,0,0,0,2,31,1,0,0,0,0,6,1,0,0,0,0,0,0,0,0,0,0,0,0,1,2,0,0,0,0,0,0,4,1,0,0,0,0,5,1,2,0,0,0,1,0,64,0,3,3,0,0,2,0,0,3,0,0,0,0,0,0,0,0,3,1
"ENSG00000230991.2",0,0,0,0,0,0,13,0,1,0,0,0,0,90,5,0,0,2,0,0,0,0,48,0,117,0,0,46,0,2,0,0,14,36,0,0,18,0,0,0,0,0,1,0,0,1,1,10,0,0,1,34,0,25,0,1,0,0,78,0,0,0,0,6,0,0,0,1,0,0,27,0,6,0,0,0,13,0,10,24,12,61,1,0,26,0,0,20,1,0,0,25,1,5,0,0,0,2,0,0,0,0,0,0,0,0,6,0,134,135,0,0,0,8,0,0,1,23,24,4,0,56,0,0,0,0,1,8,0,15,2,0,14,0,0,0,0,0,23,29,0,0,8,1,0,15,0,0,2,0,0,0,0,105,0,0,0,0,0,14,11,0,0,0,0,1,0,0,0,1,12,9,0,28,0,0,0,23,0,54,0,0,3,0,0,0,58,0,0,166,0,0,1,26,9,0,0,0,0,0,0,0,0,67,0,19,0,0,13,0,0,0,0,0,27,0,0,0,4,41,0,21,0,0,0,0,10,0,0,0,0,2,1,0,8,2,1,0,0,0,0,0,0,0,4,0,1,0,0,1,0,0,0,0,0,1,0,0,33,30,36,6,0,85,0,0,0,0,163,0,11,0,5,0,0,0,14,0,0,13,5,17,1,0,0,0,0,0,0,1,0,0,0,0,0,44,2,0,0,0,0,0,1,0,3,0,0,0,12,69,0,0,0,0,0,0,68,0,0,1,0,0,0,0,8,0,0,0,24,0,23,0,7,1,1,0,0,0,0,0,0,0,0,3,33,10,1,0,5,0,0,15,0,200,0,1,0,1,0,0,0,0,3,0,0,0,0,0,0,0,0,3,0,0,90,1,47,3,0,1,53,62,2,0,0,0,0,36,2,0,0,0,0,0,0,0,18,4,1,0,11,1,0,0,2,1,20,10,0,0,0,5,0,0,25,0,32,0,0,0,0,1,0,0
"ENSG00000231013.2",519,10,50,486,38,14,0,0,19,892,17,2,31,721,386,18,1,15,448,172,258,9,56,4,12,6,76,102,8,305,91,493,12,21,1,55,15,22,0,13,24,98,220,1,68,4,22,100,13,27,27,26,12,1,2,17,15,8,32,1,2,96,198,14,4,16,6,9,16,19,315,149,15,13,36,9,504,19,15,4,18,64,28,328,17,25,34,5,24,5,132,14,8,67,2,4,4,3,2,34,30,12,1370,5,127,3,7,11,287,347,51,23,16,569,11,1,260,0,8,9,1,200,1,0,82,11,34,4,12,3973,8,10,97,118,115,4,14,6,11,0,5,381,232,11,95,95,4,13,50,1006,3,21,72,96,26,10,18,37,22,41,38,42,58,45,84,21,30,167,8,677,132,7,14,97,80,3,10,0,505,2,2,10,20,89,0,43,72,13,13,9,128,1,14,15,317,3,13,11,3,48,7,117,10,15,4,12,8,531,8,9,20,6,38,20,53,190,1,83,28,117,5,0,18,63,44,16,19,671,19,3,21,6,26,3,11,22,11,12,19,7,93,419,147,9,62,15,0,9,23,11,27,19,8,53,5,13,14,35,0,1187,11,52,232,63,19,84,304,12,35,5,40,10,33,8,13,19,6,1,17,227,20,0,12,8,20,45,6,25,57,39,85,39,103,7,11,8,672,31,0,2412,82,17,11,13,1,69,7,4,27,1,3,19,0,164,301,455,4,408,26,13,847,1309,4,107,18,19,58,9,5,17,1,5,111,24,65,12,20,2007,3,17,5,3,34,78,17,103,3,7,5,5,9,723,147,28,5,7,120,867,11,6,31,199,28,26,753,13,14,81,13,36,2,2,8,2,64,1,72,37,0,24,1,32,74,255,20,612,25,38,77,2,191,19,6,114,9,28,16,22,129,13,14,5,40,6,77,156,11,4,2,12,203,13,62,89,208,1,10,27,8,52,2,0,15,18
"ENSG00000231047.1",0,0,0,0,1,0,0,0,1,0,1,0,0,0,0,0,2,0,0,4,1,4,0,0,2,0,0,12,0,2,6,1,2,2,0,0,2,0,0,2,2,2,1,0,4,0,0,1,3,0,0,4,2,0,0,0,1,0,0,0,0,0,3,0,1,5,1,0,0,0,2,1,0,0,0,2,0,0,0,3,0,2,1,0,1,0,0,0,1,0,0,2,0,0,0,6,0,0,0,0,0,11,0,1,1,0,1,1,1,0,0,10,0,2,0,1,1,4,0,0,2,1,2,0,0,5,0,0,1,4,0,10,0,4,0,4,0,0,0,1,1,1,2,6,4,0,0,0,0,2,12,1,0,0,6,0,0,2,0,5,1,0,1,0,0,3,5,0,0,2,0,0,0,1,0,0,0,0,0,1,3,0,1,2,0,0,0,0,0,2,3,0,0,2,1,0,0,0,3,0,3,3,0,4,2,3,2,0,0,5,0,0,0,0,5,0,0,0,0,9,2,0,0,1,1,3,1,5,0,1,0,0,1,0,0,0,1,0,0,1,1,3,0,3,3,4,0,0,0,0,1,0,6,1,4,0,2,0,0,7,2,2,2,2,3,2,0,7,1,8,0,2,0,3,0,1,0,0,0,0,5,0,0,2,3,0,0,0,0,0,5,0,0,0,0,0,12,0,0,0,3,0,0,0,0,0,0,1,0,1,0,1,0,2,0,5,0,0,0,0,0,0,5,7,0,0,1,0,0,2,0,0,0,0,4,12,0,1,0,0,1,0,2,0,1,0,0,1,0,0,3,6,2,1,1,3,0,3,6,1,2,0,0,1,0,5,0,1,0,0,0,0,0,0,0,0,4,6,3,2,0,0,0,0,0,0,0,0,0,7,2,0,0,0,0,2,0,0,2,3,1,0,1,3,0,0,1,8,0,0,0,0,1,5,0,0,0,0,1,6,0,0,0,4
"ENSG00000231057.4",2,1,0,0,0,1,0,0,1,6,2,0,1,8,3,0,1,3,0,1,0,0,0,0,0,10,1,1,2,5,4,4,6,2,0,2,7,0,1,1,5,1,2,2,0,5,1,0,1,2,0,4,1,1,0,3,0,19,1,3,4,8,1,2,0,12,2,0,0,3,11,2,0,0,1,0,7,2,3,1,1,5,2,5,3,0,0,0,0,1,1,1,0,22,1,0,1,1,0,3,0,0,5,1,1,2,2,0,33,1,1,0,0,5,4,1,4,4,3,5,2,0,0,5,1,0,0,8,1,21,2,0,6,1,0,0,2,0,4,2,0,3,4,0,0,2,2,3,4,2,0,1,0,2,1,1,0,7,1,0,4,1,1,4,3,2,1,4,3,1,0,0,0,11,1,0,2,7,4,0,0,1,0,5,0,3,1,0,0,2,0,0,2,3,0,1,0,11,0,5,0,1,5,17,0,3,0,1,0,0,0,3,4,2,1,8,0,1,0,2,0,0,2,0,0,0,0,4,0,0,6,1,2,0,1,5,0,0,0,2,0,0,2,1,7,10,0,3,0,2,0,4,2,3,0,1,0,0,1,17,8,0,3,11,0,1,5,1,1,0,2,0,5,1,0,1,1,0,0,3,74,1,0,2,1,0,0,0,1,3,0,1,0,3,5,6,6,1,0,1,6,0,15,1,6,0,1,0,0,1,0,10,1,2,1,1,1,2,0,1,2,29,0,10,0,0,0,1,4,0,4,1,1,2,4,0,1,3,1,1,0,1,1,2,2,1,0,4,4,0,1,6,0,7,1,0,1,11,6,0,5,0,1,2,39,1,0,2,0,0,3,1,4,1,4,1,0,0,1,36,0,0,1,0,0,0,3,0,1,8,2,0,0,2,5,1,6,6,0,0,2,0,1,0,2,0,3,3,2,0,0,2,1,0,0,1,0,0,4,1,0,2,12,1
"ENSG00000231106.2",5678,0,0,43,3,0,55,0,3,0,1,0,6,1794,1483,8,7,14,1,5,3,0,15,2,9,0,2,363,0,1081,1,174,24,3,5,0,460,13,0,1,4,30,8,3,56,24,10,7,1,0,2,39,26,78,0,8,18,0,0,0,2,182,0,5,9,0,16,13,9,4,101,163,1,4,3,1,596,5,0,41,8,1,7,24,11,0,13,0,107,5,25,6,0,0,8,0,27,80,3,51,14,28,782,0,56,17,0,11,266,0,10,1,34,1,0,3,3,1,222,443,2,15,9,12,20,10,58,70,2,452,19,0,431,33,238,1,0,1,16,12,1,3,612,17,32,2175,8,2,2,8,5,8,1,8,16,1,17,0,1,451,0,21,107,22,0,0,44,46,3,8,2,5,56,440,21,1,12,52,73,2,0,3,4,4,149,12,0,5,0,3,0,10,366,55,38,0,2,8,1,248,2,2,1,250,0,27,14,7,49,1,13,388,8,0,8,2,11,202,688,4,0,3,0,11,2,6,0,21,10,18,2,2,50,12,1,0,1,0,2,25,4,12,1,2,9,574,3,11,69,7,6,0,9,1,0,0,2,11,1,261,32,3,247,9,3,6,15,3,14,2,29,2,669,2,2,0,18,0,1,5,156,1,4,24,0,14,0,37,5,157,58,22,15,1,4,1,4,3,3,15,3,0,18,1,22,4,0,10,235,0,0,0,2,132,10,180,676,11,3,4,1,135,0,6,18,19,13,15,4,0,456,7,21,1,1,0,15,1092,1,17,1,100,0,2,190,15,0,18,60,5,3,2503,0,17,0,5,5,50,29,2,73,23,23,1,4,0,0,16,34,1,0,8,34,5,414,1,116,22,2,21,1,7,0,41,7,1,9,0,0,2,4,0,0,4,0,1,14,0,65,2,1,1,18,0,15,0,509,586,1,46,36,7,5,6,3,0,0,557,38,3,1,0,4,0
"ENSG00000231107.2",1,1,25,2,0,0,51,0,0,0,0,0,0,663,63,1,0,3,0,0,1,0,0,0,0,0,0,0,0,4,0,58,4,0,0,0,273,0,0,0,0,3,0,13,0,0,0,4,0,0,0,1,2,1,0,1,0,0,0,0,0,42,0,0,0,0,0,0,0,0,4,0,0,0,0,0,3,0,1,4,2,0,1,0,0,0,0,4,0,0,0,39,0,53,0,0,0,0,0,5,0,0,0,0,0,1,0,0,5,0,0,0,2,0,0,0,0,0,0,761,61,8,0,0,14,0,3,0,0,50,0,0,424,0,2,1,0,1,0,0,0,0,138,1,1,532,1,0,0,0,0,1,0,0,1,0,0,3,7,0,0,0,0,0,0,1,0,3,0,0,3,1,8,0,0,0,0,0,0,0,0,0,0,0,1,0,0,0,0,0,0,0,0,168,2,0,0,0,0,0,0,1,0,1,2,11,1,0,1,0,0,0,589,0,0,0,3,0,1,1668,0,0,0,0,1,0,0,7,2,1,1,0,15,7,0,17,1,1,0,0,2,0,2,1,1,5,0,0,0,195,0,0,0,0,0,0,4,0,2,0,44,0,3,0,0,0,0,1,0,0,0,1,60,0,0,0,0,1,0,1,0,0,0,3,4,0,1,1,0,1,2,0,0,90,0,25,1,1,0,1,1,0,0,0,0,0,0,0,0,0,0,0,0,0,1,0,8,0,0,19,0,0,0,0,0,1,2,0,0,1,13,0,5,0,1,0,0,346,0,0,0,1,19,1,0,1,0,0,0,0,0,5,0,0,0,0,1,2,0,0,1,0,2,0,0,0,0,6,0,2,0,0,0,3,0,0,0,2,0,0,0,0,0,1,3,14,0,1,2,0,0,0,0,0,0,0,2,0,15,0,0,0,0,0,620,178,188,4,0,1,0,0,0,0,0,0,0,0,0,1,1,0,0,2
"ENSG00000231131.8",1,9,7,380,9,399,246,20,27,12,37,3,147,39,91,14,71,104,0,319,288,19,6,138,5,25,24,7,322,7,11,35,265,43,271,11,191,343,0,18,11,3,392,8,12,139,190,247,1,17,3,182,24,41,0,1,218,274,6,1,1,320,0,5,8,24,14,7,322,1,30,716,795,11,7,8,0,211,152,171,100,120,93,276,14,9,444,482,241,575,995,523,293,699,9,12,34,4,807,0,817,19,11,2,239,37,2,17,52,9,62,13,293,14,8,221,35,46,70,1053,117,1,64,60,192,0,1,110,47,8,115,13,281,777,209,16,60,26,0,29,4,181,40,39,47,10,9,77,34,0,4,0,2,10,8,756,668,643,32,19,168,1086,284,283,2,15,340,60,2,9,0,310,486,5,688,149,1257,27,9,198,10,122,459,26,34,68,1,0,751,2,425,107,0,118,310,0,9,1150,4,1,216,2,20,87,17,1250,69,0,227,1,116,50,885,384,48,7,0,88,77,74,8,5,479,242,20,3,18,3,58,44,101,95,440,336,12,537,5,3,100,1224,23,424,15,3,207,4,285,355,85,11,1,1517,9,86,20,24,12,21,253,7,47,21,54,232,5,495,217,13,3,12,993,2,11,5,964,168,348,3,11,5,14,472,0,0,15,97,17,133,763,337,4,467,20,636,32,364,7,62,185,3,146,4,8,6,204,150,176,404,22,5,52,10,255,147,82,12,259,2,468,321,3,14,10,4,1521,0,7,0,617,23,25,305,23,6,16,26,6,9,1,779,9,810,475,2,207,34,75,104,111,5,3,71,113,135,73,9,202,3,181,351,45,8,280,274,1,53,443,549,1,553,4,477,235,46,30,3,3,2,58,0,6,38,153,1006,17,448,198,57,14,8,286,8,5,14,59,171,75,215,2,9,8,0,17,6,182,0,371,213,1,201,325,2,115,137,738,0,3,19,11,14,18,66,0,14
"ENSG00000231156.1",0,0,74,0,6,0,0,1,1,0,0,0,0,0,9,0,0,0,1,7,0,0,0,0,0,0,0,0,0,0,10,0,0,0,0,0,0,0,0,0,0,6,0,0,0,0,0,0,0,0,0,0,0,0,1,1,0,0,0,0,0,0,0,0,0,2,1,0,0,0,33,0,0,0,0,0,66,3,0,1,0,0,3,0,0,0,0,0,1,1,12,0,0,0,0,0,0,1,0,3,0,0,31,0,0,1,0,0,12,0,0,0,0,0,0,0,2,0,0,0,0,0,0,0,0,0,0,2,0,0,0,0,0,0,0,0,1,0,0,0,0,3,0,0,0,0,0,2,0,3,0,0,0,0,0,0,0,0,0,0,0,0,0,3,9,0,0,39,1,3,0,1,3,0,0,0,1,15,2,0,0,0,0,0,0,0,0,0,0,0,0,5,0,0,0,0,0,0,0,7,0,0,3,0,0,1,2,0,0,0,1,1,0,0,0,0,0,0,0,0,0,0,2,0,0,0,0,0,0,0,3,0,0,0,0,0,0,0,0,0,0,0,0,0,24,0,0,2,0,0,0,1,0,0,0,0,0,14,0,1,0,0,2,1,0,5,6,0,0,0,0,0,0,0,1,1,8,0,0,2,0,0,0,1,0,0,0,0,0,0,0,0,7,0,0,0,0,0,0,0,0,2,4,0,0,0,0,0,1,0,0,9,0,1,0,0,0,13,0,0,3,4,0,6,0,0,0,0,0,0,0,0,0,0,0,0,0,0,0,0,0,0,0,3,0,0,0,0,0,0,0,0,0,0,0,0,9,1,2,0,0,1,0,15,18,0,8,0,0,0,0,1,6,0,0,0,0,0,0,0,0,1,0,0,0,1,2,1,0,0,1,0,0,3,0,0,0,0,0,0,0,0,0,0,0,17,0,0,0,0,0,0,0,0,0,0,0,8,0,0,0,0,0,0
"ENSG00000231172.2",32,0,0,4,4,16,0,1,16,4,1,3,33,1,1,1,1,2,8,1,1,3,0,0,3,1,0,6,0,24,0,0,20,0,0,158,27,0,0,2,4,0,8,5,0,0,0,23,0,1,0,0,2,14,2,1,6,4,0,1,3,4,3,1,0,1,0,8,0,1,6,5,7,1,0,0,0,2,209,0,14,1,2,14,2,0,4,3,2897,3,13,100,5,86,0,0,3,0,20,0,3,1,0,2,5,3,5,1,16,4,13,0,76,0,0,7,21,2,0,77,0,1,1,0,3,0,0,0,5,1,1,0,3,3,1,0,1,0,1,0,2,5,261,2,0,0,1,0,1,1,0,0,0,1,0,3,1,3,3,4,0,28,1,3,1,0,5,2,1,1,8,0,6,1,1,1,5,49,4,4,0,0,1,8,0,5,0,0,3,0,3,11,0,7,0,0,0,30,13,0,0,0,2,0,0,0,1,0,3,0,2,0,10,2,3,0,2,0,7,116,1,0,8,0,1,0,6,0,0,3,13,2,3,1,3,57,0,11,0,0,5,1,3,4,2,3,3,16,2,0,2,5,1,0,0,0,1,1,4,0,2,0,80,14,2,28,2,4,0,1,17,0,1,0,1,0,185,0,1,1,1,150,0,0,4,6,1,1,6,1,3,15,3,0,9,71,2,3,0,0,3,0,16,2,3,0,100,1,2,10,2,16,0,2,25,0,65,1,1072,7,0,2,0,1,6,1,3,0,4,0,7,9,24,0,8,0,13,0,0,4265,0,2,1,0,0,1,1,6,25,0,0,33,0,20,2,0,5,0,16,0,0,1,11,8,1,0,1,10,3,1,0,6,118,56,2,0,1,0,0,0,0,0,0,35,15,0,14,11,0,0,3,2,0,3,0,1,15,107,3,1,1,0,3,2,0,0,10,0,0,797,2,0,0,3,1,0,0,3,0,2,0,1,83,2
"ENSG00000231208.4",0,0,0,0,0,0,0,0,0,0,1,0,4,26,25,0,0,1,0,0,0,0,0,0,10,0,0,0,0,2,1,0,0,4,0,0,0,0,0,0,0,1,0,0,0,0,0,0,1,0,0,9,0,1,0,0,0,0,33,0,1,1,0,2,0,0,0,0,0,0,2,0,1,0,0,0,0,0,13,1,1,29,0,0,4,0,0,0,0,0,0,0,0,0,0,0,0,0,1,0,0,0,0,0,0,0,1,0,1,0,0,0,0,7,1,0,0,0,0,2,0,2,0,0,1,0,0,10,1,0,0,0,5,0,0,0,0,0,0,0,0,1,1,0,1,1,0,0,0,0,0,0,0,10,0,0,0,0,0,0,21,0,0,0,0,10,0,0,0,35,0,0,0,0,0,0,0,0,0,0,0,1,5,0,27,0,12,2,0,20,0,0,0,0,7,0,0,2,0,0,0,0,0,4,0,20,0,0,0,0,0,0,0,0,0,3,0,0,3,0,0,2,0,0,0,0,0,0,0,0,0,0,1,0,0,0,0,0,0,0,0,0,0,0,0,0,0,0,0,0,0,0,0,0,0,0,0,0,0,22,68,46,0,82,0,1,0,0,25,0,0,0,14,0,0,0,0,0,0,0,1,0,0,2,0,0,0,0,0,0,0,0,0,0,0,4,16,0,1,0,0,0,0,0,0,0,0,0,1,78,0,1,0,0,1,1,32,1,1,0,0,0,0,0,0,0,0,0,0,0,32,0,0,1,0,0,0,0,0,0,0,0,0,0,15,10,0,0,2,0,0,0,0,1,0,0,0,1,0,0,1,1,0,0,0,0,0,0,0,0,0,0,0,9,40,0,6,0,0,0,2,6,0,0,1,0,1,0,0,0,0,0,0,0,1,0,3,0,0,0,5,0,0,0,0,1,0,0,0,0,0,0,1,0,0,0,2,1,0,0,0,0,0,0
"ENSG00000231210.3",0,0,0,2,0,0,7,0,3,1,1,22,0,2,3,1,0,0,2,3,3,1,3,1,2,16,2,0,2,4,0,1,3,2,0,1,7,0,4,12,17,0,14,10,1,5,1,0,0,0,0,2,0,13,0,2,0,5,0,0,2,0,0,1,1,1,0,4,1,0,2,3,1,0,13,0,0,0,13,0,13,1,2,5,3,4,0,17,1,0,0,12,1,16,0,1,0,0,31,1,0,1,7,0,0,1,25,0,2,10,3,0,1,1,2,5,0,3,16,18,0,0,0,83,1,1,1,2,0,1,0,0,1,2,1,0,0,0,3,0,1,0,0,6,0,0,0,0,2,0,2,0,6,3,4,0,0,1,1,0,0,0,1,0,1,0,3,0,3,0,0,0,6,0,1,7,7,8,0,1,1,0,1,1,3,0,1,0,0,3,0,1,0,2,1,0,3,4,3,0,1,1,0,0,1,0,1,0,0,1,3,0,22,0,0,1,0,6,1,12,0,0,0,0,0,0,3,1,0,41,3,1,1,0,7,15,0,1,8,28,0,0,10,0,0,2,7,0,7,1,1,0,0,32,4,0,1,0,0,1,6,1,1,34,0,1,0,0,1,3,0,1,20,0,8,4,38,0,5,5,0,17,4,0,0,1,0,0,2,1,0,0,1,0,8,88,3,0,4,0,0,4,1,1,2,0,30,0,2,2,0,0,16,0,0,0,78,0,1,0,0,0,1,0,1,1,1,3,99,0,0,0,11,29,1,0,6,0,3,0,0,20,1,0,0,1,2,0,1,0,2,6,1,2,0,0,0,1,2,0,5,0,1,1,0,0,0,18,3,0,1,8,1,3,1,0,0,1,0,0,4,2,2,0,0,0,0,3,156,1,1,2,0,0,0,2,1,6,1,1,1,0,0,0,4,0,5,3,0,4,0,26,0,1,0,0,0,3,0,0,2,0,0,0
"ENSG00000231226.1",1,0,0,3,0,2,2,0,0,0,0,0,2,12,6,0,4,6,1,2,2,0,0,2,1,1,0,12,0,14,8,3,5,2,0,5,0,0,1,6,1,0,3,0,0,0,0,1,1,0,0,22,0,2,0,2,0,0,0,0,0,12,0,0,0,28,2,0,5,2,7,0,0,0,0,0,13,0,0,14,2,2,32,1,1,0,1,0,3,1,1,14,3,0,0,0,2,3,2,1,0,0,6,0,2,0,7,0,6,1,3,0,1,2,0,1,0,0,0,3,0,4,0,0,2,0,0,0,2,5,2,0,7,0,5,0,0,0,4,0,0,5,3,0,9,9,17,1,2,0,0,0,0,0,2,0,24,0,3,9,1,3,6,2,1,1,21,1,1,9,0,1,0,11,2,0,3,1,51,2,0,0,2,5,0,1,1,2,1,3,0,0,8,3,0,4,1,0,0,1,0,2,3,19,0,3,2,1,4,6,0,2,1,2,5,3,0,0,5,3,0,0,0,4,0,0,0,9,0,0,1,5,3,1,0,1,0,0,0,5,1,1,0,0,12,1,1,1,1,14,0,0,0,6,2,0,0,0,1,14,0,0,8,3,0,3,0,0,17,0,3,0,1,1,0,1,2,0,0,1,1,2,0,1,0,1,0,1,2,5,0,0,1,0,0,6,4,0,0,0,5,0,0,0,2,0,1,0,1,1,1,3,0,3,0,9,5,0,3,0,1,0,0,8,2,3,1,0,1,0,1,1,0,4,0,2,0,6,0,3,0,0,4,1,6,1,0,0,0,0,0,21,0,3,1,0,1,1,3,0,0,2,0,0,0,0,1,2,0,0,1,1,0,0,15,1,3,1,0,12,1,2,15,0,4,1,1,4,0,0,8,0,2,6,2,2,2,2,7,0,0,0,1,0,4,0,8,1,0,4,1,0,8,1,0,0,0,0,3,0,0,0,0,2
"ENSG00000231240.1",127,0,0,0,0,1,0,0,0,0,0,0,0,3,80,0,2,4,0,0,0,0,6,0,4,0,0,23,12,16,12,0,5,0,0,0,2,1,0,0,0,12,12,0,0,0,0,0,0,0,0,10,0,71,0,0,0,0,0,0,0,1,0,0,0,1,0,0,0,0,232,0,0,0,0,0,56,0,1,54,14,150,0,0,0,0,0,0,0,0,1,0,10,0,0,0,0,0,41,0,0,0,0,0,0,0,0,0,90,0,0,0,0,10,1,0,0,0,0,0,0,3,1,0,0,0,0,9,1,0,0,0,4,0,0,0,0,0,0,0,0,0,61,0,53,79,0,44,5,0,0,0,0,3,0,0,0,1,0,100,0,0,0,3,22,2,22,0,0,39,0,0,0,12,0,0,0,13,420,0,0,6,82,0,0,0,0,0,18,28,0,0,0,1,0,0,0,0,0,0,0,0,35,9,0,17,0,0,22,0,0,2,0,105,0,0,1,0,20,30,0,0,0,0,0,0,0,0,0,0,0,0,0,0,0,0,0,0,0,2,0,0,0,0,0,8,0,0,0,0,1,3,0,3,0,0,0,0,1,134,1,0,0,133,0,0,0,0,0,0,0,0,114,0,0,0,5,0,0,0,0,1,0,0,0,0,0,0,0,0,1,0,0,0,0,91,36,0,0,0,0,0,8,0,1,0,0,0,26,15,0,0,0,0,0,30,2,11,1,13,0,0,0,23,0,1,0,0,0,1,14,0,0,0,0,0,0,1,0,0,0,0,0,14,2,0,2,0,0,0,0,1,0,55,0,0,0,0,0,0,5,0,0,10,0,0,4,7,0,0,0,0,0,0,89,0,0,0,0,0,0,61,0,0,0,0,0,3,0,0,7,0,0,0,0,0,2,29,0,0,0,0,3,0,0,0,0,0,0,0,0,0,0,0,0,0,0,26,0,0,0,0,0,0
"ENSG00000231252.3",0,0,2,2,6,5,0,0,0,1,0,0,1,13,0,0,22,0,0,16,1,0,0,1,3,15,1,7,2,6,4,6,30,1,1,2,0,1,1,4,0,1,9,2,3,18,2,4,0,0,0,23,0,0,1,7,0,0,47,2,0,4,0,1,0,0,0,1,3,6,408,10,3,1,0,0,67,24,10,1,3,9,3,0,1,8,9,0,10,1,3,1,2,6,0,0,3,0,14,16,1,0,3,3,1,2,3,0,21,0,0,3,1,85,1,0,32,5,0,4,0,166,0,1,5,1,4,0,0,9,0,2,33,5,1,1,0,0,9,1,0,15,17,0,2,8,3,6,2,0,3,0,0,0,0,0,1,0,0,5,0,0,3,15,14,9,2,11,0,60,1,0,0,106,0,0,2,6,3,0,0,1,1,1,2,0,0,19,3,0,0,0,2,0,0,57,0,0,0,1,0,14,24,9,1,18,1,22,1,3,1,4,2,12,38,0,0,0,21,36,0,0,1,3,1,0,1,2,0,2,3,2,2,0,0,0,0,0,0,0,0,23,0,1,7,2,1,0,1,0,0,0,0,0,0,0,0,0,0,121,1,7,11,15,0,76,7,0,0,1,7,0,17,0,0,0,5,0,1,7,18,0,1,0,0,2,0,0,1,6,5,0,5,0,1,2,1,0,0,1,0,3,25,0,22,0,2,3,0,28,1,10,0,10,2,1,7,1,4,10,0,6,0,5,2,1,2,0,0,0,1,1,1,0,1,0,0,19,0,2,0,2,5,0,3,3,0,3,2,0,1,110,1,1,0,0,3,0,27,1,1,0,1,2,22,3,3,1,0,3,0,3,2,2,7,1,0,1,0,138,0,21,1,0,0,1,1,3,0,0,0,0,2,3,0,5,2,0,6,0,0,0,1,0,18,0,12,3,1,2,2,0,0,0,8,0,15,0,1,0,0,0,0,2
"ENSG00000231274.5",17,0,0,15,10,3,1,1,25,1,2,3,2,7,112,3,1,0,3,3,2,0,8,2,4,0,0,36,0,4,2,9,191,5,142,54,448,0,1,1,0,6,6,1,4,0,1,10,0,2,0,257,1,1,4,0,19,2,1,1,0,9,1,5,0,2,4,0,2,4,16,35,3,0,0,0,2,2,2,17,25,6,32,1,3,0,0,0,9,0,5,500,0,6,1,0,2,4,7,7,2,0,0,0,2,3,1,1,18,2,2,5,23,15,2,20,8,2,270,707,2,4,2,4,16,3,1,0,0,18,4,1,3,2,28,4,3,0,9,1,2,12,29,5,5,7,1,1,1,1,0,0,0,0,5,14,14,10,0,37,9,0,25,1,0,0,67,3,0,61,0,0,229,3,0,3,1,2,30,8,0,5,2,11,0,2,0,4,34,2,2,4,1,14,26,0,0,100,7,5,2,9,6,1,1,3,4,1,0,2,8,3,4,84,11,4,0,0,37,65,0,0,0,8,0,2,1,5,2,72,3,9,9,1,0,4,0,0,3,2,5,38,3,0,10,1,0,0,4,3,1,0,0,2,0,7,0,1,53,3,1,3,2,4,4,7,7,0,4,0,58,4,31,0,13,1,3,0,0,2,3,6,0,1,2,1,0,2,0,7,0,11,0,1,2,509,136,2,5,31,7,2,5,17,0,1,2,2,1,13,3,2,4,1,2,25,2,3,27,6,5,4,0,2,8,1,12,2,3,1,2,0,45,0,2,0,20,4,1,16,0,1,13,0,22,3,4,0,3,2,1,52,0,6,0,7,5,0,24,5,16,8,12,4,14,15,0,48,3,0,0,8,2,5,1,0,13,6,5,0,0,2,1,39,4,33,2,15,0,2,2,2,0,0,0,0,101,0,6,0,2,0,3,6,15,1,40,17,0,25,8,0,1,4,7,0,2,2,1,3,1,1,3,1
"ENSG00000231419.6",3,2,137,0,1,3,0,0,0,1,0,137,9,26,267,3,3,7,0,4,0,3,0,0,113,0,0,35,0,28,22,9,201,152,1,24,2,0,0,0,0,6,0,0,3,2,0,38,2,0,0,394,1,21,0,0,1,0,177,0,0,92,0,1,1,0,0,0,0,1,241,2,0,0,1,1,0,0,0,3,30,47,11,1,4,0,0,0,1,0,9,10,0,0,0,3,0,307,0,3,0,3,0,0,0,0,1,3,71,0,0,2,1,48,7,16,12,5,0,0,1,62,1,1,2,0,2,8,0,36,0,3,36,0,2,1,0,1,1,24,0,1,26,0,1,1454,184,1,2,1,1,3,0,152,0,0,0,4,61,94,1,1,0,0,4,1,2,0,0,16,0,1,0,114,1,0,2,4,1,0,0,1,2,475,287,1,139,0,1,0,0,2,1,447,19,0,0,0,0,0,10,1,0,2,1,110,0,2,21,290,0,2,0,85,4,13,0,0,59,8,1,14,0,0,5,1,0,150,1,0,0,3,3,0,32,0,0,0,0,0,4,2,3,1,2,0,1,0,1,0,0,1,1,7,0,0,4,6,1,2,28,1,0,47,0,1,2,3,197,0,65,1,42,0,0,0,25,1,1,69,2,24,0,1,1,0,3,1,0,2,6,0,1,1,0,2,560,0,0,3,17,1,3,0,1,35,0,12,255,9,1,3,117,2,2,50,212,1,4,27,1,2,1,4,0,1,3,36,2,1,486,0,32,2,1,3,0,0,3,3,0,0,28,1,234,86,7,37,0,1,1,2,0,164,0,4,0,3,2,0,1,0,1,7,12,0,0,0,2,0,0,0,0,18,149,4,152,0,0,0,4,122,0,5,0,69,2,2,7,0,0,1,2,0,0,2,50,6,4,0,3,0,2,0,1,101,1,0,1,0,6,0,0,1,91,0,21,0,0,5,4,0,1,1
"ENSG00000231421.8",0,0,0,0,0,0,3,0,0,0,0,0,0,72,0,0,0,0,0,1,0,0,0,10,1,0,0,12,0,1,0,0,5,20,1,0,73,0,0,0,0,1,0,0,0,0,0,0,0,0,0,30,0,5,1,1,2,0,2,0,0,0,0,0,0,0,0,0,0,0,112,0,0,0,0,0,1,0,3,20,131,117,15,0,0,0,0,1,0,0,1,1,0,0,0,0,0,4,0,3,0,0,0,0,0,0,0,0,12,0,0,0,0,0,0,1,4,0,0,2,0,3,1,0,0,0,0,13,1,0,0,0,222,0,0,0,0,0,0,0,0,1,0,0,0,0,0,0,0,0,0,0,0,0,0,0,0,0,0,0,0,2,0,0,0,30,0,0,0,0,0,0,0,0,0,0,0,23,0,0,0,0,0,0,0,0,134,0,0,0,0,0,0,9,7,0,0,0,0,0,0,0,0,3,0,319,0,0,3,0,0,0,0,0,1,0,0,0,57,70,0,0,0,0,0,0,0,0,0,0,0,0,0,0,0,91,1,0,0,0,0,0,0,0,0,0,0,0,0,1,0,0,0,5,0,4,0,0,0,0,97,112,0,11,0,0,0,0,1,0,0,0,122,0,0,0,0,0,0,0,14,0,100,0,0,0,0,0,0,0,0,0,0,0,0,0,0,0,0,0,0,0,0,0,0,0,0,0,2,0,1,8,0,0,0,0,16,0,0,0,0,0,0,1,1,0,0,0,1,0,271,0,0,0,0,0,0,0,0,0,0,0,0,0,66,165,0,0,1,0,4,0,1,100,0,0,0,0,0,0,12,0,0,0,0,0,0,0,0,0,0,0,0,0,773,0,0,0,0,0,111,61,82,0,0,0,12,0,0,0,0,0,1,0,0,0,4,0,1,0,0,0,0,0,0,0,0,0,0,0,0,0,0,0,1,0,4,1,0,0,0,0,0,0
"ENSG00000231431.7",5,0,3,0,0,0,0,0,0,0,0,0,0,0,4,0,0,5,0,0,0,0,2,0,0,0,0,4,1,0,2,0,0,0,0,0,0,0,0,0,0,0,0,0,0,0,0,0,0,1,0,26,1,87,0,0,0,0,0,0,4,0,0,0,1,0,1,0,0,0,105,0,0,0,0,0,2,0,2,29,76,130,0,0,0,0,0,0,0,0,0,0,59,0,0,0,0,2,40,0,0,0,0,0,0,1,0,0,145,0,0,0,0,0,0,0,0,0,0,1,0,3,0,0,0,0,0,1,0,0,1,8,15,0,0,0,0,0,2,0,0,0,34,0,0,42,0,1,3,0,0,0,0,0,0,0,0,0,0,3,0,0,0,0,7,3,127,0,0,9,0,0,1,3,0,0,0,2,6,0,0,1,3,0,3,0,4,0,1,69,0,5,1,16,4,0,0,0,0,5,0,0,0,87,0,81,1,1,0,0,0,2,0,77,0,0,0,0,27,0,0,0,0,0,0,0,0,0,0,2,1,0,0,0,0,0,0,1,0,0,0,0,0,0,0,0,0,0,0,1,0,0,0,1,0,0,0,0,1,159,54,2,0,36,0,0,9,0,3,7,0,0,92,0,0,0,10,1,0,0,0,3,0,0,0,0,0,0,0,0,0,0,0,3,0,168,79,0,0,0,0,0,2,0,2,0,0,0,9,23,0,0,9,0,1,2,3,1,0,0,0,0,0,0,0,0,0,0,0,0,31,0,1,0,2,0,0,0,0,0,0,0,0,5,47,0,0,0,1,0,1,2,0,113,0,0,0,0,0,0,23,0,1,1,0,0,1,2,0,0,0,6,0,7,3,0,23,0,1,0,1,2,4,0,0,0,0,2,0,0,3,0,0,0,0,0,8,28,0,0,0,0,0,0,2,0,0,0,0,1,1,0,1,0,0,0,1,0,0,0,1,0,0,0
"ENSG00000231439.4",3,0,0,0,4,3,0,2,0,2,1,0,1,16,5,1,1,1,0,2,1,2,2,2,1,0,4,2,0,11,0,3,2,0,1,0,0,2,0,0,0,0,0,2,0,0,2,0,0,0,1,0,1,0,0,0,0,0,0,0,0,15,1,0,0,1,0,0,0,2,58,0,0,0,0,0,3,0,5,1,4,6,25,12,1,0,2,12,2,1,7,5,6,3,1,0,0,1,11,0,0,1,8,0,4,4,0,0,44,7,1,2,0,0,1,1,2,1,27,0,1,0,0,1,1,0,1,3,0,6,0,1,18,0,7,0,0,0,17,0,0,10,2,0,1,5,2,10,5,5,2,1,0,0,0,1,0,3,0,1,0,19,26,8,3,1,4,0,0,6,0,1,0,4,1,0,0,6,16,1,0,1,2,1,0,1,1,0,0,0,0,1,7,1,5,5,0,0,1,19,0,0,1,12,0,30,3,0,2,3,2,0,3,1,1,3,1,0,5,1,0,0,2,4,0,1,1,0,0,0,2,0,0,0,0,4,0,0,1,0,0,0,1,0,20,2,1,0,0,0,1,0,1,0,1,1,1,0,0,1,2,2,0,6,0,1,2,2,59,0,2,0,11,0,1,2,4,0,0,4,1,9,1,2,0,1,0,0,2,3,0,0,0,0,6,2,3,0,0,3,0,1,15,1,2,0,0,0,1,3,0,2,1,1,1,3,0,11,2,0,2,3,0,9,1,0,0,0,0,0,0,3,0,1,0,1,0,21,2,1,0,1,0,0,14,0,0,0,9,0,0,17,0,4,1,0,1,5,5,6,2,1,0,6,9,0,1,4,0,0,0,2,2,0,13,0,3,0,0,1,1,1,4,0,0,3,4,1,0,1,32,0,0,1,0,0,7,8,2,1,3,1,2,0,0,2,6,3,0,0,0,0,0,0,0,0,4,4,2,0,0,1,6,0
"ENSG00000231464.1",0,0,0,1,3,1,0,1,2,3,1,1,0,6,17,1,1,2,1,1,0,0,0,0,3,1,0,0,1,6,1,1,2,1,0,0,0,0,2,2,0,4,2,1,1,0,0,0,0,0,0,1,0,7,1,4,0,4,0,0,0,3,0,1,0,1,2,0,2,1,17,0,1,0,1,0,12,1,0,0,2,5,13,1,1,3,0,1,1,0,3,2,1,0,0,0,0,1,0,1,2,1,1,0,0,1,2,0,9,1,3,0,0,1,1,1,7,1,0,11,0,2,0,1,0,4,0,0,0,5,1,0,19,1,1,0,3,0,2,2,0,4,4,0,0,4,1,15,5,1,0,0,1,0,0,0,1,0,1,5,5,1,0,1,2,0,5,8,3,2,0,1,0,33,0,2,2,1,6,0,0,0,0,2,0,0,3,0,0,0,1,0,0,5,1,6,0,0,0,2,0,3,1,22,0,0,0,1,3,1,0,2,0,1,1,1,0,0,1,2,0,5,0,0,0,0,0,4,0,2,2,3,1,0,0,0,0,1,0,0,0,1,0,0,12,4,12,0,2,2,0,3,0,2,0,3,0,0,0,7,1,0,4,1,0,1,2,1,10,0,0,0,0,0,1,3,0,0,0,3,53,0,1,0,0,0,0,1,0,1,0,0,1,5,0,6,2,0,0,13,3,1,1,0,0,0,0,0,0,1,1,4,0,0,0,2,2,1,0,0,0,15,0,16,0,4,0,1,0,0,1,0,1,2,1,0,1,1,0,0,0,0,5,26,0,0,0,0,5,0,0,19,0,10,1,1,5,2,8,1,2,0,0,7,2,4,0,0,0,0,0,0,1,1,26,0,2,5,0,27,0,1,2,0,0,0,2,1,0,0,2,0,0,3,1,0,1,0,2,0,1,1,1,1,4,0,2,2,0,0,2,0,1,0,0,0,2,1,5,1,0,1,14,0
"ENSG00000231532.6",0,0,0,0,0,0,0,0,0,0,0,4,1,2,1,0,0,0,0,0,0,0,0,0,0,0,0,3,0,0,0,0,0,0,0,0,0,0,0,0,0,0,0,0,0,0,1,0,0,0,0,0,0,47,0,0,0,0,3,0,0,0,0,0,0,0,1,0,0,0,21,0,0,0,0,0,0,0,1,6,8,2,0,0,0,0,0,0,0,0,0,30,28,0,0,0,0,160,1,0,0,0,0,0,0,0,0,0,230,0,0,0,0,0,0,0,0,0,0,8,0,6,1,0,0,0,0,2,0,142,0,0,1,0,0,0,0,0,0,0,0,0,70,0,0,0,2,0,0,0,5,0,0,125,0,0,0,0,134,0,0,0,0,0,0,0,0,1,0,0,0,2,0,17,0,0,1,4,0,0,0,0,0,2,0,0,24,0,0,53,0,0,0,0,0,0,0,0,0,0,1,0,0,493,0,0,0,0,1,0,0,0,1,1,2,0,0,0,0,0,0,33,0,0,0,0,1,1,0,0,0,2,0,0,0,0,0,0,0,0,0,0,0,0,0,0,15,0,1,0,0,0,0,0,0,0,0,0,1,8,5,0,1,6,0,0,0,0,0,0,3,0,32,0,0,0,37,0,0,2,2,1,6,1,0,0,1,0,0,0,0,0,0,0,0,1,257,0,0,0,1,0,30,0,0,0,0,0,10,1,1,0,0,0,0,0,13,0,0,1,0,0,0,0,0,0,0,0,0,0,98,0,0,0,0,0,0,0,0,0,0,1,0,0,0,11,0,0,0,0,0,0,0,12,0,0,0,1,0,0,3,0,0,0,0,0,0,0,0,0,0,0,2,0,2,0,5,0,0,6,0,0,0,0,0,0,0,11,7,0,0,0,0,0,0,0,0,18,0,0,0,0,0,0,0,0,0,0,0,0,0,0,0,0,0,0,0,29,0,1,0,0,0,1
"ENSG00000231563.2",39,0,9,2,15,1,1,0,0,2,1,2,2,42,9,4,2,1,2,6,4,0,2,0,0,3,1,2,1,1,1,4,4,0,1,3,3,0,1,0,0,3,17,0,1,18,2,0,0,0,0,1,0,6,3,4,0,2,2,2,0,0,0,0,1,1,2,2,4,17,21,1,2,0,0,0,145,1,6,5,4,7,2,1,3,3,0,0,4,0,24,2,5,9,1,0,5,0,5,3,0,0,4,0,1,2,1,0,52,27,6,4,2,2,1,0,21,3,10,31,0,2,0,4,4,0,0,2,14,18,0,0,2,0,8,0,1,0,9,1,0,16,1,1,7,2,0,2,11,7,0,1,1,1,0,0,1,9,1,1,1,0,5,2,1,1,21,11,3,5,0,0,1,12,1,2,2,5,14,4,0,4,0,9,1,0,1,0,1,4,0,8,106,6,0,0,1,0,0,10,1,0,12,8,1,2,0,3,2,0,2,7,3,1,0,7,3,0,2,2,1,0,1,0,2,0,0,2,6,0,0,1,2,4,0,8,0,1,0,1,2,1,0,0,16,6,3,3,3,3,0,0,1,4,0,2,1,1,6,5,0,0,19,14,0,4,9,0,4,0,1,1,11,0,2,7,2,0,0,3,1,1,1,0,1,4,0,0,13,8,2,1,7,4,5,9,3,0,0,72,4,1,14,4,3,0,0,0,5,7,2,44,1,3,1,15,2,18,1,4,8,81,0,31,0,12,1,1,0,0,0,1,0,4,9,1,1,3,4,1,0,2,3,12,0,1,0,41,0,0,0,4,2,18,0,2,29,36,5,1,0,4,0,5,18,2,3,8,0,2,4,7,0,0,5,1,1,3,1,1,0,0,0,0,0,1,10,1,0,6,24,1,0,16,18,1,6,15,3,0,0,0,1,1,2,7,2,27,2,0,2,0,0,0,1,0,1,9,0,1,0,2,4,0
"ENSG00000231566.2",6,0,3,0,2,27,0,0,0,4,19,10,17,24,0,1,2,2,17,26,1,0,0,1,1,0,5,2,2,19,31,12,4,0,6,4,0,3,1,3,0,1,9,0,7,10,4,4,2,0,0,1,0,12,16,6,3,19,6,6,2,2,4,1,0,25,0,1,6,5,3,2,9,1,3,0,7,11,43,1,5,4,8,6,8,9,2,5,2,1,8,5,15,19,2,0,2,1,11,8,0,1,9,6,0,6,1,1,5,11,4,1,1,0,19,1,20,2,7,10,0,6,0,0,9,0,0,0,13,1,2,0,15,0,0,0,10,0,4,2,0,14,7,0,4,5,1,31,10,4,0,1,3,2,0,1,0,41,2,4,5,1,1,18,0,3,3,2,0,0,7,0,10,6,0,0,2,10,11,1,1,4,6,0,0,2,1,5,0,1,9,39,8,24,1,6,0,4,2,5,2,4,57,13,0,1,1,2,3,2,3,24,0,6,10,1,0,0,5,23,1,2,19,3,2,1,2,7,0,9,3,3,4,7,5,11,0,6,0,0,0,2,4,6,2,33,6,1,2,15,0,9,2,4,0,0,0,0,6,10,1,2,14,12,0,14,1,3,1,6,2,0,5,2,0,15,9,0,0,2,0,16,0,1,0,12,0,2,23,8,1,2,12,1,7,1,7,2,0,0,5,0,11,0,22,0,0,0,2,16,11,40,2,3,1,0,6,9,0,3,20,5,0,5,8,0,1,0,3,0,2,3,1,0,0,1,14,1,8,0,0,0,14,1,2,0,2,10,8,0,1,6,1,32,9,0,34,0,27,19,0,0,3,6,5,2,1,13,0,1,14,6,28,14,3,2,8,4,1,2,0,1,1,0,1,0,10,12,0,5,9,2,0,40,20,8,5,18,8,0,1,3,2,2,1,0,3,14,0,0,1,0,0,0,11,9,0,8,13,0,0,2,8,1
"ENSG00000231666.7",3,0,15,3,2,4,3,1,1,14,0,5,0,9,3,0,3,1,1,2,0,0,6,4,4,3,3,0,4,3,1,4,2,7,4,4,0,1,9,2,4,2,1,2,1,5,7,5,1,10,0,1,0,6,2,4,3,2,2,2,9,7,2,2,0,3,4,4,0,3,4,18,2,0,6,0,3,7,0,4,5,3,2,7,3,0,6,2,31,5,12,1,3,9,4,0,0,21,0,3,13,0,22,5,3,6,9,1,4,3,7,3,7,14,0,5,13,5,1,5,1,4,1,12,5,0,1,4,5,6,2,0,4,2,5,0,5,0,1,2,1,10,2,1,2,3,2,0,3,1,2,0,5,9,2,5,1,7,7,5,15,1,1,6,1,7,3,2,6,5,1,2,3,6,3,1,8,3,0,1,0,16,6,2,2,5,13,3,0,3,0,6,3,5,4,2,0,3,0,7,1,4,11,18,0,1,2,12,7,2,2,2,1,4,4,1,1,0,6,2,0,6,1,0,0,0,3,1,5,3,5,5,14,3,0,2,0,5,5,12,8,10,3,1,3,3,0,13,4,3,4,3,1,5,0,3,0,19,2,1,5,4,1,3,0,10,4,0,14,0,6,0,4,0,7,2,5,0,0,4,10,5,2,0,0,8,0,13,4,12,0,4,7,8,7,2,5,7,6,4,6,8,4,0,3,8,0,8,2,3,7,2,1,5,3,0,5,4,15,7,8,2,0,4,7,0,1,2,7,1,2,6,6,5,1,1,1,7,0,3,2,7,4,1,2,3,5,0,3,0,0,8,4,2,1,0,4,4,13,0,2,11,8,5,2,0,0,7,3,6,10,3,3,3,1,0,3,0,3,4,1,13,6,5,0,5,4,6,8,0,4,0,0,3,1,0,5,10,3,0,6,2,9,0,2,3,0,2,12,14,3,6,0,5,3,0,4,2,1,1,0,0,4,0
"ENSG00000231715.1",2,0,0,1,0,0,0,0,1,2,0,0,3,14,4,0,1,1,1,1,1,0,0,0,3,1,0,2,0,0,0,0,1,1,1,1,0,0,2,0,0,0,2,0,0,0,1,0,0,0,0,2,0,1,0,4,0,0,1,0,1,1,0,0,1,1,1,0,0,1,5,3,0,0,0,0,4,3,0,3,1,4,0,3,3,0,1,1,0,0,2,1,0,0,3,0,0,0,0,1,1,0,0,0,0,0,1,0,5,3,0,0,1,0,0,0,2,2,8,10,1,1,0,3,2,0,0,0,3,2,0,0,2,0,2,0,2,0,5,0,0,1,1,0,0,2,7,8,1,0,0,0,4,0,0,2,2,2,1,0,2,2,4,2,1,0,1,6,1,1,0,2,1,0,2,0,0,1,2,0,0,1,0,2,0,0,2,1,1,0,0,2,0,2,0,9,0,3,0,0,0,1,2,4,0,10,1,0,11,0,0,3,0,3,0,0,0,0,1,2,0,1,0,0,0,0,0,1,0,2,1,3,2,0,1,1,0,0,0,0,1,2,0,0,6,3,1,0,1,0,0,0,0,0,0,0,0,0,0,0,1,0,2,5,0,0,2,0,2,0,0,0,0,0,1,1,1,0,0,3,2,1,0,0,0,0,0,0,2,2,0,0,2,0,0,7,2,2,0,0,7,1,0,0,0,0,0,4,3,0,0,0,0,8,0,0,2,0,0,0,0,2,0,1,2,1,0,1,4,0,0,1,0,1,0,0,0,0,0,1,0,1,0,0,0,0,0,0,1,0,0,1,4,1,0,0,0,0,3,3,0,0,0,0,0,1,9,0,0,1,0,4,0,0,6,2,0,0,0,1,0,0,2,0,0,1,2,0,2,0,2,1,0,1,2,0,2,1,2,0,2,1,0,0,7,0,1,0,0,0,1,1,3,0,0,0,0,0,1,0,0,0,0,1
"ENSG00000231720.1",0,0,0,0,3,4,0,0,0,0,0,0,0,0,0,0,0,3,0,1,3,2,0,1,0,2,0,0,20,0,0,0,2,0,1,0,1,1,0,0,0,0,4,0,0,6,0,0,1,0,0,0,1,2,0,1,1,6,4,0,0,20,0,5,0,0,0,1,3,9,0,1,0,0,1,1,0,7,5,2,9,25,0,2,11,0,0,0,2,0,2,0,27,0,0,1,1,5,0,1,0,0,0,0,0,0,46,1,8,2,6,0,1,3,0,0,1,2,0,1,0,30,0,0,5,5,2,0,8,2,1,0,19,0,0,0,0,0,28,0,0,0,0,1,0,0,0,3,2,0,0,0,5,0,2,0,0,1,0,1,0,0,14,3,5,11,1,1,80,27,7,0,0,0,0,0,0,0,1,1,0,0,0,0,0,1,0,0,0,131,0,0,1,3,10,27,0,1,1,1,0,1,35,28,1,0,0,1,0,12,0,6,0,0,1,0,0,0,0,0,1,77,10,0,0,0,1,0,1,0,0,0,1,0,0,0,0,0,0,0,0,0,0,0,161,0,2,0,4,0,0,0,0,0,0,0,1,0,0,5,9,0,9,5,0,5,2,0,38,1,0,0,3,2,0,4,0,0,0,11,1,9,273,1,0,1,0,1,20,11,0,0,5,0,0,0,1,1,22,0,0,0,9,4,1,1,0,0,0,1,0,23,0,21,0,0,3,4,0,4,2,0,2,12,2,0,0,0,0,0,1,0,0,1,1,1,0,0,1,1,1,0,4,1,63,0,0,4,8,0,1,0,0,6,0,2,10,0,0,8,6,0,0,12,1,0,0,27,0,0,0,0,5,0,10,3,54,2,0,0,0,16,76,1,1,0,18,12,5,0,21,0,0,4,7,3,3,19,0,2,0,0,0,0,0,0,0,8,3,2,0,0,19,1,0,0,12,0,47,1,0,0,0,0
"ENSG00000231748.1",9,0,0,5,3,1,1,0,1,2,8,0,4,6,7,0,1,3,1,1,6,0,0,0,0,0,1,1,0,0,8,4,4,1,4,0,0,1,0,0,2,11,2,0,1,1,3,1,0,4,0,1,0,2,0,2,0,0,0,0,0,2,0,1,0,4,1,0,4,2,23,5,0,0,0,0,13,0,0,1,4,16,0,2,4,5,0,0,1,0,17,5,2,0,0,0,0,0,1,0,0,0,1,0,0,0,7,0,1,0,5,0,1,3,2,0,11,0,0,2,0,3,0,0,2,0,2,0,9,5,2,0,2,2,4,0,0,0,9,0,0,6,5,1,4,0,7,16,3,1,0,0,2,0,0,7,0,2,0,1,4,1,7,9,5,0,6,6,1,0,0,1,0,0,0,1,1,0,6,0,0,0,6,7,0,0,0,0,2,0,0,0,1,2,3,2,1,4,0,4,0,0,10,1,0,0,0,1,0,0,3,3,5,0,9,0,0,0,2,3,0,0,0,0,1,0,0,8,2,1,2,0,1,1,0,0,0,0,0,0,1,2,0,2,58,0,1,0,2,2,0,1,0,1,0,0,1,2,0,1,1,1,27,1,0,1,3,2,0,0,1,1,4,0,2,2,0,0,0,3,0,0,0,0,0,2,0,1,2,1,0,1,2,0,2,1,1,0,0,16,4,0,0,2,2,0,0,4,4,0,0,0,4,3,5,6,0,0,3,3,1,57,0,10,4,3,0,0,0,0,0,1,1,0,0,0,0,2,1,5,0,1,0,50,3,1,0,4,0,0,1,14,0,1,0,0,4,26,4,11,3,1,2,20,11,0,0,0,0,0,0,2,0,0,2,0,4,0,0,0,0,3,0,0,3,1,1,2,0,8,4,0,0,7,2,1,2,0,4,0,3,2,4,0,23,0,12,0,0,1,3,0,6,1,0,0,0,0,2,1,0,0,1,0
"ENSG00000231764.10",2,0,0,0,52,149,0,0,0,47,360,1,3,1,0,0,0,1,0,284,0,0,0,1,0,2,21,2,14,0,470,31,0,1,1,0,1,0,0,0,0,37,17,25,0,2,1,0,0,1,0,2,0,137,4,0,16,0,0,0,0,3,0,2,0,233,1,0,2,0,1,1,0,0,0,0,0,4,257,0,7,8,0,0,1,1,0,1,1,0,0,0,91,21,5,0,0,2,525,41,0,2,0,0,0,8,0,0,203,239,2,0,0,0,4,0,74,0,0,168,4,0,1,0,17,1,0,0,0,0,0,0,3,0,1,0,0,0,0,0,0,240,0,0,1,1,5,4,0,0,1,0,0,4,0,0,0,5,0,0,0,17,0,35,45,0,0,8,0,0,35,0,1,19,0,0,0,6,1,0,1,4,1,0,1,0,0,0,1,0,0,11,0,0,1,0,1,0,0,1,1,0,117,1,0,1,1,61,3,0,0,1,0,4,4,1,0,0,0,2,2,0,13,0,2,0,5,39,0,0,0,2,0,1,0,0,0,1,1,0,1,0,4,0,236,107,0,3,19,0,0,1,1,1,1,0,0,0,0,157,0,0,147,79,0,2,28,0,0,0,2,0,0,0,0,1,20,0,0,95,0,36,0,0,0,0,1,0,57,0,0,1,6,0,3,2,14,1,0,46,1,5,59,0,69,1,0,1,0,6,2,2,0,56,1,1,3,117,2,13,61,1,0,233,0,0,0,22,11,0,14,1,1,262,20,0,5,0,285,0,0,0,2,4,1,0,0,1,46,0,1,0,2,370,0,0,665,170,126,0,1,0,13,220,17,0,0,0,6,0,0,1,1,38,0,0,1,0,0,0,1,1,5,0,0,0,26,0,1,0,4,1,1,1,106,0,147,446,2,0,0,0,2,0,0,0,2,0,0,1,0,0,0,0,1,9,1,41,163,0,1,0,434,3
"ENSG00000231776.5",0,0,0,2,0,0,27,0,0,0,0,0,0,12,46,0,0,1,0,0,0,0,0,7,34,29,0,32,0,61,0,0,0,7,2,0,17,0,0,0,13,0,0,0,0,0,0,5,0,0,1,12,0,7,0,0,2,0,150,1,0,89,0,39,10,0,3,1,1,0,45,0,5,0,0,0,0,5,9,31,30,35,0,0,40,0,1,1,0,0,0,3,47,0,0,0,0,37,4,0,0,0,0,0,0,0,1,0,42,0,0,0,0,14,0,3,0,9,58,9,0,33,0,0,1,0,3,10,0,30,9,0,74,0,0,0,0,0,34,26,0,0,18,0,0,0,5,0,2,0,0,0,0,90,1,0,0,0,32,56,0,0,5,0,12,17,11,1,0,79,2,36,0,175,0,9,0,65,0,20,0,1,0,0,46,0,96,3,8,83,0,13,1,35,0,0,0,0,0,0,1,1,0,106,0,33,0,0,22,33,0,1,44,49,24,1,0,0,14,42,0,56,0,0,0,0,0,0,0,0,0,39,0,0,0,5,0,0,16,11,0,0,0,0,0,0,5,0,0,0,0,0,0,0,0,0,0,0,0,60,25,12,0,65,0,0,0,0,67,0,4,0,54,0,3,0,56,0,0,9,26,24,127,0,0,0,0,0,32,0,0,0,0,12,0,12,87,0,2,0,0,1,50,0,2,0,0,0,30,13,7,0,0,0,0,0,19,0,0,5,0,0,0,6,1,0,0,0,0,0,26,0,0,1,5,1,0,0,0,0,0,0,4,0,38,63,0,0,8,0,0,0,0,18,0,0,0,0,30,0,3,0,0,0,0,9,11,16,0,0,0,15,16,1,108,1,26,0,0,20,39,77,94,0,0,5,0,13,42,0,0,0,0,0,0,0,32,55,0,0,29,0,0,0,49,0,35,16,54,0,3,39,1,0,56,0,40,1,0,0,0,1,0,0
"ENSG00000231829.4",3,0,0,0,3,1,0,1,0,0,1,0,0,86,3,1,1,0,0,2,0,1,2,0,2,4,0,0,0,6,54,1,0,3,2,0,0,0,0,0,0,2,7,4,0,0,0,0,0,0,0,0,3,0,0,2,1,30,0,0,0,0,10,0,0,16,0,0,0,0,19,1,0,0,0,0,5,3,0,6,12,3,8,0,0,1,0,0,3,0,6,0,2,29,0,0,5,0,0,0,0,0,0,2,0,6,6,1,1,8,0,0,0,1,29,0,8,5,0,20,0,0,0,1,0,0,0,0,6,12,0,1,19,0,2,0,2,1,1,2,0,14,48,0,1,0,0,14,3,11,2,0,0,1,0,0,0,4,4,0,3,0,0,1,0,0,1,1,1,1,0,2,4,1,0,2,0,20,0,1,0,1,0,0,0,0,0,0,0,0,0,0,0,0,0,0,0,0,0,2,0,0,4,0,0,2,0,3,0,0,4,1,0,0,5,0,0,4,0,1,0,0,4,0,0,0,15,0,1,1,0,0,5,0,3,1,1,0,0,0,0,0,0,0,2,1,2,0,4,6,0,1,0,0,0,0,1,0,1,0,1,0,1,3,0,3,4,0,3,1,1,0,1,0,1,1,2,0,2,0,0,10,0,0,7,0,0,0,0,0,0,0,0,1,1,7,13,5,0,0,0,0,2,0,4,0,0,0,0,18,2,4,2,0,7,0,2,0,3,1,11,1,0,20,6,0,0,0,2,1,2,0,1,0,1,0,7,1,0,0,0,1,2,5,0,0,0,0,0,0,0,2,1,2,1,0,28,16,0,5,0,0,41,14,0,0,0,1,1,0,0,2,0,0,0,0,2,0,1,0,0,0,0,0,0,24,2,5,0,3,0,3,0,2,13,2,1,1,3,0,0,3,2,0,0,1,1,1,0,0,1,0,0,1,0,1,1,0,10,1,1,0,0,3
"ENSG00000231877.1",0,0,0,0,0,0,0,0,0,0,26,4,0,6,0,0,0,0,0,0,0,0,0,0,19,0,0,2,0,0,0,53,2,11,0,0,13,0,0,1,0,0,0,101,0,0,0,1,0,0,0,1,0,0,0,0,0,6,0,0,0,1,0,0,0,0,0,4,4,0,43,0,0,0,0,0,0,0,3,1,25,9,0,0,3,0,0,2,0,0,0,3,15,0,55,0,36,0,1,0,0,0,0,0,0,0,0,0,73,0,0,0,0,0,1,4,0,6,0,0,0,0,0,0,0,0,0,0,0,1,0,0,1,13,0,0,1,0,1,1,0,0,0,8,0,0,0,0,0,0,1,0,0,9,0,0,2,1,8,0,2,0,3,0,0,2,0,0,0,5,0,4,0,54,0,0,9,1,0,197,0,4,0,0,3,0,0,0,0,1,0,2,0,0,1,0,0,0,0,1,0,0,0,58,0,2,0,0,0,0,0,0,9,3,4,0,1,0,5,1,0,0,0,0,0,0,1,0,1,17,0,1,39,90,0,25,0,0,9,1,0,1,5,0,1,0,4,0,150,0,0,0,0,1,0,0,0,0,5,0,3,10,0,5,0,8,0,0,1,0,1,0,2,0,8,36,0,0,0,2,0,13,0,0,0,0,0,0,0,2,0,0,0,0,0,0,1,1,0,0,0,0,0,0,0,0,51,0,0,1,0,0,0,0,0,0,27,0,0,0,0,0,0,0,1,1,1,2,33,0,15,0,0,0,0,0,0,0,111,0,0,0,8,0,0,2,0,0,1,0,0,0,0,21,13,0,0,0,1,0,4,0,0,0,0,0,0,0,0,0,0,10,0,1,9,0,15,0,0,0,12,1,2,0,0,0,0,0,0,0,0,1,0,0,0,0,16,0,0,0,0,0,0,0,2,0,1,2,0,0,13,0,0,0,0,0,4,0,1,0,0,0,1,1
"ENSG00000231881.2",128,0,14,6,6,5,31,1,2,4,5,5,6,20,11,0,3,45,371,1,2,1,13,3,4,3,0,8,0,23,12,9,9,3,6,1,4,2,2,22,1,13,2,10,3,0,4,11,5,3,1,140,0,8,3,3,1,4,1,1,20,262,3,4,2,4,5,3,13,2,27,0,0,0,1,5,2,1,16,4,26,83,16,0,31,1,1,6,6,0,5,713,8,25,8,0,3,5,49,3,1,2,39,0,4,3,12,0,178,0,6,5,2,0,5,2,20,2,8,41,1,3,2,3,6,2,0,7,5,8,1,0,448,1,1,3,5,1,55,2,1,12,31,1,3,9,13,9,95,15,4,0,13,2,0,5,1,2,2,10,31,0,104,7,7,5,14,75,3,24,2,3,3,38,1,1,2,196,19,4,0,2,19,8,2,2,11,1,6,1,5,4,23,20,46,7,1,98,0,4,1,1,5,15,1,14,3,4,0,9,1,2,20,5,14,6,0,0,3,31,1,2,6,0,1,2,16,65,0,4,3,0,3,9,3,4,0,1,3,1,0,4,2,3,138,8,8,3,6,2,0,2,0,19,1,2,1,1,7,30,27,4,165,541,1,1,14,6,7,2,3,0,37,0,0,1,107,0,5,11,3,3,2,2,7,6,0,1,65,1,2,0,2,28,6,27,285,1,6,12,2,0,48,1,4,0,1,1,7,5,2,8,18,2,4,48,4,8,4,1,7,18,1,13,6,4,1,29,3,0,13,1,2,2,13,1,5,4,1,4,0,2,3,85,110,0,0,8,30,0,0,7,0,38,2,3,57,18,17,18,5,0,4,15,8,1,7,13,0,0,0,5,79,7,8,0,4,1,4,4,3,0,4,2,1,58,1,3,1,1,137,7,0,6,3,4,21,16,7,0,4,2,5,2,17,1,133,37,0,2,0,2,5,1,2,0,3,15,9,2,0,0,8,14
"ENSG00000231971.6",21,0,0,2,3,1,0,0,1,1,1,1,0,3,7,0,3,5,1,18,1,0,4,1,1,1,0,1,10,0,0,171,3,2,6,6,1,1,0,0,0,3,0,2,1,0,0,35,1,3,2,2,0,6,0,4,8,1,3,0,0,25,0,1,0,5,0,1,0,1,0,9,6,1,0,0,52,0,0,4,78,35,32,51,0,0,3,1,138,1,1,1,1,13,6,0,3,0,0,0,0,2,0,0,0,1,1,1,1,0,48,1,6,0,0,1,0,0,1,148,9,0,1,0,2,0,0,0,0,7,1,0,107,1,4,0,0,1,1,0,0,4,1,1,1,0,1,2,0,0,3,1,0,3,0,0,0,0,1,1,0,3,2,6,0,0,1,5,0,0,0,1,0,0,4,0,40,54,1,0,1,89,0,0,1,0,0,0,0,0,0,3,2,35,1,0,4,0,1,0,0,2,12,4,0,1,3,3,19,4,5,0,0,12,0,2,1,5,155,4,1,0,0,3,0,2,1,0,0,0,1,3,30,0,0,8,1,0,0,1,0,4,0,1,14,0,0,1,2,0,0,0,0,1,3,10,1,0,207,0,0,2,46,0,2,10,44,2,1,1,19,0,0,0,1,1,0,0,0,6,0,4,0,1,1,2,0,109,3,41,3,6,1,0,1,0,3,0,1,2,0,4,1,2,5,1,6,0,0,1,1,1,0,4,1,0,0,0,1,21,1,1,0,1,11,17,0,2,8,2,13,0,1,0,0,1,0,1,1,12,1,8,7,1,0,0,1,2,0,0,0,0,0,1,0,1,0,2,1,0,0,0,1,7,0,0,0,0,0,3,0,1,2,2,96,1,10,0,2,0,0,0,3,4,0,55,2,0,4,0,2,0,0,2,25,1,18,1,1,0,0,1,0,1,7,3,2,2,0,0,25,0,2,2,0,0,8,10,1,0,0,0,1,1
"ENSG00000232006.9",0,7,21,0,0,0,0,0,0,0,2,0,1,92,9,1,0,3,0,0,0,1,2,3,13,0,0,14,9,17,0,0,8,0,43,2,19,0,0,0,0,1,0,0,0,0,0,1,0,0,2,10,1,65,0,0,0,0,3,0,0,3,0,6,0,0,1,0,1,0,1,0,0,0,2,0,0,0,4,33,14,16,0,0,6,0,1,0,0,3,0,30,5,7,1,0,0,41,52,0,4,0,0,1,0,0,0,1,135,30,0,1,1,18,0,0,1,1,0,107,2,48,0,1,0,0,3,3,0,40,0,0,1,1,1,0,0,0,2,0,0,9,63,2,1,0,2,0,0,1,1,0,0,38,0,1,0,2,28,23,0,0,0,0,0,1,11,3,1,1,4,20,0,107,0,0,0,91,0,1,0,1,1,0,9,0,9,1,1,18,1,1,2,66,7,10,0,0,0,2,0,0,0,165,0,5,0,1,1,3,0,5,1,4,8,25,0,0,5,0,2,28,0,0,3,0,0,52,0,0,0,35,0,0,0,0,0,0,0,0,0,2,0,0,2,0,11,0,1,0,0,0,1,0,1,0,0,0,0,0,14,0,0,58,0,0,0,0,16,0,7,0,16,0,0,0,126,0,0,14,69,11,63,0,0,0,1,3,12,2,0,0,0,0,0,52,16,0,0,6,0,17,51,0,43,0,0,0,20,2,1,0,0,0,0,33,57,4,0,0,1,1,3,0,0,0,1,1,0,3,26,0,0,1,0,2,0,0,0,0,0,1,0,1,37,13,0,0,1,0,0,1,0,25,0,0,2,0,0,0,1,1,1,0,1,0,20,7,0,3,0,21,0,0,113,0,11,0,0,82,4,4,1,0,1,1,0,72,0,0,0,0,0,0,1,1,0,102,12,0,0,1,5,0,12,0,3,1,1,0,2,0,0,0,0,0,15,0,23,9,0,0,0,3
"ENSG00000232021.7",14,0,7,9,7,1,1,0,1,15,30,11,18,11,2,0,3,0,0,3,8,0,6,5,0,0,1,5,3,15,4,8,10,7,0,2,23,1,41,13,0,13,3,33,3,0,4,8,0,4,0,9,0,12,10,0,10,0,1,0,6,1,2,0,0,2,1,93,1,1,7,2,8,0,3,0,15,2,7,2,5,1,2,6,4,0,7,9,26,4,9,19,3,3,16,0,33,0,4,1,3,1,26,0,8,5,2,0,56,20,6,0,13,5,0,4,8,0,2,54,2,0,2,11,16,0,0,0,2,6,1,0,14,8,4,0,6,0,0,0,0,11,23,0,12,11,9,6,7,5,0,0,1,1,2,5,2,9,7,4,7,10,1,5,7,0,3,6,0,0,0,1,13,1,15,2,8,10,20,1,0,4,10,2,13,4,3,2,4,0,0,5,3,6,2,6,0,0,0,7,0,0,21,2,0,5,1,1,3,2,2,7,2,4,2,9,13,0,10,4,0,2,17,10,0,0,10,0,10,7,12,2,9,5,21,5,0,14,0,5,1,11,7,0,21,32,0,3,7,0,5,8,1,33,1,0,0,8,15,0,3,0,23,9,0,9,7,0,1,1,15,0,7,0,3,3,12,0,16,6,0,1,0,0,3,3,0,12,34,8,2,4,3,1,81,29,2,5,0,30,5,4,11,0,30,9,1,3,2,14,12,6,2,10,6,12,11,21,20,3,2,10,1,0,22,2,1,4,21,1,10,5,7,0,2,0,4,3,14,21,0,8,3,3,8,0,0,3,8,0,0,7,0,19,10,1,0,18,18,1,0,2,2,15,35,1,4,6,13,4,0,9,12,9,0,1,1,0,4,1,0,0,0,3,1,1,9,2,0,0,21,1,0,1,0,3,19,24,5,0,1,5,9,5,5,3,1,12,4,29,9,0,1,0,4,1,0,225,1,1,0,0,20,2
"ENSG00000232079.7",0,0,706,11,0,17,4,0,0,0,0,0,1,232,355,5,0,0,1,0,1,0,0,0,0,0,0,1,0,28,0,300,11,51,1,0,177,1,1,0,0,3,0,2,0,0,1,0,6,0,0,0,0,0,0,0,1,0,4,0,0,8,0,2,0,0,0,0,1,1,5,25,20,0,0,1,2,1,1,15,4,0,2,0,0,0,0,47,0,0,0,21,4,125,1,0,2,1,1,4,1,0,8,1,0,3,0,0,22,0,0,3,0,0,0,0,0,2,0,462,0,27,0,0,2,0,0,0,1,126,1,1,89,0,17,0,2,0,1,2,0,2,54,0,0,125,460,2,1,1,0,0,0,1,0,0,1,6,0,1,9,0,0,1,0,2,2,0,0,2,4,18,0,1,1,0,0,1,1,0,0,0,0,0,0,0,0,0,0,0,0,0,0,11,5,0,0,0,0,0,0,2,0,1,1,9,0,0,0,0,0,0,30,1,18,1,1,0,3,338,0,1,2,114,0,0,1,4,61,80,0,0,5,2,10,508,0,574,1,2,0,2,36,0,16,0,0,1,3,1,0,2,0,3,0,0,0,0,0,1,25,1,14,1,1,2,0,1,0,2,5,0,46,0,0,1,6,0,0,29,1,92,1,4,0,2,1,0,0,208,0,1,1,1,7,0,1,1,0,0,2,0,4,0,0,0,1,0,0,0,0,1,1,11,1,0,2,1,0,1,0,0,0,0,780,1,0,1050,36,0,184,0,81,0,8,0,1,0,0,0,0,2,44,3,1,0,0,0,12,0,0,337,0,1,0,1,0,1,1,0,0,0,175,0,0,0,0,0,6,1,0,0,66,1,0,0,1,0,0,0,0,19,0,2,6,8,0,0,6,0,2,0,0,1,2,0,2,1,69,0,1,0,1,0,222,700,243,2,0,0,2,0,0,0,0,0,1,476,1,0,0,0,0,1
"ENSG00000232131.1",0,2,0,0,2,8,0,26,1,0,2,0,0,0,0,8,0,4,0,0,8,3,1,6,16,10,0,4,0,1,3,0,3,2,1,0,0,0,1,2,2,1,1,0,16,0,2,0,5,1,2,0,7,0,2,3,3,2,10,0,0,2,5,0,0,1,3,2,0,0,1,4,1,3,1,26,4,0,1,3,1,2,1,0,6,0,0,0,0,0,1,1,1,0,0,2,0,0,0,2,0,13,0,0,0,0,23,10,1,0,19,10,1,1,0,3,0,0,0,1,0,0,61,0,0,4,0,0,2,5,8,21,3,1,0,32,8,11,0,8,6,0,1,34,3,2,2,1,1,0,8,3,11,14,6,1,0,4,0,1,2,1,0,10,0,1,1,0,9,1,0,4,0,0,0,2,0,0,2,2,7,0,0,2,15,0,9,25,4,5,0,0,0,2,0,0,19,1,0,3,7,11,0,1,29,2,62,24,0,21,3,0,0,1,0,0,0,2,0,1,5,1,0,0,9,11,3,15,0,0,0,2,0,0,0,0,12,0,6,3,0,0,8,6,1,0,0,0,32,0,0,0,2,7,8,6,7,0,0,2,6,17,2,0,0,1,1,8,0,3,1,10,0,1,2,1,0,15,3,0,0,0,3,2,1,0,6,0,0,0,0,2,0,0,1,0,3,0,38,2,2,0,0,6,0,0,0,2,2,0,1,1,0,3,1,0,0,2,0,4,1,0,3,1,3,1,10,0,0,2,0,0,6,4,8,26,0,1,0,0,16,1,0,0,0,2,0,0,0,8,2,0,9,1,1,19,0,0,0,0,1,2,1,0,2,13,0,0,0,0,0,3,0,0,1,0,17,2,5,1,0,0,12,0,3,1,0,1,0,0,1,3,9,1,0,1,1,0,10,4,3,0,0,0,0,0,0,0,0,0,4,0,1,5,1,3,0,1,0,14,13,21,0,2
"ENSG00000232175.1",1,0,0,4,0,0,2,0,0,0,0,0,0,1,2,0,0,0,0,0,1,0,0,0,1,0,0,0,0,1,5,3,3,0,0,0,1,0,0,1,0,0,0,1,1,0,0,0,0,0,0,7,0,0,1,1,0,0,0,0,0,0,1,0,0,0,0,67,2,0,0,1,0,0,0,1,2,1,0,3,1,0,0,0,2,0,0,0,0,0,0,12,0,12,0,0,0,0,0,2,1,0,0,1,0,0,0,0,2,0,1,0,0,1,0,0,1,0,0,12,8,1,0,3,2,0,0,0,0,2,0,0,47,1,0,0,1,0,0,0,0,2,28,0,1,1,3,0,0,0,1,0,0,0,0,0,1,2,0,0,0,0,0,1,0,0,0,0,0,0,1,2,3,0,0,0,2,0,0,19,0,0,0,0,1,0,3,0,0,0,2,0,0,0,0,0,1,2,0,3,0,0,0,0,1,3,0,0,1,0,0,1,4,1,0,0,0,0,3,3,0,0,0,0,0,0,15,10,3,2,0,0,0,3,0,18,0,0,0,0,1,0,0,0,0,2,0,0,0,118,0,0,1,1,0,0,0,0,0,0,0,1,54,0,0,0,2,0,0,0,1,0,9,0,0,0,0,0,0,0,1,3,0,0,1,0,0,0,0,13,0,0,0,0,0,1,1,1,0,0,0,0,0,0,0,0,0,1,1,0,0,0,0,10,0,0,0,1,0,0,0,1,0,0,5,0,0,1,0,1,1,0,2,0,4,0,2,0,0,0,0,10,1,0,0,0,0,0,0,0,0,0,0,0,0,0,0,0,2,0,0,0,255,2,0,0,0,1,0,0,0,0,0,0,2,0,1,0,0,1,0,1,0,0,0,2,0,0,0,3,0,1,0,0,0,0,0,0,4,0,0,0,0,1,91,0,112,3,0,0,0,0,0,0,0,0,0,0,2,0,0,0,1,0
"ENSG00000232233.1",3,0,15,2,2,0,3,0,11,8,1,2,4,9,28,0,0,5,1,0,1,0,3,0,1,2,1,1,1,4,0,2,1,0,1,5,1,1,3,2,1,2,0,3,0,0,2,0,1,1,1,6,0,1,4,3,1,1,1,0,3,8,0,2,0,2,0,1,6,2,30,1,0,0,1,0,8,1,1,8,9,12,17,2,3,0,0,0,2,4,7,1,4,15,1,0,5,0,0,2,0,1,6,0,0,2,0,0,19,2,2,1,1,2,2,0,6,1,3,3,0,3,0,2,5,0,0,1,1,4,0,0,13,2,4,1,5,0,12,0,1,4,3,3,2,10,8,38,3,2,0,3,4,0,0,2,0,10,1,9,12,1,7,0,1,0,4,7,0,28,11,3,0,2,0,3,0,9,3,0,0,1,2,2,0,2,1,0,1,2,2,10,12,3,0,8,0,3,0,3,1,5,1,12,1,3,0,1,6,0,3,1,7,0,4,0,4,1,2,7,1,0,1,1,1,0,5,6,0,1,4,4,1,4,2,5,0,1,2,1,2,2,0,2,8,8,3,2,0,4,0,2,0,3,0,1,0,0,2,2,1,1,5,1,0,1,1,0,14,0,1,0,6,0,1,1,3,0,0,10,3,2,2,0,0,0,1,1,0,1,2,0,3,2,6,6,1,0,4,1,2,0,1,1,8,1,2,0,4,0,1,1,0,0,7,3,5,5,1,5,1,2,1,14,0,1,1,5,7,0,1,1,1,4,3,0,4,1,1,0,1,1,1,11,2,308,1,2,8,2,2,3,1,7,1,0,1,2,2,5,4,4,3,7,3,4,9,1,2,1,2,2,2,1,11,0,1,0,4,6,2,2,4,0,1,1,2,1,3,1,7,2,0,1,1,0,1,0,2,1,4,1,2,0,1,1,3,4,1,1,0,1,0,0,0,0,2,12,6,1,0,1,7,0
"ENSG00000232294.6",3,0,0,0,6,0,3,0,0,0,20,11,9,13,0,0,1,0,7,26,0,0,1,0,0,4,1,2,19,5,0,0,0,1,0,0,16,0,0,0,1,0,5,64,0,2,0,3,1,1,0,1,2,9,1,0,5,32,22,0,19,0,0,0,1,0,0,51,1,1,94,0,0,0,0,0,1,1,4,12,8,13,51,1,3,0,0,0,2,0,0,1,5,0,8,0,19,9,0,0,0,0,0,0,0,1,0,0,4,0,0,0,0,2,5,4,2,0,0,40,5,3,0,0,1,1,8,15,0,0,1,1,0,0,0,0,29,0,0,0,0,2,0,0,3,0,2,2,0,0,1,0,0,0,0,0,1,0,0,22,0,0,0,1,14,0,0,3,0,0,0,2,0,178,0,9,0,2,0,25,0,6,56,0,1,0,1,0,5,0,0,10,0,0,0,0,0,0,0,2,0,0,0,19,0,1,0,0,4,0,0,0,0,0,9,0,0,0,12,0,0,0,0,0,0,0,3,1,0,5,0,1,0,12,3,1,0,0,0,0,0,0,8,1,0,0,7,0,1,0,0,1,1,0,0,0,0,1,4,0,3,0,0,22,0,1,0,0,0,0,0,0,2,0,3,0,1,0,5,0,6,23,36,1,1,0,0,0,0,0,0,0,0,1,4,0,2,0,0,0,0,1,2,1,0,0,0,2,1,31,50,2,0,0,0,0,6,3,2,0,0,0,1,9,0,0,0,0,6,0,1,0,1,0,4,0,1,0,2,1,0,3,0,0,4,0,7,3,0,0,1,0,0,51,0,0,2,0,2,0,0,0,0,0,0,0,0,0,1,0,0,8,1,17,11,0,1,0,0,0,8,5,6,1,0,0,3,0,0,0,0,5,0,0,0,0,1,3,7,0,0,0,8,0,2,0,0,1,0,0,0,0,0,0,2,0,1,1,0,1,0,0,0,2
"ENSG00000232355.2",0,0,3,0,0,0,0,0,0,0,0,1,0,0,36,0,0,0,0,0,0,0,0,0,24,1,0,3,0,0,0,0,0,4,0,0,12,0,1,0,0,9,0,0,0,0,0,1,0,0,0,8,0,0,0,3,5,0,32,0,0,4,0,1,0,0,5,0,0,0,0,6,17,0,0,3,0,14,0,2,42,5,7,11,6,0,0,0,0,0,0,41,0,0,0,1,2,0,0,0,10,1,0,0,0,0,0,0,0,0,0,0,0,0,0,22,0,0,0,0,0,19,0,0,8,0,0,122,0,1,0,0,2,0,0,0,0,0,0,2,0,0,2,0,0,0,0,0,0,0,0,0,0,15,0,0,0,0,2,0,0,0,7,0,0,36,0,0,0,5,31,3,5,2,0,0,0,1,0,29,0,0,1,0,9,0,29,1,10,15,0,0,0,7,16,0,0,0,0,0,1,1,0,98,0,0,0,0,0,15,0,0,1,0,0,0,0,0,0,10,0,7,0,0,0,0,0,38,0,0,0,10,1,0,0,1,0,0,5,0,0,2,0,0,0,1,0,18,0,2,0,1,0,4,0,1,0,0,0,20,8,2,0,0,0,0,1,5,3,0,0,0,0,0,0,0,0,0,0,2,51,1,3,1,5,0,0,0,0,0,0,0,0,1,0,0,0,10,6,0,0,0,0,0,0,0,0,2,1,2,1,0,0,11,0,4,0,0,0,0,0,0,0,0,8,0,0,0,0,0,1,0,1,0,11,0,5,0,0,0,0,0,0,2,0,6,2,0,0,0,0,0,1,0,0,0,0,0,0,0,21,0,0,0,0,1,0,0,2,0,0,0,0,0,34,0,2,0,0,172,5,1,7,0,0,1,0,0,0,0,0,0,0,0,0,0,0,0,0,0,0,0,0,0,15,0,0,0,16,0,0,40,6,1,1,0,34,0,0,0,0,4,0,0
"ENSG00000232416.3",0,0,0,0,1,0,0,0,0,1,0,0,0,0,0,0,2,12,13,0,0,0,1,2,0,9,0,10,2,1,1,0,0,1,0,0,0,0,0,1,0,0,0,0,0,1,0,0,0,0,0,1,1,0,1,3,0,1,45,2,1,3,1,3,1,3,1,3,0,4,1,4,0,0,0,0,2,4,0,10,3,10,1,1,9,1,0,0,0,0,1,1,0,1,0,0,0,4,0,5,0,0,1,0,0,0,5,0,4,0,0,0,0,2,0,0,0,0,1,0,0,0,0,0,3,0,0,0,0,7,0,0,3,0,1,0,0,0,0,0,0,0,0,0,0,2,1,1,0,0,0,0,3,5,0,1,0,0,0,3,7,0,0,0,0,2,2,1,10,35,14,0,1,0,0,0,0,0,0,1,0,0,0,3,0,0,34,1,0,9,5,0,0,0,1,1,0,0,0,1,0,8,0,20,0,1,0,58,0,5,0,1,0,0,0,0,0,0,0,0,0,3,0,1,0,0,2,1,2,0,1,0,1,1,0,0,0,4,2,0,0,5,1,0,7,3,0,1,1,4,0,0,0,6,0,0,1,1,0,3,0,3,3,0,0,1,1,0,24,0,3,0,0,0,1,1,1,0,2,13,4,0,3,0,2,0,0,0,0,1,0,0,0,0,0,0,10,0,2,0,3,0,6,0,0,1,0,0,3,1,0,1,0,5,0,1,0,0,0,2,1,0,0,2,2,1,0,4,0,0,1,1,1,0,2,0,2,7,0,0,0,0,0,1,28,0,0,0,0,0,0,1,1,0,1,0,0,0,0,0,2,1,5,1,1,1,0,0,0,2,7,1,1,0,11,1,1,0,0,1,0,5,19,0,0,3,0,0,0,2,0,0,0,1,0,0,32,3,1,0,1,2,0,1,1,1,0,0,0,0,0,0,3,0,2,1,2,0,0,0,0,0,14,0
"ENSG00000232508.1",0,0,0,1,0,0,0,0,0,1,0,1,0,95,3,0,1,2,0,0,0,0,0,1,27,3,3,10,4,3,0,0,12,1,10,0,8,1,0,0,2,0,4,1,0,0,0,1,0,0,0,9,0,17,0,8,0,0,7,0,0,15,1,0,2,0,0,0,1,8,8,4,8,0,0,0,6,4,2,30,13,20,0,0,2,4,0,0,0,0,0,1,0,0,0,0,0,24,3,1,0,0,0,0,6,1,13,0,32,13,5,0,0,4,0,0,0,3,43,3,0,13,0,3,2,0,0,0,0,22,3,0,1,0,0,0,0,0,0,3,0,0,10,0,2,28,10,0,5,0,0,0,6,1,12,0,3,0,5,8,7,0,12,8,0,8,11,0,22,2,8,4,9,47,0,0,0,2,0,19,0,7,2,6,0,0,2,11,0,5,0,0,7,11,12,2,1,1,0,4,0,0,2,96,0,0,0,1,0,3,1,1,5,36,1,1,0,0,6,6,0,4,0,4,0,0,0,17,0,0,1,2,5,0,0,16,0,0,1,2,0,0,0,1,1,0,2,0,0,6,0,0,0,3,0,0,0,0,1,4,18,26,0,7,0,2,0,0,29,0,11,0,1,0,2,0,1,0,0,3,11,1,6,0,0,0,0,0,0,5,0,2,0,0,0,1,0,0,0,0,9,0,0,0,3,0,3,12,2,2,0,0,0,28,0,0,24,0,0,3,0,1,0,0,1,0,0,1,1,0,1,0,0,1,0,0,4,0,0,0,0,1,4,0,29,20,2,0,1,0,1,2,2,0,0,1,0,0,2,0,22,0,0,0,0,1,0,1,0,0,0,2,0,0,19,1,20,0,0,19,1,18,67,0,0,6,0,0,10,0,2,0,0,0,0,2,43,3,1,0,0,1,0,0,0,0,4,3,0,0,1,1,5,0,0,0,5,0,0,0,0,0,0,0
"ENSG00000232527.8",5,0,6,0,0,2,38,0,0,2,0,0,0,53,1,0,0,1,0,17,29,0,24,0,0,2,1,1,15,0,5,3,3,0,5,0,1,1,1,1,0,17,1,1,0,0,0,3,1,2,3,1,0,0,2,0,4,0,0,0,0,5,0,1,1,0,0,1,1,0,15,1,0,0,1,0,5,3,32,5,8,1,1,0,0,7,0,11,12,3,49,2,28,32,0,0,0,3,22,0,1,0,1,2,1,0,1,0,133,45,34,1,1,2,49,0,0,1,15,31,0,2,0,0,1,0,1,1,1,2,0,1,9,4,2,5,2,0,2,0,0,0,10,0,3,1,2,23,26,4,1,0,1,0,0,0,5,4,8,1,0,3,0,0,3,0,45,70,0,11,1,1,0,0,2,0,0,5,1,2,0,27,0,0,0,0,1,0,2,0,0,9,4,0,2,0,0,33,0,1,0,1,20,2,0,0,0,0,1,1,1,2,35,3,2,1,0,0,5,5,0,0,0,1,0,0,0,2,1,3,0,1,4,3,0,1,0,2,0,3,1,2,2,0,10,55,1,4,1,0,0,0,1,3,0,0,0,62,2,0,4,0,15,239,0,1,2,0,1,0,0,0,84,0,4,0,132,0,2,20,0,33,1,1,0,1,1,1,1,24,4,0,1,1,1,58,14,1,0,1,0,7,122,0,29,0,1,1,1,2,1,2,0,11,11,3,3,10,4,1,0,0,0,3,1,1,0,0,1,0,12,0,0,0,11,1,0,0,2,2,1,1,0,2,16,3,2,27,14,0,0,1,1,6,0,1,1,4,1,18,7,7,2,77,1,0,0,49,0,8,3,0,8,2,1,0,1,0,1,0,0,1,0,5,0,2,3,2,1,0,2,2,0,1,0,0,2,23,2,1,0,0,4,0,2,0,0,164,0,3,1,0,1,0,0,0,0,180,0,0,0,1,8,0
"ENSG00000232535.2",0,0,0,0,0,0,0,0,0,0,1,0,0,0,0,0,0,0,0,0,0,0,0,4,26,0,0,2,0,0,0,0,0,15,0,0,16,0,0,0,0,0,0,0,1,0,0,1,0,0,0,0,0,4,0,1,0,0,5,1,0,11,0,4,0,0,0,0,1,0,0,0,0,0,0,0,0,1,0,4,4,17,0,0,0,0,0,12,0,0,0,1,0,0,0,0,0,5,0,0,0,0,0,0,0,0,0,0,14,0,0,0,0,1,0,0,0,3,0,0,0,3,0,0,0,0,0,1,0,0,6,0,9,0,1,0,0,0,0,0,0,0,0,0,0,0,0,0,0,0,0,0,0,3,0,0,0,0,0,0,5,0,1,0,0,15,0,0,0,0,0,7,1,5,0,0,0,0,0,0,0,24,5,0,20,1,3,0,1,1,0,2,0,0,22,0,0,0,0,0,0,0,0,7,0,8,0,7,0,1,0,0,0,25,0,0,0,0,6,0,0,0,0,0,0,0,1,3,0,1,0,2,0,1,12,1,0,0,1,4,0,0,0,0,0,0,0,0,0,0,0,0,0,0,0,0,0,0,3,22,14,4,1,0,0,0,0,0,28,0,0,0,0,0,0,0,1,0,0,0,5,1,0,0,13,0,0,0,0,1,0,0,0,2,0,0,0,0,0,0,0,0,1,0,0,0,0,0,1,1,6,0,0,0,0,0,8,0,0,0,0,0,0,0,0,0,0,1,0,0,5,0,0,2,0,2,26,0,0,0,0,0,0,0,4,0,2,0,0,0,0,0,0,2,0,0,0,0,0,0,0,0,3,0,0,0,0,0,1,0,0,8,0,0,17,3,26,0,0,0,4,2,7,0,0,1,0,0,0,2,0,0,0,0,0,0,6,0,7,0,1,0,0,0,0,0,0,0,0,0,0,0,0,0,6,0,1,0,2,0,0,0,0,0
"ENSG00000232560.7",9,4,0,12,4,71,0,8,3,20,594,1334,222,0,4,1,4,20,1,21,5,4,10,4,11,36,3,14,64,4,14,2,14,3,4,0,224,2,844,648,0,3,5,2704,2,20,5,1,7,8,8,11,11,137,42,1,60,69,116,5,2748,1,4,201,51,354,15,897,1,3,21,24,2,2,80,2,14,19,87,1,88,4,0,16,34,0,5,314,0,3,7,11,36,1,140,3,466,24,60,0,6,6,6,28,4,7,28,9,3,6,49,9,2,18,1,12,79,41,16,675,4,75,0,1,2,8,9,0,34,14,6,6,4,5,0,2,0,7,2,5,0,68,3,12,2,0,4,17,211,1,2,4,4,23,11,0,0,4,66,3,1,2,19,3,37,3,1,3,3,143,10,0,0,3,1,10,4,443,0,327,5,4,6,1,208,5,23,13,4,59,8,0,1,46,8,0,4,4,0,2,2,17,29,1,10,9,0,16,38,26,8,61,4,1,6,2,184,24,5,8,4,38,17,4,3,4,1077,1,1,73,3,3,1,374,1296,465,6,568,23,9,12,19,178,5,8,19,0,324,28,15,7,4,1,2,5,41,8,19,1229,9,116,16,5,47,7,16,10,5,151,22,4,2,0,1,8,7,6,0,141,266,25,147,19,4,34,22,6,13,56,1,1,1,91,0,1130,0,3,93,52,7,2,1,0,4,10,2,4,0,84,87,41,215,0,4,23,3,249,6,6,20,12,2,6,2,8,50,1,182,59,4,355,14,23,6,51,13,1,1,76,12,15,688,2,1,1,6,4,7,13,6,9,2,11,23,0,6,184,2,219,17,7,9,387,2,5,3,0,4,145,8,4,61,9,634,36,5,42,2,11,35,22,0,15,1,14,0,79,50,1,25,16,211,3,18,195,4,124,265,3,4,5,5,5,2,6,0,0,0,11,10,1,26,11,19,3,3,23,4,5,3,9,8,63,5
"ENSG00000232586.1",0,0,0,2,4,0,2,0,0,0,9,4,1,2,4,2,2,1,8,1,8,0,0,1,1,2,8,6,4,1,9,9,0,1,1,4,3,3,11,5,0,0,1,0,1,3,0,2,1,0,2,2,2,5,2,2,1,0,0,1,2,4,8,1,1,0,0,0,1,5,7,0,0,0,0,1,11,2,2,1,1,9,4,0,2,2,2,0,2,1,19,3,0,0,9,0,0,26,12,1,2,1,5,0,1,7,1,0,15,4,1,1,2,2,2,1,18,7,5,7,0,1,0,12,4,0,0,6,2,4,0,0,7,0,2,3,1,0,9,0,1,4,1,0,1,0,1,4,1,1,0,2,2,1,0,3,0,2,1,1,0,7,5,5,3,3,0,1,0,1,0,6,11,7,3,0,0,4,3,6,0,5,4,3,1,2,5,1,3,1,0,1,1,4,2,4,1,12,3,11,0,6,3,8,0,8,0,2,0,2,1,6,1,3,1,1,1,3,0,1,1,0,1,3,2,0,3,2,2,9,9,3,0,4,3,2,0,1,1,4,0,1,1,2,3,1,3,0,4,3,2,5,0,2,0,0,0,4,3,5,3,12,8,5,0,7,1,0,2,0,0,0,5,0,2,5,6,0,2,0,11,9,0,3,2,2,0,0,3,3,1,0,5,6,0,5,3,3,8,0,11,2,1,0,12,0,0,1,1,4,1,23,10,14,8,2,0,4,2,1,3,13,0,5,4,4,0,0,5,1,1,2,0,0,5,0,3,17,3,0,0,2,1,2,4,0,0,11,1,1,0,10,1,10,1,0,6,8,1,12,5,1,2,5,11,0,5,1,0,0,3,5,6,0,3,0,0,0,1,0,2,2,1,2,0,4,6,2,0,1,8,1,0,1,2,3,2,15,4,0,0,2,10,2,3,2,3,1,4,0,3,3,0,0,5,0,0,0,6,1,0,0,6,2
"ENSG00000232677.9",2275,10,430,44,830,957,208,24,22,363,91,182,453,3183,1324,71,749,1323,4,1344,71,33,539,116,94,29,11,67,271,338,1850,58,663,770,831,889,29,10,449,417,8,2694,58,29,83,20,27,50,99,79,288,1450,107,881,433,27,35,451,1136,10,27,374,16,293,130,1910,42,22,48,116,4451,73,26,13,21,36,3901,162,12,39,1007,231,28,671,1222,64,23,326,138,8,80,1183,411,28,72,15,140,74,649,452,309,79,1450,34,222,81,1189,177,6341,17,251,104,632,58,75,142,2402,240,1481,3745,333,15,295,26,280,22,65,15,1367,1398,22,65,2130,29,68,27,47,20,911,119,21,1881,681,299,433,39,37,747,32,407,38,53,26,464,44,17,35,395,42,41,186,218,384,336,1015,257,674,452,538,1139,519,12,23,963,430,17,46,33,72,17,10,74,21,348,923,21,85,480,44,225,31,626,45,141,86,1172,26,20,616,61,450,629,583,57,18,122,156,39,114,21,87,818,1160,1550,116,194,15,17,263,383,11,93,915,16,71,47,636,38,80,30,35,26,53,56,28,35,34,20,19,645,628,39,14,29,892,54,179,261,296,307,21,771,29,12,81,50,62,509,760,308,782,126,1541,4088,30,290,45,56,76,24,865,24,2192,39,360,451,1505,29,187,318,1050,94,11,32,248,759,49,734,808,615,112,32,714,16,21,11,654,945,225,1259,544,237,4694,64,1196,39,13,43,757,1978,471,2088,979,784,1169,1596,1952,910,235,20,2554,872,26,3786,76,35,83,473,237,23,594,256,57,466,23,63,23,917,14,473,22,19,51,182,522,186,28,77,1154,33,36,1070,51,1241,815,39,2485,2032,829,23,1121,54,33,2169,135,681,8,2818,34,15,48,36,60,509,390,10,973,83,152,697,19,167,65,26,97,520,617,127,21,251,1856,33,36,2077,539,35,958,447,527,32,22,19,305,298,35,573,1183,1366,60,150,61,21,239,109,44,712,100,68,586,80,32,20,977,48
"ENSG00000232727.2",6,0,0,0,4,0,1,0,0,1,0,1,0,169,10,0,1,30,0,4,1,0,0,5,0,0,0,43,3,0,13,1,25,21,15,1,3,0,0,0,0,4,1,0,0,0,0,6,1,1,0,149,0,2,1,0,2,2,20,2,0,87,19,1,1,1,0,0,0,1,18,1,1,0,0,0,26,1,0,4,15,71,2,2,7,0,0,0,0,0,0,2,0,0,0,0,2,0,3,17,0,1,0,0,0,2,0,0,47,1,0,1,1,35,0,11,0,1,4,20,0,1,2,0,2,1,1,0,2,92,1,0,55,0,0,1,0,0,13,1,0,0,4,2,1,0,1,0,0,1,0,1,4,36,1,1,2,5,18,4,1,0,0,0,0,9,5,0,30,29,2,0,0,126,0,2,0,1,0,0,0,2,54,2,0,0,2,0,0,13,1,0,0,6,8,0,0,3,1,2,28,2,2,172,0,0,1,21,1,2,2,2,25,5,2,1,0,0,55,20,0,2,0,1,0,1,1,3,0,0,0,0,1,0,0,0,0,0,1,10,1,0,0,1,0,1,4,0,2,1,0,0,1,4,0,0,0,0,1,2,19,36,5,6,0,0,0,0,208,1,8,0,0,1,0,0,37,2,0,0,83,0,1,0,1,1,0,0,0,0,0,0,0,0,0,9,3,0,1,1,2,0,20,0,0,0,0,1,6,0,1,1,3,1,1,4,38,0,0,0,2,4,0,0,1,0,0,1,1,0,6,0,0,3,3,2,1,2,0,0,0,0,0,0,78,9,0,0,10,0,1,2,2,33,1,1,2,2,0,0,55,0,0,1,2,0,0,2,1,0,0,0,0,0,104,0,47,1,3,39,0,47,35,0,0,6,2,8,0,1,0,1,0,1,0,0,0,5,0,0,1,1,0,0,0,0,8,0,0,3,0,1,0,0,1,1,8,3,1,1,0,1,2,1
"ENSG00000232765.6",0,0,0,5,0,0,0,0,0,0,0,0,0,4,1,0,3,2,1,0,2,0,0,6,12,2,0,2,0,3,0,0,6,6,5,0,8,0,0,0,24,0,0,0,0,0,0,1,0,1,0,3,0,0,0,0,0,0,1,0,0,13,0,21,0,0,0,0,0,2,807,5,16,0,0,0,6,0,6,3,157,29,0,0,49,0,1,16,0,1,0,0,8,3,0,0,0,0,43,0,0,0,0,0,0,0,0,0,250,2,4,0,0,0,0,0,0,63,3,809,0,1,0,0,7,0,1,5,0,4,0,0,6,0,0,0,0,0,28,9,0,0,4,0,0,0,7,0,0,0,0,0,4,12,0,0,2,0,2,42,1,0,23,1,0,3,5,0,0,66,2,0,0,5,0,3,3,87,0,14,0,10,0,5,51,0,0,0,0,2,0,0,0,221,6,1,0,1,0,8,0,0,0,3,0,63,0,0,3,0,0,8,11,9,0,2,0,0,4,134,0,3,0,0,0,0,0,0,0,0,0,2,1,0,0,7,0,0,0,0,0,0,0,0,0,0,0,0,0,0,0,0,0,2,0,0,0,0,26,2,57,8,0,1,0,0,0,1,25,0,1,0,138,0,5,0,0,0,0,50,0,9,2,0,0,0,0,0,0,0,1,0,0,1,0,20,4,0,1,0,0,0,72,0,1,0,0,8,11,292,1,0,0,0,0,0,10,1,0,2,0,0,0,0,0,0,0,0,8,0,10,0,0,0,0,0,0,1,0,0,0,0,15,0,207,10,0,0,13,0,1,0,0,529,0,0,0,0,0,0,11,0,1,0,0,0,21,0,0,9,0,1,0,1,211,0,2,0,0,1,29,94,9,0,0,0,0,8,3,0,0,0,0,0,0,0,220,1,0,0,0,2,9,0,3,0,2,0,0,0,4,19,0,0,411,0,74,0,1,0,0,0,2,0
"ENSG00000232775.6",6,0,0,2,1,0,3,0,0,0,1,3,0,9,7,0,0,1,0,0,0,0,1,0,3,1,0,6,0,6,4,0,3,1,0,0,0,0,1,5,0,1,2,2,2,0,4,1,0,0,0,12,0,0,0,0,0,0,0,0,0,4,0,0,0,0,1,0,0,0,23,1,0,0,0,0,0,1,1,3,3,13,6,0,7,0,0,2,1,3,0,12,0,0,0,0,0,1,3,0,0,2,0,0,0,0,3,1,18,4,0,0,0,1,1,1,0,3,2,8,0,2,0,0,4,0,0,0,0,9,3,0,16,0,0,0,1,0,2,0,0,0,2,0,0,3,2,0,1,0,0,0,1,1,0,0,1,0,2,6,1,0,0,0,0,1,8,0,0,0,0,2,0,15,0,0,2,7,0,3,0,1,3,8,1,0,3,2,7,3,0,2,0,2,1,2,0,1,0,0,1,0,0,3,0,2,1,0,2,3,0,0,13,2,5,0,0,0,0,7,0,4,0,0,1,0,1,9,0,0,0,4,1,0,2,0,0,0,0,1,0,0,0,0,0,2,4,0,0,3,0,5,0,2,0,1,0,0,0,8,7,0,3,4,0,2,0,0,3,0,1,0,10,0,1,0,2,0,0,2,2,0,1,0,0,0,0,1,0,0,0,0,0,2,0,4,2,0,0,0,3,0,3,0,1,0,0,1,4,1,2,0,1,0,2,0,2,1,3,1,0,0,0,1,3,1,0,0,4,0,1,0,1,0,1,0,0,26,1,0,0,0,1,0,3,5,0,0,6,0,0,10,0,6,1,0,0,5,1,0,1,1,0,3,0,0,0,4,0,6,0,2,2,2,2,0,8,0,0,2,1,4,1,0,0,3,0,5,3,0,0,0,0,0,0,0,3,1,0,0,2,1,0,0,5,12,2,2,0,0,1,3,0,0,2,0,1,0,0,0,0,0,0,0
"ENSG00000232850.3",5,0,1,15,2,7,8,1,28,30,11,22,42,30,176,1,3,8,9,15,4,1,4,0,6,1,0,4,1,8,6,5,3,7,0,1,3,6,18,23,0,11,18,6,1,1,4,3,0,1,1,7,0,18,16,14,8,4,5,0,18,2,2,3,0,9,5,6,6,4,19,12,3,4,1,0,23,1,56,5,7,14,13,4,14,4,3,3,9,7,12,11,6,1,5,0,49,6,21,2,7,0,5,1,8,24,11,1,61,16,1,1,4,0,2,2,6,1,2,84,7,2,1,7,10,0,1,9,8,11,4,1,36,1,5,1,9,0,6,4,0,20,23,0,37,16,41,6,8,0,0,2,6,4,0,21,37,3,23,6,11,8,4,5,0,0,39,27,6,7,1,1,11,5,3,1,17,10,71,11,0,1,45,8,9,5,3,2,9,1,3,1,7,6,0,16,1,39,1,3,1,7,5,16,0,7,1,2,6,7,4,4,5,4,11,5,4,2,16,39,0,0,0,1,3,0,12,13,0,10,5,19,11,15,9,2,0,3,0,5,1,10,21,0,66,34,24,7,11,11,1,5,0,45,1,2,1,3,32,9,4,1,19,26,0,1,6,2,10,0,4,0,8,0,3,10,7,0,17,1,6,5,3,2,3,4,0,23,9,5,0,10,10,47,2,30,17,7,16,81,5,0,117,2,6,2,3,5,7,8,16,6,0,5,4,57,20,5,5,11,3,12,1,14,9,1,1,14,4,0,15,13,23,3,8,0,12,2,10,12,0,24,2,22,13,1,1,2,5,0,0,7,4,30,3,0,36,42,12,1,1,0,13,23,24,0,6,4,22,4,4,35,0,16,20,5,5,0,0,2,1,2,4,1,4,5,6,5,1,1,20,5,0,6,3,7,5,36,14,0,5,1,4,3,16,6,18,2,2,1,7,1,2,3,4,0,3,9,5,1,2,1,41,0
"ENSG00000232855.7",9,9,45,7,8,1,2,1,8,4,7,7,24,41,2,41,5,1,0,16,16,35,8,6,12,17,1,7,1,7,1,0,9,27,1,24,13,4,2,2,2,2,1,11,31,0,1,3,34,3,11,5,24,1,3,2,13,17,1,1,7,19,0,20,15,2,9,14,8,4,8,6,4,9,1,64,0,3,0,15,16,19,4,1,5,7,0,13,5,2,12,10,0,7,6,22,95,8,18,21,4,32,5,0,2,2,20,29,22,3,8,75,6,2,10,1,5,3,19,10,5,4,10,24,10,46,29,1,12,11,10,43,1,4,1,44,2,25,3,2,11,5,2,24,16,2,6,11,9,1,23,33,1,8,18,0,2,28,0,6,7,2,2,3,1,16,15,2,3,2,0,3,17,5,2,0,1,16,18,47,42,2,4,1,3,3,10,3,6,3,8,32,9,7,6,4,23,16,3,3,0,14,5,111,33,1,32,5,5,2,22,6,2,7,29,3,3,12,3,13,15,0,2,1,35,24,67,30,1,27,2,4,5,28,1,11,53,1,1,8,6,2,30,5,4,11,7,18,4,252,2,1,14,10,39,11,13,0,25,4,14,45,13,4,47,3,4,72,1,21,1,9,14,33,4,6,2,19,27,3,4,2,1,7,0,8,34,4,3,5,53,7,1,0,8,3,6,0,11,10,14,2,18,122,2,2,9,2,2,8,3,4,4,0,11,22,65,58,2,1,3,2,14,6,5,7,74,125,10,17,3,10,4,7,10,44,2,1,2,0,30,89,2,5,3,12,2,6,2,90,76,8,4,9,1,67,2,0,34,3,1,2,31,5,13,7,0,23,0,0,2,21,1,4,9,1,7,53,3,4,1,18,2,0,25,2,16,6,11,2,4,1,16,5,3,6,14,5,55,17,2,2,15,3,3,22,38,4,2,4,9,3,4,10,2,2,1,27,24,55,50,23,5,16
"ENSG00000232874.1",5,0,13,5,6,12,10,7,13,5,3,3,10,16,20,1,11,14,12,8,8,2,0,10,46,4,8,37,3,4,15,2,31,18,30,1,3,10,7,6,12,3,6,1,7,33,2,0,2,10,5,21,4,15,1,89,5,9,53,19,13,2,2,25,16,7,5,6,50,25,7,6,6,0,7,1,35,35,11,17,16,43,10,15,55,9,7,7,4,14,23,26,32,30,0,2,6,7,15,1,7,7,2,3,9,2,23,5,45,15,9,7,3,7,1,25,20,2,19,14,0,86,0,1,16,2,4,78,12,13,35,5,31,5,10,3,5,3,44,6,2,18,8,5,6,8,21,62,12,1,4,5,15,3,2,6,5,62,20,36,14,8,10,8,6,2,46,34,5,35,31,6,10,10,4,5,4,22,13,2,3,0,13,15,7,10,34,18,13,38,5,1,23,81,3,105,17,28,1,5,9,14,13,83,0,50,7,13,63,4,12,45,9,14,18,1,13,6,10,17,1,10,2,12,0,7,8,4,9,3,18,15,14,1,4,2,2,2,5,18,0,6,4,4,38,19,4,3,14,19,5,12,6,34,1,14,0,10,7,77,41,4,38,77,2,18,9,3,92,4,6,1,9,0,8,44,30,3,5,9,21,3,22,1,17,7,0,7,7,15,2,3,25,10,8,7,35,5,18,5,31,7,12,7,14,6,1,21,96,18,55,64,14,28,9,3,12,6,5,10,2,4,1,38,9,24,1,4,2,1,3,7,5,3,12,3,20,4,3,6,2,6,9,23,25,6,9,19,4,0,4,23,18,31,4,2,15,9,5,85,6,1,4,132,1,6,9,10,6,9,10,18,7,6,88,30,42,2,0,53,20,13,38,1,9,27,32,77,1,17,45,8,1,47,46,3,25,18,13,1,7,15,8,11,12,5,12,5,10,2,8,6,15,2,8,5,16,0,36,1,0,8,7,0
"ENSG00000232906.1",0,0,0,0,3,0,1,0,0,2,0,1,5,2,0,0,1,0,9,1,1,0,0,0,0,0,3,0,0,0,0,1,2,0,0,0,0,0,0,0,0,0,0,0,0,0,0,0,0,0,0,4,0,3,1,0,0,0,0,6,2,8,0,0,0,4,1,0,11,7,2,0,0,0,0,0,10,0,3,1,0,0,12,0,5,0,0,8,2,0,1,0,3,0,1,0,0,0,1,3,0,2,1,0,0,4,1,0,12,2,0,0,0,0,1,0,1,6,3,12,0,0,1,0,0,0,0,0,11,0,1,0,0,0,1,0,0,0,9,0,0,5,0,0,0,5,1,4,2,0,0,0,0,1,0,1,0,4,1,0,0,0,1,0,0,0,0,0,1,8,0,0,0,96,0,0,2,0,2,0,0,3,0,1,0,0,1,0,0,0,0,1,4,0,0,1,0,0,0,3,0,3,0,29,0,0,0,1,0,0,0,1,4,2,2,0,0,0,0,3,0,0,0,0,0,0,2,0,0,1,11,0,1,0,0,2,0,0,0,0,0,1,0,0,1,14,1,2,0,0,0,0,0,2,0,1,0,0,1,3,0,0,13,7,0,0,0,0,0,0,0,0,1,0,0,7,0,0,2,0,0,0,0,0,0,1,0,0,2,1,0,0,0,0,0,5,2,0,1,0,0,0,2,0,1,0,0,0,0,5,0,6,0,3,5,0,4,0,0,0,0,2,0,7,0,2,0,0,0,0,2,1,0,0,17,0,0,5,1,0,0,1,0,3,3,0,0,1,2,0,0,9,0,1,0,0,8,1,4,20,1,0,0,31,1,1,0,6,0,0,1,0,0,0,17,0,0,0,0,0,0,0,1,0,0,0,5,0,0,8,2,0,0,0,2,2,4,5,1,0,0,0,0,0,0,0,4,2,0,0,0,0,0,0,0,0,0,6,4,1,0,0,8,0
"ENSG00000233080.3",19,0,2,0,1,9,4,0,0,1,0,11,1,0,1,0,0,0,0,2,18,0,0,0,0,0,0,0,1,1,0,3,2,1,1,0,1,0,0,4,0,1,2,1,0,0,0,0,0,0,2,0,2,20,0,0,0,1,0,0,0,6,0,0,0,0,0,1,0,0,27,0,0,0,0,0,23,1,8,0,3,0,0,0,0,0,0,0,0,0,16,0,7,0,0,0,3,0,0,1,0,0,1,0,0,1,1,0,30,14,17,1,0,0,7,1,9,3,0,2,3,0,0,0,1,0,1,0,3,0,1,0,0,0,0,0,2,0,2,1,0,2,3,1,0,2,1,0,18,0,0,0,0,2,0,0,0,4,4,1,0,5,1,4,17,1,2,0,0,1,2,1,0,1,1,0,0,1,1,0,0,8,2,0,0,0,0,0,3,0,0,31,2,1,0,1,1,0,0,2,0,0,3,0,0,1,0,0,0,0,0,5,2,3,2,0,2,0,2,0,0,1,12,0,0,0,1,0,0,0,1,0,0,0,0,6,0,0,1,1,0,0,0,1,0,0,0,0,1,0,0,0,0,1,1,0,0,0,2,0,0,0,0,2,0,1,0,0,2,1,0,0,0,0,0,26,3,0,0,0,0,0,0,0,0,2,0,0,0,0,0,0,0,0,14,0,0,1,1,1,0,1,34,1,12,0,0,0,0,0,0,0,0,1,1,16,1,0,0,5,1,0,0,14,1,2,0,1,0,1,0,1,0,4,1,1,0,0,0,0,1,0,0,1,0,0,0,1,3,0,0,1,0,19,0,0,6,1,10,0,2,1,0,1,0,0,0,30,1,0,0,0,1,0,2,0,0,1,0,1,0,0,0,0,0,0,7,0,3,0,6,0,0,8,1,0,0,5,1,0,0,0,1,0,0,0,1,1,0,0,0,0,0,1,1,0,0,93,1,0,0,0,0,1
"ENSG00000233085.5",8,0,0,0,4,1,0,0,0,11,0,0,0,0,9,0,1,0,0,2,0,0,0,0,0,2,0,0,0,50,2,3,2,1,8,0,6,0,0,0,0,3,0,1,0,0,2,2,0,0,0,2,0,1,0,0,1,8,0,0,0,10,0,0,0,2,0,0,0,0,11,0,1,0,0,0,12,0,0,1,0,0,0,0,1,0,0,0,2,0,7,98,1,26,0,0,0,0,2,1,4,0,7,0,0,1,0,0,1,0,0,0,0,1,3,0,5,0,3,12,0,0,0,0,0,0,0,0,0,6,1,0,1,0,1,0,0,0,0,0,0,0,4,0,0,0,2,4,5,1,0,1,0,0,0,9,0,8,0,1,0,1,1,0,2,0,9,9,0,6,0,2,0,9,0,0,3,4,1,2,0,0,0,0,0,0,0,0,7,0,0,21,0,1,1,0,0,12,1,0,0,0,0,1,0,0,1,0,0,0,0,0,23,0,2,4,0,0,4,56,0,0,0,0,1,0,0,0,0,2,0,0,3,0,0,0,0,0,0,12,0,2,0,0,23,0,0,0,0,0,0,6,0,0,0,1,0,40,7,0,0,0,2,10,0,0,2,0,0,0,3,0,2,0,0,1,23,0,0,0,0,2,0,0,0,1,0,0,9,0,1,0,0,0,0,25,0,0,0,9,1,0,0,0,1,1,1,0,0,0,1,3,0,0,0,1,11,0,6,0,7,2,0,1,1,0,0,0,4,0,1,1,7,1,1,0,0,0,0,1,0,2,0,7,0,0,0,0,1,0,0,0,0,9,0,0,1,0,0,0,0,0,0,14,2,0,11,2,0,0,0,1,0,10,0,0,0,3,0,0,0,0,9,0,0,0,0,1,0,0,0,0,0,0,0,0,0,1,1,0,0,0,0,0,2,0,4,0,0,1,0,0,0,2,3,0,0,0,7,0,0,0,6,0
"ENSG00000233154.6",17,0,2,3,0,20,5,0,2,0,39,42,30,7,3,1,2,2,0,5,13,0,3,4,2,5,11,6,7,7,8,0,15,1,11,3,7,3,24,58,8,0,5,18,4,5,3,6,0,4,4,3,1,19,0,1,2,25,6,0,22,3,3,20,0,13,5,1,6,5,14,8,1,0,8,2,8,4,20,13,62,8,4,13,12,4,3,11,4,11,1,40,23,26,0,3,0,3,61,4,2,2,2,18,3,2,99,0,81,1,9,4,11,3,40,5,8,18,1,18,0,8,1,5,6,0,0,26,11,22,3,0,28,6,1,1,0,1,17,0,0,7,20,2,3,19,10,6,16,4,1,1,8,8,2,0,10,6,42,7,4,1,4,2,11,1,15,17,28,13,7,8,14,2,15,8,9,74,6,2,0,0,4,2,2,2,1,0,0,18,3,3,28,7,4,30,3,3,5,5,6,6,2,45,2,8,1,1,7,2,1,46,8,2,31,3,2,7,9,26,0,6,11,0,2,2,10,9,2,50,13,0,6,8,2,1,1,1,7,6,41,4,2,2,17,1,7,7,6,3,2,2,4,2,0,3,2,1,1,1,23,29,15,65,0,11,3,2,26,1,9,2,16,3,21,19,15,0,1,10,51,24,32,5,1,2,1,1,14,5,0,2,3,3,1,5,11,2,1,16,0,2,31,1,11,1,0,1,6,109,4,2,9,2,5,0,27,7,17,13,1,27,1,13,3,0,0,0,5,1,10,4,2,2,3,0,17,2,63,0,0,12,1,0,20,2,8,12,11,1,0,11,1,32,3,1,10,26,25,14,40,2,14,5,11,1,4,45,1,2,0,5,5,38,19,0,17,1,1,3,9,23,0,0,1,12,5,16,8,0,60,1,0,18,8,3,3,20,4,1,3,11,1,0,3,2,5,30,0,11,6,0,2,4,5,0,9,4,60,4,1,1,3,1
"ENSG00000233198.4",1,3,7,3,10,4,0,1,0,74,6,2,1,12,5,2,1,0,9,5,1,0,1,0,1,1,4,0,0,12,2,2,0,5,0,3,2,2,0,5,0,1,2,3,0,0,0,0,0,5,4,2,0,1,1,1,2,3,4,2,0,4,4,4,1,0,1,0,2,1,16,3,2,0,2,1,1,14,5,1,5,3,6,4,0,3,0,3,6,0,4,6,0,18,1,0,3,0,4,2,0,3,0,2,1,4,12,2,103,2,13,2,4,1,5,2,25,4,0,1,0,2,0,3,2,1,0,0,12,2,0,0,16,0,1,0,1,1,94,1,0,6,3,0,2,6,3,1,0,35,1,0,0,0,0,1,0,1,1,10,0,5,9,6,0,9,5,174,2,8,2,1,5,7,1,1,6,2,40,8,0,1,1,7,0,0,1,1,1,3,2,1,6,1,0,7,1,4,0,7,1,5,6,5,0,0,2,1,1,6,4,11,0,0,7,23,2,0,1,1,0,0,0,0,2,0,4,2,0,0,12,7,1,4,6,1,1,4,3,3,5,7,6,4,4,2,0,3,4,3,0,0,0,6,1,2,1,0,0,1,4,0,21,0,0,8,5,0,17,1,1,0,75,0,3,0,0,0,2,0,3,2,0,0,11,3,0,2,0,2,3,0,0,0,0,11,22,7,2,35,5,22,7,1,0,4,1,2,0,4,2,13,2,2,4,34,1,2,4,11,1,10,0,8,1,8,0,2,0,0,5,1,2,2,18,0,11,0,0,0,0,0,5,11,9,0,0,5,6,0,1,3,1,10,1,0,0,6,3,0,0,0,10,3,11,9,0,3,0,0,8,17,0,1,7,0,5,1,0,1,1,0,7,12,2,2,12,2,1,0,7,5,0,16,0,3,5,45,21,1,1,0,9,1,5,13,2,0,0,0,4,2,0,1,0,2,1,5,66,0,0,2,8,1
"ENSG00000233217.2",14,0,0,2,19,34,1,1,0,1,0,0,0,15,1239,1,0,0,0,0,5,0,0,0,0,0,0,6,0,33,2,29,4,0,1,0,1,0,0,0,5,1,0,1,1,20,8,1,0,0,0,8,3,1,0,48,0,1,8,0,0,0,0,3,0,0,3,0,4,6,7,0,0,0,0,0,10,3,7,0,0,0,66,10,0,1,4,0,24,2,15,1,2,0,1,0,0,0,0,0,0,0,11,0,11,6,9,0,3,0,14,0,0,33,2,0,1,0,0,1,0,59,0,0,3,0,0,0,4,8,7,0,5,0,4,0,78,0,15,0,0,11,50,0,1,7,1,22,3,21,0,4,2,0,0,0,0,32,7,30,0,0,0,16,1,0,58,25,1,0,0,1,37,6,1,3,4,2,115,0,2,1,0,13,0,0,1,0,0,0,0,0,8,2,0,44,0,1,2,68,0,0,22,0,0,8,0,0,2,0,8,34,2,0,31,17,0,1,1,2,0,1,0,1,0,0,0,5,2,2,74,0,0,0,0,0,0,0,0,0,21,0,1,0,17,2,0,1,1,0,37,1,0,0,0,1,0,0,0,4,6,0,4,2,0,88,1,0,7,1,1,0,3,0,2,2,3,0,1,0,4,1,2,1,0,3,0,56,35,2,2,5,2,1,1,324,5,0,3,2,5,5,1,0,1,0,0,6,23,1,1,56,12,0,11,0,0,1,2,3,0,25,0,1,0,9,2,0,0,0,1,3,3,0,9,0,0,11,0,0,0,0,0,8,0,0,0,3,3,0,0,13,1,2,0,1,4,1,1,261,0,0,1,274,1,0,4,0,0,4,0,0,0,0,1,0,9,5,1,35,0,2,2,0,7,2,27,32,1,5,39,1,0,13,26,1,1,1,34,1,6,0,0,1,0,0,1,3,0,6,9,0,0,0,0,0,5,0,98,0,0,0,0,0
"ENSG00000233288.2",0,0,0,0,0,0,0,0,0,0,0,0,0,35,4,0,0,2,1,3,0,0,7,0,30,0,0,3,0,0,0,0,8,4,0,0,1,0,2,0,0,11,0,0,0,0,0,0,0,0,0,38,0,5,8,3,0,0,22,0,0,0,0,3,0,0,0,0,1,0,0,0,0,0,0,0,0,0,0,1,18,2,0,0,4,0,1,0,0,0,1,29,1,9,1,0,0,12,2,0,1,1,0,3,0,0,12,2,23,0,4,0,0,0,0,11,0,0,1,37,2,1,1,0,1,0,0,2,0,94,0,0,17,0,0,0,0,1,32,3,0,1,0,1,0,1,1,0,2,0,1,0,0,96,0,0,2,0,4,0,25,0,0,2,0,1,3,0,0,65,1,0,0,59,0,0,0,1,1,26,0,0,0,1,1,0,2,0,28,38,0,0,0,3,1,1,0,1,0,0,13,0,0,9,0,1,0,0,2,0,0,0,4,2,0,14,1,0,1,0,0,4,0,1,0,0,13,0,0,0,0,1,2,0,0,10,0,0,0,6,0,0,0,0,6,0,10,2,0,0,1,0,0,0,0,0,0,0,2,0,29,14,1,2,0,0,0,0,80,0,0,0,20,0,1,0,10,0,0,12,34,0,0,0,2,0,0,0,0,0,1,0,0,0,0,1,2,16,0,0,0,0,2,1,0,0,0,0,16,7,0,2,36,0,31,153,43,1,1,0,1,0,1,0,3,1,1,0,0,0,1,0,2,0,3,3,29,1,0,0,1,0,0,0,22,0,1,0,8,0,0,0,1,55,0,1,0,1,1,0,5,1,2,1,0,0,0,0,0,2,0,1,0,5,74,0,95,0,11,65,0,0,0,0,0,0,0,19,1,0,0,0,0,0,0,0,12,1,7,1,0,0,0,0,0,0,1,0,1,0,1,0,0,0,0,0,31,1,9,2,0,4,2,1
"ENSG00000233358.2",0,0,0,0,0,1,8,0,0,0,10,0,0,44,11,0,0,14,0,0,0,0,27,8,14,12,0,20,8,32,0,0,18,0,12,0,3,0,0,2,0,0,15,21,0,0,0,1,0,0,0,4,0,1,0,0,6,0,7,0,0,7,0,1,0,0,0,0,3,1,49,0,13,0,0,0,0,3,8,17,7,13,0,0,9,0,0,0,0,4,0,46,5,0,0,0,11,16,7,6,0,0,2,0,0,0,0,0,28,4,0,0,0,4,0,3,0,0,33,49,0,4,0,0,5,0,0,1,0,0,0,0,3,0,2,0,0,0,2,2,0,0,28,0,0,2,10,0,0,0,0,0,0,17,0,0,2,0,5,11,0,0,0,0,0,1,7,5,9,0,4,4,0,34,0,0,6,13,0,10,0,4,2,0,5,0,2,0,8,4,0,0,1,0,3,0,0,0,0,0,0,0,0,28,0,7,0,0,2,0,0,3,25,15,4,0,0,0,10,11,0,2,2,0,0,0,2,10,0,0,0,12,0,3,0,10,0,0,0,2,0,3,0,2,0,11,1,0,0,0,0,0,0,24,0,2,0,0,21,15,22,4,10,21,0,0,0,0,6,0,11,0,12,0,0,0,13,0,0,6,13,14,30,0,0,0,0,0,0,3,1,0,0,6,0,3,9,0,0,0,0,3,1,0,0,0,0,0,10,0,21,0,0,2,0,0,18,4,0,6,0,0,0,0,2,0,0,0,12,0,1,0,1,0,0,0,1,0,23,0,0,16,3,0,22,13,0,0,3,0,0,4,0,18,0,0,0,0,16,0,6,0,0,0,0,0,3,27,0,4,2,9,3,0,82,0,16,1,0,46,12,5,9,0,2,0,0,11,1,1,0,0,0,2,0,0,4,15,0,0,1,0,0,0,18,0,3,9,3,0,1,0,0,0,8,0,10,0,1,0,0,3,5,0
"ENSG00000233359.2",0,0,0,0,0,0,0,0,0,0,0,1,0,54,4,0,0,20,0,0,1,0,0,0,2,0,0,49,0,0,0,1,3,0,0,0,0,0,0,0,0,0,0,0,0,0,0,1,0,0,0,3,0,0,0,0,0,0,0,0,0,144,0,0,0,0,0,0,0,27,227,0,5,0,0,0,0,0,0,5,38,87,0,0,36,0,0,1,0,0,0,5,21,8,0,0,0,6,0,0,0,0,0,0,0,0,0,0,29,0,0,0,0,0,0,1,0,18,1,66,0,0,0,0,18,0,0,69,0,28,0,0,259,0,0,0,0,0,9,0,0,0,0,0,0,0,0,0,0,0,0,0,0,2,7,1,0,0,0,2,56,0,0,0,0,33,2,0,0,22,0,7,0,263,0,0,0,0,0,0,0,0,0,0,0,0,0,0,0,8,0,0,0,1,66,0,0,0,0,0,0,6,0,136,0,117,0,0,1,1,0,0,0,148,0,0,0,0,22,1,0,15,0,0,0,0,2,49,0,0,0,1,0,0,0,61,0,0,0,9,0,0,0,0,0,0,5,0,0,0,0,0,0,0,0,0,0,0,1,112,16,0,0,0,0,0,0,0,3,0,17,0,6,0,0,0,7,0,0,3,2,5,2,0,0,0,0,0,0,0,1,0,0,0,0,4,11,1,0,0,0,0,1,0,15,0,0,1,0,22,0,0,5,0,0,0,48,0,0,32,0,0,0,0,4,0,0,0,6,0,10,0,0,0,0,0,0,0,0,0,0,0,1,0,39,37,0,0,46,0,0,0,0,49,0,0,0,0,2,0,25,0,0,0,0,0,0,0,0,9,0,0,0,37,77,0,203,0,0,3,0,126,0,0,0,0,0,1,1,0,0,0,0,0,0,0,0,0,0,0,1,1,0,0,0,0,74,111,2,0,0,0,0,0,0,0,14,1,0,0,0,0,0,0
"ENSG00000233379.2",0,0,0,1,0,0,0,0,0,0,0,3,0,225,8,0,1,0,0,0,0,1,0,6,0,0,0,5,0,2,0,0,0,0,1,0,16,0,0,0,0,0,0,1,0,0,0,0,0,0,0,0,1,0,0,0,0,0,1,0,0,1,0,2,0,0,5,0,6,1,3,1,0,0,0,0,1,0,0,7,1,2,0,0,3,0,2,0,0,0,0,19,1,9,0,0,0,5,1,1,0,0,3,0,0,0,0,1,36,1,0,1,1,0,0,0,0,0,0,44,1,0,0,0,0,4,1,0,1,0,1,0,47,1,0,0,0,0,0,1,2,1,0,1,0,85,0,1,0,0,0,0,0,0,5,0,0,1,1,2,0,0,116,0,0,1,0,0,0,8,0,0,10,5,1,0,0,0,3,1,0,0,0,0,0,0,62,0,0,2,0,0,1,0,1,0,0,0,0,1,0,0,0,55,0,1,0,0,5,0,1,0,0,0,1,0,0,0,1,42,0,2,0,0,2,0,0,20,1,0,0,6,18,0,0,89,0,0,5,0,0,0,2,0,0,0,0,0,0,0,0,0,0,0,0,1,0,0,1,0,2,35,22,2,0,0,0,0,44,0,12,0,0,0,0,0,0,0,0,3,7,4,9,0,0,0,0,0,0,0,0,0,0,0,1,0,0,0,1,1,1,0,0,3,0,0,0,0,0,0,8,0,0,0,0,0,30,0,2,0,1,0,0,0,3,1,3,0,3,0,2,1,6,0,0,0,0,1,1,0,0,6,1,0,0,2,1,2,1,0,0,6,0,0,0,1,0,1,0,0,68,0,0,0,0,2,0,0,2,0,0,0,0,0,2,0,8,1,0,5,4,0,4,1,2,5,0,2,1,0,0,0,0,0,0,0,1,0,0,0,3,0,0,0,44,0,77,0,11,1,9,4,0,0,0,0,0,54,0,3,0,0,0,0
"ENSG00000233441.6",0,0,0,1,5,1,0,0,0,0,0,0,1,0,0,0,0,1,2,0,19,0,0,3,0,0,1,3,0,0,3,0,0,2,5,0,1,0,0,0,0,0,1,0,0,0,0,1,0,0,0,8,0,0,0,3,0,0,0,4,0,32,0,0,4,0,0,0,2,0,2,10,2,0,0,0,8,8,0,322,4,77,4,0,3,0,0,0,1,0,4,5,2,4,0,0,0,0,0,0,0,0,0,0,0,1,0,0,14,0,0,0,0,2,0,2,3,0,0,0,0,0,0,0,4,0,0,1,0,0,1,0,12,7,0,0,0,0,11,8,0,0,0,0,0,0,1,10,0,1,2,0,0,1,0,0,1,4,0,0,0,0,21,2,1,46,35,2,0,0,0,0,0,0,0,0,1,2,0,0,0,9,0,0,0,0,0,0,1,0,0,0,1,4,2,0,1,0,0,1,3,0,41,59,0,1,0,0,0,1,1,3,0,0,1,0,1,0,1,3,0,0,0,53,0,0,0,0,0,0,2,1,8,0,0,2,0,0,0,188,0,2,0,0,89,0,1,0,0,0,0,0,0,1,0,0,0,5,0,2,0,0,8,4,0,0,0,0,13,0,2,0,0,0,0,0,0,0,0,9,1,0,0,0,0,2,0,0,0,66,0,0,1,0,0,21,0,0,0,0,0,0,1,0,0,0,0,24,2,0,1,10,0,15,8,0,0,1,1,0,1,0,0,4,16,1,0,0,0,0,0,0,0,1,0,0,0,7,0,0,0,0,16,2,1,0,0,2,1,0,0,1,0,0,0,0,3,0,0,0,2,0,0,92,0,0,0,0,0,3,0,0,0,0,4,5,13,0,0,0,0,2,42,3,0,0,0,1,0,2,1,0,0,0,0,0,15,0,0,0,0,0,2,0,0,0,2,5,0,0,2,0,0,0,1,2,2,1,2,0,0,0,0,0
"ENSG00000233461.6",39,21,109,136,48,76,58,28,89,127,32,13,21,303,366,18,64,237,45,42,68,25,204,34,76,87,58,27,62,100,47,161,43,52,37,228,208,123,40,21,130,129,82,151,31,105,77,150,18,55,52,86,49,118,38,111,79,80,51,78,123,54,180,37,68,125,30,72,53,59,120,100,40,19,63,18,160,91,101,45,78,68,1138,158,59,22,94,46,240,140,229,169,116,610,87,10,105,28,62,42,170,20,388,24,45,426,34,18,123,91,56,26,165,47,19,71,81,47,88,368,121,62,19,458,153,7,15,68,146,163,41,16,335,57,415,13,82,16,102,55,18,79,59,33,63,59,148,195,82,118,22,24,57,71,32,107,1430,74,76,27,46,236,144,68,85,80,156,353,79,479,85,81,198,159,159,37,204,513,69,90,19,79,60,58,67,91,52,43,131,17,41,57,38,50,81,171,27,440,66,186,38,45,77,200,14,316,19,23,165,39,20,29,275,134,27,102,74,148,40,154,13,20,305,71,17,13,115,111,1065,47,222,45,187,129,151,159,13,58,19,96,45,66,69,72,433,67,55,104,90,78,17,197,19,102,16,29,22,239,335,150,37,30,291,138,38,58,157,19,31,21,114,17,99,32,57,74,98,22,92,154,50,223,29,29,82,47,10,259,541,1229,22,126,71,432,79,120,119,60,132,498,54,50,92,25,271,71,13,78,31,36,51,103,116,735,184,156,95,54,250,126,156,103,30,72,209,84,15,125,171,14,304,35,59,40,232,20,28,114,74,744,17,163,137,204,38,41,26,225,136,8,50,73,46,111,52,36,202,205,78,200,102,89,266,318,152,21,667,107,29,175,59,90,804,83,71,49,264,30,44,31,49,22,69,384,37,245,117,36,60,20,259,57,15,79,123,44,94,151,43,19,55,44,55,37,46,45,1543,63,56,129,22,83,53,199,106,113,25,69,28,38,29,39,365,53
"ENSG00000233487.6",28,0,1,0,4,1,1,0,0,1,0,1,1,2,2,0,2,2,1,2,1,0,2,1,1,0,0,1,1,0,4,1,1,1,1,1,2,0,1,0,0,23,1,0,0,2,0,0,0,1,1,1,1,4,1,4,1,3,1,12,2,0,0,0,1,0,0,0,1,7,4,1,0,0,0,0,7,2,5,2,0,0,2,0,1,2,2,0,1,2,0,1,1,7,0,0,3,1,0,1,1,0,9,2,0,1,9,1,12,1,5,0,1,4,1,0,16,0,3,1,0,0,0,1,0,1,0,0,3,5,0,0,0,0,1,0,0,0,8,0,0,4,1,0,0,5,0,12,13,2,1,0,1,0,1,1,0,4,0,0,3,1,6,4,2,1,4,5,4,11,6,2,0,2,0,0,0,2,8,0,0,3,0,0,1,4,1,0,0,0,1,0,6,2,1,1,0,1,0,6,0,2,4,5,0,0,0,17,1,2,0,24,1,0,1,0,1,0,0,0,0,0,1,0,0,1,2,2,2,1,6,1,3,1,0,0,0,2,0,0,0,1,1,1,28,2,1,0,5,1,0,4,0,1,0,2,0,1,0,3,0,0,0,4,1,1,9,1,0,0,0,0,0,1,0,4,3,0,0,1,0,2,1,0,0,0,0,1,15,0,2,0,0,0,1,1,1,1,0,2,2,0,8,1,7,0,0,1,0,0,1,5,3,0,0,0,3,9,2,0,2,40,0,33,1,5,0,2,0,1,1,1,1,3,1,0,0,9,0,0,0,0,1,24,6,0,0,10,0,0,2,2,1,4,2,1,14,30,1,0,1,0,0,13,1,0,2,3,1,0,0,0,5,0,1,1,2,4,1,0,1,2,0,1,1,0,2,0,0,1,22,1,0,3,2,1,2,6,1,0,0,0,1,0,1,2,3,0,1,0,0,3,1,0,1,0,3,1,22,0,0,0,0,0
"ENSG00000233515.2",2,0,0,0,0,0,0,0,0,0,0,0,0,63,93,0,1,64,2,0,0,0,1,0,3,0,1,65,0,40,1,0,2,11,2,0,0,0,0,0,0,0,0,0,0,0,0,0,5,0,1,47,0,3,0,0,2,0,7,0,2,3,0,1,0,1,2,1,0,0,596,1,0,0,0,0,0,0,2,1,130,172,0,0,126,0,0,3,1,0,2,7,0,0,0,0,0,0,183,0,1,0,0,1,3,1,0,0,222,0,0,2,0,0,0,1,1,2,2,102,0,385,1,2,1,0,0,31,1,3,2,0,37,0,0,0,0,0,368,45,0,0,6,0,0,74,0,2,2,1,0,1,0,54,0,0,0,0,0,223,16,0,0,0,1,0,0,0,0,346,0,7,0,3,0,0,0,113,2,0,1,1,3,1,23,0,3,0,1,20,1,98,3,117,2,0,0,2,0,2,0,3,0,0,0,19,0,0,85,0,0,2,10,11,70,6,0,1,24,360,0,0,0,0,0,0,1,0,1,2,0,0,0,1,18,3,0,0,0,12,0,1,0,2,1,0,0,0,2,0,1,2,0,0,0,2,0,0,4,350,50,60,0,424,0,0,0,0,5,0,6,0,74,0,3,2,0,0,3,5,1,14,2,1,1,0,5,0,0,1,3,1,0,3,0,18,30,0,0,0,0,0,35,0,48,0,0,3,26,50,0,1,1,0,6,2,39,3,0,0,1,0,0,5,3,0,0,1,0,0,304,0,3,0,0,0,5,0,0,0,0,0,0,0,86,2,0,0,21,0,0,5,1,609,0,0,1,0,0,2,39,0,1,1,2,2,0,0,0,4,0,0,0,4,16,0,2,0,0,2,34,2,0,0,0,10,2,2,0,0,1,2,0,1,0,0,216,4,1,0,1,0,1,0,0,0,88,0,2,1,0,0,0,3,2,0,74,2,2,3,0,0,0,1
"ENSG00000233532.6",474,0,0,0,1,0,0,0,0,1,0,0,0,2,94,0,0,0,0,1,0,0,0,0,4,0,0,1,0,6,1,2,1,0,0,3,5,0,5,0,0,104,1,0,0,0,0,0,0,0,1,10,0,0,0,0,0,0,0,0,0,2,0,0,0,1,0,0,0,0,0,0,0,0,0,0,0,0,0,1,2,8,1,1,0,0,1,2,2,3,2,38,0,0,0,0,0,0,1,0,0,0,0,0,0,0,0,2,48,0,0,0,0,21,0,1,0,0,0,5,1,0,1,0,0,0,0,3,0,0,0,0,7,0,0,0,1,0,0,0,0,0,97,1,1,0,1,0,4,3,1,0,0,18,0,1,0,0,0,8,0,0,4,0,0,0,1,0,0,2,0,0,0,5,0,0,1,4,0,0,0,0,0,1,0,0,0,0,0,0,0,4,1,0,1,1,1,2,0,0,0,0,0,48,0,0,0,0,0,0,0,0,40,1,0,0,0,0,2,11,0,0,0,0,0,0,2,2,0,0,0,0,1,0,0,1,0,0,0,5,0,0,0,0,2,4,0,0,0,0,0,0,0,0,0,0,0,0,0,7,7,2,2,0,0,0,0,0,2,0,0,1,0,0,0,0,8,0,0,1,2,2,1,0,0,1,0,0,0,0,0,0,0,8,0,18,63,0,3,33,0,0,4,0,1,0,0,0,1,0,0,0,0,0,0,4,1,0,0,2,0,3,0,0,1,0,0,0,0,0,0,0,0,0,3,0,0,1,0,0,0,0,1,4,0,2,0,0,2,0,9,0,0,1,0,1,0,148,0,0,3,0,0,0,1,0,3,0,0,0,0,0,0,0,3,0,0,0,1,0,0,0,0,0,0,1,1,1,0,0,0,0,0,1,1,0,5,0,1,0,0,0,2,0,228,1,0,0,0,0,0,0,0,1,8,0,0,748,0,9,0,0,0,1
"ENSG00000233537.1",0,0,0,0,1,0,0,0,0,0,4,5,0,0,0,0,0,0,18,0,0,0,0,0,0,0,0,0,0,0,0,0,0,0,0,0,43,0,9,8,0,0,0,20,1,0,0,0,0,0,0,0,0,3,10,0,18,0,0,0,48,0,17,0,0,0,0,110,0,0,0,1,0,0,0,0,0,0,2,0,2,0,0,0,0,0,0,5,0,0,1,3,0,0,3,1,62,0,1,0,4,2,0,10,0,0,0,0,0,0,0,0,0,0,0,0,0,0,0,34,18,0,0,9,0,0,0,0,0,0,0,0,1,0,0,3,20,2,0,0,0,0,0,0,0,0,0,0,0,0,1,0,1,1,0,17,0,0,9,0,0,1,0,0,0,1,0,0,0,0,0,0,42,1,1,0,2,3,0,52,0,0,3,0,36,0,0,0,0,0,0,0,0,0,0,0,0,5,0,0,0,0,0,0,0,4,0,0,0,0,1,0,0,0,0,0,12,27,0,1,0,0,0,0,1,0,47,0,0,9,0,0,0,17,2,10,0,6,0,0,0,0,33,0,0,1,2,2,4,224,0,0,0,0,0,0,1,0,10,0,0,0,0,0,0,0,0,0,0,0,0,0,0,1,0,0,0,0,12,0,0,1,0,0,11,0,0,0,0,1,0,0,0,3,9,0,0,4,0,0,0,0,0,0,0,0,2,0,0,11,123,0,3,0,5,0,40,0,0,0,0,0,0,0,0,0,0,20,4,0,32,0,1,0,20,0,22,0,13,0,0,37,0,0,0,0,0,0,0,0,0,0,0,0,5,0,1,1,0,0,0,0,11,0,1,0,0,0,7,0,0,19,0,3,0,0,0,0,0,0,0,0,0,0,0,0,0,1,0,0,0,29,1,0,0,0,3,0,7,0,0,0,0,8,0,0,0,0,0,0,0,0,0,1,0,0,0,0,0,0,0,0,54,0
"ENSG00000233539.5",2,0,0,22,10,124,30,32,25,12,29,4,8,36,92,1,27,11,2,8,3,0,43,51,8,30,2,38,70,65,41,162,65,0,145,5,7,25,13,3,0,8,40,0,3,40,5,15,0,0,8,21,6,31,2,4,2,46,8,7,1,24,2,0,2,21,13,3,58,73,80,63,65,1,4,1,177,19,162,84,13,5,83,15,6,4,13,25,2,84,86,167,8,625,7,0,4,9,15,34,9,1,253,3,35,24,3,1,11,84,24,12,4,2,6,5,52,28,32,44,0,21,0,8,100,0,1,0,4,12,14,6,1,10,33,1,2,1,211,2,0,54,384,0,55,123,1124,3,26,0,1,2,20,10,1,0,125,154,48,13,2,10,147,39,1,0,124,7,31,437,12,39,77,241,39,8,61,50,6,0,0,28,2,7,13,26,3,15,2,4,1,0,129,21,22,0,1,67,1,514,0,18,11,46,0,217,1,21,25,1,100,381,195,30,20,59,0,23,53,19,0,1,60,215,1,0,6,16,225,17,12,2,12,7,5,170,0,0,13,28,33,135,1,13,102,10,113,30,2,2,75,128,2,223,2,2,1,0,54,62,249,31,173,57,2,162,15,0,84,1,74,0,155,4,9,14,57,0,0,126,14,498,6,4,3,26,2,133,110,43,7,45,73,1,6,64,7,5,11,6,20,372,2,5,173,7,85,76,2,24,1,7,2,153,16,32,108,19,3,194,3,13,0,1,93,5,5,1,37,0,15,80,17,39,1,2,13,2,92,1,5,6,17,18,79,9,1,43,27,0,1,12,1,244,4,4,8,4,60,28,20,107,1,5,2,0,74,170,0,93,109,25,51,42,59,3,50,6,7,7,6,52,3,30,3,1,22,132,27,9,102,0,0,17,14,101,27,138,6,0,26,0,112,0,7,6,118,610,8,1,9,0,8,11,1,4,26,5,3,1,2,4,0,4
"ENSG00000233542.2",12,0,2,9,48,9,0,8,6,19,13,11,3,10,8,1,8,8,5,4,1,0,34,4,7,2,1,4,6,26,11,23,10,6,4,8,8,0,13,19,5,11,21,2,3,2,16,18,0,7,7,8,0,6,8,7,1,2,10,13,13,6,0,6,1,16,0,4,11,7,36,36,27,0,20,0,15,12,2,5,11,12,7,20,9,5,15,2,93,9,23,1,1,1,12,0,7,28,5,8,12,0,31,7,13,21,17,0,8,12,20,3,34,9,4,8,27,11,1,18,1,1,1,14,23,0,0,5,2,7,2,0,6,12,22,0,6,0,5,2,0,36,8,0,10,32,4,11,13,3,0,0,5,3,6,7,3,16,24,14,18,8,22,15,6,10,8,15,14,7,5,4,16,14,9,0,15,6,11,7,0,32,8,17,5,13,20,17,12,0,5,6,14,12,5,5,1,16,8,13,1,8,23,2,1,12,0,13,7,4,9,14,4,6,17,12,7,2,19,16,2,24,11,0,1,0,3,8,4,14,13,14,25,7,2,9,0,2,5,9,8,13,1,7,20,8,0,6,15,11,8,10,0,12,0,11,0,23,15,12,16,10,9,3,0,31,4,0,19,0,18,2,3,0,18,1,13,1,16,18,7,10,9,0,7,3,0,30,8,44,1,8,8,27,14,9,14,9,6,22,15,9,14,1,0,14,1,5,3,3,3,29,3,11,9,16,9,13,33,15,15,16,1,13,34,10,0,7,5,0,6,0,51,3,8,0,3,16,1,3,0,7,7,4,3,4,0,32,4,0,1,15,7,2,6,0,19,16,14,3,5,19,17,25,17,5,3,21,11,9,11,21,4,3,2,4,1,0,9,1,3,7,1,12,0,2,30,3,3,3,4,5,0,9,2,9,8,9,6,0,22,2,13,1,7,1,14,6,8,42,11,6,15,2,22,9,7,1,3,3,0,0,11,1
"ENSG00000233610.1",0,0,0,1,0,1,0,0,0,0,0,0,1,108,0,0,1,0,1,0,2,0,1,1,0,0,0,0,0,1,0,14,2,0,0,1,0,0,0,1,0,1,0,0,0,0,0,0,0,0,0,0,0,1,0,1,0,1,0,0,0,0,0,0,0,0,0,0,0,0,17,0,0,0,0,0,0,1,1,1,4,0,1,0,0,0,1,1,1,0,0,4,0,0,0,0,1,0,1,0,0,0,0,0,1,0,2,0,100,0,1,0,1,0,0,1,0,0,0,1,0,0,1,0,3,0,0,1,0,6,1,0,130,1,1,0,0,0,1,0,0,3,3,1,1,0,0,1,78,0,0,0,0,0,0,0,0,2,0,1,0,0,30,1,0,0,1,1,0,0,0,0,0,1,0,0,0,0,1,0,0,0,0,0,0,0,0,0,0,0,0,0,0,0,2,1,0,0,0,0,0,3,2,0,0,1,0,2,0,0,0,1,1,0,0,0,0,0,0,0,0,0,0,0,0,0,2,0,1,0,0,1,3,0,0,0,0,0,0,0,0,0,0,0,2,0,0,1,1,0,3,0,0,0,0,0,0,3,0,1,0,0,1,3,0,0,0,0,0,0,0,0,13,0,0,0,2,0,0,0,1,12,0,0,1,0,0,1,0,0,0,0,0,0,0,0,0,0,0,0,1,0,1,0,1,0,0,0,0,0,0,0,0,0,3,1,0,0,1,0,1,0,0,0,0,0,0,0,1,0,1,0,0,0,0,0,0,0,0,0,0,1,0,3,1,0,0,0,39,0,0,0,0,53,0,0,2,1,68,0,0,0,0,0,1,0,0,0,0,0,0,0,0,1,0,0,0,0,0,1,0,0,0,1,2,3,0,0,0,0,10,0,1,0,0,0,3,2,0,1,0,0,0,0,2,1,2,8,0,1,0,0,1,0,0,0,4,4,0,1,0,0,1,1
"ENSG00000233625.1",0,0,0,0,4,6,12,0,0,0,0,0,5,0,0,0,1,0,3,0,1,0,0,0,0,0,0,0,0,2,8,0,0,0,1,0,0,0,0,0,0,0,2,0,1,0,0,0,0,0,0,3,0,0,0,3,0,2,0,1,0,7,0,0,0,4,1,0,14,3,2,3,4,0,0,0,1,1,0,2,6,6,1,3,1,3,0,0,0,0,5,0,2,308,2,0,1,1,0,0,1,0,0,0,4,0,0,0,10,33,5,3,0,0,0,6,0,0,0,0,0,0,0,0,4,0,0,2,1,0,1,0,15,0,1,0,2,0,1,0,0,0,3,0,62,1,20,0,8,0,0,0,0,0,0,1,0,0,0,2,5,0,5,5,0,0,14,9,6,39,0,4,0,0,0,0,0,1,1,0,0,0,1,0,0,39,0,1,0,0,0,0,1,1,1,11,1,9,0,0,0,1,25,20,1,39,0,0,10,0,0,1,2,0,0,0,1,0,0,3,1,0,0,2,0,0,3,0,0,0,100,0,1,0,0,7,0,0,1,0,0,0,0,0,28,6,2,0,0,1,0,6,0,135,1,0,0,0,0,136,1,0,1,5,0,3,2,0,13,0,2,0,5,0,0,1,54,0,1,6,0,2,0,0,3,17,0,0,26,0,0,1,0,0,9,0,1,0,0,0,24,0,0,2,1,0,0,0,0,0,0,1,1,0,0,0,0,3,0,1,0,0,1,0,1,0,0,1,1,0,1,1,0,2,0,0,1,5,0,0,0,0,0,0,22,1,0,0,0,0,0,0,0,15,0,0,1,0,2,20,0,0,0,68,0,0,0,2,0,0,4,0,10,0,1,0,4,0,2,0,2,2,3,7,0,7,5,0,0,0,14,1,0,0,0,0,3,2,1,0,0,2,0,0,0,2,0,0,1,0,1,0,0,0,6,0,0,0,0,0,0,0,0,0
"ENSG00000233682.3",12,0,1,5,6,1,0,1,0,12,2,2,0,11,0,2,3,1,0,1,3,0,1,1,0,0,0,1,0,3,0,6,6,1,1,0,1,0,0,2,0,16,0,0,1,0,0,3,0,1,0,4,1,1,0,0,1,0,0,0,0,2,0,0,1,0,2,1,0,3,4,9,0,0,2,0,6,6,0,6,1,0,2,1,0,0,6,0,11,0,3,0,0,0,0,0,2,0,1,4,2,0,6,0,8,0,1,0,6,0,3,1,9,22,1,0,3,0,0,1,0,3,0,0,3,0,3,0,0,4,0,1,2,1,4,0,0,0,1,1,0,12,13,0,3,0,0,2,1,4,0,1,0,0,2,0,0,3,0,5,1,10,0,5,5,1,1,3,0,0,0,0,0,0,3,0,4,0,11,0,0,4,0,3,0,0,2,1,0,0,0,2,1,0,0,0,0,0,0,0,0,0,33,0,0,0,0,2,13,0,6,6,1,0,5,5,0,0,8,0,0,1,0,0,0,0,2,0,0,0,1,0,10,1,0,0,0,1,0,1,6,1,0,8,6,2,0,2,2,0,0,0,1,1,0,2,0,9,0,0,4,1,7,0,0,5,1,0,0,0,3,0,0,0,1,0,1,0,0,3,1,0,0,0,0,11,0,2,2,6,7,0,1,0,11,3,2,0,0,0,2,0,1,0,3,5,0,0,0,0,0,2,0,1,0,4,0,7,0,0,2,3,1,1,1,2,1,0,1,1,0,1,1,2,0,0,0,0,0,1,0,0,1,2,0,1,0,1,0,1,0,8,0,0,0,0,0,0,0,0,1,2,4,6,2,0,2,0,0,3,0,2,0,0,0,1,0,0,0,0,0,1,1,1,1,0,4,2,0,0,0,0,0,0,1,2,0,1,9,0,0,1,3,0,2,2,2,0,0,10,15,1,1,2,1,0,0,60,0,5,0,0,2,3
"ENSG00000233718.8",1,0,0,1,18,11,0,0,1,3,1,2,20,7,0,0,8,2,2,7,9,0,14,3,0,16,2,0,9,0,7,0,0,2,29,5,0,3,9,0,1,1,15,6,1,5,0,11,2,0,1,1,3,0,7,8,0,5,0,3,8,2,0,2,7,5,1,7,2,1,0,5,5,0,15,0,0,11,6,1,0,0,0,2,1,13,0,0,0,0,13,20,6,19,24,4,2,1,3,6,2,0,0,1,1,3,0,2,133,37,14,0,0,0,0,10,29,17,0,64,1,0,0,12,17,0,0,0,4,0,2,0,0,0,1,0,0,0,0,0,0,5,2,1,9,0,2,0,8,0,0,0,2,7,2,0,0,14,2,1,9,0,2,7,12,1,0,83,1,44,45,12,1,0,7,0,2,1,0,0,0,4,3,0,0,16,21,5,19,0,0,0,0,1,0,0,1,28,0,0,1,0,2,0,0,31,1,6,0,0,1,4,0,54,6,2,1,2,0,2,0,0,10,0,0,0,15,0,0,0,21,0,1,2,1,21,0,5,0,1,3,6,3,33,9,1,0,0,0,0,0,7,0,0,2,5,0,23,1,11,1,2,0,60,1,3,1,0,2,0,1,0,2,0,0,13,40,0,2,0,0,1,0,0,0,34,0,1,1,116,0,2,3,1,11,1,5,12,2,11,5,8,5,1,2,1,0,12,3,0,0,18,11,2,2,5,0,7,2,0,8,0,2,95,5,0,0,0,16,1,0,0,1,4,0,1,0,0,2,6,5,0,14,0,0,1,1,2,37,1,0,0,0,26,0,0,12,2,24,55,0,3,8,123,2,35,0,42,0,1,2,0,9,1,0,24,0,3,2,0,0,0,0,7,1,0,19,0,2,6,4,10,3,15,0,15,12,28,4,0,2,1,9,6,2,0,0,6,1,1,0,1,3,2,0,22,0,9,0,0,0,0,10,0
"ENSG00000233791.5",5,0,0,3,4,22,1,1,0,6,0,0,6,14,32,1,4,8,4,1,6,4,12,0,5,6,3,3,14,6,2,4,17,2,2,5,21,5,0,0,3,4,5,1,2,1,1,6,2,1,0,5,3,16,4,0,17,10,0,3,1,7,5,1,5,6,1,12,3,2,8,11,4,1,0,0,18,6,11,21,9,4,3,25,10,5,3,4,25,3,33,30,9,14,54,0,5,10,20,3,17,3,48,0,8,10,16,1,44,9,51,2,1,6,2,2,13,9,57,30,7,3,0,14,23,1,1,3,37,23,1,2,33,10,8,0,0,1,12,0,1,26,4,1,6,41,23,12,23,6,13,0,2,7,1,9,4,13,1,13,4,172,31,9,3,2,42,5,0,41,2,0,20,5,16,1,35,28,2,15,1,22,3,12,0,1,2,6,14,0,4,0,4,6,7,14,0,52,2,29,0,1,22,1,1,13,3,42,3,2,2,20,63,18,12,0,0,1,11,2,1,0,2,5,2,0,2,1,15,6,9,1,9,2,0,13,1,1,4,28,9,19,6,12,21,44,0,8,3,3,2,5,0,4,0,21,1,8,43,8,0,3,10,12,2,7,2,2,13,0,12,2,7,2,8,2,29,1,3,10,8,23,4,1,2,8,0,10,13,21,5,11,0,25,8,35,3,8,3,2,8,14,16,0,5,9,3,3,4,37,0,15,126,59,8,1,23,14,16,11,11,8,0,3,10,16,2,6,10,0,42,6,0,12,12,1,9,23,8,6,0,16,4,2,5,1,12,4,12,6,0,296,3,11,1,5,4,7,3,11,21,2,11,7,6,0,20,30,2,1,4,8,5,4,9,1,19,1,0,5,20,1,1,8,2,13,7,37,10,5,136,0,0,8,12,8,22,15,3,0,1,22,10,4,2,0,19,81,0,2,4,3,0,2,4,11,19,0,10,1,0,0,14,5
"ENSG00000233854.2",5,0,0,0,0,0,0,0,0,0,0,0,1,11,4,2,0,0,0,0,0,0,4,2,0,0,0,6,0,75,0,1,0,0,9,0,40,0,0,0,0,1,0,0,0,0,0,0,1,0,0,17,0,10,0,0,61,0,0,1,0,0,0,6,0,0,1,0,0,0,27,1,0,0,0,0,0,0,1,29,4,20,0,0,0,0,0,0,0,0,0,1,0,0,0,5,0,16,0,0,0,0,0,0,1,0,0,0,110,0,0,0,0,0,0,0,0,0,0,6,0,127,1,0,1,0,0,0,0,0,0,1,3,0,0,0,0,0,12,0,0,0,124,0,0,1,0,0,0,0,0,0,0,5,0,0,0,1,1,0,0,0,0,0,0,0,3,0,0,2,0,28,0,38,0,0,0,44,0,0,0,0,0,0,0,0,1,0,0,48,0,0,0,1,0,0,0,0,0,0,0,0,0,26,0,3,0,0,0,0,0,0,2,1,0,0,0,0,121,0,0,12,0,0,1,0,0,217,5,0,0,0,0,0,0,0,0,0,0,2,0,0,0,0,0,1,0,0,0,1,2,0,0,1,3,0,0,0,5,2,2,1,4,152,1,43,0,0,39,0,1,0,23,0,0,0,28,0,0,21,8,9,0,0,1,0,0,0,0,0,3,0,0,0,0,16,22,0,0,0,0,0,21,2,8,0,0,1,8,0,0,0,0,0,0,19,0,0,0,0,0,0,0,0,0,0,3,0,0,1,18,0,0,0,0,0,0,0,0,0,0,0,0,0,1,0,0,0,1,0,2,0,0,11,0,3,0,0,0,0,17,0,1,0,0,0,0,1,0,0,0,0,0,0,62,16,5,5,0,0,0,0,0,0,0,0,0,29,0,0,0,0,0,0,0,0,0,36,0,1,0,0,0,0,38,0,4,2,0,0,1,0,0,0,0,0,7,32,20,0,0,0,0,0
"ENSG00000233871.2",26,7,54,8,29,16,36,9,5,147,37,81,25,15,50,8,5,57,31,24,11,3,12,8,8,10,22,26,26,22,99,25,35,18,31,11,33,2,88,61,118,53,17,37,9,32,21,47,2,8,32,12,11,23,40,27,15,39,2,7,144,67,50,22,5,16,10,66,10,29,110,23,10,6,43,1,61,29,23,7,159,18,17,46,25,3,35,164,27,63,43,52,58,187,37,2,33,13,94,18,49,4,34,22,10,4,75,3,69,36,17,5,14,20,14,40,46,11,19,93,41,12,16,144,73,4,10,31,49,32,7,5,66,17,23,6,103,4,63,6,6,48,23,10,64,24,74,51,79,39,2,17,28,56,17,55,12,47,70,54,53,15,18,19,48,51,15,108,52,30,24,48,62,25,19,7,55,13,15,77,3,4,77,27,55,13,36,10,15,5,37,30,24,44,11,88,7,75,11,37,9,43,39,20,2,49,14,17,62,5,5,39,26,1,14,24,72,129,21,63,6,33,48,5,6,3,105,22,7,33,22,38,33,73,162,126,8,64,28,23,8,20,73,5,33,91,25,74,34,92,4,45,3,40,6,21,6,28,66,26,42,19,40,79,5,23,69,5,276,5,37,4,61,1,62,36,63,5,116,24,35,78,46,10,19,20,2,6,36,11,15,15,40,125,391,95,55,91,32,74,26,10,47,7,21,8,2,11,23,41,248,102,27,17,24,47,35,40,22,42,19,20,18,29,21,71,6,102,178,5,85,12,6,8,82,5,150,13,33,7,3,32,19,56,58,9,36,94,56,5,6,55,12,43,19,10,20,51,52,61,11,11,40,54,81,6,5,22,29,18,12,66,32,73,114,5,28,17,12,18,27,16,26,35,7,36,34,43,27,27,36,88,6,27,30,6,35,85,27,4,9,94,14,23,31,8,18,6,9,24,21,36,4,7,13,6,12,59,46,11,8,17,78,9
"ENSG00000233922.3",5,0,6,0,2,1,2,0,0,2,0,476,9,169,113,0,0,1,0,2,3,3,7,0,21,4,2,6,2,10,0,0,7,309,0,20,20,2,17,181,0,14,4,0,8,2,2,0,0,0,0,78,6,22,0,2,6,0,12,0,0,31,0,0,1,1,1,1,4,1,256,1,0,1,2,1,720,0,8,25,101,160,1,77,13,0,1,3,5,0,70,8,0,2,0,0,1,41,2,3,1,4,0,0,6,1,3,3,1016,1,7,7,2,3,1,2,11,1,6,108,1,80,0,2,4,0,3,108,0,7,2,3,82,0,59,1,0,8,7,1,2,3,268,3,12,7,5,1,11,2,1,10,5,1,9,5,2,0,0,82,3,7,28,1,225,10,6,4,0,8,5,1,0,217,6,2,1,35,2,4,0,5,2,3,3,1,221,3,42,3,0,152,6,9,122,2,1,0,1,9,0,1,2,500,0,10,2,1,29,2,6,6,1,2,3,42,1,1,10,64,3,2,0,0,3,1,2,29,0,1,1,2,5,2,0,35,1,0,0,1,0,2,1,0,3,0,1,1,0,12,0,0,2,2,1,32,0,0,65,11,114,33,2,39,3,0,0,2,0,1,2,0,59,1,1,2,3,3,0,10,24,5,1,0,2,11,0,5,0,1,4,1,1,1,4,25,31,2,2,3,1,3,1,10,9,2,1,2,3,6,4,4,1,23,4,8,538,54,0,4,3,3,0,16,15,18,3,2,6,2,650,2,3,5,11,1,0,6,0,7,1,5,1,4,5,10,0,0,5,0,4,4,2,91,1,1,4,0,8,1,35,1,1,16,2,0,0,39,2,0,1,37,2,6,147,0,21,1,1,1,1,8,94,2,0,0,5,4,0,0,19,1,3,1,1,2,20,13,4,1,0,1,2,0,137,5,294,4,1,3,3,1,0,0,2,0,1,7,3,1,7,3,1,5
"ENSG00000233928.6",1,0,0,11,1,0,21,0,0,0,0,0,1,98,28,1,0,1,0,0,0,0,33,0,0,0,0,3,0,78,0,0,30,1,2,0,79,0,0,0,0,2,0,1,0,0,0,8,2,0,0,5,0,5,0,0,0,0,0,0,0,38,0,0,0,0,0,1,0,0,65,1,39,0,0,1,0,1,1,21,4,0,0,0,0,0,4,4,0,1,1,64,0,0,0,0,0,0,1,0,0,0,0,1,0,0,0,3,207,0,0,0,0,0,0,1,0,0,0,98,0,2,0,1,34,0,0,0,0,15,0,0,18,0,0,0,0,0,0,0,0,0,86,0,1,7,19,1,0,0,2,0,0,0,1,0,0,0,15,3,6,0,0,0,0,0,64,2,0,72,0,6,1,8,0,0,0,92,2,52,0,0,0,0,0,0,1,0,1,0,0,0,0,22,3,0,0,0,0,1,0,0,0,65,0,106,0,0,0,0,1,0,21,6,3,29,0,0,2,61,0,1,0,0,0,0,1,1,0,0,0,1,0,0,0,17,0,0,0,0,0,18,1,0,0,0,2,0,0,0,0,0,0,0,0,0,0,0,5,2,32,0,0,1,0,0,0,0,3,0,56,0,227,1,0,0,0,0,0,8,0,46,0,0,1,0,0,0,0,1,0,0,0,31,0,126,3,0,0,0,0,0,53,0,0,0,0,1,25,1,0,0,0,0,0,0,118,0,0,56,0,0,0,0,8,0,0,0,6,0,9,0,7,0,0,0,0,0,0,0,0,1,7,0,0,37,0,0,11,0,0,0,0,33,0,0,0,0,1,0,1,0,1,0,0,0,0,1,0,25,0,3,42,0,1,0,3,0,1,4,0,0,1,0,0,96,0,6,3,0,0,0,0,1,0,0,3,119,0,0,0,0,0,0,1,0,48,51,1,0,50,1,5,0,0,0,0,1,0,0,0,0,0,0
"ENSG00000233929.1",12,122,17,12,1,2,10,10,46,35,5,5,6,25,3,25,1,3,0,8,2,120,6,0,11,3,5,8,0,2,0,0,0,31,1,23,34,0,0,7,15,1,2,2,22,0,12,10,115,2,0,4,19,3,18,1,71,23,110,2,4,25,4,9,23,0,2,8,9,1,1,4,24,207,5,27,1,3,6,2,5,1,11,4,13,2,21,0,3,1,2,19,3,22,1,19,91,3,22,1,4,28,10,3,1,4,15,23,9,1,1,84,11,10,0,50,4,17,13,4,1,1,34,8,8,664,152,9,1,2,6,50,16,39,4,140,2,178,7,6,17,4,0,50,0,9,6,1,0,0,101,62,11,19,20,3,23,9,9,2,5,2,9,0,3,5,2,5,1,14,27,1,4,2,3,3,0,3,5,2,57,7,0,2,5,5,4,5,13,1,7,12,3,3,22,3,17,0,16,0,6,3,1,4,29,3,36,0,15,45,10,1,15,5,7,0,17,328,4,15,104,0,7,0,9,53,0,3,0,4,3,8,6,0,31,9,44,12,1,100,8,2,16,1,5,1,4,25,7,0,64,2,124,7,75,2,20,3,2,2,16,20,2,4,93,0,1,35,3,137,4,25,2,44,6,4,9,98,21,1,3,0,0,115,11,1,73,1,5,5,64,5,0,5,8,1,14,14,66,5,0,3,28,82,36,127,45,2,14,2,22,2,1,0,120,11,24,0,38,2,0,2,61,0,17,3,52,3,27,125,4,2,34,5,398,203,3,6,3,30,112,19,4,6,7,4,22,33,6,152,136,4,7,1,6,52,1,4,2,69,3,24,11,2,11,69,2,2,238,1,4,7,23,0,5,0,1,79,2,0,11,8,2,18,2,6,1,2,10,0,3,1,6,0,1,1,6,1,11,40,3,8,0,0,18,3,21,0,10,27,11,8,13,54,3,0,2,24,1,105,42,7,5,110
"ENSG00000233985.2",0,0,16,27,3,0,0,0,0,0,0,8,0,47,129,0,0,13,1,0,0,2,47,38,131,3,0,34,6,21,4,4,13,46,8,0,141,0,0,1,4,0,0,2,0,0,0,8,3,0,0,2,1,1,0,64,17,0,49,0,12,142,0,5,67,1,15,0,2,0,192,121,2,0,0,0,1,6,0,35,31,32,0,0,25,1,7,28,0,2,2,65,4,7,0,1,0,7,0,0,1,0,0,0,2,5,2,1,31,2,2,0,20,79,0,58,2,0,15,65,1,120,0,1,17,6,4,36,0,12,8,0,103,4,31,5,0,0,29,19,0,14,30,0,6,63,0,0,0,0,0,0,2,112,15,2,0,0,5,16,31,0,25,0,0,19,0,0,14,7,0,16,1,475,0,3,14,18,0,2,0,0,4,0,25,1,159,15,0,4,0,0,1,69,25,0,0,3,0,3,31,4,0,280,0,36,0,0,22,79,0,64,2,5,16,0,1,176,9,155,0,5,0,31,0,0,0,9,0,0,0,9,0,0,2,28,0,0,0,26,1,5,6,11,0,0,0,0,1,30,1,0,0,2,0,0,0,0,3,1,55,112,12,2,0,0,7,0,35,1,40,0,1,1,0,0,0,0,0,73,108,11,105,1,1,0,0,0,0,26,0,5,9,1,0,0,0,1,0,0,0,0,1,0,20,1,0,62,3,2,383,1,23,37,0,1,144,0,0,32,0,0,0,1,21,1,0,0,3,9,22,0,69,0,0,11,0,0,0,1,12,0,8,0,103,29,23,0,1,0,0,5,1,8,0,0,1,0,1,0,46,3,21,4,0,9,8,0,0,91,0,64,2,0,93,31,142,4,0,156,46,47,102,2,1,15,0,35,27,7,0,0,1,0,0,8,48,1,1,16,11,0,3,0,6,0,167,0,137,1,73,40,7,0,172,6,33,5,0,2,0,0,2,0
"ENSG00000233996.1",3,0,18,2,3,0,0,0,0,0,1,2,0,13,4,1,4,3,0,1,7,0,0,1,3,1,0,1,0,0,0,0,1,1,6,1,2,0,1,1,0,0,0,8,1,0,0,0,1,1,1,1,0,9,2,3,0,0,2,0,2,10,2,0,1,4,1,11,7,13,2,8,0,0,1,2,3,1,5,1,9,5,0,8,2,0,4,10,0,1,0,58,1,7,1,1,4,1,4,0,1,1,4,6,1,1,3,0,1,1,1,0,0,0,1,2,2,1,2,144,8,8,2,5,25,0,0,1,3,4,0,1,67,0,3,2,7,0,4,0,0,2,11,0,0,3,3,0,0,0,3,1,8,1,1,6,2,3,2,2,1,1,5,1,1,1,0,2,3,1,1,0,15,12,0,0,1,3,5,2,0,1,5,1,0,4,1,3,2,0,0,2,2,3,1,2,0,6,3,1,0,20,0,18,2,10,3,2,0,3,0,0,3,1,7,0,3,0,1,13,1,0,0,1,0,0,2,1,2,3,4,0,6,29,10,37,0,1,4,1,0,1,2,0,3,0,6,0,7,5,0,0,1,0,1,4,1,0,16,4,8,0,14,1,1,1,2,0,3,0,6,0,2,0,2,0,0,0,2,25,2,46,2,0,1,0,1,3,0,2,0,1,2,22,5,8,0,1,11,1,0,4,0,0,10,0,0,0,1,0,10,3,2,3,7,3,1,0,0,1,1,2,1,0,9,3,1,8,1,0,14,0,3,11,9,0,4,0,1,0,1,3,0,1,22,0,0,3,11,0,1,0,0,2,4,1,3,2,3,2,6,1,11,1,4,3,128,0,1,0,3,5,0,4,0,0,1,1,1,2,2,1,0,1,0,90,1,0,2,0,2,6,0,5,2,1,12,0,0,0,0,0,4,3,3,7,11,4,0,0,3,0,1,0,1,0,0,0,2,0,1,7,5,1
"ENSG00000234068.7",4,0,0,0,0,1,0,0,0,0,0,0,0,11540,25,0,0,4,1,1,1,0,0,0,18,1,0,22,0,25,1,0,262,555,0,0,15,0,0,0,0,0,0,0,80,0,0,15,0,0,0,530,0,0,0,1,0,0,21,0,0,531,0,69,0,0,0,0,0,0,2366,1,0,0,2,2,0,0,16,0,2004,1721,2,0,1056,1,0,7336,1,0,0,20,0,0,2,0,0,12,9,1,0,0,0,0,1,3,0,0,339,0,0,0,0,0,0,0,0,23,0,672,0,17,0,0,0,0,9,14,0,0,5,0,4805,0,0,0,1,0,6,0,0,0,5,1,1,3,0,1,0,2,0,0,1,171,0,0,0,0,0,12,62,0,0,3,2,1,7,3,0,9,0,0,0,81,0,0,0,3784,0,0,0,0,0,1,155,1,4,0,0,1,0,0,1,47,91,1,6,1,0,0,0,0,0,1,0,10918,0,0,1662,1,0,0,0,22,8,29,2,0,4029,1387,0,20,0,0,0,0,0,19,0,0,0,0,0,0,2,576,0,0,0,0,0,0,0,1,1,0,0,0,0,0,0,1,0,0,0,0,0,0,4,1,198,1920,0,9,0,0,0,0,6223,0,82,0,2495,0,0,0,0,0,0,5322,0,3,1,0,0,0,0,0,1,1,0,0,1,2,2,18,25,0,0,1,0,0,0,0,17,0,1,0,291,2191,0,0,17,0,0,0,3347,1,0,5,0,3,0,0,12,0,0,1,118,0,2981,0,2,0,1,0,0,0,0,0,1,0,1,1,3694,0,0,4,3533,0,1,21,0,1,0,0,4,1,0,2,48,0,2,0,1,1,0,0,0,0,0,0,1,1,1084,0,1990,2,0,0,3237,236,1,1,0,0,0,15,1,0,0,0,0,0,0,1,0,0,0,0,0,0,1,0,0,0,1,1,2,0,1,6,0,0,0,0,273,6,0,0,0,0,0,0
"ENSG00000234142.2",0,1,0,12,1,0,12,2,1,0,0,5,2,44,10,1,1,3,5,0,4,1,1,0,0,0,2,2,0,2,1,2,1,2,0,1,41,0,1,0,4,0,1,2,0,10,2,0,0,0,0,0,1,20,1,11,0,1,5,0,9,5,0,0,1,0,3,0,1,0,3,21,1,1,0,2,0,0,0,7,6,10,0,9,0,0,4,15,0,0,1,1,5,0,0,0,1,25,3,0,5,0,0,14,0,0,2,0,4,1,2,2,1,10,1,0,0,0,6,25,72,9,0,9,6,0,0,4,2,0,2,0,24,1,4,0,0,0,3,1,0,1,3,6,1,8,12,0,0,0,0,0,5,1,11,0,2,1,20,6,6,2,5,0,1,21,17,3,2,10,3,6,11,2,2,0,6,1,2,2,1,2,6,1,17,2,4,5,2,0,0,4,3,40,0,0,0,0,0,0,1,0,0,71,1,2,0,2,0,2,0,2,4,6,2,0,9,4,13,70,1,4,0,2,0,0,7,83,3,9,2,1,8,20,4,35,0,10,21,10,1,6,0,0,0,1,2,5,7,28,0,1,0,5,0,0,0,0,4,6,1,11,0,0,1,0,3,1,21,0,15,1,3,1,0,0,2,0,0,2,2,17,8,0,0,0,2,0,0,1,1,0,0,19,0,0,2,1,0,0,4,1,1,0,2,0,10,2,0,0,31,1,0,0,0,0,38,7,0,8,0,0,2,0,15,0,2,12,16,1,9,1,15,0,1,1,14,11,0,0,4,21,9,0,2,0,0,0,0,0,0,8,0,2,1,1,0,6,2,0,5,1,1,0,0,1,0,0,0,9,0,28,0,7,3,1,1,0,0,2,3,2,4,0,0,38,0,2,8,0,1,2,0,0,0,0,16,0,1,4,6,1,1,8,4,1,3,5,2,0,14,0,6,0,0,0,4,7,4,3,1,0,3,0
"ENSG00000234147.1",2,0,0,0,4,0,4,0,1,19,1,88,19,135,291,1,1,28,1,2,3,0,6,3,7,1,1,11,1,28,0,4,9,12,2,4,31,0,225,205,0,1,0,56,10,35,1,71,4,0,0,10,2,19,0,0,1,0,11,0,0,9,1,5,1,0,32,0,10,0,251,10,6,4,0,1,0,6,1,0,35,10,2,2,1,0,51,12,17,78,2,131,0,172,0,3,2,43,0,0,100,0,51,6,0,1,75,1,26,0,3,9,2,6,2,89,0,0,6,107,11,6,1,7,1,2,7,0,0,3,19,2,48,4,1,5,2,6,3,6,1,1,43,5,5,1,45,0,0,9,4,3,1,1,14,2,3,4,2,24,23,1,5,0,1,1,93,5,0,14,4,76,10,466,0,2,5,77,3,0,3,3,101,1,5,44,2,3,0,3,0,6,1,35,7,0,2,90,1,2,1,0,10,111,0,146,0,0,98,1,12,9,60,8,25,5,2,0,11,148,0,113,3,3,0,1,35,3,2,5,0,0,8,0,10,124,1,1,26,6,8,4,18,0,4,0,58,10,14,21,0,2,1,157,2,2,0,2,92,17,22,99,1,2,2,0,1,4,104,1,2,4,140,0,2,0,2,3,0,34,95,100,0,7,1,0,1,2,0,65,7,0,0,192,4,42,8,0,6,8,34,2,5,5,7,3,0,7,0,3,311,0,64,2,1,202,71,2,2,76,2,7,0,0,4,0,17,0,51,1,2,3,81,0,0,5,1,2,0,0,1,2,4,0,0,23,1,2,2,6,1,0,0,114,1,1,2,1,2,1,7,4,0,0,0,0,8,0,0,51,4,3,0,12,177,0,3,1,7,78,4,0,82,1,1,11,3,2,10,0,2,1,3,2,0,0,3,4,1,1,5,0,4,1,22,3,36,65,26,1,6,2,2,1,58,1,2,1888,1,3,2,1,0,3
"ENSG00000234156.3",3,0,0,11,5,5,0,0,0,6,1,1,6,11,27,8,12,5,10,40,13,0,5,0,2,22,6,5,12,10,52,5,32,8,28,74,3,0,1,1,0,3,14,2,1,2,3,4,0,0,0,32,0,20,0,22,1,23,2,1,1,61,1,2,0,3,2,0,1,4,114,4,9,0,0,7,24,0,3,9,46,4,54,2,1,29,1,1,5,2,16,5,17,6,2,0,0,6,12,2,0,1,15,1,9,27,14,13,83,18,10,0,0,22,25,2,320,0,18,83,1,0,0,41,2,1,0,1,11,12,3,1,23,0,3,1,3,3,81,7,0,8,3,0,13,11,1,9,8,4,2,0,0,12,0,12,1,5,7,1,6,12,3,13,4,3,10,7,18,4,4,4,0,8,2,12,0,11,56,4,0,30,4,5,0,0,1,0,5,0,1,4,29,8,7,86,2,22,33,30,0,0,7,33,1,39,0,16,12,79,1,9,14,23,14,0,1,0,11,0,0,0,3,2,0,0,1,9,1,0,6,0,1,1,1,9,2,1,5,6,6,2,1,9,17,0,0,1,0,1,0,4,0,13,2,2,1,3,2,25,0,3,0,43,1,0,2,1,8,1,3,0,63,3,2,24,26,0,0,7,3,3,45,1,0,6,0,4,15,3,1,1,5,11,20,73,15,2,1,18,5,54,10,4,24,0,0,4,0,44,0,7,0,5,4,6,4,13,2,1,198,21,1,48,10,15,0,2,7,1,5,2,2,12,0,3,36,22,51,9,1,59,6,3,58,3,0,6,4,1,1,2,0,134,5,8,6,0,14,0,25,6,1,69,1,3,0,27,8,2,0,1,12,4,4,0,28,2,1,4,1,21,36,5,1,0,10,0,9,1,10,1,0,6,1,1,79,36,0,1,3,1,40,0,4,0,2,29,1,18,12,2,0,0,24,17,3,3,14,1,2,2,2,1
"ENSG00000234215.3",5,1,13,0,1,0,0,1,0,0,1,21,1,2,0,3,0,4,0,7,1,2,2,2,4,3,4,0,2,0,11,8,4,0,5,0,0,0,3,4,0,22,6,2,0,6,3,1,0,2,0,1,1,19,6,20,2,9,0,2,3,6,0,1,1,6,0,6,1,8,9,0,0,0,12,0,6,1,1,1,18,2,0,1,3,1,1,16,0,2,5,2,7,0,2,0,8,1,8,3,2,0,3,5,0,5,6,1,24,9,1,5,1,0,3,6,14,0,12,6,1,0,1,17,5,0,1,0,4,11,2,0,0,1,1,0,0,2,90,2,0,9,0,1,3,3,1,1,3,0,0,2,13,6,1,10,1,10,20,0,6,0,13,0,5,0,5,8,6,0,1,0,4,2,3,2,1,8,0,10,0,2,18,1,1,3,0,1,12,0,0,2,0,3,0,17,0,5,0,10,0,11,2,9,0,3,4,13,0,0,2,1,0,0,3,4,1,0,5,1,0,0,0,0,1,2,7,6,1,2,7,0,5,14,0,12,0,0,0,1,2,5,9,2,9,19,5,4,18,0,3,3,0,0,2,2,2,0,22,0,1,1,9,3,0,1,4,0,2,0,2,0,3,0,0,16,2,0,3,9,0,0,0,0,0,0,1,1,9,1,5,0,2,0,6,6,0,13,5,86,2,2,3,0,15,0,3,0,0,0,9,11,2,8,1,0,12,1,0,9,0,15,4,25,9,6,0,1,0,0,2,4,0,4,7,0,6,2,4,0,0,6,2,2,11,0,1,5,6,0,1,0,0,49,4,0,17,20,10,0,10,3,6,8,23,3,0,8,0,2,0,24,0,0,1,0,1,0,2,0,0,0,0,0,0,0,2,2,3,1,4,12,0,0,3,0,24,11,3,0,0,9,3,0,2,7,2,2,0,0,1,0,1,0,1,1,2,17,8,1,0,3,16,2
"ENSG00000234223.2",0,1,0,0,0,0,0,0,0,0,0,0,0,0,0,4,0,0,1,0,0,1,3,1,2,3,0,0,0,0,0,0,0,0,0,0,1,0,0,0,0,0,0,11,3,0,0,0,2,0,1,2,1,0,1,0,3,0,2,0,8,0,2,0,4,0,1,5,1,0,1,0,0,5,0,6,0,0,0,0,0,1,0,0,2,0,0,0,0,0,0,5,1,0,1,0,9,0,0,0,0,4,3,2,0,0,0,4,0,0,1,2,0,0,0,0,0,0,3,0,1,0,0,0,0,0,2,0,0,2,3,0,0,0,0,5,1,6,0,2,2,0,0,11,1,0,0,0,0,0,0,2,1,3,0,0,0,2,0,0,0,0,0,0,0,0,0,0,0,0,0,0,2,0,0,0,0,0,0,0,2,0,1,1,4,2,0,0,1,0,2,0,0,1,0,0,1,0,0,0,0,0,0,0,4,0,0,0,0,0,1,0,0,1,0,0,2,2,0,0,2,0,0,2,2,0,1,1,0,0,1,4,0,11,4,2,2,2,1,1,0,0,4,0,0,0,0,0,0,0,0,0,4,0,3,2,1,0,0,0,0,0,0,0,0,0,0,13,1,0,0,0,0,3,0,0,0,1,2,0,1,0,0,2,1,0,3,0,0,0,0,0,0,0,0,0,0,11,2,0,0,0,0,1,0,0,0,1,2,0,4,0,0,0,0,1,0,0,0,0,0,0,2,0,0,0,1,16,0,4,0,0,0,0,0,16,1,0,0,0,6,5,1,0,0,0,1,0,0,0,1,0,9,0,1,6,0,0,0,0,0,0,12,0,0,13,1,0,1,1,0,7,0,0,0,0,0,3,4,0,0,0,1,0,1,0,0,0,0,0,0,6,0,0,0,0,2,0,0,1,0,0,0,0,0,0,0,0,0,0,0,0,9,0,4,0,0,0,0,4,5,1,0,1
"ENSG00000234264.1",0,0,0,4,0,0,0,0,0,0,0,0,9,22,2,0,0,4,0,0,0,0,0,0,0,0,1,5,0,5,0,0,2,0,0,2,0,0,3,3,0,2,1,0,1,3,1,5,0,0,0,0,1,1,1,0,0,0,10,2,0,11,0,2,0,0,0,0,6,8,3,1,0,0,0,0,2,2,1,1,0,1,4,0,4,0,0,0,0,0,0,2,0,4,0,0,0,3,0,2,1,0,2,0,0,1,6,0,12,0,0,0,0,0,1,0,0,0,2,1,0,4,0,1,0,0,0,2,1,5,2,0,7,2,1,0,0,0,0,0,0,5,4,0,0,0,6,1,2,0,0,0,4,1,1,1,1,0,1,3,1,0,3,0,3,2,1,4,5,20,2,6,6,15,0,0,1,1,1,0,0,0,1,3,0,0,8,0,2,1,0,2,0,1,1,1,0,1,0,0,1,5,1,122,0,2,0,7,0,1,0,0,23,0,2,1,0,1,3,7,0,1,0,0,0,0,0,4,0,0,7,0,1,1,0,1,0,1,0,0,1,1,0,0,2,4,1,0,0,0,0,0,0,4,0,0,0,0,0,30,5,0,2,3,0,1,1,0,10,0,2,0,1,0,0,2,2,0,0,0,2,1,0,1,0,5,0,0,0,0,0,0,0,0,2,4,0,0,0,0,0,0,5,0,0,0,0,0,0,1,0,2,0,0,1,1,15,2,0,1,1,1,0,4,1,0,0,0,0,0,6,1,0,0,0,0,2,7,0,0,0,1,0,5,3,5,0,0,2,0,0,3,1,5,0,0,3,1,2,0,2,0,2,0,1,0,0,6,0,2,1,1,3,2,2,0,1,0,0,5,0,4,0,0,0,1,1,0,1,0,0,0,0,0,0,3,4,1,0,0,2,0,0,0,3,0,8,0,3,0,3,1,0,0,0,0,0,26,4,0,0,0,4,0
"ENSG00000234283.1",2,0,0,0,0,0,0,0,0,3,0,0,0,257,0,0,2,2,0,1,1,0,0,0,0,0,1,1,0,2,0,1,2,0,1,0,3,0,0,0,0,1,0,0,0,0,0,0,0,0,0,2,0,0,0,0,0,0,10,0,3,1,0,0,0,0,0,5,1,0,0,2,1,0,0,0,1,1,0,6,26,1,1,5,0,1,0,8,0,0,20,4,0,0,12,0,2,0,0,6,0,0,0,0,0,0,9,1,6,0,1,0,0,0,0,1,0,1,0,5,9,0,0,1,2,0,0,0,0,2,0,0,231,0,0,0,0,0,0,0,0,0,0,0,0,1,1,0,0,1,0,0,2,9,0,0,2,3,0,3,0,23,0,1,1,2,0,0,2,6,5,0,0,8,0,0,1,1,1,3,1,0,3,0,0,0,0,0,2,0,0,0,4,0,0,0,0,2,0,0,0,0,0,6,0,0,0,0,0,0,0,0,0,1,0,0,8,0,0,0,0,0,0,0,0,0,3,0,8,0,0,0,1,13,4,3,0,0,0,3,1,5,0,1,0,1,0,6,0,0,0,0,0,0,0,0,0,0,6,0,1,0,0,0,0,1,0,0,2,0,1,0,3,0,0,0,0,0,0,3,1,0,2,0,0,1,0,0,0,5,0,0,0,0,104,0,1,0,0,0,0,0,0,0,0,0,0,0,0,0,0,0,0,0,2,0,12,9,0,0,2,1,0,0,0,0,0,0,7,0,0,0,0,0,0,0,0,8,0,0,0,1,0,0,4,0,0,1,0,0,0,2,0,0,0,0,0,1,0,0,0,0,0,1,1,0,11,0,1,0,3,0,1,0,6,0,5,0,0,0,0,0,0,0,0,0,5,0,0,0,0,1,0,0,0,1,3,0,0,0,0,0,0,0,1,0,0,0,0,0,0,0,0,0,0,0,16,4,6,0,0,0,9,0
"ENSG00000234311.1",1,0,5,0,80,0,40,0,1,1,7,0,3,3,25,0,1,0,0,1,5,0,5,0,2,0,0,0,1,1,5,1,1,0,2,2,1,0,3,2,1,67,16,1,3,0,0,1,0,1,0,0,0,2,0,0,1,0,0,0,0,1,1,0,0,0,1,0,0,0,142,2,0,0,1,0,0,0,1,2,1,4,1,1,0,0,0,0,3,0,0,0,11,93,0,0,2,4,0,2,0,0,0,0,0,0,0,0,4,0,3,3,0,1,0,0,10,0,101,2,0,0,0,1,2,0,2,0,0,55,1,0,18,0,0,0,0,0,4,1,0,6,3,1,2,109,1,4,23,0,0,0,0,0,0,0,0,2,0,0,0,0,0,0,21,1,1,1066,0,2,0,0,1,108,0,0,1,4,3,1,0,2,1,0,1,1,2,0,1,0,0,0,4,2,0,137,0,6,2,2,0,0,9,0,2,0,0,0,2,0,0,6,240,0,1,0,0,0,0,2,0,0,0,2,0,0,0,0,1,0,0,1,2,1,0,1,0,3,1,0,4,2,0,0,14,4,0,0,2,0,0,0,0,90,0,0,0,8,1,5,0,0,166,275,1,0,3,1,0,0,2,0,24,0,0,0,100,0,0,1,0,0,0,1,0,0,0,1,0,0,3,0,0,1,3,67,311,0,0,16,1,1,25,0,0,0,0,0,0,1,0,0,1,0,1,0,2,69,0,1,3,2,0,41,0,1,0,0,0,0,0,0,1,0,1,0,0,14,7,0,0,0,1,34,1,1,0,0,3,1,1,1,0,104,0,1,17,8,6,0,0,0,0,263,1,0,1,0,0,1,1,0,0,0,0,0,0,1,0,0,0,0,0,1,1,0,4,1,0,0,2,1,0,2,0,1,0,0,0,0,0,1,1,1,1,2,1,27,0,1,1,2,1,0,2,0,0,11,1,0,1,0,0,0
"ENSG00000234352.9",36,0,0,0,0,0,0,0,0,2,0,0,3,5,6,0,0,1,0,0,1,0,0,0,1,1,0,1,15,1,0,0,0,0,0,0,1,0,0,1,0,3,0,0,0,0,0,0,0,0,0,14,2,3,1,0,0,0,0,0,0,44,0,0,0,0,0,0,0,0,8,0,0,0,0,0,1,0,5,125,39,13,0,0,3,0,0,0,0,0,0,25,0,0,0,0,1,0,3,0,0,0,0,0,0,0,0,0,205,1,0,0,0,0,0,0,0,0,0,0,0,2,0,1,1,0,0,1,0,1,1,0,11,0,0,0,0,0,1,0,0,0,11,0,0,0,0,0,0,1,1,0,0,2,0,0,0,0,0,2,2,0,0,0,0,1,0,1,0,1,0,0,0,53,0,0,0,29,0,0,0,0,0,0,0,0,0,0,0,28,0,23,0,2,1,0,1,0,0,0,0,0,0,89,1,15,1,0,0,0,0,0,0,35,0,1,0,0,0,0,0,4,0,0,0,0,0,0,0,0,0,1,0,0,0,0,0,0,0,0,0,0,0,0,4,0,0,0,0,0,0,0,0,0,0,0,0,0,0,4,22,0,0,1,0,0,2,4,2,0,0,0,13,0,0,0,37,0,0,1,1,0,0,0,0,0,0,0,0,0,0,0,0,1,0,2,3,0,1,1,2,0,11,0,1,0,0,0,0,0,0,0,0,0,0,0,20,0,0,0,0,7,0,0,1,0,1,57,29,0,14,0,0,0,3,0,0,0,1,0,0,0,0,1,0,5,0,0,4,0,1,0,1,27,0,1,0,24,0,0,0,0,1,1,33,0,0,0,0,0,0,0,0,0,30,0,6,0,0,2,0,0,0,0,0,0,0,3,0,0,0,0,1,0,0,1,0,5,1,0,0,0,0,0,0,0,1,29,0,0,1,0,0,0,0,0,0,2,0,1,0,0,0,0
"ENSG00000234353.2",38,0,26,9,38,11,2,2,4,6,1,10,2,9,31,2,28,3,16,4,7,1,5,5,19,6,2,9,2,11,9,5,11,6,6,2,4,2,12,17,0,8,4,3,3,2,2,1,2,7,7,5,4,8,3,16,2,5,2,4,3,9,9,4,5,19,7,4,16,7,100,7,3,0,7,0,50,11,19,3,6,19,8,3,27,19,10,1,5,4,43,25,20,9,3,4,11,8,13,6,2,0,4,1,5,10,32,4,20,17,24,4,4,7,9,4,41,8,5,3,0,19,2,5,13,0,0,12,16,25,10,3,22,2,11,0,16,1,29,1,1,18,16,4,17,15,16,144,8,9,1,6,8,6,1,12,3,5,6,15,13,4,8,49,54,1,43,79,1,3,11,10,5,30,0,4,14,23,37,1,0,13,6,17,0,3,1,2,14,9,17,12,25,9,0,19,4,12,0,9,8,13,58,5,2,7,6,10,8,3,12,23,6,12,23,3,2,0,5,20,4,2,0,12,5,0,7,5,4,2,46,18,3,4,0,7,6,2,0,2,1,14,3,7,101,6,4,2,20,7,1,4,4,20,0,4,0,7,6,14,12,6,26,14,0,111,19,2,13,5,7,7,23,1,11,12,5,0,2,9,10,6,0,0,22,9,0,3,5,13,11,3,4,21,0,7,21,2,11,22,16,7,5,4,3,5,3,7,34,7,10,83,22,14,4,25,3,13,8,6,9,85,3,47,8,30,3,2,0,3,2,7,7,7,15,0,25,11,4,7,1,2,23,56,7,4,1,11,5,0,1,29,4,9,2,1,12,76,9,43,4,2,6,19,35,3,2,2,5,2,12,7,1,2,24,1,15,7,0,22,9,2,11,1,3,14,21,21,1,4,64,3,0,23,40,6,11,8,15,0,3,12,23,12,23,6,13,13,1,2,8,2,14,4,4,2,0,10,90,6,1,5,9,5
"ENSG00000234380.2",1263,3,2,215,118,140,7,4,397,20,5,0,52,589,1482,27,119,26,4,39,355,18,500,125,3,244,2,2,42,394,344,53,139,214,102,127,20,19,4,4,5,29,74,117,57,257,1172,66,26,177,18,38,31,12,19,205,155,74,27,138,11,67,1,5,8,1,7,80,72,364,147,178,83,25,4,11,349,35,108,3,234,52,570,98,5,291,55,60,307,99,179,82,89,89,19,4,88,10,130,65,90,4,1064,1,45,477,18,24,107,515,95,26,140,120,1,17,152,0,4,435,17,38,36,168,63,53,49,5,343,840,46,3,276,224,288,13,6,4,354,86,15,114,103,12,77,140,71,429,288,53,5,7,3,13,157,4,88,116,10,120,4,129,218,234,175,138,49,40,78,19,29,1,69,25,43,185,102,1026,100,81,9,2771,59,351,8,204,5,22,119,3,2,213,1018,414,49,196,58,454,621,797,33,218,226,98,1,17,16,139,35,1222,129,278,145,2,131,14,2,68,25,586,1,2,286,88,3,4,47,193,9,95,490,141,235,11,4,161,6,124,7,236,297,149,17,295,329,6,1,569,359,7,2,11,3,12,29,592,11,41,39,122,18,28,151,362,12,142,225,9,75,18,137,12,371,17,38,342,189,22,1,141,29,184,4,10,3,16,1,28,533,63,17,14,8,146,384,6,14,129,74,30,473,99,97,2,16,12,0,23,63,31,38,57,177,60,4,93,23,232,509,129,106,306,11,280,216,470,25,4,2,7,22,48,115,12,3,12,101,117,5,241,3,305,40,14,102,5,6,432,91,5,18,15,128,277,1,8,15,14,269,5,131,8,187,120,274,2,6,26,8,60,62,63,139,8,69,120,4,17,7,73,16,13,4,25,7,11,140,11,3,132,197,5,7,7,2,14,295,317,17,2,12,61,367,5,74,4,492,209,4,613,88,247,14,27,36,2,3,472,41,50,7,0,344,4
"ENSG00000234426.3",2,0,0,0,2,0,2,0,0,0,0,0,0,134,116,0,1,0,0,0,0,0,0,0,7,1,0,1,3,0,0,0,5,2,0,0,26,0,0,0,0,0,1,1,1,0,0,0,0,3,0,111,0,5,0,0,0,0,0,0,0,57,0,4,0,0,1,0,0,0,402,0,0,0,0,1,0,0,5,44,78,68,0,1,5,0,0,8,0,0,3,1,0,0,0,0,0,44,5,1,2,1,0,0,0,0,1,1,232,7,1,0,1,0,0,0,0,20,20,103,0,1,0,0,0,0,1,12,0,0,1,0,125,0,0,0,0,0,31,0,0,2,1,1,1,0,0,0,0,1,0,0,1,13,0,0,0,1,4,0,7,0,22,0,0,63,37,0,0,16,0,0,0,376,0,0,0,15,0,0,0,1,1,0,23,0,22,0,0,1,0,0,0,0,1,15,0,1,1,0,0,0,0,182,0,18,0,0,7,1,0,5,0,18,85,0,0,0,13,5,0,1,0,0,1,0,8,1,0,0,0,0,0,0,0,3,1,0,20,6,0,0,0,0,1,0,21,0,0,0,0,0,0,1,0,0,0,0,0,48,46,18,0,141,1,0,0,0,145,0,3,1,79,0,0,0,8,0,0,33,4,49,10,0,0,0,0,0,1,0,0,0,1,0,0,206,0,0,0,0,0,1,69,1,13,0,0,0,0,24,0,0,0,0,0,0,81,20,0,0,1,0,0,0,0,0,1,0,17,0,126,3,0,0,0,0,0,0,0,0,0,0,4,0,23,0,3,0,30,0,2,1,0,52,0,1,0,0,2,0,4,0,0,0,0,0,0,0,0,0,0,0,4,0,183,0,311,0,1,0,17,2,19,0,2,0,6,1,0,0,0,0,0,0,0,0,3,35,0,0,0,0,0,0,0,0,1,35,0,2,0,0,0,0,0,0,22,37,0,0,0,0,0,0
"ENSG00000234464.2",0,0,0,0,0,0,4,0,0,0,5,7,2,16,1,0,0,0,0,0,0,0,4,0,16,0,0,0,0,0,0,30,1,2,0,0,7,0,2,3,0,0,0,35,0,0,0,0,2,0,0,0,0,1,0,0,0,6,0,0,1,7,0,1,0,0,0,1,1,0,38,0,0,0,0,0,0,0,7,2,15,7,0,0,9,0,0,12,0,2,0,1,6,6,34,0,4,0,1,0,0,1,0,2,0,0,0,0,56,1,0,1,0,1,2,7,0,8,0,19,0,0,0,3,0,0,0,1,1,0,0,0,8,7,0,0,0,0,1,0,0,0,0,2,0,0,0,0,0,0,1,0,1,5,0,0,0,0,10,0,2,1,4,0,0,3,1,0,0,1,0,1,0,108,0,0,7,36,0,62,0,1,0,0,2,0,0,0,0,0,0,2,0,2,0,0,0,2,0,2,0,0,0,44,0,10,0,0,2,0,0,1,12,2,8,0,3,0,3,1,0,0,0,0,0,0,9,0,9,7,0,0,22,19,4,150,0,1,10,2,0,0,1,0,3,0,12,0,44,0,0,0,0,0,0,0,0,0,9,0,7,9,0,20,0,4,0,0,2,0,2,0,3,0,4,16,1,0,0,18,0,30,2,0,0,0,0,0,0,6,0,0,0,0,0,0,1,1,0,0,0,0,0,0,4,0,5,0,0,0,0,0,0,0,1,0,37,0,0,0,0,0,0,0,4,0,0,3,101,0,25,0,2,0,1,0,1,0,23,0,0,0,3,0,1,3,0,0,5,0,0,0,0,43,6,1,0,0,0,3,2,0,0,0,0,0,6,1,1,0,0,7,0,0,23,0,14,0,0,1,12,0,2,0,0,0,1,1,1,0,0,2,0,1,0,0,7,6,0,0,0,0,0,0,0,0,3,4,0,0,3,0,0,1,0,0,9,0,0,0,0,0,0,0
"ENSG00000234511.10",4,0,4,3,4,6,49,4,2,2,4,13,8,742,315,1,6,98,0,4,13,3,2,3,63,1,2,45,0,246,0,2,107,58,1,16,103,2,0,10,0,1,5,1,18,1,0,155,2,0,6,135,9,15,2,2,2,3,21,2,3,174,22,98,3,0,6,1,1,10,160,10,4,0,0,0,1,1,10,118,510,119,0,1,176,0,0,524,24,21,2,11,321,0,2,2,10,70,8,5,4,5,2,0,6,5,31,5,325,2,6,38,6,57,1,117,5,1,2,608,0,4,0,1,8,0,2,601,1,7,6,5,809,2,2,5,1,3,2,4,0,4,42,6,15,932,4,0,4,5,4,2,9,393,9,3,1,3,5,12,92,0,5,4,0,256,394,1,0,448,53,49,5,45,2,33,2,499,8,10,3,6,8,8,1,4,253,7,0,153,3,44,4,30,54,1,3,1,0,4,8,2,8,297,1,1462,6,3,174,1,4,9,1,5,24,2,0,0,100,64,0,45,0,1,5,3,98,19,0,1,1,35,10,6,1,25,0,3,2,31,0,8,1,0,28,5,4,2,5,2,1,0,2,2,3,4,2,1,57,703,56,185,6,170,8,6,1,4,219,5,76,1,136,3,3,3,2,0,1,342,311,1,1,3,0,1,1,0,2,4,17,6,1,1,1,254,53,1,20,7,8,3,113,3,1,1,0,29,66,96,2,1,78,1,7,14,295,21,2,15,3,3,1,4,31,2,3,0,0,1,358,7,31,4,1,2,2,5,0,1,2,5,7,2,157,152,1,0,180,0,10,158,13,84,1,3,1,1,6,1,55,2,4,3,1,0,2,3,2,159,1,277,0,14,152,6,147,3,3,28,1,414,1,2,4,288,1,4,0,0,5,1,0,6,2,3,16,225,20,1,12,2,7,1,79,15,89,12,14,5,23,56,4,5,170,1,78,21,4,6,0,0,0,9
"ENSG00000234575.2",0,2,0,0,0,7,0,0,0,1,0,0,0,2,0,2,2,0,0,2,0,1,0,0,0,0,0,0,0,0,5,0,0,0,0,0,0,0,0,0,1,0,0,0,1,3,0,0,0,6,0,1,0,1,0,1,0,81,149,0,0,0,0,0,1,1,0,0,0,0,46,0,0,0,0,0,0,3,0,4,9,93,0,0,0,0,0,0,0,0,0,0,15,0,0,0,0,0,7,0,0,0,0,0,0,0,18,0,31,0,2,0,0,0,1,0,3,0,1,0,0,0,0,0,0,1,0,0,4,2,0,0,7,0,0,0,0,0,29,0,0,0,2,0,0,24,0,1,1,0,0,0,0,0,1,0,0,4,4,1,0,0,0,0,0,2,0,0,2,4,28,0,0,2,0,0,0,0,1,0,0,0,0,0,0,0,0,0,3,0,0,2,0,0,2,6,0,0,0,0,0,1,5,19,0,10,3,0,0,0,0,0,0,12,2,0,0,0,9,0,0,0,11,0,1,0,0,1,0,0,0,0,1,0,0,0,1,0,0,0,0,0,0,0,0,0,0,0,0,0,0,0,0,0,0,0,0,0,0,9,0,0,7,5,0,0,1,0,8,0,0,0,31,0,0,3,0,0,0,0,1,0,3,0,0,0,0,0,8,4,0,0,0,0,0,2,1,0,1,0,0,0,0,0,25,0,1,0,0,0,0,0,0,45,0,0,0,2,0,0,0,0,0,4,0,0,0,0,0,1,0,0,0,3,0,0,0,5,0,0,0,0,0,0,7,50,1,0,2,0,0,0,0,24,0,0,0,0,0,0,2,0,0,94,0,0,0,3,0,0,0,0,0,0,12,0,1,0,0,0,0,32,2,0,0,0,3,1,0,0,4,0,0,0,3,0,6,7,0,1,0,0,0,0,1,0,0,3,0,1,0,0,0,0,0,0,1,36,1,0,0,0,2,0
"ENSG00000234602.9",48,0,0,0,16,8,1,0,0,69,0,5,0,1,19,0,3,16,11,0,1,0,0,1,0,4,0,4,3,11,0,1,0,1,0,0,0,0,4,3,0,11,5,1,2,0,0,0,0,0,0,12,1,1,0,0,0,4,0,0,5,25,0,0,0,1,0,0,1,8,16,1,2,0,0,0,36,2,2,6,0,0,125,0,13,2,1,0,0,1,4,6,0,0,0,0,0,0,4,36,0,0,21,0,1,4,36,1,88,5,0,0,6,0,0,2,8,6,2,1,1,1,0,0,0,0,0,4,2,45,1,0,4,0,2,0,0,0,1,0,0,22,12,1,0,123,12,37,2,60,0,1,14,11,0,0,0,9,4,0,0,9,3,0,4,0,0,0,10,40,2,0,0,25,0,0,1,0,65,0,0,0,3,0,0,0,1,0,11,0,0,31,10,0,1,0,0,0,1,1,0,14,24,0,0,0,0,0,0,0,1,1,6,5,6,85,1,0,0,1,0,0,2,7,0,0,0,0,0,0,50,3,0,1,0,0,0,0,2,1,0,0,1,2,56,11,1,2,2,1,2,3,0,2,0,0,0,0,0,14,4,0,6,1,0,1,1,0,0,0,0,0,0,0,0,0,0,0,0,1,0,0,5,0,0,0,0,0,0,0,0,0,0,1,5,51,26,0,0,123,1,0,5,0,14,0,1,1,1,2,0,1,0,10,4,22,6,19,1,1,1,39,0,10,1,0,0,0,0,0,0,2,0,26,1,0,0,8,0,1,0,0,1,12,2,0,2,0,3,0,0,61,0,0,0,0,0,7,13,0,8,0,0,6,10,0,1,3,0,1,13,7,1,0,0,0,0,3,0,0,8,0,0,0,1,4,2,0,1,0,1,0,0,3,2,21,19,2,3,1,0,0,4,0,0,1,24,0,0,0,0,0,0,1,0,0,1,24,18,0,1,0,9,0
"ENSG00000234629.1",0,0,0,0,1,0,0,0,0,0,0,1,0,24,9,0,0,0,0,0,0,0,0,1,2,0,0,1,0,1,0,0,4,2,0,0,29,0,0,0,0,1,1,1,0,0,0,5,0,0,0,48,0,2,0,0,0,0,0,0,0,0,0,1,0,0,0,0,0,0,83,0,0,0,0,0,0,0,0,48,20,12,1,0,1,0,0,5,0,0,0,22,0,0,0,0,0,2,0,0,0,0,0,1,0,0,2,0,1,0,1,1,0,0,0,0,1,0,0,16,0,0,0,0,0,0,0,0,0,2,0,0,41,1,0,0,1,0,0,2,0,0,1,0,0,0,0,0,0,0,0,0,0,5,0,0,0,1,0,0,1,0,0,0,0,30,1,0,1,30,0,0,0,135,0,0,0,0,0,0,0,0,0,0,1,0,0,0,0,4,0,2,0,1,8,0,0,0,0,0,0,0,0,312,1,6,0,0,2,1,0,0,0,1,3,0,0,0,3,30,0,1,0,0,0,0,0,1,0,0,0,1,0,0,0,7,0,0,0,0,0,0,0,0,0,0,0,0,0,0,0,0,0,0,0,0,0,0,8,5,12,45,0,37,0,0,0,0,70,0,6,0,1,0,1,0,0,0,0,7,29,0,0,0,0,0,0,0,0,0,0,0,0,0,0,165,22,0,0,0,0,0,0,1,0,0,0,1,0,0,0,0,0,0,0,0,92,0,1,0,0,0,0,0,3,0,0,0,0,0,27,0,1,0,1,0,0,1,1,0,0,0,1,0,18,0,0,0,0,0,1,1,0,25,0,0,1,0,1,0,0,0,1,0,0,0,0,2,0,0,0,0,0,0,56,0,52,0,0,0,6,1,0,0,0,0,0,2,0,0,1,0,0,1,0,0,6,3,0,0,0,0,0,1,0,0,0,0,0,0,0,0,0,0,0,0,12,0,0,0,0,0,0,0
"ENSG00000234692.1",21,0,0,0,1,0,0,0,0,17,0,0,0,34,22,4,0,0,1,0,0,0,20,2,3,2,0,16,0,36,0,0,0,8,0,0,11,0,0,0,32,0,2,1,0,0,1,11,0,0,0,27,1,1,0,0,0,0,23,0,0,0,0,1,0,0,3,0,0,0,17,0,7,0,0,0,0,0,0,2,5,0,1,0,1,0,0,1,0,0,1,15,3,0,0,0,0,13,6,0,1,0,0,0,0,0,0,0,15,5,0,0,0,2,0,14,1,0,0,5,0,3,0,0,0,0,0,6,0,0,3,0,0,0,0,0,0,0,2,4,0,0,22,0,0,0,0,0,0,2,0,0,0,30,0,0,0,1,4,2,1,0,0,0,0,6,1,2,0,0,3,4,0,5,0,0,0,16,0,0,0,0,10,0,11,0,16,0,0,1,0,2,0,1,2,0,0,0,0,0,0,0,0,30,0,0,0,0,2,0,0,0,0,0,4,1,0,0,19,2,0,2,0,0,0,0,0,20,0,0,0,0,0,0,3,0,0,0,0,0,0,0,1,0,0,0,0,0,0,0,0,0,0,0,0,0,0,1,8,0,3,10,0,0,0,0,0,0,0,0,0,0,6,0,0,0,0,0,0,0,2,5,22,0,0,0,0,0,1,0,4,0,0,0,0,0,5,0,5,1,0,0,1,0,4,0,0,0,0,3,17,0,0,0,0,10,17,0,0,9,0,0,0,0,1,0,1,2,11,0,7,0,6,0,0,0,0,0,0,0,0,0,2,0,2,4,28,0,0,0,0,6,0,0,0,0,0,1,0,0,3,0,0,0,3,0,1,0,0,0,0,13,1,0,31,0,5,2,0,1,13,2,1,0,0,8,0,4,8,0,0,0,0,0,0,0,13,0,1,0,0,0,0,0,5,0,5,0,2,0,0,5,0,0,2,0,6,2,0,0,0,9,0,0
"ENSG00000234710.2",0,0,0,0,0,0,1,0,0,0,0,0,0,9,1,0,0,0,0,0,0,0,1,0,1,0,0,2,0,4,0,0,2,0,0,1,0,0,0,0,0,0,24,0,0,0,0,0,0,1,0,0,0,21,0,0,0,0,1,0,1,7,0,0,0,0,0,0,0,0,1,1,0,0,0,1,0,0,7,6,2,2,0,0,7,0,0,0,0,1,0,6,0,0,0,0,4,0,12,3,0,0,0,0,0,0,0,0,50,0,0,0,0,0,0,0,0,1,0,1,0,0,0,0,0,0,2,0,0,1,0,2,10,0,0,0,0,0,12,0,1,0,0,0,0,61,0,0,0,0,0,1,0,0,1,0,0,0,0,1,1,0,0,0,0,0,2,0,0,0,0,1,1,2,0,0,0,0,0,1,0,0,0,0,0,0,1,0,0,2,1,0,0,1,0,0,0,0,0,0,0,0,0,30,0,31,0,0,0,0,0,0,0,1,0,0,0,0,26,9,0,0,0,0,0,0,0,0,0,1,0,0,0,0,0,0,0,0,0,0,0,0,0,0,0,0,87,0,1,0,0,1,0,0,0,0,0,1,0,0,1,4,0,158,0,0,0,0,0,0,2,0,0,0,0,11,211,0,0,7,3,2,2,0,0,0,2,0,0,0,0,1,0,0,0,0,80,0,0,0,0,0,116,1,329,0,1,0,5,9,0,0,0,0,0,0,59,0,0,0,0,0,0,0,0,0,0,0,42,0,0,1,0,0,0,2,0,0,0,0,0,0,0,0,99,1,0,0,51,0,1,0,0,5,2,0,1,0,1,0,0,0,0,0,0,0,0,0,0,0,0,1,1,12,28,0,1,0,0,0,0,4,3,0,0,0,0,0,0,0,0,0,0,0,0,0,0,5,1,0,0,0,0,0,0,0,2,0,0,0,0,0,1,0,0,0,0,2,0,0,0,0,0,0
"ENSG00000234722.5",3,0,2,24,2,0,2,0,1,0,0,4,0,5605,2861,2,1,197,1,3,1,0,6,0,7,0,0,532,0,1859,3,0,1649,2023,0,0,3459,34,0,0,0,1,0,1,21,0,3,440,0,1,0,922,0,507,0,1,2,1,210,2,0,4435,1,914,4,1,17,0,3,0,3276,1,95,1,0,1,2,0,2,2515,3456,2697,0,1,2984,1,6,427,2,307,0,445,167,4,1,0,1,916,36,0,2,0,0,1,0,2,3,0,2025,1,0,1,4,83,1,3343,9,0,0,296,1,306,0,10,15,0,142,298,0,640,22,0,2643,0,1,0,0,0,3,1222,0,0,213,0,1,9,12,2,0,6,3,0,2,780,37,0,2,0,7,1767,2033,0,0,1,0,1210,2179,2,1,4848,0,339,1,4499,0,0,173,1821,1,2,0,2,6,4,4350,6,893,1,1,3118,55,1,0,7565,1289,1,0,1,0,1,30,1,1,5208,0,3109,0,2,2273,416,0,0,43,311,0,599,2,12,560,293,2,4790,0,1,0,0,16,1003,0,1,0,758,0,0,2948,64,0,0,0,0,1,52,0,0,1,2,509,0,1,0,1,0,0,0,0,0,1,0,283,7620,7481,6370,0,182,0,0,0,1,17134,2,1719,0,1211,0,2,1,3,0,0,5618,1275,1193,7,4,1,0,0,0,0,0,0,0,0,331,0,1441,2215,1,0,3,0,0,4,0,683,0,0,6,93,1054,6,1,49,0,0,13,10210,7,0,4,1,4,1,0,283,1,0,0,6,1,12680,5,230,5,0,1,0,1,0,0,0,1,74,0,2514,979,14,0,17,1,12,0,0,208,0,0,5,1,2,2,1,1,2,2,2,2,0,1,0,1146,0,55,0,10,6530,1,8737,0,0,1997,2248,14,171,0,0,515,4,1299,26,1,0,0,0,2,0,2,474,1,4,0,6,0,2,1,5,0,1629,0,10,2,81,0,1,0,591,3,1548,16,3,1,0,1,0,0
"ENSG00000234810.4",0,0,0,1,1,0,0,3,1,6,5,3,1,0,0,9,2,0,0,2,3,11,2,3,0,1,1,1,0,0,0,3,2,6,0,1,1,0,6,0,0,3,0,0,4,5,0,0,11,1,4,2,6,4,0,0,4,3,0,0,4,2,1,3,5,1,1,1,4,0,2,2,1,3,0,4,0,2,0,0,1,0,0,0,0,1,1,0,6,0,0,2,0,0,0,1,5,3,1,0,1,6,1,0,1,2,3,9,1,2,2,3,1,2,2,1,1,2,0,3,0,1,0,0,0,6,8,0,0,1,4,2,0,1,0,3,0,6,1,0,1,1,0,10,4,1,0,0,1,1,15,2,0,4,3,0,0,3,0,1,3,1,1,1,1,3,3,1,0,0,0,1,2,1,0,0,2,0,5,0,9,2,1,2,0,1,3,0,0,0,0,4,0,2,3,1,5,1,0,0,0,1,1,6,2,0,0,0,2,1,2,2,2,0,6,0,1,0,1,4,0,1,0,0,7,6,5,1,0,0,4,1,0,0,1,5,5,1,2,1,0,2,0,0,1,2,2,4,1,2,4,3,1,0,4,3,13,0,1,3,5,5,2,2,21,0,0,3,0,7,1,3,0,17,0,2,0,9,0,1,2,6,3,1,0,2,3,1,0,3,8,0,1,0,0,1,0,0,9,3,5,0,2,30,0,2,0,0,1,2,2,0,0,0,1,4,6,0,2,1,0,2,3,2,0,0,0,1,0,9,0,5,5,8,1,5,2,0,1,6,4,1,0,4,0,3,0,0,1,3,1,1,3,2,1,11,2,14,1,0,2,0,4,0,0,1,0,7,0,0,0,1,0,2,0,2,1,0,4,5,0,2,0,0,6,0,2,1,0,0,0,0,2,0,0,0,0,1,6,3,0,1,2,0,1,0,0,1,2,3,3,2,0,1,2,1,0,0,6,4,3,4,0,5
"ENSG00000234869.1",38,0,9,0,7,2,1,5,9,21,6,1,0,268,32,4,9,22,5,5,14,1,14,8,3,3,3,8,6,7,57,68,1,1,6,10,14,4,0,2,0,13,1,15,2,1,17,1,2,2,2,7,1,7,5,4,15,4,2,0,2,87,12,1,2,1,2,14,0,4,44,8,4,1,9,0,11,3,18,8,31,33,5,15,32,5,2,32,16,2,26,23,5,31,19,3,29,10,22,17,6,4,48,0,10,0,35,1,7,5,9,4,8,15,8,2,12,1,19,62,8,3,15,5,4,1,4,1,3,160,4,0,101,12,15,1,4,1,26,2,2,24,17,4,11,4,2,12,11,70,1,4,47,79,11,63,0,4,2,34,5,11,57,11,14,7,13,24,9,2,4,8,9,0,4,5,11,16,40,6,2,5,8,24,2,3,0,2,11,3,0,13,3,3,54,2,11,17,4,9,4,6,15,3,2,1,10,25,5,1,9,16,5,5,5,7,3,0,4,2,0,2,9,5,1,3,10,75,2,3,3,9,29,1,0,76,1,7,2,2,13,8,21,12,88,3,0,8,21,2,1,15,1,3,1,11,3,11,22,3,4,1,96,2,0,7,18,1,7,0,13,0,2,2,7,3,88,9,9,9,0,22,3,4,10,1,1,4,19,7,3,5,21,37,16,45,9,23,64,66,50,0,6,1,0,2,0,3,14,1,15,37,4,15,4,12,0,9,9,7,14,50,5,10,20,24,10,3,1,4,0,1,6,4,6,1,52,54,2,9,2,4,4,61,5,0,1,16,8,0,4,28,2,25,0,2,2,33,5,12,8,4,19,61,14,4,9,9,0,2,5,6,1,5,3,0,0,7,3,0,4,0,52,0,3,1,25,9,4,4,25,14,0,3,7,6,9,32,7,2,0,2,1,2,98,3,34,4,0,7,7,2,5,8,7,2,5,54,40,0,0,3,87,0
"ENSG00000234948.2",41,0,0,1,35,1,32,0,0,0,60,101,24,56,1,0,1,3,154,37,0,1,12,1,6,26,7,8,29,13,3,8,7,2,0,1,29,0,1,0,1,2,4,60,1,1,0,11,1,1,1,10,0,39,6,0,24,108,67,0,28,34,9,1,2,1,0,77,7,4,186,1,0,0,9,0,2,1,17,38,137,52,20,1,26,2,1,3,7,3,0,2,24,18,13,0,38,65,3,0,1,0,0,0,0,2,3,0,18,2,2,2,2,5,19,32,17,3,0,107,9,14,1,3,6,1,2,21,2,0,4,0,2,1,0,0,45,0,4,0,0,5,3,2,10,0,0,3,4,1,3,0,0,3,1,1,2,0,16,58,3,0,1,5,65,3,7,2,0,3,0,17,0,129,0,42,0,54,3,91,0,18,115,1,16,0,17,1,9,0,0,19,1,1,4,0,1,0,1,2,0,1,6,68,0,49,0,3,2,1,0,1,0,0,42,2,3,0,28,2,0,13,0,0,0,2,26,8,1,14,0,0,3,36,43,4,0,0,0,0,2,1,10,1,7,6,50,7,4,16,0,0,1,1,0,1,0,9,47,2,43,6,3,82,0,0,0,0,38,2,8,0,80,0,4,3,2,0,10,12,98,58,35,2,0,3,2,0,0,2,1,0,1,7,6,0,3,9,0,14,1,0,6,3,15,1,0,7,0,129,194,5,0,3,4,0,99,14,4,2,3,3,0,27,11,1,0,15,45,0,7,0,3,6,6,0,19,0,8,1,0,14,2,2,14,8,3,4,4,0,0,4,1,329,0,0,11,1,9,0,0,1,7,4,3,0,0,1,1,2,0,29,1,41,37,1,1,4,1,46,26,33,39,0,1,0,11,0,5,1,2,13,0,3,1,0,2,13,53,0,2,1,6,2,6,0,7,2,8,1,1,0,1,2,16,0,4,18,3,2,1,0,0,2
"ENSG00000234965.2",2,0,13,0,20,0,0,0,1,12,1,7,2,2,0,0,5,0,0,2,3,0,6,0,1,0,1,1,1,3,0,1,1,1,0,5,3,1,2,2,0,3,1,0,0,5,0,0,0,0,0,1,0,2,1,8,1,0,0,0,1,0,0,0,0,0,0,0,5,4,4,1,1,0,1,0,0,2,3,3,2,5,2,0,0,10,0,0,3,1,38,2,2,0,0,0,1,0,8,6,2,0,4,0,4,1,0,3,8,0,1,3,0,1,2,0,19,0,2,0,0,0,0,0,0,0,1,7,0,6,1,0,0,0,8,1,7,1,0,0,1,80,2,0,10,2,9,1,4,9,0,0,0,1,1,1,0,0,0,0,0,9,0,1,1,2,1,46,4,0,2,0,0,2,3,2,0,7,2,0,0,18,1,4,1,0,0,0,0,0,0,1,14,0,2,1,1,0,0,17,0,0,3,8,0,0,0,22,1,1,1,34,4,0,1,7,0,0,19,0,0,1,0,1,0,0,0,0,0,0,9,5,1,3,0,0,0,0,0,1,1,0,3,0,2,5,0,2,2,1,0,2,0,1,1,11,0,2,0,2,1,0,2,6,0,0,15,0,0,1,1,1,4,0,0,0,5,0,0,12,9,0,0,0,0,1,2,3,0,4,0,0,4,0,25,4,0,2,0,3,7,2,1,0,0,2,0,0,0,4,2,6,1,8,2,3,3,34,0,1,1,1,0,0,1,53,0,0,1,0,0,12,0,15,6,0,7,0,0,1,0,1,2,199,2,1,0,17,7,1,0,48,2,0,0,0,0,0,1,0,2,0,1,21,1,0,0,2,1,0,3,1,0,3,2,2,1,0,1,21,2,5,3,0,1,0,38,0,0,8,5,0,0,1,1,9,0,1,1,1,0,1,8,0,2,0,0,1,0,0,1,2,1,0,1,0,0,9,3,1,0,2,3,1
"ENSG00000234996.4",8,26,8,21,151,112,15,24,9,22,419,328,109,27,17,6,149,84,208,25,50,4,25,50,47,121,36,60,20,11,8,16,167,60,142,5,183,128,130,144,43,4,38,697,32,9,30,108,3,10,60,4,26,141,871,111,111,91,99,18,542,148,278,42,6,45,15,608,11,53,26,120,20,7,28,68,29,65,113,86,2112,190,16,272,106,243,87,563,42,98,206,385,40,9,441,11,247,332,292,61,108,30,7,403,39,58,405,18,70,47,168,12,76,39,71,53,46,89,66,882,181,77,34,254,353,5,2,120,91,268,65,31,238,46,66,31,278,75,564,14,35,26,16,28,5,46,10,134,46,10,3,57,173,71,24,431,19,13,474,92,42,116,84,109,37,62,70,37,511,399,124,24,543,287,117,45,122,562,32,437,8,27,280,17,600,128,131,63,87,62,17,48,179,161,74,621,104,152,34,96,50,78,291,361,38,336,6,84,102,9,101,84,18,71,49,7,347,296,56,97,17,97,18,22,7,7,714,87,10,336,60,32,34,1032,207,361,28,176,13,32,60,45,185,196,109,151,56,53,151,411,2,28,19,2,13,5,31,144,968,63,150,49,162,154,7,97,61,36,184,17,56,4,85,17,55,139,37,35,512,96,62,468,70,19,97,55,3,105,37,65,14,79,36,89,163,12,19,57,96,22,60,44,15,30,89,34,30,156,211,685,810,71,304,267,363,9,295,92,72,111,73,77,31,226,185,45,26,1041,184,8,690,29,33,21,1019,24,965,44,1367,30,44,252,9,47,224,40,30,168,54,10,11,115,47,87,203,26,62,39,40,37,51,15,384,53,10,114,79,64,124,33,6,92,21,268,137,7,323,4,56,248,43,89,104,35,13,27,244,119,14,116,209,350,22,254,161,13,90,211,221,3,10,54,54,199,15,4,31,10,56,27,42,18,17,18,56,16,30,18,545,9,85,5,433,13
"ENSG00000235021.1",0,0,2,0,1,0,0,2,0,0,0,1,0,3,4,1,1,0,0,3,2,0,2,0,5,8,4,1,1,0,2,0,2,0,0,0,1,2,0,0,0,0,1,1,2,0,1,0,0,2,0,1,0,0,0,1,0,3,0,9,0,2,1,0,0,0,0,0,6,2,1,3,1,0,4,0,4,4,2,0,1,1,2,60,8,0,4,9,0,3,5,5,1,4,1,0,4,3,3,4,0,1,1,1,1,1,15,0,2,0,7,0,2,1,0,7,1,0,117,6,1,4,0,4,6,0,0,1,7,4,0,0,3,3,2,0,0,0,8,1,0,7,0,0,2,8,10,15,0,2,1,0,5,3,0,6,1,2,5,8,9,2,1,2,9,3,9,6,1,6,2,1,5,8,3,0,6,4,4,0,0,10,5,16,0,2,0,1,4,4,1,0,2,4,0,9,0,3,2,15,0,1,2,1,0,48,3,21,1,0,2,19,15,7,3,0,2,0,2,1,0,0,0,1,0,0,2,1,19,1,0,3,0,0,0,2,0,1,0,4,6,2,0,0,29,0,0,1,0,0,0,2,0,2,0,17,0,3,3,2,1,1,4,13,0,9,4,0,11,0,4,0,2,0,23,0,2,0,0,3,1,0,2,1,2,0,0,2,3,3,0,1,3,1,6,0,4,1,0,0,0,1,3,0,3,1,0,1,6,0,5,6,1,2,16,0,7,5,6,2,7,0,0,5,5,3,0,0,2,0,0,0,1,2,1,1,1,4,2,3,0,1,2,0,0,0,2,3,0,0,0,29,1,1,1,1,1,1,0,1,2,0,2,21,0,1,31,1,0,6,4,1,5,0,9,0,0,3,1,2,4,2,3,1,1,1,4,14,6,24,7,0,0,1,1,3,6,4,1,1,0,1,0,0,1,2,7,0,2,1,1,9,0,1,0,15,4,1,3,0,0,0,2,0
"ENSG00000235029.1",22,0,0,0,7,12,0,0,1,13,0,0,1,0,22,0,19,0,0,0,0,1,0,0,0,0,0,0,6,0,0,10,0,2,0,0,0,1,0,0,0,25,0,0,0,0,0,0,1,0,2,0,0,0,0,0,0,0,0,0,0,0,0,1,0,9,0,0,0,3,1,1,0,0,0,0,13,1,0,2,0,0,57,0,0,43,0,0,8,0,0,0,0,17,0,0,0,0,0,0,0,1,78,0,0,7,0,0,1,0,0,0,0,0,5,2,1,0,0,0,0,0,0,1,0,0,0,0,10,0,0,0,0,0,0,0,0,0,0,0,0,2,1,1,1,1,1,2,16,21,0,3,0,0,0,0,0,0,0,0,0,0,0,0,9,0,0,1,0,2,0,0,1,13,0,0,0,1,18,0,0,11,0,0,0,0,0,0,0,0,2,0,28,0,0,0,0,0,0,55,0,0,1,10,0,0,0,0,0,0,8,0,0,0,1,6,0,0,1,0,1,0,0,0,0,0,0,0,0,0,88,0,0,0,1,1,0,0,0,0,2,0,0,0,51,7,0,0,1,0,0,0,0,0,0,0,0,3,1,1,0,0,0,0,0,0,0,0,0,1,0,0,1,0,0,0,18,0,0,0,1,0,0,0,0,0,0,4,0,0,0,0,1,1,0,11,5,0,3,18,0,8,35,0,0,0,1,0,0,0,0,21,0,1,0,21,0,4,2,0,4,36,1,0,0,0,0,0,0,0,1,0,1,0,1,1,0,0,1,0,0,0,0,79,0,0,0,46,0,0,0,5,0,0,0,2,23,23,0,0,0,0,1,2,3,0,17,0,0,0,0,0,0,0,0,1,7,0,1,0,0,1,0,0,0,0,16,0,0,0,72,0,0,14,0,1,0,12,0,1,0,1,11,0,3,0,0,0,0,1,0,0,0,0,0,1,0,0,17,3,0,0,0,0
"ENSG00000235034.7",51,0,10,0,20,0,0,0,1,165,1,0,0,4,144,0,0,3,0,35,49,0,3,1,1,0,0,6,1,3,0,4,0,5,0,0,17,0,0,1,1,68,1,1,0,0,0,0,0,0,1,15,4,22,0,0,0,0,1,0,0,50,0,151,0,86,0,0,0,1,1,0,16,0,0,0,7,59,0,56,8,264,0,382,0,0,1,0,1,0,118,2,0,11,5,0,0,1,2,1,0,1,3,0,31,2,2,1,81,0,29,0,0,0,0,2,2,0,12,2,1,0,1,0,1,0,3,1,3,0,5,0,25,2,31,0,3,0,4,0,0,1,2,1,94,7,0,222,76,54,1,0,0,0,0,1,1,1,0,1,4,68,3,3,1,2,18,5,0,90,0,1,0,0,62,0,0,3,4,5,0,1,22,0,0,1,4,29,40,10,0,0,1,0,82,0,0,0,0,1,0,1,8,9,0,360,0,0,1,0,1,68,0,1,2,6,0,0,1,0,0,3,1,2,0,1,0,1,0,0,1,1,3,2,0,0,0,1,1,1,1,15,1,0,86,74,1,65,1,0,0,0,0,0,1,69,0,1,0,1,17,5,1,3,0,3,0,0,0,2,0,0,4,1,0,0,3,0,0,339,2,8,1,0,0,0,0,3,0,2,2,0,0,1,99,11,0,0,1,40,2,1,3,1,11,1,1,0,1,0,0,0,1,84,43,32,0,4,0,1,13,5,0,45,0,179,2,0,0,0,10,3,1,46,10,0,0,1,0,0,0,0,120,0,11,115,100,2,2,0,0,0,0,5,0,1,0,0,1,0,15,6,0,7,0,0,44,7,0,3,0,0,0,0,100,1,0,0,0,0,1,0,144,72,1,0,5,2,1,0,198,0,0,0,1,0,0,0,3,1,0,0,3,0,1,1,0,0,0,2,6,3,0,1,0,22,79,1,1,0,0,14,7,2
"ENSG00000235070.3",0,0,0,0,0,0,0,0,0,0,0,5,3,1,0,0,0,19,0,0,0,0,0,0,0,5,0,0,0,0,0,0,0,0,0,0,5,0,14,70,0,0,0,132,0,0,0,0,0,0,0,1,0,0,0,0,1,0,0,1,360,0,16,0,1,0,0,543,0,0,0,0,0,0,0,0,0,0,10,0,13,0,0,0,0,0,0,109,0,0,0,4,0,0,4,0,15,0,0,0,0,0,0,135,0,0,0,0,1,0,1,0,0,0,0,1,0,0,0,185,6,0,0,0,0,0,0,0,0,0,0,0,0,0,0,0,1,0,0,0,0,0,0,1,0,0,0,0,0,0,0,0,0,0,0,0,1,0,70,0,0,0,0,0,0,0,0,0,0,0,0,0,9,0,0,0,0,1,0,12,0,0,5,0,137,0,0,0,0,0,0,0,0,3,0,0,0,0,0,0,0,0,0,0,0,0,0,0,0,0,0,0,0,0,0,0,8,4,0,0,0,0,0,0,0,0,651,0,0,8,0,0,0,24,6,33,0,2,0,0,0,0,8,0,0,0,2,0,0,16,0,0,0,0,0,0,0,0,70,0,2,0,1,1,0,0,0,0,0,0,0,0,0,0,0,0,0,0,8,0,0,50,0,0,0,0,0,0,0,0,0,0,0,0,1,1,1,8,0,0,0,0,0,0,2,0,0,0,0,1,35,0,2,0,0,0,15,1,0,0,0,0,0,0,1,0,0,1,97,0,841,0,0,0,0,0,66,0,0,0,0,59,0,0,0,0,0,0,0,0,0,1,0,0,0,0,0,0,0,0,1,0,1,0,0,0,0,0,0,0,0,45,0,59,0,0,0,0,0,0,0,0,0,0,0,0,0,0,0,0,1,91,0,0,0,0,1,1,4,0,0,0,0,0,0,0,0,0,0,0,0,0,0,0,0,0,0,2,0,0,0,0,0,0
"ENSG00000235098.8",41,36,78,40,573,224,2,12,34,72,1341,802,784,67,207,162,41,14,215,942,124,20,151,102,1364,726,345,472,66,33,328,72,167,56,45,26,44,18,9,23,530,41,2014,700,120,612,35,38,54,14,26,50,1,23,17,1506,108,807,199,342,417,4219,15,103,13,99,1469,413,9,509,318,215,161,17,1739,46,260,480,992,74,1221,197,128,538,54,35,49,15,187,70,365,32,816,32,78,11,104,846,1052,12,51,36,891,23,179,54,140,92,128,113,307,102,45,3498,162,22,1999,29,14,1279,8,30,22,53,84,21,33,135,14,208,25,50,1083,105,633,29,60,76,232,43,59,1166,86,30,153,407,97,20,298,22,16,78,1209,1562,595,384,10,70,68,928,65,306,16,24,375,68,27,3142,1141,88,7,5,11,303,285,485,73,191,1106,593,15,67,75,1254,26,23,32,375,19,30,1167,63,1722,37,2714,3053,199,450,28,2511,42,561,184,33,42,599,127,1967,201,9,77,174,261,23,1155,48,11,20,9,45,25,170,524,75,67,9,130,5322,50,16,1298,288,63,249,70,105,105,328,8,23,131,124,112,87,493,9,337,309,72,175,22,154,21,137,49,1459,186,116,19,195,121,72,170,2145,82,109,3423,54,69,66,1043,12,705,36,178,634,84,33,100,2499,272,61,237,69,470,52,48,78,825,238,95,13,192,15,242,285,85,57,55,30,56,27,58,56,24,48,11,60,56,507,41,1214,10,443,75,47,16,705,252,309,1037,3688,33,1608,241,2448,57,31,62,15,815,182,89,129,91,51,8,8,2019,74,31,92,21,672,119,25,18,718,97,17,42,155,41,880,46,76,1962,17,252,25,338,976,445,55,249,10,30,155,425,33,392,38,179,834,608,18,307,109,53,1489,65,153,148,172,72,8,489,75,0,263,84,567,11,487,53,187,65,1384,119,22,24,1308,100,72,92,34,19,13,168,680,86,1190,104,58,35,70,12,3266,943,98,31,10,100,5
"ENSG00000235162.9",13606,57,150,136,328,22,26,13,86,14195,56,512,250,5472,1489,298,83,774,359,138,222,59,149,169,17,35,104,1020,98,1728,150,1127,246,103,956,1008,94,99,6,22,76,5721,151,374,223,132,127,325,248,39,236,1095,140,133,66,371,105,22,494,189,664,786,19,158,21,67,56,134,2450,990,2759,299,45,82,52,51,2395,153,1131,376,393,1014,1017,364,1625,40,62,340,486,58,649,952,10,423,24,18,170,282,527,846,298,54,7463,126,207,140,1398,57,2813,112,361,228,165,1130,27,38,668,15,1063,1720,511,354,22,51,564,74,262,26,41,3440,83,58,2158,217,687,78,29,38,777,6,57,1185,2194,203,267,4465,370,69,85,11098,54,204,706,613,174,107,401,1334,644,500,409,48,1938,200,795,444,368,495,847,5199,263,224,438,513,112,54,111,28,3318,136,35,74,822,1074,45,59,858,349,10,425,78,4556,486,876,199,127,100,24,14,963,10,1255,139,642,63,335,28,799,282,147,183,158,2066,358,378,2884,198,12,373,298,36,49,8,248,215,124,1298,2517,371,316,967,131,561,1093,366,2002,38,325,793,270,261,235,508,24,4187,190,89,77,176,116,59,53,39,1117,79,331,118,100,364,975,487,120,4597,32,75,107,657,101,1189,174,260,68,1145,52,632,22,289,33,225,727,54,237,538,72,45,128,95,155,69,646,751,97,216,6,1063,1904,890,308,16,11073,715,50,4427,109,197,101,21,66,509,24,33,85,3,169,171,16296,118,722,113,422,218,7259,78,697,411,261,460,1302,296,40,23,164,105,366,69,183,289,2569,19,3,46,310,263,1762,1756,177,49,30,423,54,173,9071,98,624,25,108,148,9403,186,13,879,109,249,305,946,104,98,412,283,361,490,118,123,199,543,16,868,464,77,31,108,700,40,42,249,924,151,310,770,606,433,136,49,495,89,315,355,883,1259,106,113,79,61,18,135,66,2312,97,43,150,343,171,144,63,205,154,546,3011,300,206,76,33,2814,90
"ENSG00000235180.1",6,0,19,0,0,0,0,0,1,1,0,0,0,0,105,0,0,0,0,0,0,0,0,0,0,0,0,0,0,0,0,5,0,0,1,6,1,0,0,0,0,1,0,0,0,0,17,0,0,0,0,0,0,0,0,0,1,0,0,0,0,1,0,1,0,0,0,0,0,0,0,1,0,0,0,0,1,0,0,0,0,0,9,1,0,0,1,0,19,0,0,10,0,0,0,0,0,0,0,0,0,0,0,0,0,0,0,0,1,0,0,0,50,1,0,0,3,0,0,272,0,0,0,0,1,0,0,0,0,12,1,0,8,0,2,0,0,1,0,0,1,1,4,0,0,0,0,0,0,0,0,0,0,0,3,26,2,0,0,1,0,0,37,0,0,0,0,3,0,0,0,0,99,1,1,0,0,0,4,1,0,0,11,1,0,1,0,0,0,0,0,10,0,5,3,0,0,0,169,0,0,0,0,0,0,0,0,0,0,0,0,0,2,1,0,0,0,0,0,8,0,0,0,0,0,0,0,0,0,0,0,0,0,0,0,6,0,0,0,0,0,0,0,1,1,0,0,0,1,0,0,0,0,0,0,0,0,0,1,0,0,0,0,3,0,0,1,0,0,0,0,0,0,0,1,0,0,0,0,0,0,1,0,0,0,0,0,1,0,0,0,0,0,0,0,0,1,0,0,0,0,0,0,0,0,0,0,0,0,1,0,0,0,0,0,10,0,0,41,2,0,0,0,0,9,0,0,0,0,0,0,0,2,0,0,0,0,0,0,320,0,7,0,0,0,0,1,0,6,0,0,3,0,0,0,0,0,1,1,0,0,0,0,1,0,0,18,0,0,0,0,1,0,0,0,0,0,2,0,3,6,0,0,0,0,0,0,1,0,0,0,0,0,0,0,1,0,0,0,0,1,0,0,0,15,0,16,0,0,65,1,0,0,0,1,0,1,559,6,0,0,0,1,1
"ENSG00000235221.3",0,0,0,0,0,0,19,0,0,0,0,0,0,145,14,0,0,0,0,0,0,1,0,18,60,29,0,7,18,48,0,0,6,9,0,0,71,0,65,73,0,0,0,0,0,0,0,0,0,0,0,39,0,15,0,0,0,0,0,1,0,53,0,0,1,0,3,8,0,0,74,0,8,0,0,0,5,0,8,6,24,0,0,0,6,0,0,20,0,0,0,44,2,0,0,0,0,7,0,1,0,0,0,0,0,0,0,0,114,0,0,0,0,0,0,4,1,0,58,12,0,3,0,0,0,1,2,43,0,83,8,0,39,0,0,0,0,0,3,35,0,0,27,0,0,16,52,0,0,0,0,0,0,37,2,0,0,0,0,0,6,0,0,0,0,13,11,1,0,5,0,2,1,167,0,0,0,24,0,40,0,0,3,0,0,0,3,0,0,0,0,0,0,1,2,0,0,0,0,0,0,0,0,149,0,30,0,0,5,2,0,1,3,61,75,0,0,0,4,242,0,0,0,3,0,0,0,0,0,0,0,3,0,0,0,2,0,0,1,2,0,0,0,0,0,0,19,0,0,0,1,0,0,32,0,0,0,0,45,56,16,32,0,50,0,0,0,0,35,0,4,0,17,2,0,0,17,0,0,10,38,72,5,0,0,0,0,0,0,0,1,0,0,25,0,162,0,0,2,0,0,0,97,0,3,0,0,4,8,0,0,0,0,0,0,0,42,1,0,4,0,0,0,0,1,0,0,0,7,0,6,0,14,0,0,0,0,0,0,0,0,14,1,0,11,0,0,0,31,0,0,0,0,77,0,0,0,0,1,0,6,0,2,0,0,0,0,0,0,5,0,0,0,0,39,3,57,0,0,1,22,24,33,0,0,10,0,5,0,0,0,0,0,0,0,37,7,43,1,0,37,0,0,0,0,0,2,20,0,0,5,12,0,0,1,0,17,3,1,0,0,0,0,0
"ENSG00000235277.1",0,0,0,0,0,0,17,0,0,1,1,0,0,0,20,0,15,0,0,0,0,0,14,0,0,0,0,0,0,0,5,0,0,0,0,1,0,0,0,0,0,0,0,0,0,0,0,0,0,0,0,1,0,1,0,0,0,0,1,0,0,5,0,0,0,0,0,0,0,0,3,0,0,0,0,0,1,0,20,0,0,1,1,0,0,0,0,0,0,0,1,0,0,0,1,0,0,0,0,1,0,0,0,0,0,0,0,0,6,0,1,0,0,0,0,0,2,0,0,0,0,0,0,0,0,0,0,1,3,0,0,0,0,1,0,0,0,0,28,0,0,0,0,1,0,2,0,0,6,0,1,1,0,0,0,0,0,0,1,0,0,2,1,10,0,0,0,0,0,0,0,1,0,4,0,0,0,31,0,0,1,20,0,0,1,0,0,0,0,0,0,0,0,1,1,0,0,0,0,0,0,1,33,1,0,37,0,0,0,0,0,73,5,0,1,0,0,0,0,0,0,0,1,0,0,0,0,0,0,0,0,0,1,0,0,0,0,0,0,0,25,0,0,0,0,0,0,0,2,0,0,0,0,0,0,0,0,0,0,6,0,1,0,0,0,0,0,0,0,0,0,0,7,0,0,0,19,0,0,0,0,68,0,0,0,1,0,0,296,95,0,0,1,0,0,27,1,1,0,0,0,79,0,0,61,9,0,0,0,0,0,0,0,0,0,0,0,0,0,0,0,0,0,12,0,0,0,0,0,0,0,0,0,2,0,1,0,0,0,0,1,0,0,0,0,0,0,1,11,0,0,0,0,50,0,0,0,0,16,0,0,0,0,1,0,1,60,0,0,0,0,0,77,0,0,0,1,0,0,0,0,0,0,0,0,0,4,0,0,0,1,0,2,1,0,0,0,1,1,0,0,0,0,0,0,0,0,21,0,0,0,0,0,0,0,0,0,0,3,0,0,0,0,0
"ENSG00000235330.2",4,0,8,0,11,1,2,2,0,11,0,1,1,19,74,0,7,2,1,1,0,1,21,0,7,0,1,2,10,16,15,73,2,0,0,1,3,0,0,0,3,6,3,0,0,10,0,1,0,0,0,7,0,6,0,24,0,2,0,0,0,8,0,4,0,3,2,1,3,5,14,1,0,0,0,1,4,0,6,13,1,29,10,6,5,7,0,2,3,0,4,0,0,0,0,0,0,1,0,5,0,0,18,0,2,2,5,1,13,6,3,1,0,1,1,1,19,0,4,3,0,0,0,0,0,0,0,0,1,23,0,1,39,0,4,0,0,1,2,0,0,8,1,0,4,3,22,12,3,6,0,0,0,2,0,0,0,2,1,3,1,2,0,3,5,0,4,9,0,20,3,0,0,21,0,0,0,13,11,3,0,0,1,3,2,1,0,7,0,2,4,0,2,1,0,3,1,0,0,7,0,0,1,8,1,22,0,7,0,0,0,1,4,0,1,3,0,0,4,0,0,0,2,2,0,0,2,14,1,2,13,0,0,0,0,2,0,1,2,0,4,0,0,0,1,1,3,3,0,0,1,7,1,7,0,7,1,0,1,30,0,1,9,4,0,0,28,0,7,0,0,0,10,0,0,0,13,0,0,47,1,0,4,0,0,7,1,1,6,3,1,0,11,8,1,3,3,0,2,9,1,1,10,2,2,1,0,0,1,1,0,10,0,1,0,1,20,6,1,0,8,5,0,40,8,2,2,0,2,0,5,2,1,0,0,1,0,9,0,0,0,0,0,3,0,0,0,2,4,0,0,4,0,2,1,0,5,2,4,4,2,0,0,25,19,0,6,5,0,1,0,0,0,1,6,0,1,2,2,5,3,2,3,1,0,1,1,2,1,17,11,0,0,0,0,0,0,5,0,1,0,1,1,0,8,0,4,7,0,2,1,2,1,0,0,1,6,2,6,1,0,1,10,0
"ENSG00000235335.3",0,1,4,0,0,2,0,21,0,0,4,43,0,3,2,0,0,8,3,2,1,2,2,1,6,2,0,3,2,1,1,0,0,32,1,2,14,2,8,9,7,1,0,85,1,0,0,0,1,3,0,1,1,29,28,0,2,4,5,1,21,10,7,4,0,0,0,335,1,0,308,4,1,4,0,1,1,1,4,20,61,9,0,1,6,2,0,4,3,0,0,2,1,2,11,2,23,8,12,0,4,0,1,3,0,0,4,3,72,0,0,1,0,2,0,6,2,3,1,47,3,4,13,1,0,4,3,3,0,1,1,0,8,0,1,3,8,1,0,1,0,4,159,8,0,0,6,0,0,0,0,0,11,153,2,1,1,1,7,7,94,2,5,0,0,8,3,1,9,0,28,3,3,37,2,0,2,10,0,2,4,1,2,0,31,4,1,1,10,8,0,2,0,12,8,0,4,4,0,0,1,6,0,366,7,6,7,1,0,4,0,0,0,0,4,0,14,33,6,79,1,6,0,0,0,2,11,1,0,2,0,1,0,20,46,27,0,11,4,24,1,0,6,1,1,13,0,4,6,24,0,0,3,1,2,0,0,0,4,0,42,47,0,11,0,0,0,0,62,2,2,1,169,3,2,3,4,5,13,2,31,4,4,2,12,1,2,0,1,0,1,0,0,4,105,0,3,11,449,0,1,0,1,0,18,0,0,1,0,7,58,0,0,0,0,1,345,0,1,0,0,0,3,1,13,0,0,13,15,0,211,0,0,0,3,8,26,0,9,0,11,15,0,0,2,21,14,3,1,1,2,6,1,114,1,0,2,1,1,0,3,0,14,2,1,2,2,1,17,1,0,2,0,2,130,122,79,1,24,0,20,4,24,0,0,1,1,4,1,1,3,13,0,0,0,1,21,39,0,2,0,3,0,0,1,0,2,0,7,0,0,1,0,1,4,0,16,2,1,1,5,82,0,1
"ENSG00000235356.2",0,0,0,0,0,0,35,0,0,0,0,0,0,24,7,0,0,0,0,0,0,0,0,1,0,0,0,7,0,0,0,0,0,0,0,0,0,0,0,0,4,0,0,0,0,0,0,2,0,0,0,8,0,1,0,0,0,0,0,0,0,12,0,1,0,0,0,0,0,0,27,0,0,0,0,0,0,0,0,2,6,14,0,0,2,0,0,0,0,0,0,13,13,0,0,0,0,0,0,0,0,0,0,0,0,0,0,0,52,0,0,0,0,0,0,0,0,0,1,2,0,15,0,0,0,0,0,0,0,2,0,0,31,0,0,0,0,0,3,0,0,1,0,0,0,0,1,0,0,0,0,0,0,3,0,0,0,0,0,5,0,0,0,0,0,7,8,1,0,3,0,3,0,50,0,0,0,49,0,0,0,0,0,3,0,0,0,0,0,0,0,0,0,0,3,0,0,0,0,0,0,0,0,12,0,7,0,0,30,0,0,0,71,0,0,0,0,0,0,27,0,2,0,0,0,0,0,4,0,0,0,0,0,0,0,2,0,0,0,0,0,0,0,0,0,0,11,0,0,0,0,0,0,0,0,0,0,0,0,8,4,1,1,5,0,0,0,0,10,0,0,0,2,0,0,0,20,0,0,1,2,1,1,0,0,0,0,0,0,0,0,0,0,5,0,1,5,0,0,0,0,0,0,0,9,0,0,0,0,0,0,0,0,0,0,0,2,0,0,0,0,0,0,1,0,0,0,0,2,0,6,0,0,0,0,0,0,0,0,0,0,0,0,1,0,0,0,0,5,0,0,0,0,35,0,0,0,0,0,0,0,0,0,0,0,0,0,0,0,1,0,0,0,0,61,0,9,0,0,1,1,10,0,0,0,5,0,1,0,0,0,0,0,0,0,0,1,0,0,0,0,0,0,0,1,0,6,4,0,0,0,0,0,0,0,0,1,0,0,0,0,0,0,0
"ENSG00000235385.2",99,0,67,1,0,0,0,0,0,241,0,2,4,393,0,0,0,0,6,1,2,0,1,1,2,0,0,2,0,5,0,1,5,0,0,29,13,0,0,0,0,68,0,0,0,0,1,7,0,0,0,18,0,0,0,0,0,1,1,0,0,38,0,4,0,1,1,0,6,0,13,2,0,1,0,0,8,0,2,2,38,2,0,0,0,0,1,2,1,0,0,35,0,0,0,0,0,0,1,3,0,0,7,0,0,0,1,0,13,0,0,10,3,9,1,0,0,1,0,0,0,1,0,0,1,0,0,0,0,0,1,1,0,2,0,0,2,0,0,2,0,0,64,0,0,0,1,0,1,8,0,2,0,0,0,0,0,2,1,11,3,0,4,2,0,3,1,1,0,17,0,0,3,0,0,0,0,6,3,13,0,0,2,0,0,0,1,0,0,0,0,95,0,6,43,0,0,8,0,0,0,1,2,0,0,0,0,0,1,0,0,1,0,0,0,124,0,0,1,4,1,0,1,0,0,0,0,1,0,5,0,0,142,1,0,7,0,0,0,0,0,70,0,0,4,0,0,2,1,0,0,0,0,6,0,0,0,0,4,0,2,1,12,1,0,0,3,0,0,0,25,0,3,0,0,0,1,0,1,25,0,1,0,0,0,0,0,0,0,2,0,0,0,0,1,1,27,0,0,14,1,0,0,0,0,0,1,0,0,0,0,0,0,1,15,34,1,11,0,1,0,1,0,0,23,0,0,0,0,0,0,0,4,0,1,0,0,0,0,0,0,0,0,1,1,1,0,0,2,0,0,8,0,3,0,0,0,11,7,0,0,4,4,0,0,1,0,1,0,0,0,0,2,0,1,0,0,0,0,0,0,0,0,0,0,0,1,0,0,0,0,0,0,3,0,6,1,0,0,0,0,6,0,0,42,0,9,2,0,0,0,0,0,0,2,0,0,9,1,0,0,0,3,0
"ENSG00000235447.2",0,2,8,15,0,9,0,0,11,0,35,72,34,15,0,4,0,30,4,3,8,0,1,18,1,1,55,17,2,13,0,1,7,4,9,9,41,1,89,125,32,0,1,102,10,0,1,1,0,0,6,1,1,27,51,0,36,23,54,0,69,1,58,0,0,12,0,117,0,0,1,10,1,0,18,2,1,1,13,4,38,1,0,2,1,2,4,45,3,33,4,210,2,0,10,0,90,0,22,0,31,10,0,103,1,3,16,2,0,1,12,6,1,2,3,27,0,19,24,236,115,5,1,66,9,1,5,0,4,1,6,2,19,5,0,0,33,1,2,1,1,0,5,8,0,0,4,0,3,0,0,7,29,34,5,16,36,7,64,39,0,21,13,0,1,3,0,0,0,0,30,6,63,5,17,8,21,27,4,139,1,11,10,1,81,0,0,81,3,1,25,0,0,33,7,0,5,8,0,0,18,2,3,6,0,15,0,2,6,7,8,6,21,0,3,0,78,65,17,9,1,9,26,0,3,4,198,0,1,63,0,3,8,163,61,47,2,43,15,11,4,6,87,0,0,9,29,133,54,46,1,1,2,1,0,4,0,0,77,0,15,1,0,0,3,1,1,7,29,2,1,4,0,1,23,1,5,2,32,0,1,47,24,4,53,3,2,0,13,2,6,1,0,45,81,0,0,89,0,0,1,0,6,0,9,2,16,4,14,26,57,0,35,0,27,0,35,0,0,19,2,0,0,0,39,3,22,15,42,3,71,3,5,4,11,1,96,0,34,1,0,63,0,0,0,0,43,0,0,1,8,0,1,3,33,10,0,0,1,6,4,37,18,1,2,6,4,11,23,2,0,15,5,34,70,5,31,4,1,0,11,2,1,1,9,9,1,12,0,0,8,22,0,10,2,1,20,2,12,1,3,14,1,30,0,0,0,4,0,1,6,4,0,3,0,0,1,0,11,8,3,8,54,4
"ENSG00000235493.2",0,0,0,0,0,0,7,0,0,0,0,0,0,49,22,0,0,9,0,0,1,0,0,1,0,0,0,10,2,42,4,0,0,0,0,0,9,0,0,0,0,0,0,19,0,0,0,0,0,0,0,41,0,8,0,0,1,0,0,0,0,14,0,2,0,0,1,0,0,0,34,0,0,0,0,0,0,0,4,5,12,4,0,0,5,0,0,1,0,2,0,13,8,0,0,0,0,15,8,1,0,0,0,0,0,1,0,0,64,3,0,1,0,0,0,0,0,4,1,24,12,4,0,0,0,0,0,2,0,0,1,0,46,0,0,0,0,0,1,0,0,0,23,1,0,89,0,0,2,0,0,0,0,10,0,0,2,0,23,10,1,0,2,0,0,2,5,0,0,8,0,8,0,85,0,0,0,5,0,2,0,0,0,0,6,1,2,0,1,13,0,20,0,4,0,0,0,0,0,0,0,0,0,62,0,9,0,0,0,0,0,0,1,1,3,0,0,0,1,7,0,5,0,0,0,0,6,45,0,1,1,1,0,0,0,8,0,0,0,6,0,0,0,0,0,0,19,0,0,0,0,0,0,0,0,0,0,0,29,39,6,2,0,25,0,0,0,0,10,0,0,0,8,0,0,0,14,0,0,5,31,1,0,1,0,0,0,0,0,2,0,0,0,0,0,13,33,3,0,0,0,0,14,0,0,0,0,0,19,3,27,0,0,0,0,0,4,2,0,4,0,0,0,8,0,0,0,0,4,0,57,0,0,0,18,0,1,0,0,0,0,0,0,0,23,0,2,0,4,0,1,1,0,27,1,2,0,0,0,0,0,0,0,0,0,0,0,6,0,0,0,10,2,4,25,0,14,0,0,0,0,4,0,0,0,0,0,4,0,0,10,0,0,0,0,0,14,34,0,0,0,0,0,0,6,0,26,20,0,0,0,0,0,0,0,0,4,0,0,0,0,0,0,0
"ENSG00000235510.1",1,42,0,2,1,2,0,24,21,3,0,5,0,0,3,33,0,23,3,4,0,25,1,20,33,5,2,36,9,13,0,1,5,43,10,46,13,2,1,5,19,0,1,8,19,4,22,18,47,52,21,10,29,0,0,12,32,0,20,41,28,26,4,15,23,0,44,2,19,37,3,13,4,65,34,46,0,8,0,8,0,9,2,0,20,0,0,1,23,0,4,21,4,0,2,16,25,55,0,7,20,40,0,13,1,0,27,42,39,14,1,16,18,3,0,17,10,4,2,0,2,22,45,4,8,26,5,59,0,32,26,41,12,8,1,79,5,28,0,12,36,10,2,49,0,7,0,0,0,0,20,72,28,23,16,14,21,4,7,24,11,4,38,1,0,13,14,0,32,22,38,26,1,19,2,4,7,12,5,38,32,0,4,6,3,42,26,5,33,40,4,0,0,7,37,0,75,12,98,0,0,59,0,22,77,7,46,18,18,41,10,1,0,14,12,0,0,12,5,36,66,42,0,18,25,24,2,7,6,2,69,25,7,0,0,28,94,17,13,26,0,12,21,2,15,6,14,4,9,34,5,10,26,3,46,19,52,0,0,34,20,9,4,0,21,0,0,41,44,38,2,29,0,37,37,0,1,64,12,28,33,2,31,38,2,1,23,0,0,9,10,0,0,12,0,0,24,2,60,0,4,0,1,51,0,2,2,20,7,0,32,0,17,18,3,0,0,0,45,9,0,3,66,3,36,5,36,0,0,39,1,0,12,1,12,34,34,0,0,21,71,22,3,4,32,10,7,0,11,31,29,23,14,0,6,46,0,1,0,0,44,12,4,0,4,25,9,0,6,7,50,7,1,0,40,37,40,28,18,70,140,34,15,49,16,6,0,3,3,12,0,3,21,0,0,4,32,0,36,52,17,11,0,11,1,0,8,0,8,31,17,56,9,27,5,32,16,0,0,36,44,54,0,42
"ENSG00000235621.9",104,1,3,19,608,42,0,1,7,1,0,0,3,4,55,9,12,0,0,137,1,0,0,2,0,1,0,1,27,141,338,538,1,5,39,1,0,2,0,0,0,326,3,0,8,8,1,4,2,6,0,31,11,69,0,5,3,1,0,0,0,14,0,2,0,10,2,0,2,362,1572,11,0,0,3,5,1654,3,4,7,6,9,8,16,22,1,2,0,3,3,6,1,1,34,0,1,0,0,10,20,3,1,99,0,2,1,1,8,74,1,7,20,0,3,9,1,233,0,0,1,0,2,3,3,2,3,7,1,11,442,3,1,21,2,7,2,0,0,9,0,3,324,235,5,117,1,17,194,38,3,1,6,0,6,4,0,2,12,2,24,5,0,0,389,830,4,9,288,0,1,0,1,0,121,0,3,2,0,11,0,1,5,2,2,1,0,5,2,5,0,0,4,0,4,0,21,7,3,0,5,0,13,47,2,6,0,1,2,1,2,96,939,4,0,2,0,1,0,22,1,0,3,1,2,13,6,1,1,0,0,2,0,7,1,0,3,4,0,0,2,17,2,0,1,349,15,0,0,0,0,0,0,0,10,1,3,1,1,0,7,4,1,24,12,1,465,69,2,2,3,11,4,45,1,0,1,15,1,0,4,0,14,0,3,0,2,3,36,49,2,23,0,533,0,3,1,103,1,1,1,1,0,1,3,7,1,0,1,6,84,0,706,0,55,3,1,36,188,5,15,41,13,0,741,1,2,5,0,0,0,0,23,0,0,0,4,0,113,0,1,3,1,1,364,1,1,0,0,8,1,4,413,9,5,0,2,172,675,30,36,0,0,1,527,9,0,0,7,0,3,0,0,0,4,8,0,0,6,3,0,1,0,139,0,2,0,99,9,1,1,409,0,5,38,662,4,1,33,16,1,0,1,5,0,12,2,0,7,1,0,4,0,0,1,0,7,35,5,7,4,5,0,1,1
"ENSG00000235726.7",14,2,2,8,1,30,4,3,4,0,0,74,6,107,0,8,4,4,98,13,53,10,6,1,12,34,104,16,4,9,27,27,12,14,38,2,57,2,96,134,14,3,20,7,15,7,10,12,3,9,7,36,9,49,65,12,15,65,0,7,22,27,88,8,73,10,6,149,33,5,77,25,8,2,6,2,45,9,83,18,377,16,0,13,25,10,5,12,9,9,26,92,57,13,16,3,39,18,20,1,14,27,43,4,18,10,28,6,59,19,153,6,3,28,2,16,13,148,76,320,27,22,2,33,5,6,4,4,75,5,7,9,37,9,2,8,13,7,49,7,2,7,53,10,2,2,2,9,53,0,4,1,9,38,8,33,11,100,229,11,8,1,41,48,3,9,14,6,26,33,20,35,1,16,6,6,23,70,1,444,5,14,28,9,36,5,16,6,50,15,16,5,19,51,22,59,14,33,0,21,12,153,10,91,9,34,10,9,15,18,9,81,15,9,31,0,26,5,5,122,6,11,7,9,9,6,48,38,5,137,5,8,18,27,52,220,13,23,130,35,22,5,10,7,7,13,1,9,193,40,7,20,5,17,4,20,11,0,39,5,47,0,0,42,5,34,20,11,11,2,23,2,12,4,22,2,32,2,13,68,18,84,24,3,34,4,3,3,33,9,7,3,11,81,73,22,57,41,35,0,21,26,37,16,20,7,139,22,21,36,51,21,24,40,36,0,152,8,1,10,62,37,7,5,17,2,9,38,224,5,776,5,5,343,202,5,79,64,1,4,4,126,31,3,73,19,15,23,2,1,4,2,7,353,12,9,59,12,38,2,64,9,52,0,1,3,26,12,25,8,27,55,56,10,39,6,30,7,9,13,48,25,30,1,9,42,36,15,106,1,46,59,1,23,71,11,38,130,18,1,3,12,11,9,21,1,17,21,0,8,33,6,9,7,4,12,2,2,24,5,3,12,16,14
"ENSG00000235748.1",0,2,0,0,5,1,1,0,0,2,2,0,0,24,3,0,4,0,1,1,0,0,3,0,1,3,1,16,2,3,0,1,5,1,1,0,5,1,0,1,1,2,4,0,0,0,1,2,0,0,3,3,0,2,0,1,0,6,6,3,0,6,0,3,0,3,2,0,1,1,3,3,0,0,1,0,0,0,0,0,0,4,7,2,0,2,0,0,0,0,1,2,0,4,0,0,0,3,4,2,3,1,21,1,2,0,0,1,12,3,0,0,0,2,1,1,9,3,11,9,0,17,0,4,1,0,0,4,3,3,0,0,8,0,6,0,0,0,2,1,0,6,5,0,0,37,1,1,0,3,1,0,1,3,0,0,0,1,1,5,0,0,1,1,0,5,6,2,5,5,1,3,3,33,0,0,0,0,0,3,0,1,0,5,0,1,1,0,0,14,0,10,6,4,0,1,0,5,0,5,0,2,3,10,0,4,0,5,0,5,2,1,2,0,6,0,2,1,1,1,0,0,0,1,0,0,0,15,4,0,0,2,0,0,0,4,0,0,2,0,0,0,0,1,2,17,1,0,0,1,1,0,0,3,1,2,1,1,0,19,5,1,2,3,0,1,3,0,12,0,3,0,4,0,0,0,2,0,0,3,12,13,0,0,0,0,0,1,2,0,0,1,0,0,0,10,16,1,0,0,2,0,6,0,8,0,0,2,3,4,0,8,0,4,4,0,1,1,0,2,2,3,0,5,1,1,0,0,0,0,5,1,0,0,3,0,2,5,0,1,0,1,1,9,7,3,1,1,9,0,1,0,0,0,0,0,1,10,0,4,1,0,1,1,2,0,1,3,2,2,4,3,0,0,4,1,1,0,1,7,1,5,2,0,0,1,7,1,2,0,1,0,0,1,5,1,2,1,0,0,0,1,0,0,2,0,2,8,1,1,1,0,0,0,1,2,0,7,6,1,0,0,8,0
"ENSG00000235770.6",14,0,82,689,141,75,45,14,15,28,11,5,2,68,17,8,6,8,120,10,33,5,23,39,28,10,12,103,31,22,9,295,23,160,102,9,564,12,1,6,3,4,74,10,29,7,4,82,1,8,2,18,31,21,0,221,3,1,152,1,7,86,3,25,15,4,191,4,77,7,13,375,155,0,9,2,27,9,14,79,17,216,5,13,55,7,164,2,42,12,91,58,78,239,3,30,7,217,109,12,70,9,12,6,50,5,2,3,25,59,21,8,16,1175,5,15,119,5,12,1045,9,162,0,9,45,4,9,6,7,48,38,4,50,145,13,59,4,3,6,35,8,174,42,15,17,10,36,36,8,7,6,4,7,19,15,2,12,77,23,64,16,2,11,20,4,34,83,6,6,15,66,18,494,189,6,6,13,6,48,7,2,2,185,8,7,25,22,15,22,16,98,10,4,101,4,1,3,13,1,3,33,25,20,152,3,2,1,1,23,16,27,67,38,24,153,9,26,3,126,401,1,5,16,11,3,0,7,41,3,19,2,31,158,23,10,75,0,2,122,36,25,1151,3,6,12,42,7,2,21,58,11,1,6,5,8,6,5,0,33,12,49,315,14,61,8,28,21,4,69,4,235,5,33,1,29,11,6,2,4,20,29,268,10,3,9,11,3,14,11,20,22,173,64,5,22,11,4,14,95,9,43,12,10,2,8,19,10,21,6,37,36,78,10,10,20,10,167,50,4,439,65,34,10,22,57,6,14,47,59,44,73,11,189,7,53,4,2,88,6,2,1,112,211,6,14,44,10,6,7,2,3,10,31,22,8,2,12,8,10,11,9,48,234,113,15,24,5,20,40,25,6,117,4,5,6,118,40,3,30,28,13,20,25,8,7,355,69,45,49,9,37,14,3,21,10,71,34,16,83,7,39,4,67,6,156,2,29,262,4,7,885,1,66,13,72,85,9,8,4,9,3,9,8,5
"ENSG00000235774.2",0,0,0,0,0,0,11,0,0,0,0,0,0,21,27,0,0,0,0,0,0,0,1,0,16,0,0,2,0,0,0,3,0,9,0,0,6,0,0,0,0,0,0,0,1,0,0,0,1,1,0,4,0,2,0,0,0,0,20,0,0,4,15,3,0,0,0,0,0,0,94,0,1,1,0,1,12,0,0,19,19,16,3,11,12,1,0,6,0,0,0,0,0,0,0,0,0,0,1,0,0,0,0,0,0,0,0,1,35,0,0,0,0,1,0,4,0,0,1,22,0,20,0,0,3,0,0,10,0,0,0,0,17,0,0,1,0,0,0,6,0,0,5,0,1,0,3,3,4,0,0,0,0,5,0,0,4,0,0,22,3,0,0,0,0,12,3,0,0,29,0,6,38,49,0,0,0,18,0,5,0,0,22,8,4,0,0,0,1,14,0,0,0,14,5,0,0,0,0,0,0,0,0,0,1,23,0,0,0,4,0,1,23,28,1,0,0,0,0,11,0,0,0,0,0,0,0,78,0,0,0,0,0,0,0,7,1,0,0,0,0,0,0,0,0,23,0,0,0,0,0,0,0,0,0,0,0,0,0,22,21,0,0,61,0,0,0,1,53,0,4,0,25,0,0,0,20,0,6,2,5,1,0,0,0,0,0,1,0,0,0,0,0,0,0,16,32,0,0,0,0,0,0,0,0,0,0,0,12,25,0,0,0,0,1,3,18,17,0,7,1,0,0,0,6,0,0,0,0,0,7,5,0,0,0,0,0,0,0,0,2,0,1,0,0,6,0,0,0,0,0,0,0,18,0,0,0,2,0,0,0,0,0,0,17,0,0,0,0,2,0,0,0,14,24,0,25,0,0,2,0,0,0,0,0,0,0,0,0,0,0,0,0,0,0,0,6,0,0,0,0,0,0,0,0,0,1,1,13,0,0,0,16,0,5,0,31,0,0,1,0,0,0,0
"ENSG00000235830.2",2,0,0,0,0,0,0,0,1,3,2,36,1,0,2,0,0,0,0,0,0,0,1,0,3,1,2,0,0,1,0,0,0,0,0,0,3,0,1,0,0,0,0,167,0,1,0,0,1,1,0,0,0,0,21,0,13,1,0,0,64,0,4,0,0,0,1,44,0,0,2,0,0,0,0,0,1,0,0,0,7,1,0,0,0,0,0,8,2,0,1,1,0,0,12,0,82,4,1,1,0,0,0,1,0,1,0,0,6,0,0,0,0,0,1,0,0,1,1,12,18,0,0,20,0,0,0,0,0,4,0,0,0,0,1,0,0,0,0,0,1,0,1,1,0,4,0,0,2,0,0,0,0,1,0,7,0,0,4,0,0,0,0,0,0,0,0,2,0,0,1,0,121,0,0,0,0,21,1,8,0,3,1,0,25,0,0,0,0,0,0,0,0,0,1,0,2,0,2,6,0,0,1,0,0,0,0,0,1,0,0,1,1,0,0,1,8,179,0,0,1,0,0,0,0,0,37,0,0,0,0,0,0,35,1,9,0,31,0,1,3,0,24,0,1,2,1,0,3,29,1,0,2,0,0,0,0,0,16,2,0,1,0,2,0,0,2,0,0,0,0,0,0,0,0,1,0,0,41,0,1,1,1,2,0,0,0,1,0,0,0,0,0,3,31,0,0,10,0,0,1,1,3,0,2,0,1,1,0,5,43,0,0,2,3,0,2,0,0,0,0,0,0,0,0,3,0,6,10,0,13,0,0,0,4,5,38,2,44,7,1,31,0,0,0,1,0,2,0,1,0,10,1,0,0,0,0,1,0,0,1,0,57,1,3,0,0,0,2,0,0,2,2,13,1,0,0,0,1,1,0,0,0,1,1,1,1,0,0,0,1,25,0,0,1,0,4,6,1,0,0,0,1,0,0,1,0,0,0,1,0,0,0,0,0,0,0,3,0,1,1,0,0,0
"ENSG00000235890.2",54,4,0,42,34,6,3,134,21,21,151,212,456,1,320,21,111,34,367,103,85,19,151,19,149,9,302,186,2,34,36,32,61,17,15,2,50,14,171,227,20,3,185,101,23,75,18,44,2,3,5,158,36,119,35,34,231,101,220,6,42,725,2,45,42,27,51,57,6,124,488,42,9,13,126,14,2,52,172,20,213,175,0,0,262,148,22,20,3,1,31,1,45,0,69,15,352,123,292,8,3,24,20,22,6,113,41,21,808,399,141,15,1,1,12,119,195,106,34,171,34,33,0,0,102,69,18,108,17,3,13,31,181,33,17,32,30,20,50,0,2,7,23,22,35,1,43,238,200,20,17,56,51,54,13,161,57,56,196,169,112,50,162,213,72,13,102,12,15,87,38,681,48,1,11,65,56,6,234,411,4,148,75,435,343,27,93,2,55,245,0,82,328,35,137,305,9,105,0,10,41,2,122,401,6,44,1,4,14,116,3,278,58,64,238,2,88,0,4,66,10,16,4,1,6,7,25,0,2,15,160,54,62,156,115,45,13,0,10,49,165,76,19,93,27,193,27,41,86,159,19,6,10,113,4,10,18,84,82,4,148,23,4,2,12,126,26,24,651,10,5,10,64,5,132,142,180,9,2,8,293,2172,63,6,209,10,7,1,156,46,14,1,20,40,54,99,27,70,98,26,516,24,0,16,37,15,64,47,215,147,9,170,157,20,203,197,243,29,0,17,58,14,7,577,26,416,15,87,19,6,105,27,19,5,22,7,64,2,290,63,5,240,59,17,447,133,67,62,5,6,14,2,28,361,58,11,75,1,241,367,154,64,77,8,0,5,34,195,154,22,96,159,38,65,191,78,4,4,97,188,209,104,166,27,4,14,75,14,24,31,64,196,9,6,11,121,119,306,53,7,40,5,103,75,2,2,17,0,55,2,37,70,98,2,61,2,59,38,161,7,8,13,42,24
"ENSG00000235897.1",12,0,3,7,6,4,0,1,2,5,0,14,2,75,98,0,0,4,8,5,27,1,4,6,15,4,7,1,0,7,17,8,5,5,2,10,6,1,12,16,2,3,2,4,3,11,5,1,1,2,2,39,3,7,9,14,4,11,3,2,5,2,7,2,0,7,2,7,3,10,32,7,0,0,0,2,14,2,4,5,5,5,5,0,7,3,0,4,9,0,5,22,2,14,3,0,3,7,10,3,2,0,3,3,3,2,14,2,25,7,4,2,3,17,10,5,13,9,17,41,9,7,2,12,2,0,0,1,5,25,4,1,7,5,5,1,8,1,4,0,2,7,22,2,4,14,4,3,11,15,1,3,2,6,4,11,0,5,17,18,6,1,2,0,3,21,15,41,6,9,4,6,11,10,3,1,5,25,34,7,1,6,7,21,5,7,9,2,5,22,10,7,3,17,3,7,3,8,4,16,0,11,12,9,0,3,0,13,1,14,8,13,1,4,3,14,3,2,2,12,1,11,7,1,1,0,7,9,0,6,4,6,43,9,3,6,0,4,12,6,2,13,9,1,11,37,2,1,1,17,2,2,4,4,3,7,1,5,7,4,14,4,22,2,0,9,9,1,12,1,5,1,7,0,2,4,7,1,9,2,13,4,10,0,11,2,1,1,7,3,0,1,3,10,8,17,20,5,20,19,12,1,3,2,4,0,1,4,13,3,8,5,5,18,8,9,10,14,2,4,7,16,2,11,12,14,7,14,3,0,8,4,4,4,19,2,7,13,6,1,1,6,3,1,3,3,9,0,4,0,3,9,4,11,2,2,6,18,8,1,7,0,9,11,5,3,3,2,2,4,11,14,0,2,21,2,26,1,1,25,3,6,5,0,2,4,2,13,0,24,5,6,0,14,3,3,11,5,8,0,2,9,9,2,120,5,49,33,3,3,7,0,6,0,2,2,4,4,27,1,0,4,21,0
"ENSG00000235934.2",0,0,0,0,4,0,0,0,0,48,0,1,3,141,0,0,0,0,1,1,0,0,0,1,0,0,0,1,0,1,1,0,0,0,0,1,0,0,0,1,0,10,0,1,0,0,0,1,0,0,0,2,0,0,1,0,0,0,0,1,3,24,0,0,0,0,0,0,0,0,24,1,0,0,0,0,8,4,25,0,0,0,0,0,0,0,1,0,0,0,1,14,0,11,2,0,0,0,3,3,0,0,3,0,0,0,1,0,23,1,0,0,0,0,0,0,2,0,0,5,0,0,1,0,0,0,0,0,2,40,0,0,5,0,0,0,3,0,1,0,0,0,0,0,0,2,10,1,1,3,0,0,0,1,0,0,0,0,0,0,0,0,5,0,1,1,1,5,0,8,0,0,5,0,0,0,0,0,12,0,0,0,2,0,0,0,0,0,0,0,0,0,4,0,0,0,0,6,0,0,0,0,0,0,0,0,0,0,0,0,0,0,0,0,1,7,2,0,0,0,0,0,0,0,0,0,0,1,1,0,0,0,0,0,0,9,0,0,0,0,2,0,0,0,3,32,0,0,0,0,1,0,0,5,0,0,0,0,3,4,1,0,16,1,0,0,18,0,0,0,0,0,0,0,0,0,1,0,1,0,0,0,0,0,1,0,0,0,0,13,0,1,0,0,13,15,10,0,0,5,0,0,4,1,2,0,0,0,0,0,3,0,0,5,0,10,0,0,2,0,2,0,0,0,1,0,0,0,0,0,2,0,0,0,0,0,3,1,0,1,0,0,6,2,3,0,0,0,2,0,0,30,0,0,0,0,0,5,1,0,1,0,6,2,0,0,17,0,1,0,1,0,0,1,4,1,0,0,0,0,0,0,0,0,0,1,3,0,0,0,0,0,0,0,4,1,0,7,0,0,0,0,2,0,3,1,1,0,0,0,1,0,0,0,0,0,0,2,1,0,0,0,71,1
"ENSG00000235939.1",9,0,0,0,3,3,0,0,0,123,0,5,1,1,0,0,0,0,0,1,0,0,5,0,0,1,0,0,0,1,1,0,1,0,0,1,1,0,0,0,0,9,1,8,0,0,0,0,0,0,0,0,0,0,1,0,1,0,0,0,1,0,0,0,0,2,0,0,0,0,0,0,0,0,0,0,0,0,0,4,21,1,0,0,1,0,0,0,4,0,0,1,0,0,1,0,2,0,1,1,1,0,0,0,0,0,0,0,0,0,1,0,9,0,0,0,1,0,0,6,1,3,0,5,0,0,0,1,2,1,0,1,4,0,3,0,0,0,0,0,0,0,1,0,0,0,0,7,0,2,0,0,0,4,1,10,0,0,8,1,0,1,1,1,3,0,0,0,0,6,0,1,3,0,0,0,0,0,0,40,0,0,3,0,0,0,0,0,0,0,0,1,0,1,0,0,1,3,13,1,0,1,1,0,0,2,0,0,12,0,1,0,0,1,1,9,3,0,0,0,1,7,0,0,0,0,0,0,0,0,0,0,0,15,0,6,0,0,0,0,1,0,0,0,1,0,0,0,6,1,0,0,0,0,0,0,0,0,8,1,4,0,0,0,0,1,1,0,0,0,0,0,0,0,11,0,0,0,1,0,0,0,3,0,0,0,0,0,0,0,0,0,0,6,5,0,1,0,0,123,0,0,1,0,0,2,0,0,0,0,1,1,0,6,8,1,0,4,8,1,0,13,0,1,5,0,0,1,0,0,0,0,0,0,1,1,0,0,0,8,0,25,0,6,0,3,0,0,5,0,0,0,1,0,0,0,0,2,0,0,0,0,10,0,19,1,0,0,0,6,0,0,0,0,3,0,0,0,0,0,0,0,0,0,0,1,7,0,0,0,0,0,0,12,0,0,2,2,0,0,0,0,0,1,0,0,7,0,0,6,1,0,2,0,0,0,0,0,0,0,0,0,0,0
"ENSG00000236049.1",0,0,0,2,0,0,0,0,0,0,0,0,0,0,0,0,0,0,0,0,0,0,0,0,0,0,0,0,0,0,0,0,1,1,0,0,0,1,0,0,0,0,0,1,2,0,0,0,0,0,0,0,2,0,0,0,2,0,2,0,0,0,0,0,1,2,0,2,0,0,0,0,1,2,0,0,0,0,0,0,0,0,0,0,0,0,0,0,0,0,0,0,0,0,0,2,8,0,0,0,2,2,0,0,0,0,1,2,0,0,0,1,0,0,0,4,0,0,0,0,0,1,0,0,0,0,0,0,0,0,0,1,0,0,0,0,1,0,0,0,1,0,0,121,1,0,0,0,0,0,0,0,0,3,1,2,0,0,0,0,0,0,0,0,0,0,0,0,0,0,0,0,0,0,0,0,0,0,0,0,2,0,0,0,1,1,0,0,1,0,0,0,0,0,8,0,1,0,4,0,1,0,1,3,0,0,0,0,0,0,0,0,0,0,0,0,0,0,0,11,1,0,0,0,0,0,0,0,0,1,0,0,0,0,0,0,0,0,0,0,0,0,1,0,2,0,0,1,0,0,0,0,1,0,0,0,1,0,0,0,0,0,0,1,5,0,0,0,0,0,0,1,0,0,0,0,0,0,0,0,0,1,0,1,1,0,0,0,0,0,1,1,0,0,0,0,1,0,0,0,1,0,0,0,0,0,1,0,0,0,0,0,0,1,0,0,0,0,0,0,0,0,0,0,0,0,0,0,0,3,0,0,2,1,1,1,0,0,0,1,0,2,0,1,0,0,0,3,2,0,1,0,0,1,0,2,0,0,0,0,0,0,1,0,0,0,0,0,0,0,1,0,0,0,0,0,0,3,0,0,0,1,1,0,0,0,0,0,0,0,0,4,0,0,0,1,0,1,1,3,1,0,0,2,6,0,1,0,0,0,0,0,1,1,0,0,0,0,0,2,0,0,0,0
"ENSG00000236054.1",1,6,5,0,0,20,7,69,7,1,2,9,0,0,0,1,1,15,11,2,8,11,1,3,8,27,0,1,21,0,2,2,2,12,10,2,48,2,8,3,20,0,6,116,5,9,5,18,5,8,45,13,8,23,9,0,24,15,0,0,111,31,367,13,62,3,22,119,3,9,1,8,6,14,2,1,0,1,4,10,25,4,0,15,33,0,14,19,9,9,7,77,14,0,252,1,14,10,21,0,26,16,0,9,5,62,40,5,3,1,4,2,44,1,2,135,23,172,6,48,22,2,13,53,11,19,10,162,91,2,1,0,14,11,9,2,10,0,180,4,1,21,0,15,0,0,0,2,7,0,12,3,46,113,5,2,3,5,15,3,2,5,12,3,0,2,8,9,21,0,4,4,56,1,42,8,12,131,0,33,9,1,5,8,67,5,0,1,13,3,76,0,11,11,7,32,2,94,354,0,6,36,15,1,1,41,22,0,40,5,7,1,7,29,6,0,25,87,0,19,0,5,7,14,0,0,91,0,4,23,3,53,7,11,51,15,1,222,6,81,24,1,98,3,53,5,12,63,53,27,0,0,0,1,12,2,7,6,5,2,5,10,10,70,1,7,4,2,0,2,4,0,10,3,12,10,2,3,116,15,41,21,0,10,25,30,1,8,9,8,2,16,6,87,169,1,0,302,697,0,1,0,0,0,33,4,2,14,3,18,84,4,54,139,9,0,2,0,26,25,4,0,1,5,82,10,4,20,7,1,7,8,8,0,4,16,55,3,11,107,3,66,4,4,21,0,153,40,49,5,4,1,63,15,20,2,8,0,21,0,46,3,67,5,0,31,6,11,400,15,16,16,3,1,3,4,158,0,13,16,14,8,34,51,3,0,1,18,48,13,13,30,0,7,87,0,542,15,20,3,0,9,1,40,13,1,14,92,34,34,2,16,2,3,0,0,37,0,13,1,2,107,2,19
"ENSG00000236081.1",1,3,7,0,10,1,11,5,1,1,72,3,4,183,15,1,16,0,5,7,18,0,411,0,5,79,5,0,0,37,231,345,0,6,0,8,91,2,0,1,91,43,31,0,3,0,1,1,0,2,1,13,0,6,0,91,1,0,1,0,0,1,0,0,0,188,2,1,0,1,4,30,43,2,0,2,2,0,48,17,166,6,0,14,0,80,1,0,2,0,84,4,0,2752,1,0,0,0,1,2,5,2,0,1,43,2,3,0,672,3,48,4,0,5,5,363,8,0,169,174,0,27,1,0,0,8,0,6,3,37,3,4,60,0,132,0,2,22,33,0,1,105,54,1,54,53,73,44,407,0,1,4,0,1,0,0,0,0,1,162,3,0,1,4,0,10,2,5,0,5,0,0,0,0,0,12,0,13,4,4,1,203,1,0,3,9,1,2,16,0,0,2,0,1,0,217,2,71,0,4,30,2,1,0,2,13,2,1,2,4,17,60,533,4,7,0,0,0,11,307,3,0,7,1,4,0,2,0,118,4,1,3,1,3,2,12,1,0,0,0,40,13,0,60,3,5,0,0,4,0,37,15,4,253,1,19,2,165,0,11,2,38,2,3,0,151,0,4,2,1,7,0,7,2,24,0,11,0,2,14,0,4,0,5,2,0,1,46,0,19,2,1,19,8,3,287,2,1,0,0,3,66,0,9,2,1,0,10,2,6,2,121,160,3,1,3,9,21,0,79,88,3,4,73,238,2,3,5,30,0,175,10,23,3,1,2,0,9,3,0,0,0,0,423,5,2,0,0,17,2,6,15,0,89,0,16,0,0,6,10,17,0,0,2,1,3,1371,2,0,1,0,14,6,2,129,2,0,1,5,0,1,2,100,15,1,92,41,3,1,0,1,6,0,2,2,0,4,7,2,1,2,0,46,0,990,1,3,3,71,1,19,3,7,0,0,1,3,6,8,1,2,3,0,1
"ENSG00000236212.2",12,0,0,0,0,0,0,0,0,0,0,0,0,130,74,0,0,4,0,0,0,0,0,0,11,0,0,0,0,25,1,18,5,6,0,0,2,0,0,0,0,0,0,0,0,0,0,0,0,0,0,20,0,2,0,0,0,0,0,0,0,64,0,0,1,0,0,0,0,4,14,0,0,0,0,0,0,0,0,0,0,39,2,0,13,0,0,0,0,0,0,14,2,0,0,0,0,0,0,0,0,0,0,0,0,0,1,0,68,0,1,0,0,5,0,0,1,0,1,13,0,6,0,0,1,0,2,0,0,71,1,0,46,0,1,1,0,0,51,2,0,1,7,0,0,2,0,0,1,0,2,0,0,19,0,1,0,0,0,6,1,0,0,0,18,11,16,0,0,0,0,5,0,65,0,0,0,8,0,1,0,1,1,0,0,0,1,0,0,0,0,2,0,8,13,0,0,1,0,0,0,1,0,33,0,13,0,6,2,0,0,0,11,0,39,0,0,0,9,0,0,2,0,0,0,0,0,17,0,0,0,0,0,0,0,0,0,0,0,0,0,0,0,0,0,3,0,0,0,0,0,0,0,0,0,0,0,0,0,10,1,0,0,6,0,0,0,0,16,0,10,0,13,0,0,0,20,0,0,2,6,3,17,0,0,0,0,0,0,0,0,0,0,1,0,11,4,0,0,0,0,1,14,0,0,0,0,0,1,0,0,0,0,0,0,2,0,0,0,4,0,0,0,0,1,0,0,0,0,0,3,0,0,0,0,1,0,0,0,0,0,0,0,0,17,3,0,1,3,0,0,2,0,11,0,0,0,1,0,0,0,1,2,0,1,0,0,0,0,1,0,0,0,0,92,0,9,0,0,4,18,0,16,0,1,1,0,2,0,0,0,0,0,0,0,0,13,50,1,0,0,0,0,0,16,0,14,21,0,0,0,1,0,0,22,0,2,1,13,0,0,0,0,0
"ENSG00000236279.7",4,0,205,0,1,0,759,0,0,5,0,0,2,534,794,0,1,97,0,0,0,0,16,1,3,0,0,0,1,0,2,0,75,8,19,1,7,1,0,1,0,0,20,0,0,0,1,1,0,1,0,167,2,154,0,0,0,0,0,0,1,137,0,1,0,0,0,0,8,0,629,1,0,0,0,0,1,3,277,25,248,106,0,3,16,0,0,3,0,0,0,5,22,5,2,0,0,3,275,1,1,0,0,0,3,3,0,2,794,0,0,1,11,46,3,6,3,4,6,238,0,6,4,0,9,0,0,114,1,1,0,0,1248,0,0,0,0,1,43,0,0,5,39,1,0,1,3,7,14,1,0,0,0,50,1,0,1,5,1,60,292,0,0,3,147,6,14,4,1,329,0,5,1,2,3,0,0,418,2,0,0,0,88,0,0,0,193,0,2,1,1,49,1,13,45,2,0,0,0,1,0,0,1,14,0,118,6,0,8,0,1,6,77,9,9,6,0,0,51,2,0,0,6,0,0,0,0,2,0,0,0,7,0,5,0,98,0,0,1,0,2,0,0,3,2,41,2,0,0,0,1,0,2,125,0,0,0,9,2,0,34,0,0,1117,3,2,0,0,3,0,55,0,470,0,1,0,1604,0,0,1,1,1115,0,0,0,0,0,1,0,12,6,2,2,2,1,327,65,0,0,7,0,19,381,1,376,0,0,1,27,238,0,7,0,1,0,0,322,5,8,141,1,7,0,6,4,0,0,0,438,0,470,0,0,0,1,0,1,0,0,0,0,0,0,0,68,2,0,1,346,2,0,2,2,259,0,0,0,2,826,0,32,0,2,0,1,0,0,114,1,17,0,9,39,29,77,0,22,0,1,1,1,96,0,0,1,2,2,2,1,0,0,1,0,2,0,2,31,3118,5,1,0,6,11,0,24,4,141,45,0,1,3,0,0,0,3,0,36,537,0,1,0,0,0,2
"ENSG00000236311.6",0,0,0,8,1,9,0,3,5,0,6,40,14,1,16,1,0,0,68,2,1,1,0,2,10,4,29,5,0,8,2,18,3,7,1,0,8,4,11,32,0,0,7,5,3,0,1,0,0,1,6,3,3,41,18,1,2,8,0,0,5,1,21,0,2,4,1,7,29,4,2,11,0,0,0,1,12,5,12,24,26,30,4,0,4,3,1,20,0,1,11,3,33,0,1,2,2,3,46,0,2,5,4,8,0,3,2,1,20,22,15,2,0,2,1,9,3,27,19,6,5,6,0,2,20,0,0,3,29,0,10,0,11,0,2,1,63,1,43,1,0,0,23,0,8,24,7,4,2,1,0,1,4,2,1,8,14,4,74,36,9,2,2,17,0,1,13,1,9,79,2,28,7,1,0,1,4,20,1,40,0,1,20,8,5,1,35,1,2,8,42,2,11,9,0,10,1,34,0,14,0,2,15,19,0,0,0,6,0,1,0,0,0,4,25,1,0,0,9,81,0,12,0,6,2,1,3,11,0,12,5,13,1,5,0,29,1,8,8,0,1,7,2,0,7,87,35,7,33,18,3,2,1,30,0,3,1,0,25,16,4,3,7,0,0,35,0,3,19,1,2,1,0,0,6,2,2,0,14,8,22,9,2,0,20,0,0,2,0,3,1,4,0,13,8,18,4,11,2,1,2,2,0,0,7,3,11,9,2,48,25,2,0,2,21,0,12,9,1,11,0,3,0,6,14,4,3,8,8,0,5,0,1,34,63,0,60,1,67,0,0,1,21,0,31,0,3,0,0,1,1,13,6,30,16,1,0,1,19,15,35,10,6,2,0,14,0,1,0,2,5,94,0,4,7,0,7,0,4,26,1,2,11,0,1,0,12,0,8,1,21,27,0,5,0,1,61,32,23,0,8,16,9,4,1,0,5,10,0,1,3,0,2,4,2,1,4,0,5,0,2,7,4,0
"ENSG00000236348.1",0,0,0,4,0,1,0,0,0,0,0,0,2,5,10,0,0,1,0,0,1,0,0,0,1,1,0,0,4,1,0,2,1,0,0,1,14,0,1,0,0,0,0,29,0,2,0,0,0,3,0,2,3,4,5,9,1,0,2,0,8,3,2,1,3,0,0,3,6,1,0,5,3,0,0,0,11,0,2,3,18,0,0,2,1,0,0,1,1,0,4,17,1,0,0,0,0,0,2,2,1,1,0,2,0,1,3,0,82,1,0,0,0,0,0,0,0,0,16,14,16,1,1,9,3,0,0,0,0,2,0,1,2,0,10,0,0,0,0,0,0,1,1,0,0,4,12,0,2,0,0,0,2,0,0,2,1,7,6,0,1,0,4,0,0,11,2,1,2,2,7,1,15,4,0,0,0,1,1,0,0,3,1,0,0,0,0,1,0,3,0,7,2,9,0,0,3,5,1,2,0,0,0,47,0,5,0,0,0,1,1,2,3,5,1,1,0,0,2,134,0,2,0,1,0,0,3,15,0,3,1,4,0,25,0,15,1,3,2,2,2,0,1,0,0,19,0,0,0,1,0,0,0,2,0,1,1,1,4,0,28,238,0,0,0,0,6,1,48,1,4,0,4,0,3,1,0,0,2,8,0,10,15,0,0,2,0,0,0,8,0,0,0,0,4,1,2,0,2,2,0,0,0,1,0,2,1,0,0,3,3,1,2,5,3,0,72,0,0,6,0,0,0,0,3,2,0,0,12,0,5,0,3,2,5,0,0,3,10,3,1,21,7,2,1,2,1,0,2,0,0,1,0,3,0,0,0,0,1,2,9,0,5,0,0,1,0,1,0,1,3,4,0,1,133,0,44,0,0,0,0,4,0,4,2,32,0,1,35,0,2,5,0,1,0,1,10,2,1,1,0,0,2,0,2,0,14,3,0,0,1,0,0,0,0,0,28,3,1,1,0,1,4,0
"ENSG00000236366.3",2,0,7,0,0,0,0,0,0,2,8,27,0,33,17,0,0,2,0,0,0,1,1,0,1,1,0,0,1,29,0,12,4,0,2,0,39,0,2,3,2,11,0,34,0,0,12,3,0,0,0,4,1,3,1,0,1,0,0,0,31,22,0,1,0,6,0,5,38,1,4,11,0,0,0,0,1,1,3,31,43,5,5,0,0,0,50,32,7,5,19,214,0,41,0,0,47,0,1,2,0,0,15,3,2,0,0,0,44,1,0,0,40,0,0,50,1,1,9,861,13,0,1,10,5,0,0,0,0,12,1,0,24,11,9,0,3,0,0,0,0,0,45,1,0,13,0,0,1,0,0,0,4,2,0,125,1,13,3,30,1,0,23,1,0,1,0,3,1,21,1,5,4,36,13,2,0,17,3,58,0,1,6,2,2,1,0,0,8,0,0,0,0,7,7,0,0,24,1,2,0,0,0,27,0,0,1,0,1,1,4,0,7,1,0,12,8,1,10,17,0,0,1,0,0,0,13,1,1,103,14,0,17,11,3,431,0,13,0,0,1,2,0,0,3,4,133,0,14,6,0,0,0,0,0,0,0,0,252,0,8,2,13,0,0,0,9,0,1,0,15,0,2,0,15,4,0,0,4,0,0,1,2,1,0,0,0,1,0,21,0,2,0,41,9,1,36,0,0,0,1,0,3,0,4,1,1,3,3,0,2,0,1,1,48,0,11,0,0,1,0,8,0,6,42,0,0,4,126,0,27,0,3,0,9,0,1,27,0,56,0,132,1,4,0,3,0,0,20,0,0,1,0,5,0,0,0,7,5,0,3,0,189,1,3,0,0,0,2,3,0,137,134,18,8,0,0,0,0,0,0,0,0,0,1,26,0,0,1,0,0,10,0,0,0,1,28,1,1,1,0,0,1,2,23,0,345,3,2,1,2,0,0,0,0,0,2,0,0,1,0,0,3,0
"ENSG00000236389.1",0,0,0,0,2,0,0,0,0,0,0,0,0,0,1,0,0,1,0,3,0,0,0,0,0,0,0,0,3,0,0,26,1,0,0,0,0,0,0,0,0,0,0,0,0,0,0,10,0,0,0,0,0,0,0,0,0,0,0,0,0,23,0,0,0,1,0,0,0,1,1,3,2,0,0,0,4,0,0,4,22,2,0,4,0,0,0,0,6,0,0,0,2,0,0,0,0,0,1,0,0,0,0,1,0,0,0,0,1,0,6,0,0,0,0,0,0,0,0,32,3,0,0,0,0,0,0,0,0,1,1,0,41,0,13,0,0,0,0,0,0,4,0,0,0,0,0,2,0,0,0,0,0,0,1,0,0,0,0,1,0,0,0,0,0,0,0,0,1,0,0,0,0,0,0,0,9,5,0,1,0,16,0,0,0,0,0,0,0,0,0,1,0,16,0,0,1,0,0,0,0,0,12,3,0,0,0,2,6,1,0,0,0,1,1,0,1,1,12,2,0,0,0,4,0,0,0,0,0,0,0,0,1,0,0,1,0,0,0,0,0,2,0,0,10,0,0,0,0,0,0,0,0,0,0,3,0,0,14,0,0,0,60,0,0,0,5,0,4,0,8,0,0,0,0,0,0,0,0,0,0,0,0,0,0,0,0,6,0,4,0,0,0,0,0,0,0,0,0,0,1,0,0,0,1,0,1,0,0,0,0,0,0,0,0,0,0,0,0,3,0,1,0,0,6,1,1,0,0,0,4,1,0,0,0,0,0,0,0,3,0,0,2,0,1,0,0,0,1,0,0,0,0,2,0,0,1,0,0,0,0,0,0,0,0,0,0,0,0,0,2,0,0,2,6,0,5,0,0,1,0,1,1,0,0,3,0,2,1,0,1,1,0,1,1,0,8,0,0,0,0,0,0,0,0,0,0,0,0,0,3,0,0,0,0,0,2,0,1,0,0,0,0,0
"ENSG00000236446.3",0,0,0,0,0,0,0,0,0,0,0,0,0,8,2,0,0,3,0,0,0,0,0,0,2,0,0,1,0,11,0,0,8,0,0,0,0,0,0,0,0,0,0,0,0,0,0,7,0,0,0,2,0,0,0,0,0,0,1,0,0,25,0,5,0,0,1,0,0,0,76,0,1,0,0,0,2,0,0,0,15,11,1,0,30,0,0,515,0,0,0,7,0,0,0,0,0,10,0,0,0,0,0,0,0,0,0,0,2,0,0,0,0,1,0,0,0,0,0,0,1,20,0,0,0,0,2,4,0,0,0,0,20,0,0,0,0,0,1,0,0,0,0,1,0,4,0,0,0,0,0,0,0,52,0,0,2,0,0,4,1,0,1,0,0,0,1,0,0,47,0,3,0,6,0,0,0,2,0,1,0,0,0,0,4,2,4,0,0,26,0,1,0,14,14,1,0,0,0,0,0,0,0,1,0,10,0,0,0,0,0,0,0,1,0,0,0,0,0,0,0,6,0,1,0,0,0,0,0,0,0,0,0,0,0,0,0,0,0,0,0,0,0,0,0,0,0,0,0,0,0,0,0,0,0,0,0,0,0,0,25,0,0,1,0,0,0,0,4,0,2,0,3,0,0,0,0,0,0,3,1,4,0,0,0,0,0,0,0,0,0,0,0,0,0,0,0,0,0,0,0,0,0,0,0,0,0,0,1,2,0,0,6,0,0,0,3,0,0,0,0,0,0,0,9,0,0,0,4,0,7,0,1,0,0,0,0,0,0,0,0,0,0,0,2,10,0,0,0,0,0,0,0,1,0,0,0,0,0,0,0,0,0,0,0,0,0,0,0,0,0,0,0,0,3,0,2,0,0,0,1,51,0,0,0,0,0,0,1,0,0,0,0,0,0,0,0,0,0,0,0,0,0,0,4,0,0,1,1,0,0,1,0,0,0,0,3,1,0,0,0,0,0,0
"ENSG00000236449.2",0,0,0,0,2,1,0,0,2,0,1,12,2,449,234,1,1,4,1,0,3,3,3,12,3,0,0,87,0,287,2,0,39,4,0,3,24,1,23,15,0,1,0,9,2,0,1,228,1,0,2,218,4,9,0,1,1,2,8,1,43,304,0,0,8,0,4,136,1,2,292,5,1,1,0,1,2,3,32,2,289,33,5,3,6,0,2,51,8,44,7,423,4,2,100,0,1,163,175,8,2,1,2,1,2,1,1,3,331,1,10,3,1,2,0,19,0,1,3,783,13,1,0,4,3,3,1,188,1,8,2,0,139,0,0,0,0,0,0,1,0,2,54,3,3,205,250,1,2,2,4,2,2,308,9,0,6,1,137,7,157,2,3,1,0,106,7,3,1,50,0,4,0,176,2,0,0,282,7,13,1,1,109,2,178,1,208,0,115,0,0,9,1,10,128,0,1,0,0,9,0,0,3,362,1,19,3,1,181,0,4,24,278,2,4,0,0,2,36,8,0,0,5,0,2,1,251,1,1,0,2,2,17,8,7,30,1,36,0,1,0,6,0,2,9,14,3,0,10,0,1,0,1,7,0,0,2,0,45,46,24,18,8,302,0,132,0,2,1,0,15,0,183,1,3,1,35,0,0,4,48,11,165,1,0,1,0,7,0,9,3,3,1,6,22,107,6,2,74,2,0,2,1,1,157,0,4,2,49,211,0,0,4,0,20,2,112,10,0,1,1,11,0,0,9,3,1,102,49,0,832,0,16,4,2,1,0,5,3,0,0,21,46,0,169,124,207,1,24,1,1,4,1,287,1,0,2,9,69,0,12,0,0,5,8,0,29,62,52,20,0,4,145,22,167,288,39,1,1,0,149,2,2,1,1,17,6,0,10,0,1,0,0,1,1,0,2,366,1,0,3,1,3,0,5,8,79,71,8,3,7,2,1,2,128,0,1,450,1,3,2,3,4,2
"ENSG00000236499.2",19,22,38,41,15,34,68,0,40,8,9,100,0,37,251,18,106,79,1,12,35,27,201,44,6,96,62,55,74,95,462,96,116,20,30,3,15,36,4,4,6,9,1,26,19,91,143,6,8,0,71,20,37,17,29,522,10,3,127,20,32,63,57,24,26,103,75,2,27,39,23,72,27,4,53,4,9,54,11,23,73,210,93,263,170,19,39,73,96,54,211,69,119,1306,17,10,0,4,5,3,8,11,92,79,31,2,45,11,66,9,116,5,20,32,0,26,2,0,148,210,17,31,1,334,99,8,6,2,27,42,42,2,138,28,67,11,138,9,36,32,8,98,25,2,41,237,195,148,41,2,21,16,69,66,17,16,10,112,16,35,24,15,65,24,15,4,214,177,23,1,19,116,3,43,79,17,133,223,245,0,9,30,22,53,1,84,3,302,25,94,60,3,14,73,2,73,37,211,27,8,5,12,99,62,6,103,0,92,53,75,69,84,83,4,21,1,21,0,19,145,1,36,0,49,13,8,32,54,21,5,258,19,81,12,30,109,19,17,9,26,16,112,4,23,75,29,12,116,381,4,26,147,31,856,5,131,20,30,2,139,39,22,221,25,7,45,43,5,59,8,81,3,1,12,21,19,131,6,8,153,65,0,11,9,1,7,3,88,17,147,7,46,102,547,18,72,95,26,3,8,174,26,123,5,41,12,2,32,439,6,3,74,192,256,6,3,6,13,23,81,1,102,11,155,477,206,3,34,0,19,57,35,56,27,3,2,200,11,0,40,3,47,12,186,129,9,2,39,37,2,17,101,21,176,3,20,4,171,65,118,23,29,41,23,12,97,37,17,4,63,16,182,8,51,32,64,21,6,1,122,34,83,158,24,18,98,8,26,16,37,109,2,8,51,45,0,143,29,11,3,124,5,90,3,187,13,53,88,7,8,40,52,145,4,242,26,32,3,13,12,3,0,3,12
"ENSG00000236501.6",0,0,57,3,3,11,58,7,0,2,1,0,10,22,3,0,0,13,9,1,1,1,6,1,27,14,3,9,37,18,5,2,1,6,1,37,2,1,3,16,0,2,9,17,4,0,2,0,0,2,0,14,0,3,20,10,0,2,3,3,5,17,19,1,1,15,3,3,4,3,33,2,1,0,1,0,45,0,5,2,38,12,3,0,2,5,1,9,42,1,1,2,11,9,0,0,0,68,7,1,1,3,2,4,0,0,2,0,5,0,1,0,0,1,3,11,2,5,7,18,18,18,1,0,1,0,1,6,0,5,1,1,8,12,3,2,2,0,129,9,0,1,4,2,0,5,70,1,0,0,0,2,5,5,0,10,23,0,1,3,8,4,7,1,1,18,18,4,6,1,2,0,15,12,1,0,2,12,4,6,0,7,16,3,1,0,9,5,8,22,2,10,28,2,18,6,0,16,6,43,2,36,1,2,0,29,2,63,2,6,2,1,3,5,1,1,3,29,3,4,1,3,0,3,2,1,1,5,2,19,1,9,0,37,6,19,0,2,2,2,1,1,42,2,145,8,10,2,61,2,0,2,0,12,0,1,0,0,12,0,2,0,0,3,2,4,2,0,55,0,2,0,0,0,3,0,0,0,11,5,18,11,5,0,1,0,0,0,1,0,1,3,1,14,2,8,3,0,34,2,0,24,2,1,13,0,11,1,0,0,30,0,37,0,3,1,8,24,4,1,31,0,2,1,0,4,0,14,8,1,11,0,3,6,3,2,3,7,32,2,0,18,14,2,7,2,8,3,4,0,1,3,3,2,0,1,9,1,1,4,41,14,4,4,0,2,6,2,0,2,0,3,4,12,13,0,19,10,4,6,0,26,0,2,0,13,0,1,12,0,1,2,0,1,0,3,44,4,1,0,0,3,1,5,15,4,1,11,1,2,3,0,0,1,9,0,11,35,7,0,1,2,30,0
"ENSG00000236511.2",0,0,0,0,0,0,0,0,0,0,185,2,3,0,0,0,0,0,0,0,0,0,0,0,0,0,0,0,0,0,6,0,0,0,1,0,6,0,1,0,0,0,0,203,0,0,0,0,0,0,0,2,1,111,247,0,1,224,0,0,0,0,0,0,0,28,0,0,2,0,2,1,0,0,0,0,1,0,20,0,2,0,0,0,0,0,0,50,1,0,0,0,0,0,50,0,65,0,1,0,0,0,0,0,0,0,0,0,0,0,0,0,0,0,3,0,2,25,0,2,0,1,0,0,0,0,0,1,0,0,0,0,0,0,0,0,0,0,1,0,0,0,0,0,0,0,0,0,0,0,0,0,0,0,0,0,0,0,1,0,0,0,0,0,0,0,0,0,0,0,1,0,0,2,0,0,0,0,0,0,0,0,0,0,90,0,0,0,0,0,0,0,0,0,0,0,0,0,0,0,0,0,0,0,0,0,1,0,0,0,0,0,0,0,0,0,79,0,1,0,0,0,0,0,0,0,0,1,0,0,0,0,0,200,21,0,0,0,0,0,0,0,80,0,2,0,0,0,0,0,0,2,0,0,0,0,0,0,69,0,0,0,0,2,1,0,0,0,0,0,0,0,0,0,0,0,0,0,112,0,0,38,0,0,0,2,0,0,0,0,0,0,0,0,3,0,0,19,0,0,0,0,1,0,0,0,0,0,0,36,0,0,0,0,2,0,84,0,0,0,0,0,0,0,0,0,1,0,0,0,25,0,0,1,2,0,0,0,630,0,1,0,0,0,0,0,0,0,0,0,1,0,0,41,4,1,0,0,0,0,0,0,63,0,0,0,0,0,0,0,0,1,0,4,0,0,0,0,0,0,0,0,0,0,0,0,0,0,0,0,0,0,0,0,0,0,0,6,0,0,0,0,0,0,0,0,0,1,0,0,0,0,0,0,0,4,0,6,0,0,0,1,0,0
"ENSG00000236516.1",0,0,0,0,0,0,0,0,0,0,0,0,0,1,3,0,0,0,0,0,0,0,0,0,2,0,0,3,0,0,1,0,0,0,0,0,1,0,0,0,0,0,2,0,0,0,0,0,0,0,0,8,0,35,0,0,0,0,0,0,0,0,0,1,0,0,0,0,0,1,36,0,0,0,0,0,1,0,1,7,25,68,0,0,0,0,0,0,1,0,0,0,31,0,0,0,0,0,9,0,0,0,0,0,0,0,0,0,55,0,0,0,0,0,0,0,1,0,0,0,1,3,0,0,0,0,0,2,0,0,1,0,4,0,0,0,0,0,0,1,0,0,12,0,0,22,0,0,0,0,0,0,0,0,0,0,0,0,0,0,0,0,0,0,1,1,40,0,0,4,0,0,1,3,0,0,0,0,1,0,0,0,0,0,0,0,3,0,0,26,0,0,0,7,2,0,0,1,0,0,0,0,0,24,0,14,0,0,0,0,0,0,0,38,0,1,0,0,5,0,0,0,0,0,1,0,0,0,0,0,0,0,0,0,0,0,0,0,0,0,0,0,0,0,0,0,0,0,0,0,0,0,0,0,0,0,0,0,0,33,17,0,0,6,0,0,1,0,0,0,0,0,41,0,0,0,0,0,0,0,0,0,0,0,0,0,0,0,0,0,0,0,0,0,0,45,19,0,0,0,0,0,1,0,0,0,0,0,3,10,0,0,2,0,0,0,1,2,0,0,0,0,0,3,0,0,0,0,0,0,5,0,0,0,0,0,0,0,0,0,0,0,0,2,12,0,0,0,0,0,0,0,0,25,0,0,0,0,0,0,17,0,0,0,0,0,0,0,0,0,0,0,0,2,1,0,8,0,0,0,0,1,0,0,0,0,0,2,0,0,0,0,0,0,0,0,3,8,0,0,0,0,0,0,0,0,0,0,0,0,0,0,0,0,0,0,0,0,0,0,0,0,0,0
"ENSG00000236519.1",3,0,2,1,5,2,7,1,5,13,4,4,8,11,17,1,2,4,8,0,4,0,7,0,6,2,2,6,0,6,4,2,1,3,0,5,1,1,3,2,4,3,3,0,0,0,1,0,0,1,2,3,2,6,6,11,1,15,1,1,2,1,4,1,0,6,1,3,0,3,12,4,1,0,5,1,12,3,9,8,7,9,15,5,3,4,4,0,1,1,2,0,3,4,0,1,6,5,3,1,2,3,3,3,0,6,3,1,49,8,2,1,0,1,2,0,11,6,6,7,0,5,6,12,1,0,7,3,2,5,2,0,7,1,1,1,2,0,13,0,0,10,2,1,4,3,4,14,3,6,1,2,7,3,0,4,0,1,6,5,3,2,4,3,3,3,3,21,0,3,3,2,7,12,1,2,3,9,6,4,0,3,7,4,3,3,7,0,1,4,3,7,4,5,1,10,2,10,0,5,0,5,4,12,2,2,1,4,2,4,2,6,3,0,0,0,6,0,0,3,1,0,0,0,1,1,5,7,1,5,5,9,1,3,1,4,0,0,0,1,0,2,3,0,11,4,7,1,3,5,0,0,0,3,0,1,0,7,9,5,10,2,5,14,1,0,4,0,18,0,2,0,11,1,2,10,7,0,2,2,4,15,8,0,2,8,0,2,3,1,0,0,3,8,2,17,14,4,8,15,11,2,38,0,5,1,0,2,5,2,8,19,3,3,1,3,10,7,2,0,2,3,1,16,5,10,1,3,1,1,2,5,2,4,7,2,15,0,1,1,2,6,1,10,6,0,3,2,5,1,2,8,2,18,1,1,11,6,4,12,0,0,0,24,5,1,0,11,3,0,2,8,3,6,26,4,7,2,3,0,2,4,11,1,0,2,4,2,7,1,18,2,0,5,4,1,11,15,3,0,4,5,0,0,6,1,5,4,0,0,2,3,2,0,2,1,2,5,18,0,1,2,6,0
"ENSG00000236527.1",4,0,4,1,2,0,1,0,1,3,0,1,0,47,38,0,2,6,3,0,1,0,1,2,1,0,1,7,1,0,5,8,0,0,2,1,51,0,5,3,5,5,6,0,1,0,0,50,0,0,0,0,2,0,0,0,0,0,1,1,1,6,0,6,1,1,0,0,6,2,4,1,9,0,2,0,1,1,5,3,20,6,4,3,3,0,1,15,0,0,2,10,12,0,0,0,0,15,110,1,0,1,7,0,0,3,0,0,5,4,1,1,0,0,0,21,2,3,0,0,0,1,0,1,2,0,0,1,1,1,1,0,29,1,4,0,0,0,9,1,0,3,3,1,1,90,3,16,1,5,1,0,0,2,0,1,2,2,33,0,29,0,1,1,5,0,1,1,0,22,7,10,1,5,2,0,0,2,1,1,0,0,9,2,0,0,0,0,0,2,2,2,8,12,0,6,0,1,0,6,0,2,3,48,0,5,0,2,5,0,0,0,4,0,1,4,0,1,0,4,0,1,1,13,0,1,1,0,8,1,1,6,2,1,1,23,0,4,0,0,1,1,2,1,19,2,1,3,1,7,0,0,0,2,1,4,1,7,9,8,10,9,6,8,0,1,1,0,5,0,13,0,3,1,0,0,8,0,2,1,0,1,1,3,0,0,0,0,2,1,2,0,1,4,0,1,22,0,0,13,3,3,1,0,80,0,1,0,55,2,1,0,4,3,0,1,0,4,3,6,4,4,3,0,1,1,1,0,48,0,0,0,5,3,1,1,1,6,0,1,0,1,3,4,3,6,2,10,0,1,0,0,1,1,1,0,13,5,2,2,0,2,1,17,8,0,1,6,0,6,0,3,0,0,4,1,0,0,0,0,0,0,1,3,0,5,3,3,13,3,0,2,1,1,1,0,4,0,0,1,0,1,0,0,0,2,1,1,0,0,1,2,0,0,1,1,10,0,1,0,0,0,2,1
"ENSG00000236651.1",0,0,0,0,1,0,5,0,0,2,0,0,1,0,1,0,0,0,0,0,0,0,0,0,6,0,0,0,0,0,0,0,0,0,3,0,1,0,0,1,0,1,12,0,0,0,0,0,0,0,0,0,0,0,0,0,0,0,0,0,0,7,0,0,0,0,0,0,0,0,2,0,0,0,0,0,0,0,12,1,0,0,0,0,0,0,0,6,1,0,0,1,0,0,0,0,0,8,36,0,0,0,3,0,0,1,1,0,3,30,0,0,0,0,0,0,0,4,1,1,6,6,0,0,0,0,0,3,0,0,0,0,2,0,0,0,0,0,0,1,0,0,0,0,0,0,2,0,0,0,0,0,0,3,0,0,0,0,0,0,0,0,0,0,0,0,4,2,0,0,2,0,9,0,0,0,0,1,0,0,0,0,0,0,0,0,0,0,1,0,0,4,0,0,2,0,0,0,2,0,0,0,0,1,0,4,0,0,0,0,1,0,30,6,1,0,0,0,0,0,0,3,0,0,0,0,0,0,0,0,0,0,0,2,0,4,0,0,0,0,0,0,0,0,0,9,1,0,0,0,0,5,0,1,0,0,0,0,2,4,0,1,0,47,0,0,0,0,0,0,0,0,0,0,0,0,19,0,0,0,2,20,0,0,0,0,0,0,2,0,0,0,0,2,0,30,2,0,0,2,0,0,0,0,21,0,0,0,0,3,0,0,0,1,1,1,1,0,2,0,0,0,1,0,0,0,0,1,49,0,1,0,0,1,0,0,0,0,2,3,0,0,1,0,0,1,36,0,0,0,0,5,0,1,0,0,0,0,0,1,2,0,2,0,2,0,9,0,0,0,0,2,4,4,3,2,0,0,0,2,6,2,0,0,0,0,0,4,0,0,0,1,0,0,0,0,1,23,0,0,0,2,0,0,0,0,0,19,0,0,0,0,0,0,0,0,0,0,2,0,0,6,8,0
"ENSG00000236671.9",0,0,6,0,7,2,0,1,0,13,48,2,63,2,1,0,0,1,1,2,0,0,1,0,0,0,0,0,3,1,6,2,1,1,0,0,0,0,0,1,0,1,2,1,0,0,0,3,0,4,2,4,1,11,0,0,49,5,0,0,0,2,0,0,0,9,0,1,0,0,2,4,0,1,0,0,2,0,27,1,9,0,1,0,2,0,0,10,9,0,4,0,0,0,2,0,1,2,15,0,0,0,0,5,1,3,1,0,30,0,2,1,6,0,1,1,14,0,3,33,0,0,0,0,3,1,1,0,1,2,0,0,0,1,1,1,3,0,0,0,1,24,4,0,1,1,1,0,3,0,1,0,0,1,1,0,0,13,15,0,0,0,0,0,0,1,2,6,0,0,1,0,0,48,0,1,1,2,14,23,0,1,23,1,12,1,3,0,0,2,0,9,0,0,0,10,0,0,0,1,0,0,4,0,0,5,3,0,0,2,1,0,0,1,2,0,0,1,0,0,0,0,0,2,2,0,2,3,1,0,8,0,2,1,0,4,1,0,0,0,0,2,1,1,4,33,0,9,0,0,0,3,0,2,0,0,0,0,14,3,2,0,3,20,1,0,1,1,0,0,1,0,2,0,1,5,17,0,0,2,0,59,0,0,0,6,0,0,0,0,0,0,10,0,37,24,12,8,1,1,1,0,6,0,1,1,0,1,1,38,1,6,0,3,0,4,135,11,2,0,0,0,1,13,0,1,1,0,1,1,0,0,1,2,0,0,1,0,29,10,0,1,1,2,0,0,0,0,6,0,1,94,1,24,2,2,6,0,7,10,0,0,0,3,1,0,0,1,0,0,0,7,0,3,0,1,0,3,0,0,1,0,2,0,1,1,8,0,0,0,1,0,1,2,1,1,1,87,5,1,1,1,1,0,0,2,4,0,0,1,0,0,0,0,0,2,0,4,1,3,0,0,1,1
"ENSG00000236719.5",0,0,0,0,0,0,1,0,0,0,0,1,0,5,2,0,1,1,3,0,0,0,1,0,17,0,0,3,0,0,0,1,0,905,0,0,2,0,5,0,0,0,0,0,1,0,0,0,0,0,0,4,0,2,1,0,0,0,0,0,0,2,0,0,1,0,0,1,1,2,0,0,1,0,0,0,0,0,4,2,22,0,0,0,1,0,0,5,0,0,1,16,1,0,0,0,0,0,0,1,0,0,1,0,0,1,8,0,4,1,1,0,1,0,0,8,2,13,1,13,2,47,0,0,3,0,52,23,0,3,1,0,3,0,1,0,0,0,0,2,0,0,0,0,0,0,0,0,0,0,0,0,3,1,0,0,0,0,1,3,6,0,18,0,0,4,0,1,5,6,3,0,3,1,1,0,2,15,0,0,0,0,0,1,1,0,0,0,0,2,0,0,0,6,0,0,0,2,0,2,2,2,0,5,0,16,0,0,0,0,0,2,0,0,0,0,0,0,2,2711,0,0,0,0,0,0,0,0,0,1,0,0,1,0,12,4,2,0,2,1,0,0,0,0,0,0,1,0,0,1,0,0,0,0,0,0,0,0,0,0,2,7,2,0,0,0,0,1,2,0,2,0,0,0,0,1,0,1,0,10,7,2,1,0,2,0,0,0,0,1,0,0,0,0,0,1,0,0,4,1,3,0,0,0,13,0,0,0,1,34,0,0,9,2,0,1,2,1,1,0,0,1,0,0,16,0,0,0,1,0,2,1,8,1,2,0,0,0,0,1,0,0,0,0,1,22,0,0,0,0,1,0,1,103,0,0,0,0,0,0,7,0,1,0,0,0,0,1,0,0,0,0,0,1,3,0,1,0,0,1,5,10,7,0,1,0,0,1,2,6,1,1,0,0,0,0,1,1,2,0,0,0,0,0,2,1,4,3,2,0,4,0,0,2,4,0,1,0,0,2,0,0,26,0
"ENSG00000236751.2",19,0,49,4,13,14,0,1,16,36,29,86,26,131,52,3,4,8,44,27,9,3,61,7,1,19,34,5,28,38,67,32,15,2,18,12,83,7,54,44,54,19,15,41,22,16,23,21,1,13,6,19,3,57,59,9,50,15,1,3,73,2,52,0,2,114,0,78,55,1,87,24,1,0,57,0,94,15,39,4,89,3,8,63,19,1,22,112,7,33,44,82,17,369,42,0,79,0,93,9,19,40,47,95,7,1,13,5,8,6,7,5,10,6,4,37,60,25,40,483,50,1,7,141,82,0,3,0,11,36,2,3,48,12,5,1,235,4,1,5,3,91,70,12,26,10,48,11,26,42,0,1,20,41,16,78,6,17,63,5,6,27,21,12,16,1,21,10,1,2,20,5,146,2,15,9,28,174,15,109,2,17,84,5,39,20,18,1,10,0,34,3,2,35,3,0,8,79,15,25,1,0,16,2,1,6,3,0,19,0,14,26,9,1,11,12,48,109,5,60,1,22,26,1,11,0,191,7,34,34,2,1,13,57,80,159,1,43,3,25,6,9,107,3,27,110,12,163,104,202,16,45,1,35,2,8,2,1,226,1,19,1,40,46,0,14,12,8,2,4,25,2,16,4,14,30,15,6,99,4,2,229,3,2,17,15,1,8,122,29,17,14,88,118,88,11,7,62,0,70,8,1,2,3,96,4,8,1,9,39,197,59,34,36,9,28,59,32,4,16,17,11,9,8,7,2,17,67,137,0,101,10,19,6,56,3,350,19,11,22,0,135,12,16,3,4,1,32,2,0,3,51,17,28,29,9,48,23,43,6,0,18,60,9,24,10,7,4,19,29,17,115,49,165,14,4,4,9,2,2,9,7,35,20,23,18,15,52,3,10,32,69,1,30,51,2,30,25,25,0,4,6,2,85,91,2,17,4,1,10,6,7,8,7,3,7,5,0,0,20,0,0,55,2
"ENSG00000236809.2",12,0,4,24,68,22,18,5,1,13,27,51,17,113,212,4,3,25,28,11,21,5,18,10,8,21,23,9,18,15,58,26,20,6,35,24,14,15,113,51,4,30,49,8,8,5,9,103,4,2,6,30,3,28,12,7,6,13,10,16,5,81,4,2,7,23,2,5,53,17,85,8,17,0,0,4,41,16,74,6,9,12,17,14,43,6,14,2,13,5,82,21,15,13,7,3,0,15,76,26,27,2,45,1,7,21,19,3,75,29,11,0,25,15,11,12,60,13,47,51,5,6,10,23,34,4,2,3,19,48,14,3,99,12,7,8,34,4,49,9,1,29,26,6,24,25,16,22,57,27,5,1,25,3,10,59,7,26,43,9,10,17,29,17,16,14,88,49,17,119,11,15,64,22,26,7,5,48,26,13,4,11,147,9,4,9,32,9,2,2,44,23,27,15,21,48,4,54,18,51,1,6,40,39,3,37,8,13,1,7,11,14,48,21,9,19,6,6,26,81,2,6,18,34,5,3,7,12,13,5,38,8,23,11,1,63,0,9,14,7,23,12,3,27,112,23,14,1,5,5,3,10,3,24,4,5,1,6,29,17,3,4,38,51,4,21,30,6,10,1,34,0,7,11,67,35,34,4,8,6,7,23,3,2,4,48,0,14,16,48,4,6,0,82,11,105,5,22,4,25,69,2,44,15,6,11,5,11,19,15,12,14,13,147,1,12,52,50,18,33,66,25,3,76,46,13,7,1,40,3,26,15,16,19,24,6,6,55,5,5,2,17,36,17,136,5,2,6,62,7,1,28,9,98,24,7,55,63,28,23,13,13,9,15,41,4,23,37,9,20,15,27,13,18,13,8,5,5,3,6,0,12,4,23,9,30,32,9,38,5,84,10,5,40,25,14,12,37,5,2,16,14,4,5,35,17,24,71,0,9,55,1,10,1,40,90,10,14,9,12,3,14,19,7
"ENSG00000236985.1",0,0,0,0,0,1,0,0,0,0,0,0,0,0,0,1,0,0,0,0,0,3,1,1,0,0,0,0,0,0,0,1,0,0,0,0,0,0,0,0,0,0,1,0,0,0,0,1,4,1,1,1,3,0,0,0,0,0,0,0,0,0,0,0,2,0,0,0,0,0,0,0,0,1,0,0,0,0,0,0,0,0,0,0,0,0,0,0,0,0,0,1,0,0,0,0,0,0,0,0,0,1,0,0,0,0,0,0,0,0,0,4,0,0,0,0,1,0,2,0,0,0,0,0,0,1,0,0,0,2,0,1,0,0,0,6,0,2,0,0,0,0,0,0,0,2,1,0,0,0,0,3,0,0,1,0,0,0,0,1,1,0,0,0,1,0,0,0,0,0,0,0,0,0,0,0,0,0,3,0,4,0,0,0,0,0,1,0,0,0,0,0,2,0,0,0,1,0,0,0,0,0,1,2,1,0,0,0,0,0,2,0,0,0,1,0,0,0,0,0,1,0,0,0,2,2,2,0,0,0,0,1,1,1,0,2,1,0,1,0,0,0,0,0,1,0,0,0,0,0,0,0,0,0,1,0,0,0,0,0,0,0,0,0,0,0,0,5,0,0,0,2,0,2,1,0,0,3,0,0,0,0,0,4,1,0,0,0,0,1,0,0,0,0,0,0,3,0,0,0,1,0,0,2,0,0,0,2,0,0,0,0,0,1,0,0,0,1,0,0,0,0,1,0,0,0,5,0,0,1,0,2,0,0,0,1,0,0,0,0,0,1,0,0,0,0,1,0,0,3,4,0,0,0,0,2,0,0,0,0,0,1,0,0,0,0,0,0,0,0,1,0,0,1,0,3,0,4,1,0,3,0,0,0,1,0,0,0,0,0,0,0,1,0,0,0,0,0,4,3,0,0,0,0,0,1,0,1,0,0,2,0,2,0,1,0,0,0,0,0,2,1,0,2
"ENSG00000237057.3",0,0,0,0,0,0,0,0,0,0,0,0,0,34,1,0,0,1,0,0,1,0,0,0,21,2,0,0,0,0,0,0,0,17,0,0,0,1,0,0,1,0,0,1,3,1,0,0,0,0,0,3,0,0,9,1,1,1,0,0,2,1,3,1,1,1,0,4,0,0,37,0,0,0,0,0,0,0,4,8,19,27,0,4,2,0,0,2,0,1,4,2,0,0,1,0,4,0,2,0,0,0,0,0,0,0,3,0,6,0,1,0,1,0,1,0,2,1,5,0,4,1,0,0,1,0,0,0,2,0,0,0,0,0,0,0,2,0,1,0,2,0,0,1,0,0,0,0,0,0,0,0,0,2,0,1,0,0,1,0,0,0,1,1,0,2,0,1,0,0,0,2,0,0,0,0,0,17,1,0,0,1,0,1,0,0,0,0,0,1,0,0,0,0,0,0,0,0,0,0,0,0,2,75,0,36,0,0,0,0,0,0,2,0,0,1,2,0,3,139,0,0,0,0,0,0,0,0,0,1,0,0,2,1,0,1,0,4,0,0,0,0,2,0,2,1,0,0,0,4,0,1,0,0,0,0,0,0,1,0,14,5,0,5,0,0,0,2,3,1,1,0,57,0,0,0,1,0,1,0,0,0,0,0,0,0,0,0,0,0,0,0,0,3,0,0,0,0,5,0,0,0,0,0,0,0,0,0,0,1,1,0,0,0,2,1,7,1,0,0,0,0,0,0,0,0,0,4,0,0,48,0,4,3,2,0,1,0,0,0,0,1,0,0,0,15,1,0,0,0,0,0,0,23,1,0,0,0,0,0,0,0,2,0,0,0,0,0,0,0,1,0,0,0,101,0,0,0,0,1,13,49,0,0,1,0,0,3,4,0,0,0,0,1,1,0,3,3,0,0,0,0,0,2,0,0,0,0,0,2,0,0,0,2,0,0,6,0,0,0,0,0,1,0
"ENSG00000237080.3",18,0,14,2,5,2,1,3,3,4,10,1,7,16,30,0,12,7,3,3,1,0,0,1,2,1,2,3,1,5,5,11,3,0,2,1,2,2,3,12,0,3,1,1,0,1,1,0,1,1,5,2,0,12,3,11,0,7,2,1,1,4,2,1,1,14,1,0,3,2,17,2,0,0,0,2,24,4,6,2,9,5,21,1,11,3,1,9,5,0,7,13,7,0,5,1,0,0,18,2,2,1,4,2,3,2,7,0,15,3,11,1,1,0,6,1,9,0,3,1,0,5,0,1,3,2,0,5,18,16,2,2,13,2,3,0,1,1,13,2,0,8,15,0,1,10,8,10,9,1,1,0,0,1,0,7,6,2,0,10,4,1,9,5,5,4,8,21,3,8,0,1,2,11,0,2,3,9,65,2,0,1,4,9,2,1,2,1,3,3,2,4,18,5,1,4,0,10,0,10,2,2,9,7,0,3,0,4,4,0,0,6,3,0,6,9,2,0,2,7,0,0,0,1,0,1,3,16,3,4,11,11,1,5,0,6,2,0,1,1,1,3,2,3,21,0,10,3,1,1,0,1,1,5,4,0,1,2,4,7,6,3,32,12,0,5,7,0,2,1,1,1,17,0,3,11,2,0,1,3,3,7,4,0,6,2,0,0,3,2,2,0,0,3,2,12,15,1,4,23,17,2,12,1,0,1,0,2,2,2,0,15,3,0,0,15,7,6,3,3,4,32,0,19,2,4,1,2,1,0,1,0,2,9,15,1,2,11,0,3,0,0,2,13,6,1,1,1,3,0,1,9,1,4,2,1,6,21,0,7,1,1,4,17,5,1,0,3,0,1,3,11,1,6,6,0,6,0,0,5,1,1,4,1,2,0,5,3,1,4,19,0,0,9,1,0,3,6,16,0,2,6,6,2,9,3,2,9,0,0,2,0,6,0,0,4,0,3,5,1,0,2,5,0
"ENSG00000237125.11",55,57,1746,63,214,48,0,10,20,81,67,8,3,25,1,395,40,1,1,111,169,160,97,132,1,38,0,24,0,20,10,70,41,153,36,15,28,48,6,22,0,149,3,2,497,15,23,50,242,41,26,54,288,1,0,2,46,2,20,3,1,0,0,112,69,0,16,1,46,22,136,166,13,93,10,327,20,77,1,21,7,2,4,70,7,4,31,0,130,0,128,5,1,2,2,110,36,20,10,104,60,204,54,5,68,99,2,231,172,0,155,537,477,71,11,8,51,0,1,7,1,4,21,5,50,103,154,0,27,220,155,255,1,63,17,343,5,195,1,6,185,97,128,587,328,20,17,14,18,26,180,281,2,2,249,0,0,178,8,86,6,0,4,127,20,118,21,10,7,20,0,3,4,31,58,13,30,8,424,0,110,40,5,47,11,63,263,67,12,0,18,186,6,70,0,2,308,0,5,13,3,1,208,15,290,1,18,23,192,6,277,68,5,2,263,233,0,5,54,3,107,11,0,6,317,167,10,0,5,7,0,10,161,10,1,6,229,12,0,30,359,80,4,42,15,12,0,10,12,1,40,1,155,12,214,64,260,83,1,8,102,36,7,1,343,74,49,333,11,96,42,139,3,158,163,0,12,84,0,30,20,1,2,129,3,25,176,122,1,58,549,70,56,4,16,10,25,7,7,283,152,1,603,685,0,65,0,46,106,0,28,26,1,72,53,122,3,56,481,38,44,38,263,0,97,10,342,7,9,155,2,50,128,8,2,389,4,9,1,2,211,1,76,15,0,49,1,0,0,203,255,87,40,10,12,300,6,10,1,0,5,25,74,16,55,21,1,5,20,21,0,42,1,0,14,12,5,266,13,5,0,7,7,47,256,1,77,61,2,3,51,0,225,10,6,32,25,13,603,135,2,0,228,0,52,4320,7,1,13,580,322,37,9,61,25,2,9,2,2,570,270,32,4,124
"ENSG00000237166.2",0,0,0,0,0,1,0,1,0,0,0,1,1,0,0,0,0,1,3,2,1,0,2,0,2,2,1,15,0,1,0,0,0,0,0,2,1,1,1,0,0,1,1,1,1,0,0,0,0,0,1,0,1,7,3,0,0,0,0,0,3,0,1,0,1,3,0,4,0,1,0,0,0,0,0,0,0,5,1,0,3,1,5,0,0,0,1,0,2,0,0,1,0,0,0,0,1,0,2,0,0,0,1,0,1,0,0,0,1,0,0,1,5,0,1,0,3,3,0,17,1,0,0,5,2,0,0,2,0,0,0,0,2,0,0,0,13,1,0,0,0,0,1,0,1,1,0,0,0,0,0,0,0,0,0,0,0,0,10,2,0,0,0,2,0,0,0,1,0,0,1,2,7,1,1,1,1,1,3,3,0,0,1,0,2,1,1455,1,0,0,1,1,0,0,0,0,0,0,0,10,0,0,0,0,0,1,0,0,0,0,3,0,0,0,0,0,4,4,1,0,0,0,1,0,0,0,6,0,1,4,0,1,0,3,0,0,0,1,1,1,3,1,0,2,7,2,0,0,0,11,1,1,0,2,0,0,0,0,0,1,2,1,0,1,0,7,0,0,0,0,2,0,0,0,2,1,0,0,2,1,2,1,0,0,6,0,0,0,2,1,0,5,0,1,1,0,0,0,0,0,0,0,3,0,2,0,0,4,1,1,9,6,0,3,7,0,0,0,2,3,1,0,0,2,1,1,1,2,1,0,3,0,0,2,19,0,2,4,2,1,0,1,10,0,9,0,0,3,2,0,0,0,1,1,2,1,1,2,0,2,2,0,4,1,0,0,0,0,0,2,0,8,0,0,4,7,0,0,0,8,4,0,0,0,0,0,1,1,0,0,1,4,0,3,1,0,13,3,7,0,0,1,19,18,0,0,3,0,2,1,0,0,0,0,0,0,0,0,0,0,0,1,5,0
"ENSG00000237222.4",3,0,0,0,2,3,1,0,2,2,0,1,1,39,23,2,0,2,3,0,1,0,1,1,0,0,0,0,0,3,1,2,0,2,0,3,10,2,1,1,0,0,3,1,0,2,13,0,0,0,0,7,0,4,1,2,1,0,1,0,1,1,1,0,0,0,0,1,0,1,2,2,0,0,1,0,3,0,1,1,14,2,5,5,1,0,2,12,21,3,2,9,4,13,0,0,0,1,2,0,0,0,0,0,0,0,0,0,13,0,1,0,1,2,0,0,0,0,2,13,1,0,3,5,2,0,0,0,0,7,0,1,22,0,0,1,3,0,7,0,0,9,5,0,0,3,2,0,2,2,0,0,3,7,12,6,0,1,0,1,3,1,44,0,0,1,5,2,0,0,1,2,35,0,0,4,0,4,6,2,0,1,7,0,25,1,0,0,0,0,1,0,2,3,17,4,0,29,0,2,0,0,0,29,0,1,17,7,6,0,3,2,6,0,0,1,1,0,0,0,0,0,1,0,0,0,1,1,3,2,1,0,2,1,3,0,0,0,0,3,0,0,5,0,1,2,0,10,20,2,0,0,0,0,0,0,0,2,3,0,0,1,7,0,0,4,1,1,4,0,5,2,0,3,0,1,1,1,0,2,1,1,2,1,0,0,0,3,7,3,2,1,0,9,2,2,1,4,15,11,0,0,1,0,2,0,0,0,4,1,0,3,4,1,0,1,0,3,2,5,2,2,0,0,2,1,0,1,2,0,2,1,1,0,2,1,7,5,1,2,2,17,0,0,0,0,1,0,1,1,0,1,0,1,0,0,1,8,0,1,2,1,5,2,7,0,2,0,0,0,1,1,1,0,1,0,5,3,6,1,0,0,11,0,1,3,0,2,0,0,8,1,0,0,1,0,2,4,0,0,1,1,0,0,2,0,2,1,0,2,0,2,0,0,0,0,0,2,1,0,0,0,8,3
"ENSG00000237223.6",58,0,1,1,3,1,0,3,6,1,0,0,0,3,22,1,2,6,0,62,7,1,3,2,4,4,0,0,0,9,11,11,23,1,4,2,3,0,0,0,0,7,0,1,6,0,2,10,0,19,0,3,3,11,0,1,3,14,0,0,0,17,13,3,7,2,0,0,49,1,14,2,2,1,0,0,56,0,1,10,24,24,2,12,18,0,13,4,0,16,12,6,4,9,0,0,0,0,5,1,2,0,2,0,0,1,5,0,8,0,8,4,3,0,10,3,23,0,20,9,1,1,37,15,6,0,0,0,44,22,6,0,14,5,15,0,0,0,45,0,3,13,5,0,5,11,0,3,9,0,2,1,0,7,1,21,4,4,4,16,3,0,48,4,1,5,25,14,11,17,1,8,1,0,7,1,28,7,1,7,0,0,7,1,0,1,0,0,2,0,0,0,5,6,4,4,2,38,0,0,0,0,3,2,0,40,85,0,6,2,2,0,9,7,6,1,0,0,0,13,0,0,5,0,0,0,1,26,15,0,84,0,8,0,2,3,0,0,1,38,4,21,0,6,23,5,0,0,21,1,0,0,0,15,0,0,0,10,6,2,3,1,9,3,0,5,18,0,1,0,2,1,36,0,6,6,7,0,0,12,1,3,0,0,1,1,0,3,29,8,0,0,7,26,0,1,24,0,4,17,1,1,1,0,1,0,0,0,0,4,0,3,1,20,4,0,0,5,0,4,0,2,0,17,33,1,1,0,2,0,1,3,4,0,0,2,4,10,0,0,0,0,5,3,8,1,0,6,1,0,2,6,5,4,0,1,35,5,27,23,19,1,9,45,0,0,0,11,0,4,1,9,3,1,3,0,0,0,0,1,1,1,31,0,1,0,5,3,4,0,19,1,1,9,19,5,2,9,2,2,10,0,8,0,7,4,20,4,0,0,2,0,35,9,7,0,1,0,13,0,0,0,6,0
"ENSG00000237233.2",0,0,0,1,0,1,1,1,0,0,0,1,2,4,1,4,1,1,0,0,2,9,0,0,1,0,0,0,0,0,0,0,1,1,0,4,1,1,0,0,0,0,0,0,0,0,0,1,4,0,0,2,3,0,1,0,3,0,0,0,0,0,0,1,0,0,1,0,3,0,1,0,0,0,0,1,1,1,2,2,0,0,0,2,0,0,1,0,2,0,0,0,0,0,0,3,0,0,0,0,0,2,0,4,2,0,0,3,2,0,1,11,1,0,0,0,1,1,0,0,0,0,0,0,0,1,3,0,0,1,1,5,2,0,1,2,0,2,0,0,1,0,1,6,1,1,1,0,2,1,1,1,0,0,2,0,0,3,2,1,0,0,0,1,0,3,3,1,0,0,0,0,1,0,0,1,2,1,4,1,5,1,0,1,1,1,0,3,0,0,0,2,6,1,0,0,1,0,0,1,1,0,3,1,3,0,0,2,0,0,2,0,0,0,1,3,0,0,0,2,0,0,0,0,0,2,0,2,1,0,0,0,3,0,0,2,3,0,0,1,1,0,0,0,0,0,1,1,1,1,0,0,1,0,3,0,1,0,0,1,2,2,2,2,9,0,0,3,0,3,0,3,1,2,0,0,0,0,0,1,0,0,0,0,1,1,1,1,1,0,3,0,0,1,2,0,3,1,0,2,1,0,2,5,1,0,0,1,0,1,0,0,0,0,1,0,4,4,1,0,0,0,0,0,0,0,2,0,1,2,2,3,0,1,1,1,0,1,0,0,0,1,1,0,0,1,0,0,0,2,0,0,4,0,1,4,2,1,0,0,0,0,0,0,3,0,0,0,1,0,0,0,0,1,0,1,0,0,1,0,0,2,0,3,1,0,0,1,0,0,0,0,0,0,0,0,0,1,3,0,0,0,1,0,1,5,1,9,1,1,4,0,0,0,1,0,1,4,0,1,1,1,1,4
"ENSG00000237265.6",1,0,0,0,0,0,0,0,0,1,0,5,0,703,1,0,1,24,0,0,0,0,3,2,65,0,0,6,0,742,0,2,224,683,130,1,674,0,0,0,0,3,0,0,0,1,0,94,0,1,1,357,0,0,0,0,0,0,32,0,1,667,0,3,1,0,1,0,0,0,312,1,0,0,0,1,0,0,5,61,652,369,0,0,189,0,2,409,0,0,0,10,1,13,0,0,0,171,1,0,0,0,0,0,0,0,1,0,724,0,0,0,1,1,0,5,2,1,0,15,0,249,0,0,9,0,33,52,0,0,0,0,152,2,0,0,0,0,3,4,0,1,5,0,0,0,7,1,0,1,0,0,0,540,0,0,1,0,0,127,25,1,0,0,1,66,0,0,0,10,0,32,0,1,0,0,2,34,1,0,0,0,750,2,1185,1,1782,0,4,347,1,29,1,235,512,1,0,0,0,0,0,0,0,46,0,114,0,1,95,0,0,2,0,2,28,0,0,0,0,5,0,1,0,0,0,0,0,1,0,0,0,2,0,0,2,677,0,0,0,2,0,1,0,0,0,0,0,0,0,0,0,0,0,0,0,0,0,0,1,0,816,1272,0,2,0,0,0,1,3,0,11,0,4,0,0,0,0,0,0,3,4,2,165,0,0,0,0,0,1,0,0,0,0,1,0,0,6,0,0,0,1,13,0,0,2,0,0,2,537,26,2,0,23,0,0,0,108,0,0,1,0,5,0,0,0,0,0,1,3,0,339,0,5,0,0,0,0,0,0,2,0,0,1,4,24,283,2,3,2,0,0,0,0,196,0,0,0,1,1,0,5,0,0,0,0,9,1,0,0,0,1,0,0,2,276,2,2,0,1,0,1031,667,551,0,0,591,0,0,1,0,0,0,0,0,2,0,727,0,0,0,0,0,0,0,47,0,6,0,3,0,1,2,1,0,11,0,79,1,0,0,0,1,0,0
"ENSG00000237289.10",19,0,169,2,2,1,111,0,0,29,3,1403,0,1,1200,4,0,82,0,0,0,0,0,3,2,7,37,7,0,8,2,46,1,0,119,1,1,0,1905,1747,0,84,1,0,1,0,5,0,2,0,0,8,0,5,0,0,1,3,0,0,0,4,0,0,0,44,0,1,0,0,1,0,0,0,0,1,100,4,179,33,3,9,5212,0,10,6,0,0,243,1,17,0,0,25,0,0,0,0,10,0,1,0,375,0,8,0,1,2,167,1,9,1,0,13,0,2,21,0,33,0,1,0,0,1,0,0,0,1,2,11,0,1,158,0,172,6,2,0,77,0,0,5,8,0,0,134,4,0,6,12,3,2,2,49,0,0,0,0,0,28,0,24,1208,0,16,2,3,13,0,0,0,1,0,9,7,0,0,50,723,0,0,1,4,6,0,0,11,0,0,0,0,3,391,36,3,1,1,0,0,195,0,4,11,2,0,64,0,0,4,0,1,18,0,0,5,1,0,0,15,0,0,0,32,0,0,0,2,1,7,0,187,0,0,0,0,1,1,0,0,1,10,0,0,0,29,32,0,16,3,0,0,0,0,0,0,35,1,1,0,111,10,1,1,4,0,1,0,1,1,1,1,2,28,1,0,3,15,1,0,2,0,0,0,2,0,1,0,0,59,0,3,1,2,0,75,117,3,0,1,9,0,3,70,2,54,0,0,0,1,0,0,0,2,95,1,27,4,9,30,10,0,181,0,20,1,127,2,0,1,1,0,1,0,30,0,0,0,0,7,195,0,0,3,121,5,0,0,9,10,0,25,328,1,26,0,0,4,26,42,1,9,5,1,16,0,1,0,58,0,0,1,1,0,10,18,3,0,4,0,1,0,1,5,2,3,0,6,80,2,0,73,0,0,9,2,0,9,21,28,1,1,0,0,0,2,2,0,0,0,68,2,2,0,1,0,2,3,9,24,2,0,0,0,2
"ENSG00000237380.7",0,0,0,0,6,2,1,3,1,0,1,0,4,13,0,0,4,1,6,0,2,0,5,0,22,7,1,0,46,4,6,0,0,0,0,20,1,0,0,8,4,0,9,2,1,7,0,5,1,3,0,9,0,3,19,6,2,1,2,0,1,17,7,9,0,4,0,1,0,3,6,3,0,0,0,0,0,3,7,0,60,16,0,2,1,9,2,4,51,0,7,1,8,0,0,0,0,33,4,0,1,0,39,1,1,7,2,0,78,0,0,0,0,1,1,1,0,3,9,16,3,9,3,1,1,0,0,0,1,2,3,0,15,12,0,0,2,0,1,2,0,22,0,0,3,4,7,0,11,0,1,0,2,3,0,7,10,0,0,1,13,13,4,0,15,15,17,0,3,0,0,0,13,9,2,2,34,7,0,0,0,17,22,0,3,0,0,4,7,30,2,28,14,5,10,22,0,8,3,6,1,38,0,1,0,1,1,0,0,2,4,2,1,17,5,1,1,0,17,1,0,0,2,10,0,0,0,3,11,22,0,6,4,30,3,4,0,1,1,0,1,1,22,0,8,8,6,6,31,0,0,2,0,0,0,0,3,16,20,1,0,0,30,5,0,1,9,0,59,0,0,0,3,0,1,0,28,0,4,1,3,3,0,0,3,0,0,1,0,37,2,0,0,12,0,3,0,1,0,4,0,7,42,0,5,1,4,0,0,0,22,0,3,2,4,1,3,36,5,20,43,0,0,1,0,3,0,7,16,0,11,5,2,2,0,0,0,6,12,1,0,1,33,0,9,4,2,5,46,0,1,0,0,4,0,0,15,0,1,0,46,28,1,0,0,1,6,1,0,8,2,1,2,4,3,0,24,0,2,6,1,10,2,2,1,3,30,0,0,1,1,4,0,0,0,0,50,152,1,0,0,5,0,1,10,4,0,5,3,4,0,0,3,1,1,1,5,107,12,9,0,1,14,5
"ENSG00000237390.1",4,0,1,0,0,0,1,0,0,0,9,21,6,3,10,0,0,3,19,0,0,0,1,0,0,0,0,1,2,0,2,0,1,3,1,2,14,0,33,20,0,1,0,10,2,5,2,0,0,1,1,1,0,38,5,2,5,6,0,0,36,0,41,0,1,0,0,4,0,2,14,0,0,0,0,0,2,1,1,2,103,5,0,2,0,0,0,8,2,1,1,5,0,1,23,0,19,2,20,0,1,1,2,1,0,6,0,0,8,1,2,0,0,0,4,3,3,2,2,33,3,0,1,16,1,1,0,2,7,4,0,0,4,0,16,0,37,0,7,0,1,1,1,0,1,12,2,0,2,0,0,0,2,0,0,40,0,0,13,0,3,22,1,0,2,3,0,1,1,1,0,0,25,3,8,1,18,24,0,51,0,5,2,1,2,1,2,0,0,1,3,0,2,2,2,2,0,40,0,2,1,2,0,4,0,1,0,0,3,0,0,2,1,0,1,0,33,11,1,1,0,0,0,0,1,0,15,1,3,2,4,4,1,13,14,14,0,14,0,1,3,1,12,0,4,1,1,1,14,97,1,0,0,2,0,0,1,2,22,2,3,0,1,0,0,2,1,2,2,0,0,1,1,0,1,1,2,2,32,1,0,13,1,0,40,1,0,0,1,0,0,3,3,10,6,1,3,16,3,0,2,0,3,0,0,0,2,4,1,21,138,4,9,0,121,2,1,1,1,0,1,1,0,8,0,2,0,25,6,0,83,0,0,1,22,0,23,16,16,2,1,27,1,2,2,0,1,6,0,0,0,2,0,3,3,1,0,2,0,5,0,0,84,3,2,0,1,0,7,0,0,14,3,99,1,0,3,2,0,2,1,1,0,3,1,1,41,0,0,0,14,17,0,0,0,0,3,0,30,0,0,1,1,12,0,0,1,0,0,0,1,0,0,1,1,0,1,1,3,0,0,2,19,0
"ENSG00000237400.1",0,0,0,0,0,0,0,0,31,3,0,0,0,0,0,0,0,0,0,4,0,35,0,0,1,0,0,2,0,0,0,0,0,1,0,0,2,0,0,0,0,0,0,0,17,0,1,0,13,0,1,0,0,0,0,0,0,0,0,0,0,0,0,0,0,0,0,0,0,0,0,0,0,5,0,0,0,0,0,0,0,1,0,0,0,0,0,0,0,0,0,0,0,0,0,21,0,3,0,0,1,0,0,0,0,0,0,15,0,0,0,3,0,0,0,0,0,0,0,0,0,0,0,0,0,0,3,0,0,0,1,36,0,0,0,2,0,1,0,0,1,0,0,3,0,0,0,0,0,0,17,0,3,0,0,0,3,1,0,0,0,0,0,0,0,0,1,0,0,0,0,0,0,0,0,0,0,0,8,0,1,0,0,0,0,0,3,0,0,0,0,0,0,0,15,0,5,0,0,0,1,0,0,0,3,0,0,1,1,1,0,0,0,0,0,0,0,0,0,0,1,3,0,0,0,0,0,0,0,0,0,0,0,0,0,0,2,0,0,0,0,0,0,0,0,0,0,0,2,0,0,1,4,0,2,0,1,0,0,0,24,4,0,0,0,0,0,38,6,7,0,69,0,7,0,0,0,49,0,0,5,0,1,0,1,0,1,0,0,0,1,0,0,0,0,0,0,0,6,0,0,0,0,2,0,0,0,1,0,0,0,2,0,0,0,0,0,0,0,0,0,0,79,0,0,1,1,0,0,1,0,0,0,0,0,7,0,0,0,0,0,0,0,1,0,0,0,0,0,3,1,0,0,0,0,5,0,0,0,0,0,0,1,0,0,2,0,0,0,0,0,0,0,0,0,0,5,0,1,167,2,1,1,0,0,0,0,0,0,0,0,0,1,0,0,0,4,0,1,4,1,0,0,0,1,0,0,0,4,0,0,1,6,0,0,0,0,0,0,2,3,1,0,0
"ENSG00000237412.7",4,0,0,0,1,0,0,0,0,1,8,0,3,0,0,0,2,1,0,0,113,0,796,0,0,0,8,0,0,0,1,9,0,0,0,10,11,8,1,0,0,0,0,0,1,0,12,0,0,0,0,0,0,2,0,2,0,0,0,0,0,0,0,0,4,0,0,0,0,9,0,9,0,0,0,0,1,0,4255,0,72,6,1,61,0,1,0,0,10,0,404,0,0,0,4,0,0,0,0,1,3,0,2,0,12,5,0,0,5,0,11,0,10,0,0,0,1,0,6,1,0,0,0,0,1,3,0,0,2,0,0,0,2,5,106,0,1,0,27,0,0,2,0,0,1,0,0,0,0,0,0,0,0,0,1,1,0,0,0,0,0,216,100,0,0,0,0,93,0,0,0,2,28,0,312,0,0,374,0,0,1,11,0,0,2,0,0,0,0,1,0,0,65,0,0,3,0,14,0,27,0,0,0,1,0,0,0,1,0,0,0,1,0,4,0,2,0,0,0,1,0,0,0,126,1,0,0,0,10,1,1605,0,1,3,0,0,0,0,0,2,397,7,0,121,2,0,0,15,0,1,0,0,1,0,0,4,0,75,22,0,0,0,1,6,0,1,43,0,0,0,0,1,0,0,10,3,166,0,1,70,0,0,0,1,1,0,0,5,0,5,0,1,0,0,1,0,2,0,0,16,57,2,0,0,2,1,0,0,0,1,0,0,3,211,3,1,0,0,5,0,148,3,0,2,1,9,0,1,0,0,1,0,1,0,0,1,0,7,3,1,0,0,1,6,1,0,0,0,0,1,1,0,0,0,1,0,1,120,0,0,158,0,0,0,0,1,0,0,1,0,4,0,51,713,0,0,0,0,1,1,0,0,1,175,0,2,0,2,1,0,4,0,0,0,0,0,4,2433,0,0,0,0,339,1,0,0,183,0,0,6,0,8,0,0,0,0,0,0,0,96,0,0,14,3
"ENSG00000237424.1",273,13,195,209,137,48,408,87,65,421,18,45,67,1188,417,40,225,143,116,81,88,24,72,76,210,34,100,211,42,564,568,334,346,80,165,52,180,52,101,137,32,89,45,11,39,264,66,123,11,148,29,226,59,62,46,321,9,62,463,76,16,1060,15,312,17,71,144,11,203,281,1759,192,55,14,250,65,249,95,78,94,123,497,632,127,210,42,53,17,67,127,139,280,91,731,3,23,1,538,498,80,102,33,150,51,53,25,153,34,676,164,47,64,42,113,82,164,403,50,574,53,8,321,146,145,257,10,23,265,99,274,74,20,577,163,179,33,34,44,773,59,29,365,293,23,158,560,269,118,121,126,11,98,662,303,76,74,66,168,103,315,343,34,166,102,40,171,267,168,185,441,253,316,86,498,35,60,176,93,405,24,20,40,40,254,41,271,276,88,191,260,95,602,221,594,191,393,33,194,6,104,85,350,120,897,30,291,124,113,159,255,51,86,403,35,383,290,28,14,225,334,25,230,201,66,22,30,31,266,37,55,377,151,108,55,45,177,49,24,114,148,29,173,47,13,141,240,126,18,52,112,185,137,36,240,43,82,30,81,20,1237,278,210,655,788,14,128,285,48,468,18,446,26,167,10,106,160,383,25,26,748,274,263,108,29,36,47,24,52,312,132,60,64,124,529,24,680,543,52,206,194,261,29,129,37,439,137,25,96,77,67,32,191,44,174,115,282,48,124,69,202,135,464,18,193,330,72,31,2,17,30,51,159,107,93,92,25,70,681,21,25,34,60,83,95,277,151,41,49,144,4,40,326,91,162,22,36,124,264,171,385,150,272,39,119,817,251,99,36,15,97,167,120,91,63,894,99,466,55,85,332,86,181,179,56,39,428,73,205,130,148,334,3,16,59,74,55,145,148,61,24,310,232,77,30,924,72,145,53,73,27,150,238,148,19,351,22,573,666,530,30,50,331,132,24
"ENSG00000237438.7",0,0,0,2,0,1,2,2,1,2,0,0,3,115,273,2,1,123,0,1,1,0,3,0,98,1,0,4,1,10,2,5,6,1,65,11,10,1,0,0,0,2,6,1,9,0,1,55,1,2,3,177,1,131,160,6,6,2,61,0,2,333,4,0,2,24,4,1,16,2,423,1,1,0,0,0,61,1,4,67,53,150,1,0,17,2,1,58,4,2,7,65,2,0,0,2,0,13,39,24,0,2,235,0,1,0,1,1,1816,80,1,11,0,35,4,3,3,1,191,432,0,2,14,6,28,0,0,100,0,434,0,0,423,2,0,3,0,2,0,0,0,1,7,1,6,145,2,48,0,0,0,4,0,159,6,1,0,2,6,67,44,0,1,1,1,94,71,235,5,122,0,4,2,1139,0,0,1,3,15,5,0,0,11,11,116,0,1,0,254,27,58,78,8,0,147,1,3,2,0,1,0,0,7,992,4,119,62,0,3,0,2,5,279,5,32,3,1,0,85,31,0,0,0,0,0,0,1,1,10,0,1,7,4,9,1,10,7,0,1,10,1,3,2,0,279,259,1,0,6,1,0,0,0,169,1,1,1,1,32,113,58,4,37,24,1,1,4,3,5,4,47,1,196,1,2,0,459,0,1,4,247,3,31,1,2,2,1,1,4,96,8,0,1,30,7,268,7,1,204,1,2,4,0,7,16,11,0,0,44,31,45,2,1,9,78,1,34,66,0,1,0,0,5,361,139,0,1,0,1,0,138,6,2,0,1,1,1,29,0,0,2,2,1,2,74,54,0,0,115,0,1,6,4,1,0,0,0,0,128,2,229,2,1,9,2,1,254,2,2,0,1,5,8,3,302,1,134,3,0,173,0,175,0,0,0,69,15,28,3,0,1,0,2,3,0,2,59,5,7,1,3,10,32,0,814,9,62,99,1,0,2,2,0,0,196,0,48,2,2,2,1,6,1,5
"ENSG00000237463.6",0,0,0,1,0,1,0,0,0,0,1,0,1,0,0,0,0,0,0,0,0,0,0,0,4,0,0,0,0,0,0,0,3,0,0,0,2,0,0,0,0,0,0,1,0,0,1,3,0,0,0,0,1,1,0,0,0,0,0,0,0,1,1,0,0,0,0,1,0,0,0,1,0,0,0,0,1,0,0,0,2,15,0,1,0,0,0,4,1,0,0,12,0,0,1,0,0,1,0,0,0,0,0,0,0,0,3,0,27,0,0,0,0,1,0,6,0,2,0,4,2,13,0,2,0,0,0,1,0,0,0,0,0,0,0,0,0,0,0,0,0,1,0,0,0,24,0,0,0,0,0,0,0,3,0,0,0,0,0,4,0,0,11,0,1,5,0,0,1,0,0,0,0,0,0,0,0,8,0,2,0,0,0,0,0,1,0,0,0,0,0,0,0,13,5,0,0,1,0,0,0,0,0,56,0,0,0,0,20,0,0,0,0,0,0,1,0,60,0,15,0,1,0,0,0,0,3,0,0,2,0,15,0,0,8,28,0,0,0,0,7,1,4,0,1,0,0,0,0,2,0,1,0,0,1,0,0,0,44,6,8,3,0,2,0,0,0,0,47,0,0,0,3,0,0,0,0,1,0,0,1,0,1,0,0,3,0,1,0,2,0,0,0,5,4,0,0,1,0,0,1,0,0,0,0,0,0,1,0,1,17,0,18,0,0,0,4,1,0,0,0,0,0,0,0,0,0,0,1,0,50,0,3,0,11,0,0,0,0,0,0,2,0,0,0,0,0,1,0,0,0,0,0,1,0,0,0,0,0,0,92,0,7,0,0,0,0,0,0,0,0,1,0,0,30,0,90,0,0,0,1,5,6,0,1,1,0,0,0,0,1,2,0,0,0,0,7,0,1,1,1,0,1,0,1,0,0,0,0,0,0,0,0,0,0,0,12,1,0,0,0,0,0,0
"ENSG00000237590.1",6,0,0,0,7,8,0,3,0,6,1,1,0,0,0,0,1,24,0,4,4,0,1,8,0,0,0,0,29,22,184,38,8,1,0,0,1,0,4,1,0,16,0,0,0,0,0,10,0,0,0,6,0,7,0,0,0,0,0,0,0,1,0,0,0,41,0,0,0,0,22,2,3,0,0,0,21,0,5,10,10,0,0,2,2,0,0,5,11,0,5,14,2,5,0,0,4,0,14,0,19,0,0,0,6,1,5,0,3,0,4,0,7,2,2,0,23,6,2,107,0,0,0,2,3,0,0,0,8,9,2,0,4,0,2,0,0,0,0,0,0,10,6,1,19,0,2,2,94,0,0,0,0,14,4,23,0,5,0,6,0,1,3,1,3,1,18,1,1,0,0,6,0,0,1,0,2,42,0,68,0,0,2,1,1,0,0,0,13,0,0,0,0,0,6,1,2,1,0,0,0,34,17,0,0,1,1,21,2,0,1,1,1,1,0,3,1,0,23,99,0,0,3,1,0,0,0,10,0,6,0,0,5,1,0,3,0,0,1,1,15,1,0,0,10,6,0,24,2,2,0,14,0,36,0,0,0,0,4,0,9,0,6,19,0,4,0,0,0,0,0,0,12,0,7,1,38,0,0,0,32,54,0,1,0,142,0,1,8,4,0,0,2,8,1,1,1,0,0,4,0,0,7,0,1,0,0,0,0,9,0,2,0,0,0,0,29,2,24,1,1,1,0,0,124,0,0,0,0,0,1,2,4,2,0,0,0,0,0,1,0,0,0,10,0,0,0,5,11,0,0,7,0,37,0,0,25,2,111,0,3,0,0,2,2,0,10,189,0,0,0,5,0,0,1,0,4,0,1,0,0,0,1,0,4,0,5,1,0,0,41,0,0,11,2,0,2,62,1,0,0,2,4,0,0,0,0,3,0,5,1,0,0,1,16,0,1,0,3,0,0,0,0,0
"ENSG00000237596.7",3,0,19,13,4,87,7,3,1,1,0,38,5,209,1506,0,7,226,16,6,6,14,11,67,23,11,0,221,6,1,11,5,59,8,53,128,12,37,0,6,5,18,1,7,6,13,327,79,0,353,1,121,6,7,446,55,78,0,1,42,155,409,24,6,26,82,14,13,23,77,258,184,206,5,1,6,47,322,0,3,335,153,7174,4,39,9,531,3,1054,1,6,72,2,4,1,0,7,0,2,1,45,3,100,9,2,4,11,2,69,0,4,7,157,38,10,75,81,0,1,58,4,54,338,0,277,5,1,14,7,16,105,4,1158,87,157,5,58,0,4,2,3,14,42,2,7,27,9,158,6,1,12,0,43,5,13,3070,107,46,9,387,2,0,375,4,15,57,41,89,107,5,13,70,122,616,8,0,130,52,12,13,1,53,57,1269,325,24,70,22,0,37,122,73,34,5,92,91,3,16,565,65,47,21,528,254,0,4,480,1,37,35,36,1,57,2,10,1,0,39,53,21,0,9,6,124,0,0,35,16,32,2,244,33,229,3,5,112,0,84,0,95,1,227,27,8,2219,1,1,1,6,175,0,102,6,2,1,6,1,2,10,127,33,88,71,134,5,38,29,2,39,5,147,2,24,3,1,12,6,1,193,0,35,17,2,2,84,17,1,4,16,89,21,7,2,12,4,10,71,197,2,3,41,3,3,1,0,3,0,75,4,31,621,22,129,19,21,345,2,0,863,32,1,8,4,24,382,0,7,6,0,1,5,5,25,1,4,3,33,2,0,811,3,7,44,53,69,0,0,13,440,2,7,59,15,8,2,10,2,27,92,8,3,1,224,446,1,57,85,14,9,4,18,24,23,3,121,14,58,7,1,58,0,6,119,57,18,0,1,3,0,40,15,5,1,0,7,13,151,0,89,2,0,77,6,1,419,2,945,1371,5,208,106,0,30,8,1,13,92,72,13,8,4,0,3,6
"ENSG00000237643.2",2,0,0,0,0,0,0,0,0,0,1,2,0,12,0,0,0,0,0,0,0,0,2,0,10,0,0,1,0,994,0,1,0,426,0,1,3,0,0,0,0,2,0,0,0,3,1,0,0,1,1,12,0,5,0,0,0,0,1,0,0,3,1,2,0,0,1,1,1,0,555,0,0,0,0,0,118,0,7,16,22,0,1,0,0,2,0,0,3,1,0,50,0,0,0,0,0,0,2,9,2,0,3,0,0,0,0,0,713,0,0,0,0,0,0,2,0,2,1,2,0,0,0,1,0,0,6,17,1,3,0,0,4,1,3,0,0,0,1,0,0,1,1360,1,0,127,1,0,2,1,0,0,1,6,0,0,0,0,1,24,3,0,3,1,1,1,0,3,0,1,2,0,0,0,0,1,1,39,1,0,0,3,7,0,3,0,0,0,0,4,0,0,3,30,32,0,0,3,0,0,2,0,1,8,0,3,0,0,1,0,0,1,4,1,3,0,0,0,5,1,0,0,1,0,1,1,0,0,16,0,3,2,4,0,23,0,0,0,0,0,0,0,3,0,19,0,0,3,0,0,0,0,0,0,0,0,0,0,0,56,2,9,1,1,0,0,0,0,0,0,2,0,273,0,0,1,0,0,0,5,0,3,3,0,1,0,0,0,4,13,0,0,0,0,0,31,3,0,3,1,0,1,4,0,49,0,1,2,2,1,0,2,8,0,0,1,14,2,1,0,0,0,0,3,16,0,0,0,0,0,0,0,1,0,1,0,0,352,0,4,0,2,5,5,0,1,0,0,194,2,2,12,3,41,0,0,1,0,11,0,0,0,4,3,0,0,3,0,1,0,0,1,97,0,1,0,2,0,0,6,1,3,0,2,0,0,1,0,0,0,0,0,0,0,0,1,2,2,0,0,0,1,0,0,1,0,8,0,0,1,0,0,0,1,1,0,1,1,1,1,0,0,0,0
"ENSG00000237649.8",356,7,142,119,1277,425,691,136,53,1123,125,1674,2013,4198,1721,75,232,1584,841,307,231,25,127,337,308,323,577,1827,150,650,893,788,763,107,82,640,479,165,1695,981,56,642,1308,48,62,149,63,671,27,84,557,1281,172,1897,532,417,42,1607,2239,1413,64,984,347,891,32,1775,211,91,3178,1311,1040,177,140,11,270,18,2091,289,2622,936,841,386,764,428,920,247,135,463,167,38,632,601,367,585,108,17,44,966,637,2048,290,45,2420,423,352,783,952,24,5972,839,434,72,92,662,481,226,2513,369,2134,2710,162,673,34,634,319,10,19,675,1480,941,189,35,2491,102,1053,24,234,29,2697,83,18,3328,584,89,278,3232,795,1011,1160,1044,38,39,990,421,103,958,226,683,583,569,561,217,739,860,1083,745,954,4164,1205,4277,110,273,660,7565,276,366,386,1257,757,393,27,423,383,847,399,188,584,67,273,2316,168,4067,1768,1962,189,1819,67,371,67,929,405,2972,948,2652,3,1494,76,2761,661,1385,125,954,1807,370,501,973,47,55,297,992,9,636,591,80,35,33,798,2873,107,338,1649,419,381,993,88,791,49,383,635,311,102,178,34,92,1146,633,294,234,272,341,62,672,92,1232,45,540,98,289,263,2278,2276,557,3827,2667,35,402,814,27,2300,52,1007,27,1761,23,118,1048,1209,23,182,1254,1386,1269,343,17,301,1145,31,278,365,364,164,173,244,158,413,1817,5824,438,121,219,1452,93,2832,42,599,101,47,243,512,1344,304,2617,1428,312,381,481,2849,1352,59,293,1664,1075,37,1994,522,842,52,283,191,29,1689,499,159,432,2322,43,915,2270,157,145,23,263,129,1749,2137,812,31,363,1229,13,122,1691,111,1167,241,41,1766,1417,1750,226,988,74,259,883,3343,141,319,1372,101,743,1202,609,270,658,3004,140,1062,13,164,1101,92,724,346,91,173,239,1748,355,476,585,1261,291,44,1561,334,447,789,1994,239,22,173,479,196,78,1819,134,794,1073,310,71,275,528,78,54,331,255,347,4573,1423,88,23,41,2500,30
"ENSG00000237650.2",0,0,0,5,25,5,1,0,0,2,0,0,0,500,0,0,2,12,0,7,0,0,209,0,0,0,0,11,0,0,50,17,37,0,0,1,2,1,0,0,0,56,1,0,0,0,187,11,0,1,0,1,0,0,0,0,0,0,0,0,0,0,0,0,3,3,0,0,0,0,38,190,49,0,0,0,0,0,0,0,1,1,0,7,6,203,6,0,71,212,278,0,2,0,0,0,0,0,0,1,1,0,4,0,6,1,0,0,0,6,0,0,186,0,1,0,48,0,0,0,0,0,9,0,37,0,0,1,0,16,0,6,24,22,3,0,0,0,0,0,0,32,32,0,12,19,1,15,9,0,0,0,0,12,1,0,2,6,0,1,0,2,229,0,16,0,32,421,0,0,0,36,0,0,1,0,52,0,1,0,0,104,0,0,0,0,9,0,0,0,0,0,104,5,3,0,0,5,0,732,0,0,1,0,0,1,5,0,81,0,1,0,78,0,26,5,0,0,2,0,0,7,3,178,0,0,0,16,22,0,448,0,1,0,0,0,0,0,0,2,29,110,0,1,116,0,0,0,0,0,0,55,0,44,0,0,0,32,0,1,9,0,6,1,0,5,38,1,0,0,23,0,6,1,23,1,1,0,0,0,0,2,0,1,0,9,0,23,3,56,0,0,11,0,10,0,2,0,9,68,0,60,156,0,0,0,0,14,1,0,0,5,0,33,6,75,0,1,54,9,17,26,1,3,23,0,0,0,1,0,0,2,47,0,0,0,0,1,0,4,1,0,3,30,0,0,0,6,10,0,0,0,0,0,0,0,113,258,1,0,0,0,0,36,0,0,0,3,0,56,0,0,0,0,1,0,0,0,0,1,0,1,0,45,0,0,0,0,0,0,7,0,0,0,1,2,1,4,0,0,1,0,1,0,0,0,0,5,1,45,1,0,1,1,0,0,0,0,1,0,0,1,1,1
"ENSG00000237664.1",0,0,7,0,10,2,0,0,0,6,2,0,2,10,0,0,7,0,0,1,0,0,1,1,1,0,1,0,3,0,1,0,1,0,0,0,0,0,1,0,0,17,0,1,1,0,0,0,0,1,0,0,0,0,0,0,0,8,0,0,0,2,1,0,0,0,0,0,1,0,14,0,2,0,0,0,0,2,2,2,0,0,0,1,0,0,0,0,4,1,16,0,0,0,0,0,0,0,0,2,0,1,155,0,0,0,0,0,4,0,0,0,0,0,3,0,5,3,0,1,0,0,0,0,0,0,1,0,4,10,0,0,2,0,0,0,1,1,14,0,0,19,2,0,2,0,0,1,2,1,0,0,2,1,0,1,0,0,0,1,1,6,0,3,17,0,0,23,0,0,0,1,1,26,0,0,0,0,4,0,0,1,0,3,0,0,0,2,0,0,0,0,0,0,0,0,1,2,0,7,0,0,0,0,0,0,0,2,1,0,2,0,5,0,0,0,1,1,2,0,0,0,0,0,0,0,2,0,0,0,2,0,0,1,0,1,0,1,0,0,1,0,1,1,2,2,0,0,3,3,1,0,0,1,0,1,1,0,2,1,0,0,11,11,0,0,22,1,1,0,0,0,0,0,0,1,0,0,0,1,1,6,0,0,1,0,0,1,8,0,0,0,6,0,0,0,8,0,1,18,8,2,0,0,0,0,0,1,0,0,3,3,0,4,3,3,0,7,0,0,0,6,0,4,2,0,0,2,0,0,0,0,0,0,5,0,1,0,1,0,0,0,0,24,0,0,0,0,2,0,0,1,1,0,0,0,5,15,2,5,0,0,2,4,1,0,0,3,0,0,1,0,0,1,3,0,0,0,0,0,1,0,0,0,0,0,4,0,0,1,3,1,0,0,0,1,1,3,0,0,0,0,1,0,7,1,0,0,1,3,0,0,0,0,1,0,0,0,2,0,1,0,0,0
"ENSG00000237686.7",115,1,14,4,32,2,51,70,0,319,4,37,128,167,205,1,5,35,9,20,1,2,15,0,3,2,2,7,16,26,123,91,21,2,20,10,4,2,3565,349,1,62,6,30,7,79,0,60,2,1,6,151,4,76,3,21,4,6,12,33,43,828,2,1,0,157,0,2,9,466,110,2,1,4,0,0,205,9,27,6,93,58,70,18,37,9,11,61,20,4,11,356,1,73,32,4,45,7,18,8,4,2,450,1,0,5,120,5,206,14,19,1,6,1,5,13,124,1,24,77,26,7,0,3,4,3,5,6,35,100,1,3,256,0,13,2,5,5,147,1,4,79,26,6,30,15,9,160,82,80,6,4,29,13,1,8,1,24,23,7,31,7,61,29,136,99,17,226,301,36,5,11,7,156,11,0,5,215,10,2,0,53,5,42,3,3,5,1,239,0,2,2,127,15,94,58,5,59,18,65,0,10,16,37,5,22,40,34,24,1,3,25,34,0,39,126,0,2,4,49,6,2,27,0,6,1,81,87,148,14,18,1,6,18,0,27,144,2,15,9,12,9,19,3,2066,125,25,18,164,2,4,48,0,25,1,89,2,5,29,3148,5,2,152,61,0,2,34,0,30,3,15,2,12,0,1,2,122,4,16,73,4,21,1,0,5,29,5,10,292,15,4,1,40,32,40,294,278,9,27,83,16,23,588,3,36,1,0,1,3,14,3,43,182,21,4,183,15,63,6,4,55,45,3,167,15,49,5,49,2,2,54,14,5,1,9,4,7,17,2,25,0,2,1,2832,413,4,0,149,139,1,5,110,1,118,4,1,394,126,127,56,510,5,1,95,40,0,20,67,1,4,8,9,60,130,37,0,32,2,11,1,0,84,2,2,0,100,15,35,0,3,80,5,1,30,8,2,51,52,12,3,2,0,36,0,13,1,49,154,0,8,1,6,0,1,0,1,36,26,79,8,1,0,135,7
"ENSG00000237689.1",0,0,0,0,0,0,2,0,0,1,0,0,1,1,0,0,0,2,4,0,0,0,0,0,1,0,0,1,0,1,0,2,0,8,0,1,4,0,0,1,0,0,0,0,2,0,2,0,0,0,0,1,0,0,0,3,0,0,0,0,0,16,0,0,0,0,0,0,3,1,0,2,0,0,0,0,0,0,0,0,4,9,0,0,2,0,1,1,0,2,0,4,0,4,0,0,0,1,1,0,2,0,0,0,0,0,0,1,1,0,0,0,2,2,1,2,0,0,1,18,1,8,10,1,1,0,0,0,0,0,0,0,14,0,0,0,0,0,0,0,0,0,0,1,0,1,0,0,0,0,0,0,1,11,6,3,1,3,1,1,9,0,0,0,0,4,1,0,0,0,0,1,3,15,0,1,4,2,1,0,0,0,1,2,0,1,0,0,3,0,0,0,0,7,4,0,2,2,7,0,4,21,0,83,0,15,5,0,1,3,3,1,0,0,0,0,1,0,1,7,0,3,0,0,0,0,0,3,0,0,0,1,2,0,0,1,0,0,0,9,1,4,0,0,0,0,10,0,2,9,1,0,0,0,0,2,0,0,0,0,1,3,1,0,0,0,0,0,12,0,6,0,1,0,4,0,2,0,0,0,15,2,5,0,2,0,1,0,0,0,0,2,0,9,0,22,0,0,1,0,0,0,0,1,4,1,0,1,0,0,0,0,1,0,0,0,0,0,1,0,0,0,0,0,11,1,0,0,2,0,3,2,0,1,3,0,2,0,0,1,0,1,0,0,0,0,0,0,0,0,0,0,0,0,0,0,0,0,0,0,5,1,2,0,0,5,1,0,0,2,0,1,0,0,15,0,48,0,0,8,2,1,4,0,0,10,0,0,1,0,0,1,0,0,0,0,7,0,1,0,0,0,0,2,0,0,6,0,0,0,2,0,0,5,23,0,23,0,0,0,0,0,2,0
"ENSG00000237849.1",0,0,0,2,0,0,0,0,0,0,0,36,0,7,7,0,0,9,0,0,0,0,0,0,7,3,1,1,5,10,1,0,2,0,5,0,2,0,27,97,0,1,19,1,0,0,0,3,0,0,0,0,0,14,0,0,0,1,0,0,0,6,1,0,0,0,0,1,0,0,22,0,7,0,0,0,0,0,3,12,3,3,0,0,0,0,0,1,0,0,0,4,8,0,0,0,1,10,8,1,0,0,0,0,0,0,1,0,34,21,1,0,4,0,0,9,0,1,1,10,1,1,0,0,0,0,0,10,0,9,0,0,12,0,0,0,0,0,4,0,0,0,0,0,0,0,8,0,0,0,0,0,1,12,1,16,2,0,15,0,2,0,0,1,0,5,7,1,0,16,0,0,0,25,0,0,3,6,0,15,0,0,9,0,0,0,0,0,2,4,0,0,0,1,1,10,1,1,0,0,5,1,0,26,0,4,0,0,0,2,0,4,1,11,38,0,0,2,2,22,0,1,0,1,0,0,8,7,0,0,1,2,0,0,0,5,0,0,6,7,0,0,0,0,0,0,13,0,0,1,0,0,0,1,0,0,0,0,5,3,3,0,3,9,0,0,0,0,11,0,1,0,5,0,0,0,1,0,0,1,56,2,0,0,0,0,0,0,1,0,0,0,0,3,0,34,0,12,1,0,2,0,4,0,0,0,0,0,1,9,0,0,1,0,0,19,5,1,0,2,0,0,0,0,4,0,0,0,0,0,14,0,1,0,0,0,0,0,0,0,0,7,1,0,8,2,1,0,3,0,0,21,0,17,0,0,0,0,16,0,16,0,2,0,0,0,0,0,0,1,0,0,0,2,4,0,13,0,0,38,0,0,2,0,0,0,0,1,2,0,0,0,0,0,0,1,8,3,0,0,0,0,0,0,0,0,3,17,0,0,0,0,0,0,15,0,1,0,14,0,0,2,0,0
"ENSG00000237880.2",0,0,8,0,0,0,6,0,0,0,0,23,0,16,91,0,0,4,0,0,0,0,0,0,3,0,0,18,0,48,0,0,12,2,0,0,16,0,0,14,0,0,0,0,0,0,0,7,0,0,0,42,0,13,0,0,1,0,0,0,0,7,0,1,0,0,0,0,0,0,41,0,0,0,0,0,0,0,5,15,28,47,0,0,4,0,0,1,0,0,0,12,4,0,0,0,0,0,21,6,0,0,0,0,0,0,0,0,28,0,0,0,0,0,0,3,0,0,5,14,0,2,0,0,0,0,0,2,0,16,0,0,30,0,0,0,0,0,3,5,0,0,13,0,0,0,89,0,0,0,0,0,0,26,0,0,0,0,41,17,2,0,0,0,0,3,1,0,0,40,0,44,0,4,0,0,0,46,0,3,0,0,6,0,27,0,33,0,0,6,0,0,0,33,16,0,0,0,0,0,0,0,0,8,0,36,0,0,12,0,0,0,12,2,31,0,1,0,3,10,0,1,0,0,0,0,1,7,0,0,0,5,0,0,0,5,0,0,16,37,0,0,0,0,0,0,1,0,1,0,0,0,0,0,0,0,0,0,3,54,43,3,0,42,0,0,0,0,1,0,7,0,14,0,1,0,2,0,0,12,1,11,0,1,0,0,0,0,0,1,0,0,0,0,0,1,7,0,0,0,0,0,1,0,18,0,0,0,2,0,0,0,75,0,0,47,8,0,0,0,0,0,0,1,3,0,0,0,0,0,14,0,0,1,0,0,0,0,0,0,0,0,0,0,7,16,1,0,20,0,0,25,0,47,0,0,0,1,51,0,2,0,0,0,0,0,0,1,0,1,0,5,4,0,21,0,1,1,0,0,10,38,14,0,0,0,0,0,5,0,0,0,0,0,0,0,0,41,0,0,0,0,0,0,48,0,0,12,1,0,2,1,0,0,0,0,4,4,0,0,0,0,0,0
"ENSG00000237978.6",91,0,42,8,0,7,149,4,6,1,3,65,1,400,365,3,2,161,0,11,1,2,41,23,58,7,55,15,173,377,116,13,13,22,95,7,51,1,209,140,76,3,16,6,18,2,33,34,4,3,6,129,4,453,0,41,5,3,129,0,0,40,1,8,7,3,6,12,9,86,340,47,6,5,2,0,189,19,233,61,136,77,3,3,82,34,27,65,4,69,2,20,137,210,0,0,8,47,208,62,0,9,4,3,3,6,4,0,333,2,2,2,5,126,1,27,17,10,263,469,9,72,1,51,42,0,3,45,4,271,37,1,185,7,8,3,5,1,142,17,1,8,133,11,5,165,118,8,13,2,1,4,1,215,3,0,184,2,70,110,14,0,0,14,2,50,101,80,2,250,124,44,2,140,5,8,58,855,7,5,0,154,26,31,86,1,56,3,15,76,2,1,25,67,26,35,8,10,0,13,0,0,16,119,2,719,11,4,61,16,3,32,186,93,78,1,24,4,83,135,0,140,15,48,3,4,21,9,13,12,13,23,1,10,7,121,1,0,26,77,4,14,0,0,9,259,16,0,3,10,6,4,2,107,1,3,3,63,172,243,75,13,82,195,1,6,2,2,29,4,124,1,459,1,22,0,421,1,1,182,218,334,100,3,2,3,1,1,210,28,2,2,6,122,4,347,348,5,2,2,3,108,184,0,86,4,3,9,108,90,215,1,39,1,0,5,144,4,2,118,6,4,0,5,18,1,2,10,10,1,198,0,27,3,234,3,12,70,1,3,1,16,8,2,123,82,11,46,112,1,6,163,13,455,18,3,1,2,10,203,88,6,21,76,2,1,12,179,0,90,3,142,101,114,238,3,106,3,3,200,9,58,23,8,8,126,5,72,112,1,6,5,1,6,3,8,38,943,28,2,52,2,14,1,10,15,94,214,11,1,11,52,7,4,5,1,43,14,12,2,0,7,1,5
"ENSG00000237988.5",55727,48,26,21705,4563,2229,4153,1499,9351,8065,7567,11157,28812,70338,1220,1436,4151,5523,4261,9534,7777,360,3702,8976,251,251,3661,6577,4271,5004,550,114222,16674,661,2949,18321,10947,12152,2918,6912,1535,13529,22827,1575,4232,4603,6441,15768,174,509,1116,13577,11105,17082,365,15673,9022,5494,2791,817,670,7830,547,2865,2144,195,13253,2309,9100,13196,4516,19553,15174,154,24,320,24760,4268,7389,28756,5047,2288,414,13695,6521,740,4888,634,594,2122,15582,2720,2921,1388,268,74,7260,1743,3516,11771,5417,395,37501,495,12800,390,8528,3004,1131,5900,6208,7500,1508,11530,3763,39,2772,678,3718,6678,354,1310,2568,1255,7850,83,1263,911,14477,22944,4686,577,12381,26752,22737,1330,196,156,692,340,993,13023,13372,4940,25033,14540,50376,1967,10364,3558,280,1446,6699,3141,3168,7883,34055,19532,7158,11926,4059,5067,36731,8426,1811,3339,59325,3931,2676,11307,228,6992,3473,637,11400,4067,52012,664,18084,19248,93,2386,23588,6615,133,1969,2579,1127,625,248,4816,1883,90143,13901,716,111,666,24069,4,19576,233,4662,4310,5731,119,663,1053,7583,7144,3516,11003,4140,5012,4237,5698,49241,1575,44,10841,45693,47,9122,1151,7822,1223,842,267,36284,18247,19157,3462,3787,8619,10894,34,11858,286,5180,29889,1273,6150,10464,210,1330,14373,4543,3705,7329,4527,4073,1333,2001,321,24229,1465,19721,1790,2055,927,5030,12792,1668,11559,2134,996,4445,20042,932,4130,768,23651,1020,4902,727,5773,4318,2169,159,1088,524,1341,12390,13805,435,115,4757,329,18832,9183,8698,22086,13397,12841,28884,14965,2689,2290,1226,162,41622,9564,2248,9462,366,6902,11609,14673,2860,6726,1219,94,801,86,5835,5740,5188,10459,9877,2796,14131,4809,120626,990,2990,23428,12830,7615,47,2443,261,1893,14262,40452,4350,2497,652,1530,57453,4054,2015,90,18078,18584,4826,2844,6103,26,3974,1377,416,335,18804,3548,3124,64,931,3457,6631,13767,1051,4440,3446,7182,1256,3870,484,2473,11164,590,10046,16014,10019,1880,1469,3385,972,445,2616,366,2902,3598,12953,1611,5983,23806,5377,8875,24786,8562,3525,16625,1307,2456,3834,7614,8609,694,947,5363,291,5426,2256,4715,23,5349,23,11199,6052,1468,1241,16901,1348,13012,2716,1265,643,922,991,6052,3835,95,150,2117,1213
"ENSG00000238021.6",0,0,0,3,6,3,2,0,1,0,1,0,0,0,4,0,0,2,1,0,6,0,22,2,1,0,0,56,0,6,0,4,0,0,10,0,2,2,1,8,0,0,0,1,1,1,2,1,0,0,2,2,0,0,0,5,0,1,3,3,2,2,36,8,1,1,5,1,0,10,3,6,2,0,0,0,20,2,0,1,0,0,2,3,9,1,1,1,1,6,3,0,0,4,0,0,0,0,1,8,0,0,3,1,13,0,20,0,3,1,0,0,2,2,4,2,23,2,0,0,0,0,1,1,2,0,0,1,4,1,0,0,4,2,1,0,0,1,1,2,0,1,4,0,6,2,8,0,0,5,1,0,3,0,4,0,0,0,2,8,0,1,1,1,0,2,9,2,36,24,6,5,7,1,0,0,26,1,1,3,0,15,3,4,0,0,89,3,0,66,17,0,2,0,1,1,1,1,0,13,0,21,0,0,0,0,0,13,0,1,17,17,0,1,0,0,0,0,1,2,0,11,0,2,1,0,5,1,1,0,2,7,5,0,0,1,1,0,2,2,5,5,4,11,0,6,4,0,5,1,0,0,0,7,0,1,0,1,0,2,18,18,1,0,0,11,1,2,8,0,1,0,0,0,22,0,0,0,1,5,0,2,5,0,2,0,0,8,2,2,3,5,4,0,3,0,3,2,0,2,8,0,2,0,0,3,0,6,1,0,0,1,0,5,5,67,0,0,2,5,0,0,0,0,1,2,1,1,0,0,1,1,3,0,5,0,18,1,0,0,0,0,1,1,4,2,2,0,2,0,0,1,2,0,3,0,0,2,0,1,5,4,3,1,0,1,0,0,0,6,9,0,2,1,5,1,12,0,3,38,3,6,3,5,0,2,1,111,2,10,4,3,0,3,0,1,0,0,2,0,3,0,8,0,3,1,0,0,4,2,4,0,0,0,1,0,1,0,1,0,0,0,4,0
"ENSG00000238062.6",13,0,6,2,17,5,5,1,1,5,0,1,2,12,7,0,1,1,1,5,3,1,0,0,0,7,5,0,3,21,2,80,0,1,1,10,4,2,3,3,0,2,14,0,1,4,0,0,0,3,2,28,0,10,2,2,0,4,2,0,0,4,1,0,0,13,0,2,5,1,38,3,2,0,2,0,47,3,21,15,16,1,23,3,4,0,0,0,3,2,18,0,5,20,1,0,3,1,28,1,0,0,70,1,1,1,2,2,100,38,1,1,0,2,2,3,5,1,35,5,0,6,0,6,2,0,0,3,1,26,1,2,10,0,3,0,1,0,10,0,0,13,6,0,9,17,2,9,16,3,1,2,1,0,3,5,2,30,0,0,4,3,8,4,5,1,14,14,0,33,1,2,1,4,0,0,1,10,12,4,0,1,3,2,0,2,10,0,4,2,2,5,5,10,3,20,2,33,0,8,0,1,10,7,1,26,2,1,2,5,0,34,16,8,3,11,2,0,1,5,0,0,3,4,1,1,1,7,6,1,9,0,1,1,0,14,0,1,1,3,1,0,2,1,5,5,6,1,1,1,0,17,1,10,2,2,2,1,0,11,2,1,1,40,1,15,5,2,11,0,4,1,67,1,9,11,10,1,0,7,4,10,0,1,0,16,0,0,46,4,0,1,9,10,0,27,4,0,1,3,1,1,46,1,6,14,2,2,5,7,4,31,0,2,31,7,10,14,3,1,15,7,0,3,1,1,2,0,1,0,2,2,0,2,18,0,1,100,0,2,1,0,4,3,4,1,0,7,4,0,1,17,1,14,3,2,18,3,23,21,7,0,1,4,38,2,2,77,0,3,0,1,7,2,15,1,5,1,2,0,2,4,4,2,0,5,2,5,20,1,57,1,0,8,2,7,13,26,6,1,2,1,6,0,0,14,3,32,0,1,1,5,0,0,0,26,6,12,3,0,0,0,3,0
"ENSG00000238087.3",0,0,0,0,0,0,0,0,0,0,0,0,0,42,4,0,0,8,4,0,0,0,1,0,0,1,0,0,0,0,0,0,0,0,0,0,4,0,0,0,0,0,0,0,0,0,1,0,2,2,0,2,0,3,0,0,0,0,0,0,8,0,0,0,0,0,0,0,0,1,7,28,0,0,0,0,0,0,0,7,4,0,0,0,0,0,0,16,15,0,0,82,0,0,0,0,0,4,0,0,0,0,0,2,0,0,0,0,6,0,1,0,0,0,0,0,0,0,0,8,8,6,4,0,1,1,0,0,0,0,0,0,25,0,0,0,0,0,0,0,0,0,8,0,1,2,0,0,0,0,1,0,0,0,1,0,147,0,2,12,0,3,6,0,0,0,0,0,0,0,0,0,2,2,0,0,0,0,0,0,0,0,0,0,11,1,0,0,0,0,0,0,0,9,6,0,0,0,0,0,0,0,0,11,0,0,1,0,1,0,0,0,3,0,0,0,2,0,6,1,0,0,0,0,0,0,15,2,0,2,0,0,1,0,0,76,0,0,0,0,92,0,0,0,0,0,0,6,0,7,0,0,0,0,0,0,0,0,0,0,0,0,0,0,0,0,4,0,0,0,4,1,0,0,0,0,0,0,10,0,1,15,0,1,2,0,0,1,0,0,0,0,0,1,0,0,0,2,0,0,0,0,0,0,0,0,1,0,0,0,8,0,0,0,0,0,21,0,0,0,0,0,0,0,0,1,0,7,0,0,3,0,1,0,0,0,0,0,0,0,0,1,0,0,9,0,0,0,0,0,0,0,1,0,0,0,0,57,0,0,6,0,2,0,0,0,0,0,0,0,0,3,0,11,0,1,0,0,0,0,0,0,0,0,0,3,0,0,0,0,0,0,0,0,0,0,0,0,0,0,0,0,0,2,0,0,0,0,0,1,1,0,0,0,0,0,0,0,0,1,0,0,2,0
"ENSG00000238107.1",0,0,0,0,0,0,0,0,0,0,0,0,0,17,0,0,0,23,0,0,1,0,0,0,0,0,1,0,0,1,0,4,0,0,9,0,0,2,0,0,0,1,0,3,0,0,0,0,0,0,0,2,0,0,18,0,0,0,26,1,3,9,0,0,0,0,0,44,5,0,0,2,0,0,0,0,2,0,0,49,86,3,1,1,0,1,1,96,2,0,17,18,0,0,1,0,0,0,0,7,0,0,0,0,0,0,11,0,17,0,1,0,0,0,0,0,0,0,1,15,8,0,0,0,4,0,0,0,0,7,0,0,72,0,1,0,0,0,0,0,0,0,0,0,0,0,0,0,0,0,0,0,35,12,0,0,2,14,11,16,0,1,35,0,2,4,0,0,0,14,19,0,1,3,0,0,0,0,1,132,0,0,40,0,0,0,0,0,2,20,0,0,0,0,1,0,0,0,0,0,1,4,0,24,0,0,0,0,0,0,0,1,0,3,0,1,3,0,0,2,0,3,0,0,0,0,13,2,10,3,0,0,11,37,1,68,1,1,0,1,0,9,0,0,0,0,0,8,0,0,0,0,0,0,0,0,0,0,198,0,2,0,6,0,0,0,0,0,30,0,0,0,1,0,1,0,0,0,0,0,1,1,0,0,0,0,0,0,0,10,0,0,0,0,5,2,1,2,0,0,0,0,0,0,0,0,0,0,0,0,0,0,0,8,2,3,103,0,0,0,0,3,0,6,5,0,0,0,18,0,3,0,0,0,0,0,3,0,0,0,0,30,1,0,44,0,0,0,2,0,0,1,0,1,0,0,0,0,1,0,0,0,1,3,1,1,0,0,0,0,1,0,0,0,29,0,131,0,0,0,0,0,1,0,0,0,0,5,1,1,0,0,0,1,1,0,135,0,0,0,0,0,0,1,0,0,5,0,0,0,0,0,0,0,0,0,12,4,14,0,0,2,6,0
"ENSG00000238117.1",0,0,0,0,6,13,0,0,0,3,0,0,0,13,0,0,0,0,0,0,1,0,0,0,0,0,0,26,0,0,5,11,0,0,2,2,2,1,0,0,1,1,0,3,0,0,15,31,0,146,0,24,0,0,0,0,0,0,0,0,0,0,0,0,0,0,0,0,0,0,10,1,4,0,0,0,0,1,2,0,33,0,0,0,0,0,0,1,0,0,3,139,0,14,0,0,0,0,4,0,0,0,1,0,0,0,0,0,2,0,0,0,0,0,0,0,0,0,0,753,1,0,166,0,16,0,0,0,0,0,0,0,0,0,0,0,0,0,0,0,0,0,5,0,0,0,0,10,0,1,3,0,0,0,3,0,3,0,0,0,1,4,0,0,6,0,1,1,0,1,0,10,6,10,2,0,0,120,0,0,0,0,9,0,0,4,2,0,0,0,0,0,0,0,13,0,0,4,0,0,0,0,0,0,0,0,147,0,0,0,0,90,11,0,1,0,0,0,2,0,0,0,0,0,0,0,0,0,1,5,36,0,0,0,0,39,0,0,0,0,0,1,0,0,0,20,0,2,0,0,0,0,0,0,0,0,0,0,347,0,4,0,1,0,0,1,0,1,0,0,53,0,0,0,0,0,9,0,0,0,0,85,0,1,0,0,0,0,0,0,0,0,0,0,0,0,0,0,0,0,0,0,0,0,19,0,0,0,1,0,0,0,0,22,0,0,1,1,0,0,0,0,0,0,3,1,0,0,8,0,0,0,2,0,0,0,0,0,3,13,0,0,0,12,0,0,0,1,0,0,0,0,0,0,0,0,2,0,0,16,0,2,23,27,1,0,0,0,0,2,0,0,18,0,89,0,0,0,1,0,0,4,1,3,0,0,2,41,0,0,0,0,0,0,1,0,1,0,0,0,0,0,0,1,0,0,7,1,0,1,1,0,0,0,2,0,72,0,4,0,0,0,1,2
"ENSG00000238120.1",4,0,0,1,2,1,0,0,0,7,2,0,1,45,46,2,8,0,0,9,2,1,70,1,0,1,4,1,2,9,2,34,1,4,3,3,1,0,0,1,0,38,0,0,4,6,2,0,0,2,0,37,7,0,0,109,0,0,1410,0,0,7,0,2,0,1,0,0,0,0,40,0,1,0,1,0,87,0,2,2,0,29,27,67,1,1,1,0,1,0,4,1,0,915,0,0,3,0,0,26,0,0,108,0,5,1,3,5,9,3,1,1,1,1,1,0,17,0,32,4,0,5,0,0,1,0,2,0,3,31,0,0,9,1,67,1,1,0,7,0,1,55,18,2,3,12,0,7,4,6,0,1,0,1,1,0,1,2,0,1,1,0,2,10,16,0,6,11,5,20,20,0,20,15,7,0,1,1,1,0,0,27,1,5,0,2,1,2,0,4,0,6,5,5,5,1,1,8,0,9,0,0,4,0,1,0,0,14,4,0,2,0,0,0,2,3,0,0,0,1,0,0,1,1,2,0,1,10,2,0,0,0,65,0,0,0,0,1,0,0,7,1,0,0,7,2,0,0,0,0,1,0,0,2,0,0,2,73,0,3,1,217,15,0,0,0,14,0,0,2,1,1,60,0,1,0,83,0,0,37,121,2,0,0,0,3,0,9,1,8,1,0,11,0,0,5,11,0,2,6,1,14,1,0,5,0,0,0,5,1,1,8,0,47,2,5,0,1,22,0,11,6,3,9,2,0,3,0,0,4,0,5,0,0,0,1,1,43,1,1,0,0,1,32,1,67,0,15,0,0,1,137,0,2,0,1,5,4,1,0,0,0,0,8,21,0,2,2,0,4,0,0,3,1,0,0,0,6,1,109,0,0,0,0,2,2,4,0,0,282,4,1,1,6,0,1,2,1,21,1,0,0,18,0,34,1,10,2,0,15,2,0,0,2,0,3,1,2,2,3,0,0,2,2
"ENSG00000238178.7",2,2,0,0,2,8,0,3,0,1,41,299,0,4,0,1,0,19,51,0,14,1,4,9,7,0,0,13,0,6,0,2,1,1,4,14,106,1,7,2,0,1,2,648,1,0,2,3,1,0,2,0,0,6,515,19,45,0,13,0,136,2,44,3,0,0,0,500,7,4,8,13,1,0,0,2,2,3,3,0,172,3,0,0,32,1,2,130,10,2,5,18,0,0,56,0,91,17,1,1,3,1,0,185,5,2,1,1,28,0,11,1,10,4,0,4,8,17,3,47,8,12,1,1,11,0,0,8,0,11,1,0,4,7,11,0,6,1,0,0,1,10,4,0,0,5,0,5,1,1,5,0,44,8,15,1,0,2,25,48,0,0,1,0,0,2,5,0,6,4,44,0,199,0,1,3,0,1,7,334,3,9,3,0,28,1,3,2,2,55,4,3,0,14,1,0,1,1,1,1,0,53,2,16,0,13,1,6,0,0,3,3,0,0,1,2,53,6,4,8,0,0,0,0,0,0,230,1,0,46,1,3,3,114,4,400,0,108,0,2,3,2,118,1,0,2,0,2,38,184,1,0,0,0,0,8,0,0,39,1,11,1,2,0,0,8,3,6,17,0,8,4,0,1,11,0,0,0,165,0,1,2,21,0,181,0,0,0,0,2,0,2,2,0,106,1,4,144,2,0,0,0,5,0,0,0,0,0,1,20,446,1,0,1,23,3,30,2,6,0,0,0,0,3,2,0,4,349,8,0,413,1,0,131,385,0,264,1,133,0,2,89,23,0,5,12,0,0,1,0,0,5,9,0,43,0,1,1,0,0,5,9,145,1,2,0,0,4,34,0,1,69,0,4,23,0,6,0,2,1,7,10,3,0,0,2,2,2,6,4,0,1106,0,10,2,1,25,0,65,0,0,4,0,67,48,3,2,0,0,5,1,0,2,1,4,8,3,8,0,1,1,0,117,0
"ENSG00000238222.3",0,0,0,0,0,0,0,0,0,0,2,0,0,1,90,0,1,5,0,0,0,0,76,0,49,1,0,3,0,112,0,0,25,8,0,1,46,0,0,0,0,2,0,1,2,0,1,44,1,0,0,175,0,16,0,0,1,0,138,0,1,171,0,0,0,0,0,0,0,0,177,0,4,0,0,0,1,1,64,3,39,71,0,0,0,0,0,3,0,0,2,2,0,0,0,0,2,3,76,0,0,1,0,0,0,0,0,0,0,0,1,0,0,11,0,3,1,101,4,32,0,0,0,1,0,0,0,31,3,0,0,0,2,0,1,0,1,0,0,0,0,0,1,3,0,224,0,0,1,3,0,0,2,1,2,1,0,1,1,62,11,0,0,0,0,88,1,0,0,11,0,1,1,0,0,0,0,7,0,0,0,0,100,1,204,2,84,0,0,1,3,8,1,7,103,1,0,0,0,0,49,0,1,110,0,74,0,1,0,0,0,1,0,2,1,0,0,0,47,0,0,0,0,0,0,1,1,2,0,0,0,4,0,0,3,0,0,0,0,0,0,2,0,0,0,0,0,0,1,1,0,0,0,0,0,0,1,0,0,0,50,103,1,1,0,0,1,1,1,0,8,0,52,3,0,0,0,0,0,0,1,0,1,0,0,0,2,0,0,0,0,0,0,0,0,1,1,0,2,2,1,0,0,0,13,0,0,2,7,189,63,1,8,1,5,237,89,0,0,7,0,0,0,0,2,0,0,1,2,0,159,0,31,1,1,1,0,2,0,0,0,0,1,0,107,24,0,0,0,0,0,13,0,65,0,1,1,0,0,0,0,1,0,0,0,0,0,0,0,0,0,0,0,84,0,1,0,2,0,0,19,7,6,0,3,0,1,0,1,0,1,1,0,0,0,0,1,0,0,0,0,0,1,0,1,1,0,49,1,0,0,0,1,0,5,0,1,2,0,0,0,0,0,0
"ENSG00000238232.1",4,0,0,1,0,0,0,0,0,0,0,0,47,0,0,0,0,0,16,0,0,1,0,0,0,0,0,0,0,0,0,0,1,0,0,3,32,0,0,0,0,0,0,5,0,0,0,5,0,0,0,0,0,4,0,1,1,0,0,0,4,0,1,0,0,0,0,1,0,0,60,0,0,0,0,0,0,0,6,0,0,0,0,1,0,0,0,1,5,2,1,17,0,0,14,0,3,0,1,0,0,0,0,0,0,2,0,0,0,0,0,0,3,2,0,2,0,0,0,6,1,0,1,0,0,0,0,0,0,0,0,1,26,0,0,0,0,0,0,0,0,0,0,1,0,0,3,0,0,0,0,0,3,0,0,0,0,0,5,1,0,0,0,0,0,0,0,0,0,0,0,0,1,14,0,0,0,11,0,1,0,0,3,0,58,0,0,0,0,0,0,0,0,0,0,0,0,0,1,0,1,1,0,0,0,33,0,0,0,0,0,0,0,0,0,0,1,0,0,0,2,0,0,0,0,0,14,0,0,1,0,0,0,2,73,20,0,9,0,0,0,0,2,0,0,3,0,0,0,5,0,0,0,1,0,0,0,0,1,0,0,0,0,8,0,0,0,0,0,0,0,0,0,0,0,0,0,0,9,0,0,2,0,0,20,0,0,0,0,0,0,0,0,0,7,0,0,5,0,0,0,0,0,0,0,0,0,0,0,14,7,0,0,0,17,0,4,0,1,0,0,0,0,0,2,0,0,135,4,0,175,0,0,0,15,0,14,0,0,16,0,8,0,0,0,0,0,1,0,0,0,0,2,0,0,0,0,0,0,0,0,0,2,0,0,1,0,0,2,0,0,1,2,29,0,0,0,0,0,0,0,0,0,0,0,0,0,0,0,0,0,4,0,0,0,0,119,2,5,1,0,0,2,0,0,0,0,0,0,3,0,0,0,0,0,0,0,5,0,0,0,0,2,0
"ENSG00000238250.1",0,1,0,0,0,0,0,0,0,14,0,0,1,0,0,0,0,0,0,0,0,2,2,1,0,0,0,0,0,0,1,0,0,0,0,0,0,0,0,0,0,1,0,0,1,0,1,0,4,0,0,0,3,0,0,0,0,1,0,0,0,0,0,2,1,0,0,0,0,0,0,1,0,0,0,0,1,0,0,0,0,0,0,0,0,0,0,0,0,0,0,0,0,0,0,1,0,0,0,0,0,3,3,0,0,2,0,0,0,0,0,2,3,0,0,0,1,0,0,0,0,0,0,0,0,1,0,0,0,1,0,0,0,0,0,2,0,2,0,0,1,0,0,0,1,0,0,0,0,1,0,3,0,0,0,0,0,0,0,0,0,0,0,1,0,1,0,0,0,0,0,0,0,0,0,0,0,0,0,0,1,0,0,0,1,0,0,0,0,0,0,3,0,0,0,0,0,0,0,0,0,0,2,0,0,0,0,0,2,0,1,0,0,0,2,3,0,0,0,0,0,0,0,0,1,0,0,0,0,0,0,0,1,0,0,0,0,1,0,0,0,1,0,0,0,0,0,0,0,0,0,0,0,0,1,2,1,0,0,0,1,1,2,0,4,0,0,0,0,1,0,2,0,0,0,0,0,2,0,0,0,0,0,1,0,0,0,1,0,0,2,0,0,0,0,0,0,0,0,4,1,0,0,1,0,0,0,0,0,0,0,0,0,1,0,0,0,0,0,0,0,0,0,0,0,0,2,0,1,0,0,1,0,0,0,1,0,0,0,0,1,0,0,1,0,0,0,1,0,1,1,1,0,0,0,2,1,0,0,0,0,0,0,0,5,0,0,0,0,0,0,0,0,0,0,0,0,0,0,0,0,0,0,1,0,0,0,0,0,0,1,0,1,0,0,0,0,0,3,0,0,0,0,0,0,2,0,0,0,0,1,0,0,0,0,0,0,0,0,4,1,0,0,3
"ENSG00000238260.1",8,0,24,2,8,4,2,2,10,24,9,6,5,26,12,2,6,9,4,0,7,2,1,3,7,3,13,3,0,21,12,15,11,4,4,1,9,4,3,5,0,6,3,1,1,5,10,1,0,3,4,8,4,16,9,30,6,4,10,3,7,12,5,10,4,5,5,6,5,11,53,18,0,1,14,1,12,16,9,19,26,29,46,7,13,8,1,5,20,6,10,21,5,12,3,0,9,2,18,2,3,5,5,2,4,8,6,2,46,12,2,15,6,14,3,4,13,6,10,32,1,18,1,27,15,0,2,17,1,24,4,0,24,5,5,0,4,0,16,2,0,8,10,1,12,8,17,16,9,10,2,5,8,8,3,28,5,7,22,24,10,3,13,8,3,6,18,13,4,5,3,6,7,15,0,1,9,9,23,4,0,1,6,18,7,6,4,6,5,12,1,20,10,26,1,19,1,11,4,1,3,7,7,16,3,36,2,7,7,9,7,21,12,4,8,6,6,3,19,11,0,10,2,3,4,0,2,14,0,7,11,26,6,9,6,5,1,4,6,5,0,9,5,3,24,11,21,8,22,16,3,2,0,24,1,10,1,10,10,18,13,4,14,24,1,11,24,3,6,0,5,5,61,0,9,7,5,0,6,16,9,10,9,0,0,9,0,9,7,10,6,2,5,11,1,40,5,3,24,34,8,7,18,7,8,7,1,18,18,7,12,10,11,7,19,19,5,20,7,2,1,20,1,19,19,11,2,9,5,1,16,4,3,2,23,4,9,2,4,10,3,8,8,24,4,3,0,4,12,0,1,34,4,9,1,1,8,30,6,25,2,1,15,43,24,10,18,8,4,6,7,11,1,10,44,3,7,0,3,6,2,3,10,1,6,6,12,8,3,3,10,2,1,11,12,2,8,7,12,0,9,7,11,3,43,11,5,15,4,3,17,3,11,0,3,0,5,15,16,1,3,4,26,2
"ENSG00000238269.9",0,0,0,0,0,0,0,0,3,2,1,0,2,166,132,0,1,0,2,2,0,1,0,0,4,0,2,11,0,1,0,0,74,354,2,0,2,1,1,1,3,0,2,0,64,3,0,4,0,0,0,1527,2,1,2,0,1,1,4,1,1,51,0,1,0,0,0,0,0,1,3746,0,1,0,0,0,3,2,115,1,2072,90,0,0,283,2,0,7090,1,0,0,2,1,0,3,1,0,4,1650,0,0,1,0,0,1,0,4,2,1138,2,0,0,0,0,0,1,0,26,2,51,0,1,0,1,0,0,10,55,2,4,1,0,33,1,0,0,5,0,8,0,0,0,25,0,0,0,6,3,3,9,0,0,2,46,1,0,1,1,1,12,10,1,0,3,4,39,1,2,2,41,1,1,2,6397,0,1,0,4266,0,0,0,0,1,4,49,0,0,0,3,12,3,5,0,18,13,1,0,0,0,0,0,0,0,6,0,7794,0,0,0,2,1,1,0,13,152,3,4,0,12,131,0,8,2,1,0,0,1,0,0,0,1,3,0,2,7,46,0,0,0,0,0,0,0,2,2,1,0,0,0,1,0,0,0,5,0,2,0,0,15,5,52,29,0,10,1,0,0,1,11,0,33,0,302,0,0,2,0,0,1,2,2,5,0,1,0,1,0,0,1,0,0,0,0,0,1,1416,57,0,0,0,1,3,0,0,8,0,0,1,352,914,0,4,17,0,1,1,13,3,0,2,0,4,2,0,67,1,0,0,8,0,2934,5,9,1,4,0,2,2,1,0,0,0,2,2,41,3,0,3,12,0,3,15,1,201,0,0,0,1,0,18,3,0,1,4,1,1,0,0,0,0,3,2,0,22,1703,0,178,0,0,1,767,1499,140,0,1,0,1,13,1,0,0,0,0,0,0,0,2,0,0,0,0,1,1,0,4,0,4,2,13,0,2,0,0,1,0,0,3036,17,1,0,0,2,1,0
"ENSG00000238284.2",0,1,0,0,0,0,0,0,0,0,0,1,0,32,3,0,0,10,0,12,1,0,2,0,4,0,0,8,0,3,1,0,1,0,8,0,29,0,0,0,0,0,0,132,0,0,0,0,0,0,0,1,0,11,97,0,2,0,24,0,3,0,0,2,0,0,0,6,0,0,4,0,2,0,0,0,0,0,0,0,70,0,0,0,4,0,0,105,0,0,5,1,1,0,4,0,0,28,1,0,0,0,0,7,0,0,0,0,39,0,0,0,0,0,0,6,0,3,0,6,50,1,0,0,0,1,2,1,0,1,0,0,1,0,0,0,39,0,0,3,0,0,3,0,1,7,1,0,0,0,2,0,0,18,0,0,5,0,18,18,0,0,0,0,0,4,1,0,0,5,3,4,0,6,0,0,0,6,0,56,0,0,0,1,92,0,1,0,10,17,0,0,0,0,0,0,0,0,0,0,0,0,0,16,0,5,2,0,0,1,0,0,0,5,0,1,0,0,3,0,0,1,0,0,0,0,281,0,0,0,0,4,0,35,5,21,1,3,0,19,0,0,68,0,0,0,0,0,0,0,0,0,0,0,0,0,0,0,85,0,33,36,0,2,0,0,0,1,23,0,0,0,0,0,2,0,3,0,95,0,45,5,0,1,0,0,0,0,0,0,0,0,0,0,1,0,2,26,0,0,0,0,0,0,13,0,0,0,14,5,40,0,0,0,23,8,25,0,0,10,0,0,0,0,0,0,0,93,2,0,103,0,0,4,1,0,0,0,0,0,1,0,0,0,0,6,3,0,1,0,0,0,0,34,0,1,0,0,0,0,2,0,0,0,0,0,3,2,0,0,0,15,0,0,52,0,0,0,0,4,7,0,4,0,0,1,0,16,1,0,0,0,0,0,0,0,3,1,68,0,0,0,0,1,0,1,0,1,2,0,0,1,0,0,0,0,3,0,0,0,0,0,0,0
"ENSG00000238840.1",4,0,0,18,0,2,1,0,0,0,5,2,0,40,104,0,0,10,1,2,0,0,5,0,0,0,0,2,0,1,0,7,20,0,7,0,5,1,2,3,0,0,0,6,1,4,0,5,0,0,2,0,0,2,0,16,0,0,0,0,0,1,9,0,0,1,0,0,17,3,2,8,0,0,0,1,13,0,1,10,23,3,4,1,3,0,2,23,4,0,1,17,0,0,0,0,0,0,2,1,2,0,0,0,0,0,0,0,1,0,20,0,1,1,1,0,1,4,1,100,15,35,0,0,2,0,0,0,1,1,3,0,79,0,11,0,0,0,0,0,0,1,17,0,0,52,2,0,0,0,0,0,0,0,2,2,1,5,3,0,1,0,13,2,0,0,8,0,0,0,0,11,31,0,0,0,2,0,9,0,0,0,19,0,0,1,3,0,3,2,1,0,0,60,0,0,0,11,0,2,19,1,0,0,1,4,1,0,0,6,14,0,5,0,0,0,0,0,7,84,0,0,0,0,0,0,17,193,0,9,0,1,1,18,0,4,0,0,7,1,0,9,0,0,0,3,13,0,2,20,0,0,0,0,0,11,0,0,10,1,4,0,1,1,0,0,5,1,0,0,6,0,6,0,0,0,0,0,1,0,0,1,1,0,0,0,0,2,0,2,2,0,0,4,0,0,0,1,0,1,0,0,0,0,1,0,0,1,34,1,0,1,3,2,69,1,10,1,2,3,0,0,0,20,3,0,0,8,0,0,147,0,7,0,35,1,2,7,1,1,0,15,5,0,0,0,0,0,0,0,0,1,9,1,3,1,1,6,3,2,3,0,32,0,2,0,0,0,0,3,1,18,0,4,0,0,1,0,0,0,1,1,0,0,0,3,0,0,14,1,0,0,0,3,0,0,6,0,1,0,1,0,0,15,33,0,57,72,0,0,28,0,1,0,0,0,0,3,0,1,0,0,101,0
"ENSG00000239148.1",0,0,0,32,0,0,0,0,0,0,0,2,0,29,140,0,0,14,1,0,1,0,9,1,0,0,0,0,0,0,0,1,36,0,2,0,2,0,2,2,0,0,0,1,2,1,0,1,0,0,1,0,0,3,0,25,2,0,0,0,0,2,6,0,0,0,0,2,18,1,0,13,0,0,0,0,0,0,0,14,6,1,0,2,1,1,1,30,1,0,0,20,0,6,0,0,0,0,0,1,0,0,0,3,0,0,0,0,0,0,16,0,1,0,0,0,0,1,0,104,2,44,0,0,2,0,0,0,0,0,1,0,38,0,13,0,0,0,1,0,0,0,21,0,0,58,1,0,0,0,0,0,0,0,2,0,0,0,5,0,1,0,13,0,0,0,10,0,0,0,0,9,25,0,0,1,1,0,0,2,0,0,19,1,0,0,0,0,4,1,0,0,0,18,0,0,0,3,0,1,17,0,0,0,0,1,0,0,0,4,26,0,3,5,0,0,1,0,1,86,0,0,0,0,0,0,13,158,0,15,0,0,0,15,0,10,0,0,5,0,0,13,0,0,0,0,9,0,2,8,0,0,0,0,0,2,0,0,17,0,9,0,1,0,0,0,1,0,0,0,4,0,0,0,1,0,0,0,0,0,0,1,0,0,0,0,0,3,0,5,0,0,0,3,2,0,0,1,0,0,0,0,0,0,0,1,0,0,18,0,0,0,2,2,63,0,1,0,0,3,0,1,0,0,8,0,0,5,2,0,118,0,12,0,31,0,0,4,0,0,0,13,0,0,0,0,0,0,0,0,0,0,2,0,2,0,0,2,0,0,1,0,33,0,0,0,1,0,0,0,1,24,0,1,0,0,0,0,0,0,0,0,0,0,0,3,0,1,14,0,0,0,0,9,0,0,1,0,0,0,0,0,0,10,15,0,55,47,0,0,20,0,0,0,0,0,0,3,0,0,0,0,163,0
"ENSG00000239377.1",2,0,5,0,3,1,0,0,0,4,1,7,5,2,9,0,0,3,4,2,5,1,2,4,1,3,1,7,1,3,21,4,3,5,0,1,4,0,1,12,4,4,9,5,1,1,1,0,1,1,4,2,0,4,1,6,0,2,2,0,2,0,1,1,3,9,1,1,5,11,6,3,0,1,0,0,7,1,5,1,9,13,1,2,7,7,0,2,3,1,3,4,2,3,2,0,1,0,10,0,1,0,3,4,0,4,2,2,15,3,0,1,0,1,0,1,14,5,5,2,1,4,0,2,0,0,0,2,7,3,2,0,12,1,1,0,7,0,7,0,1,10,2,0,2,9,0,1,0,14,0,0,4,4,1,2,0,0,3,2,1,0,5,0,3,5,1,4,0,0,1,1,4,1,0,2,1,4,7,4,0,1,3,9,2,0,3,0,3,6,0,0,3,4,1,5,1,0,0,2,3,3,7,7,0,0,2,5,0,2,1,0,1,4,6,7,1,4,1,2,0,1,0,2,0,0,2,7,0,5,6,3,1,4,1,7,0,0,2,4,2,0,2,5,6,6,0,1,0,10,1,0,0,5,1,2,0,0,3,4,6,1,15,9,0,2,1,0,6,0,0,1,2,0,5,2,0,0,1,4,2,1,1,0,5,0,0,0,1,0,2,0,1,4,9,7,4,3,5,5,10,0,5,0,3,1,0,1,2,5,2,5,4,1,2,7,2,4,3,2,3,9,1,13,3,2,0,4,1,0,5,1,1,4,7,0,5,3,0,0,0,2,0,5,0,4,0,1,0,0,0,7,0,2,2,0,5,5,6,0,0,0,1,6,6,4,2,1,1,0,2,4,1,0,1,1,0,0,2,5,1,1,1,0,1,3,0,4,0,3,9,2,0,0,1,5,2,7,2,1,2,0,2,0,3,3,4,7,0,1,6,0,2,1,2,1,1,6,2,0,0,0,4,0
"ENSG00000239440.6",0,0,0,0,0,0,14,0,0,0,0,0,0,5,1,0,0,0,0,0,0,0,30,0,0,0,0,1,0,0,0,0,2,1,0,0,2,0,0,0,0,0,0,0,0,0,0,0,0,0,0,4,0,8,0,2,0,0,1,0,0,21,0,0,0,0,0,0,0,0,11,1,0,0,0,0,0,0,0,21,16,12,0,0,0,0,0,1,0,10,0,1,0,0,0,0,0,0,0,1,0,0,0,0,0,0,0,0,0,0,0,0,0,0,0,0,0,0,10,98,0,0,0,83,0,0,2,0,0,1,1,1,68,0,1,0,0,1,42,1,0,2,2,0,0,0,1,0,0,0,0,0,0,0,0,0,0,4,0,1,0,0,0,0,0,0,0,0,0,28,0,1,1,0,0,0,0,9,0,0,0,0,0,0,0,0,0,0,0,29,0,0,0,3,0,0,0,7,0,0,0,0,0,13,0,2,0,0,0,0,0,0,49,0,0,0,4,0,0,0,0,0,0,0,0,0,0,47,0,0,0,0,0,0,3,0,0,0,14,0,0,8,0,0,1,0,0,0,0,1,0,2,0,0,0,2,0,0,0,0,1,5,0,3,0,0,0,0,0,0,1,0,2,0,0,0,0,0,0,3,0,0,0,2,1,0,0,0,0,0,0,0,0,1,1,0,0,0,0,0,0,1,1,0,0,0,0,0,4,28,0,0,0,0,0,0,7,0,0,0,0,0,0,0,2,0,0,0,0,0,7,0,3,0,0,0,0,0,0,0,0,4,0,0,0,0,0,0,0,0,0,0,0,117,0,5,0,0,0,0,5,0,3,1,0,1,1,0,0,1,0,2,0,1,30,0,0,0,0,0,1,0,0,0,0,4,0,0,0,0,0,0,0,0,0,0,0,0,0,0,0,0,0,0,2,0,6,0,0,0,0,0,1,1,0,0,4,0,0,0,0,0,1,0
"ENSG00000239572.3",0,0,0,0,0,0,0,0,0,0,1,3,0,285,3,0,0,7,0,0,0,0,0,0,1,1,0,1,0,3,0,0,1,0,0,0,23,0,0,0,0,0,0,0,0,0,0,0,0,0,0,10,0,5,0,0,0,0,1,0,0,8,0,0,0,0,0,0,0,0,155,0,0,0,0,0,0,0,2,80,19,30,1,0,8,0,0,5,1,0,0,61,27,0,0,0,0,5,0,0,0,0,0,0,0,0,0,0,365,0,0,0,0,0,0,2,0,0,0,54,0,2,0,0,1,0,0,0,0,7,3,0,25,0,0,0,0,0,0,0,0,0,22,0,0,0,0,0,0,0,0,0,0,7,0,0,0,1,2,0,0,0,2,0,0,20,0,0,0,3,0,2,1,253,0,0,0,18,1,36,0,0,0,1,0,0,0,0,0,1,0,38,0,0,2,0,0,0,0,0,0,0,0,299,0,5,0,0,2,0,0,2,0,6,2,0,0,0,5,9,1,0,0,0,0,0,0,25,0,0,0,0,1,0,0,3,0,0,1,1,0,1,0,0,1,0,4,0,0,0,0,0,0,1,0,0,0,0,18,0,9,1,0,7,0,0,0,0,14,0,13,0,1,0,0,0,7,0,0,4,7,8,0,0,0,1,0,0,0,0,2,0,0,1,0,1,2,0,0,0,0,0,55,0,5,0,0,1,0,2,0,0,0,0,1,1,177,1,1,1,0,3,0,0,1,0,0,0,9,0,9,0,0,0,0,0,0,1,0,0,0,0,0,0,0,1,0,2,2,2,0,0,0,12,0,0,0,0,0,0,4,0,0,2,0,0,0,0,0,0,0,0,0,0,126,0,12,3,0,1,8,2,1,0,0,0,0,3,3,0,0,0,0,0,0,0,3,0,0,0,0,0,1,0,0,0,2,1,0,0,0,0,0,0,1,0,5,3,1,0,0,0,0,0
"ENSG00000239589.7",0,0,0,0,0,0,0,0,0,0,0,0,1,273,301,0,0,0,0,0,0,0,0,5,3,0,0,10,0,22,0,0,6,0,0,0,113,0,2,0,0,0,0,0,0,0,0,8,0,0,0,188,0,9,0,0,0,0,0,0,0,0,0,2,0,0,0,0,0,0,460,0,0,0,0,0,0,0,5,79,13,44,0,0,2,0,0,41,0,0,0,100,1,0,0,0,0,19,3,0,0,0,0,0,0,0,0,0,1,0,0,0,0,0,0,0,0,0,0,49,0,0,0,0,0,0,0,12,0,2,1,0,325,0,0,0,0,0,0,0,0,0,63,0,0,7,0,0,0,0,0,2,0,43,0,0,0,0,5,0,5,0,0,0,0,48,2,0,0,98,0,0,0,1105,0,0,0,8,0,0,0,0,0,0,0,0,1,0,0,4,0,0,0,0,11,0,0,0,0,0,0,0,0,656,0,161,0,0,16,0,0,0,0,4,20,0,0,0,15,20,0,6,0,0,0,0,0,0,0,0,0,0,0,0,0,7,0,0,0,1,0,0,0,0,1,0,7,0,0,0,0,0,0,0,0,0,0,0,40,112,17,50,0,205,0,0,0,1,146,0,36,0,114,0,0,0,9,0,0,29,84,4,0,0,0,0,0,0,0,0,0,0,0,1,0,262,94,0,0,0,0,0,0,0,0,0,0,0,0,2,1,0,0,0,0,0,91,0,0,0,0,0,0,0,0,1,0,0,5,0,84,0,1,0,0,0,0,0,0,0,0,0,0,0,56,2,0,0,0,0,1,1,0,69,0,0,0,0,0,0,0,0,0,0,0,0,0,0,0,2,0,0,0,1,565,0,127,0,1,0,19,5,0,0,0,36,0,5,0,0,0,0,0,0,0,0,7,195,0,0,0,0,0,0,0,0,0,0,0,0,0,0,0,0,0,0,46,0,0,0,0,0,0,0
"ENSG00000239620.3",3,0,0,0,0,0,0,0,0,3,0,0,0,8,7,0,0,0,0,0,0,0,0,0,0,0,0,0,0,0,0,6,7,0,0,3,4,1,0,0,0,35,0,0,0,0,1,0,0,0,0,249,0,0,0,0,0,0,0,0,0,50,1,1,0,0,0,0,0,0,37,0,1,0,0,0,0,0,0,64,506,2,0,0,0,0,0,0,0,0,0,0,0,0,0,0,0,0,0,1,0,0,0,0,0,2,0,0,1013,0,0,0,0,6,0,1,0,0,1,20,0,6,0,0,0,0,0,0,9,6,0,0,5,0,0,0,0,0,0,0,0,0,7,0,0,10,0,0,0,5,0,0,0,1,0,0,0,0,0,3,11,4,2,0,0,3,1,1,0,1,0,0,0,0,0,0,0,1,1,0,0,2,1,3,0,0,0,0,0,0,0,1,1,7,1,0,0,0,0,0,0,0,0,3,0,1,0,0,0,0,0,0,4,1,0,0,0,0,0,1,0,1,0,0,0,0,0,0,3,0,0,0,0,1,0,0,0,0,0,0,0,3,0,1,0,2,0,2,1,0,0,0,0,21,0,0,0,0,0,3,0,5,0,1,0,0,0,0,1,0,0,0,7,0,0,0,5,0,0,3,1,0,0,0,0,0,0,0,0,2,0,1,0,0,0,721,2,0,1,1,1,0,0,0,12,0,0,4,1,0,0,0,0,0,21,61,5,0,0,0,0,0,0,0,0,0,0,0,0,0,2,0,1,0,1,0,0,0,0,0,0,0,0,3,1,4,0,0,5,0,0,0,0,7,0,0,1,0,1,1,4,0,0,0,0,0,0,0,0,0,0,0,2,0,2,0,0,0,0,1,0,2,0,0,0,0,0,1,0,0,0,0,0,0,0,0,1,0,0,0,0,0,0,0,2,0,0,0,0,0,0,0,1,0,2,0,0,0,0,0,0,0,0,0
"ENSG00000239810.3",0,0,0,0,0,3,0,3,0,0,0,0,0,2,0,0,0,19,0,1,1,0,6,39,8,0,2,11,0,0,1,0,9,0,3,1,0,0,0,0,0,1,0,0,1,0,0,4,1,0,1,6,2,0,0,2,0,0,0,0,0,1,0,1,65,0,2,0,126,3,2,6,3,0,12,0,0,1,0,0,1,2,2,4,3,0,0,0,4,0,0,27,0,0,4,0,0,0,0,0,3,0,0,0,0,0,0,0,0,0,0,0,16,0,0,332,0,0,0,0,1,3,3,0,0,0,0,0,0,0,18,0,0,1,0,0,0,0,0,0,0,1,0,1,0,0,0,1,0,0,0,0,1,16,1,0,0,2,0,2,19,1,6,0,0,1,0,0,0,0,3,4,0,3,0,0,1,0,0,1,0,0,1,0,1,0,0,0,8,1,0,0,0,3,1,0,0,0,2,0,1,5,0,1,0,8,2,4,9,14,1,52,0,20,0,0,0,0,0,2,0,22,0,10,0,0,1,0,0,0,0,2,0,0,1,0,0,0,0,5,1,7,1,0,1,0,0,0,0,2,0,0,0,0,0,7,1,0,0,0,56,6,0,0,1,0,0,0,39,0,0,0,0,0,24,0,0,0,0,4,3,0,2,0,0,0,0,0,0,1,0,8,0,0,4,0,1,0,29,0,0,0,0,0,0,0,0,6,0,1,0,0,1,0,1,3,0,0,0,4,0,0,0,0,2,1,0,0,0,0,1,0,1,1,0,0,0,0,0,0,0,0,9,0,1,0,0,0,0,0,0,0,6,0,0,0,0,0,0,2,32,1,0,0,0,0,0,0,0,5,35,0,0,0,17,4,154,1,0,0,7,21,10,6,0,0,0,0,0,5,0,0,0,0,0,0,42,0,0,0,0,8,0,0,0,0,0,0,6,0,3,8,0,2,3,2,24,0,0,0,0,0,0,4
"ENSG00000239839.7",0,0,1,0,1,1,0,1,1,6,3,0,9,11,4,0,0,0,0,1,0,4,0,0,0,0,0,0,0,0,0,1,0,3,0,0,0,3,1,0,0,0,2,0,30,0,0,4,15,0,0,3,6,0,0,0,1,1,1,0,0,0,0,5,0,1,0,0,0,0,3,1,1,1,4,0,0,0,0,0,0,0,0,0,0,0,0,0,2,0,0,0,0,0,0,1,3,0,33,0,3,0,2,0,0,0,0,1,2,3,0,5,0,2,0,0,1,0,0,2,0,0,1,3,1,2,0,0,4,0,0,1,1,2,0,18,0,0,0,0,0,0,3,2,2,0,4,0,0,0,3,10,1,0,4,0,0,0,0,0,0,0,0,0,2,3,1,0,0,0,0,0,0,4,2,0,1,0,0,0,0,0,0,0,1,0,1,0,0,1,8,0,0,0,0,0,0,0,0,1,0,2,0,0,8,0,383,0,1,0,0,0,0,0,0,0,0,0,0,0,0,0,0,0,0,1,0,0,0,0,0,0,0,0,6,0,0,0,0,0,1,0,0,0,8,0,0,0,0,0,0,0,1,1,9,1,0,0,0,0,0,0,0,0,4,1,0,8,0,3,2,7,0,2,0,0,2,13,0,1,0,0,0,4,0,0,9,4,0,0,0,0,1,0,0,0,3,0,3,0,1,0,0,13,1,1,0,0,0,0,0,0,0,0,0,1,0,30,0,1,1,1,0,1,0,0,9,0,1,14,0,4,0,0,0,3,0,0,47,0,3,0,0,0,1,0,0,0,0,5,37,1,16,0,0,5,0,0,0,0,0,0,1,1,3,0,0,1,3,0,0,0,0,1,0,2,1,9,0,0,1,0,1,0,0,1,2,0,0,0,0,0,5,2,2,1,0,1,1,7,0,0,0,0,6,4,1,0,0,3,4,3,0,0,1,0,0,0,0,11,3,2,0,26
"ENSG00000239881.1",1,0,6,0,0,3,3,1,0,0,1,0,1,3,1,0,1,0,0,3,1,0,0,1,1,2,4,0,2,1,17,0,0,0,2,0,0,1,13,2,1,1,2,0,0,28,0,1,0,0,1,0,2,6,0,0,0,7,0,3,0,1,0,0,1,3,0,0,0,6,3,1,0,0,0,0,4,31,4,0,1,0,0,5,0,0,2,0,0,7,1,0,1,30,0,0,2,14,7,1,0,0,0,1,0,0,0,0,9,1,6,0,0,0,0,0,6,2,0,0,1,0,1,1,11,0,0,1,4,0,2,0,3,0,0,0,1,0,22,0,0,7,0,1,0,0,13,1,5,0,0,2,0,1,0,0,1,3,0,0,0,0,0,5,0,0,4,0,6,13,0,0,0,0,5,2,2,1,0,0,0,2,0,0,0,1,0,0,0,0,0,0,9,0,1,11,0,0,0,0,0,2,3,0,0,1,0,0,0,0,1,6,2,1,2,0,0,0,0,0,0,0,6,0,0,0,0,1,2,2,6,0,1,0,0,0,0,0,2,7,2,1,1,0,0,31,2,3,0,0,1,2,0,2,0,2,0,4,0,0,3,0,1,1,0,32,2,0,1,1,0,1,2,0,0,8,6,0,0,6,0,3,0,1,0,2,0,0,3,0,0,0,1,0,3,7,1,1,2,0,1,4,12,0,8,1,0,1,0,7,0,19,0,8,0,0,3,4,2,1,1,0,0,23,2,5,0,0,2,0,0,6,0,3,1,0,0,1,0,0,0,0,0,2,11,0,0,4,0,0,0,2,1,3,1,0,3,1,2,4,0,0,0,0,0,0,1,0,0,1,3,1,3,0,1,0,0,0,0,0,1,1,0,12,2,5,2,7,0,1,5,0,0,4,7,0,0,8,0,0,0,2,1,0,0,1,1,0,0,0,0,0,1,0,0,0,0,0,12,0,1,0,0,0
"ENSG00000240045.2",0,0,0,0,0,0,0,0,0,0,15,0,12,4,1,2,0,7,62,0,4,1,0,0,0,0,0,0,0,1,2,1,0,178,0,0,451,0,0,0,0,1,1,23,1,0,0,0,1,0,0,0,0,0,1,1,1,0,4,0,28,33,0,1,0,0,0,7,0,0,0,17,0,0,0,0,0,0,14,0,130,1,1,0,3,1,1,1661,1,0,0,90,0,14,114,0,0,0,3,6,1,0,3,0,0,1,120,1,16,1,0,0,4,0,7,0,0,0,0,1349,7,0,0,0,4,1,0,0,1,4,0,0,216,0,10,0,0,0,37,2,1,0,1,0,2,0,0,0,0,0,0,0,0,0,4,0,0,0,6,0,6,0,5,0,0,0,4,1,1,0,5,0,7,0,0,6,0,210,0,0,0,1,0,0,10,0,0,0,0,7,0,0,0,3,131,2,0,0,0,0,2,68,0,34,0,2,0,16,0,1,0,0,0,0,3,0,19,2,0,11,0,0,0,0,1,0,44,13,0,0,0,0,25,11,4,908,1,36,18,0,0,2,260,0,6,0,0,6,14,1,0,0,0,0,2,0,3,0,1,7,0,22,23,0,0,0,0,0,5,1,1,0,1,0,0,0,0,4,1,21,0,3,0,0,0,0,0,0,1,1,0,0,0,1,1,0,1,41,6,0,0,0,2,0,0,0,0,0,0,1,0,0,0,0,0,0,16,0,0,0,0,0,0,1,1,0,0,70,3,0,206,0,2,3,1,1,0,0,26,0,0,3,0,0,9,0,0,0,2,0,1,0,0,7,0,0,0,1,0,0,0,0,88,0,0,1,0,0,0,1,1,2,0,44,0,0,0,0,0,0,20,5,8,0,0,1,0,0,0,0,0,1,0,0,0,1,506,11,0,2,0,0,0,1,107,0,0,0,0,3,0,0,1,0,7,0,0,1,0,0,0,0,70,4
"ENSG00000240086.7",18,48,1,2,1,0,0,26,193,5,0,0,0,38,13,61,0,1,0,3,43,97,0,32,182,91,1,0,0,0,8,0,0,142,41,0,1,1,1,2,25,2,0,1,31,2,68,0,100,31,1,6,30,7,0,1,28,0,1,2,1,13,0,72,164,0,81,0,1,0,3,15,0,70,7,81,1,4,2,2,2,0,0,0,9,8,2,0,3,0,3,57,0,0,1,74,0,62,0,1,11,83,0,0,4,4,0,52,8,1,1,69,8,0,0,132,0,0,3,5,0,13,2,0,3,75,48,36,0,18,62,51,1,0,136,52,0,51,0,42,33,5,10,88,0,0,0,0,0,3,85,141,0,224,24,0,0,1,4,1,1,0,49,2,1,4,0,2,12,0,0,10,1,1,11,5,1,1,195,1,149,5,1,0,0,0,0,51,6,11,0,62,1,0,14,0,101,1,0,1,2,113,2,0,129,3,0,0,0,167,2,4,0,1,0,7,0,1,3,9,102,14,0,72,34,20,2,0,7,1,0,68,10,0,0,4,95,1,0,206,31,1,0,108,1,36,0,0,0,1,19,0,64,0,79,46,99,4,3,2,92,134,0,1,54,0,0,36,91,44,0,73,3,95,9,0,0,23,0,5,29,1,1,85,0,0,64,14,0,18,31,0,0,0,1,4,1,0,55,1,3,5,0,17,2,4,1,0,0,1,0,0,0,383,3,0,0,0,6,19,0,7,155,2,61,2,13,0,0,69,4,8,36,1,7,127,0,1,0,1,58,0,1,8,0,6,9,0,0,46,263,0,24,12,0,89,0,28,1,0,69,5,9,0,8,3,0,1,1,1,226,0,0,0,11,158,64,49,1,16,51,0,64,26,7,9,1,1,2,2,1,0,23,0,0,0,9,0,6,38,3,8,76,0,186,205,16,0,104,5,30,0,14,45,2,0,28,6,0,33,147,37,0,178
"ENSG00000240204.3",25,0,8,10,8,2,1,10,5,73,0,0,2,32,230,5,6,40,0,1,1,1,76,4,2,3,22,2,2,43,1,105,16,3,25,75,45,2,0,0,6,53,4,2,3,12,13,2,1,0,5,24,3,3,0,10,11,1,1,6,4,45,0,4,13,3,1,2,1,5,50,7,0,1,0,3,51,20,4,28,4,8,252,10,10,22,1,0,30,0,97,52,2,80,2,0,2,1,5,41,2,2,506,0,4,7,6,2,27,19,9,6,6,1,0,12,6,0,43,1,0,1,1,1,4,0,4,0,0,226,0,2,12,13,10,1,6,1,22,0,2,39,48,2,7,53,96,1,0,32,0,4,30,10,2,0,3,6,14,4,5,2,45,1,3,12,22,5,14,257,200,0,30,5,2,0,37,0,108,1,1,24,1,5,0,9,4,2,8,0,19,11,35,8,5,2,2,0,18,263,0,27,4,11,4,5,0,21,13,1,1,2,51,6,2,34,0,0,7,1,0,4,1,23,3,1,3,66,56,3,10,18,4,2,2,5,4,0,1,0,7,43,0,31,9,67,0,15,0,6,1,4,1,1,1,7,1,5,0,3,18,1,40,2,2,19,25,2,8,1,2,0,5,0,1,1,0,0,3,136,1,5,3,0,1,5,1,17,1,9,2,22,7,0,5,13,29,1,294,11,2,17,16,5,4,13,12,3,1,0,0,10,0,58,37,10,6,24,9,2,6,35,0,4,3,7,9,15,5,0,2,4,5,6,18,8,2,202,1,20,2,6,32,29,75,7,1,9,3,1,1,30,1,64,1,2,7,69,3,22,2,9,1,7,112,2,18,2,1,3,34,4,2,2,33,1,11,3,7,0,3,3,3,29,9,5,9,74,114,139,2,0,1,9,2,4,85,0,6,0,0,3,7,1,11,3,48,1,3,9,1,2,1,2,6,6,30,12,4,14,2,0,3,1
"ENSG00000240241.5",0,0,0,1,3,11,0,0,0,0,0,0,0,1702,0,0,0,1,0,2,1,2,0,3,0,0,1,0,14,0,2,0,29,0,2,0,0,1,0,0,0,37,0,0,0,0,0,0,0,1,0,1,0,2,0,174,0,0,3,0,0,0,0,0,0,0,0,0,0,0,1,0,0,0,0,0,0,0,21,0,14,0,1,17,7,0,0,84,0,3,0,0,0,18,0,0,0,0,84,1,0,0,0,0,0,2,1,0,12,0,0,0,0,6,13,0,0,0,0,4,0,0,0,0,0,0,0,0,0,106,0,0,372,0,1,0,0,0,0,0,0,2,0,0,1,0,0,0,1,0,0,0,0,0,0,0,0,0,0,33,0,0,1,0,0,0,11,0,0,1,2,6,2,0,0,0,1,0,0,0,0,0,0,0,0,2,0,0,0,0,0,0,1,7,0,0,0,0,0,2,0,83,0,0,0,1,0,0,0,0,0,1,106,0,2,1019,0,0,0,0,0,0,0,0,0,0,0,45,0,1,0,0,1,0,0,3,0,4,0,1,0,2,0,0,2,0,0,0,0,0,1,0,0,2,0,0,0,0,4,0,1,0,73,8,0,0,39,0,0,0,4,0,24,0,0,0,0,0,0,0,0,301,0,0,0,3,0,0,0,0,0,0,0,0,0,0,0,0,0,31,9,0,1,0,0,0,0,0,0,0,0,0,0,0,0,0,4,0,0,0,0,21,0,0,0,0,0,0,0,0,0,0,0,0,0,0,0,0,0,0,0,0,0,66,0,0,0,0,71,0,0,312,0,0,0,0,3,1,7,0,0,0,1,1,1,0,0,0,0,81,0,0,10,21,0,0,0,0,0,0,0,1,0,0,0,0,0,27,2,15,21,0,0,0,0,0,0,1,0,0,1,63,1,0,1,0,0,0,0,0,0,1,0,0,5,0,2,0,15,0,0,0,81,0
"ENSG00000240280.7",2,0,0,0,2,5,0,4,0,2,1,11,0,0,573,0,0,43,2,0,9,2,12,1,3,2,1,36,0,0,9,0,5,6,1,1,0,35,1,1,0,1,0,0,1,81,1,0,1,2,1,2,0,0,1,13,0,0,213,0,3,124,0,4,3,96,1,0,0,0,397,3,9,0,1,0,0,4,0,4,0,5,2,0,20,7,0,62,1,1,1,13,1,0,8,0,3,83,2,0,16,1,533,0,2,0,101,0,329,0,2,3,1,1,0,37,5,9,20,4,0,12,0,6,6,0,0,0,11,5,5,1,1,1,28,2,0,1,16,1,0,17,0,1,3,0,1,391,15,0,0,1,52,87,0,2,0,0,0,45,31,4,9,23,9,2,3,375,267,305,8,0,1,2,5,0,0,4,1,0,2,20,55,113,29,1,15,1,30,0,1,3,45,1,24,1,2,0,0,1,0,2,7,2,0,9,0,0,0,1,5,20,0,17,18,1,3,0,1,0,0,0,0,0,0,0,2,1,0,1,2,62,0,0,0,3,2,0,0,10,2,0,0,21,371,0,0,8,1,0,0,47,0,7,0,87,1,0,2,144,22,1,98,0,0,63,3,1,9,2,3,0,7,0,0,1,1,1,0,0,1,1,4,1,0,1,0,1,17,35,1,3,6,3,0,40,3,0,1,2,181,1,559,0,6,2,0,1,12,1,1,50,58,21,99,30,0,2,3,0,0,1,0,692,75,495,0,0,0,0,19,2,1,28,2,0,18,3,0,0,0,0,0,20,88,48,1,0,49,3,0,3,0,0,0,2,0,2,192,11,0,2,0,11,4,0,92,62,8,1,12,38,15,0,6,2,0,0,3,0,0,168,18,0,1,1,12,0,5,352,2,0,0,1,3,5,80,0,5,0,1,148,17,0,2,2,0,0,19,7,6,11,1,0,1,0,0,3,222,3,0,0,19,0
"ENSG00000240350.3",6,0,0,3,2,1,7,1,1,7,0,1,2,90,6,0,2,2,0,1,0,0,8,9,0,3,0,2,1,2,0,3,4,2,3,7,4,1,0,0,8,8,2,1,1,0,1,1,0,2,6,9,0,11,0,1,1,1,2,1,0,1,0,1,0,2,0,0,2,1,3,7,4,0,4,0,2,4,1,9,0,0,4,9,0,0,4,0,11,2,4,0,0,4,0,0,0,1,0,4,5,0,12,0,1,1,0,0,1,0,0,4,2,4,0,2,0,0,1,1,0,0,0,2,2,1,2,1,1,2,0,1,0,3,1,0,0,0,2,2,0,3,5,0,4,1,4,2,3,1,0,0,2,0,0,0,1,1,2,2,10,0,0,3,2,9,5,2,0,2,0,1,0,2,5,2,7,1,1,2,0,0,1,0,0,2,6,2,0,1,0,3,5,1,0,2,1,1,0,1,1,1,1,1,0,4,0,2,4,0,2,2,2,4,4,1,1,3,5,2,0,2,3,1,1,1,1,4,6,1,3,0,6,1,1,4,0,0,2,1,6,4,1,1,3,1,0,1,0,1,1,2,0,5,0,0,0,13,1,4,0,2,2,1,0,0,6,0,1,0,12,1,3,0,1,0,7,0,1,4,1,0,2,0,0,0,0,2,8,7,4,0,5,0,0,7,1,0,3,0,4,5,1,0,0,3,0,2,1,0,0,3,0,0,1,2,3,6,7,2,6,4,1,0,9,3,0,0,7,1,0,5,1,0,0,0,0,1,1,0,0,2,1,0,2,0,2,7,1,0,2,2,2,0,1,0,2,7,3,1,0,5,3,2,7,0,3,2,0,2,0,0,0,1,4,2,0,0,0,0,0,5,1,1,4,1,9,0,0,0,2,0,1,1,0,1,0,7,1,0,0,1,4,0,17,2,2,1,5,11,1,2,2,0,1,0,0,5,3,1,0,1,0,0
"ENSG00000240405.7",175,1,1,0,1,0,1,0,0,2,0,0,0,80,24,0,0,18,0,0,1,0,4,0,17,0,0,17,22,51,3,8,28,5,16,0,17,0,0,0,1,14,3,0,2,1,0,2,1,0,0,47,0,6,0,0,0,0,32,0,1,42,0,9,0,0,0,0,1,0,286,0,9,0,0,0,29,2,5,16,22,34,1,0,23,0,0,3,0,0,0,11,6,25,1,0,0,11,6,9,0,0,0,0,2,0,1,2,106,14,0,1,1,10,1,4,0,1,1,66,0,56,0,28,2,0,1,11,0,58,1,0,60,0,0,0,0,0,4,4,0,1,20,0,0,42,6,1,6,1,7,0,1,19,2,0,0,0,3,37,5,1,9,0,0,6,2,5,1,10,2,10,0,189,0,0,2,54,14,0,0,3,0,1,7,0,3,0,4,28,0,1,1,15,12,0,0,1,0,0,0,1,0,281,0,68,1,1,81,1,0,0,28,13,3,1,0,0,8,18,0,7,0,0,0,0,1,66,0,0,0,2,0,1,2,8,0,0,0,12,0,2,2,0,23,4,3,0,2,0,0,1,0,2,0,0,1,0,1,34,41,28,74,19,0,2,1,0,21,1,6,0,7,1,0,0,14,0,0,10,16,8,4,1,1,1,0,1,0,0,0,0,0,4,0,7,51,0,0,0,0,0,29,0,32,0,0,0,22,2,0,0,1,0,2,0,2,0,0,8,0,0,0,0,10,1,0,1,0,0,37,0,2,1,1,4,0,0,0,0,0,0,1,0,25,39,0,0,16,0,1,3,0,46,0,1,0,3,2,0,17,0,0,0,1,2,1,0,0,10,0,1,2,2,90,0,107,3,0,14,5,9,0,0,0,2,0,4,0,0,0,0,0,0,0,0,1,4,2,0,2,0,1,2,1,1,19,57,1,0,0,8,0,0,6,0,34,0,1,0,0,0,0,1
"ENSG00000240498.9",25,0,23,45,56,5,52,17,63,50,11,8,101,369,287,17,4,3,38,2,6,9,9,16,49,33,51,127,20,98,90,63,7,92,36,54,47,11,31,22,51,42,76,18,15,58,6,51,4,1,24,63,29,50,42,150,8,11,101,50,23,78,41,54,18,10,54,29,87,187,192,18,12,0,36,3,179,48,31,108,82,82,172,17,103,11,42,16,39,35,22,56,17,194,3,2,4,104,32,66,58,9,114,10,23,5,194,8,129,20,5,18,25,105,2,97,200,23,39,68,18,252,2,159,21,4,6,88,5,87,66,5,176,20,54,4,46,1,87,26,6,116,183,10,25,159,141,29,13,46,7,4,45,35,19,101,29,48,40,100,21,8,32,11,4,70,63,221,144,235,12,60,78,444,22,26,37,62,8,65,3,10,46,162,30,20,78,17,80,98,63,147,13,98,42,63,7,84,14,75,14,365,14,310,0,42,2,208,76,232,11,17,78,43,52,39,30,8,60,315,0,91,20,19,0,5,21,389,10,18,364,107,40,26,19,35,0,24,35,63,18,39,4,3,150,61,34,12,62,84,14,35,4,61,5,121,6,8,15,323,84,63,77,56,7,11,118,1,161,6,49,7,78,2,54,2,385,1,7,65,161,13,100,4,54,10,1,7,3,17,21,43,8,99,3,146,263,10,89,40,122,7,124,5,66,24,31,102,49,59,44,11,40,30,30,51,88,39,10,27,12,60,0,173,44,153,17,39,18,1,32,17,41,21,201,6,45,66,10,13,5,49,35,21,107,46,28,11,38,3,9,111,40,9,25,9,4,76,103,92,81,18,92,297,133,14,47,108,16,60,112,65,24,28,327,5,209,9,10,230,28,40,42,4,12,72,11,44,34,27,3,43,1,6,18,25,49,0,39,3,54,64,6,3,148,30,76,131,78,11,74,111,12,8,28,9,61,143,29,4,3,9,144,9
"ENSG00000240877.3",4,0,21,0,4,4,11,0,0,4,13,15,6,12,6,0,4,8,3,6,1,0,4,1,7,1,12,5,1,3,10,3,5,8,2,2,9,2,9,15,1,3,5,0,0,4,2,0,0,3,2,3,3,3,7,15,1,2,6,4,3,4,9,1,1,4,0,5,8,8,20,2,1,1,3,1,10,2,4,0,13,17,4,3,9,5,3,5,3,4,1,2,6,20,1,0,3,4,18,2,4,1,0,6,2,3,7,0,13,2,1,0,0,0,2,11,9,1,7,3,2,12,5,10,5,0,0,14,4,8,2,2,11,8,3,1,17,0,6,3,0,10,3,1,1,7,5,8,6,4,1,6,11,1,0,2,4,5,9,12,12,2,3,6,3,1,13,8,10,5,0,3,1,1,3,0,5,70,14,2,0,1,6,5,7,2,11,2,5,5,0,4,4,5,2,17,0,2,1,5,10,5,6,6,1,23,3,2,5,3,1,5,1,5,3,2,4,4,10,5,0,5,4,0,1,2,2,1,0,7,7,10,5,1,8,5,0,2,2,1,0,1,6,3,8,7,1,1,10,11,0,7,5,5,0,1,0,7,3,2,14,3,9,13,0,6,1,3,13,2,1,1,5,0,2,4,5,2,13,3,5,5,10,0,10,2,0,1,12,5,2,1,4,23,12,6,5,8,14,6,7,6,33,1,28,1,0,9,2,3,5,8,5,1,6,5,3,4,3,6,1,2,0,5,10,13,0,6,3,1,1,1,2,3,17,1,4,0,3,4,0,2,1,6,7,5,2,5,4,0,0,3,2,3,2,0,6,13,1,6,6,1,4,12,3,10,8,3,3,9,8,6,1,5,21,4,5,0,0,2,7,6,6,1,2,3,3,1,2,1,3,3,0,6,1,0,4,12,9,0,0,11,6,1,15,9,5,0,0,1,3,3,3,1,3,0,0,12,3,0,1,5,7,0
"ENSG00000240935.6",4,137,1,82,1,126,7,2,380,19,3,28,10,2,3,362,8,24,45,55,184,392,1,94,619,487,5,107,145,180,7,1,10,321,161,5,200,6,63,154,23,0,65,30,427,0,25,20,244,386,113,28,326,13,2,16,345,244,27,12,17,133,9,122,151,254,275,17,268,73,50,96,51,351,127,356,172,8,22,52,33,22,1,4,48,1,49,8,2,42,31,54,114,4,3,222,500,272,8,4,245,414,2,186,98,4,307,285,31,221,89,319,32,2,4,199,1,324,6,10,1,35,375,232,45,317,118,4,121,9,214,548,5,83,4,514,157,499,2,34,207,8,95,596,26,21,67,2,43,0,353,372,31,60,223,114,171,307,61,25,191,3,17,118,1,5,58,0,464,1,1,271,22,1,33,139,27,1,68,6,475,11,9,33,607,72,44,43,186,285,76,0,38,66,111,2,551,272,1,2,170,45,26,66,448,52,320,36,75,218,160,19,7,510,45,0,0,53,111,616,318,222,8,289,305,365,192,12,3,152,207,209,37,3,86,75,466,50,205,964,4,60,116,37,3,2,168,26,423,166,148,107,312,108,250,140,407,2,1,159,538,317,1,4,742,46,11,522,209,297,27,356,106,240,170,247,85,121,75,2,608,14,96,89,311,53,245,7,1,6,169,221,1,45,7,185,0,73,3,0,95,3,1,258,66,65,160,357,83,12,97,0,105,5,1,7,12,47,23,73,69,45,398,0,103,13,263,5,67,259,23,215,227,241,5,561,18,6,2,1,350,49,13,8,9,67,83,2,1,204,281,33,317,248,138,443,1,0,93,7,526,240,31,3,15,787,2,60,148,38,9,54,3,1,13,20,171,334,2,351,349,49,461,44,346,100,2,63,154,33,19,66,257,23,7,353,19,73,150,277,220,0,44,57,7,0,6,5,43,2,180,39,203,382,142,0,23,1,1,226,383,1,0,281
"ENSG00000240964.3",0,0,0,3,5,5,1,0,0,0,12,2,6,10,4,0,0,0,11,14,2,0,0,0,0,2,3,1,0,3,0,3,1,0,0,1,1,0,4,7,0,0,5,2,1,0,1,0,0,1,0,3,1,1,1,0,4,6,0,1,0,1,8,0,0,10,0,1,3,1,1,0,0,0,0,0,5,4,4,0,6,1,2,0,1,0,0,1,1,2,10,3,4,4,0,0,0,0,5,4,2,0,2,0,0,3,0,0,2,6,1,1,0,0,1,3,10,1,0,14,0,0,0,1,0,0,0,0,26,14,0,0,6,4,0,0,2,0,0,0,0,1,0,0,1,4,2,0,15,0,0,0,0,0,0,3,1,12,6,2,0,2,0,10,0,0,1,2,3,23,0,0,3,0,0,0,2,3,0,1,0,0,8,0,0,0,1,0,1,1,2,2,0,5,1,0,0,6,0,2,0,2,9,0,0,6,0,3,0,0,0,0,5,0,4,1,5,1,0,9,1,0,6,1,0,0,0,5,2,1,3,0,1,5,0,11,0,0,2,7,0,2,2,0,17,3,3,0,2,0,0,7,0,3,0,0,0,0,0,4,0,0,10,9,0,7,1,0,0,0,1,0,7,0,1,15,9,0,0,1,2,1,0,1,0,6,0,0,3,1,0,5,1,3,2,1,3,0,0,0,0,0,2,0,3,0,4,3,1,4,3,6,0,0,4,2,10,6,0,0,9,4,0,13,5,0,1,0,0,0,0,6,0,2,1,0,1,0,0,2,0,0,1,0,0,0,0,0,2,0,0,0,1,95,2,1,5,1,14,2,0,0,0,3,0,0,0,2,0,0,0,4,2,1,0,1,2,1,1,0,0,0,1,0,0,2,3,1,2,3,8,1,0,10,2,2,0,38,0,0,1,8,0,0,1,1,1,0,0,2,3,0,0,1,8,0,0,3,2,1,0,0,1,1
"ENSG00000240990.10",10,0,0,2,1,0,0,0,0,0,0,9,5,1,0,1,3,2,0,0,0,0,0,0,1,2,0,7,0,1,0,1,0,2,3,0,2,1,4,1,0,0,1,11,0,0,0,0,0,0,0,0,0,2,0,7,0,0,6,0,1,0,0,2,0,0,0,2,0,4,0,0,0,0,0,0,45,0,4,6,5,9,51,0,5,9,0,0,3,0,0,4,2,130,3,0,0,1,4,57,1,0,15,1,0,6,21,0,37,4,0,0,0,0,1,5,1,1,0,0,0,4,0,7,1,0,0,1,6,45,1,0,8,0,1,0,1,0,0,0,0,2,0,0,3,21,3,1,0,0,0,0,5,4,0,0,1,0,2,12,0,6,0,3,1,1,0,40,6,52,10,5,4,15,0,0,0,4,3,0,0,2,5,0,1,0,3,1,0,3,9,12,19,1,1,24,0,2,0,0,0,3,0,13,0,0,0,3,1,1,1,0,1,0,3,1,4,0,2,32,0,1,0,0,0,0,1,7,0,2,36,2,0,2,0,0,0,5,1,0,3,7,6,4,4,3,0,0,1,1,0,0,0,0,0,0,0,2,0,49,15,13,120,0,0,1,0,0,2,0,0,0,0,0,2,1,5,0,5,17,4,2,6,0,0,1,0,1,1,0,0,2,0,1,0,0,1,0,0,0,0,2,0,0,1,0,1,13,0,0,7,0,0,2,0,1,0,2,0,2,7,0,0,0,2,0,0,21,0,0,1,1,0,8,0,0,1,4,1,0,0,0,0,2,10,3,1,4,2,0,1,0,1,0,0,0,0,0,0,0,11,1,2,1,0,1,7,0,1,2,0,57,2,0,1,4,0,0,0,4,0,3,2,0,0,0,0,4,0,0,0,7,0,0,1,0,5,10,9,0,0,0,11,0,37,0,32,1,0,0,0,3,0,0,29,0,1,27,32,0,0,0,0,0
"ENSG00000241104.5",1,0,0,0,0,0,0,1,0,0,4,4,1,27,0,0,0,3,31,0,2,1,0,0,0,0,0,0,0,0,0,0,0,1,0,0,17,1,0,0,0,0,0,10,0,1,0,1,0,0,0,1,0,0,62,0,0,0,0,0,12,12,13,0,1,0,3,0,0,0,0,6,0,0,0,0,0,2,1,5,84,2,0,0,10,1,0,0,1,0,3,51,0,0,4,0,6,4,18,1,0,5,0,26,0,0,12,1,2,0,0,0,0,3,0,1,0,0,0,27,32,1,0,1,2,0,0,0,0,4,0,0,1,1,0,0,2,0,0,0,0,1,0,5,0,1,0,0,0,2,0,0,1,2,0,35,0,0,7,1,0,0,4,0,0,1,0,1,0,0,1,0,3,0,0,0,1,1,2,49,0,0,6,0,10,2,2,0,2,0,1,0,6,0,1,0,0,2,0,0,0,0,0,22,1,0,0,0,0,1,0,0,0,0,0,0,9,0,0,0,0,0,0,0,2,0,51,2,0,24,0,1,0,17,0,8,0,7,0,4,0,1,28,0,1,1,2,0,7,63,0,0,0,0,0,0,0,0,9,0,0,11,6,0,0,0,0,0,0,0,1,0,0,0,0,0,0,0,3,1,0,3,11,0,14,0,1,0,0,1,1,0,0,14,0,1,1,10,0,14,0,0,1,3,0,0,0,0,0,2,13,0,0,0,3,1,18,0,0,0,0,3,0,0,8,1,0,35,2,0,133,0,0,0,14,4,35,0,1,0,0,17,1,2,4,6,0,0,1,1,0,0,3,1,9,1,0,0,0,0,3,2,9,0,0,2,0,0,8,0,2,4,0,9,0,1,0,0,0,0,1,1,10,0,1,0,0,1,0,0,0,14,0,0,1,0,15,0,1,0,0,1,0,11,1,0,1,0,0,0,0,0,4,0,1,0,3,0,0,0,0,0,0,3
"ENSG00000241149.3",0,0,0,0,0,0,0,0,0,0,0,0,0,39,0,0,0,12,0,0,0,0,0,0,3,0,0,14,0,0,0,0,57,0,1,0,0,0,0,0,0,2,0,0,0,0,0,0,0,0,0,64,0,7,0,0,0,0,24,0,0,42,0,0,0,0,0,0,0,0,101,0,0,0,0,0,0,0,0,4,96,12,0,0,0,0,0,0,0,0,0,1,0,0,0,0,0,2,0,0,0,0,0,0,0,0,0,0,39,0,0,0,0,0,0,12,0,0,0,19,0,0,0,0,0,0,0,0,0,24,0,0,2,0,0,0,0,0,1,0,0,0,0,0,0,0,0,0,0,0,0,0,0,10,0,0,1,0,10,4,1,0,0,0,0,0,1,0,0,121,0,3,0,27,0,0,5,1,0,0,0,0,0,1,0,0,0,0,0,24,0,0,0,193,0,0,0,0,0,0,0,0,0,136,0,0,0,0,0,0,0,0,0,5,0,1,0,0,2,2,0,1,0,0,0,0,0,0,0,0,0,4,0,0,0,2,0,0,0,0,0,0,0,0,1,0,2,0,0,0,0,0,0,0,0,0,0,0,0,0,135,1,0,4,0,0,0,0,49,0,9,0,0,0,0,0,0,0,0,0,46,0,0,0,0,0,0,0,0,0,0,0,0,0,0,0,1,0,0,0,0,0,0,0,0,0,0,0,2,3,0,0,64,0,0,252,51,0,0,0,0,0,0,0,0,0,0,0,0,0,2,0,0,0,2,0,0,0,0,0,0,0,0,0,84,52,0,0,0,0,0,1,0,58,0,0,0,0,0,0,0,0,0,0,0,0,0,0,0,1,0,3,0,0,4,0,35,0,0,28,0,4,13,0,0,0,0,37,0,0,0,0,0,0,0,0,8,0,0,0,0,0,0,0,0,0,0,0,0,0,1,0,0,0,0,0,8,0,0,0,0,0,0,0
"ENSG00000241186.10",3,10,0,399,616,2104,1,2,8,10,1048,1133,1279,1,13,43,748,41,1272,357,1687,10,23,152,6,143,25,129,300,50,264,100,245,20,64,52,143,50,2557,1450,3,15,61,353,58,7,18,1955,21,17,470,3573,79,23,638,1487,63,63,1770,50,1408,689,83,3,244,498,5,1106,69,30,51,207,783,24,32,16,4,478,112,6,270,59,24,28,26,2,73,83,42,21,780,1932,401,2,488,52,222,2,115,8,34,254,34,1918,378,17,644,95,46,779,111,16,107,261,13,4766,176,14,29,74,34,212,4,528,26,31,19,0,1209,48,298,24,110,177,34,75,420,82,14,120,9,988,22,201,251,2,18,82,25,8,49,74,2614,82,7,873,76,47,280,46,28,181,35,590,13,64,8,262,6,2,252,1632,101,35,324,265,208,18,15,16,19,4,1060,16,313,114,4,66,329,22,518,8,0,1579,193,138,58,361,416,15,229,3,170,6,18,284,10,66,108,5,83,65,2020,7146,48,0,1062,41,88,4031,37,20,19,34,43,20,780,2,7,103,298,2,124,36,300,59,19,1656,52,17,8,26,381,56,500,175,57,62,55,740,7,199,55,2,32,20,57,64,97,1107,38,88,1408,779,56,976,136,15,2,18,2089,7,2,27,459,184,183,26,2035,9,5,56,0,27,583,43,18,354,27,222,38,777,646,405,1673,18,215,977,2,3,447,1,2,261,34,12,34,1384,31,66,493,589,1988,269,576,0,34,54,130,319,1443,5,98,14,51,1,102,358,9,15,27,90,29,88,49,68,450,1,1505,286,92,99,882,17,142,351,1092,8,43,12,20,5,991,5688,1741,73,998,2,485,774,73,61,55,568,10,70,58,5,302,258,3,1541,360,437,178,6,139,37,0,13,3,37,1327,209,156,1,1035,792,5,37,74,1916,149,1651,77,173,1477,498,874,28,23,546,25,1975,6,0,52,12,1,100,194,18,35,21,1378,275,20,10,5,78,14,0,138,21
"ENSG00000241322.11",1,1,3,102,3,4,47,2,15,3,10,1,4,141,101,3,2,29,1,10,7,6,6,2,23,5,1,9,1,20,5,11,74,1,35,6,88,5,0,1,1,6,6,109,10,45,72,5,0,4,31,7,8,16,19,1531,10,12,1,0,80,8,106,1,7,4,3,39,18,4,6,100,8,1,8,6,10,5,15,14,49,3,12,256,3,0,30,79,81,23,0,14,5,37,12,2,32,2,8,0,52,8,0,2,7,7,1,3,35,2,12,3,13,11,4,1,6,7,63,1009,309,277,0,122,98,3,0,0,2,14,19,8,769,36,55,2,11,1,0,0,0,7,19,5,7,261,9,11,9,2,4,5,6,1,13,21,27,11,9,21,14,6,8,2,4,2,292,2,0,1,0,29,190,3,3,2,51,36,67,65,0,0,43,8,1,35,0,1,57,0,8,17,0,192,0,3,4,207,2,37,4,2,3,12,0,12,1,8,1,2,138,0,144,22,4,12,585,13,9,1176,0,0,0,3,2,0,313,227,5,24,1,2,124,616,15,101,0,152,155,10,6,180,10,14,1,24,47,10,23,13,2,4,2,39,7,24,3,1,153,3,18,2,37,13,0,4,26,5,3,2,81,4,46,0,23,7,18,1,8,0,5,113,17,0,26,7,0,43,7,35,3,23,4,35,0,28,3,2,2,2,4,2,8,5,11,5,9,13,84,3,7,3,0,114,77,2,22,14,6,87,3,10,4,11,180,0,4,77,88,2,538,2,141,2,112,7,12,98,3,12,3,245,141,5,1,1,0,3,4,0,1,10,13,1,1,6,9,4,6,8,34,6,499,86,12,3,50,25,2,71,0,48,6,135,0,3,1,6,3,2,1,0,2,0,3,291,8,21,139,4,2,25,2,16,15,1,303,2,10,3,38,9,3,162,53,4,261,145,0,7,107,0,15,3,0,0,1,68,2,5,6,1,171,1
"ENSG00000241361.8",0,0,0,1,0,1,0,0,1,0,0,0,3,279,84,0,0,37,0,0,1,6,1,0,0,0,0,1,1,58,1,0,2,0,0,0,17,0,0,0,1,0,0,0,1,0,0,0,4,1,1,61,0,0,1,1,0,0,0,0,0,72,0,1,1,0,0,1,0,2,39,2,0,0,0,1,0,1,1,9,5,52,0,0,6,0,0,0,0,0,1,5,10,1,0,0,0,0,0,0,0,0,0,0,0,1,0,0,127,0,6,0,0,0,0,0,3,0,1,64,0,0,1,0,0,0,0,1,1,1,0,0,69,1,0,0,0,0,2,0,1,5,48,2,0,90,0,0,0,3,7,0,0,1,0,0,1,0,0,2,0,0,0,0,0,13,25,0,0,40,16,1,0,252,12,2,0,25,0,0,0,0,0,0,0,3,1,0,1,0,0,48,0,4,3,0,0,1,0,0,0,1,0,98,0,1,1,0,7,0,0,0,0,0,0,0,0,0,7,0,0,2,0,0,0,0,0,0,0,0,1,0,0,0,0,0,0,0,0,0,0,0,0,0,0,0,0,0,1,0,4,0,0,0,1,0,0,0,1,0,5,1,0,0,0,1,1,1,24,0,7,0,87,0,0,0,0,0,0,39,0,1,0,1,0,0,2,2,0,0,0,0,0,24,0,8,44,0,1,3,0,0,34,0,13,0,0,0,1,0,0,0,0,0,0,0,28,0,1,1,0,0,0,0,0,1,0,0,0,0,2,0,0,1,2,0,0,1,0,0,0,0,0,0,0,0,0,0,1,0,0,0,0,1,0,0,0,0,0,1,0,6,1,1,0,0,0,0,1,0,0,0,0,1,98,0,48,0,0,0,0,0,0,0,0,1,0,1,0,0,3,0,0,0,0,0,0,0,2,0,0,0,0,1,3,2,1,0,0,15,2,2,1,1,0,0,8,1,0,4,0,0,0,2
"ENSG00000241369.6",0,0,0,0,0,0,0,0,0,0,0,2,0,0,21,0,0,18,1,0,0,0,2,0,21,0,0,10,2,37,0,1,2,45,0,0,10,0,0,12,0,0,0,1,0,0,0,1,1,0,0,14,0,13,0,0,1,0,4,0,0,11,4,7,0,0,1,1,0,0,46,0,0,0,0,0,0,0,0,15,9,7,0,0,27,0,0,15,0,0,0,3,0,3,0,0,0,1,0,0,0,0,0,1,0,2,0,0,13,2,0,0,0,1,0,12,0,7,2,4,0,9,0,0,1,0,0,3,0,2,4,0,3,0,1,0,0,0,63,1,0,1,5,0,0,12,0,0,1,0,2,1,0,11,0,0,0,0,0,14,8,0,1,0,0,16,5,1,1,15,0,3,0,1,0,0,0,0,0,6,0,0,0,23,2,0,0,0,0,9,0,0,0,0,1,0,0,0,0,0,3,0,0,17,0,1,0,2,8,1,0,0,1,1,26,0,0,0,3,2,0,3,0,0,0,0,8,1,0,0,0,34,0,1,0,5,0,0,2,1,0,0,0,0,3,0,3,0,0,1,1,0,0,1,0,0,0,0,2,76,21,14,0,30,0,0,0,0,22,0,4,0,13,0,0,0,6,0,0,4,2,2,2,3,0,0,0,0,3,0,0,0,0,0,0,10,49,0,0,0,1,0,27,0,11,2,0,2,0,0,0,0,0,0,0,0,6,0,0,1,0,0,0,0,0,0,0,0,0,0,20,0,0,1,12,0,0,0,0,0,0,1,0,1,50,6,2,0,0,0,0,7,0,74,0,1,0,0,0,0,4,0,0,0,0,0,0,2,0,2,0,0,0,0,67,0,20,0,0,3,4,6,9,0,0,10,0,1,0,1,0,0,0,0,0,0,1,6,0,0,10,2,0,0,0,0,2,2,0,0,0,1,0,0,15,0,7,0,3,0,0,3,0,0
"ENSG00000241469.9",1,0,2,1,20,1,2,0,0,0,0,1,1,2,0,0,0,0,2,3,1,0,0,6,0,17,0,1,2,0,3,8,0,129,23,0,0,0,0,4,0,9,2,0,1,0,1,1,0,0,0,11,0,4,0,0,0,2,0,0,0,38,0,4,2,0,0,1,1,0,349,3,3,0,0,1,10,0,0,27,15,26,0,0,3,0,1,2,0,0,14,14,2,0,0,0,0,0,0,0,0,0,13,0,1,0,2,0,11,0,1,2,0,2,0,0,0,1,0,6,1,0,0,0,3,0,0,0,3,2,0,0,2,3,0,1,0,0,0,0,0,1,5,3,4,1,35,45,2,0,0,0,12,11,3,0,0,2,0,1,4,0,18,1,0,0,3,9,95,1,1,4,171,0,1,0,0,0,0,1,0,7,10,0,7,0,3,0,0,0,0,1,1,0,26,1,0,0,0,1,46,3,0,31,0,1,0,2,0,0,1,0,0,1,0,2,0,7,1,6,0,1,3,0,0,0,17,2,0,0,4,0,2,0,0,0,0,0,0,1,0,0,8,0,52,2,0,0,104,3,0,0,0,7,0,0,0,1,0,0,9,196,19,9,0,1,0,0,0,0,0,0,8,0,0,5,2,0,1,0,0,1,3,0,0,1,0,0,0,4,0,0,1,0,2,3,2,0,0,3,0,0,2,0,15,0,0,0,0,2,1,1,0,9,1,0,2,0,2,4,3,0,0,0,11,0,0,2,0,0,0,0,0,0,0,0,1,0,0,0,0,0,0,2,0,0,0,0,12,0,0,1,0,28,0,0,0,0,17,0,119,0,3,6,0,2,1,1,1,4,1,5,5,0,5,0,2,2,0,0,11,2,160,0,0,1,0,1,4,4,1,0,0,1,1,0,2,2,1,0,0,0,3,0,0,0,2,6,0,0,0,0,1,4,0,0,50,1,0,1,0,0,2,0
"ENSG00000241475.1",0,0,0,0,0,0,0,0,0,0,0,0,0,0,1,0,0,0,0,0,1,0,0,0,1,0,0,0,0,0,0,126,1,5,0,0,2,0,0,0,0,0,0,1,0,3,0,0,0,0,0,0,0,4,0,0,0,0,0,0,0,64,0,0,0,0,0,0,0,2,1,0,0,0,0,0,0,0,0,4,1,1,0,0,1,0,0,0,0,0,0,0,3,0,0,0,0,8,0,0,0,1,97,0,0,0,3,0,1,0,51,0,1,0,0,0,1,0,0,0,0,0,0,0,0,0,1,0,0,0,0,0,12,1,1,0,1,0,1,0,0,0,0,0,0,1,0,0,8,0,0,0,0,2,0,0,0,0,0,1,0,0,7,1,0,1,1,1,1,1,0,0,0,0,0,0,0,0,0,0,0,0,0,2,0,0,0,0,0,0,0,0,1,2,1,0,0,0,0,0,0,60,0,1,0,1,0,1,5,1,0,0,0,0,0,0,0,0,0,0,0,0,0,0,0,0,0,1,0,0,0,1,1,0,0,0,0,0,1,0,0,0,0,0,1,3,0,0,80,0,0,0,0,0,0,0,0,0,0,0,0,0,1,0,0,0,0,0,1,0,0,0,4,0,0,0,1,0,0,96,0,6,0,0,0,0,0,0,0,0,0,0,0,0,0,0,2,0,0,0,0,0,0,0,188,0,0,0,0,1,2,0,1,0,0,0,15,0,0,0,0,0,0,2,1,54,0,0,0,0,0,0,0,0,0,0,0,0,0,0,0,0,0,0,58,0,0,0,33,0,0,0,0,0,0,0,0,0,20,1,31,0,0,0,0,0,1,0,0,1,24,0,6,0,0,0,8,0,0,0,0,0,1,0,0,0,1,1,3,4,1,1,0,0,0,0,0,1,0,0,0,0,1,0,0,0,1,0,0,0,0,1,0,0,0,0,37,0,0,0,0,0,0,0
"ENSG00000241644.2",521,617,2947,379,636,617,23,188,613,825,536,71,46,751,17,2081,1050,44,0,691,884,1094,956,530,109,469,71,110,11,98,119,205,208,1060,681,191,418,553,9,51,366,419,23,101,2859,557,196,709,985,336,1071,213,1261,75,106,25,508,25,241,18,114,73,52,1098,329,47,336,103,185,216,1342,798,176,858,802,748,152,211,21,134,67,15,53,1482,69,75,411,81,793,65,1823,45,24,194,49,745,605,382,48,348,646,3851,445,51,174,608,29,1854,209,20,760,2763,1192,261,114,51,196,49,74,27,62,109,215,117,481,588,1051,16,244,776,766,1802,20,418,206,1486,118,1302,212,154,1011,1094,424,2552,2596,117,145,145,52,94,1245,1475,19,90,2888,23,52,1014,66,216,197,42,21,488,198,811,180,99,9,64,21,89,234,183,980,176,557,53,2099,47,1246,178,53,89,240,732,1352,1481,67,69,120,22,139,257,75,61,897,43,116,78,94,100,692,65,1049,39,398,70,3573,30,1961,329,65,55,1160,675,32,115,274,34,615,105,96,111,1445,1218,114,139,175,33,7,91,1326,282,234,232,854,202,3,141,4422,460,204,528,147,65,16,158,363,84,468,39,1375,122,1297,920,1107,868,71,90,623,352,48,87,1738,311,419,1373,28,1242,378,1588,31,1436,167,73,35,767,59,253,74,59,125,2845,132,430,481,964,303,352,4148,490,1927,31,346,74,39,105,275,342,966,399,144,12141,33,622,156,207,84,41,450,162,60,484,296,222,63,1881,2076,696,532,443,1869,28,633,290,3286,79,178,1008,51,649,1039,141,12,979,131,44,145,21,546,124,265,231,13,498,125,373,12,3163,2550,240,397,37,104,3516,166,188,16,32,105,645,542,457,277,231,277,40,514,364,16,195,12,75,199,331,14,1126,274,17,15,133,102,1238,2475,6,1136,303,41,14,75,166,1883,388,202,212,171,163,3092,614,19,29,1539,56,369,479,40,19,732,1359,1130,1257,53,486,92,82,100,140,118,2624,729,195,160,1399
"ENSG00000241884.2",3,0,0,13,7,3,0,0,1,0,4,33,1,1,0,1,3,4,1,0,9,0,1,0,2,4,0,0,0,1,2,1,0,20,0,0,1,7,6,6,1,0,1,0,2,0,3,38,0,0,0,0,0,0,0,0,3,1,0,0,0,56,0,0,0,12,1,0,11,0,4,13,0,0,1,0,11,0,9,1,9,31,0,4,16,0,23,2,1,4,13,25,5,0,0,0,13,11,152,2,15,0,0,0,1,0,19,0,18,0,1,0,7,16,20,20,7,0,2,0,0,0,0,12,15,0,0,1,2,2,3,0,18,8,1,0,0,0,19,0,0,8,4,2,3,0,1,3,5,0,0,1,33,3,2,5,180,25,48,5,0,5,46,2,2,6,44,0,0,2,0,1,7,1,0,8,12,20,0,9,0,5,107,0,1,4,0,0,0,0,0,0,6,15,13,0,1,52,0,2,0,2,5,1,0,57,0,1,3,1,0,1,34,1,10,0,0,6,10,60,0,1,0,0,0,0,0,0,3,19,0,0,7,5,0,85,0,0,1,2,0,7,0,0,94,3,16,4,11,0,0,4,0,4,0,0,0,7,0,5,1,0,19,147,0,3,2,0,0,0,13,0,1,1,0,3,3,0,0,2,0,12,9,0,0,0,0,5,9,11,2,5,5,16,3,0,0,0,0,1,2,0,2,0,3,0,0,2,1,2,21,4,0,15,1,0,34,2,1,44,1,0,1,0,12,0,0,0,1,0,0,1,14,0,4,0,0,1,2,3,0,13,2,2,2,0,16,8,3,0,0,0,0,15,0,0,4,0,8,4,4,8,4,5,0,0,0,0,0,2,0,6,1,0,0,0,19,0,0,0,0,7,3,0,0,5,3,19,0,0,27,2,0,2,3,2,48,5,0,1,0,0,4,0,13,0,1,2,0,3,15,0,11,49,14,0,2,0,0,0,0,3,0,0
"ENSG00000242021.2",2,0,0,0,0,1,2,0,0,0,0,0,1,26,48,0,0,40,0,13,8,0,9,0,13,22,0,1,10,1,1,4,7,5,0,0,7,0,0,1,0,2,57,0,0,0,0,0,1,0,0,18,0,5,0,1,0,0,5,0,0,70,0,5,7,0,0,0,0,0,34,4,28,0,0,0,0,0,16,6,10,58,0,0,17,1,0,2,0,7,0,32,41,0,0,0,0,2,29,0,0,1,0,0,0,0,2,0,30,1,1,1,2,0,5,4,9,1,39,5,0,1,0,0,11,3,3,14,0,4,4,0,22,0,0,0,0,1,47,9,0,0,36,0,0,2,1,1,1,0,0,1,0,30,0,16,2,13,1,4,12,0,4,0,0,22,29,0,0,43,17,17,0,171,0,0,23,30,0,35,2,0,7,3,16,0,0,3,7,16,1,7,0,0,4,3,0,0,0,1,0,0,0,0,0,44,0,0,22,0,0,0,0,4,22,0,0,0,1,0,0,1,0,0,0,0,18,0,0,4,0,2,1,1,0,20,0,3,0,12,0,0,0,0,17,1,13,3,1,0,1,0,0,13,0,0,0,2,7,21,5,0,9,22,0,0,0,1,34,0,9,0,18,0,3,30,18,0,2,7,27,27,18,0,0,23,0,2,0,9,0,0,0,24,1,3,26,0,1,0,0,6,5,0,3,2,0,1,12,21,0,0,13,0,33,1,11,8,3,4,50,1,1,20,13,0,0,1,2,1,4,0,2,0,29,0,0,0,0,0,1,0,4,0,3,4,1,5,3,0,1,0,1,20,7,0,2,0,0,0,3,0,1,7,0,1,0,28,0,6,0,0,4,17,69,8,18,0,1,23,25,0,52,1,0,0,0,6,8,0,25,0,0,0,0,0,10,41,10,0,0,0,20,0,0,2,4,14,1,2,1,5,5,0,17,0,7,1,0,0,0,4,0,1
"ENSG00000242078.1",1,0,0,0,0,0,0,0,0,14,1,4,1,0,3,0,4,0,0,0,0,0,0,0,0,0,1,0,0,2,0,3,0,0,0,11,0,1,1,0,0,1,0,1,1,0,0,2,0,0,0,0,0,0,0,1,0,0,0,1,0,2,0,0,1,0,0,0,0,0,3,1,0,0,0,0,0,0,0,1,1,2,4,2,2,4,1,0,0,0,0,4,2,15,0,0,0,2,4,5,0,0,3,0,0,3,0,0,5,16,1,0,0,0,0,1,3,0,0,0,0,3,0,0,0,0,0,1,0,4,2,0,0,0,0,0,0,0,0,6,0,3,1,0,0,0,4,0,0,26,0,2,2,5,1,0,2,0,0,0,0,0,0,1,0,1,1,2,0,7,21,2,0,2,0,0,0,8,8,0,0,1,2,0,0,0,12,0,0,0,0,0,0,2,7,0,0,2,0,2,0,1,0,1,0,0,0,2,1,0,0,0,0,1,0,5,0,0,0,0,0,3,0,0,1,0,0,8,1,0,2,3,5,0,0,1,0,0,0,1,4,1,0,1,5,2,0,0,0,0,0,12,0,0,0,0,0,0,0,4,0,0,5,1,0,1,0,0,8,0,1,0,0,0,0,0,0,0,0,12,0,3,7,0,0,0,0,0,0,0,0,0,1,3,4,14,2,0,2,11,0,0,10,0,0,9,0,1,1,0,3,0,0,0,0,19,2,3,5,1,7,1,0,1,1,0,0,0,1,0,0,0,0,2,0,0,2,0,0,1,0,0,1,5,3,1,5,0,0,0,0,1,0,5,0,0,0,7,1,3,2,0,0,7,36,0,4,0,0,4,3,2,0,0,7,0,0,0,0,0,0,0,5,1,0,5,1,0,4,0,1,0,0,1,0,0,0,0,2,0,0,0,4,0,2,0,2,0,0,0,0,0,0,1,12,0,2,8,4,0,0,0,1,0
"ENSG00000242265.6",576,120,11,4,13903,53958,11794,3108,7,1928,124,11,35004,8752,8,466,51,2970,6562,13177,58,133,199,14726,2653,73043,1205,156,26697,1004,1360,59,986,666,529,18,17,35,10,15,15,41,57114,10,333,1242,32,545,299,13,499,9573,3105,35084,1598,1680,207,138933,5495,8,5,1827,18706,3361,2,132887,16,556,645,2777,4775,71,1015,204,78,171,184,64,15491,20584,37389,2357,8,4,24663,54492,8,1,51,12,14,7355,65659,196,244,89,13,326,77017,12486,19,92,760,135,44,208515,7461,2950,27984,101008,43,46,44,33,101255,11530,26468,1806,15146,52,20,325,846,242,3851,249,79,861,19841,41723,65,209,52654,15,182,394,1320,64,7173,682,33,3226,36,412,17280,434,3179,33418,5999,48,823,142,23532,30006,21,17,7,32060,54,1340,17,2,454,18823,393,37,8868,7760,5088,17963,27474,42,5,124,22,14,8,17394,990,31,139,46,72,25,54,11,76,259,4545,452,1616,3394,9,203,566,27456,147,589,3,840,7827,12980,94,402,81,228,1412,5984,128,5,41,10932,14,866,383,47,7,9,2854,28344,82,138,17862,15,196,313,63,4245,13,15,4833,116,1050,126,38,8,766,7,8,4,10,16,12,16,1582,39903,16,12,46,6125,680,7924,36,979,315,494,207,35,13,7316,1150,527,24722,89630,105,2265,298,82,293,20,163,33,1411,197,3058,233300,6758,61,1806,2061,28,8357,2,11,14,51077,118,18,5256,431,79,26,3114,1798,44,4953,13387,93,14326,17,64,849,3258,122,26808,2,11,135,34,115993,1330,66257,35,800,92,287,727,22596,21,213,116654,509,201,118236,23,20,23,13,9,109,17019,16009,205,28,40,402,16,38,1032,5,373,10,8832,31,2814,26,218,2194,15199,12,82,9835,11019,135481,12067,126,47779,22,72922,8134,219,22,8,16830,40,465,25,28126,11,101,845,36,3754,15733,3192,10313,12444,66,1795,17,1430,7574,40,4,42,2,36530,51552,437,538,12812,16,461,63205,4468,4793,910,50568,3797,304,101,41831,18,56,7,217,6224,14899,8,51,139,6,5,15,13,2572,1857,5554,11974,288,116,3982,1301,130
"ENSG00000242268.3",0,0,0,15,0,2,29,0,0,0,0,0,0,32,17,0,1,14,0,0,1,0,1,1,1,1,0,4,5,9,235,1,9,2,6,0,0,6,0,0,0,1,5,0,0,6,3,0,0,0,0,1,0,0,0,44,0,7,0,6,0,22,0,0,0,11,1,1,28,5,75,10,0,0,2,0,2,1,3,58,0,3,1,0,63,0,3,0,26,2,0,7,3,3,0,0,0,1,0,14,1,0,7,0,1,0,1,0,28,29,0,4,8,0,0,0,17,21,20,50,0,0,0,0,3,1,0,0,0,61,6,0,45,1,2,0,0,0,0,0,0,34,9,1,0,34,75,1,0,0,0,0,0,1,0,0,31,60,3,26,12,0,3,0,0,0,0,31,2,6,5,46,0,109,3,0,1,0,0,0,0,2,0,0,0,0,0,0,7,0,0,1,0,11,0,6,0,0,0,35,0,15,0,10,0,0,8,2,1,0,10,0,29,0,2,0,0,0,29,7,0,0,4,1,0,0,0,55,0,2,45,24,11,0,0,0,0,0,0,5,0,7,0,0,1,37,0,2,0,0,1,2,3,43,0,3,0,1,0,18,4,0,28,0,1,0,23,0,0,0,3,1,4,0,7,51,3,0,0,2,1,1,3,0,0,11,0,320,0,9,0,0,0,0,0,5,46,0,0,0,0,21,2,0,1,3,0,1,29,0,0,1,0,26,4,0,18,0,3,6,0,0,0,36,7,0,2,0,0,0,1,3,0,0,1,3,0,4,2,7,0,0,42,14,35,0,0,0,17,0,0,1,0,0,0,1,0,1,21,0,4,0,1,16,0,0,25,4,0,10,0,1,0,2,6,1,0,0,3,0,1,4,0,0,0,77,0,0,11,2,1,0,0,0,0,17,0,5,2,0,9,1,7,0,0,1,23,30,0,1,13,0,0,1,0,9,0,64,0,0,0,1,0,0
"ENSG00000242295.1",2,1,0,0,3,0,0,0,0,1,0,0,0,1,0,9,0,0,0,1,1,3,0,0,0,0,1,0,0,0,0,1,0,0,0,0,0,0,0,0,0,1,0,0,5,0,1,0,8,0,0,1,0,2,0,0,0,0,1,0,2,0,0,1,0,0,0,0,0,0,21,0,0,0,3,1,3,0,0,0,0,0,0,1,0,0,0,0,0,0,1,0,0,1,0,0,1,1,0,4,1,0,4,1,0,0,0,0,1,0,1,8,0,0,0,0,4,0,1,0,0,0,0,0,0,0,4,0,1,8,1,1,0,0,0,2,0,3,0,0,2,1,7,6,0,0,1,1,1,0,1,3,0,1,0,0,0,4,0,2,1,0,0,3,0,1,1,0,0,0,0,0,0,0,0,0,0,0,2,0,1,0,0,0,0,1,0,0,0,0,0,0,0,2,0,0,2,0,0,0,0,0,0,0,1,0,0,1,0,0,4,0,0,1,4,3,0,0,0,0,0,0,2,0,1,1,0,0,0,1,1,1,0,0,0,0,1,0,0,0,0,0,0,0,4,0,0,0,0,0,0,0,1,1,0,0,3,1,0,1,2,0,0,1,1,0,0,1,1,7,0,3,0,1,1,0,0,0,0,0,1,1,0,2,0,7,0,0,1,0,14,0,0,0,0,0,1,0,3,382,1,0,1,5,0,0,0,0,0,0,1,0,0,0,2,0,0,1,0,0,0,0,0,0,1,0,1,0,0,1,1,0,3,1,0,6,0,0,0,0,1,0,0,3,0,0,0,0,0,0,3,43,0,0,0,3,5,293,0,0,0,0,0,0,3,0,1,0,0,0,0,0,0,1,1,0,1,0,0,0,1,0,0,0,11,0,1,0,0,0,0,0,1,0,0,0,0,2,25,3,0,0,0,0,1,1,0,0,0,0,1,1,0,0,0,0,0,2,0,10,2,0,0,2
"ENSG00000242366.3",69,0,0,0,0,0,0,0,0,0,0,2,0,1627,170,0,0,4,0,3,0,0,0,0,0,0,0,1,0,32,0,1089,4,1,0,0,0,0,0,1,0,449,0,0,0,0,0,0,1,1,0,5,0,2,0,0,0,0,2,0,0,1,0,1,0,0,1,0,0,1,55,10,0,0,0,0,0,0,0,1,8,0,1,0,1,0,0,3,4,0,0,1,0,2,0,0,0,0,1,580,0,0,41,0,0,0,0,0,5,0,0,1,0,0,0,0,0,0,1,313,0,0,0,0,0,0,0,0,0,376,2,0,81,0,6,0,0,0,0,0,0,0,9,0,0,3,0,0,3,0,0,0,1,0,1,0,0,0,2,1,0,0,0,0,0,3,2,17,1,220,1,3,0,1,0,0,1,0,0,0,0,0,0,0,0,0,0,0,0,2,0,0,0,0,2,1,0,1,0,0,0,3,0,9,0,11,1,29,0,2,0,0,0,0,1,0,0,0,1,1,0,0,0,0,0,1,2,5,0,0,0,0,0,0,0,3,0,0,0,0,0,2,0,0,0,0,4,0,4,0,1,0,0,0,0,0,0,0,1,7,123,4,4,0,0,0,194,1,0,0,2,1,6,0,0,0,6,0,0,0,0,0,0,0,0,0,0,0,0,1,1,0,0,1,0,2,4,2,2,0,0,1,0,0,0,0,0,0,1,0,0,0,1,11,1,0,2,0,0,0,0,16,0,0,2,1,0,0,0,0,0,0,2,0,1,0,0,15,0,0,0,1,0,0,25,0,0,0,0,0,0,11,0,0,0,0,1,2,1,0,0,0,2,0,0,0,0,0,0,0,0,0,0,2,0,0,0,0,1,0,0,0,0,0,0,0,0,0,0,0,0,0,0,0,0,0,0,0,22,2,0,0,6,0,1257,0,5,0,0,0,0,0,0,0,0,1,0,161,1,0,0,0,0,0
"ENSG00000242428.6",1,0,0,5,2,3,0,0,0,1,1,0,0,0,0,0,0,5,1,3,2,0,9,3,1,45,10,11,5,1,0,4,0,20,1,5,5,4,0,0,0,0,25,6,3,4,1,0,0,0,4,2,1,3,1,1,2,31,24,4,7,2,2,0,0,10,5,10,6,1,4,3,3,0,1,2,9,16,0,14,6,0,0,4,4,9,0,1,4,0,30,5,0,0,3,1,0,4,0,1,11,7,1,0,7,0,5,1,4,17,1,0,6,2,2,9,5,12,13,1,4,4,0,3,4,1,0,3,5,6,3,2,0,2,0,0,0,1,1,3,0,1,0,1,0,0,0,1,0,5,0,0,0,1,4,0,0,0,22,8,5,0,2,0,0,0,2,1,34,8,22,9,0,0,2,0,0,0,0,1,1,7,3,0,5,0,30,48,7,4,19,0,0,0,4,0,0,5,0,12,1,6,1,5,0,3,1,0,2,3,0,4,1,23,5,1,0,0,2,0,0,18,1,4,0,0,52,2,1,1,0,19,0,4,1,6,2,2,4,18,4,1,23,0,1,10,0,2,3,20,1,1,0,20,1,2,0,0,1,2,9,17,4,2,0,2,1,0,3,0,0,0,1,0,3,1,0,0,2,4,67,1,12,1,0,2,1,0,1,1,0,2,0,3,16,1,0,4,0,1,1,0,2,0,5,0,13,5,4,5,13,1,1,8,11,0,1,1,1,6,3,1,1,3,3,2,0,0,33,0,13,0,0,16,10,0,3,6,7,0,0,0,3,2,6,13,0,3,0,1,1,9,17,10,0,2,0,1,0,0,34,0,6,0,0,1,4,0,8,2,4,6,0,1,10,5,3,0,0,13,17,5,20,4,0,11,2,0,11,7,2,13,0,1,0,63,15,6,0,0,0,0,2,0,1,0,0,1,1,3,3,0,3,4,4,11,0,0,6,0,0,1,0,0
"ENSG00000242440.2",1,0,0,0,1,0,0,0,0,2,0,1,0,118,0,0,0,1,0,0,0,0,0,0,0,0,0,2,0,16,97,0,2,1,0,1,6,0,0,0,0,0,0,0,0,0,0,0,0,0,1,37,0,113,0,0,0,1,5,0,0,0,0,3,0,0,0,0,0,0,93,0,0,0,0,0,0,0,9,76,47,10,0,0,10,0,0,5,0,0,0,8,0,0,0,0,0,21,4,0,0,0,0,0,0,0,1,0,3,0,0,0,0,1,0,0,221,0,7,2,0,13,0,0,0,0,0,2,0,13,0,0,84,0,0,0,0,0,82,0,1,1,10,0,0,20,0,0,0,0,0,0,0,12,1,0,1,0,0,16,5,0,0,0,0,6,0,0,0,672,14,0,0,5,0,0,0,0,0,0,0,0,0,0,10,0,0,1,0,3,0,0,1,2,0,0,0,1,0,0,0,0,1,67,0,5,0,0,5,0,1,0,6,0,3,0,0,0,1,0,0,0,0,0,0,0,0,0,0,0,0,0,0,0,0,3,0,0,0,2,0,0,0,0,0,238,0,0,0,0,0,0,0,4,0,0,0,0,6,2,41,1,0,83,0,0,0,0,1,0,0,0,55,0,0,0,11,0,0,84,1,1,0,0,0,0,0,0,0,0,0,0,1,0,0,49,2,0,0,1,0,0,0,0,35,0,0,0,0,218,0,0,0,0,0,0,263,1,0,0,0,0,0,0,0,0,0,0,2,0,3,0,2,0,0,0,0,0,0,0,0,0,0,8,19,2,1,0,13,0,0,0,0,5,0,0,2,0,0,0,0,0,0,0,0,0,0,0,0,0,0,0,6,1,12,0,42,0,0,0,3,3,0,0,0,0,0,5,0,0,0,0,0,0,0,0,18,0,0,0,0,0,1,0,0,0,0,13,0,0,0,0,0,0,0,0,1,0,0,2,0,0,0,0
"ENSG00000242515.5",235,0,0,40,0,0,0,0,0,0,0,4,0,4194,265,2,2,563,2,6,0,0,25,0,1,16,0,2,0,6,0,6,0,6,0,0,110,0,2,2,0,2626,4,0,3,0,0,13,1,75,0,133,2,3,0,0,0,0,18,0,0,2,1,1,0,0,0,3,17,246,602,459,11,0,0,0,459,9,3,0,121,3,0,1,62,0,1,84,16,0,0,2,2,26,0,0,0,0,14,437,2,0,58,0,0,0,0,0,57,0,0,0,0,57,0,1,0,0,81,148,1,0,0,0,0,0,0,0,0,297,1,0,53,3,0,0,0,1,1,4,1,0,434,1,0,2984,1,0,2,1,0,0,6,0,4,2,0,4,2,2,3,0,0,0,1,2,94,135,0,222,0,16,1,1,0,0,4,10,525,1,0,3,0,0,1,0,3,0,0,1,0,1,2,6,4,0,1,0,0,363,40,170,1,672,0,218,1,24,0,0,0,2,163,0,1,1,0,0,97,10,1,0,0,0,0,1,8,1436,1,15,1,0,135,0,0,5,2,0,43,0,3,97,3,36,0,0,4,0,2,0,2,0,0,1,2,0,0,0,2,238,94,303,2,3,0,23,2,0,22,0,297,0,629,1,262,0,135,6,0,7,1,6,1,0,0,0,2,1,0,37,2,3,0,8,0,323,59,4,1,1,3,0,3,0,1,0,0,1,3,0,0,0,0,0,65,0,1,0,0,1,0,240,0,0,21,1,7,2,6,0,210,0,287,1,1,0,0,3193,0,0,0,2,0,7,3,0,0,0,0,0,0,2301,0,2,0,1,2,974,0,0,267,8,141,0,1,0,0,0,0,0,0,0,1,8,0,0,4,3,1,1,3,4,0,0,3,0,0,2,0,0,8,0,1,1,0,0,5,3,38,3,34,0,2,0,56,0,242,10,0,0,11,2,0,0,12,1,0,2,0,0,1,0,0,0
"ENSG00000242599.7",0,0,0,0,0,0,0,0,0,0,0,0,0,94,0,0,0,38,0,0,0,0,2,0,22,0,0,0,0,11,0,0,5,0,0,1,35,0,0,0,0,0,0,0,0,0,0,9,0,0,0,48,0,0,0,0,0,0,47,0,0,1,0,1,0,0,1,0,0,0,1,0,0,0,0,0,0,0,26,20,27,60,0,0,19,0,0,22,0,0,0,2,0,0,0,0,0,54,269,0,0,0,0,0,0,0,0,1,133,0,0,0,0,1,0,0,0,0,3,17,0,0,0,0,0,0,0,7,0,0,0,0,126,0,0,0,0,0,1,0,0,0,7,0,0,65,3,0,0,0,2,0,0,88,0,0,0,0,0,33,25,0,0,0,0,0,1,0,0,0,1,0,0,7,0,0,0,78,0,0,0,0,0,0,8,0,54,2,0,34,0,49,0,35,31,0,0,0,0,0,0,0,0,1,0,130,0,0,3,0,0,0,3,19,0,0,0,0,22,1,0,29,0,0,0,0,0,0,0,0,0,0,0,0,0,1,0,0,0,0,0,0,0,0,0,0,0,0,0,0,0,0,0,0,0,0,0,0,1,1,11,10,0,93,0,0,0,0,2,0,13,0,1,0,0,1,38,0,0,47,4,1,80,1,0,0,0,0,0,0,0,0,0,0,0,83,71,0,0,0,0,0,0,0,1,0,0,0,22,45,0,0,0,0,0,3,0,0,0,16,0,0,0,0,0,0,0,1,3,0,57,0,2,0,0,0,0,0,0,0,0,0,0,0,0,29,0,0,0,0,0,1,0,44,0,0,0,0,0,0,1,0,0,0,0,0,0,0,0,0,0,0,0,36,23,0,33,0,0,14,14,38,0,0,0,1,0,0,1,0,0,0,0,0,0,0,68,29,0,0,0,0,0,0,0,1,0,0,1,0,0,0,0,0,26,0,49,2,0,0,0,0,0,0
"ENSG00000242741.2",0,0,6,0,0,0,0,0,0,4,1,0,0,1,0,2,1,0,0,0,2,7,0,0,0,0,0,0,0,0,0,0,0,1,0,0,0,0,0,0,0,1,0,0,2,0,0,0,1,0,0,0,1,0,0,0,3,0,5,0,0,0,0,0,1,0,0,0,0,0,0,0,0,0,0,2,0,0,2,2,0,1,0,0,0,0,0,0,0,0,0,0,0,0,0,2,0,0,0,1,0,1,0,0,0,0,0,3,3,0,0,3,0,0,0,0,0,0,0,0,0,0,0,0,0,2,6,0,0,0,0,4,1,0,0,4,0,0,0,0,0,2,0,2,0,0,4,0,0,0,1,3,0,0,3,0,0,0,0,0,0,0,2,0,0,1,0,0,0,5,33,1,0,0,2,1,0,3,0,0,1,0,0,0,0,0,0,1,0,0,0,1,0,0,1,0,2,0,0,0,0,0,0,0,3,0,1,0,0,0,1,0,0,0,1,10,0,0,0,0,1,0,0,0,0,3,0,0,0,0,0,0,0,0,0,0,2,0,0,0,0,1,0,0,0,0,0,0,1,0,0,1,1,0,0,0,0,0,0,0,0,4,53,2,11,0,0,5,0,1,0,1,0,2,0,0,1,0,0,0,0,0,0,1,0,0,0,0,0,0,1,0,0,0,0,0,0,0,0,4,0,0,1,11,1,0,0,0,0,0,0,0,0,0,0,1,0,0,1,5,1,0,2,0,2,0,1,0,0,0,0,0,0,1,0,0,0,0,0,0,2,0,0,0,0,0,0,0,8,10,5,0,2,4,0,3,0,0,0,0,0,0,0,0,0,0,0,0,0,0,0,0,0,0,0,0,0,5,0,0,0,0,0,0,1,0,0,0,0,0,0,0,3,0,0,0,0,9,0,0,0,0,2,0,0,0,0,0,0,1,3,0,0,0,0,0,0,0,0,4,2,1,3,5
"ENSG00000242781.2",0,0,0,0,0,0,10,0,0,0,0,0,0,23,23,0,0,9,1,0,0,1,0,0,13,0,0,5,0,8,0,0,1,7,3,0,7,1,0,0,0,0,0,0,1,0,0,2,0,4,0,27,0,2,0,0,0,0,11,0,0,5,0,4,0,7,4,0,0,0,25,0,0,0,0,0,0,0,13,30,17,1,0,0,15,0,1,1,0,0,0,13,9,0,0,0,0,16,12,0,0,5,0,0,0,0,21,0,60,0,0,0,0,6,0,18,0,4,0,1,0,0,0,0,0,0,0,0,0,14,0,0,23,0,0,0,0,0,13,0,0,0,8,0,1,0,0,0,0,0,0,0,0,2,2,0,0,0,0,5,0,0,0,0,2,13,10,0,0,13,1,1,0,21,0,0,0,42,0,2,0,0,5,3,3,0,0,0,0,20,0,11,2,0,8,0,0,0,0,0,3,0,0,69,1,13,0,1,0,0,0,0,13,4,13,0,0,0,9,8,0,3,0,0,0,0,0,36,0,0,0,0,0,0,0,5,2,0,0,8,1,0,0,0,0,0,5,0,1,0,0,0,0,1,0,0,0,0,0,7,23,13,0,22,0,0,1,0,3,1,3,0,6,0,0,0,17,0,0,5,0,7,6,0,0,0,0,0,0,0,1,0,0,4,0,29,18,0,0,0,0,0,36,0,0,0,0,0,0,17,0,0,0,0,0,0,32,0,0,0,0,0,0,0,3,0,0,0,1,0,11,0,1,0,0,0,0,0,0,0,0,0,0,0,6,9,2,0,15,0,1,0,0,16,0,1,0,0,0,0,0,0,0,0,0,0,0,0,3,2,0,1,0,1,13,0,19,0,0,0,0,17,1,0,0,1,0,9,0,0,0,0,0,0,0,0,10,10,1,0,0,0,0,0,0,1,0,11,1,1,0,0,0,0,0,0,9,0,2,1,0,0,0,0
"ENSG00000242798.1",12,0,0,3,4,6,0,3,0,1,12,9,4,21,16,0,15,15,6,6,7,3,4,7,12,9,1,6,3,8,13,9,13,7,7,10,8,3,2,16,0,1,5,5,2,0,0,0,1,4,1,2,5,10,1,9,2,6,3,7,1,7,8,7,1,13,6,3,10,9,31,4,2,2,0,1,5,4,7,11,11,12,21,1,36,7,2,6,5,0,6,21,8,2,1,0,1,6,12,7,2,4,4,4,6,13,11,3,33,7,6,2,3,3,6,5,44,25,17,14,0,16,0,7,5,1,0,2,13,24,8,0,29,0,9,1,12,0,21,1,1,13,18,1,8,26,4,11,3,5,0,2,20,5,2,9,1,8,15,17,2,0,13,12,6,10,15,4,0,18,6,5,17,24,0,1,0,4,15,3,0,5,7,22,12,1,3,4,4,11,3,10,9,17,3,7,0,5,1,16,12,12,21,17,0,3,0,7,1,13,7,2,2,8,2,7,1,1,4,13,0,0,0,6,3,0,9,16,0,8,17,39,3,1,3,12,0,1,1,4,2,9,0,2,48,14,6,0,7,3,1,0,4,2,1,3,1,0,6,11,12,4,34,15,2,18,2,1,10,1,7,1,11,0,7,5,0,0,0,1,8,3,2,0,12,3,1,1,0,9,2,8,2,4,0,33,23,2,6,12,12,0,11,2,0,0,3,5,10,36,5,31,10,8,11,9,14,8,5,2,10,30,1,47,8,12,1,7,0,0,8,2,1,4,28,0,6,15,2,3,0,0,12,14,11,5,1,0,6,0,1,25,12,9,8,1,12,16,3,4,4,0,13,57,24,35,0,14,1,1,6,26,0,0,6,0,25,4,2,10,4,11,7,0,2,3,7,3,1,14,8,3,1,5,9,6,7,6,6,0,5,8,4,5,14,3,22,12,0,3,6,2,6,1,6,5,0,14,16,0,3,1,8,4
"ENSG00000242828.1",0,0,0,0,0,0,5,0,0,0,0,0,0,20,33,2,0,23,0,0,0,0,0,1,18,0,0,5,0,3,0,0,15,9,4,0,8,0,0,0,0,0,0,1,0,0,0,0,0,8,0,20,0,1,0,0,0,0,7,0,0,30,0,1,0,3,3,0,0,0,22,0,0,0,0,0,0,0,5,9,21,9,0,0,23,0,0,2,0,3,0,18,13,0,0,0,0,40,27,0,0,4,0,0,0,0,18,1,121,0,0,0,0,11,0,13,0,5,0,1,0,0,0,0,1,2,2,2,0,15,0,3,44,0,0,0,0,0,18,0,0,0,7,0,0,1,2,0,0,0,0,0,0,12,12,0,0,0,1,22,0,0,0,0,5,10,12,1,0,17,3,2,0,57,0,0,0,13,1,4,0,0,8,1,14,0,0,1,0,26,0,33,3,1,9,0,0,0,0,0,1,0,0,52,0,17,0,9,0,0,0,0,18,7,16,0,0,2,23,16,0,6,0,0,0,0,0,24,0,0,0,0,0,0,0,4,0,0,0,5,1,0,0,0,1,1,9,0,0,0,0,0,1,1,0,0,0,0,0,43,30,31,0,33,2,0,2,0,17,0,5,0,9,0,0,0,25,0,0,8,1,17,1,1,0,0,0,0,1,0,1,0,0,14,0,39,38,0,0,0,0,0,80,0,0,0,0,0,0,21,3,0,2,0,0,0,17,0,0,0,0,0,0,0,7,0,0,0,2,0,26,0,3,0,0,0,0,0,0,0,0,0,1,0,7,17,4,0,46,0,0,0,0,45,0,1,0,0,0,0,0,0,0,0,0,0,0,0,14,0,0,0,0,2,17,0,20,0,0,1,1,28,3,0,0,1,0,21,1,0,0,0,1,0,0,0,23,30,0,0,2,0,0,0,0,0,2,13,1,0,0,0,0,0,0,0,7,0,2,0,0,0,0,0
"ENSG00000242866.10",52,0,0,2,5,3,1,0,4,18,0,26774,0,12,54,0,1,4,0,3,1,0,4,0,1,1,5,4,1,9,6,53,1,0,3,1,2,1,35315,40429,0,17,8,3,1,0,10,0,1,1,7,3,0,1,0,4,2,2,2,2,1,1,0,0,0,1,4,0,2,0,3,5,1,0,10,2,169,10,0,15,3,14,32,6,1,6,0,0,49,1,1,3,2,0,0,1,2,0,7,0,0,1,11,0,1,2,3,4,8,2,4,1,2,2,1,1,6,0,9,0,9,45,0,2,1,0,0,0,2,2,0,0,29,9,9,0,2,1,10,0,0,6,47,0,7,13,12,22,3,3,2,4,0,2,1,1,15,0,7,10,1,15,46,4,13,0,3,6,1,0,1,4,1,1,0,0,6,6,7,0,0,1,2,5,0,2,9,3,0,0,4,0,56,7,0,5,1,4,1,8,1,6,2,6,0,25,0,2,12,2,3,0,1,1,4,1,3,0,5,3,1,1,5,6,1,0,1,67,15,1,7,0,1,4,0,1,0,0,0,2,2,2,0,6,24,1,3,3,1,5,6,3,0,7,0,5,0,3,3,5,0,2,3,4,1,2,29,1,0,0,0,0,10,0,2,4,0,0,0,0,0,2,2,1,10,0,0,4,1,6,0,1,4,5,0,0,5,1,2,1,1,13,3,1,0,18,1,6,1,0,2,5,1,29,6,12,0,4,2,3,2,86,0,4,10,10,0,0,1,1,2,0,0,4,10,0,0,0,0,12,0,1,1,4,3,0,0,26,1,0,1,16,3,0,0,0,17,236,1,4,5,1,3,40,12,2,18,0,0,2,27,3,1,63,19,2,0,3,0,2,0,2,2,0,0,6,8,2,2,3,17,2,0,5,15,0,11,0,3,0,2,6,12,1,4,2,0,1,0,5,6,0,5,0,1,3,3,0,7,1,1,0,0,0
"ENSG00000242911.1",0,0,0,0,0,0,0,0,0,0,0,0,0,28,24,0,0,0,0,0,0,0,0,1,1,0,0,1,0,2,0,0,0,0,0,0,31,0,0,0,0,0,0,0,0,0,0,4,0,0,0,29,0,8,0,0,0,0,0,0,0,0,0,0,0,0,0,0,0,0,135,0,0,0,0,0,0,0,0,71,20,52,0,0,3,0,0,27,0,0,0,23,0,0,0,0,0,5,0,0,0,0,0,0,0,0,0,0,0,0,0,0,0,0,0,2,0,0,0,32,0,0,0,0,0,0,0,7,0,0,0,0,78,0,0,0,0,0,0,2,0,0,2,0,0,0,0,0,0,0,0,0,0,5,0,0,0,0,2,0,0,0,0,0,0,41,1,0,0,29,0,0,0,196,0,0,0,11,0,0,0,0,0,0,0,0,0,0,0,1,0,0,0,2,12,0,0,0,0,0,0,0,0,343,0,41,0,0,29,0,0,0,0,2,5,0,0,0,3,36,0,2,0,0,0,0,0,0,0,0,0,0,0,0,0,9,0,0,0,0,0,0,0,0,0,0,2,0,0,0,0,0,0,0,0,0,0,0,14,22,9,43,0,59,0,0,0,0,98,0,18,0,23,0,0,0,3,0,0,22,30,8,0,0,0,0,0,0,0,0,0,0,0,3,0,203,20,0,0,0,0,0,0,0,0,0,0,0,0,1,0,0,0,0,0,0,157,0,0,0,0,0,0,0,5,0,0,0,2,0,19,0,0,0,0,0,0,0,0,0,0,0,0,0,31,0,0,0,0,0,0,0,0,46,0,0,0,0,0,0,0,0,0,0,0,0,0,0,0,1,0,0,0,1,214,0,49,0,0,0,16,4,0,0,0,12,0,5,0,0,0,0,0,0,0,0,12,21,0,0,0,0,0,0,0,0,0,0,2,0,0,0,0,0,0,0,60,0,0,0,0,0,0,0
"ENSG00000243007.1",0,0,6,7,3,0,2,1,3,24,10,14,7,4,6,0,3,8,20,3,3,0,0,0,2,3,7,1,1,9,0,3,5,6,3,0,24,1,37,15,3,3,0,35,0,6,3,1,0,0,1,4,2,8,14,5,10,1,2,0,98,4,7,2,0,4,1,109,2,0,18,2,0,0,8,3,2,5,0,3,12,6,3,4,7,2,4,7,8,4,0,6,1,10,15,2,65,5,5,0,12,4,2,6,0,1,7,0,8,3,4,2,5,7,3,4,2,4,11,22,4,6,5,16,2,0,0,0,0,8,0,1,8,7,2,0,3,2,3,1,1,6,2,6,2,5,11,6,4,2,0,1,1,0,0,12,2,4,20,6,4,6,2,1,2,2,3,3,0,1,3,4,6,5,1,2,3,13,6,29,0,1,3,1,26,9,3,3,1,1,2,2,2,7,1,8,1,10,2,2,1,2,1,7,2,3,3,0,9,5,1,1,4,0,0,5,30,5,4,14,1,3,4,0,2,0,35,2,0,6,3,1,3,54,98,25,0,24,2,1,0,0,37,2,14,4,4,16,5,72,1,5,2,7,1,3,0,2,7,2,4,2,5,6,1,2,2,0,6,3,5,0,9,0,3,3,5,1,35,0,2,7,0,2,3,2,1,3,4,0,2,2,8,11,120,14,1,21,20,5,0,2,8,0,0,5,0,5,2,6,82,3,4,2,3,5,9,7,4,9,0,8,2,0,3,5,3,29,8,0,16,1,1,5,5,2,24,1,11,0,3,44,4,4,1,1,2,2,1,1,2,11,1,4,5,2,6,3,1,7,3,2,13,2,5,0,1,3,15,1,3,7,1,11,4,2,5,3,3,0,5,4,3,3,3,15,1,3,3,0,7,47,0,2,2,1,12,15,2,0,9,2,2,6,7,1,4,2,0,3,0,0,1,1,4,2,3,4,1,1,0,5,5,0
"ENSG00000243040.6",0,0,0,0,0,0,0,0,0,0,0,2,0,633,36,0,0,1,0,0,0,0,0,3,0,0,0,80,0,0,0,0,0,0,0,0,55,0,0,1,0,0,0,0,0,0,0,48,0,0,0,1,0,0,0,0,0,0,31,0,0,0,0,50,1,0,0,0,0,0,0,0,3,0,0,0,0,0,0,0,138,0,0,0,0,0,0,32,0,0,0,165,4,0,0,0,0,128,46,0,0,0,0,0,0,0,0,0,0,0,0,0,0,0,0,62,0,61,0,0,0,0,0,0,10,0,0,0,0,0,0,0,0,0,0,0,0,0,0,0,0,1,214,0,0,524,6,0,0,0,0,0,0,100,0,0,3,0,103,202,65,0,0,0,0,0,0,0,0,81,242,7,0,0,0,0,0,0,0,13,0,0,1,0,0,1,0,0,0,218,0,0,0,195,0,0,0,0,0,0,0,0,0,406,0,0,0,0,0,0,0,0,1,0,0,0,0,0,0,85,0,0,0,0,0,0,4,0,0,0,0,68,0,0,0,78,0,0,0,46,0,0,0,0,0,0,0,0,0,0,7,0,0,0,0,0,0,0,11,0,53,273,0,0,0,0,0,0,207,0,29,0,0,0,0,0,1,0,0,0,42,0,0,0,0,0,0,0,0,0,0,0,0,29,0,0,316,0,0,0,1,0,0,0,17,0,0,8,14,0,1,0,77,0,0,0,0,0,0,3,0,0,0,0,7,0,0,6,15,0,0,0,34,0,0,0,0,0,0,0,0,2,0,0,107,97,62,0,0,0,0,0,0,0,0,0,0,0,0,0,1,0,0,0,0,0,0,0,0,1,0,82,0,0,0,0,0,0,0,4,0,0,0,0,0,2,0,22,116,0,0,0,0,0,0,0,145,0,0,0,70,1,0,0,0,0,0,0,0,0,0,2,0,0,134,0,81,0,0,0,0,0,0,0
"ENSG00000243073.4",0,0,0,1,1,0,2,2,0,0,0,0,1,70,0,2,0,786,0,1,260,2,81,77,2,0,8,524,0,0,5,0,325,45,133,0,0,0,0,0,0,43,0,0,2,0,3,2,1,150,932,142,7,0,0,2,0,0,319,1,0,9,0,3,48,0,4,4,4648,91,92,3,71,0,27,0,0,4,0,1,4,47,1,0,17,0,9,0,3,0,0,455,0,0,2,0,0,0,0,0,23,0,0,0,2,0,2,0,0,0,20,0,11,137,0,455,0,8,0,3,0,24,5,0,0,0,1,1,2,0,7,0,2,6,0,0,0,0,0,4,0,6,0,3,1,0,0,0,0,0,1,5,13,6,0,0,2,8,12,159,61,3,273,0,0,17,1,7,0,0,2,16,0,58,1,0,1,0,0,0,0,0,131,258,0,9,4,0,16,7,0,0,0,278,11,1,1,0,17,0,13,4,1,0,0,429,0,0,5,13,1,27,0,32,2,0,0,0,15,404,0,4,0,4,0,1,4,0,18,2,0,25,0,0,3,1,0,1,0,764,0,2,0,0,0,0,0,1,0,4,0,1,0,1,12,53,1,1,0,1,334,164,0,0,1,0,1,0,344,1,29,0,0,0,135,0,0,0,0,2,114,0,10,1,2,0,0,1,0,4,0,4,0,0,0,1,0,119,62,1,51,0,0,0,0,1,0,79,1,0,0,0,303,0,551,359,0,0,2,7,0,0,0,0,74,0,0,0,0,1,1,0,57,1,1,1,0,0,0,0,1,4,13,0,18,0,4,0,0,0,3,26,6,1,0,0,0,0,0,16,417,13,5,3,0,0,2,0,0,565,291,2,3,1,588,10,3306,0,0,98,392,272,13,19,0,1,0,10,3,25,0,0,0,4,0,0,188,0,1,4,3,22,2,0,0,0,5,0,9,1,27,40,229,0,19,0,55,0,0,1,0,27,0,1
"ENSG00000243144.7",2,1,0,2,1,0,0,0,0,1,0,79,0,166,28,1,2,2,15,2,0,1,3,18,0,70,0,2,0,289,0,1,11,86,0,2,57,2,10,37,8,5,4,0,2,1,0,106,2,27,0,17,4,49,0,2,2,1,1,1,1,10,0,0,0,0,0,0,9,1,99,0,19,1,2,0,0,0,22,75,10,70,2,0,39,2,6,7,1,2,1,7,1,0,0,1,0,7,15,15,0,0,8,0,0,2,2,1,56,101,3,1,2,3,0,13,6,13,3,3,1,84,1,5,0,0,4,2,1,7,21,3,8,0,6,0,0,0,5,0,0,3,165,0,1,12,18,1,2,3,0,0,0,2,12,1,4,2,4,5,0,0,147,0,1,31,8,3,2,38,4,56,1,1,3,1,1,5,3,0,0,0,162,0,3,6,3,0,65,0,0,17,0,1,14,0,2,0,0,1,0,0,2,182,0,105,1,1,14,5,0,1,3,3,40,0,0,0,55,237,0,1,2,1,0,0,1,217,0,1,0,3,2,71,1,130,0,0,7,38,1,1,0,1,1,1,1,0,0,2,8,0,0,1,0,1,0,0,33,155,5,19,7,1,1,0,0,1,0,1,12,0,42,2,1,0,3,0,0,2,0,97,64,1,0,1,0,0,0,5,1,1,0,74,6,119,688,0,0,2,1,0,90,1,1,1,1,3,1,18,44,2,0,4,6,5,9,4,1,68,3,1,0,1,6,0,2,0,14,0,3,1,35,1,169,0,0,5,0,0,1,0,1,5,4,0,20,1,2,0,0,810,0,24,0,1,1,6,7,0,52,2,4,0,8,0,0,0,0,2,0,72,1,5,4,14,5,3,1,0,13,27,82,0,0,4,1,1,41,6,7,0,0,5,0,8,23,1,3,0,13,7,1,0,61,1,11,21,7,5,4,43,1,1,9,0,1,15,5,2,0,1,1,1
"ENSG00000243155.1",13,0,8,8,23,17,8,5,11,37,31,24,18,27,15,4,24,14,51,31,19,4,12,17,9,25,16,22,6,23,121,29,14,12,17,9,16,7,75,49,4,9,9,17,9,20,4,22,1,7,13,8,8,21,13,31,8,30,21,7,15,17,17,10,5,20,4,8,27,13,55,10,7,0,4,4,24,18,41,19,16,62,17,14,25,17,12,18,13,9,95,24,22,8,19,1,8,46,29,9,16,3,52,0,9,26,32,3,71,22,10,13,12,8,20,13,60,19,26,40,3,16,1,144,29,1,8,9,20,70,19,4,66,8,34,5,14,5,62,3,3,33,11,9,27,9,13,31,18,21,4,2,13,22,2,41,3,25,18,11,18,18,40,69,30,9,11,52,19,51,11,53,38,21,5,4,27,43,24,25,0,6,8,10,12,11,15,8,43,3,29,30,24,53,13,52,2,123,4,22,14,37,24,75,8,36,3,8,35,3,7,23,17,13,7,11,10,18,10,13,1,10,19,4,12,5,32,12,5,14,28,15,10,10,3,20,4,6,2,43,17,5,4,15,39,25,17,4,15,12,2,198,9,30,1,2,4,24,40,56,31,11,30,118,3,25,20,4,12,2,17,2,51,0,28,95,13,3,8,21,23,26,9,6,6,12,0,8,37,15,9,11,57,56,12,29,23,4,18,26,62,11,12,3,13,23,0,17,40,40,17,82,102,22,36,7,26,36,15,25,50,68,3,36,46,20,7,3,7,2,29,14,9,6,27,0,8,55,35,2,4,19,8,28,26,12,5,53,36,3,2,44,8,59,13,8,88,35,16,44,10,22,18,43,31,7,20,25,3,10,14,27,9,8,17,7,13,4,8,6,9,12,51,11,12,83,70,15,5,22,35,8,2,21,35,24,14,10,12,0,3,10,52,2,30,14,29,6,3,4,5,11,7,5,23,8,26,33,62,2,4,6,26,3
"ENSG00000243230.1",12,0,0,7,8,5,1,16,2,0,58,18,12,4,0,0,29,5,23,22,2,0,13,2,43,19,8,23,1,5,26,7,19,50,4,0,2,11,23,79,0,3,45,3,2,0,0,1,1,6,4,1,2,5,8,24,0,15,14,7,9,8,6,3,3,23,17,5,31,11,53,3,7,0,1,6,7,11,15,8,26,47,19,2,37,70,0,4,1,0,24,13,18,0,3,1,5,12,27,0,5,5,2,2,1,10,32,4,20,18,9,1,3,4,18,5,112,26,16,1,1,32,4,7,5,0,2,5,7,34,8,1,33,3,2,3,15,1,17,2,3,27,4,2,9,22,6,11,2,6,0,2,7,15,1,8,3,12,16,24,10,0,6,25,8,11,9,8,18,9,4,12,14,12,0,3,1,6,9,4,0,7,26,19,7,2,10,12,6,13,2,12,23,8,1,16,7,10,3,17,13,6,22,12,1,1,1,19,0,5,6,6,0,19,18,5,0,1,7,16,0,3,0,15,4,1,30,28,0,8,25,24,1,6,3,5,4,3,5,2,1,13,3,10,17,11,5,0,8,21,0,1,5,4,0,2,0,1,6,5,35,5,12,17,0,45,3,0,13,1,3,2,11,0,17,19,1,3,3,2,16,2,4,0,13,0,0,1,0,4,3,8,4,8,2,6,12,6,31,6,44,0,4,1,0,1,2,11,29,19,20,49,8,5,7,0,6,17,1,2,30,13,0,67,1,20,0,15,0,0,13,2,2,9,20,0,9,5,11,0,0,1,16,16,2,2,1,0,2,0,0,11,27,10,8,2,9,9,12,12,1,2,10,63,3,24,0,9,1,0,1,66,0,2,6,2,9,0,7,11,4,3,12,1,2,1,27,13,4,3,8,5,1,29,8,24,9,4,14,1,5,12,12,3,5,0,5,1,0,3,8,1,9,4,24,4,7,7,24,0,0,4,2,0
"ENSG00000243479.3",38,0,1,0,91,57,0,0,0,179,4,0,20,0,65,1,62,0,0,10,0,0,3,0,0,0,0,0,39,0,1,4,0,0,2,1,0,0,0,0,0,81,0,0,0,0,0,0,0,0,0,2,0,2,0,0,0,0,0,2,0,1,0,0,0,218,0,0,0,4,0,0,0,0,0,1,78,1,1,5,0,0,151,1,0,167,0,0,22,0,1,1,0,0,0,0,0,0,0,1,0,0,462,0,0,73,0,0,22,0,15,0,0,0,29,1,23,0,0,0,0,0,1,1,0,0,0,0,139,4,0,0,0,0,1,0,1,0,0,0,0,47,28,0,14,0,0,196,290,216,0,0,0,3,0,0,0,0,0,0,1,26,0,14,96,0,1,0,0,4,0,0,0,96,0,0,0,10,77,0,0,138,0,0,0,1,0,0,0,0,0,0,106,0,0,0,0,0,0,620,0,0,1,32,0,0,0,0,2,0,55,141,0,0,0,136,1,0,0,0,0,0,0,0,1,0,0,0,0,0,4,0,0,2,0,0,0,0,0,0,8,0,0,0,239,79,0,26,0,0,0,0,0,0,0,0,1,145,0,3,0,0,0,3,0,0,1,1,0,1,0,0,17,0,1,1,246,0,0,2,0,0,0,0,0,0,0,26,0,0,0,0,44,0,8,75,21,1,0,212,0,89,160,0,0,0,0,0,0,0,0,275,0,7,2,51,5,86,6,0,67,195,0,6,0,1,0,0,0,0,3,0,0,2,1,0,0,0,151,0,0,0,0,282,0,0,0,598,2,0,2,13,0,40,0,0,191,193,0,0,0,0,0,62,0,0,30,0,0,0,0,0,0,2,2,0,53,0,0,1,0,0,0,0,1,0,316,4,0,0,365,0,0,103,10,0,0,239,0,0,0,0,58,0,0,0,0,0,0,1,0,0,0,0,0,0,0,1,281,21,0,0,0,0
"ENSG00000243537.1",0,0,1,3,10,26,1,1,0,9,1,1,1,0,0,1,1,2,1,1,0,2,0,0,0,2,1,3,0,1,1,2,0,0,1,1,1,1,6,3,1,0,6,0,1,0,2,1,0,0,0,5,0,7,0,0,0,2,10,3,4,60,1,1,0,23,0,0,2,0,3,2,0,0,1,1,11,2,0,13,25,5,1,0,20,19,3,0,2,0,5,11,49,3,2,1,3,1,13,3,1,0,29,0,2,0,41,3,31,6,115,0,0,3,3,1,4,0,5,2,0,0,1,1,0,0,0,1,8,3,1,0,74,0,1,0,3,1,12,0,0,2,6,1,0,13,3,2,16,0,4,1,2,3,1,1,0,2,5,6,3,3,7,12,1,2,0,19,27,485,16,3,4,1,0,0,4,21,0,0,2,6,3,6,0,0,3,7,1,6,5,1,28,0,47,36,0,11,0,3,2,8,5,20,2,0,0,1,2,2,0,3,56,3,13,0,1,2,1,3,1,2,0,0,0,1,1,50,0,0,0,0,0,1,0,0,4,1,0,3,3,0,2,3,11,3,14,0,2,1,0,1,0,0,0,4,0,0,0,2,1,7,47,2,0,6,7,1,67,2,3,0,9,0,3,3,73,5,1,18,4,1,1,0,0,5,0,2,15,0,0,0,0,2,0,115,26,0,0,0,15,1,2,0,110,0,0,1,2,1,2,5,2,2,2,0,7,4,3,2,11,1,0,16,2,4,0,5,0,0,0,2,0,12,7,1,0,43,2,0,1,0,0,1,42,0,5,4,34,0,1,1,0,10,2,0,4,1,5,1,1,1,0,0,0,0,2,11,0,0,0,1,14,7,2,1,1,4,0,0,0,12,17,0,1,5,3,6,2,8,116,10,0,5,6,2,3,4,0,0,0,1,2,1,1,1,52,12,2,0,4,0,1,0,0,0,10,0,30,1,1,0,1,0
"ENSG00000243620.2",0,0,0,0,1,1,91,0,0,0,0,7,1,17,22,1,0,0,0,0,2,0,1,0,282,18,1,116,0,1,2,0,9,47,0,0,242,72,38,45,0,0,10,0,2,0,0,1,0,0,0,20,0,44,0,0,0,0,418,0,1,23,0,3,0,0,29,0,0,0,93,84,181,0,0,0,0,90,79,162,51,378,0,0,10,2,21,1,0,77,0,254,155,31,0,0,0,0,169,0,0,0,0,0,0,0,1,0,323,337,2,0,1,562,0,130,0,119,34,40,0,0,0,0,55,0,0,31,0,35,179,0,11,0,0,0,0,0,2,4,0,0,25,0,1,2,117,0,0,0,0,0,1,194,41,0,8,310,148,122,61,52,2,0,14,23,26,0,1,723,33,170,0,473,2,0,0,663,0,0,0,10,26,0,118,0,203,424,0,1,0,3,0,29,13,0,0,2,0,0,0,0,0,310,0,309,0,0,32,0,0,3,313,306,508,0,2,0,87,279,0,545,1,0,0,0,2,114,0,2,0,1,69,2,0,15,0,0,7,90,0,0,0,0,2,2,30,0,0,0,4,0,0,3,0,0,0,0,0,452,58,63,23,34,0,0,0,1,141,0,136,0,180,0,0,0,466,0,0,250,10,3,19,0,0,1,0,0,2,96,0,0,0,1,0,24,197,1,24,0,0,0,1631,0,86,0,0,489,8,141,1,1,0,21,0,15,223,0,0,315,0,7,0,3,110,0,0,0,10,0,48,0,17,0,2,0,0,0,1,0,0,0,118,1,149,66,0,1,35,0,0,4,0,161,0,0,0,0,179,0,448,0,1,1,0,17,13,379,0,35,0,1,37,8,161,1,277,2,0,38,44,375,3,0,0,7,0,2,3,0,54,0,0,0,0,0,3,65,98,0,90,1,0,0,1,0,50,61,5,0,0,4,0,0,91,0,82,16,34,0,0,1,0,0
"ENSG00000243694.3",2,261,0,91,1,13,1156,0,221,12,0,2,209,13,14,152,0,11,3,37,2,224,0,2,9,14,0,82,0,362,2,14,87,153,40,152,24,0,1,4,351,0,0,0,313,112,217,0,275,113,0,51,245,2,0,261,73,112,254,0,0,0,0,97,3,0,230,0,101,163,17,182,0,386,307,283,34,0,29,21,2,1,4,153,3,0,137,0,136,345,10,15,21,284,0,115,79,0,91,7,83,455,52,0,143,37,616,373,21,4,0,300,162,175,306,65,4,0,0,1,0,0,312,137,15,207,77,0,59,33,89,528,20,71,19,566,0,398,287,0,187,5,87,505,14,3,1,1,20,0,273,373,574,2,182,1,76,466,3,10,0,187,39,3,2,6,231,2,600,0,2,269,12,69,232,1,154,0,71,0,326,6,0,15,0,28,0,0,2,222,0,1,68,1,2,1,511,23,123,0,0,384,0,1409,571,43,27,578,8,133,59,6,698,0,446,5,0,0,175,112,387,1,154,95,275,300,0,261,116,21,0,15,11,0,0,0,294,8,29,34,8,92,0,2,14,3,137,90,0,0,110,0,262,214,323,71,551,0,0,332,112,273,80,3,226,2,51,353,0,373,33,209,107,310,14,333,801,128,0,0,42,70,115,206,1,163,258,0,274,9,140,6,0,23,2,90,64,0,0,0,50,39,63,277,0,24,0,173,2,8,1,0,0,11,32,3,130,0,198,11,0,27,321,3,1,0,128,0,0,245,0,270,217,1,0,704,0,643,0,11,613,2,8,27,0,0,10,4,37,187,424,324,67,133,0,524,0,2,88,84,0,187,10,32,11,236,92,1123,5,23,0,0,14,52,0,0,54,298,0,86,253,138,3,2,253,80,0,69,11,0,184,0,147,52,0,1,0,310,79,484,369,0,0,0,13,0,4,543,297,202,222,277,167,237,0,0,0,0,205,370,374,0,0,416
"ENSG00000243742.5",100,6,90,110,211,6,3,3,0,234,3,7,17,58,4,5,4,4,5,7,26,1,28,12,5,7,9,22,6,9,3,55,36,6,7,32,21,2,2,3,0,69,10,8,5,9,10,36,2,6,2,42,7,64,1,3,5,6,6,4,4,23,5,4,0,13,2,5,14,6,14,42,4,0,12,1,22,16,19,10,24,7,23,5,1,2,59,162,42,5,46,104,1,150,10,0,24,19,19,33,24,4,38,10,41,9,9,8,99,7,10,4,379,54,4,15,24,5,22,162,2,5,2,15,25,2,11,5,19,34,8,2,234,17,41,1,7,4,20,0,0,47,90,5,15,15,15,126,6,30,3,2,4,21,2,1,5,79,2,25,10,12,13,71,35,19,31,41,5,17,15,3,5,43,16,0,8,342,78,8,0,30,9,10,2,8,19,11,2,3,1,2437,12,30,16,2,2,8,3,3,0,12,157,23,3,9,2,16,41,5,5,24,9,1,346,39,4,1,26,60,1,2,11,2,2,5,3,5,4,4,7,7,199,16,9,1159,1,11,2,10,5,24,14,4,118,6,0,12,7,10,4,9,1,18,3,3,3,40,553,11,7,5,59,24,3,61,14,0,3,2,96,1,5,2,9,2,19,2,5,194,8,413,3,2,5,20,5,11,6,29,12,2,10,9,8,14,81,1,28,27,28,2,75,3,10,29,1,12,3,8,8,25,5,17,2,121,29,17,81,9,6,57,5,3,125,13,8,5,11,3,7,3,53,14,16,8,4,6,6,24,1,5,32,52,4,1,2,23,3,1,6,137,3,20,9,4,32,19,23,9,3,14,23,49,24,1,12,13,4,12,3,44,171,51,9,6,11,4,7,3,7,7,5,7,1,1,8,2,4,3,16,2,1,5,8,6,9,59,18,2,2,5,8,1,112,2,48,8,4,136,162,4,2,2,17,1,13,804,8,12,2,3,11,6
"ENSG00000243766.8",16,2,0,254,10,1,0,0,42,5,0,266,476,221,10,86,20,9,5,0,2,0,19,38,23,47,0,292,4,22,0,34,14,10,9,0,81,20,98,161,137,0,0,49,2,93,1,0,0,1,1,1,1,32,32,457,0,0,301,1,133,7,30,5,6,2,224,5,1,152,8,34,6,0,5,0,34,53,9,78,71,105,30,18,316,54,61,0,4,127,11,3,28,26,0,0,1,0,11,55,43,0,125,11,4,10,195,0,62,0,0,3,0,361,35,11,3,0,0,2,0,198,1,127,29,0,2,29,1,18,38,0,176,10,14,0,26,0,4,6,0,6,0,0,5,2246,29,0,0,0,0,2,323,105,51,198,0,1,44,162,0,1,1,23,2,0,19,71,64,656,38,27,283,117,1,9,308,279,32,0,0,28,24,5,1,0,331,109,3,83,204,39,123,67,70,582,0,5,0,45,45,42,0,270,0,14,0,402,35,51,19,3,118,3,76,25,24,12,13,479,0,33,0,20,0,0,1,562,2,64,150,147,36,103,2,11,0,386,8,106,53,215,100,13,7,8,9,0,5,337,21,1,0,0,2,0,0,31,0,146,95,522,79,23,0,91,28,0,355,0,12,0,5,0,24,23,77,0,1,207,128,2,280,0,0,0,0,3,0,2,0,34,1,16,9,0,1,53,0,0,190,14,4,0,21,4,5,178,44,45,13,32,0,7,0,0,35,1,5,49,9,38,0,2,4,3,1,154,1,0,99,47,34,19,58,0,25,411,10,0,0,155,6,2,88,86,31,6,0,0,2,166,476,7,55,0,1,5,8,0,312,1,40,2,0,30,126,0,72,53,8,126,23,22,44,261,39,0,0,519,19,63,37,7,0,61,27,91,10,41,6,161,0,5,3,7,59,5,30,0,62,44,66,0,202,0,154,0,35,0,84,101,0,0,98,0,13,25,206,3,0,0,4,0
"ENSG00000243810.1",0,0,0,0,0,0,0,0,0,0,0,0,1,133,11,0,0,11,0,0,1,0,0,0,0,0,0,7,0,12,0,0,10,7,0,0,77,0,0,0,0,3,1,0,0,0,0,1,0,0,0,34,0,20,0,5,0,0,0,0,0,5,0,0,0,0,0,0,0,1,39,1,0,0,0,0,0,0,4,46,59,7,0,0,20,0,0,6,0,0,0,2,0,0,0,0,0,85,0,7,1,0,0,1,0,0,0,0,100,0,0,1,0,6,0,2,0,12,1,59,126,2,0,0,3,0,0,13,0,1,0,0,41,0,0,0,0,0,0,0,0,0,4,0,0,88,0,2,0,0,0,0,0,2,14,0,0,1,1,2,0,0,0,0,0,1,37,1,0,8,0,0,1,31,0,0,0,0,1,0,0,0,0,2,0,0,14,0,0,2,0,3,0,60,1,0,0,0,0,0,0,1,9,55,0,3,0,1,1,0,0,0,2,1,18,0,0,0,18,4,0,0,0,0,0,0,0,84,0,1,0,3,8,0,0,1,0,0,1,0,1,1,1,0,0,0,0,0,0,1,0,0,0,0,0,0,0,0,2,0,21,1,5,9,0,0,0,0,45,0,13,0,3,0,0,0,0,0,0,5,0,0,6,0,0,0,0,0,0,0,1,0,0,7,1,5,5,0,0,1,0,1,6,0,1,0,0,1,12,5,1,0,1,0,0,1,38,0,0,6,1,0,0,0,9,0,2,0,0,0,284,0,3,0,0,0,0,0,0,0,0,0,1,0,2,13,0,0,2,0,0,0,0,8,0,0,1,0,0,0,4,0,0,0,0,0,0,0,0,0,0,2,0,0,26,0,24,0,0,0,0,3,7,0,0,2,0,3,0,0,0,0,0,1,0,1,6,0,0,0,1,0,1,0,0,1,1,0,0,0,0,0,0,0,0,0,1,0,0,0,0,0,0,0
"ENSG00000243885.1",2,0,0,0,1,0,11,1,0,6,1,2,0,0,0,1,0,0,0,0,0,1,0,0,0,2,0,1,0,2,0,2,6,6,3,1,8,0,0,4,0,1,0,0,0,0,1,0,1,0,0,4,0,0,1,0,3,0,0,1,0,0,0,0,0,0,2,6,4,0,0,0,0,0,0,0,0,3,2,0,1,0,2,0,3,0,0,0,0,0,1,1,0,11,0,0,3,0,5,0,1,0,6,2,1,0,2,1,1,0,5,0,0,0,0,5,3,0,1,3,2,2,0,1,0,0,0,0,0,23,0,0,1,1,0,0,0,0,1,2,0,3,4,0,0,2,1,0,5,0,2,0,2,2,0,1,0,2,2,3,0,0,1,2,0,0,1,4,1,2,2,6,0,1,0,2,0,2,12,1,0,0,1,1,6,0,1,3,2,2,0,0,1,2,1,1,0,2,0,1,0,3,2,3,0,2,0,2,1,0,0,0,1,0,1,0,1,0,0,3,0,1,0,0,0,0,0,0,0,1,8,0,6,0,0,1,0,1,3,1,2,2,2,0,1,5,0,0,6,0,2,0,0,0,0,2,0,0,0,0,6,3,2,0,0,0,0,1,12,0,2,0,4,0,0,0,1,0,1,3,2,1,1,1,8,1,1,0,0,1,0,2,1,2,0,2,8,3,4,2,2,0,0,0,5,0,1,1,8,0,1,0,3,1,0,10,4,0,0,0,0,5,0,3,0,3,0,2,0,0,1,1,0,0,6,0,1,1,0,0,0,4,0,0,1,2,0,0,1,0,0,0,2,2,0,0,2,2,7,11,0,0,1,2,0,1,0,1,0,1,1,1,5,0,4,2,1,0,7,14,2,0,4,0,0,24,3,1,4,0,1,0,0,0,0,0,5,0,2,0,3,1,0,1,0,0,1,0,0,0,0,0,1,2,0,1,4,0,1,0,2,2,3,0
"ENSG00000243902.6",14,0,0,5,3,0,0,16,0,13,0,4,1,0,7,0,15,1,3,9,13,0,28,4,21,5,1,0,0,0,9,6,4,11,9,0,0,4,0,0,0,1,32,0,2,0,1,1,0,1,0,2,0,2,0,5,0,0,9,0,0,5,1,5,0,1,2,0,6,2,0,1,2,0,0,0,1,6,3,2,0,13,1,1,20,32,0,0,0,0,5,0,5,1,0,0,1,6,9,0,0,0,0,0,0,1,5,1,0,0,4,1,0,1,7,5,7,10,6,0,0,0,0,0,0,0,1,4,20,0,1,0,1,1,2,0,0,0,16,10,1,8,0,1,11,21,0,11,1,4,2,0,0,3,1,0,4,10,0,6,13,0,0,14,1,0,3,5,0,4,7,12,1,5,0,5,4,0,14,1,0,23,5,13,0,1,6,6,7,3,4,0,0,5,0,5,0,1,0,0,0,2,9,12,0,1,0,13,2,0,9,5,2,37,10,12,3,0,1,0,0,1,0,6,1,0,0,0,0,0,0,2,3,1,1,0,0,0,1,0,14,1,0,12,6,2,0,0,0,1,1,5,0,2,0,2,0,7,4,1,5,0,0,1,0,13,3,0,15,0,0,0,0,0,1,0,0,0,3,5,3,0,0,0,12,0,0,2,1,5,2,2,0,0,3,0,20,3,4,6,8,14,1,0,0,1,0,4,30,2,0,21,0,3,4,2,0,1,0,1,1,17,0,0,0,8,0,7,0,0,0,0,1,2,13,0,1,4,0,0,0,0,11,5,0,5,1,3,0,0,0,3,6,1,0,0,6,3,0,37,2,0,0,8,1,3,0,0,0,0,8,12,0,0,3,9,12,0,2,2,0,2,18,0,2,0,20,19,0,8,7,1,2,16,2,6,3,0,0,0,0,2,25,7,0,0,1,0,0,0,0,0,4,0,7,14,2,1,17,1,0,6,0,0
"ENSG00000243944.5",0,0,98,4,0,0,60,0,0,0,0,32,1,128,11,0,0,96,31,9,0,0,8,2,40,19,198,61,0,5,0,98,7,24,70,0,161,0,31,6,6,1,27,4,2,0,1,24,3,0,1,4,0,21,1,0,0,0,72,0,0,35,0,4,0,0,9,13,4,0,24,20,0,0,67,0,7,0,0,0,139,37,0,0,16,0,30,4,2,11,2,16,0,631,4,0,0,38,5,2,10,1,1,14,0,0,24,0,43,0,28,1,0,2,0,16,0,7,22,37,1,12,0,0,20,1,0,80,0,1,4,0,47,1,0,0,0,2,0,8,0,1,43,1,0,42,33,2,0,1,0,3,81,71,9,0,37,2,317,52,66,2,30,2,3,2,19,0,1,9,13,27,4,0,0,1,25,19,0,42,0,4,59,1,21,4,27,0,2,17,0,0,0,49,5,0,0,1,0,0,19,0,1,48,0,94,1,0,13,21,0,34,221,55,4,0,1,55,44,100,0,28,22,3,0,0,4,1,1,83,0,22,22,0,12,168,0,8,74,176,1,15,5,0,35,1,0,0,57,1,1,0,0,1,0,0,1,7,0,12,37,37,12,0,0,4,0,0,14,0,51,0,6,0,0,0,1,0,0,11,45,53,24,1,0,0,0,1,0,25,0,0,0,234,39,10,3,19,2,0,5,1,0,0,207,0,3,64,19,1,19,1,11,8,4,0,23,1,2,42,2,1,0,35,25,0,2,31,52,0,42,0,7,27,1,0,4,0,0,0,0,4,12,0,27,41,61,32,0,1,0,93,1,1,0,2,0,0,0,1,51,26,3,0,1,5,108,0,9,2,0,39,43,1,27,9,1,0,0,45,51,75,28,3,0,150,0,0,136,0,0,0,1,0,0,1,55,2,5,0,19,0,2,0,16,10,5,2,159,0,9,49,4,0,0,0,25,6,0,0,0,21,1,0
"ENSG00000243978.8",0,3,2,16,28,59,0,127,0,0,4,3,1,31,0,6,15,43,1,11,11,1,7,129,34,850,0,321,94,4,5,106,70,89,162,2,7,13,0,15,2,0,228,0,30,13,3,31,2,183,11,2,36,10,0,180,4,57,541,22,0,14,2,64,38,208,94,0,173,251,1,70,69,1,2,4,5,10,14,222,10,56,1,2,155,73,53,7,6,10,60,42,28,0,1,14,1,377,17,20,1,7,0,17,10,15,135,12,15,250,78,9,9,894,36,6,79,7,3,10,0,21,27,0,91,1,4,21,66,7,88,6,52,27,4,10,0,1,17,4,19,68,4,47,16,1,2,5,4,2,2,7,92,13,33,0,8,28,62,216,3,2,60,173,0,12,12,0,988,88,33,65,8,79,4,1,4,29,7,0,6,232,37,7,36,4,147,115,41,31,8,61,8,111,14,7,10,3,1,13,4,77,12,2007,4,45,32,129,19,1,15,138,2,27,96,3,0,0,87,206,7,52,2,10,3,1,15,42,2,7,93,25,17,6,0,116,3,2,91,7,10,13,0,116,27,8,2,4,54,1,11,4,4,0,2,31,4,0,0,89,146,260,2,13,1,86,22,10,87,2,15,1,0,4,37,82,0,20,0,1,77,24,103,4,63,10,1,1,6,9,14,21,23,3,3,1,2,2,63,2,35,3,5,13,7,1,5,26,28,1,3,31,9,4,22,1,0,13,6,94,90,9,7,35,270,12,9,6,0,6,0,16,5,97,3,16,13,11,3,0,12,6,104,2,168,236,5,61,19,3,2,8,176,0,24,2,19,0,13,0,43,20,1,1,1,31,5,35,2,49,41,3,3,0,15,27,19,0,56,77,23,332,166,27,17,15,35,30,74,26,29,24,32,179,77,107,221,115,10,7,11,26,96,6,3,4,1,1,0,4,270,1,45,18,70,3,131,201,48,13,5,20,1,4
"ENSG00000244020.3",0,7,0,0,0,0,0,0,0,0,0,0,0,0,0,5,0,0,0,0,0,6,0,0,0,0,0,0,0,0,0,1,0,0,0,0,0,0,0,1,0,0,1,1,0,1,1,0,2,0,0,1,1,1,1,0,5,0,21,0,0,0,0,0,0,1,0,0,0,0,0,0,0,1,0,0,3,0,0,0,0,0,2,0,1,2,2,0,0,0,0,0,0,0,0,0,4,0,1,0,0,0,0,0,0,0,0,0,5,0,0,7,1,0,0,2,0,0,0,0,0,0,0,0,0,14,8,0,0,0,0,7,0,1,0,3,0,6,0,0,0,0,0,1,0,1,0,0,0,0,0,3,0,0,0,0,0,0,0,0,0,0,0,0,0,0,0,0,0,0,0,0,0,1,0,0,0,1,1,0,4,0,0,0,0,0,0,0,0,0,0,2,0,0,0,0,2,0,1,0,0,0,0,3,0,0,1,0,0,4,1,0,0,0,0,0,2,0,0,1,2,0,0,0,0,6,0,0,0,0,0,0,0,0,0,0,1,0,0,2,0,0,0,0,1,0,0,0,0,0,12,0,1,0,4,0,3,0,0,0,1,1,0,0,1,0,0,0,0,1,0,2,0,3,0,0,0,1,0,0,0,0,0,5,1,1,2,0,0,1,2,0,0,0,1,1,0,0,0,0,1,0,5,3,0,27,0,0,0,0,0,0,0,0,20,0,2,0,5,0,0,0,2,0,1,0,0,0,0,5,2,0,0,0,77,25,0,0,0,0,5,0,0,0,1,0,0,0,0,1,15,0,0,0,0,8,0,0,0,8,0,0,0,0,0,0,0,0,0,0,1,0,2,0,2,0,0,4,0,0,0,1,0,1,0,0,0,0,0,0,0,0,0,0,0,0,0,1,0,2,0,0,0,0,3,0,1,0,1,0,0,0,0,0,0,0,0,0,1,6,1,0,0,8
"ENSG00000244048.1",1,0,0,0,1,1,0,0,0,0,1,1,0,113,43,0,0,0,0,0,0,0,0,0,0,0,1,0,0,14,1,0,1,0,0,0,30,0,0,0,0,0,0,0,0,0,0,0,0,0,2,62,2,1,0,0,0,0,1,0,2,4,0,0,0,0,0,0,0,0,48,0,0,0,0,0,0,0,0,19,0,15,1,0,1,0,0,0,0,0,0,18,0,0,0,0,0,2,0,0,0,0,0,1,0,0,0,0,2,0,0,0,0,0,1,0,0,0,2,5,0,0,0,1,0,0,0,3,0,0,0,0,23,0,0,0,0,0,0,0,0,1,15,1,0,2,0,0,0,0,0,0,0,3,0,0,1,0,0,0,1,0,0,0,0,4,0,1,0,6,1,0,0,125,0,0,0,1,0,0,0,0,1,0,0,0,0,0,0,0,0,0,0,1,4,0,0,0,0,0,1,2,0,333,0,8,0,1,0,0,0,2,0,2,0,0,0,0,2,1,0,0,0,0,0,1,0,0,0,0,0,0,0,0,0,0,0,0,0,0,0,0,0,0,0,0,1,0,0,0,0,0,0,0,0,0,0,0,1,10,0,4,0,39,0,0,0,0,4,0,2,0,2,0,0,0,2,0,0,0,7,1,0,0,0,0,0,0,0,0,0,0,0,0,0,24,40,0,2,0,0,0,2,0,0,0,0,0,1,0,0,0,0,0,0,0,16,3,1,0,0,0,0,0,0,0,1,1,0,0,2,0,1,0,1,0,0,0,1,0,0,0,0,2,4,0,0,1,0,0,0,1,0,3,3,0,1,0,0,0,1,0,0,0,1,0,0,0,0,0,1,0,0,0,85,0,12,0,0,0,1,1,0,1,0,1,0,0,0,0,0,0,0,0,0,0,1,7,0,0,0,0,0,0,0,0,1,0,0,0,0,0,0,0,0,0,0,1,0,0,0,0,0,0
"ENSG00000244151.1",23,0,4,10,3,5,4,0,8,30,11,8,5,24,73,2,8,5,13,7,5,0,10,2,5,7,3,10,0,22,23,9,9,5,7,3,12,5,15,22,0,3,10,5,4,0,8,1,0,7,3,1,0,9,1,21,3,7,6,2,3,24,2,5,4,12,5,4,8,7,50,4,8,3,3,2,7,12,18,5,13,11,88,1,9,10,4,2,14,1,16,15,9,23,5,2,9,4,13,1,4,7,6,3,2,9,15,1,40,10,5,4,7,6,6,14,26,6,6,5,0,10,2,14,9,1,2,6,4,26,7,0,30,9,3,0,12,0,17,3,0,29,21,2,10,38,18,21,9,7,3,3,5,1,2,2,5,11,3,20,17,1,15,16,15,10,13,17,6,18,2,7,2,12,1,8,6,16,20,3,0,3,11,12,5,6,4,0,3,6,10,18,14,19,0,26,1,12,1,12,6,18,5,8,0,6,8,6,3,11,6,6,12,6,3,6,9,2,11,26,2,2,0,7,1,1,2,11,2,1,17,36,6,6,3,5,0,0,4,8,1,2,6,9,43,11,17,4,9,9,0,0,3,15,1,7,1,14,7,19,8,4,38,11,1,16,6,0,33,6,7,2,34,0,14,7,4,0,5,11,6,16,3,0,19,4,0,6,2,5,2,3,3,5,1,15,40,1,13,17,14,7,25,1,1,1,5,10,9,6,8,8,3,6,3,25,7,5,3,8,8,33,1,23,10,20,1,4,2,0,18,6,7,6,29,5,14,8,0,11,0,1,6,37,4,0,8,7,6,1,5,7,16,15,10,2,5,50,15,23,7,4,25,29,22,11,2,4,2,1,4,27,0,3,32,0,15,0,3,5,10,8,6,0,8,0,17,3,6,0,10,1,1,6,4,4,7,15,14,4,8,13,7,2,26,7,17,15,0,2,9,0,10,1,2,1,0,21,10,1,4,5,11,5
"ENSG00000244227.7",2,0,71,10,3,7,2,9,10,1,4,40,365,167,6,2,5,4,49,8,0,1,10,1,4,8,1,11,8,59,7,0,2,15,6,4,20,1,17,44,1,0,13,31,2,16,7,2,0,1,15,9,1,5,7,12,17,13,31,7,35,5,17,5,6,22,19,84,3,7,201,19,13,0,15,3,6,7,121,1,20,18,1,11,52,5,6,10,70,2,14,7,2,0,17,0,60,10,4,4,8,0,8,25,2,2,11,2,3,5,8,1,6,111,5,6,10,10,5,12,3,1,6,4,3,0,0,2,34,2,3,1,10,3,2,0,23,1,5,4,0,10,2,0,20,6,7,3,8,2,4,7,5,6,4,6,0,72,47,3,28,2,12,2,1,0,0,4,5,19,6,11,25,11,4,6,2,14,1,6,0,6,10,6,206,4,7,31,14,2,0,4,3,17,1,1,0,1,11,11,10,9,2,2,3,7,5,5,1,26,9,6,9,2,20,1,19,2,8,7,0,7,7,14,5,0,38,3,5,36,2,15,3,16,269,7,1,9,6,7,13,16,34,13,5,8,1,8,22,19,9,6,2,5,0,18,3,2,9,9,14,14,5,8,1,1,24,6,16,0,8,0,3,0,10,13,0,1,367,3,18,1,18,0,29,11,0,24,4,22,0,7,15,10,26,5,3,11,42,3,4,6,9,0,6,5,2,10,4,20,8,10,16,10,21,1,11,5,8,8,6,6,1,42,8,28,2,49,3,1,16,3,12,2,13,4,3,10,12,10,3,3,14,0,2,2,8,2,6,2,0,5,8,7,95,0,10,0,13,2,8,2,23,2,9,23,4,3,4,5,3,15,2,42,3,9,1,7,29,3,16,7,4,4,1,0,2,5,4,256,4,7,0,18,10,2,20,10,32,1,9,12,19,9,21,494,2,3,22,18,62,5,5,12,9,10,2,10,1,2,3,3,13,3
"ENSG00000244234.3",0,0,0,4,89,7,0,0,1,0,0,0,1,0,0,1,18,3,0,17,211,0,0,5,0,2,0,18,1,0,343,1,1,0,0,0,0,2,0,0,0,2,0,1,0,1,0,1,19,1,0,1,2,0,0,6,0,1,40,3,0,69,1,184,1,53,0,1,0,7,0,60,2,0,0,0,3,143,0,7,4,845,1,0,5,0,8,0,0,0,22,12,7,0,0,0,0,2,0,0,0,0,0,0,0,0,14,1,21,1,0,0,0,2,0,0,29,36,4,3,0,3,0,0,12,1,0,25,3,1,3,1,20,4,1,0,1,0,11,3,3,2,2,0,575,0,1,1,0,0,0,1,1,5,1,2,0,0,0,302,1,2,31,6,0,27,1,2,80,1,0,6,1,1,0,0,1,0,0,0,0,1,0,2,0,6,1,2,8,104,2,0,1,101,12,0,1,0,0,5,26,134,16,14,1,1,4,0,33,0,2,28,1,1,2,0,0,0,0,0,2,45,0,7,0,0,0,2,0,1,18,1,1,0,0,11,6,0,1,0,0,54,0,1,16,1,0,0,1,1,0,1,0,0,2,0,0,0,0,77,22,8,4,0,0,18,11,0,390,0,6,0,0,0,7,1,0,2,0,15,3,1,1,0,0,0,0,0,1,44,3,14,35,1,1,0,0,0,0,1,22,0,2,3,1,0,0,3,0,1,2,4,0,34,0,3,1,2,4,4,0,1,0,6,28,0,0,1,0,0,2,11,0,1,1,1,5,0,0,0,0,0,0,3,22,0,0,1,1,0,0,0,2,1,0,2,3,0,0,0,5,0,1,0,0,19,3,1,0,5,4,2,0,0,16,12,3,0,1,56,0,2,17,4,3,0,3,10,1,51,4,0,0,0,14,0,88,2,5,0,1,0,0,1,0,0,1,1,1,2,5,0,15,0,2,0,7,0,163,1,1,1,0,0
"ENSG00000244301.6",0,4,0,16,0,1,0,7,13,0,22,65,16,2,6,1,3,9,13,21,8,2,13,2,11,53,12,55,1,3,2,0,4,13,9,14,15,7,30,115,4,0,28,54,7,0,6,1,1,0,8,2,3,18,7,0,22,6,0,0,65,0,32,0,3,18,6,43,0,1,3,26,0,2,2,10,21,67,10,13,30,5,163,4,1,4,16,7,21,5,32,34,0,4,37,2,40,4,8,0,12,23,0,33,29,2,5,5,39,2,0,5,45,0,5,13,13,27,8,91,23,3,4,36,42,4,6,6,3,14,35,6,21,9,17,1,73,8,1,1,2,5,6,5,7,35,18,0,2,0,2,8,10,8,8,27,18,3,120,33,1,3,11,11,1,0,1,1,1,1,1,26,70,0,9,22,17,8,2,47,1,0,41,3,45,4,6,12,8,2,40,0,18,3,2,15,11,15,8,45,4,6,8,1,2,7,1,2,6,2,14,0,1,0,4,0,169,21,8,22,2,3,3,6,8,0,170,4,7,78,6,40,5,70,55,10,0,14,1,6,11,11,40,47,18,65,5,6,38,124,17,7,9,24,1,2,1,4,23,2,16,1,9,5,4,44,4,14,0,0,10,0,2,0,51,7,0,0,34,0,2,32,2,0,125,1,2,7,4,18,1,36,5,16,19,1,5,31,12,0,3,11,3,2,11,11,19,49,15,16,105,12,39,65,123,40,9,0,19,36,11,1,4,19,32,2,3,69,4,0,201,2,1,16,313,3,58,2,33,21,4,24,50,1,2,2,9,11,2,1,2,5,90,1,31,6,14,10,8,20,17,5,25,19,5,48,1,0,26,20,1,140,2,9,15,0,19,4,7,75,14,0,21,3,8,7,11,11,0,4,6,48,0,8,14,22,141,1,46,3,4,14,102,158,3,0,17,0,0,1,16,3,18,20,0,10,1,1,2,2,2,5,7,1
"ENSG00000244306.11",270,0,103,54,36,8,9,32,24,22,5,61,3,410,76,11,4,101,10,5,28,3,114,20,87,24,64,39,36,96,96,12,43,16,23,14,43,2,85,87,12,86,107,21,8,4,11,150,2,4,3,61,1,141,6,5,0,2,34,5,2,48,11,27,13,2,25,23,8,1,479,29,16,3,0,1,58,70,92,48,153,278,69,5,63,8,42,10,47,60,18,96,47,2,1,4,4,82,47,15,8,12,19,10,12,34,11,6,563,129,16,1,3,67,1,41,16,45,34,56,31,25,0,8,82,0,13,59,7,107,43,2,99,8,39,1,3,1,61,41,4,14,118,13,2,46,30,5,56,3,1,11,41,53,34,16,36,8,103,80,47,1,38,1,10,47,154,15,4,48,14,34,3,290,2,6,71,65,9,36,2,4,92,93,67,11,116,31,180,50,74,58,14,54,19,28,6,23,0,15,30,16,10,127,6,96,7,5,78,102,7,15,36,51,106,120,2,2,70,118,0,22,27,13,4,0,56,118,4,10,1,47,20,8,6,74,9,10,22,18,7,33,1,0,32,35,18,4,10,10,6,21,0,32,0,7,3,14,79,157,92,49,71,47,5,15,10,4,67,3,66,2,87,0,12,2,139,0,3,40,178,64,55,1,9,32,2,4,24,21,18,4,5,96,5,118,40,16,21,4,23,3,69,3,10,3,1,18,26,45,93,4,143,5,26,74,39,15,8,30,10,21,1,133,136,22,10,18,64,4,24,0,27,2,165,3,19,104,2,4,0,46,50,3,60,23,22,8,32,0,3,81,4,120,23,7,1,12,75,5,85,8,12,137,140,2,66,87,12,32,1,84,5,16,106,4,59,0,0,116,24,67,111,11,2,80,12,20,80,1,94,0,1,6,4,10,97,226,16,2,6,20,11,1,34,80,64,32,14,12,24,22,17,7,53,1,34,47,5,1,6,7,43,5
"ENSG00000244468.1",0,0,0,1,0,0,11,9,0,2,0,0,0,0,0,0,0,1,0,0,0,34,39,0,0,0,0,4,0,0,1,0,1,1,1,0,1,1,1,0,1,0,0,0,0,0,0,0,72,0,0,39,0,0,0,0,1,0,0,0,0,10,7,0,0,0,1,0,0,0,2,0,0,0,0,0,0,2,1,0,3,0,5,0,1,1,0,0,0,0,0,59,0,0,0,0,0,0,0,0,0,0,0,0,0,0,0,0,0,0,0,0,0,0,0,1,4,0,0,0,0,0,0,0,0,0,0,0,1,0,1,0,19,0,0,0,0,0,0,1,0,0,0,0,0,0,0,0,0,39,87,0,0,1,0,0,0,0,1,0,7,0,0,0,4,0,4,2,0,1,0,8,0,0,0,0,1,0,6,0,0,0,0,0,0,0,64,0,27,0,0,0,1,1,0,0,0,0,2,0,0,24,0,0,0,0,0,0,0,0,0,0,0,0,1,1,0,0,0,1,0,2,0,0,0,0,0,1,0,0,0,0,0,1,0,1,0,0,0,0,0,0,0,0,10,0,0,0,14,0,0,0,0,1,0,0,0,0,0,1,0,0,0,0,0,0,0,30,0,0,1,0,0,0,0,0,2,0,0,0,1,0,1,0,0,0,60,0,3,0,0,0,1,0,0,2,20,0,47,1136,0,0,3,0,0,0,0,0,0,0,0,0,0,0,3,866,0,0,0,0,0,0,0,2,0,18,0,0,0,0,0,0,0,1,0,40,0,31,0,1,0,0,0,1,0,0,0,6,15,0,0,1,0,2,0,0,0,3,1,0,44,68,0,2,1,0,0,0,0,0,0,0,0,0,0,0,0,0,0,1,0,7,1,0,0,0,0,0,0,0,0,0,0,0,0,0,0,0,0,0,0,0,4,0,3,0,0,0,0,0,0,0,0,1,0,0,0,0,0,39,0,0,0,66
"ENSG00000244471.6",0,0,51,0,0,0,0,0,0,4,0,3,6,63,3,0,1,0,0,3,1,0,0,3,23,0,0,1,2,0,0,0,0,4,0,1,10,0,1,0,0,0,0,0,3,0,0,0,0,1,1,39,1,13,0,2,1,1,0,1,1,0,0,1,1,1,0,1,0,1,223,0,0,0,0,0,0,0,1,21,78,42,0,0,25,0,0,11,0,0,1,10,2,1,0,1,0,2,0,0,0,0,0,0,0,1,0,1,21,2,0,1,0,0,0,1,2,1,4,9,0,0,0,0,0,0,0,2,3,1,1,0,37,1,0,1,0,0,0,0,0,0,0,0,0,50,2,3,0,0,2,0,0,30,0,0,0,2,1,2,31,0,0,0,0,26,0,0,3,24,0,0,0,76,0,0,0,36,3,0,0,0,1,0,42,0,1,0,1,3,0,1,0,6,7,1,0,0,0,0,0,1,1,238,1,44,1,0,28,0,0,1,0,0,17,0,1,1,6,0,0,0,7,0,0,0,0,0,0,0,0,0,0,1,0,1,1,0,0,1,0,2,0,0,5,2,0,0,0,0,0,0,0,0,0,0,0,0,0,21,24,14,0,57,0,0,0,0,76,1,3,0,45,0,2,1,0,0,0,52,4,1,1,0,1,0,0,0,1,0,2,0,0,0,0,0,0,0,5,2,1,0,0,3,2,2,0,0,14,52,0,0,0,0,0,2,27,3,0,0,4,0,1,0,2,0,0,0,2,0,91,1,2,0,0,0,0,0,0,0,0,0,0,0,21,0,0,0,2,1,1,2,0,112,0,0,0,0,0,0,0,0,1,2,0,0,0,10,0,0,0,1,0,7,43,0,112,0,0,0,6,0,1,0,0,1,2,1,0,0,0,0,2,1,1,0,1,6,0,0,0,2,2,0,0,62,1,3,0,1,1,0,0,0,0,1,3,17,0,0,0,1,0,1
"ENSG00000244476.3",2,2,83,1,0,0,0,6,2,3,5,3,3,6,2,20,11,3,2,1,3,22,0,0,2,5,0,1,1,0,1,1,0,2,0,4,1,1,0,0,0,1,2,5,4,3,0,3,2,1,2,2,12,0,4,0,35,2,0,0,2,0,0,6,1,3,3,2,3,0,4,2,1,1,2,19,1,0,3,2,3,2,1,2,1,0,4,13,5,1,0,3,0,0,2,9,43,7,4,3,2,5,0,0,1,15,0,19,62,0,1,8,0,1,3,0,0,0,0,1,2,0,2,4,3,21,0,1,4,2,1,9,4,1,2,25,1,5,0,1,3,7,0,6,2,2,3,0,7,1,9,21,0,1,2,1,1,4,0,3,1,0,1,2,0,1,2,0,1,0,0,2,0,4,0,0,1,6,1,1,11,1,2,1,8,0,7,16,1,1,0,1,12,0,1,0,13,0,15,0,1,2,4,1,1,7,0,0,4,0,1,3,0,0,2,1,3,0,2,2,3,0,0,0,1,10,14,0,0,1,1,2,4,2,0,5,9,4,0,1,6,1,6,3,0,0,2,2,15,5,2,4,4,0,20,0,9,5,1,3,2,1,3,7,6,1,1,16,0,15,2,4,13,21,2,2,0,15,8,1,3,1,2,8,3,2,6,0,1,0,7,2,0,2,10,1,2,4,12,0,2,142,1,18,0,0,8,5,8,1,2,0,1,1,3,0,2,7,0,0,2,0,8,2,0,1,2,15,0,5,2,0,2,7,4,22,0,1,1,2,12,0,3,2,2,3,1,4,7,30,15,3,6,2,3,9,0,0,0,0,3,5,5,3,0,1,0,2,1,0,0,1,0,1,2,1,1,3,4,0,3,1,0,1,6,0,1,0,0,0,0,5,23,3,1,1,3,0,5,8,0,0,5,3,4,55,0,26,0,2,3,3,0,2,0,0,0,1,3,13,21,33,0,13
"ENSG00000244485.1",3,0,2,0,0,0,24,0,0,2,0,29,2,74,44,0,0,21,1,1,0,0,1,2,244,0,3,25,0,14,1,2,22,13,9,1,89,1,2,2,0,0,1,13,0,0,0,21,0,1,1,98,1,32,0,0,2,0,6,0,1,61,1,75,0,1,5,2,0,0,68,2,10,1,1,0,0,7,21,83,39,47,3,0,2,0,0,7,2,1,0,87,24,4,1,0,4,21,69,0,2,0,0,1,0,1,1,0,138,29,0,0,2,10,0,10,1,49,109,41,0,7,0,5,33,0,2,16,0,64,5,0,28,1,0,2,1,0,6,1,0,1,15,0,1,0,4,0,1,2,1,0,1,42,3,1,0,4,52,56,14,0,0,0,0,18,24,3,0,4,4,7,18,79,2,0,0,141,0,132,1,2,0,0,50,2,83,1,2,53,1,1,1,113,31,0,0,1,0,0,41,1,0,47,0,34,1,0,18,2,2,3,0,55,1,0,0,1,32,53,0,35,0,0,0,0,6,2,0,1,1,5,0,2,0,45,0,1,6,14,1,2,1,0,0,0,16,0,2,5,0,3,0,2,0,0,0,2,0,0,247,101,2,51,0,2,0,1,147,0,33,0,19,0,2,0,22,0,0,10,141,19,1,0,84,0,0,0,0,1,1,0,1,2,0,156,38,0,5,0,0,0,42,0,9,0,0,5,27,45,124,4,22,0,0,5,49,3,0,25,1,2,0,1,8,1,0,0,8,0,141,0,5,1,61,0,0,0,1,1,0,3,16,3,61,30,10,2,2,1,1,1,0,13,2,1,4,2,1,0,0,1,1,1,0,0,1,61,2,16,0,20,1,3,103,1,47,0,0,111,71,59,50,0,1,14,1,50,8,0,1,0,0,0,1,0,93,6,0,0,7,0,0,0,3,1,19,39,5,1,6,10,0,0,36,0,30,0,2,1,0,4,0,3
"ENSG00000244734.4",185,199,4986,554,99,91,282,469,1345,1140,464,200,3133,418,803,1355,120,121,1701,1178,119,2374,723,157,259,489,275,1449,128,451,25,145,77,1015,167,160,305,225,1623,193,24,352,2099,839,2169,297,107,569,2161,7790,625,887,3630,479,1075,1124,11290,1011,915,330,1466,3813,114,2173,2759,391,1033,463,661,209,300,2165,246,155,259,1043,1300,257,164,240,328,6,533,296,419,252,16,19,173,246,141,856,52,295,699,1353,2033,798,103,304,418,721,390,304,68,492,365,2758,649,660,162,4509,317,334,126,595,444,115,78,375,106,222,5724,153,408,2053,1246,134,116,65,201,1660,70,595,78,1303,387,1231,481,481,1180,312,828,843,258,234,310,115,113,279,1168,905,22,229,2184,185,100,449,127,583,2981,853,1217,96,13,5714,2989,327,736,270,175,170,658,1494,1050,75,248,2409,567,1437,2102,427,124,141,382,160,1821,2574,74,379,707,719,392,170,3182,106,811,893,223,549,85,3355,360,372,4396,597,38145,118,253,440,267,387,490,315,1171,44,77,962,68,668,978,505,216,302,303,501,1121,92,102,215,54,795,729,607,600,310,1164,361,122,170,102,457,812,465,67,50,9,474,1030,562,106,531,1175,952,739,169,920,266,351,4089,461,784,505,1724,3391,154,51,920,174,1581,255,445,628,701,99,248,677,5893,1259,78,428,548,171,1127,171,155,2996,318,2014,312,909,167,143,1769,325,301,654,222,7609,63,523,633,77,3431,226,253,98,393,133,84,211,123,209,195,382,174,293,684,52,290,374,203,838,103,408,69,7684,319,668,4823,205,372,544,957,277,7978,186,1201,2990,217,2262,669,295,205,674,84,378,89,127,8358,10844,211,2514,1009,63,3193,251,58,313,3,1333,2416,220,15,277,271,84,277,5786,104,2355,904,2800,601,80,243,959,10771,1505,284,2503,679,267,1089,2511,241,365,103,146,263,1195,420,1725,650,155,275,593,416,548,2265,1065,15,150,54,1208,651,69,252,1100,551,428,203,1731,240,1720,43,60,55,162,2649,1893,641,231,2354
"ENSG00000244998.1",8,0,24,1,0,0,0,0,0,23,40,0,4,2,5,2,0,0,0,0,0,0,10,1,0,0,0,0,0,0,6,1,7,2,0,1,1,6,0,0,0,1,1,1,0,0,0,0,0,0,0,1,0,1,0,0,1,0,1,0,0,0,0,0,0,0,0,0,0,0,0,1,1,0,0,0,6,0,2,0,2,0,0,25,0,25,1,0,5,0,4,1,0,3,6,0,0,0,6,1,0,0,4,0,3,1,1,2,6,0,0,0,2,0,0,0,0,0,4,3,0,0,0,0,1,0,0,0,0,1,0,0,0,0,1,0,1,0,2,0,0,3,1,0,2,6,1,4,0,37,0,0,0,0,0,0,1,0,0,0,0,6,0,1,0,0,0,6,0,0,0,0,0,0,6,0,0,0,2,0,0,59,0,0,0,0,0,0,1,1,0,0,1,0,0,0,0,0,0,8,0,0,2,0,0,0,0,7,0,1,2,4,9,0,0,1,1,0,0,0,0,0,0,3,0,0,0,0,0,1,1,0,0,0,0,0,0,1,0,0,5,3,4,10,2,1,0,0,0,0,0,1,0,7,0,3,0,4,1,2,0,0,42,0,0,7,5,0,0,0,1,0,0,0,0,0,6,0,2,0,0,1,0,0,0,0,0,0,0,1,0,0,1,0,4,15,0,4,0,14,2,17,8,1,0,1,0,2,0,0,0,0,0,39,5,8,0,1,0,0,2,6,0,1,0,5,0,0,0,0,1,0,0,1,1,0,0,0,171,1,1,0,0,5,0,0,0,4,0,0,0,4,0,0,0,0,1,4,0,0,0,0,1,3,1,0,0,6,0,0,1,0,0,25,1,0,0,4,0,1,0,0,0,1,1,0,0,0,0,0,8,12,0,1,0,1,1,1,0,0,1,0,7,0,0,1,0,0,0,0,0,0,0,0,0,0,0,0,12,1,0,0,24,0
"ENSG00000245008.4",1,0,4,3,2,1,0,3,0,3,1,3,3,5,3,0,0,0,0,3,1,0,1,1,2,2,0,2,0,4,1,1,0,6,2,1,3,1,5,8,0,0,3,9,0,0,3,6,1,1,0,3,0,1,0,1,11,2,6,4,1,4,0,2,0,2,7,4,2,6,1,7,2,1,2,1,1,0,3,5,8,2,0,1,14,2,1,1,16,0,0,3,0,4,1,0,1,9,2,3,3,0,1,0,1,4,6,0,3,0,2,0,4,3,1,3,5,0,2,1,0,1,1,1,7,0,0,0,4,1,0,0,2,2,1,0,3,0,2,1,0,2,1,1,1,4,4,2,6,0,0,0,0,3,2,0,0,5,3,1,6,3,1,1,3,6,1,3,3,3,0,3,3,4,1,0,3,1,3,1,0,1,1,6,0,2,1,0,2,1,0,25,5,3,1,0,0,0,2,5,0,2,2,1,0,2,3,1,2,1,0,1,1,6,2,0,3,2,0,14,0,7,1,5,0,1,1,3,0,5,1,1,2,5,6,2,0,4,3,6,2,1,0,0,8,1,0,1,5,2,0,1,0,2,0,2,0,3,1,19,2,1,3,0,0,6,2,0,5,0,3,1,2,0,5,0,0,0,1,1,3,1,1,0,1,1,0,2,2,2,0,3,1,3,1,1,1,1,4,0,0,4,1,0,1,1,0,5,1,2,0,1,0,1,3,1,4,3,5,0,5,5,0,3,2,0,0,1,0,0,4,0,1,0,0,0,0,7,2,3,0,0,2,1,1,2,0,1,1,0,0,1,1,4,2,3,1,2,3,2,3,7,1,2,5,0,0,5,0,2,0,3,0,1,0,0,0,0,4,5,6,3,1,0,0,3,2,1,0,2,4,0,1,1,3,2,1,5,1,0,7,2,3,0,5,1,3,2,5,18,3,0,6,5,13,1,0,0,1,0,0,0,4,0
"ENSG00000245080.7",12,0,0,0,5,0,1,1,0,1,1,0,2,33,3,0,1,5,2,0,3,0,1,0,0,0,2,6,0,6,0,2,3,0,0,1,5,2,0,0,0,2,0,0,1,0,3,1,0,0,0,14,1,1,0,3,3,0,4,0,1,13,1,1,0,3,2,1,5,3,11,1,3,0,0,0,11,4,0,1,0,4,10,0,1,2,1,2,5,0,3,1,2,0,0,0,0,0,0,6,0,1,5,0,3,0,3,0,5,1,0,2,2,1,3,0,4,1,1,0,0,2,0,0,2,0,0,0,3,29,1,0,23,1,4,0,2,0,1,0,0,2,3,0,2,4,8,3,1,1,2,1,0,1,0,0,1,18,1,2,8,1,9,2,1,1,0,5,1,8,0,5,1,1,0,0,0,0,2,1,0,1,3,15,0,0,0,1,8,0,4,0,0,2,0,1,0,2,0,0,2,4,2,4,0,0,0,3,0,4,2,2,4,0,3,1,0,0,4,0,0,4,0,3,0,0,1,10,0,3,2,0,9,0,1,4,0,0,0,0,0,2,0,1,2,3,0,0,3,0,0,2,0,6,0,3,0,1,1,5,1,0,10,0,0,5,1,0,3,0,8,0,1,0,0,0,0,0,0,24,2,1,0,1,1,2,0,1,2,6,1,1,2,1,7,16,8,0,0,1,5,1,0,0,2,0,0,0,0,2,1,1,0,4,1,5,0,7,1,0,6,2,0,0,2,2,3,1,0,0,3,1,2,1,2,0,0,69,0,0,0,0,3,2,1,0,0,2,0,0,0,3,1,0,0,0,1,0,0,0,0,0,1,1,18,0,0,0,0,3,4,2,0,0,0,0,1,0,1,3,0,0,3,0,2,4,3,1,0,3,3,0,0,0,0,0,2,0,4,0,1,1,1,0,16,1,1,2,0,1,0,0,2,0,2,1,1,0,1,1,0,0,1,0
"ENSG00000245482.2",0,0,0,0,0,0,0,0,0,0,0,0,0,1,0,1,0,0,0,0,0,0,0,0,0,0,0,0,0,0,0,0,0,66,2,1,7,0,0,0,0,0,0,0,0,0,0,0,0,1,0,1,0,0,0,0,0,0,21,0,0,4,0,0,0,0,8,0,0,0,0,17,0,0,0,0,0,0,0,15,1,35,0,0,0,0,0,7,0,0,0,56,0,4,0,0,0,4,0,0,3,0,0,0,0,0,0,0,0,0,0,0,2,0,0,7,0,0,0,3,0,30,0,0,0,0,0,0,0,1,1,0,0,0,0,0,0,0,1,1,0,1,0,0,0,0,0,0,0,0,0,0,0,0,0,0,0,0,1,0,0,0,0,0,0,7,0,0,0,1,0,0,5,7,0,0,1,1,0,4,0,0,3,3,0,0,0,0,0,1,0,0,0,15,33,0,0,0,0,0,2,0,0,110,0,5,0,0,0,0,0,0,0,0,0,0,0,0,0,20,0,8,0,0,0,0,0,0,0,0,1,2,0,2,0,26,0,0,29,6,0,19,0,0,3,0,0,0,0,1,0,2,0,0,0,0,0,0,0,0,1,9,0,0,0,0,0,0,59,0,1,0,0,0,0,0,0,0,0,0,43,1,0,0,0,0,0,0,0,0,0,0,0,0,0,0,0,0,0,0,0,0,2,0,0,0,0,0,0,0,0,1,0,0,1,0,1,0,0,0,0,0,0,0,4,0,0,0,0,0,0,0,2,0,0,0,0,0,0,0,0,0,0,1,0,1,0,0,0,0,1,0,0,0,0,0,0,0,0,0,4,0,0,0,0,22,83,0,0,0,0,0,0,0,30,1,17,2,0,25,8,0,7,0,0,2,0,3,0,0,1,0,0,0,0,0,41,5,0,0,0,0,0,0,0,0,1,0,10,0,68,0,2,0,26,0,6,0,0,0,0,1,0,0
"ENSG00000245614.4",22,1,8,9,26,9,25,6,3,44,5,25,36,120,10,5,4,17,22,10,4,1,6,5,17,11,14,16,3,48,34,11,15,10,2,23,7,4,35,18,3,10,24,11,5,43,3,19,3,7,5,15,5,63,20,43,1,10,23,15,4,5,12,13,1,22,4,5,38,64,36,3,2,2,30,3,57,3,27,28,33,17,76,10,38,3,1,11,10,9,36,26,20,5,6,1,7,21,56,18,10,2,68,4,6,14,22,2,124,24,5,2,7,7,15,8,99,12,55,40,4,17,2,50,18,0,1,54,15,70,5,2,34,10,11,3,16,2,160,4,0,63,140,7,9,74,34,40,24,10,1,6,26,17,8,11,5,26,28,40,24,7,28,7,22,13,30,89,59,72,4,20,19,48,6,3,15,36,64,15,0,10,10,17,12,7,23,9,16,47,8,48,50,14,6,54,6,31,10,35,9,79,13,123,1,16,2,28,29,57,2,14,44,7,12,21,3,8,7,32,2,25,18,3,4,0,11,61,9,12,53,20,12,16,18,30,4,8,4,8,3,14,5,1,29,37,24,12,13,12,4,15,2,33,0,30,3,3,26,25,45,23,52,58,0,13,35,0,39,2,10,1,35,3,5,30,81,0,5,30,22,36,56,2,6,32,0,5,46,5,4,9,26,26,12,39,50,14,9,23,26,6,106,1,25,8,3,7,13,29,14,21,20,17,11,16,69,10,3,6,28,30,4,50,23,54,0,15,10,2,13,10,8,26,45,4,22,60,15,6,0,14,4,19,18,18,11,32,39,0,1,31,5,41,13,3,24,53,34,16,35,9,5,73,40,7,8,73,1,12,27,10,3,16,63,10,43,5,8,24,15,10,25,3,5,10,26,20,18,19,35,9,2,18,8,19,18,72,10,1,7,15,3,4,26,15,14,48,18,6,4,27,4,2,18,6,17,125,43,4,3,2,44,3
"ENSG00000245662.4",0,0,0,0,4,0,5,1,0,1,0,4,2,51,20,0,0,6,2,9,0,6,4,0,5,5,0,7,1,16,3,0,11,0,3,0,10,0,0,1,6,0,5,2,0,0,0,1,1,1,1,103,0,23,1,0,7,0,7,2,1,1,0,62,0,2,0,0,1,0,244,2,1,0,0,3,15,0,0,52,77,74,0,0,46,2,0,4,0,0,0,16,4,0,0,5,0,32,1,1,0,1,0,0,2,3,3,0,203,16,0,1,0,12,3,1,3,0,7,0,0,4,0,0,0,5,5,78,1,60,32,2,13,0,0,1,0,0,2,11,0,0,98,0,0,1,0,0,0,0,0,0,1,128,1,1,0,2,3,6,4,0,0,0,1,26,13,0,4,253,1,8,1,255,0,0,0,57,1,1,0,1,1,7,1,0,38,0,0,275,0,1,0,136,37,1,0,0,0,0,3,1,0,46,0,21,1,1,17,1,0,1,2,48,13,0,1,0,38,2,0,10,3,0,0,1,0,2,0,1,0,2,0,0,0,5,1,0,1,0,0,0,0,0,2,4,1,0,0,0,0,0,0,14,0,0,0,0,38,77,92,6,1,68,2,0,0,0,11,1,20,0,68,0,4,0,44,0,0,36,17,34,0,1,1,0,0,0,1,0,0,1,0,1,0,7,239,0,1,2,0,0,24,4,1,0,1,4,52,3,1,0,3,0,1,1,2,2,1,0,1,1,0,0,1,1,2,1,5,0,113,1,0,0,4,0,1,1,2,1,6,5,1,22,106,11,10,0,2,0,2,7,0,76,0,1,1,0,0,0,10,0,0,0,2,3,0,1,0,0,0,2,0,1,11,0,4,2,5,43,0,19,0,1,0,44,0,9,0,1,0,1,2,2,0,0,1,1,0,0,14,1,1,1,0,2,2,5,1,0,1,0,22,0,1,1,57,0,3,1,0,11,0,2
"ENSG00000245694.10",94,5,347,92,70,47,459,14,18,668,757,1331,188,40,981,14,37,236,1,41,34,21,349,35,266,21,159,665,80,12,467,74,166,247,71,191,346,42,2436,1811,11,107,363,1792,45,24,99,266,45,16,20,625,14,303,1026,18,46,227,173,162,178,251,61,87,254,546,29,510,18,26,886,208,4,7,101,11,843,292,382,27,574,275,318,31,518,53,197,125,266,186,160,729,179,480,133,8,53,309,7,115,101,170,597,79,60,322,288,11,867,323,13,35,41,18,88,392,584,308,453,658,158,345,26,11,272,9,24,6,51,1061,277,10,16,16,90,15,535,11,73,7,6,114,624,112,168,632,476,25,60,245,14,34,311,341,17,265,24,529,681,511,28,163,7,27,53,37,253,401,663,465,333,269,18,10,31,15,97,291,665,801,15,70,533,68,306,133,432,295,687,335,7,462,111,503,173,11,32,241,22,389,10,413,22,495,8,11,28,484,29,15,132,30,439,499,108,76,604,5,148,72,6,266,25,314,23,16,16,6,88,634,641,21,148,108,35,407,26,10,305,27,42,22,60,42,819,740,165,190,157,148,99,254,9,1006,7,302,7,258,960,887,364,94,586,553,31,135,164,38,234,11,24,2,174,10,109,99,29,5,237,235,3,304,382,9,78,121,15,55,18,96,39,132,12,362,276,205,41,233,1318,404,26,19,193,35,145,86,99,394,129,342,28,25,49,357,218,924,362,125,263,119,562,181,9,402,252,84,17,6,929,4,1384,122,35,172,1084,22,6,18,3,46,6,5,44,254,258,12,203,220,69,20,21,276,43,283,135,27,518,1116,293,35,302,237,47,469,724,184,247,68,117,19,333,737,412,116,0,13,8,31,197,20,222,19,14,124,25,2,21,105,13,20,22,267,8,16,22,171,525,386,63,1,162,199,269,28,173,62,281,316,166,179,157,12,22,31,222,73,103,1332,202,32,6,6,1344,29
"ENSG00000245719.1",2,0,1,0,2,0,0,0,0,2,0,0,0,0,1,1,0,0,0,0,0,0,0,1,0,0,0,0,0,1,0,2,2,3,0,0,4,0,1,1,0,7,1,0,1,0,1,0,0,0,2,0,0,0,0,2,0,0,0,0,1,2,1,0,0,0,1,8,0,0,12,0,0,0,8,0,20,2,4,6,1,2,0,2,1,1,0,1,0,0,0,13,0,0,1,0,0,0,0,1,1,0,6,1,1,2,1,0,6,4,2,0,3,1,0,0,2,15,0,0,1,0,0,0,1,0,0,1,0,21,0,0,1,1,0,0,0,0,0,0,0,1,1,0,5,0,0,0,0,0,2,1,1,33,0,1,0,1,3,0,0,0,1,0,0,0,0,1,1,0,10,0,1,0,0,1,0,2,0,1,0,11,2,1,0,1,0,3,1,0,3,15,11,0,0,1,0,0,3,0,1,1,0,4,0,0,3,0,6,0,0,2,1,0,3,0,0,1,3,1,0,0,0,0,1,0,2,3,0,0,0,0,0,6,0,40,0,12,2,0,0,0,8,0,2,0,0,0,1,6,1,0,0,0,0,0,0,0,1,1,0,1,0,1,0,1,0,0,0,0,0,0,1,0,0,1,0,0,3,1,1,1,0,0,10,0,1,1,0,0,1,0,0,1,6,7,2,1,0,3,2,1,30,0,0,0,0,0,0,0,1,1,0,2,0,1,0,1,2,0,2,2,0,1,2,0,0,2,6,1,0,0,0,4,0,0,2,0,0,0,0,2,0,1,4,0,0,0,1,0,0,66,0,0,0,0,0,0,0,0,3,0,2,0,1,2,2,0,7,0,0,0,0,4,5,4,0,0,0,0,2,0,0,0,0,0,1,0,0,0,0,5,0,1,0,1,9,1,3,0,0,4,0,0,0,0,3,0,0,0,3,2,0,0,1,3,0,6,0,0,1,0,3,0
"ENSG00000245812.3",11,2,153,6,4,3,0,9,3,7,5,19,1,11,77,5,8,7,0,6,2,0,10,8,11,10,5,5,2,11,6,5,7,10,2,12,14,3,12,16,4,8,12,9,6,0,4,8,0,7,13,4,2,2,3,11,19,7,5,1,9,5,2,10,0,11,5,9,8,7,12,18,9,0,12,0,5,5,4,5,4,2,3,6,9,10,3,0,89,4,11,10,1,1,10,0,25,27,4,6,11,1,10,5,8,11,16,0,12,4,19,1,29,12,6,11,28,6,4,11,2,1,10,6,7,1,2,4,10,8,3,7,3,9,4,0,7,1,6,3,3,18,11,1,10,25,4,9,7,3,0,2,8,2,7,2,2,27,18,6,16,2,1,3,0,6,7,8,1,5,1,4,10,9,1,5,7,3,3,3,0,23,12,8,8,8,26,14,4,0,1,10,4,14,7,1,4,0,5,32,3,11,13,6,0,2,3,7,1,6,15,11,4,4,35,9,2,8,14,22,1,7,1,2,2,0,10,13,1,15,12,2,18,4,5,13,1,14,3,9,8,11,4,5,28,5,1,4,8,4,4,2,1,11,0,3,1,19,8,26,7,10,12,5,1,16,5,0,7,1,8,1,2,0,13,4,5,0,7,9,14,2,5,2,6,16,1,22,0,20,8,7,6,5,5,6,7,13,48,7,14,6,6,4,2,6,7,16,4,0,5,4,3,15,9,16,13,43,28,11,10,6,2,20,10,7,0,11,1,0,7,0,9,6,11,4,2,17,3,1,1,7,17,2,0,9,15,4,1,0,0,7,15,1,5,1,5,3,10,0,2,6,14,4,47,5,5,16,4,11,3,7,0,1,0,1,0,0,14,14,1,7,4,1,0,2,18,5,2,2,5,14,1,17,3,9,8,3,27,1,2,2,8,2,9,154,2,3,5,29,4,10,7,6,16,6,3,40,5,0,0,3,9,0
"ENSG00000245832.7",0,0,17,0,0,0,0,0,0,1,0,1,1,9,38,0,0,0,0,0,0,0,0,0,0,0,0,0,2,1,0,0,1,0,0,0,9,0,0,0,0,1,0,0,0,0,0,3,0,1,0,13,0,0,0,0,0,0,4,0,0,13,0,0,0,0,1,0,0,0,1,1,1,0,0,0,0,1,0,0,12,1,0,1,3,0,0,2,0,0,10,0,0,0,0,0,0,1,18,0,0,0,0,0,0,0,0,0,28,1,0,2,1,0,0,5,0,1,0,0,0,0,0,0,1,0,0,0,1,4,0,0,7,0,0,0,0,0,3,0,0,0,10,0,1,20,0,0,0,0,0,1,0,13,1,0,0,1,18,9,0,0,1,0,0,12,24,1,0,19,0,0,0,2,1,0,0,27,0,2,0,0,0,0,28,1,2,0,0,10,1,0,0,0,1,0,0,0,0,0,0,0,1,10,0,23,0,0,0,0,0,1,0,2,1,0,0,0,2,6,0,3,0,0,2,0,0,0,0,0,0,2,2,1,2,0,0,0,0,3,1,0,0,0,1,0,0,0,0,0,0,0,1,0,0,1,0,1,5,0,2,1,1,25,1,1,0,0,3,0,2,0,10,2,1,0,15,0,0,0,0,0,0,0,0,0,0,0,0,1,1,0,1,1,0,5,1,0,0,1,0,0,0,0,1,0,0,0,8,3,1,0,0,0,1,7,34,0,0,0,1,0,0,0,0,0,0,0,1,1,16,0,0,0,1,1,0,0,0,0,0,1,0,1,16,10,0,1,10,0,0,0,0,39,0,0,1,0,0,0,0,0,0,0,0,0,0,0,0,0,0,0,0,0,4,0,75,1,1,3,0,0,0,0,0,0,0,8,0,0,0,0,0,1,1,0,1,37,0,0,1,0,0,0,0,5,1,0,0,1,1,0,0,0,0,0,5,0,0,1,0,0,0,1
"ENSG00000246095.2",0,0,32,0,2,0,0,0,0,0,0,0,2,6,0,0,0,0,0,0,0,0,0,0,0,0,0,0,0,0,4,0,0,0,2,4,1,0,0,0,0,3,0,0,0,0,1,1,0,0,0,1,0,0,0,0,0,21,0,0,0,0,0,0,0,1,0,0,0,14,0,0,0,0,0,0,33,0,1,18,0,0,27,0,0,0,0,0,1,0,1,0,0,0,0,0,0,0,0,0,0,0,0,0,0,1,0,0,179,19,0,0,0,0,2,0,10,0,0,18,0,0,0,0,0,0,0,0,0,0,0,0,0,0,0,0,0,0,0,0,0,11,0,0,0,0,1,2,2,0,0,0,0,1,0,0,0,3,0,25,0,0,0,0,0,0,0,0,0,2,0,0,0,1,0,0,0,0,5,0,0,0,0,0,1,0,0,0,0,0,0,27,0,1,0,0,1,0,0,23,0,0,2,3,0,1,0,0,0,0,0,1,6,1,0,0,0,0,0,0,0,0,0,0,0,0,0,0,0,0,8,0,0,0,0,0,0,0,0,0,1,0,0,0,17,0,0,0,0,0,0,0,0,0,0,0,0,0,0,2,0,0,0,2,0,1,0,0,0,0,0,0,12,0,1,0,7,0,0,0,0,0,0,0,0,3,0,0,0,0,0,0,0,0,3,23,1,0,0,5,0,1,6,0,0,0,0,0,0,1,0,0,0,0,0,0,0,0,1,0,0,1,0,36,1,1,0,0,0,0,48,0,0,0,0,0,0,0,0,0,0,0,0,0,0,0,0,0,0,0,0,4,0,0,0,0,0,0,28,0,0,0,0,0,5,0,0,14,0,0,0,0,0,2,8,0,3,0,0,0,0,26,0,0,0,0,0,0,0,0,1,0,0,0,0,0,1,0,0,0,0,0,0,0,0,61,0,1,0,0,0,0,0,0,0,0,0,13,23,0,0,0,4,0
"ENSG00000246228.6",5,0,0,0,0,19,0,0,2,1,0,3,1,53,51,0,1,3,0,23,2,0,5,1,1,1,0,1,4,4,3,15,2,0,9,4,16,0,2,2,0,6,1,0,0,0,2,10,0,0,0,0,1,61,0,43,1,0,2,0,0,3,0,0,1,3,0,2,0,1,162,1,3,1,0,0,3,4,2,0,12,0,6,55,2,1,6,3,6,0,3,5,1,22,0,0,0,1,51,2,3,0,16,0,0,8,2,0,8,0,5,0,1,3,1,0,7,0,8,32,1,0,0,2,1,0,0,1,5,4,3,0,4,0,1,0,3,1,0,0,0,12,24,0,85,11,10,1,154,1,0,0,0,23,0,0,1,17,1,1,28,0,1,4,2,2,6,2,1,0,0,15,2,0,4,9,2,329,145,2,0,1,2,0,2,1,3,2,0,1,1,1,0,4,1,1,1,14,1,0,0,0,13,0,1,3,0,1,2,0,1,1,78,0,2,59,1,0,6,1,1,3,4,0,2,1,1,0,0,0,0,0,11,1,1,0,0,0,0,2,16,1,0,1,2,3,0,0,5,0,1,0,0,0,0,2,1,3,0,5,1,0,0,131,2,5,1,0,0,3,21,0,164,0,2,0,1110,0,1,1,0,13,1,1,0,8,1,2,15,3,5,1,12,2,1,55,5,0,3,1,1,8,36,2,46,1,0,1,15,12,0,2,2,1,1,2,2,1,6,3,4,6,1,0,4,0,2,0,2,0,10,3,2,1,0,1,0,3,0,0,0,1,0,3,0,0,0,5,40,0,3,44,0,17,0,1,24,1,23,4,1,1,0,3,1,0,3,0,2,3,1,0,56,1,9,1,0,0,0,1,1,0,0,2,0,1,5,1,3,0,27,0,1,4,6,5,3,14,4,0,0,0,4,0,6,0,0,11,0,5,0,2,2,2,0,0,0,9,1,0,1,0,5,3
"ENSG00000246334.2",19,0,7,3,6,1,24,2,0,17,7,0,12,24,50,1,1,14,7,4,3,1,5,2,2,0,7,3,0,14,15,21,15,2,3,18,7,4,0,2,23,17,8,0,4,3,6,4,0,2,2,27,1,6,1,4,2,6,2,2,1,8,2,4,1,1,4,2,2,6,41,9,1,0,2,0,9,4,23,11,13,10,38,22,4,2,5,1,18,3,57,56,5,119,0,1,2,1,19,6,4,0,8,0,5,3,1,1,6,2,4,2,4,0,4,4,35,3,12,29,0,2,1,41,6,1,3,1,1,36,0,2,27,5,11,0,7,1,9,0,0,22,36,1,4,13,12,19,18,7,0,1,6,6,0,26,4,9,5,11,10,12,9,4,13,1,25,25,0,5,0,3,11,4,6,2,1,20,11,5,0,4,1,9,1,5,16,3,4,3,0,10,5,19,2,4,0,49,2,8,2,14,6,10,0,9,2,1,0,0,4,4,31,0,14,16,7,0,4,16,0,0,1,0,3,0,4,10,1,13,5,4,5,4,2,16,0,4,8,2,1,10,2,4,12,23,15,14,4,3,3,7,1,9,0,2,1,1,7,9,2,0,30,13,1,5,7,3,7,1,12,2,6,0,5,5,11,0,2,4,3,17,2,0,3,7,0,1,33,3,4,2,3,9,8,36,30,4,1,22,6,4,24,1,6,1,0,2,4,4,3,20,0,0,9,7,10,11,6,7,0,27,0,2,5,1,0,2,9,0,8,0,5,5,5,2,5,4,1,7,2,1,2,23,3,0,1,21,5,0,1,10,3,6,2,0,15,106,8,10,2,1,1,13,15,4,9,10,1,5,4,4,0,3,5,1,4,2,0,2,1,1,3,1,4,15,6,4,1,5,18,1,1,4,6,1,3,12,7,1,12,4,11,1,23,2,16,5,0,3,6,1,2,0,1,1,0,27,8,0,1,1,11,3
"ENSG00000246876.7",0,0,0,0,0,0,20,0,0,0,0,0,2,38,29,0,0,15,0,1,0,0,12,0,2,5,0,40,2,80,0,1,1,0,0,0,11,0,0,0,4,0,1,2,0,0,0,3,0,0,0,25,0,4,0,7,0,0,16,0,0,55,31,5,0,0,10,0,1,0,10,0,0,0,0,0,22,0,7,2,5,9,0,0,16,0,1,1,0,2,0,28,4,0,0,0,0,5,2,2,0,0,0,0,0,8,0,0,25,0,0,0,0,17,0,7,0,4,0,2,1,43,0,0,4,0,0,5,0,1,3,0,33,0,0,0,0,0,10,4,0,0,75,0,0,35,9,0,7,0,1,0,0,2,1,0,6,1,30,16,0,0,0,0,3,12,12,0,0,16,7,8,0,157,0,0,1,5,0,3,0,6,0,0,0,0,12,0,1,16,0,0,0,11,6,5,0,0,0,0,0,0,0,81,0,29,0,0,1,1,0,0,10,25,22,0,7,0,3,44,0,8,2,0,0,0,0,26,1,0,0,3,1,0,16,10,0,0,0,3,0,1,0,0,0,0,18,0,0,0,0,0,0,28,0,0,1,0,2,96,12,15,0,8,0,0,0,0,38,0,10,0,20,0,0,0,17,0,0,7,57,9,8,0,0,0,0,0,0,0,1,0,0,10,0,15,74,0,0,0,0,6,15,0,4,0,0,1,6,11,1,0,6,0,0,25,8,0,0,2,0,1,0,0,4,0,0,0,2,0,13,0,0,0,21,1,0,0,0,0,0,0,0,0,14,13,10,0,0,0,0,9,0,29,0,0,0,0,4,1,8,0,0,60,0,2,1,2,0,1,0,2,7,0,53,1,25,0,0,38,7,8,1,0,0,22,1,1,0,0,7,0,0,0,0,6,23,42,5,0,5,1,0,0,1,0,26,5,10,0,0,20,0,0,1,0,2,0,0,0,0,1,0,0
"ENSG00000247311.3",1,0,0,0,0,0,0,0,0,1,2,7,8,1,0,0,0,0,2,0,0,0,0,1,0,0,0,0,0,0,0,1,0,0,0,0,33,0,1,1,0,0,0,7,0,0,0,0,0,1,0,0,1,2,6,0,0,0,0,0,13,0,0,0,0,1,0,4,0,0,0,0,0,0,0,0,0,0,1,0,6,0,0,0,0,0,0,1,0,0,0,3,1,0,0,0,1,0,2,0,0,0,0,5,0,2,0,0,1,0,0,0,0,0,0,0,0,0,0,44,3,0,0,8,1,0,0,0,0,0,0,0,0,0,0,0,1,0,0,0,0,0,2,2,0,0,0,0,0,0,0,0,0,1,0,2,0,0,24,0,1,2,0,0,0,0,0,0,0,0,0,0,1,1,1,0,0,0,0,8,0,0,1,0,39,0,0,0,0,0,0,12,0,0,0,0,1,0,1,0,0,0,0,0,0,0,0,2,0,0,0,0,0,0,0,0,9,1,0,3,0,0,0,0,1,1,15,1,0,14,0,0,0,15,95,16,0,13,0,0,0,0,3,0,2,0,1,2,6,7,0,0,0,0,2,0,0,0,6,1,0,0,0,0,0,0,0,0,0,0,0,0,0,0,0,0,0,0,0,0,0,15,0,0,7,0,0,0,0,0,0,0,1,25,0,0,1,7,0,2,0,0,0,1,0,0,0,0,0,0,117,0,1,0,1,2,8,0,0,0,0,0,0,0,0,0,0,1,33,0,4,0,0,0,0,0,2,0,6,4,0,11,0,0,0,0,1,0,0,0,0,0,0,2,0,0,2,0,1,0,0,0,1,0,0,0,0,0,1,0,0,2,0,5,0,0,0,0,0,0,0,0,0,0,0,0,1,1,0,0,0,4,0,0,0,0,28,0,0,0,0,0,0,0,2,0,0,0,0,0,1,0,0,0,0,0,0,5,0,0,0,0,6,0
"ENSG00000247345.2",0,0,0,2,0,0,2,0,2,0,2,0,0,51,18,0,1,0,0,0,0,0,0,0,0,0,0,1,0,1,0,0,0,0,10,29,0,0,0,0,0,0,0,0,0,0,1,0,1,0,0,7,0,0,0,0,1,1,0,0,0,4,0,0,0,0,0,0,0,0,27,0,0,0,0,0,0,0,1,4,18,0,10,0,0,0,1,0,3,0,0,0,0,0,0,0,0,1,0,0,0,0,1,0,0,3,0,0,60,0,0,1,0,0,0,0,1,0,4,8,0,0,0,4,0,0,0,33,0,0,0,0,21,0,0,0,0,0,0,0,0,0,2,0,0,1,0,0,1,0,0,0,0,0,0,0,0,0,1,1,0,0,0,0,0,33,0,0,0,1,0,0,0,72,0,0,1,3,1,0,0,0,0,0,0,0,1,0,0,0,0,10,0,0,0,0,0,0,1,0,0,0,0,4,0,0,0,0,6,0,0,0,5,0,0,0,0,0,6,0,0,0,0,0,1,0,1,4,0,1,1,0,0,0,0,1,0,0,0,0,2,2,0,0,0,0,1,0,0,0,0,0,0,0,0,0,0,0,0,3,0,0,3,1,0,1,0,0,13,0,0,0,14,0,0,0,35,0,0,7,0,1,0,0,0,0,1,1,0,1,0,2,0,0,0,3,0,0,0,0,0,0,1,0,10,0,1,0,0,0,0,0,0,0,0,0,119,0,2,0,0,0,0,0,0,0,0,0,0,0,1,0,0,0,0,1,0,0,0,1,0,0,0,0,21,0,0,0,0,0,0,0,0,3,0,0,0,0,1,1,27,0,0,0,0,0,0,1,0,0,0,0,0,0,154,0,2,0,0,1,0,0,0,0,0,0,0,0,0,0,1,0,0,0,0,0,12,0,0,0,0,0,0,0,0,0,16,0,0,82,1,0,0,0,0,0,7,0,0,0,0,0,0,0
"ENSG00000247675.7",1,1,6,1,1,0,6,0,0,6,37,6,9,2,2,0,2,2,4,1,0,0,4,1,10,2,10,3,3,0,1,3,0,7,0,2,5,1,7,2,3,0,5,1,0,8,2,1,0,2,4,0,0,5,13,1,0,4,13,1,2,1,1,1,0,2,0,0,0,3,2,1,2,0,4,0,4,1,3,1,1,3,1,6,1,2,3,0,5,2,1,1,0,34,3,1,0,8,10,3,1,0,8,1,0,0,3,1,19,4,1,0,2,1,1,2,5,7,11,14,2,5,1,2,1,0,0,17,1,5,1,0,7,3,1,0,1,1,6,0,0,1,2,0,0,2,1,4,0,4,2,0,5,1,1,1,1,3,13,5,2,3,1,0,7,7,1,17,5,3,6,0,2,3,0,0,3,7,2,2,0,3,2,4,1,3,3,1,3,6,0,35,2,0,6,3,0,0,1,7,0,6,0,6,0,2,3,4,6,0,3,4,14,17,9,1,1,2,1,5,0,0,5,0,0,0,2,7,0,4,11,2,3,2,1,8,0,4,0,2,2,4,0,0,7,10,0,2,0,5,0,3,0,7,2,1,0,0,0,3,4,5,1,8,0,2,3,1,5,1,1,0,9,0,2,2,5,1,0,3,6,12,5,6,4,4,0,0,0,2,1,1,2,6,9,15,20,1,5,0,3,0,13,1,27,1,1,3,1,2,2,5,3,4,2,2,10,1,2,0,2,0,0,8,4,4,1,2,4,1,1,2,2,0,8,2,5,6,14,5,1,1,5,4,3,2,1,12,1,0,2,10,1,2,1,1,4,2,2,3,0,2,1,3,10,2,1,4,3,3,5,0,8,1,12,5,7,2,2,14,2,3,4,0,0,7,4,4,3,1,10,0,0,2,2,1,6,31,1,0,2,5,2,0,7,1,6,0,7,2,2,8,1,0,1,2,1,25,3,0,1,1,0,0
"ENSG00000248050.1",4,111,0,18,1,45,0,62,137,37,142,24,3,14,21,166,8,3,5,8,11,119,10,7,107,42,3,22,20,3,0,4,6,33,6,17,155,6,1,37,29,4,0,21,10,12,43,2,373,18,5,4,27,14,136,6,138,78,7,9,5,2,102,12,152,3,295,37,3,5,9,11,64,239,12,12,1,52,5,6,1,2,7,31,10,9,3,1,17,1,2,20,0,0,1,62,74,143,6,0,74,187,0,20,18,17,53,48,2,1,9,61,18,37,7,21,5,116,5,8,37,7,214,60,14,100,10,17,49,9,16,70,5,93,8,192,17,181,2,11,55,5,4,189,2,7,2,0,0,8,133,59,31,26,105,30,4,10,6,11,22,28,2,2,0,14,37,0,29,7,2,43,42,4,3,5,8,2,14,15,51,25,14,52,309,20,24,31,9,42,127,0,0,6,0,2,69,20,677,4,12,66,3,7,152,3,31,15,3,127,11,3,1,34,71,1,16,13,5,47,90,7,0,12,19,12,21,38,4,190,8,92,4,15,22,16,591,55,10,18,115,17,318,18,7,42,1,203,44,4,100,3,65,1,1233,101,55,0,10,19,28,593,0,0,23,10,14,124,45,198,11,183,2,120,20,12,0,36,19,1,494,53,13,18,398,1,24,12,1,0,27,9,0,15,2,242,3,232,211,51,84,0,0,14,7,7,514,48,104,2,46,1,15,26,6,5,1,0,127,7,1,71,158,0,58,221,13,18,2,209,14,23,9,65,31,224,64,18,84,165,362,129,20,6,5,12,395,0,2,53,295,47,60,2,21,60,1,0,0,3,21,11,25,0,4,153,0,1,131,2,27,15,0,0,15,5,25,11,19,160,16,55,57,14,10,7,3,1,523,25,6,17,56,11,1,133,10,4,47,97,100,3,34,14,4,2,1,4,21,117,48,20,15,23,1,22,0,10,3,71,46,43,4,60
"ENSG00000248103.1",2,0,0,0,0,0,0,0,0,0,0,1,0,33,0,0,0,19,0,0,0,0,0,0,30,1,0,5,0,0,1,0,1,12,0,0,1,0,0,0,0,1,1,0,1,0,0,0,0,0,0,18,0,2,0,0,0,1,0,0,1,1,0,0,0,0,0,2,0,0,27,0,0,0,0,0,0,1,1,2,40,14,0,0,7,0,0,2,6,0,0,2,1,0,0,0,0,8,9,0,0,1,0,0,0,1,1,0,19,0,0,0,0,4,0,0,8,3,0,4,1,3,0,1,0,0,0,2,0,0,0,0,12,0,1,0,0,1,3,0,0,0,3,0,0,0,1,0,0,0,0,0,0,7,1,0,0,0,0,3,1,3,0,0,0,3,1,0,0,7,0,0,0,3,0,0,0,0,1,0,0,0,0,0,23,0,3,0,0,34,0,0,0,2,5,0,0,0,0,0,0,0,1,3,0,5,0,0,0,1,0,0,1,13,11,1,0,0,15,0,0,3,0,0,0,0,0,0,0,0,0,0,0,4,0,0,0,0,0,0,0,3,2,0,0,0,0,0,2,3,0,0,0,0,0,1,0,0,0,3,6,13,0,64,0,1,0,0,28,0,1,0,15,0,0,0,0,0,0,3,6,5,1,0,2,0,1,0,0,0,0,0,0,0,0,12,7,0,0,0,0,0,2,1,1,0,0,0,11,55,0,0,4,0,3,1,11,1,0,0,0,0,0,0,1,0,0,0,0,0,22,0,3,0,0,0,0,0,0,0,0,1,1,0,11,11,1,0,0,0,0,1,0,23,0,0,0,2,4,0,0,0,0,0,0,1,0,0,0,0,1,1,0,1,10,0,13,0,1,1,3,23,0,0,0,0,0,1,0,0,0,0,0,0,0,0,7,11,1,0,0,0,0,0,2,0,0,5,0,1,0,0,0,0,0,0,0,0,0,0,0,0,0,0
"ENSG00000248118.2",0,0,0,0,0,0,110,0,0,0,0,1,0,605,886,0,1,22,0,0,0,0,0,0,149,0,0,14,0,139,0,1,150,0,0,0,52,0,0,0,0,0,0,0,1,0,0,4,0,0,0,177,1,96,0,0,0,0,0,0,0,3,0,8,0,0,0,0,0,0,318,0,0,0,0,1,0,0,0,68,93,213,1,0,155,0,0,60,0,0,0,83,1,8,0,0,0,81,9,0,0,0,0,0,0,1,3,0,321,0,0,0,0,18,0,1,0,5,0,0,0,5,0,0,43,0,1,97,0,0,1,1,239,0,0,0,0,0,0,21,0,0,132,0,0,181,2,0,0,1,1,0,0,7,9,0,0,0,147,5,17,0,0,0,0,3,44,1,0,141,0,1,0,31,0,0,4,74,0,0,0,0,0,34,135,0,2,0,0,101,0,0,0,44,20,0,0,0,0,0,7,0,0,92,0,64,0,0,108,0,1,0,0,88,0,105,0,0,14,10,0,9,0,0,0,0,0,0,0,0,0,16,0,0,1,1,0,0,0,0,0,0,1,0,0,0,2,0,0,0,0,0,0,0,0,0,0,0,77,1,183,116,0,35,0,0,0,0,50,0,66,0,18,0,0,0,0,0,0,5,12,93,1,0,0,0,0,0,0,0,1,0,0,34,0,438,150,6,0,0,0,0,0,0,0,0,0,18,66,8,119,0,137,0,0,1,38,0,0,171,0,0,0,0,4,0,0,0,3,0,297,0,115,0,0,0,0,0,0,0,0,0,0,0,196,389,63,0,0,0,0,0,0,174,0,0,0,0,0,0,0,0,0,0,0,0,0,0,0,1,0,9,0,20,61,0,336,1,0,112,6,53,0,0,0,1,0,72,0,0,0,0,0,0,0,0,187,0,4,0,0,0,0,0,0,0,1,0,4,0,0,74,0,0,1,0,66,1,0,0,0,0,0,0
"ENSG00000248131.6",0,0,0,1,0,0,17,0,0,0,0,52,1,299,229,2,0,162,0,0,0,0,0,5,68,43,0,65,11,131,0,0,55,2,14,0,47,2,0,0,0,0,0,0,0,0,0,20,0,0,0,98,0,109,0,0,0,0,10,0,0,126,0,25,4,0,0,0,0,0,97,0,31,0,0,1,0,0,14,93,71,66,1,0,72,0,0,32,0,0,0,87,20,0,0,0,2,97,61,0,0,0,0,0,0,0,11,0,144,45,0,0,0,62,0,58,0,40,8,295,0,10,0,0,20,0,1,95,0,0,2,0,185,0,0,0,0,0,244,28,0,0,46,1,0,120,0,0,0,0,0,0,0,92,0,0,7,0,99,61,38,0,0,0,0,85,35,1,0,228,3,38,0,506,0,2,26,123,0,70,0,0,18,22,24,1,78,0,0,90,0,24,0,101,67,0,0,0,0,0,54,0,0,256,0,132,0,0,33,23,0,0,24,83,87,2,0,0,40,157,0,64,0,0,0,0,0,60,0,0,0,19,0,0,10,40,0,0,0,3,0,0,0,0,0,0,58,0,0,0,1,0,0,26,0,0,0,0,55,80,116,67,0,94,0,0,0,0,101,0,152,0,152,0,0,0,50,0,0,109,33,39,6,0,0,0,0,1,0,0,1,0,0,32,0,77,249,0,0,0,0,0,46,0,13,0,0,3,93,79,9,0,71,0,0,1,208,0,0,40,0,0,0,0,15,0,0,0,29,0,153,0,28,1,0,0,0,0,0,0,0,1,1,0,179,72,15,0,35,0,0,11,0,103,0,0,0,0,3,0,17,0,0,0,0,0,0,0,0,14,0,14,4,14,182,0,397,0,0,67,31,4,2,0,0,118,0,65,30,0,0,0,0,0,0,0,56,108,3,0,7,19,0,0,0,0,68,178,5,0,0,4,0,0,73,0,55,1,6,0,0,0,0,0
"ENSG00000248138.5",0,0,0,0,0,0,0,0,0,0,0,0,0,50,12,1,0,7,1,1,0,0,5,2,16,0,0,23,9,26,11,0,13,1,0,0,14,0,9,11,0,0,26,11,0,0,0,5,0,0,0,44,0,18,1,0,3,1,12,0,1,0,0,1,0,2,10,2,0,0,42,0,9,1,0,0,1,0,2,14,6,20,2,0,9,1,0,3,1,0,0,9,14,0,1,0,0,37,11,1,0,0,0,0,1,0,0,0,38,24,0,0,0,1,0,1,0,3,26,45,0,3,0,1,3,0,3,8,1,0,0,1,21,0,0,0,0,0,0,3,0,0,6,0,0,50,11,0,1,1,0,0,0,19,2,0,0,0,0,13,2,0,0,0,1,4,7,0,0,14,0,1,0,45,0,0,1,6,1,0,0,5,10,4,13,0,24,0,2,4,1,1,0,4,14,0,0,0,0,0,0,0,1,48,0,8,1,0,5,0,0,0,1,2,10,6,1,0,1,17,0,13,0,0,0,0,0,11,1,1,0,0,0,1,5,3,0,14,0,0,0,0,2,1,1,2,0,0,1,1,0,0,0,3,0,0,0,0,0,25,11,33,0,14,0,0,1,0,12,0,2,0,16,0,0,1,1,0,0,5,0,1,0,0,10,0,0,0,4,0,0,1,0,0,0,21,13,0,0,0,1,0,4,0,1,0,1,0,9,8,0,1,0,0,2,41,22,1,0,0,0,1,0,0,1,0,0,1,0,0,14,0,2,1,1,0,1,12,0,0,0,0,0,0,15,8,1,1,6,0,0,2,0,1,0,0,0,3,0,0,3,0,1,0,1,0,0,0,1,0,0,4,0,10,37,1,18,0,0,0,4,11,6,0,0,7,0,5,2,0,0,1,0,1,1,0,2,18,0,0,2,0,0,0,2,0,7,1,1,0,1,0,0,1,0,0,7,0,2,0,0,0,0,0
"ENSG00000248187.1",5,0,26,4,2,0,1,1,1,1,3,0,0,156,5,2,0,0,3,0,12,1,2,1,1,1,2,2,1,0,2,5,2,1,2,40,2,1,1,27,2,13,1,3,0,0,1,2,2,2,0,4,1,0,0,1,0,0,0,1,1,8,0,0,2,1,0,3,2,1,43,1,1,0,1,0,42,0,3,0,2,2,11,5,1,0,5,1,37,0,3,5,0,1,1,0,0,0,5,2,3,2,5,0,3,2,2,1,30,0,3,1,62,20,2,2,3,2,1,2,1,5,0,0,0,2,5,1,1,6,5,0,2,2,1,0,0,0,11,0,1,0,75,1,4,5,0,5,1,1,3,0,2,1,5,0,1,2,1,7,4,3,3,1,0,12,6,2,1,1,0,2,3,1,1,0,3,14,13,1,0,2,4,5,0,1,2,0,5,0,0,6,0,0,5,0,1,2,1,2,0,3,19,2,0,1,1,2,0,1,2,3,0,1,2,1,2,1,0,4,0,0,0,0,4,0,5,0,0,1,2,2,20,4,1,3,0,1,4,1,6,1,1,0,31,1,0,0,4,3,0,0,0,2,0,2,1,1,0,0,0,4,15,4,0,2,1,0,1,1,1,0,2,0,0,0,6,0,1,3,3,0,3,0,0,3,1,3,2,2,1,1,0,1,1,3,4,3,12,3,0,1,20,0,2,1,1,2,0,0,2,3,1,1,0,2,3,0,73,1,3,1,0,5,13,0,2,1,0,0,1,0,0,0,2,1,1,1,0,18,0,0,0,4,1,0,0,0,4,3,0,7,0,0,0,0,0,11,1,1,16,0,3,1,3,0,0,2,1,0,2,6,4,1,1,0,1,1,1,1,0,0,0,3,0,2,1,0,1,0,2,0,0,6,0,5,10,2,2,0,2,0,4,0,48,2,6,1,0,17,5,1,2,0,8,0,2,2,1,0,0,1,1,0
"ENSG00000248191.1",0,0,0,0,0,0,1,0,0,0,0,46,0,86,25,0,0,20,0,0,0,0,7,2,29,4,0,0,1,21,0,0,2,5,1,0,33,0,27,33,0,0,0,0,0,0,0,4,0,0,0,2,0,3,0,0,0,0,0,0,0,33,0,3,1,0,0,1,0,0,37,0,3,0,0,0,0,0,6,5,20,14,0,0,15,0,0,1,0,9,0,14,6,0,0,0,0,23,2,0,0,0,1,0,0,0,0,0,39,6,1,0,0,7,0,8,0,2,1,15,0,1,0,0,2,0,0,5,0,24,1,0,41,0,0,0,0,0,1,5,0,0,1,0,0,28,1,0,0,0,0,0,0,9,2,0,0,0,59,8,5,0,0,0,0,19,23,0,0,23,0,0,6,101,0,2,6,11,0,27,0,0,0,0,9,0,28,0,0,9,0,0,0,26,7,5,0,0,0,0,4,0,0,53,0,12,0,0,1,1,0,0,0,22,6,0,0,0,11,136,0,11,0,1,0,0,0,1,0,0,0,5,0,0,0,15,0,0,0,9,0,0,0,0,0,0,13,0,0,0,1,0,0,2,0,0,0,0,5,1,21,12,1,30,0,0,0,0,47,0,2,0,35,0,0,0,0,0,0,8,51,2,13,0,0,0,0,0,0,0,0,0,0,29,0,49,54,0,0,0,0,0,22,0,2,0,0,1,1,13,0,0,7,0,0,0,24,1,0,11,0,0,0,0,5,0,0,0,12,0,15,0,11,0,10,0,10,0,0,0,0,0,3,1,11,5,3,0,2,0,0,28,0,34,0,0,0,0,0,0,4,0,0,0,0,0,0,0,0,4,0,10,0,1,33,0,57,0,0,28,11,17,8,1,0,6,0,15,12,0,1,0,0,0,0,0,15,2,1,0,0,5,0,0,8,0,9,1,4,0,1,5,0,0,26,0,11,0,0,0,0,0,0,0
"ENSG00000248211.1",17,0,0,0,29,8,0,0,0,0,0,0,0,0,2,0,2,0,0,3,0,0,1,4,0,2,1,0,6,3,170,7,4,0,0,0,0,0,0,0,0,10,10,0,0,1,1,2,0,1,0,7,0,0,0,3,0,0,0,0,0,0,0,1,0,1,1,0,2,8,6,1,0,0,0,0,11,2,2,0,0,2,6,0,1,9,0,0,1,0,8,0,1,0,0,0,0,0,0,0,0,0,4,0,3,8,0,0,19,3,1,0,1,1,1,0,21,1,5,0,1,1,0,0,4,0,0,1,1,0,3,0,2,0,2,0,0,0,0,0,0,28,2,0,4,0,4,42,0,0,0,0,1,0,1,0,2,14,0,1,1,0,0,11,15,0,7,13,2,0,0,0,2,0,3,0,1,1,9,0,0,3,0,0,0,0,0,0,7,0,0,0,0,4,0,0,0,2,0,2,0,0,6,1,0,0,0,0,0,0,1,8,2,4,18,0,0,0,2,0,0,0,4,0,0,0,0,1,0,0,11,0,0,0,0,3,3,0,0,2,5,1,0,0,24,1,0,0,1,1,0,1,0,0,0,1,0,29,0,9,0,0,0,11,0,2,4,0,1,0,0,0,5,0,0,3,0,0,0,0,0,0,0,0,0,1,0,0,8,3,1,0,2,0,4,9,0,0,0,0,4,5,113,0,4,0,0,1,0,0,0,40,0,0,0,0,0,8,2,3,13,1,0,6,4,0,0,0,0,0,1,0,0,2,0,0,0,2,0,0,0,0,2,65,0,0,0,4,6,0,0,17,1,2,0,0,1,0,9,8,1,0,0,19,0,0,0,1,1,2,1,1,0,1,1,18,0,0,0,0,0,0,0,0,0,0,18,0,0,1,4,0,1,2,1,2,0,0,0,0,0,0,8,0,0,0,0,4,0,0,3,0,0,0,2,0,0,0,10,0,0,0,0,0
"ENSG00000248215.6",0,0,0,0,0,0,0,0,0,0,0,0,0,257,0,0,0,3,0,0,0,0,0,0,0,0,0,0,0,0,0,0,0,0,0,0,2,0,1,0,0,0,0,1,0,0,0,1,0,0,0,1,0,10,0,0,0,0,1,0,0,3,0,3,0,0,0,0,0,0,168,0,0,0,1,0,0,0,1,15,16,9,1,0,1,0,0,0,0,0,0,12,2,0,0,0,0,4,0,0,0,0,0,0,0,0,0,0,165,0,0,0,0,0,0,0,1,0,0,36,1,2,0,0,0,0,0,1,0,22,0,0,84,0,0,0,0,0,0,0,0,0,9,0,0,3,1,0,0,0,0,0,0,8,0,0,0,0,3,0,0,0,0,0,0,1,0,0,0,6,0,0,0,320,0,0,0,22,0,4,0,0,0,0,0,0,0,0,2,2,0,22,0,2,0,0,0,0,0,0,0,0,0,284,0,5,0,0,22,0,0,0,0,0,0,0,0,0,1,4,0,1,0,0,0,0,0,20,0,0,0,0,0,0,0,11,0,0,0,0,0,0,0,0,0,0,1,0,0,0,0,0,0,0,0,0,0,0,2,0,1,1,0,21,0,0,0,0,6,0,0,0,64,0,0,0,17,0,0,34,0,2,3,0,0,0,0,0,0,0,0,0,0,0,0,5,9,0,0,0,0,0,31,0,4,0,0,0,0,0,0,0,0,0,0,0,64,0,1,0,0,0,0,0,3,0,0,0,0,0,8,0,0,0,0,0,0,0,0,0,0,0,0,0,0,1,0,0,40,0,0,7,0,91,0,0,0,0,0,0,0,0,0,0,0,0,0,0,0,0,0,0,0,0,73,0,33,0,0,0,0,0,0,0,0,1,0,0,4,0,0,0,0,0,0,0,0,0,1,0,0,0,0,0,5,0,24,35,0,0,0,0,0,0,0,0,9,0,0,0,0,0,0,0
"ENSG00000248238.2",0,0,0,2,0,0,0,0,0,0,0,15,0,26,9,0,0,16,0,0,4,1,4,7,12,19,8,25,6,17,0,0,14,0,24,0,8,0,29,74,1,0,12,5,1,0,0,18,0,0,0,5,0,8,0,0,1,0,1,0,3,24,9,8,0,0,1,3,0,1,10,0,7,0,0,0,2,1,8,8,21,17,0,0,35,0,0,2,0,4,0,0,16,0,0,0,1,20,16,0,0,2,0,0,0,0,11,0,13,2,1,1,0,7,0,7,0,1,22,28,5,16,0,0,0,0,0,11,0,7,10,1,8,1,0,0,1,0,13,3,0,0,11,2,1,31,1,2,1,0,0,0,0,14,2,0,2,0,15,57,8,0,1,1,0,4,19,1,1,35,11,16,1,139,0,3,21,18,0,41,0,2,2,9,2,2,35,0,7,19,5,33,0,17,4,16,1,2,0,0,7,0,1,47,0,8,1,0,17,0,1,0,21,20,19,0,0,1,1,110,0,19,0,1,0,0,5,24,0,0,0,15,0,1,0,10,0,0,6,32,1,3,0,0,3,0,9,0,0,0,1,1,0,0,0,0,0,1,9,26,18,17,1,6,1,0,0,0,10,1,3,0,18,0,10,0,4,0,1,0,19,4,3,0,1,0,2,1,0,0,0,0,1,15,0,19,51,0,0,0,4,0,4,0,3,0,1,2,12,9,3,0,13,0,1,0,6,0,0,9,0,0,1,0,7,0,0,2,4,0,29,0,12,1,2,1,2,0,0,0,1,6,0,0,22,5,0,0,6,0,0,2,0,67,0,1,0,0,0,0,20,4,2,0,0,1,0,1,0,2,0,11,0,5,30,0,42,0,0,12,20,20,2,0,0,4,0,14,4,0,0,1,0,1,0,12,11,12,3,0,6,6,0,0,2,0,8,20,4,1,4,3,0,0,26,0,3,0,10,0,0,0,2,1
"ENSG00000248242.1",0,0,0,0,0,0,0,0,0,0,0,0,0,5,1,0,0,0,0,0,0,42,0,0,0,0,0,1,1,2,0,0,0,0,0,0,2,0,0,0,0,0,0,0,0,0,0,0,0,35,0,4,0,1,0,0,1,0,1,0,0,0,0,0,0,1,0,1,0,0,1,0,0,3,0,3,0,0,0,2,1,0,0,0,0,0,0,0,8,0,0,0,0,0,0,1,0,2,0,0,0,0,0,0,0,0,0,0,0,0,0,0,0,2,0,0,0,0,0,0,0,0,0,0,0,1,0,1,0,0,0,1,3,0,0,0,0,4,0,0,0,0,4,0,0,2,0,0,0,0,4,0,0,1,5,0,0,0,0,1,0,0,0,0,0,2,0,0,0,0,0,1,0,4,0,0,0,1,0,0,2,0,0,0,0,0,6,0,0,0,1,0,0,0,0,0,0,0,5,0,0,0,0,15,0,1,0,0,0,1,0,0,0,0,0,0,0,0,0,1,0,0,0,0,0,1,2,10,0,0,0,4,0,0,0,2,0,0,0,0,0,0,0,0,0,0,0,0,0,5,0,0,6,0,0,0,0,0,0,0,0,0,0,0,0,0,0,0,1,2,0,0,0,0,0,0,1,0,0,0,1,0,3,0,0,0,0,0,0,0,0,0,0,0,0,1,1,0,0,0,0,0,0,0,0,0,0,0,2,0,0,0,0,0,0,0,1,0,0,0,0,0,0,0,0,0,0,0,0,0,0,0,2,0,0,2,0,0,0,3,3,0,1,0,1,0,0,0,0,0,0,0,0,0,0,2,0,0,0,0,0,1,0,0,0,0,0,0,0,0,0,0,0,0,0,0,0,3,0,0,5,0,1,0,0,0,0,1,0,0,0,0,0,0,0,0,2,0,1,1,0,0,0,0,0,0,1,2,3,0,0,0,3,0,0,1,0,0,0,1,3,0,0,0
"ENSG00000248265.2",14,0,28,3,6,7,2,4,3,4,1,3,73,3,10,0,2,0,4,14,1,0,7,0,4,3,2,1,1,1,3,6,6,0,2,1,2,1,1,1,0,5,3,1,2,0,2,0,0,2,1,0,1,6,3,0,2,5,1,0,6,1,3,0,1,1,9,3,5,0,15,10,0,0,6,0,39,21,1,1,8,13,3,4,4,1,9,1,11,4,13,4,7,0,4,0,2,1,12,1,2,0,7,4,2,15,0,2,26,0,0,0,1,3,52,1,4,2,2,1,0,14,0,15,0,1,0,0,1,23,0,0,7,3,2,1,1,3,0,0,0,1,8,1,4,11,11,50,5,2,4,1,3,5,2,1,10,3,0,8,4,0,3,8,6,3,11,25,1,9,3,5,2,11,3,0,8,12,27,1,0,8,3,5,5,4,11,0,0,5,6,2,8,4,0,0,0,5,0,6,0,0,3,1,0,28,1,2,4,0,5,39,0,5,3,2,4,1,1,3,0,163,0,1,0,1,5,4,10,6,0,11,4,2,19,0,0,2,0,2,1,3,1,13,11,8,2,3,6,0,0,0,3,18,0,0,0,23,21,4,13,2,2,17,0,7,1,0,11,0,0,0,4,0,2,5,4,0,1,6,8,9,1,4,2,1,2,4,31,0,0,3,11,0,1,3,5,1,0,4,8,7,2,0,1,4,0,2,18,1,10,19,5,2,2,17,0,2,1,3,1,56,0,5,0,0,1,5,0,0,0,0,1,2,3,1,1,0,0,1,0,3,0,16,0,4,0,53,2,0,0,2,1,4,3,3,2,24,2,0,1,2,4,24,6,2,20,1,0,1,0,3,2,12,5,4,3,1,2,11,5,2,11,1,0,7,38,3,1,0,18,3,0,3,3,1,2,4,3,0,2,7,41,0,12,1,3,2,3,0,0,0,2,0,6,1,2,18,6,0,0,2,7,0
"ENSG00000248319.2",1,57,0,10,1,1,0,0,37,2,0,0,0,4,0,3,0,1,9,3,0,22,0,0,70,0,0,31,3,0,0,3,0,21,1,0,28,0,0,0,4,0,0,17,35,0,0,1,13,30,2,1,0,3,0,4,73,0,26,1,0,3,131,7,5,0,36,7,1,0,5,8,0,25,9,72,0,0,12,3,103,14,0,0,2,0,3,2,1,8,0,4,0,1,2,19,105,245,14,4,4,60,0,1,3,4,7,17,12,0,0,30,1,7,0,1,0,1,0,6,9,39,0,0,1,22,9,15,0,0,14,57,18,2,1,57,11,78,0,1,9,0,0,16,0,0,1,1,0,0,27,35,3,6,29,2,12,0,6,40,0,2,7,0,0,1,8,0,7,1,2,1,46,0,1,3,1,0,5,2,70,1,16,0,64,0,5,18,1,18,35,0,0,16,22,0,24,3,0,0,0,73,0,10,35,3,4,2,13,20,4,0,0,62,22,0,0,106,2,66,71,65,1,0,36,31,2,3,0,3,0,3,2,25,18,46,30,0,1,1,1,0,35,0,3,2,5,0,34,114,0,2,42,0,17,0,14,0,0,5,0,110,2,5,8,1,2,47,73,13,0,17,1,60,15,0,0,5,5,0,271,8,0,17,25,0,21,0,1,3,19,1,0,25,0,0,2,8,0,2,1,0,0,32,4,5,19,3,0,8,100,0,0,1,0,0,0,0,1,16,0,2,32,0,17,0,9,6,35,31,7,2,7,1,7,95,12,1,0,0,87,120,14,4,2,2,14,2,4,20,39,0,48,26,0,59,0,1,0,0,7,19,20,2,1,41,0,0,11,0,0,14,0,6,30,0,41,12,0,155,12,20,15,1,12,5,0,3,3,0,38,18,5,0,1,0,19,9,18,46,4,11,3,8,2,0,0,0,5,1,18,3,52,19,0,0,22,0,0,65,51,0,1,21
"ENSG00000248323.7",38,1,39,420,8,10,575,5,5,8,13,159,23,1169,1282,6,4,408,420,0,31,17,14,22,11,9,86,242,24,205,1,79,938,29,347,20,770,66,73,33,6,38,10,227,29,210,100,326,25,6,108,248,57,195,71,2002,28,8,7,7,52,404,528,9,8,17,4,127,151,53,19,407,22,34,1,12,13,0,108,225,504,81,53,100,63,1,73,755,65,98,21,686,7,314,24,2,22,12,451,80,334,26,58,37,94,4,4,16,96,5,16,20,102,58,4,20,12,16,744,9201,1306,462,2,2253,171,23,21,8,29,58,49,3,2157,106,447,13,45,4,27,7,2,9,534,18,12,714,139,7,87,6,12,7,20,16,34,911,35,64,289,47,32,44,109,9,0,32,631,93,5,82,3,227,856,25,99,41,229,208,73,433,8,3,497,86,48,47,19,9,38,4,13,5,11,2248,47,34,9,2789,112,154,19,7,25,40,18,918,5,12,34,20,61,2,1907,454,31,5,856,75,392,2369,1,2,9,13,4,17,113,1106,35,1382,4,6,287,924,45,429,7,320,294,62,4,262,30,11,666,356,312,21,226,1608,0,3,7,54,5,4,6,3,1219,27,163,28,357,56,19,5,360,8,7,33,449,6,645,14,256,0,265,2,0,6,6,522,14,13,10,109,3,103,8,254,45,67,3,994,150,1811,182,72,51,5,19,3,24,10,33,58,16,68,306,13,64,7,239,378,546,84,902,33,21,337,2,19,4,3,529,5,30,141,580,6,1660,8,161,5,429,20,103,526,23,52,3,949,189,12,34,18,35,3,334,10,3,45,80,49,2,11,46,43,23,2,59,13,1066,136,13,12,1978,347,9,223,13,734,53,337,11,7,29,32,8,4,7,4,19,55,17,2471,3,99,339,24,33,22,4,28,0,18,473,14,58,24,173,8,10,454,274,8,2052,1936,2,34,516,1,27,9,41,0,3,71,14,19,8,13,444,61
"ENSG00000248329.6",4,0,0,0,0,0,0,0,0,92,0,0,0,0,0,0,1,0,0,0,1,0,26,0,0,1,0,0,15,0,1,2,0,0,0,1,0,0,0,0,1,4,0,0,0,0,0,0,0,1,0,0,0,1,0,0,0,0,0,1,0,0,0,0,0,25,0,0,0,15,0,0,0,0,0,0,0,0,49,18,1,0,0,1,2,7,0,0,6,0,6,0,0,0,0,0,0,0,1,1,0,0,0,0,0,38,0,0,16,5,0,0,6,0,3,0,7,0,13,0,0,0,0,0,0,0,0,0,0,174,0,0,0,0,2,0,2,0,0,0,0,1,0,0,1,0,0,0,4,0,0,0,0,0,0,0,0,0,19,0,0,0,0,0,0,0,0,1,3,0,0,0,0,1,0,0,0,13,0,0,0,45,0,0,0,0,0,0,0,0,0,0,0,0,0,0,0,1,277,0,0,0,0,6,0,0,0,0,0,0,1,3,0,6,5,0,0,0,0,0,0,0,0,0,0,0,0,0,0,0,0,0,1,0,0,0,0,0,0,0,110,0,0,7,0,0,0,8,0,0,0,0,0,0,0,2,0,10,0,0,0,0,0,3,0,1,2,0,0,0,0,0,1,0,0,12,0,0,0,1,0,0,0,0,1,0,0,2,1,0,0,0,0,0,2,0,0,0,1,10,0,3,44,0,0,0,0,0,0,0,0,4,0,10,0,0,0,8,46,1,5,7,0,1,1,0,0,0,0,0,1,0,1,24,0,1,0,0,0,5,0,0,0,9,0,0,0,6,1,0,1,0,0,3,0,0,0,14,0,0,0,0,0,7,0,0,1,2,0,0,0,0,0,0,0,0,0,0,0,0,0,0,0,0,0,0,0,0,0,0,0,0,4,0,0,0,0,14,0,0,1,0,15,0,1,0,0,4,0,167,0,0,0,0,0,0,1,1106,0,10,0,0,2,0
"ENSG00000248359.2",0,42,0,6,1,0,0,11,2,0,0,9,0,0,0,9,0,1,15,6,1,25,1,4,13,4,0,0,6,3,2,1,2,20,2,0,0,3,0,0,2,0,1,2,4,25,1,0,35,0,2,0,4,1,0,22,9,1,45,9,3,19,1,7,38,0,22,0,0,2,0,6,7,18,2,36,0,0,0,2,2,38,0,3,8,1,2,10,0,5,5,11,0,5,17,13,11,2,0,6,19,9,3,0,0,0,2,26,3,2,0,13,2,1,0,8,16,4,1,1,0,11,18,0,2,30,14,0,0,3,8,15,4,1,1,40,3,37,1,2,8,2,1,24,2,1,0,1,0,0,25,7,4,6,3,0,1,3,0,0,15,0,4,6,1,3,0,0,13,35,3,12,0,0,0,0,0,0,1,1,23,11,4,2,7,10,0,31,0,10,0,0,0,5,9,1,22,0,0,1,13,48,0,56,112,1,5,8,0,46,1,0,0,0,0,0,0,8,0,9,12,4,0,15,9,15,2,14,0,1,10,4,2,9,7,1,47,1,9,14,0,4,1,5,0,0,0,2,1,0,0,0,25,1,18,1,25,0,0,16,14,21,72,1,6,0,3,9,4,30,0,5,0,7,0,0,0,18,3,49,0,0,0,8,6,0,49,0,1,4,2,0,0,0,4,0,3,1,28,0,7,0,1,14,3,0,0,4,1,1,15,7,1,13,0,0,0,0,1,1,18,1,47,2,15,2,4,14,1,27,30,0,18,0,0,52,1,3,0,0,27,2,1,1,13,2,0,0,2,7,22,0,7,0,0,60,1,0,0,0,3,0,1,0,0,5,0,0,0,4,20,0,0,0,3,27,5,27,12,2,103,1,74,4,0,7,7,1,4,14,0,1,8,0,0,1,7,0,3,9,2,0,1,0,2,0,17,0,26,1,0,4,29,19,51,0,1,3,0,13,27,11,9,18
"ENSG00000248362.1",2,0,4,0,3,0,0,0,0,1,0,0,0,162,0,0,0,0,3,3,0,0,1,2,0,1,0,4,0,2,0,1,2,0,0,5,2,1,0,3,0,9,0,1,0,0,1,20,0,1,0,0,0,2,0,0,2,0,0,0,0,1,0,0,0,1,0,0,0,12,0,1,1,0,0,0,6,2,0,0,0,1,3,0,0,0,0,1,3,0,10,2,0,0,0,0,0,1,10,0,4,0,5,0,3,2,0,0,3,0,0,0,0,12,0,0,3,0,0,2,1,0,0,0,0,0,0,0,0,13,1,1,2,0,0,0,0,0,3,0,0,0,9,0,1,0,1,17,0,2,0,0,0,2,0,0,3,0,0,6,0,0,1,0,6,7,3,2,0,0,0,2,0,0,1,0,1,8,27,2,0,0,3,0,1,1,3,0,0,0,0,14,2,1,2,0,0,0,0,0,0,5,2,0,0,0,0,1,4,0,0,0,1,1,0,0,0,1,0,3,0,1,0,0,1,0,0,0,1,0,0,0,1,1,0,2,0,0,0,1,0,3,0,0,15,5,0,0,0,0,3,0,0,0,0,0,0,0,5,0,1,0,1,2,0,0,6,0,0,0,2,0,0,0,0,0,3,0,0,2,0,0,1,0,0,5,0,0,0,1,5,0,8,0,0,0,1,0,0,0,0,0,0,0,0,1,0,0,0,1,3,3,0,0,1,2,0,1,0,0,2,9,0,0,1,0,1,0,2,0,0,0,10,0,0,0,0,1,0,1,0,0,4,3,0,0,0,2,0,0,1,2,0,0,0,0,0,1,0,0,1,4,0,2,94,1,0,2,0,0,3,0,5,3,1,1,0,0,0,0,0,0,2,0,0,15,1,0,1,0,2,2,0,0,0,4,6,1,1,0,1,0,0,1,0,0,3,0,0,0,3,0,1,0,2,0,2,0,1,3,0,0,0,0
"ENSG00000248363.5",0,0,0,0,0,0,0,0,0,0,0,34,0,9,26,0,41,19,0,9,0,0,16,10,24,0,4,5,1,6,0,0,16,3,8,0,7,1,5,29,0,0,24,0,0,0,0,2,0,0,1,28,0,25,0,8,0,0,33,0,0,21,0,2,0,0,1,0,11,0,12,2,15,0,0,0,0,0,12,7,17,17,0,0,23,19,0,8,0,0,0,12,0,0,0,0,0,5,53,0,0,0,0,1,6,0,15,0,0,6,0,0,0,11,1,2,2,10,2,24,0,17,0,0,3,0,0,2,0,6,5,0,9,1,1,0,0,0,7,5,0,0,10,0,0,27,3,0,9,0,0,0,11,19,7,10,14,3,5,30,10,0,14,5,0,3,29,0,0,32,0,27,1,16,0,13,8,5,0,0,0,28,8,16,11,4,2,0,18,17,16,0,0,21,3,0,0,0,0,0,3,4,1,24,0,4,0,40,3,2,1,14,61,32,63,0,0,0,13,158,0,0,0,15,0,0,3,20,0,0,0,0,10,0,0,1,0,3,13,13,0,4,0,0,121,0,2,1,2,0,0,0,0,10,0,0,0,0,4,20,3,32,0,18,0,14,0,0,26,0,16,0,7,0,0,0,3,0,0,4,29,5,8,0,5,0,0,3,0,5,0,0,0,6,0,12,4,0,0,0,7,0,4,1,4,0,5,5,26,5,24,0,13,0,0,9,8,0,0,3,1,0,0,0,2,0,0,3,0,0,9,1,9,0,0,0,3,22,0,0,0,0,1,0,11,6,3,0,2,0,0,38,0,82,12,0,0,0,20,8,81,0,1,0,0,8,0,0,0,0,0,11,1,0,17,0,38,0,0,25,12,6,17,0,0,12,0,8,9,0,29,0,0,0,0,29,20,0,13,0,14,1,0,0,0,0,30,93,0,0,20,1,1,0,10,0,12,3,4,0,0,0,3,0
"ENSG00000248370.2",0,0,0,0,0,0,0,0,0,0,0,0,0,108,43,0,0,0,0,0,0,0,0,0,11,0,0,13,0,3,0,0,0,2,0,0,2,0,0,0,0,0,0,0,0,0,0,11,0,0,0,8,0,21,0,0,0,0,13,0,0,2,0,2,0,0,0,0,0,0,15,0,0,0,0,0,0,0,0,24,8,23,0,0,1,0,0,0,0,0,0,2,0,0,0,0,0,2,0,0,0,0,0,0,0,0,0,0,285,0,0,0,0,0,0,3,0,0,0,1,0,6,0,0,0,0,0,2,0,0,1,0,6,0,0,0,0,0,0,3,1,0,1,0,1,0,3,0,0,0,0,0,0,2,0,0,0,0,0,197,0,0,0,0,0,3,52,0,0,0,0,39,0,6,0,0,0,3,0,0,0,0,0,2,0,0,0,0,0,4,0,30,0,25,0,0,1,0,0,0,0,0,0,6,0,14,0,0,1,7,0,0,0,1,0,0,0,0,1,1,0,2,0,0,0,0,0,1,0,0,0,4,0,0,0,5,0,0,0,0,0,0,0,0,0,0,0,0,1,0,0,0,0,0,0,0,1,0,21,0,1,95,0,0,0,0,0,0,10,0,0,0,3,0,1,0,0,0,0,0,0,5,0,0,0,0,0,0,0,0,0,0,0,0,0,44,5,0,0,0,0,0,0,0,1,0,0,0,1,0,0,0,2,0,0,0,5,0,0,0,0,0,0,0,1,0,0,0,5,0,4,0,1,1,0,0,0,0,0,0,0,0,1,0,0,61,4,0,0,0,0,0,0,1,0,0,0,0,0,0,0,0,0,0,0,0,0,0,0,0,1,8,0,0,29,0,0,0,0,1,0,0,1,0,0,0,0,2,0,0,0,0,0,0,0,0,3,0,0,0,1,0,0,0,0,0,1,0,2,0,1,3,0,0,0,0,1,0,0,0,0,0,0,0
"ENSG00000248373.6",4,6,0,0,1,0,0,0,0,0,0,0,0,5,0,0,0,0,0,0,0,302,0,0,0,0,0,0,0,0,0,0,0,0,0,0,0,0,0,0,0,0,0,0,3,0,0,0,0,336,0,1,0,0,0,0,2,0,0,0,0,0,0,1,0,0,0,21,0,0,18,0,0,10,0,14,0,0,0,0,0,0,0,0,0,0,0,0,119,0,0,0,0,0,0,2,0,0,0,0,0,0,0,0,0,0,0,6,7,0,0,1,0,0,0,0,0,0,0,0,0,0,0,0,4,18,3,3,0,26,0,9,0,0,0,12,0,14,0,0,1,0,0,0,0,0,0,0,0,0,14,0,0,0,23,0,0,0,0,0,0,0,0,0,0,2,0,0,0,0,0,0,0,1,0,0,0,0,0,0,10,0,0,0,0,0,0,1,0,0,0,0,0,2,1,0,0,0,93,0,0,0,0,1,1,0,3,0,1,8,0,0,0,0,1,0,0,0,0,0,5,6,0,0,0,5,8,0,0,0,0,0,0,0,0,0,0,0,0,0,0,0,1,0,1,0,0,0,1,63,0,0,20,0,0,0,0,0,0,0,3,2,0,0,0,0,1,1,1,10,0,0,1,1,2,0,0,0,0,0,3,0,0,3,0,0,0,0,0,0,1,0,0,0,1,0,0,0,0,2,0,0,3,0,0,0,0,0,0,0,1,0,0,0,0,0,0,0,0,0,0,0,0,0,0,0,0,0,0,0,5,0,7,1,0,16,0,0,0,12,49,0,3,1,0,0,0,0,0,0,6,0,0,0,0,5,1,1,0,0,0,0,1,0,2,0,0,0,0,0,0,0,0,0,1,0,0,14,1,1,0,0,12,0,0,0,0,0,0,0,0,0,0,0,0,0,0,0,2,16,0,0,0,0,0,0,0,1,9,0,0,0,56,0,0,0,1,0,0,7,43,1,0,0
"ENSG00000248431.2",0,0,0,0,0,0,1,1,0,0,0,3,0,3,1,0,0,60,0,0,0,1,1,0,67,0,0,44,1,331,0,0,2,13,0,0,2,1,0,0,0,0,0,0,0,0,0,4,0,0,0,2110,0,85,0,0,1,0,207,0,1,1,0,38,0,0,0,0,0,0,898,0,2,0,0,0,0,0,16,60,71,710,0,0,11,0,0,3,0,0,0,1,0,0,0,0,0,0,0,0,1,0,7,1,0,0,1,0,164,4,0,0,0,3,0,14,0,0,2,6,0,38,0,0,0,0,4,23,1,0,10,0,87,0,0,0,0,0,155,158,0,4,0,0,0,131,4689,0,0,7,0,0,0,96,10,0,0,2,19,113,210,0,0,0,0,11,22,0,1,1312,0,367,0,6,0,0,0,5,0,0,0,0,84,4,3,0,107,0,0,79,2,3,0,134,26,0,1,1,14,0,1,0,0,103,0,14,1,0,10,0,0,2,2,4,4,0,0,0,6,308,0,0,0,0,0,13,1,5,0,0,0,1,2,0,1,57,20,0,520,1555,0,1,0,0,0,0,1,0,0,0,3,0,0,2,0,0,0,0,1,15,108,54,0,96,0,0,0,1,8,0,4,0,1,0,0,0,0,0,1,117,12,1,0,2,0,0,0,0,0,0,0,0,0,0,0,97,2782,1,0,1,0,1,0,0,47,0,0,1,1,10,0,0,1,0,0,0,278,0,0,1,0,1,0,0,0,0,0,0,3,0,2,0,13,0,0,1,0,0,0,0,0,1,1,0,1563,777,5,2,2,0,0,0,0,597,0,2,0,1,1,0,7,0,0,0,0,0,0,0,0,26,0,2,3,0,0,0,0,2,0,129,31,1090,0,0,0,31,1,4,0,0,0,0,0,0,0,0,1,0,0,0,2,0,0,0,0,0,19,0,17,0,0,2,0,0,0,0,213,1,0,0,0,0,0,1
"ENSG00000248461.3",16,0,0,0,17,18,0,0,0,0,13,0,5,0,0,0,0,0,59,17,0,0,0,0,0,0,0,0,1,2,8,0,0,0,0,0,18,2,0,0,0,1,0,111,0,1,0,68,1,0,0,1,3,37,1,0,1,0,0,0,881,0,0,0,4,3,0,1758,0,0,9,9,1,2,0,0,0,2,53,0,62,0,0,0,0,0,0,6,0,0,56,19,0,0,74,0,1,1,43,2,8,0,7,0,0,1,0,0,12,0,0,0,0,0,3,0,33,17,0,269,2,1,0,2,0,0,0,2,0,51,0,0,4,1,0,1,0,0,0,5,0,6,1,0,4,0,0,0,12,0,0,0,0,1,2,105,1,0,2,0,0,0,0,0,40,0,0,0,0,0,49,0,0,1,0,0,2,123,1,202,0,0,0,0,152,1,0,0,0,0,1,0,0,1,1,0,0,39,0,0,1,0,19,0,0,1,1,0,2,0,2,0,0,0,0,0,142,107,0,15,0,0,1,0,1,0,0,0,0,21,0,0,0,139,2,75,0,0,0,0,0,0,347,1,14,64,0,5,0,164,0,0,0,0,0,0,0,0,45,0,0,0,154,1,0,7,1,0,0,0,0,0,0,0,0,0,0,0,238,0,0,107,0,0,1,8,0,0,7,2,1,21,102,0,209,0,0,123,2,0,0,0,45,0,7,0,0,0,0,10,1074,10,2,0,0,1,761,5,0,0,7,3,2,4,0,1,1,4,95,0,5,0,0,0,0,0,78,0,6,0,0,1239,0,0,0,0,18,2,0,0,0,0,0,1,0,1,92,3,0,0,0,0,1,2,83,2,0,0,4,0,0,15,1,1,0,0,0,0,0,0,0,1,0,11,16,0,53,0,0,0,2,159,1,0,28,2,219,189,3,0,0,0,3,147,0,0,0,1,0,0,0,0,0,0,0,57,0,0,0,0,0,0,152,3
"ENSG00000248498.4",25,0,1,0,0,1,14,0,0,0,0,6,0,448,0,0,0,536,437,0,0,0,13,0,0,0,0,125,1,4,0,0,27,2,30,0,396,0,0,0,0,1,30,6,0,1,0,79,0,0,0,74,0,5,0,0,0,0,1,1,0,472,1,0,0,0,0,10,0,0,104,0,7,0,0,0,1,0,20,1,524,51,0,0,252,0,22,450,0,409,0,629,2,2,12,0,0,3,313,31,1,1,15,14,0,0,58,0,210,0,3,0,0,163,0,16,0,0,26,957,27,0,0,0,108,0,0,1,1,258,0,0,370,0,0,0,192,0,10,1,0,1,126,0,8,105,37,0,0,0,0,13,32,14,38,1,0,0,230,115,3,78,22,0,0,2,108,0,0,3,20,0,80,137,0,0,137,75,0,81,0,0,49,0,53,11,69,0,1,3,0,55,0,88,79,0,0,0,0,1,4,1,0,27,0,44,0,0,3,0,0,0,84,8,2,44,559,0,35,30,0,0,2,1,0,0,157,0,0,11,0,1,0,1,24,570,1,508,0,15,0,61,39,0,147,0,4,0,0,1,1,0,0,40,0,0,0,0,276,91,3,0,108,192,0,0,0,0,2,0,262,1,18,0,0,0,246,0,0,6,0,122,97,0,0,0,0,0,0,0,2,0,0,3,0,261,41,221,54,0,0,0,49,0,33,0,0,0,1,10,293,0,1,0,0,66,34,12,0,112,0,2,0,0,1,0,0,268,336,0,108,0,20,0,3,0,0,1,0,0,0,21,22,0,194,0,0,1,154,0,0,1,0,52,5,0,2,0,37,0,0,1,15,0,1,0,0,24,1,1,2,291,0,287,27,0,9,0,0,0,0,347,0,0,0,275,0,19,12,0,374,0,0,0,0,2,103,37,8,0,1,0,0,2,2,0,54,65,0,0,1,2,0,0,6,0,11,0,1,0,1,2,1,0
"ENSG00000248510.2",0,0,2,0,0,0,0,0,0,0,0,0,0,22,68,0,0,4,0,0,0,0,0,0,21,4,0,1,0,5,0,0,24,0,0,0,32,0,5,13,0,0,0,0,0,0,0,0,0,0,0,0,0,3,0,0,1,0,1,0,0,80,0,11,1,0,0,0,0,0,179,0,0,0,0,0,28,0,0,27,13,37,0,0,28,0,0,9,0,0,0,2,20,1,0,1,0,72,12,0,0,0,0,0,0,0,0,0,71,24,0,0,0,0,0,3,0,1,0,21,0,2,0,0,0,0,7,11,0,70,2,0,2,0,0,0,0,0,14,0,0,0,96,0,0,1,0,0,0,0,0,0,0,44,3,0,1,0,90,1,0,0,0,0,0,0,29,0,0,50,0,5,0,44,0,0,0,21,0,6,0,2,0,0,38,0,0,0,0,0,0,0,0,0,0,0,0,0,0,0,0,0,0,68,0,34,0,0,40,0,1,0,0,28,0,0,0,0,7,38,0,5,1,0,0,0,0,37,0,0,0,2,0,0,0,61,0,0,0,14,0,0,0,0,0,0,38,0,0,0,1,0,0,0,0,0,0,0,0,23,52,5,4,65,0,0,0,0,8,0,4,0,10,1,0,0,56,0,0,12,4,62,40,0,0,0,0,0,0,0,0,0,0,0,0,95,0,0,0,0,1,0,44,0,33,0,0,0,0,50,0,0,0,0,0,0,84,1,0,0,0,0,0,0,0,0,0,0,33,0,0,0,12,0,7,1,0,0,0,0,0,0,0,0,7,29,3,0,10,0,0,0,0,23,0,0,0,0,0,0,3,0,0,0,0,0,0,0,0,0,0,1,0,13,78,0,13,0,0,2,0,0,15,0,0,0,0,7,3,0,0,0,0,0,0,0,12,21,0,0,0,0,0,0,1,0,15,40,0,0,1,0,0,0,0,0,3,0,0,0,0,0,0,0
"ENSG00000248515.2",1,0,0,0,0,0,9,0,0,0,0,6,0,91,4,3,0,124,0,0,16,0,61,16,87,89,5,121,18,35,0,0,42,6,52,0,12,0,18,15,1,0,16,6,0,0,0,43,0,0,0,59,0,41,0,0,0,0,4,0,0,23,37,27,7,0,7,2,0,0,51,0,16,0,0,0,8,8,7,49,113,79,0,0,94,27,7,3,0,13,0,27,28,3,0,0,0,40,10,0,1,0,0,0,0,0,141,0,103,46,1,0,0,6,39,51,0,9,34,71,42,33,0,0,27,0,6,37,0,22,30,0,19,0,0,0,0,0,74,21,0,2,16,0,0,96,1,0,0,0,2,0,1,121,24,0,7,0,26,58,24,0,0,0,1,13,17,9,1,16,18,63,0,88,0,0,46,41,0,18,0,4,31,3,29,0,156,0,73,72,21,62,0,31,15,103,1,7,0,14,5,1,0,149,0,44,0,22,57,8,0,0,44,69,42,0,0,2,44,27,0,10,15,1,0,0,36,43,1,0,0,70,0,16,0,6,0,0,9,9,0,5,0,0,12,2,13,0,0,1,3,1,0,10,0,0,0,0,13,25,26,76,3,28,0,0,0,3,54,0,27,0,5,0,10,0,42,0,1,3,12,4,31,0,0,0,0,0,0,0,0,0,0,8,0,78,52,0,5,0,6,0,25,0,1,0,0,4,28,7,4,0,6,0,0,0,43,11,0,19,0,3,0,0,19,0,0,0,10,0,5,1,8,0,10,0,0,0,0,0,0,1,1,1,59,62,53,0,11,0,1,0,0,30,0,0,0,0,0,0,59,0,1,0,0,5,2,3,0,17,0,21,4,15,210,3,136,0,0,15,11,56,50,0,0,12,0,10,5,0,0,0,0,0,0,6,26,6,24,0,27,8,3,0,20,0,39,44,36,0,6,0,0,0,115,0,6,0,13,0,0,0,3,0
"ENSG00000248528.1",0,0,0,0,0,17,14,0,0,0,55,1,15,0,7,0,0,4,0,0,0,0,0,0,0,1,0,0,4,9,1,0,5,0,0,0,2,0,0,0,0,0,1,41,0,0,0,1,0,0,0,39,0,0,0,0,0,0,0,0,0,0,0,0,1,0,0,0,2,0,0,1,1,0,0,0,0,0,22,0,4,0,0,1,0,0,0,0,0,0,0,20,0,42,0,0,0,0,20,1,2,0,2,0,1,0,0,0,0,1,2,0,0,0,0,3,0,0,7,27,0,0,0,21,1,0,0,0,0,0,0,0,1,0,0,0,5,0,0,0,0,0,9,0,0,6,6,0,27,0,0,0,0,0,0,0,0,23,1,0,0,0,0,0,0,0,1,1,0,0,0,1,0,0,0,0,3,4,0,0,0,0,3,0,0,1,0,0,0,0,0,0,0,0,0,0,0,18,0,0,0,0,0,0,0,13,0,0,0,0,0,0,11,2,1,0,0,0,0,2,0,0,0,0,0,0,0,0,0,0,22,0,0,1,0,36,0,0,0,0,0,0,0,0,6,2,0,0,0,0,0,1,0,1,0,0,0,0,0,1,0,0,1,13,0,0,0,0,0,0,0,0,40,0,0,4,23,0,0,0,0,3,0,0,0,10,0,0,1,0,0,4,1,0,43,37,0,0,0,1,0,0,0,0,0,0,0,0,0,0,0,0,1,0,1,0,0,3,0,1,0,0,0,0,0,0,0,0,0,0,4,1,0,0,0,0,0,0,6,0,0,0,0,0,0,0,0,0,31,0,0,8,0,15,0,0,3,0,54,23,0,0,0,0,0,0,0,90,0,0,0,0,0,0,0,0,0,0,0,0,0,0,0,0,0,0,0,1,0,0,0,0,0,2,0,3,2,45,0,0,1,1,0,0,0,1,2,7,0,1,0,0,0,0,0,0,0,0,0,0,0,0,0,0
"ENSG00000248540.3",35,0,0,12,41,1,0,0,0,7,0,0,0,1,1,0,0,0,0,1,7,0,6,10,0,0,0,9,0,5,0,19,20,1,0,2,3,1,1,1,0,38,0,1,0,0,2,27,0,0,2,15,0,1,0,0,8,0,1,0,0,0,0,1,0,0,2,0,0,6,2,49,2,0,2,0,0,1,1,1,1,4,1,2,2,0,6,0,4,0,26,1,1,7,0,1,0,1,5,8,10,0,18,1,6,3,1,0,6,0,28,1,27,31,1,1,3,0,0,0,0,2,0,1,7,0,7,0,1,5,4,0,4,2,3,0,0,0,1,0,0,6,16,0,6,1,7,11,0,5,1,0,0,0,2,0,0,37,1,13,13,0,2,19,2,1,1,5,0,5,0,1,0,2,2,1,2,2,26,1,0,0,0,7,0,0,4,0,0,0,1,20,1,8,0,0,1,0,0,1,1,0,42,2,0,0,1,4,12,0,1,6,2,1,8,30,0,0,10,0,0,1,0,0,2,0,0,0,0,1,0,1,46,2,1,1,0,0,0,5,3,9,1,1,9,3,0,0,1,1,2,0,0,2,1,4,0,6,2,1,1,1,3,0,0,25,6,1,0,0,20,0,0,0,3,1,0,1,0,7,0,0,1,0,1,2,0,2,0,17,4,3,5,1,2,1,2,0,0,49,12,0,4,0,0,10,0,4,5,0,0,0,0,1,0,7,1,2,23,5,9,5,0,0,19,7,1,0,0,0,1,2,14,43,0,1,0,0,0,0,0,0,11,1,0,1,0,0,0,0,0,4,2,3,0,1,0,2,0,0,2,0,3,2,2,2,0,2,5,2,0,3,0,0,0,0,0,0,4,0,4,0,0,1,0,0,5,1,1,0,3,0,0,3,0,7,0,6,13,0,0,0,5,1,1,11,4,0,0,17,37,0,2,4,5,2,1,50,0,2,0,0,0,0
"ENSG00000248583.1",2,0,5,2,0,0,0,0,0,0,3,4,0,0,0,0,2,0,0,0,1,0,0,0,39,4,0,2,2,2,0,3,0,2,0,0,0,0,1,1,0,1,2,8,0,0,0,1,0,0,0,3,1,1,0,0,1,3,3,0,3,1,0,1,0,0,0,6,0,0,8,0,1,0,0,0,0,0,1,1,0,2,0,1,1,0,0,9,0,1,0,0,12,0,1,0,2,20,19,0,0,0,0,0,1,0,0,0,2,0,0,0,1,40,3,0,2,2,1,13,12,4,0,7,2,1,0,5,0,0,5,0,1,2,0,0,0,0,1,0,0,1,0,0,0,1,1,0,0,1,0,0,0,0,0,0,3,0,0,12,0,0,0,1,1,3,3,0,1,0,0,21,0,3,0,5,1,0,0,7,0,0,0,58,2,0,0,7,0,0,0,0,0,1,2,0,1,3,0,1,1,0,0,6,0,8,3,0,4,1,0,0,0,4,30,6,0,0,0,25,0,4,0,0,1,0,1,3,0,1,0,2,2,2,1,7,0,0,0,0,0,1,0,1,0,0,23,0,0,23,1,0,0,0,0,0,1,0,12,0,2,24,0,1,0,0,0,0,3,0,0,1,1,0,1,0,1,0,0,1,56,1,1,0,1,0,0,0,1,0,0,0,1,0,0,0,3,0,0,0,0,0,0,0,0,0,0,2,0,1,14,0,4,0,0,5,0,2,0,1,0,1,0,0,0,0,0,0,2,0,0,1,3,0,0,0,0,0,0,0,1,1,4,0,17,15,1,0,1,0,0,0,0,9,2,0,0,4,0,0,0,0,3,0,0,2,0,1,1,0,0,18,0,0,0,0,9,1,0,167,0,39,0,0,0,1,1,1,1,0,0,0,0,0,2,1,2,2,1,0,1,0,2,0,0,1,0,0,0,0,0,8,0,0,1,0,12,0,0,1,0,1,0,0
"ENSG00000248587.8",180,3,160,5,23,2,0,74,1,1,4,6,14,4,0,3,3,1,286,13,14,5,6,0,3,1,0,41,0,1,1,1,1,158,4,0,1,3,22,17,0,11,1,150,14,1,5,11,5,31,5,5,6,1,26,3,9,7,1,41,266,249,11,137,50,0,172,244,1,6,8,23,13,9,0,6,5,4,50,13,89,125,3,3,2,0,19,88,60,0,189,12,0,1,120,9,2,330,8,3,62,6,3,120,6,6,1,7,21,0,2,13,9,101,2,0,77,60,0,5,35,43,13,116,18,4,4,326,3,73,44,8,2,8,23,10,67,2,2,5,5,19,3,21,7,0,1,1,3,0,1,13,0,50,8,104,24,4,0,53,28,1,0,5,10,83,1,3,93,3,51,13,23,2770,5,0,7,0,4,35,6,0,2,8,53,17,204,16,10,775,6,7,3,2,121,0,8,1,0,0,2,125,9,1186,2,52,85,105,169,131,12,1,0,44,8,9,83,1,2,2,8,36,0,1,3,0,147,31,0,3,0,144,1,95,174,14,3,53,0,1,2,4,206,16,3,24,13,2,2,426,0,0,12,0,5,22,3,6,38,0,27,199,29,1,0,0,1,2,175,0,1,9,0,1,2,0,0,0,81,3,123,5,11,0,89,0,1,6,1,7,13,3,8,1,130,0,2,128,289,32,8,3,36,0,0,1,1,2,1,0,133,1,2,6,0,4,2,7,15,0,1,49,10,0,33,2,3,15,16,6,1,0,9,0,2,9,302,1,0,3,0,21,11,3,17,25,86,12,0,0,11,2,2,0,11,0,31,198,2,0,0,1,50,22,194,52,0,0,3,0,134,29,0,0,182,21,44,1,126,253,0,14,118,11,8,4,13,3,2,53,0,119,4,0,3,6,104,46,18,5,0,1,16,279,2,17,0,0,17,14,20,2,8,1,50,11,107,117,11,6,5,96,39,10
"ENSG00000248635.1",20,2,0,330,1,2,4,8,3,28,11,15,2,26,366,3,3,72,22,7,3,1,65,10,2,13,8,312,2,1036,1,24,5,3,3,2,58,18,30,19,0,1,11,9,9,16,1,7,3,3,94,46,5,2,3,64,2,9,14,12,7,7,6,10,8,9,6,10,11,4,28,29,61,1,3,5,18,10,232,18,437,31,66,1135,10,5,11,8,0,26,7,83,1,12,1,0,10,5,3,73,24,0,8,30,7,1,4,1,2,3,5,2,4,4,0,9,13,6,8,9,6,193,2,81,30,3,0,1,0,60,12,2,347,7,2,6,3,3,6,9,1,10,53,2,9,260,54,16,5,1,7,1,9,5,1,3,1,29,72,62,9,0,2,24,0,13,0,2,3,394,23,21,21,2,7,6,1,1,1,12,0,1,4,1,6,11,10,17,6,19,119,0,5,1209,2,0,2,37,9,14,3,3,2,10,3,150,1,22,13,7,12,4,306,5,0,2,13,6,7,97,1,11,8,5,0,4,11,6,0,12,10,32,43,31,0,38,7,36,78,5,6,36,6,4,0,6,6,5,13,22,3,4,0,127,6,6,2,0,3,5,41,17,6,0,1,12,15,2,38,5,32,0,5,1,17,2,14,3,6,3,7,6,16,9,5,1,2,18,3,3,5,61,3,560,19,21,76,7,18,0,273,0,0,5,11,5,6,21,933,7,17,34,8,4,93,0,60,1,1,2,51,4,1,1,10,2,1,30,16,1,1495,0,37,14,461,4,14,342,19,0,0,23,29,0,52,55,167,5,2,0,0,3,30,1,6,4,4,37,4,4,222,3,19,1,0,4,73,8,8,243,7,7,302,7,156,0,3,5,15,10,2,14,10,3,7,705,5,12,15,10,0,9,1,4,13,2,218,19,15,14,26,3,12,22,2,0,3,0,5,3,16,35,0,5,39,2,5,2,7,6,1,4,0,4
"ENSG00000248673.2",1,0,0,3,6,20,1,0,0,0,0,3,10,5,3,0,0,1,13,1,0,1,2,1,0,29,2,0,9,3,11,5,3,3,0,0,8,14,3,1,2,0,4,0,1,4,0,5,1,1,3,4,1,100,0,11,2,5,4,2,4,5,2,1,0,36,0,49,0,4,2,1,1,0,2,0,0,2,11,1,2,11,0,1,0,0,0,0,0,1,4,9,6,0,7,0,3,4,72,4,8,5,5,3,2,4,1,7,6,11,0,1,2,2,0,10,40,12,8,172,0,1,0,3,1,1,3,0,0,3,3,1,4,0,0,1,13,1,0,3,0,9,5,4,3,1,2,0,8,1,0,1,1,9,1,10,4,4,4,2,5,1,3,3,4,0,0,2,6,0,2,2,1,40,1,1,0,24,6,18,0,0,3,0,3,1,0,26,1,0,1,14,1,5,4,2,1,13,0,1,0,1,2,216,1,3,0,0,8,2,0,4,3,1,5,4,0,4,1,72,2,0,25,0,3,0,11,0,0,1,0,0,2,4,5,19,0,3,1,1,2,1,2,1,0,5,0,5,1,4,0,6,0,0,0,0,2,0,12,22,0,65,23,45,0,4,1,1,1,0,1,1,2,0,0,11,9,1,1,1,1,95,0,0,2,87,2,0,6,3,1,0,12,4,8,0,0,0,0,5,3,0,37,1,60,1,1,0,0,10,5,40,2,2,0,0,10,5,0,4,4,1,5,5,8,0,1,8,11,0,2,1,0,3,2,0,1,20,3,1,0,33,7,1,0,5,5,9,4,0,1,0,6,29,1,2,17,2,7,8,0,3,14,4,13,6,0,7,6,2,0,22,4,1,1,19,2,2,0,3,1,0,14,0,1,0,5,2,0,6,7,4,1,3,22,1,36,35,0,1,0,5,1,10,1,1,3,0,0,1,0,0,0,1,2,1,17,1,1,2,2,0,31,0
"ENSG00000248698.6",0,0,0,0,2,0,0,0,0,0,0,1,1,0,1,0,1,2,0,0,1,1,0,1,0,0,1,1,0,9,0,1,1,1,3,1,2,0,1,4,0,1,0,2,0,0,0,0,2,0,0,2,0,0,0,0,1,0,0,0,18,0,0,0,0,0,0,1,2,0,1,2,0,0,4,0,0,1,1,0,0,1,2,1,5,0,2,1,5,0,7,15,0,0,3,0,2,0,0,123,0,0,1,0,0,0,2,1,3,0,1,0,4,1,1,0,0,0,0,5,0,1,0,0,0,0,0,0,0,22,1,1,5,1,0,0,0,0,0,0,0,0,1,0,0,5,1,1,0,0,0,0,1,1,0,0,2,0,1,4,0,0,0,1,0,3,4,4,0,5,2,0,2,1,0,0,0,0,0,0,0,1,1,1,0,0,0,1,2,0,0,26,0,1,0,0,0,0,0,1,0,0,4,0,0,0,0,0,0,0,1,1,1,0,0,1,5,0,0,0,0,0,0,1,0,0,69,16,0,0,0,1,0,4,0,2,0,3,0,0,1,0,1,0,3,2,1,0,0,0,0,0,0,2,0,0,0,0,0,0,1,0,8,0,0,0,1,0,0,0,0,0,0,0,2,0,0,0,5,0,0,0,0,0,0,0,0,1,0,0,0,0,0,2,5,0,9,2,0,0,1,0,0,1,0,0,2,0,0,1,2,0,0,0,1,0,0,2,2,0,2,0,0,1,0,3,0,1,0,0,1,0,0,4,0,0,0,22,0,1,0,2,0,1,1,0,0,0,0,0,0,3,0,0,0,1,1,15,0,0,0,2,1,0,1,0,0,0,0,0,0,0,0,0,1,0,0,0,1,0,0,0,0,0,0,0,0,0,0,0,0,1,0,0,0,0,10,0,0,0,0,1,4,0,124,0,35,0,0,5,0,0,2,0,0,0,0,3,1,0,0,0,768,0
"ENSG00000248713.1",0,0,65,9,0,0,0,1,1,1,0,7,2,30,3,1,0,5,8,3,0,1,1,1,1,0,0,0,0,0,0,24,11,1,1,3,133,10,0,1,0,1,0,5,8,2,1,9,0,0,3,5,0,12,0,13,1,0,0,0,2,32,0,1,0,0,0,7,6,2,10,16,0,0,0,3,0,1,0,16,105,48,0,34,2,0,1,38,0,0,1,25,0,0,0,0,0,0,0,4,4,0,0,2,2,1,0,1,23,0,5,4,1,2,0,2,0,1,0,268,54,8,1,41,11,0,1,0,0,2,2,3,12,7,9,2,4,0,1,1,0,1,7,5,1,11,8,0,0,0,5,2,1,9,1,3,0,1,16,12,16,1,10,2,0,1,3,2,0,4,1,0,367,5,3,0,5,3,6,120,0,0,8,0,1,0,1,0,0,1,0,1,1,28,4,0,0,5,1,7,2,3,1,2,1,13,0,6,2,1,2,0,1,0,3,3,8,50,0,222,3,0,0,0,0,1,14,27,4,54,0,0,0,30,4,171,0,16,4,0,1,10,3,2,0,2,6,0,23,62,0,0,0,1,0,0,6,1,36,1,10,6,1,0,4,0,20,1,4,1,12,5,1,0,0,0,0,1,3,1,0,20,1,2,2,1,2,0,0,2,3,2,3,8,7,3,3,5,1,0,2,0,12,1,1,0,1,1,2,7,5,0,0,17,48,0,69,3,0,15,1,2,0,0,20,0,3,3,150,2,40,1,9,0,38,5,28,10,3,0,0,43,45,0,6,1,3,0,1,0,3,2,2,0,0,5,0,5,0,0,3,0,74,0,0,3,4,0,5,11,0,14,2,1,2,0,1,0,1,1,0,2,2,3,0,12,0,4,15,1,0,12,0,0,0,0,77,0,13,0,2,0,0,21,51,114,9,0,0,0,25,0,0,1,2,0,0,15,0,4,1,0,7,2
"ENSG00000248763.2",0,0,0,1,0,0,2,0,0,0,0,6,23,17,12,0,9,1,14,14,0,0,1,0,0,0,5,1,0,0,0,5,0,1,0,0,2,0,18,20,0,3,33,0,0,1,1,0,1,0,0,3,0,1,5,12,0,1,0,1,0,0,3,0,0,0,0,0,3,3,9,0,0,0,2,0,0,0,16,3,5,1,11,0,0,1,0,8,1,0,0,7,5,0,0,0,1,0,27,4,0,0,8,0,0,36,0,0,0,0,0,2,3,3,8,1,28,0,0,34,1,0,0,1,1,0,0,0,6,7,0,0,53,0,5,0,3,0,4,0,0,0,10,1,1,0,2,0,18,1,1,0,1,0,0,50,2,2,0,0,2,0,0,0,0,2,0,0,0,4,1,2,9,24,0,4,0,0,1,0,0,0,0,4,2,1,0,0,2,0,0,8,0,1,0,0,0,2,0,0,1,1,0,12,0,1,0,17,2,0,0,0,3,1,0,23,2,2,0,15,0,2,4,0,0,0,0,2,0,18,11,0,4,0,0,16,0,4,0,0,0,0,2,0,0,0,8,0,1,1,0,0,0,0,14,2,0,0,6,3,0,1,0,0,0,2,2,1,1,0,0,0,0,0,0,0,3,0,0,1,0,3,1,0,1,3,0,0,6,0,0,2,0,1,0,7,1,3,0,1,13,0,0,0,7,0,0,0,2,7,1,0,1,0,0,0,2,0,0,0,72,1,0,0,1,0,0,0,6,0,6,0,0,5,0,0,5,0,0,0,0,3,0,0,28,0,0,0,1,0,0,47,2,1,0,0,52,49,10,5,0,0,5,1,0,0,1,6,0,0,0,14,0,4,0,0,10,1,0,0,0,3,1,0,0,1,0,0,0,0,10,1,0,0,0,0,2,13,7,0,0,3,2,3,7,0,0,0,0,0,0,0,0,0,0,0,2,0,0,0,0,0,27,1
"ENSG00000248771.5",1,0,0,1,115,0,16,0,0,0,0,0,2,59,85,2,0,7,0,1,81,20,772,135,3,1,0,46,62,5,70,45,0,0,12,1262,43,85,0,0,1,74,0,1,0,7,21,0,35,0,0,2168,0,0,0,211,0,0,596,1,0,0,2,0,0,20,0,0,21,35,0,0,23,0,0,3,152,384,5,0,1,5,1526,12,0,211,0,0,454,0,1,45,0,3,0,0,0,0,8,16,0,0,4,0,129,15,0,0,3,0,0,1,15,0,7,2,109,0,68,2,1,422,0,0,2,0,0,0,4,3,154,1,8,0,23,0,0,0,2,0,8,132,944,0,1,231,848,66,4,6,0,7,0,2,42,0,90,1,0,118,1,0,333,2,10,1,332,6,4,95,0,17,0,27,0,0,0,0,0,0,0,685,4,0,0,0,0,184,0,1,0,0,945,0,1,0,3,0,0,2,0,3,0,177,0,19,0,458,0,0,15,111,201,860,7,3,0,0,71,448,0,0,0,117,2,3,2,2,22,1,732,0,12,0,0,0,1,0,1,0,56,1,0,14,50,0,0,0,0,0,3,15,0,576,0,20,2,0,0,65,1,32,20,1,1,292,16,1,31,14,0,22,99,0,0,0,7,0,0,78,1,1,0,0,0,0,1,0,0,45,0,75,0,0,4,4,33,0,0,0,284,0,39,0,3,0,0,43,217,0,0,4,0,22,0,4,0,12,38,33,0,1,0,12,0,1,1,0,0,2,0,1,342,4,2,1,0,0,0,81,0,0,49,3,1,0,2,21,0,0,1,4148,2,1,0,3,5,2,0,29,0,1,0,12,0,0,28,0,0,89,73,0,56,0,322,25,443,2,0,1,0,2,0,4,33,0,3,270,0,1,2,0,0,0,0,18,0,0,108,10,0,1,9,0,0,0,0,1,0,5,0,1,0,0,196,0,157,1,27,25,0,0,1,0
"ENSG00000248783.1",0,0,0,0,0,0,12,0,0,1,0,30,0,43,18,0,0,61,1,0,0,0,0,0,25,1,0,14,7,32,0,0,26,0,0,0,16,0,0,0,0,0,0,0,0,0,0,2,0,0,0,20,0,35,0,0,0,0,5,0,0,8,0,16,0,0,0,0,0,0,22,0,5,0,0,0,0,0,8,27,19,21,1,0,18,0,0,4,0,0,0,11,4,0,0,0,0,32,38,0,0,0,0,0,0,0,0,0,25,36,0,0,0,5,0,7,1,8,3,27,0,3,0,0,6,0,1,19,0,0,2,0,4,0,1,0,0,0,31,12,0,0,15,0,0,49,0,0,0,0,0,0,0,25,0,0,5,0,22,23,6,0,0,0,0,5,21,0,0,97,2,7,0,81,0,0,16,19,0,23,0,0,8,1,9,1,15,0,0,60,0,0,0,16,3,0,0,0,0,0,19,0,0,45,0,18,0,0,3,2,0,0,8,57,17,1,0,0,33,43,1,4,0,0,0,0,0,16,0,0,0,3,0,0,3,3,0,0,0,1,0,0,0,0,0,0,3,0,0,0,1,0,0,2,0,0,0,0,14,8,45,24,0,48,0,0,0,0,23,0,11,0,12,0,0,0,31,0,0,8,2,20,0,0,0,0,0,0,0,0,0,0,0,3,0,20,75,0,0,0,0,0,14,0,6,0,0,2,33,17,0,0,46,0,0,0,44,0,0,16,0,0,0,0,2,0,0,0,15,0,12,0,1,0,0,0,0,0,0,0,0,1,0,0,80,18,16,0,7,0,0,0,0,47,0,0,0,0,0,0,1,0,0,1,0,0,0,0,0,4,0,0,0,28,61,0,27,0,0,6,16,2,0,0,0,14,0,14,3,0,0,0,0,0,0,0,8,50,0,0,2,6,0,0,0,0,10,52,0,0,0,0,0,0,7,0,6,0,4,0,0,0,0,0
"ENSG00000248795.1",0,1,1,1,4,1,0,1,1,1,1,2,1,127,10,1,0,41,1,0,0,0,2,2,16,2,2,1,2,5,2,5,6,8,4,3,57,1,1,2,0,0,4,3,0,0,1,3,0,1,2,19,2,11,1,0,2,2,3,0,1,2,0,4,0,1,1,2,3,1,23,2,0,1,0,0,0,1,10,9,51,1,1,1,4,1,1,23,4,0,1,11,3,0,0,0,5,6,24,0,1,0,0,1,0,5,2,0,16,4,0,1,2,1,2,0,1,12,11,15,1,5,0,8,4,1,0,1,1,1,0,2,19,1,2,0,3,1,2,9,0,3,10,1,1,77,3,0,2,2,0,0,1,1,1,2,3,1,18,30,5,0,1,0,0,7,2,3,2,10,11,1,4,38,0,1,1,17,1,2,1,8,0,1,3,0,6,6,1,6,4,3,0,4,0,0,0,1,1,0,0,1,1,11,0,17,1,0,2,0,1,3,3,4,1,0,1,0,3,26,0,4,1,2,0,0,1,4,0,2,0,7,0,1,0,9,0,1,4,4,2,1,0,1,1,0,0,0,0,3,0,0,0,2,0,2,0,7,10,1,8,17,1,5,2,2,1,0,42,0,4,0,12,0,0,0,1,1,1,2,2,8,11,0,3,2,0,1,0,1,1,0,0,9,0,31,29,1,8,1,0,0,15,1,6,1,0,1,3,7,0,0,0,1,2,0,3,3,9,0,3,1,0,1,7,0,1,4,20,0,12,0,3,3,2,0,1,0,1,1,1,4,0,0,1,4,4,0,3,0,0,6,2,37,2,1,0,2,1,0,0,1,2,0,3,2,0,4,3,1,0,2,1,8,69,1,11,1,3,2,37,18,18,0,1,1,0,2,15,0,1,0,0,1,1,1,26,16,1,1,0,1,2,0,23,8,6,2,0,2,0,0,0,1,0,1,2,1,1,0,0,0,5,0
"ENSG00000248817.1",0,0,0,0,0,0,1,0,0,1,0,0,0,50,41,1,1,29,0,0,0,0,0,0,16,0,0,5,1,14,2,0,3,3,1,0,44,0,0,0,0,0,0,0,0,0,0,2,0,1,0,7,0,0,0,1,0,0,6,0,0,7,0,0,2,0,1,0,0,0,38,0,0,2,0,0,0,0,0,5,1,3,0,0,6,0,0,1,0,0,0,21,1,0,0,0,1,3,1,0,0,0,0,0,1,0,0,0,2,0,0,0,0,3,0,0,0,0,0,21,0,9,0,0,0,0,1,3,0,1,1,0,25,1,0,0,0,0,0,4,0,1,10,0,0,34,0,0,0,0,0,0,0,11,0,0,0,0,3,11,0,0,0,0,0,14,5,1,0,0,0,2,0,53,0,0,0,6,0,1,0,1,0,0,6,0,0,0,0,4,1,0,1,29,4,0,1,0,0,0,1,0,0,44,0,0,0,0,2,0,0,0,1,7,0,0,0,0,7,82,0,1,0,1,0,0,0,0,0,0,1,7,0,0,0,0,0,0,0,3,0,0,0,0,1,0,0,0,0,1,1,0,0,15,1,0,0,0,2,1,17,3,0,3,0,1,0,0,7,0,12,0,7,0,0,0,13,1,1,1,8,2,0,0,0,0,0,1,0,0,1,0,0,0,0,68,26,0,2,0,0,0,14,0,0,0,0,0,4,0,1,0,10,0,0,0,16,0,0,29,0,0,0,0,1,0,1,1,2,0,21,0,4,0,1,0,0,0,0,0,0,0,4,0,9,9,0,0,1,0,0,0,0,8,1,1,0,0,0,0,0,0,0,0,0,1,0,0,0,5,0,1,0,1,54,0,14,0,2,2,16,7,2,0,0,19,0,3,3,1,0,0,0,0,0,0,5,4,0,0,0,0,0,0,1,0,11,0,0,0,0,0,1,0,5,0,7,1,0,0,0,0,0,0
"ENSG00000248827.1",0,0,0,0,2,6,0,0,1,0,1,0,1,7,0,0,0,1,0,0,1,0,1,1,0,0,0,20,2,0,0,38,0,0,4,0,0,0,0,0,0,0,1,0,1,0,0,0,0,0,0,24,2,1,0,0,0,0,0,1,1,8,2,0,0,0,0,0,2,28,0,0,3,0,0,1,0,0,0,4,2,0,0,1,1,14,0,0,6,0,0,0,0,0,0,0,0,0,0,0,0,1,0,0,0,22,1,0,10,0,0,1,2,0,1,0,1,0,0,0,1,0,0,0,0,0,0,1,0,1,0,0,2,1,0,3,11,1,0,2,0,0,2,0,2,24,10,1,0,1,0,0,0,0,2,0,0,1,0,32,0,0,0,0,0,0,0,0,0,1,0,1,2,2,0,0,1,0,0,0,0,40,0,0,1,0,0,0,0,1,0,0,10,3,1,0,0,0,1,13,0,0,1,5,0,0,0,0,2,0,2,2,1,5,2,1,0,0,0,2,0,4,0,14,0,0,0,3,0,0,2,10,0,1,0,0,0,0,0,0,63,0,0,22,0,0,0,0,1,0,0,0,0,0,0,0,0,1,1,1,2,4,0,0,0,2,0,1,6,1,2,0,2,0,0,0,0,0,0,0,1,0,0,0,1,0,0,1,0,1,0,0,0,0,0,15,7,0,1,1,1,1,10,0,0,1,0,5,6,0,0,0,0,1,1,1,1,0,8,0,0,0,0,0,1,1,0,1,0,0,0,0,0,0,1,0,0,0,0,0,0,0,6,0,0,0,0,1,0,0,1,11,0,2,0,1,0,0,2,0,2,1,0,1,0,0,0,2,0,0,0,0,0,0,13,0,44,2,3,70,0,15,0,0,0,0,0,0,0,4,0,0,0,0,0,0,4,0,0,0,5,0,17,0,0,0,1,1,0,1,1,1,0,1,0,0,0,0,0,2,0,0,0,0
"ENSG00000248837.7",0,2,0,2,0,0,60,1,0,0,0,127,0,6,1,0,1,0,0,0,0,1,3,5,7,5,0,73,0,3,0,0,5,19,1,0,13,1,85,92,0,0,0,0,1,0,0,2,3,0,0,108,2,24,0,3,0,0,6,0,0,0,0,6,3,1,0,0,2,0,479,3,7,3,0,4,1,0,20,4,45,25,0,3,6,1,0,3,3,0,2,102,20,0,0,1,1,3,2,6,0,0,16,0,0,1,3,6,29,0,0,0,0,2,2,2,0,49,1,148,1,65,1,11,5,0,0,26,0,0,3,4,516,0,0,1,0,0,0,0,0,0,18,3,0,17,2,0,1,1,1,4,1,2,0,0,0,2,42,10,1,0,0,2,0,55,94,1,3,66,5,6,1,50,1,0,0,144,0,23,1,0,0,0,1,1,0,0,1,5,0,4,2,20,6,0,2,0,0,0,0,3,0,18,1,187,1,3,32,0,1,0,20,74,5,1,0,1,1,1198,2,9,0,0,1,1,18,1,0,25,0,2,4,1,2,206,1,0,2,3,0,0,1,2,1,0,8,0,0,3,1,0,2,0,0,0,0,1,7,5,18,109,22,7,0,0,1,1,42,3,69,2,238,0,3,1,0,1,0,87,31,119,1,0,0,4,0,0,0,1,1,0,0,9,0,40,1,0,1,0,0,0,0,0,1,1,0,1,0,1,2,2,2,2,3,0,144,1,2,9,0,1,2,0,35,0,2,1,6,2,67,0,119,0,0,13,0,1,0,0,3,1,19,1,2,33,0,0,0,2,2,1,5,134,0,4,0,0,264,0,2,1,77,0,0,1,1,0,0,1,0,11,2,17,194,2,147,3,1,4,32,38,4,0,3,0,0,0,1,0,1,0,0,0,0,1,1,256,4,0,0,2,0,0,0,0,110,5,32,1,1,2,2,1,0,0,38,0,2,1,1,0,0,1
"ENSG00000248884.1",1,87,11,11,5,1,5,58,4,2,0,1,4,6,3,29,3,10,2,15,6,74,4,17,66,7,5,2,0,4,1,2,4,175,77,5,1,6,1,0,2,0,1,1,26,14,0,2,178,14,13,6,9,1,1,45,19,1,207,17,17,37,3,42,118,1,33,1,6,10,4,29,20,92,2,70,2,33,3,6,2,136,1,3,24,4,16,22,4,2,11,32,1,0,19,93,39,39,1,2,75,41,5,5,8,0,7,41,1,0,4,35,6,13,0,10,2,2,3,2,4,22,39,7,10,34,14,1,0,4,17,82,6,5,0,178,9,96,0,12,32,5,5,134,0,3,0,0,2,1,67,60,25,18,4,0,22,12,2,4,16,0,84,7,0,8,0,1,78,102,5,49,7,4,1,4,2,3,1,1,59,40,17,0,18,17,2,125,13,35,3,2,3,21,87,3,69,5,0,9,162,78,6,189,205,3,16,18,13,35,23,3,3,27,2,1,1,47,13,15,92,9,0,44,51,47,19,65,1,3,21,13,10,18,14,6,141,5,9,69,3,11,17,14,2,2,1,3,7,1,2,1,92,16,53,11,99,0,2,94,50,53,12,0,21,1,8,31,3,132,3,33,2,37,6,1,2,50,1,27,21,0,10,22,10,1,99,3,0,5,5,6,2,7,1,5,9,2,55,0,8,3,3,75,0,5,0,18,12,2,25,0,0,69,1,1,0,2,5,7,3,6,179,1,46,4,21,64,6,86,22,4,35,4,0,242,2,3,1,0,113,8,11,6,17,48,2,3,7,28,108,1,70,0,3,225,1,2,2,0,11,1,3,0,3,87,4,1,4,14,36,4,1,1,15,175,21,55,25,33,515,13,315,11,17,37,1,5,1,17,0,0,26,0,2,5,16,0,4,67,4,1,20,1,9,1,17,2,46,8,6,6,90,29,159,11,0,9,1,44,110,50,19,24
"ENSG00000248890.2",20,11,2,11,17,2,0,2,7,25,521,1,13,12,2,31,32,4,0,29,41,38,23,35,0,7,0,1,1,23,10,18,13,37,31,10,4,10,0,1,0,14,5,4,65,0,0,9,54,2,11,3,32,1,0,1,11,2,5,0,1,1,0,21,27,1,2,1,26,1,34,6,0,15,4,37,24,4,0,3,2,2,3,49,2,4,2,0,14,0,15,5,0,0,1,14,18,3,92,6,7,48,15,0,15,16,3,42,39,7,33,63,75,3,9,2,7,0,5,2,0,1,5,3,3,30,35,2,1,25,21,55,5,1,13,40,2,46,2,3,17,28,31,64,46,0,8,4,3,1,39,54,1,3,42,0,1,22,1,13,1,1,0,27,6,19,5,2,0,10,0,5,0,7,12,13,7,2,70,3,22,3,0,1,4,20,27,18,2,0,6,34,10,6,0,1,54,7,1,3,0,0,22,16,33,0,7,5,45,0,49,16,7,1,28,19,1,0,11,1,17,0,0,0,39,32,2,2,1,1,4,0,12,3,0,2,34,2,0,2,70,12,2,10,3,6,0,2,2,0,4,1,17,4,37,19,43,16,0,3,26,6,3,1,45,23,8,64,3,24,6,11,0,32,3,0,4,20,1,0,1,2,4,42,0,17,36,27,4,10,122,7,38,0,9,1,4,3,11,3,71,7,642,117,2,3,3,2,2,1,9,7,1,2,11,0,1,8,57,16,11,3,45,2,10,5,75,0,3,25,1,12,24,7,0,60,0,2,2840,3,38,1,5,2,0,5,1,4,0,60,44,36,5,0,6,59,9,16,3,1,0,12,9,2,20,4,0,2,12,7,1,10,2,1,3,7,1,83,2,1,1,1,5,15,54,1,25,9,0,3,6,0,22,1,1,4,3,4,128,26,5,0,48,0,12,23,3,4,3,85,61,14,0,9,1,0,0,568,7,86,63,16,2,40
"ENSG00000249001.5",2,0,0,1,1,0,109,1,0,0,0,6,0,83,178,3,0,51,0,0,0,0,21,12,34,9,0,32,0,19,18,3,26,0,22,0,44,0,15,16,2,8,2,12,1,0,0,5,0,0,0,51,0,19,3,6,1,0,30,0,0,114,0,9,0,0,31,5,0,0,76,1,7,1,0,0,36,0,11,0,12,41,0,2,29,1,1,48,1,0,3,25,0,180,0,0,0,67,24,3,1,0,3,19,3,1,0,0,72,20,0,0,0,90,0,51,0,2,27,73,2,151,0,17,1,0,0,28,0,74,1,0,65,0,4,0,1,0,10,14,0,1,47,0,0,79,11,0,3,3,0,0,44,0,2,0,5,6,110,27,1,1,19,2,0,13,40,18,0,67,3,42,2,158,1,0,2,24,2,6,0,5,0,4,101,0,31,0,0,23,1,2,0,62,52,9,1,3,0,0,0,0,4,185,0,293,0,11,1,1,0,1,35,0,9,2,0,16,6,6,0,78,0,0,1,2,0,100,0,0,0,2,1,1,0,6,0,0,2,2,3,4,8,0,12,2,38,4,4,4,0,0,0,0,0,0,0,0,1,124,43,52,66,45,0,3,2,0,45,0,17,0,98,0,0,0,63,1,0,46,111,28,79,0,3,2,0,0,1,2,2,1,0,28,0,44,4,1,0,3,0,36,17,0,23,2,0,18,37,19,10,0,39,1,2,14,42,1,1,4,0,11,0,0,1,0,0,0,11,2,66,0,33,0,9,0,3,0,0,0,0,1,4,0,33,23,29,0,7,0,0,1,0,36,0,0,0,2,2,0,56,0,1,0,2,0,0,1,1,0,0,7,56,3,94,0,66,0,2,122,105,72,0,2,0,13,0,4,1,0,0,1,0,2,0,3,86,120,5,3,0,1,0,1,131,0,26,38,0,0,0,29,0,0,16,2,12,8,4,0,1,0,0,0
"ENSG00000249006.1",0,0,0,0,0,0,0,2,0,0,9,48,0,0,0,1,0,0,13,0,0,0,0,0,0,1,0,0,0,1,0,0,0,0,0,0,6,0,0,0,0,0,0,37,0,0,0,0,0,0,1,0,0,1,26,0,20,0,0,1,18,0,0,1,0,0,0,3,3,0,1,0,0,0,0,0,1,0,0,0,4,1,0,0,2,0,0,0,3,0,0,0,0,0,6,0,16,0,2,0,0,0,0,0,0,0,0,0,2,0,1,0,0,0,0,0,0,0,0,1,1,5,0,1,0,0,0,0,1,0,0,0,0,0,0,0,0,1,0,0,0,0,0,0,0,1,2,0,0,0,0,0,1,3,0,0,0,0,1,1,0,0,0,0,0,0,0,0,1,1,5,1,3,12,0,0,0,0,1,5,0,0,2,0,4,0,3,0,0,0,0,0,0,0,0,0,0,0,0,0,0,0,1,3,0,0,0,0,0,0,0,0,0,0,0,3,2,2,1,0,0,0,0,0,0,0,40,0,0,4,0,0,0,9,1,5,0,22,0,0,0,0,5,0,4,0,0,0,1,1,0,0,0,0,0,0,0,0,5,4,0,1,1,0,0,1,0,0,0,0,0,0,2,1,1,0,0,0,15,0,1,2,0,0,0,0,0,1,0,0,0,0,0,0,5,0,1,2,4,1,1,2,0,0,0,0,0,0,0,0,9,0,0,1,1,2,1,2,0,0,0,1,2,0,2,0,0,1,2,0,6,0,0,3,6,0,4,0,0,0,0,10,0,2,0,0,1,0,0,0,0,1,2,0,0,0,0,3,0,0,1,0,4,2,0,0,0,1,3,0,0,1,0,1,0,0,0,0,0,0,0,0,1,0,0,0,0,0,1,0,0,22,0,0,0,1,1,0,8,0,0,3,1,2,0,0,0,0,0,0,0,0,1,0,0,0,0,1,0,0,0,0,0,0
"ENSG00000249053.1",0,0,0,0,0,0,0,0,0,0,0,6,0,39,0,0,0,1,0,0,0,0,0,0,11,0,0,0,0,19,0,0,12,0,0,0,103,0,0,0,0,0,0,1,0,0,0,1,0,0,0,72,0,1,0,0,0,0,0,0,0,7,0,2,0,0,0,2,0,0,1,0,0,0,0,0,0,0,0,26,26,12,0,0,14,0,0,23,0,0,0,32,0,0,0,0,0,4,0,0,0,0,0,0,0,0,0,0,6,0,0,0,0,1,0,15,0,0,0,0,0,0,0,0,0,0,0,4,0,0,0,0,19,0,0,0,0,0,8,24,0,0,16,0,0,15,0,0,0,0,0,0,0,68,0,0,2,0,4,0,1,0,0,0,0,0,0,0,0,1,0,2,0,56,0,0,0,7,0,104,0,0,0,0,0,0,0,0,0,3,0,0,0,24,4,0,0,0,0,0,4,1,0,148,0,2,0,0,0,3,0,0,0,0,8,0,0,0,8,83,0,1,0,0,0,0,0,3,0,1,0,2,0,0,0,2,0,0,1,1,0,0,0,0,0,0,0,0,0,0,0,0,0,0,0,0,0,0,3,0,13,0,0,0,0,0,0,0,1,0,3,0,0,0,0,0,0,0,0,24,0,0,3,0,0,0,0,0,0,0,0,0,0,0,0,0,1,0,1,0,0,0,0,0,0,0,0,2,3,0,3,0,0,0,0,0,2,0,0,0,0,0,0,0,9,0,0,0,7,0,4,0,3,0,0,0,0,0,0,0,0,0,0,0,10,9,0,0,1,0,0,2,0,3,0,0,0,2,0,0,0,0,0,0,0,0,0,0,0,0,0,0,0,0,16,0,46,0,0,2,5,7,0,0,0,7,0,0,0,0,0,0,0,0,0,0,2,0,0,0,0,0,0,0,0,0,14,0,0,0,0,0,0,0,0,0,2,0,0,0,0,0,0,0
"ENSG00000249092.1",1,0,0,2,0,4,27,0,1,0,0,22,17,6,112,1,4,31,10,3,6,1,1,2,13,5,40,4,0,7,19,1,16,8,22,1,0,2,15,8,8,2,10,32,0,13,6,2,1,4,1,3,0,9,11,17,2,1,31,4,64,57,2,2,7,2,3,15,36,4,80,2,0,1,5,2,40,4,17,19,34,25,8,3,38,2,0,35,3,4,5,43,3,35,2,2,10,10,31,9,11,4,51,23,2,1,14,0,44,3,4,0,9,7,0,14,5,20,57,49,29,25,4,22,8,3,2,6,0,162,5,2,71,3,18,2,1,3,20,0,1,1,7,7,3,18,4,2,8,1,3,4,18,13,1,14,6,31,13,8,27,15,15,0,3,27,8,26,7,83,12,18,8,49,6,3,12,66,6,7,0,6,3,20,10,1,15,5,35,19,6,3,2,37,5,0,3,19,4,1,5,30,3,30,0,99,0,7,6,21,1,7,101,1,10,0,23,9,10,14,2,4,3,6,0,2,12,47,2,15,22,2,4,24,15,24,3,14,2,26,2,2,7,0,62,4,20,5,25,11,2,1,1,1,0,19,0,2,25,52,12,2,21,3,3,0,18,1,14,0,17,1,29,2,4,12,28,2,15,16,1,11,5,5,6,4,1,2,70,16,2,6,5,100,62,17,26,8,11,0,11,3,2,5,42,8,3,43,14,2,10,2,5,4,2,2,33,8,2,3,11,0,7,31,35,17,3,3,58,1,33,3,10,18,12,2,7,25,0,4,1,7,1,1,95,9,2,1,19,4,4,22,13,2,7,4,5,2,5,1,13,18,3,4,42,11,41,4,14,4,8,7,18,7,32,4,21,2,2,12,17,4,45,18,1,3,2,2,14,4,18,18,0,7,0,3,39,2,3,1,9,5,4,1,48,5,21,53,7,7,22,6,5,2,28,0,7,1,4,4,2,0,148,6
"ENSG00000249111.1",1,0,0,13,0,0,1,0,0,0,0,0,0,0,16,0,0,0,0,0,0,0,1,2,0,0,0,0,0,0,0,0,0,16,0,180,0,0,0,0,0,0,0,0,0,0,0,0,0,0,0,20,0,0,0,0,0,0,0,0,0,0,0,0,0,0,0,0,1,0,126,0,3,0,0,0,0,0,0,0,0,0,10,0,0,0,0,0,11,12,0,0,0,0,0,0,0,0,0,0,3,0,34,0,0,0,0,0,1,0,0,0,4,0,0,6,0,0,0,1,0,0,0,0,1,0,0,0,0,1,12,0,2,0,0,0,0,0,0,0,0,0,3,0,0,113,36,0,0,0,0,0,0,0,0,0,0,0,0,0,3,0,0,0,0,0,0,3,0,19,0,1,0,0,0,0,0,0,0,0,0,0,0,0,0,0,0,0,0,0,0,0,0,0,0,0,0,0,0,0,0,0,0,0,0,1,0,0,0,0,0,0,10,25,0,0,0,0,0,1,0,0,0,54,0,0,0,0,5,0,144,0,2,0,0,2,0,0,0,1,0,0,0,0,1,0,0,0,0,0,0,0,0,0,0,0,0,0,0,0,8,1,0,0,0,0,0,0,0,0,0,0,1,0,0,0,7,0,0,0,0,0,1,0,0,0,0,0,0,1,0,0,0,0,0,30,0,0,0,0,0,0,0,0,9,0,0,6,0,0,0,0,0,0,1,5,0,0,50,0,0,0,0,0,1,0,0,0,0,0,0,0,0,0,1,0,0,0,0,2,0,0,15,0,0,9,0,0,1,0,0,23,0,0,0,0,0,0,0,0,0,0,0,0,0,0,0,0,0,2,0,0,2,0,0,0,0,0,0,1,0,0,0,0,0,0,0,0,0,0,0,0,0,0,0,0,0,0,0,0,0,0,0,0,1,0,46,0,1,1,0,0,0,0,2,0,0,0,0,0,0,0,0,0
"ENSG00000249125.2",1,0,0,0,0,1,1,0,1,0,0,0,0,0,1,0,1,0,0,0,0,0,1,0,0,0,0,3,0,0,2,2,1,0,0,1,0,0,1,0,0,0,1,1,0,0,0,0,0,0,0,37,0,0,0,1,0,0,8,0,0,100,0,1,0,0,1,0,1,0,2,1,0,0,0,0,0,0,0,0,11,37,1,0,0,0,0,0,6,0,0,0,0,4,0,0,0,0,1,0,0,0,0,0,0,1,0,0,0,0,2,0,0,1,1,41,2,0,0,1,0,3,0,2,0,0,0,0,0,1,1,0,80,0,1,0,1,0,0,1,0,1,1,0,0,0,0,4,1,0,0,1,2,0,2,0,0,1,0,5,1,0,0,0,0,20,1,2,1,1,0,2,3,1,0,0,2,2,2,0,0,1,1,16,0,0,0,0,1,25,0,1,0,5,75,0,0,0,1,1,0,0,1,7,0,0,0,0,0,0,1,0,0,1,0,0,1,0,1,6,0,1,0,2,0,0,1,0,0,0,3,0,4,1,0,1,0,0,0,0,1,0,2,1,4,0,1,0,0,0,0,0,0,0,1,1,0,0,0,3,1,0,4,3,0,1,0,0,12,0,1,0,0,0,0,0,0,0,0,9,2,3,1,0,0,0,0,0,0,2,0,0,1,0,0,1,3,0,0,0,1,1,0,0,1,0,0,1,1,77,0,0,0,1,0,0,1,0,1,0,0,0,0,1,2,0,0,0,1,1,0,0,0,0,0,0,0,0,0,1,0,1,0,0,1,0,0,4,1,0,0,2,0,3,0,1,1,0,2,0,0,1,1,3,1,0,0,1,0,0,0,0,0,0,2,0,1,0,0,0,1,0,0,0,2,0,2,1,1,0,0,1,0,0,0,0,0,5,2,0,0,1,3,1,3,0,1,0,0,1,1,0,2,0,15,0,3,1,0,0,0,0,0,0
"ENSG00000249173.6",2,3030,4,300,30,98,16,119,2941,79,26,10,11,7,6,1679,69,68,23,234,35,2281,4,33,3922,16,17,510,9,9,2,1,69,1044,84,0,405,80,4,1,2,1,5,9,1320,147,23,64,2231,2572,85,24,530,32,5,190,851,10,1137,24,111,212,120,522,1817,2,3616,18,36,56,151,201,173,3159,37,3316,2,206,9,94,119,768,5,18,119,140,92,22,10,71,33,103,9,2,31,2768,311,1767,12,12,287,3685,2,34,13,22,218,1825,22,5,5,877,48,1892,3,4,11,17,6,47,40,1710,432,15,141,3907,1083,68,70,19,609,3515,13,168,11,3087,16,2086,47,64,1113,150,32,1449,10,1,1,2,5,0,1496,1279,96,181,854,20,155,402,41,95,110,247,132,44,2,226,83,7,123,103,25,19,12,477,85,8,37,10,112,72,2171,16,37,50,216,106,24,2080,105,145,486,1,7,162,557,8,2006,48,5,1,270,62,4,691,2732,42,1088,368,568,2654,192,39,16,91,101,1,12,35,147,580,4444,347,11,651,1979,1603,275,131,0,9,8,222,37,55,194,24,3717,56,362,268,12,514,909,122,10,23,80,222,128,231,374,16,2055,2,2895,148,2646,3,15,1097,343,4149,13,26,2096,29,74,1657,11053,3280,18,1691,0,2066,18,7,6,1141,50,231,8078,165,1173,1432,1090,26,2374,107,18,39,734,183,12,69,8,8,8,105,1253,2,333,12,1,1189,32,37,18,1614,7,10,140,10,20,103,18,12,17,1,15,86,5,492,3105,17,284,48,722,39,16,3150,9,121,719,13,23,6085,31,11,4,64,4250,153,69,101,314,289,145,37,22,1972,3321,2,492,31,71,5541,28,9,3,3,53,498,140,6,40,744,46,6,291,12,160,164,76,3,138,161,187,1205,466,4491,845,374,1604,122,475,211,19,30,29,28,30,76,366,6,11,10,1347,11,572,2446,245,8,155,18,30,0,101,33,4474,26,411,539,2393,931,75,7,201,1,136,2335,4415,409,0,2152
"ENSG00000249196.6",3,0,0,0,0,0,853,0,0,4,0,0,0,7,0,1,0,5,0,1,0,0,0,0,0,0,1,0,0,0,232,0,10,3,0,0,2,0,0,0,0,4,3,0,0,0,0,0,0,0,0,19,0,819,0,0,3,0,0,0,0,24,0,11,0,0,0,0,3,0,3,0,0,0,0,0,2,0,93,97,98,24,0,0,2,0,0,0,0,0,0,0,0,3,0,0,0,3,0,0,0,0,0,0,0,0,0,0,1161,0,1,0,0,1,0,2,1,130,0,4,0,14,0,1,3,0,21,1,2,2,0,0,9,0,0,0,0,0,16,0,0,0,1183,0,0,5,1,0,31,0,0,0,0,0,0,0,0,0,214,3,0,0,0,0,0,11,0,0,0,2,0,0,0,9,0,0,0,4,0,0,0,0,0,0,2,0,10,0,0,15,0,0,2,33,1,0,0,0,0,0,1,0,0,5,0,54,0,0,185,0,0,0,0,26,0,39,0,0,123,32,0,1,4,1,0,0,1,0,1,0,0,4,0,1,0,7,0,0,0,1,0,3,0,0,0,79,0,0,0,0,0,1,0,19,0,0,0,0,0,0,22,4,0,775,0,0,1,0,30,0,4,0,3297,0,0,0,7,0,0,3,11,82,0,2,0,0,0,1,4,0,0,0,0,5,0,0,2,0,0,0,0,0,0,0,2122,0,0,0,0,8,0,1,1,0,0,0,474,1,0,61,0,0,0,1,0,0,0,0,34,0,3,0,3,0,0,0,0,0,0,0,0,0,0,1,0,8,0,1,5,0,1,0,0,3109,0,1,0,0,0,0,34,0,0,2,0,0,1,1,0,2,0,0,0,0,18,0,14,0,0,2,0,0,4,0,0,0,2,3,0,0,0,0,0,0,0,1,4,18,0,0,0,0,0,0,1,0,0,790,3,0,0,1,0,0,0,0,22,1,0,0,0,1,0,0
"ENSG00000249330.3",0,0,0,8,2,1,0,0,0,1,0,0,0,0,0,0,0,1,0,0,1,1,0,10,1,0,0,2,4,0,0,0,1,11,11,1,0,4,0,0,0,0,0,0,1,0,0,2,0,0,0,107,6,0,0,24,1,2,116,0,0,54,0,0,0,12,21,0,32,0,0,1,6,0,0,0,0,0,1,6,0,2,0,0,1,0,0,0,0,1,3,18,3,19,0,0,0,0,0,0,7,0,3,0,0,0,1,0,84,1,0,1,0,0,1,11,4,0,48,0,0,27,0,1,0,1,0,0,0,0,12,3,3,0,1,0,1,0,13,20,0,2,2,1,5,0,3,0,2,0,2,0,1,1,0,0,0,50,0,1,0,1,0,0,0,0,0,3,2,0,0,4,0,2,0,0,0,3,0,0,0,0,1,0,2,0,0,7,11,1,11,0,0,7,23,0,0,13,46,0,1,2,1,0,0,7,0,0,0,0,0,0,1,19,19,0,0,0,7,338,0,0,3,2,1,0,0,0,4,0,9,1,1,0,0,0,0,0,6,1,2,0,0,0,5,0,0,0,1,0,1,2,1,2,0,1,0,0,0,39,0,54,75,26,9,0,0,0,0,0,0,0,8,0,0,18,7,0,0,0,0,0,1,0,0,2,0,0,1,1,1,8,0,0,0,9,10,0,0,0,4,2,3,0,0,0,0,5,0,0,0,0,0,0,1,0,0,2,0,1,2,5,0,1,17,0,0,0,0,0,0,0,1,0,0,2,0,3,0,0,0,0,9,0,0,5,8,0,3,1,0,2,0,73,2,4,0,1,17,0,2,0,0,8,1,0,0,44,0,2,0,2,14,0,0,2,1,8,0,0,0,0,16,0,3,7,0,1,0,0,1,0,1,0,0,2,53,4,0,0,5,0,7,0,0,0,27,12,1,2,1,0,1,0,110,0,1,0,5,2,0,8,0,1
"ENSG00000249378.6",2,0,0,13,0,2,16,0,1,0,0,0,1,321,1,1,1,2,0,0,0,0,2,2,1,0,0,0,0,2,0,62,1,2,0,1,3,1,1,1,0,2,1,0,1,0,0,0,0,0,0,17,0,3,0,2,0,0,2,0,0,5,0,0,0,1,2,0,1,1,2,0,0,0,2,1,0,0,0,14,4,2,1,0,2,0,0,1,15,1,2,69,0,59,0,0,0,5,1,2,1,0,2,0,0,2,0,0,16,0,2,1,0,0,1,2,0,0,0,6,0,11,0,1,0,0,1,1,0,1,0,0,4,0,28,1,0,0,0,0,0,0,12,0,0,0,5,2,3,1,2,1,0,4,3,1,4,1,1,0,0,19,0,2,0,0,6,0,0,1,0,1,84,0,79,2,0,5,1,0,0,0,1,0,1,3,1,0,0,1,1,16,0,0,3,0,0,2,0,1,1,1,0,2,0,0,0,1,0,3,0,0,150,0,0,37,0,0,0,38,0,1,0,0,0,0,1,4,0,1,3,3,11,1,0,0,0,0,19,0,0,0,1,0,7,0,0,0,1,1,0,2,0,0,0,0,0,1,3,0,3,0,0,1,0,2,0,0,1,0,2,0,1,0,1,0,1,0,1,1,0,33,1,2,0,2,0,1,0,1,0,2,0,0,1,7,5,1,0,1,0,0,4,1,0,1,2,7,1,0,0,1,2,0,4,15,8,0,0,0,1,0,0,1,1,0,0,0,16,1,0,0,1,0,0,1,0,178,0,0,0,4,50,0,3,0,1,0,0,2,0,0,1,1,0,0,0,0,0,0,3,1,2,0,1,0,51,10,1,1,0,3,4,1,0,0,0,1,0,0,0,0,0,0,0,0,0,0,2,0,1,0,0,0,0,0,4,1,3,0,0,1,0,1,61,64,97,1,0,1,0,0,4,0,0,0,1,6,0,2,0,0,2,1
"ENSG00000249395.4",1,18,0,18,2,0,93,0,11,2,0,71,269,1494,1825,0,2,55,0,5,1,2,7,0,346,0,0,106,305,341,0,0,350,6,490,0,62,0,544,449,0,0,0,2,32,0,1,20,13,204,1,416,13,1045,0,73,20,1,651,0,0,1085,0,246,0,0,1,1,3,175,1106,1,1,8,0,6,50,0,294,386,398,639,26,0,46,1,554,67,807,7,0,501,955,5,2,13,13,74,586,0,0,1,0,3,0,366,218,2,817,741,8,8,0,228,0,73,0,240,330,1614,44,591,1,0,1,0,1,128,0,337,3,0,517,0,0,4,265,9,315,268,1,2,1475,2,0,1475,66,0,266,3,0,49,1403,252,56,0,4,0,1344,516,15,123,6,11,0,21,969,4,777,1250,1,1883,0,354,1,240,80,1407,254,0,0,28,410,22,561,107,777,0,89,257,1,20,3,269,241,371,2,9,0,0,123,74,0,372,0,1145,0,0,205,0,0,47,3125,754,270,15,0,0,345,1356,20,538,263,0,1,0,4,534,0,0,1,96,380,5,510,38,3,0,0,535,16,2,1,0,1,155,1510,1,3,0,2,0,5,3,2,0,0,43,1,890,354,315,1,764,4,0,0,8,56,4,388,0,1120,10,67,1,1416,0,1,145,1184,975,658,2,0,0,4,0,1089,10,14,0,0,60,120,796,675,1,0,0,1,174,394,5,202,1,0,29,666,392,0,1,42,0,14,0,416,4,0,222,1,0,0,0,280,1,1,30,76,39,1205,0,114,2,904,170,257,447,0,0,7,1,5,28,142,272,167,0,41,44,85,394,0,1187,0,9,1,0,8,1,940,1,17,0,2,5,777,474,266,1,0,854,638,249,719,0,450,1,1,751,1284,148,4,0,3,478,0,86,189,0,376,0,29,0,0,1,292,1436,140,50,67,115,1,0,66,1,555,740,4,0,3,198,149,0,299,0,230,8,132,24,1,0,208,4
"ENSG00000249410.1",1,0,0,0,0,0,0,0,0,0,21,107,8,0,1,0,0,4,0,0,0,0,0,0,0,0,0,0,0,0,0,0,0,0,0,0,7,0,72,81,0,0,0,2,0,0,0,0,0,0,0,0,0,4,9,0,6,1,0,0,2,0,3,0,0,0,0,0,0,0,1,0,0,0,0,0,0,0,1,0,8,0,0,0,0,0,0,4,0,0,0,2,0,0,0,0,32,0,2,0,0,0,0,5,0,1,0,0,1,0,0,0,0,0,0,1,0,0,1,24,11,0,0,6,1,0,0,0,1,0,0,0,1,1,0,0,16,0,0,0,0,0,0,1,0,0,0,0,0,0,0,0,0,1,0,3,0,0,115,0,0,2,0,0,0,0,0,0,0,0,0,0,5,0,1,2,0,0,0,8,0,0,3,0,91,0,0,0,0,0,1,0,1,1,0,0,1,0,0,1,0,0,0,0,0,7,1,0,0,0,0,0,0,0,0,0,1,2,0,0,0,0,0,0,0,0,9,0,0,21,0,0,0,73,2,21,1,4,0,0,0,1,4,0,0,0,0,2,2,6,0,0,0,0,0,0,0,0,52,1,0,0,0,0,0,1,0,0,0,0,0,0,0,0,0,1,0,0,7,0,0,0,0,0,0,0,0,0,0,0,0,0,0,1,15,0,0,2,0,0,0,0,0,0,0,0,2,0,0,16,8,0,0,1,3,0,56,1,2,0,0,0,0,0,0,0,0,37,0,0,14,0,0,1,19,0,1,0,55,0,0,23,0,0,0,1,1,0,1,0,0,0,0,0,0,0,0,0,2,0,0,0,2,0,0,0,0,0,1,0,0,13,0,11,0,0,0,0,0,0,0,1,0,0,0,0,1,0,0,0,0,3,0,0,0,1,0,1,3,0,0,0,0,2,0,0,0,0,0,1,0,0,0,0,0,0,0,0,0,0,0,0,0,0
"ENSG00000249413.2",0,0,0,5,0,0,16,0,0,0,0,24,47,43,10,5,0,27,39,0,1,0,27,19,18,40,0,47,14,30,28,41,10,0,10,0,55,0,10,27,27,0,40,48,2,0,3,12,0,0,0,31,2,15,65,0,0,6,13,0,30,18,12,15,3,0,14,26,7,0,23,1,18,0,0,0,27,2,10,30,88,11,7,0,13,0,7,17,3,15,3,30,10,5,0,1,0,35,50,23,2,0,0,23,0,33,14,1,35,44,2,0,0,6,0,22,35,5,24,38,46,17,0,1,11,0,0,16,0,23,10,0,15,0,0,0,79,1,18,9,0,5,33,0,0,58,20,0,2,0,0,0,2,16,1,29,16,0,50,31,2,0,0,0,0,14,12,12,1,49,12,33,146,129,0,8,11,16,0,31,0,105,18,2,37,1,6,17,43,12,1,2,0,14,19,10,0,47,0,24,13,8,0,111,0,0,0,0,1,4,0,8,63,23,9,0,5,44,14,19,0,2,0,6,0,0,51,62,0,1,1,30,0,45,26,6,0,29,6,0,8,11,13,25,0,2,4,3,0,45,14,1,0,22,0,0,0,7,47,30,47,31,9,38,0,0,0,0,13,0,3,0,2,0,12,0,10,0,8,1,47,13,23,1,12,0,0,0,0,3,0,0,0,2,0,27,93,37,5,0,1,3,15,0,2,22,0,7,24,22,54,0,8,0,45,0,40,1,0,5,0,1,0,11,20,0,0,50,10,0,46,0,5,0,120,2,86,0,1,3,0,103,12,0,34,13,15,0,2,0,1,9,11,35,27,2,0,0,8,0,35,13,25,18,0,34,55,31,2,3,0,39,6,38,40,12,5,0,0,44,12,3,8,0,0,6,0,21,2,1,16,0,0,0,0,5,38,32,34,0,5,3,3,0,21,0,16,32,3,0,5,1,10,0,17,0,4,0,15,0,0,19,17,0
"ENSG00000249425.1",0,0,0,5,0,0,0,0,34,0,1,3,0,0,11,0,0,0,0,0,0,0,2,0,16,1,0,5,2,25,5,7,1,0,0,0,3,26,0,0,0,11,2,1,0,0,1,1,0,1,0,10,0,0,0,0,48,0,0,0,0,13,0,0,0,1,1,0,0,0,24,4,0,0,0,0,0,0,0,0,0,20,0,0,0,0,0,0,0,0,0,0,0,0,1,0,6,1,0,0,13,0,2,0,0,1,0,0,4,0,0,1,13,4,0,0,0,0,0,0,0,0,1,0,3,5,1,0,0,34,2,0,11,0,0,0,0,0,0,0,0,0,22,1,0,12,0,0,0,1,1,0,0,1,3,13,2,0,0,0,1,0,5,0,0,0,0,0,0,8,0,5,3,1,0,0,0,3,0,6,0,0,18,0,0,0,0,0,0,0,0,0,1,0,0,0,0,1,0,0,0,1,0,45,0,12,0,0,3,1,1,0,0,43,6,0,0,0,2,6,0,0,0,0,0,0,0,18,4,0,1,1,2,0,0,2,0,0,1,1,0,0,0,1,0,0,0,0,1,22,0,0,0,0,0,0,0,0,0,29,0,0,1,0,0,0,0,0,1,0,0,0,0,0,1,0,1,0,0,0,15,0,0,0,0,0,0,0,0,5,0,0,0,0,0,1,4,0,1,13,0,0,0,0,0,0,0,0,0,0,3,0,0,3,0,0,3,0,4,0,0,1,0,0,0,0,0,0,0,0,0,0,7,0,0,0,4,6,0,9,0,57,5,1,0,0,0,0,0,0,1,1,0,0,0,0,0,0,2,0,0,0,17,0,7,0,2,0,1,0,0,0,2,0,0,0,0,1,1,8,0,21,6,0,0,8,1,0,1,0,0,0,0,0,0,0,0,0,0,0,0,0,0,0,0,0,14,0,1,7,4,2,15,18,0,0,0,0,0,0,0,0,4,0
"ENSG00000249488.1",0,0,0,0,0,0,0,0,0,1,1,2,3,1,0,0,0,1,0,0,0,0,0,0,1,3,4,1,0,0,0,1,1,2,0,0,0,0,0,2,0,0,0,1,1,0,0,2,0,1,0,0,0,35,0,0,0,0,0,1,3,0,0,0,0,7,0,2,0,1,1,0,0,0,1,0,1,0,16,0,11,0,0,3,0,0,0,12,0,0,0,2,0,0,2,0,2,1,11,0,1,0,1,0,0,2,2,0,0,0,0,0,0,0,0,0,0,5,1,39,2,1,0,0,0,0,0,0,1,0,1,1,0,0,0,0,1,2,0,0,0,2,0,0,0,0,0,0,8,0,0,0,0,2,0,0,0,0,39,0,0,0,1,0,1,0,0,1,1,0,2,0,1,0,1,0,0,46,0,1,1,0,0,0,3,0,1,0,0,0,1,0,1,1,1,0,0,0,1,0,0,0,1,0,0,1,0,0,3,0,0,1,0,0,0,0,0,1,0,0,0,0,2,1,1,0,1,1,0,3,0,0,0,1,2,49,0,0,0,0,0,0,3,0,2,2,6,1,4,1,0,1,0,1,0,0,1,0,9,0,0,0,0,2,0,1,2,0,1,0,0,0,0,0,1,0,2,0,0,0,0,39,0,0,0,0,1,0,6,1,0,0,0,1,1,2,0,0,2,0,1,0,0,0,20,0,1,0,0,7,0,0,0,0,1,0,17,3,0,0,0,0,0,0,0,0,0,1,25,2,1,0,1,1,2,0,0,0,1,0,0,5,0,0,0,1,1,0,2,0,0,0,0,0,1,0,2,1,3,0,0,2,0,0,0,1,0,0,4,1,0,1,1,2,1,0,0,0,0,1,0,0,2,0,0,1,0,0,0,0,1,1,0,1,0,1,2,38,1,0,0,1,0,1,0,0,0,0,3,0,0,0,0,0,0,0,0,0,0,1,0,0,0,0
"ENSG00000249506.3",1,0,0,2,0,0,0,0,0,0,0,0,0,54,2,0,0,9,1,0,0,1,8,3,35,0,0,9,13,9,11,3,17,2,1,1,29,0,5,10,0,0,20,12,2,0,0,5,0,0,0,40,1,12,5,1,0,0,36,0,2,0,6,2,0,6,3,1,0,0,56,0,3,1,0,0,1,0,3,14,16,21,7,0,5,2,0,1,0,1,1,10,11,0,0,0,0,46,12,3,0,2,0,2,0,0,0,0,58,17,1,0,0,0,1,1,0,7,28,136,4,5,0,0,6,0,0,3,2,0,1,0,16,0,0,0,2,0,0,5,0,0,2,0,1,103,10,0,0,3,0,0,0,24,0,0,7,1,0,10,0,0,0,1,0,4,23,0,0,15,0,0,0,73,1,0,1,3,1,2,0,0,5,2,21,0,45,0,16,25,1,1,0,8,15,0,1,0,0,0,0,0,4,88,0,4,0,0,13,0,0,0,0,3,4,5,0,4,16,39,0,4,3,0,0,0,0,12,0,1,0,4,0,1,0,0,0,5,0,1,0,0,7,0,0,0,0,0,0,0,1,0,0,4,0,0,0,0,12,42,9,9,0,24,0,0,1,0,24,0,2,1,8,0,0,0,29,0,0,0,0,2,1,0,7,0,0,0,19,0,0,0,0,0,1,39,12,3,3,0,0,0,4,0,0,1,0,0,9,3,1,1,1,0,1,106,51,0,0,1,1,2,0,1,1,0,0,1,0,0,47,1,0,0,0,0,8,9,6,0,1,3,1,0,13,14,1,3,6,0,0,3,2,5,3,0,0,3,0,1,4,0,0,1,0,0,0,0,2,1,1,0,0,11,25,0,46,0,0,5,4,12,19,0,0,14,0,4,4,0,7,6,0,1,2,1,2,30,1,0,1,0,0,1,8,1,9,0,1,0,0,0,0,0,0,0,4,0,1,1,0,0,0,1
"ENSG00000249534.2",0,0,0,0,0,0,0,0,0,0,1,4,39,1,0,0,0,0,1,0,0,0,1,0,0,1,0,0,0,0,0,0,1,0,0,3,1,0,9,13,0,1,0,14,0,0,0,0,0,0,0,0,0,3,1,0,0,0,0,0,9,0,0,0,0,0,0,0,0,0,0,1,0,0,0,0,0,0,2,0,1,0,0,0,0,0,0,0,0,0,0,5,0,0,36,0,2,0,1,0,0,0,0,0,0,0,1,0,0,0,0,0,0,0,0,0,0,0,1,55,1,0,0,0,0,0,0,0,0,0,0,0,0,0,0,0,0,0,4,0,0,1,1,0,1,0,0,0,0,0,0,0,0,1,0,1,0,0,1,0,0,0,0,0,0,0,0,1,0,0,0,0,0,1,0,0,0,0,2,0,0,0,0,0,2,0,0,0,0,0,0,1,0,1,0,0,0,0,0,0,0,0,1,7,0,0,0,0,0,0,0,0,0,0,0,0,2,0,0,0,0,0,0,0,0,0,24,0,0,1,2,0,1,19,3,22,0,1,0,0,0,0,3,0,2,8,1,1,2,0,0,0,0,0,0,0,0,0,8,0,1,0,1,0,0,0,0,0,0,0,0,0,1,0,0,0,0,0,1,1,0,5,0,0,0,0,0,0,0,0,0,0,0,0,10,1,1,0,0,0,0,0,0,0,1,0,0,0,0,0,0,0,0,0,0,0,1,0,0,0,0,0,0,0,0,0,0,7,8,0,37,1,1,3,1,0,3,1,0,0,0,6,0,0,0,0,0,0,0,0,0,0,0,1,0,1,0,0,0,1,1,0,3,0,0,0,0,0,2,0,0,1,0,27,0,0,0,0,0,0,0,0,0,0,0,0,1,0,2,0,0,0,0,0,0,0,1,21,0,0,0,0,0,0,0,0,0,0,0,0,0,0,0,0,0,0,0,0,0,0,0,0,14,0
"ENSG00000249550.7",481,0,342,2,1,1,6,0,1,9,1,1,4,310,104,1,4,9,0,288,2,1,1160,1,22,32,0,1,2,2,19,0,2,452,68,2,5,0,3,9,0,626,977,4,9,1,1,18,1,0,0,490,8,184,1,2,5,176,312,0,0,754,1,13,3,3,4,1,262,1,641,1,0,0,127,0,1159,4,42,127,356,208,1,2,20,1,11,6,0,4,1,144,48,57,0,0,0,26,3,0,6,0,4,0,1,7,4,4,873,7,55,2,91,2,233,54,11,6,11,810,0,8,0,11,4,1,26,193,5,92,98,2,500,0,2,1,0,2,5,333,0,0,34,3,0,1,17,17,802,477,3,1,1,3,3,1,12,0,31,4,11,0,1,15,708,131,29,4,3,655,29,3,0,12,1,1,1,1130,1,1,1,9,827,1,2,40,395,4,920,3,1,2,1,174,259,6,0,4,0,1,0,1,395,1076,0,1044,0,0,5,0,0,163,0,173,218,365,3,0,648,3364,0,0,112,0,0,0,0,0,130,15,0,1,5,14,4,645,0,0,249,1,0,5,1,2,23,12,1,1,210,1,0,1,1,20,0,1,0,37,2,499,137,566,1,176,0,2,1,0,6,0,7,0,81,1,15,5,1,0,0,4,9,43,1,3,1,29,1,0,6,1,2,0,1,0,50,40,6,0,8,0,0,5,12,1,478,1,1,0,32,16,1,0,2,0,15,2,735,2,0,18,6,2,0,910,28,0,5,0,321,0,61,2,9,0,285,1,1,0,1,0,0,0,2,73,73,174,1,7,5,0,20,28,2,4295,0,1,1,5,395,3,768,1,2,9,3,1,137,4,0,0,1,0,11,1,0,404,3,1,0,3,77,155,978,0,3,5,4,0,266,0,32,1,0,2,0,1,573,2965,5,0,1,1,7,0,65,16,25,30,1,0,9,3,1,0,248,0,1,5,1,142,1,3,4,2
"ENSG00000249574.1",10,0,4,0,1,3,0,0,2,0,1,0,3,0,3,0,0,0,1,0,3,1,2,3,0,0,0,1,0,1,16,8,0,0,4,0,2,0,0,5,0,19,1,0,1,0,1,0,0,0,0,10,2,1,40,1,1,0,1,0,0,2,0,1,0,1,0,0,0,2,0,1,0,0,0,0,0,0,0,1,23,1,1,5,0,1,0,0,2,0,0,5,0,1,0,1,1,1,0,13,1,0,3,0,2,0,5,1,15,1,52,1,1,0,0,0,0,0,0,19,0,0,0,2,1,0,0,0,2,28,0,0,0,1,1,0,0,0,8,0,0,0,0,1,11,0,1,1,7,1,0,0,7,0,1,0,0,2,11,0,0,0,8,26,0,2,2,1,9,1,0,0,0,3,0,1,9,2,0,0,0,3,1,3,0,0,0,0,14,1,0,0,1,3,0,0,0,0,0,0,0,0,0,2,1,0,3,43,0,0,7,23,6,0,0,0,0,0,3,1,0,0,0,1,0,0,1,4,0,4,0,0,1,0,1,1,0,0,1,0,2,3,1,1,1,0,0,0,18,0,0,0,0,0,0,3,3,0,26,2,1,2,1,1,0,5,0,0,2,0,4,1,1,1,0,0,1,0,0,0,0,0,0,1,1,1,0,0,0,6,0,0,1,0,0,1,28,0,1,1,2,3,1,2,0,0,0,0,0,0,0,0,0,0,0,0,0,4,0,0,4,63,2,1,4,29,1,8,0,0,12,0,0,0,48,0,0,48,3,3,0,0,2,0,1,1,0,2,0,0,0,18,4,4,4,0,3,11,3,4,22,0,0,24,1,5,0,2,1,1,0,0,0,1,1,0,0,0,3,11,0,0,1,0,0,0,1,1,0,1,8,1,0,0,0,0,9,1,13,0,0,1,41,14,1,18,0,0,0,2,1,0,0,5,0,7,0,6,0,1,0,0,1,0
"ENSG00000249626.1",22,6,1,5,2,10,2,1,6,10,12,31,14,42,162,2,17,59,16,15,6,0,4,7,19,24,5,19,9,21,11,7,5,7,15,3,4,3,17,29,1,17,5,3,2,1,3,0,0,6,2,0,0,3,15,25,4,25,2,3,3,34,7,1,3,40,23,5,21,12,190,3,1,1,3,3,40,1,24,14,14,32,72,0,17,13,0,6,5,0,13,9,8,0,2,0,2,27,2,12,1,2,13,2,6,7,11,4,302,29,7,8,5,4,35,0,65,2,40,42,6,26,7,2,2,0,0,5,26,36,7,1,70,1,3,3,1,0,51,0,1,24,21,3,8,10,11,51,50,18,0,9,15,7,1,5,2,15,6,11,5,1,7,12,11,5,22,21,3,18,9,7,8,336,0,3,3,10,110,7,0,5,7,27,5,0,30,2,22,25,5,7,18,23,4,34,1,29,2,8,7,14,14,92,1,12,6,7,0,8,12,19,9,1,5,25,0,1,9,19,3,10,0,0,2,1,6,46,1,3,9,14,4,3,2,4,2,3,2,16,3,6,3,2,25,48,91,2,15,22,2,2,4,13,0,8,1,7,5,64,13,1,45,22,1,11,52,4,54,5,6,3,102,0,4,14,5,0,0,43,14,6,3,2,9,3,0,8,0,3,5,6,1,17,3,27,23,1,5,57,13,0,77,0,17,2,2,7,12,22,17,15,11,4,12,30,35,32,3,10,23,113,0,85,11,16,2,6,1,1,25,5,3,5,26,1,7,15,1,7,0,4,3,30,5,0,2,2,61,0,1,38,12,99,5,0,7,43,56,19,24,2,17,37,47,13,0,1,1,0,9,19,0,4,143,0,16,11,2,21,9,7,7,0,2,4,9,5,11,8,39,3,1,36,22,12,25,19,16,1,7,15,7,3,12,6,30,5,0,2,7,1,12,4,5,1,6,10,33,1,4,7,59,1
"ENSG00000249628.3",0,1,22,3554,4,0,29,1,3,2,0,4,6,6710,4947,0,0,73,1,0,2,0,8,1,4,1,2,5,1,6,17,4778,989,5,1,3,5533,2,0,0,3,5,3,0,0,792,2,0,0,2,934,722,1,6,5,53,1,13,1,2,0,1,1,3,0,1,0,0,5,8,4,90,0,2,1,2,8,2,49,631,1047,15,2,2874,9,1,6,1,34,0,8,303,1,0,12,1,5,4,3,16,13,4,30,1,4,0,4,0,90,18,0,1,8,4,8,1,2,2,2,4355,2058,39,1,0,9,1,0,0,1,3,1,3,246,2,1432,2,4,1,3,0,0,7,1057,5,1,3623,3,12,2,4,0,1,3,3,131,2,2,10,5,7,6,6,2,6,14,0,3,2,0,2,3,7,5,2,0,1,0,5,14,1,1,2,13,1,1,2,8,1,0,0,3,12,6,208,19,3,0,111,2,5,1,12,3,3,2,2,1,1,2,18,53,3,1,0,1,1,0,4,40,1,0,0,4,1,1,2,4,404,153,3,1,0,5,4,0,3,0,2,0,0,2,0,4,0,3,4,2,0,2,3,2,4,4,1,0,2,2,0,1525,15,0,0,0,23,1,1,2571,2,4,6,1527,1,497,1,632,6,1,0,2,2,0,0,2,1,0,3,3,5,0,723,0,1,10,0,4,2,5,9,0,4,3,1,5,2,18,4,2,66,751,2,7,19,1,1515,1467,6,3,2,2,0,7,16,1,11,146,2,3,2,3,1,17023,2,140,7,19,0,0,6700,0,111,0,1,119,5,0,2,4,1,2,0,0,9,2,1,0,0,5,68,4,3,2,3,3,5,36,0,1869,39,2,20,4,1,49,141,4,0,2,2,3,2,2,2,2,1,0,1356,15,2,5,2,8,5,0,7,10,3,176,4,3,1,1,1,2,1219,2814,9,246,0,0,0,67,2,2,0,1,1,2,2718,1,0,2,0,8437,4
"ENSG00000249639.1",2,0,0,0,1,0,2,0,0,3,0,1,1,6,14,0,0,3,0,0,1,0,0,1,0,0,0,0,0,1,12,18,0,1,0,1,3,1,0,2,0,2,0,0,0,0,0,4,0,0,0,3,2,3,0,0,1,0,0,0,0,1,0,0,0,0,0,2,0,0,0,1,0,0,0,0,0,0,0,1,5,1,0,2,0,0,0,0,1,1,4,12,0,8,0,0,0,0,6,0,1,0,6,0,0,0,0,0,3,0,0,1,1,3,0,1,2,1,0,35,0,1,0,3,2,0,0,0,1,0,0,0,0,1,9,0,0,0,0,0,0,3,2,0,0,2,0,0,0,0,1,0,0,0,0,16,0,0,0,0,1,7,2,0,0,0,8,4,0,2,0,0,28,0,8,0,1,20,2,10,0,0,1,1,1,0,0,0,2,1,0,4,0,1,2,0,0,24,0,0,0,1,5,0,0,0,0,0,0,0,0,1,0,0,2,1,0,0,0,1,0,0,1,0,0,0,0,0,2,2,1,1,3,0,1,13,0,0,0,1,1,1,0,0,1,2,0,1,0,1,1,0,0,3,0,0,0,7,16,2,1,1,24,2,0,0,0,1,2,1,2,0,1,0,0,0,5,0,0,5,0,9,0,0,0,0,0,3,0,3,0,2,4,1,0,25,1,0,0,1,0,0,0,0,0,0,0,4,0,1,0,0,0,11,0,1,1,2,5,0,1,2,0,0,3,0,0,0,5,1,0,5,0,0,0,2,1,2,1,2,0,2,0,2,1,0,1,2,38,1,0,0,1,3,0,0,0,4,2,0,1,1,0,2,2,0,1,1,0,5,1,0,1,3,0,0,0,0,0,0,0,0,0,7,1,3,6,3,2,0,0,0,0,0,0,0,0,0,1,2,0,0,1,0,5,1,23,2,0,1,1,0,0,0,0,0,1,1,1,0,0,0,0,0
"ENSG00000249642.2",0,0,0,0,0,0,37,0,0,0,0,0,0,27,8,0,0,0,0,0,0,0,1,0,7,1,0,24,0,53,0,0,2,1,0,0,92,2,0,0,0,2,0,0,0,0,0,99,0,0,0,15,0,3,0,0,0,0,0,0,0,25,0,2,13,0,0,16,0,0,12,0,1,0,0,0,0,0,5,29,4,11,0,0,0,0,1,3,0,0,0,108,2,0,0,0,0,19,0,8,0,0,0,0,0,0,0,0,51,0,0,0,0,0,1,16,0,0,82,4,0,54,0,0,16,0,0,0,0,134,1,0,13,0,0,0,0,0,4,24,0,0,134,0,0,0,0,0,0,0,0,0,0,79,0,0,0,1,22,0,12,0,0,0,0,9,7,0,0,11,0,0,0,13,0,0,0,1,0,155,0,0,0,0,0,0,65,0,0,6,0,0,1,1,1,0,0,0,0,0,0,0,0,0,0,7,0,0,1,7,0,0,2,161,0,15,0,0,2,142,0,0,1,0,0,0,0,71,0,0,0,0,0,0,0,26,0,0,0,0,0,0,0,0,0,0,1,0,0,4,0,0,0,0,0,0,0,0,1,4,52,2,0,8,0,0,0,0,2,0,0,0,0,0,0,0,1,0,1,31,1,1,39,0,0,0,0,0,0,0,0,0,0,36,0,273,3,0,0,0,0,0,10,0,57,0,0,0,0,0,0,0,0,0,0,0,87,0,0,75,0,0,0,0,0,0,0,0,2,0,27,0,23,0,90,0,0,0,0,0,0,0,20,0,0,43,0,0,0,0,0,0,0,0,0,0,1,0,0,0,7,0,0,0,1,0,0,0,0,0,0,5,3,0,16,0,7,0,0,0,0,0,0,0,1,0,0,61,4,0,0,0,0,0,0,0,9,6,0,0,0,0,0,0,0,0,7,0,0,0,0,0,0,0,0,1,2,0,0,0,0,0,1,0
"ENSG00000249706.1",0,4,0,0,3,0,0,0,3,1,1,1,0,0,0,6,2,0,0,2,3,0,1,3,0,1,1,2,0,0,3,0,1,4,4,6,0,0,0,0,0,3,0,0,11,0,0,3,1,3,2,2,7,0,0,0,1,1,1,0,2,0,0,1,2,1,0,0,0,5,7,6,0,3,1,0,1,2,0,0,1,2,2,1,0,0,0,1,4,0,0,0,0,0,2,2,0,3,0,3,1,10,1,0,4,0,1,12,0,0,2,22,5,5,0,0,2,0,1,3,0,0,1,1,1,4,3,0,0,1,4,1,0,0,0,8,0,1,0,0,2,6,0,13,4,1,0,2,0,1,1,2,0,0,4,1,0,2,0,0,0,0,0,1,0,0,1,0,0,2,0,0,0,0,0,1,1,0,1,0,1,0,0,0,2,1,1,2,2,0,2,1,1,0,0,0,9,0,0,1,0,0,5,4,1,0,0,1,0,0,7,1,0,0,1,2,0,0,3,0,0,0,0,0,8,1,0,2,0,1,0,1,4,0,0,0,1,1,0,1,4,1,0,1,0,0,1,0,0,0,1,0,0,0,1,2,7,0,0,0,5,1,0,4,3,1,0,9,0,1,1,5,0,3,0,0,0,1,1,1,0,0,2,0,0,0,0,2,0,2,3,6,2,1,2,1,0,0,0,5,5,0,2,1,0,2,0,1,1,0,0,1,0,0,1,1,1,1,3,0,0,2,11,0,2,0,4,0,7,2,2,1,2,1,0,3,0,0,0,0,2,1,2,0,0,2,0,1,0,5,0,1,1,1,0,1,0,1,0,0,1,2,1,0,2,0,2,0,0,0,0,1,0,0,0,1,0,1,1,0,0,1,1,2,7,0,1,1,0,1,1,0,3,1,0,2,0,1,7,1,0,0,0,0,2,2,0,0,0,6,6,2,0,1,0,0,0,1,1,8,5,1,4,1
"ENSG00000249715.12",45,1,1,0,30,6,7,1,1,10,7,8,2,46,7,2,6,4,5,7,9,2,7,2,2,5,3,9,6,1,32,2,171,0,9,2,4,7,1,2,0,6,10,2,1,1,8,4,1,4,1,7,5,16,2,4,2,30,8,2,2,51,2,5,0,6,3,3,1,5,42,6,6,0,5,2,4,8,1,4,19,18,9,30,5,8,1,3,13,0,17,3,22,20,2,0,3,7,30,2,4,3,5,2,3,3,191,0,55,9,29,1,10,5,9,4,10,1,7,58,0,3,0,2,5,0,1,7,70,16,3,2,975,11,6,1,1,0,280,1,0,13,9,3,4,8,3,10,36,8,2,2,6,3,5,6,0,6,12,7,2,3,56,14,9,21,124,25,22,37,1,3,3,8,1,2,2,3,4,2,0,3,4,5,1,0,3,5,7,10,1,9,8,5,4,4,0,15,1,13,2,3,25,57,0,89,1,6,4,3,5,14,1,5,15,14,5,0,21,6,1,1,3,0,0,1,4,21,1,5,3,4,42,2,0,11,1,2,2,5,6,11,2,9,21,6,2,0,6,2,5,3,1,1,0,2,3,6,3,2,5,14,20,67,2,14,14,5,20,1,15,0,75,0,1,23,20,1,0,121,8,52,4,1,3,6,0,2,12,6,6,0,1,4,3,26,34,1,3,24,7,10,17,6,8,2,0,2,19,6,1,12,1,1,3,44,30,30,6,12,21,8,1,46,43,2,3,4,6,2,1,2,5,2,8,1,4,8,0,2,1,1,3,4,813,8,3,10,38,4,0,7,1,32,0,5,16,11,34,0,12,3,8,13,13,4,6,107,1,1,0,4,0,4,14,0,84,4,4,4,14,3,5,0,7,4,7,10,2,8,88,3,1,14,18,5,9,66,4,0,1,2,9,0,2,7,26,40,0,2,2,2,4,1,1,1,6,8,17,6,3,0,6,6
"ENSG00000249736.1",1,0,0,0,0,1,4,2,0,0,0,0,2,2,3,0,13,0,0,15,1,1,0,0,1,0,0,2,1,0,8,6,0,0,0,0,0,0,0,0,0,0,0,1,1,1,0,0,0,0,0,2,0,1,0,0,1,0,19,0,4,2,0,0,1,0,0,2,0,5,0,0,0,0,0,0,2,0,11,1,3,2,0,1,0,0,0,52,0,0,0,0,7,0,1,0,1,0,2,0,0,0,0,16,0,8,10,0,3,0,0,1,0,0,3,0,17,1,0,5,1,0,0,0,0,0,0,0,8,0,0,1,0,0,1,0,0,1,6,0,0,3,3,0,0,10,5,3,3,0,2,2,3,0,0,0,0,3,26,0,0,0,0,4,1,1,1,5,0,0,9,31,0,0,0,0,0,0,0,3,0,6,0,0,6,0,1,0,0,0,1,0,2,0,0,5,0,0,0,1,11,2,1,24,0,0,0,0,0,1,2,4,3,0,0,0,0,0,1,0,0,0,0,0,0,0,4,0,0,0,0,1,0,0,2,11,1,0,0,1,1,3,6,0,1,0,0,2,1,0,0,1,0,11,0,1,0,3,0,8,0,1,0,17,0,6,0,0,0,1,3,0,2,0,1,0,5,0,0,0,6,2,0,0,0,1,0,0,17,2,0,0,0,0,0,5,0,1,2,0,1,14,0,0,0,0,0,3,1,1,0,9,0,1,5,0,0,4,0,1,2,0,0,0,3,1,1,0,0,0,0,0,0,0,28,1,1,0,0,0,1,0,0,0,0,0,0,2,0,0,0,0,15,9,3,0,1,0,7,2,0,0,0,14,0,9,17,0,0,0,0,0,6,0,3,0,0,2,0,7,1,0,0,0,0,0,1,0,0,0,3,0,0,0,6,0,1,0,1,0,0,0,8,0,1,1,0,6,0,1,0,0,0,0,0,0,0,0,0,1,0,0,2,0
"ENSG00000249763.1",3,0,0,2,0,0,4,0,0,14,0,1,2,8,4,2,1,0,0,0,0,0,2,0,0,2,0,1,0,3,0,4,1,1,0,10,1,0,0,3,0,9,2,2,0,0,0,0,1,3,0,31,1,0,0,0,0,0,1,1,0,0,1,1,0,0,0,3,8,0,15,2,1,0,0,0,260,0,1,4,60,0,10,1,1,1,0,0,6,0,0,1,1,0,0,0,0,0,1,1,0,1,5,0,1,3,1,0,2,1,0,0,4,0,2,1,4,0,43,2,0,2,0,0,0,0,0,0,0,1,0,0,4,0,2,0,2,0,1,0,0,2,4,0,0,3,1,0,0,2,1,1,3,0,0,2,0,25,1,0,0,0,0,0,0,0,2,1,0,3,0,1,1,5,0,0,0,3,0,1,0,15,0,2,0,0,0,0,0,0,1,0,1,0,1,0,0,6,1,0,0,0,0,27,0,2,0,1,0,0,2,0,8,0,2,2,1,0,0,2,0,0,0,0,2,0,3,15,1,1,0,0,0,0,0,2,0,0,0,0,0,0,0,1,8,0,3,0,16,1,0,1,0,2,0,1,3,0,0,23,4,12,5,0,0,1,1,0,1,0,1,0,21,0,2,0,2,0,0,0,4,0,0,0,3,0,0,2,0,1,2,4,0,0,0,832,20,0,0,9,6,0,0,0,0,1,0,0,0,0,1,0,0,2,1,35,1,0,3,0,12,1,0,0,0,0,0,0,0,1,1,0,3,1,4,0,0,1,0,0,0,2,0,0,0,0,0,0,0,0,0,2,0,2,2,0,1,21,3,1,13,0,0,3,0,0,0,1,0,1,0,2,0,0,35,0,4,1,0,2,0,3,0,0,0,0,1,0,0,0,1,2,0,0,0,1,2,0,0,0,0,1,2,3,2,0,0,1,0,0,1,0,1,0,0,0,2,0,1,0,0,0,1,0
"ENSG00000249790.3",0,0,0,107,0,1,34,448,0,1,2,721,14,52,9,16,0,30,2,3,1,3,65,2,130,0,3,139,0,9,1,2,272,628,2,19,131,7,362,410,0,2,0,97,7,0,0,655,2,5,3,204,34,35,3,1,18,0,449,0,0,182,0,13,1,0,10,30,37,0,92,0,286,8,2,15,0,0,12,97,245,95,0,2,73,1,16,12,3,3,1,356,1,33,0,0,0,55,9,1,6,0,2,2,0,1,116,2,1144,0,3,10,0,3,0,274,23,233,61,40,25,111,8,0,325,0,2,105,4,99,226,2,74,5,2,20,1,1,0,477,2,1,89,173,0,58,306,2,0,1,3,0,0,216,213,0,8,1,143,212,1651,4,324,66,1,34,575,3,0,689,235,68,210,15,0,57,2,109,2,5,0,2,122,0,259,2,546,1,297,26,4,39,2,521,158,4,3,0,1,1,20,6,5,63,15,129,5,3,21,4,4,6,11,441,8,155,0,12,343,2621,1,26,0,0,0,1,23,11,0,9,3,55,48,11,5,266,0,0,551,394,13,81,6,0,0,0,3,0,3,10,6,0,0,102,5,0,0,1,6,103,189,197,3,10,0,0,1,4,36,13,149,14,21,0,0,2,1,16,6,12,156,123,40,0,0,0,0,0,0,7,4,1,1,59,1,98,190,43,16,1,11,3,34,8,1,1,1,54,190,25,98,0,113,3,1,242,231,22,17,439,2,2,0,3,71,0,2,12,24,2,40,13,328,3,2,2,0,2,0,0,0,7,19,0,618,331,43,0,79,2,3,32,1,146,0,0,0,0,6,0,616,0,21,0,0,261,0,4,2,7,0,224,1,2,26,64,5,1,0,340,289,91,1379,2,1,176,5,49,574,0,3,0,4,3,0,2,177,0,6,1,157,14,0,0,56,1,71,2,11,4,0,58,1,5,15,0,105,1,0,3,2,8,7,2
"ENSG00000249803.6",0,0,1,1,0,0,21,0,0,0,0,0,0,54,41,0,0,47,0,0,0,0,1,1,66,42,10,8,20,2,0,0,37,21,26,0,38,0,0,0,1,0,15,0,2,0,0,34,0,0,1,26,0,114,0,0,0,0,0,0,0,46,0,0,0,0,0,0,0,0,47,0,19,0,0,0,0,21,16,83,166,230,0,0,76,0,3,3,0,0,0,31,111,43,0,1,0,78,172,0,0,0,0,0,0,0,1,0,76,17,13,0,0,94,0,66,0,8,2,118,4,2,0,0,48,0,0,84,0,0,1,0,250,0,0,0,0,0,0,4,1,0,5,0,0,0,6,0,0,0,0,0,0,67,9,0,1,0,33,94,1,0,0,0,0,117,87,1,0,12,1,76,1,7,0,37,33,141,0,95,0,22,0,5,23,0,74,0,0,25,0,1,0,25,63,0,0,38,0,0,54,0,0,110,0,16,0,0,105,1,0,0,15,15,0,0,0,0,6,144,0,166,0,0,0,0,1,20,0,0,0,18,0,1,0,43,0,0,55,18,0,1,0,0,1,0,0,0,0,0,3,0,0,24,0,0,0,0,10,54,33,13,0,272,0,0,0,0,8,0,101,0,34,0,6,0,107,0,0,3,65,80,81,0,0,0,0,0,0,0,0,0,0,13,0,41,22,3,0,0,0,0,22,0,67,0,0,0,19,19,2,0,23,0,0,0,79,4,0,15,0,1,0,0,9,0,0,0,3,0,49,2,0,0,26,0,24,0,1,0,0,0,3,0,55,53,0,0,54,0,4,10,0,114,0,0,0,0,0,0,4,0,0,0,0,2,1,29,0,91,0,22,1,22,38,0,204,0,0,98,104,41,89,0,0,2,0,36,11,0,0,0,0,0,0,0,3,7,0,0,27,144,0,0,25,0,17,29,10,0,1,16,0,0,40,0,58,0,1,0,0,1,0,1
"ENSG00000249853.8",3,0,0,0,0,0,0,0,0,25,53,3,0,247,1,0,0,0,0,1,1,0,1,0,0,0,0,0,0,0,5,3,0,0,0,0,0,0,0,0,0,0,0,0,0,0,0,0,0,0,0,0,1,0,0,0,10,0,0,0,0,1,0,1,0,0,1,0,0,0,24,1,0,0,0,0,1,0,194,4,30,1,3,0,0,0,0,0,0,3,1,1,0,0,0,0,24,1,29,0,0,0,0,0,0,0,0,0,15,0,0,1,1,0,0,0,1,0,0,2,0,0,0,0,0,0,0,0,0,0,0,2,1,0,0,1,0,0,0,0,1,0,14,0,0,0,0,0,0,177,0,0,0,0,0,0,0,1,0,0,2,0,0,0,0,0,3,0,0,2,0,0,0,3,0,0,0,0,33,1,0,0,0,0,0,0,6,0,0,0,0,0,1,0,0,0,0,0,0,1,0,0,2,1,0,0,1,0,1,0,1,1,1,0,1,46,1,0,0,0,0,0,0,0,0,0,2,0,0,1,0,0,1,0,0,0,0,0,0,0,0,0,0,0,1,6,1,12,0,0,0,0,0,0,0,0,0,0,1,4,0,0,10,2,0,0,0,0,0,0,0,0,30,1,0,0,61,0,0,0,0,1,0,0,0,11,1,0,0,0,0,0,0,0,0,8,12,0,0,9,0,0,17,0,0,0,0,0,0,2,0,0,0,0,0,6,4,0,0,0,0,1,0,28,0,0,0,0,0,0,1,0,0,1,0,1,0,0,82,0,0,59,0,0,0,0,0,0,5,0,4,3,0,0,0,1,0,0,0,1,0,3,0,12,10,0,0,11,0,0,0,0,0,1,0,0,1,0,0,0,0,0,0,0,1,1,0,0,0,0,0,0,0,0,0,1,0,279,3,0,0,0,1,0,0,5,1,0,0,0,0,0,0,0,0,0,0,141,0,1,0,0,25,0
"ENSG00000249859.12",77,10,661,246,157,302,183,109,112,234,192,99,81,2214,2757,35,78,235,14,371,137,46,110,76,62,10,231,21,34,194,34,553,207,186,48,246,291,44,128,91,249,204,128,116,81,26,228,222,67,31,188,182,55,156,75,158,51,102,58,26,124,236,86,17,37,165,84,197,348,55,335,331,44,26,28,33,457,45,321,158,195,91,1476,455,127,21,54,315,355,318,285,305,295,1081,57,13,71,56,552,54,159,70,639,130,75,428,93,42,40,81,70,202,88,201,89,49,310,155,633,1381,215,130,42,1368,673,33,60,138,260,158,27,36,504,295,429,34,117,44,8,37,19,503,691,73,154,612,802,27,448,86,43,46,93,280,108,273,125,256,63,39,247,433,113,67,80,108,1986,89,20,14,12,681,877,10,221,187,427,204,1238,133,11,105,228,274,37,292,66,137,193,8,32,581,63,217,168,67,39,1182,86,581,91,163,273,223,24,725,39,195,156,238,88,50,935,58,153,112,684,81,289,406,23,8,253,354,32,31,160,305,166,266,26,125,340,342,124,322,19,206,235,170,51,635,177,51,350,393,932,2002,101,328,34,87,21,71,27,315,41,29,381,280,112,51,393,66,27,72,250,27,17,50,575,27,192,16,99,117,267,30,33,95,57,769,17,52,24,115,29,104,241,258,70,100,270,602,205,349,192,242,595,738,60,57,1060,75,242,92,96,64,353,59,181,32,156,352,384,38,101,601,82,598,103,895,34,14,100,170,46,57,376,19,442,80,174,675,293,64,100,783,58,78,30,273,248,144,67,47,13,346,125,11,40,871,52,210,188,40,182,835,242,241,45,341,376,107,1599,32,410,116,24,211,143,712,33,158,85,97,36,71,143,151,107,69,957,76,43,442,149,53,183,49,272,19,16,498,128,126,112,125,119,19,57,48,94,293,730,113,418,206,80,88,322,201,53,34,307,146,46,724,23,102,35,195,835,81
"ENSG00000249894.1",0,0,0,1,0,7,0,0,0,0,1,0,0,4,1,0,0,1,0,7,0,0,7,0,1,1,0,7,3,0,7,0,3,0,5,0,0,0,0,1,0,0,1,0,0,0,0,0,0,0,0,11,0,3,0,0,0,0,7,0,0,33,0,0,0,5,0,0,0,0,15,0,3,0,0,0,4,0,2,2,31,0,0,4,3,1,0,2,0,0,0,1,7,0,0,0,0,0,11,0,0,0,0,3,0,8,12,0,0,2,0,0,0,0,6,4,16,0,0,10,0,0,0,0,1,0,0,1,34,2,0,0,1,0,0,0,0,0,1,1,0,5,7,0,10,2,3,1,0,0,0,0,1,2,0,0,1,31,11,1,0,0,0,6,1,1,0,0,1,1,2,16,0,7,0,0,1,3,0,0,0,38,0,0,4,0,3,0,0,0,0,0,5,1,0,5,0,1,0,0,0,1,1,57,0,1,0,0,0,0,1,4,3,1,0,0,0,0,1,1,0,0,0,0,0,0,3,4,0,0,0,0,5,1,0,0,0,0,0,1,3,2,0,3,1,0,3,1,7,0,0,1,0,1,0,0,0,0,0,10,4,0,0,17,0,1,0,0,0,0,6,0,3,1,1,0,4,0,0,0,36,1,0,0,0,0,0,1,6,4,0,0,0,1,0,2,4,0,0,0,0,0,1,0,0,1,0,2,3,0,0,1,1,7,10,5,0,4,0,0,2,0,0,0,6,0,0,2,1,0,29,0,0,0,5,0,1,0,0,0,0,0,0,0,2,3,0,1,1,0,0,1,3,14,12,0,1,0,15,0,0,2,0,8,0,0,4,5,0,2,0,0,1,2,1,0,1,0,0,39,2,0,1,0,0,0,0,0,1,1,8,0,0,0,0,0,1,1,1,0,0,0,7,0,1,0,0,9,0,0,1,2,0,0,0,0,1,0,0,0,1,0,0,0
"ENSG00000249948.6",81,3882,2,2162,48,416,46,328,4047,122,3,260,322,196,3,4480,68,537,853,308,3505,6856,1200,1997,5997,8367,11,1884,654,2908,67,674,3238,4824,2939,362,761,431,3,71,2016,5,168,1422,4184,937,628,592,6931,3355,3672,630,7238,71,0,3370,854,313,7078,1390,276,543,23,1720,1500,4,6284,649,1495,1342,758,2667,477,6739,5123,4666,4,201,216,1966,428,498,12,490,5541,3073,747,883,59,676,5993,986,154,99,675,2197,2517,3897,89,596,1882,3258,64,690,1166,15,5177,5863,368,156,1034,3903,176,534,569,1265,426,20,89,732,204,725,5460,2526,1076,4868,1398,819,26,139,3739,2549,889,1082,487,6838,410,3555,205,1767,3068,429,366,8374,110,1533,2,2,32,7,4433,2402,2428,2927,3535,199,1748,1379,1386,1388,1449,29,1489,575,18,1101,1511,31,7370,491,1016,2728,48,1545,227,702,405,71,458,1,4302,1842,472,428,2069,2046,7289,4783,501,2461,421,3,345,1653,4724,279,6808,367,3,278,1830,4713,13,4318,9880,790,763,9033,1191,2346,1298,127,467,2336,3975,135,35,687,1091,2081,4550,3170,28,223,2843,4094,1338,2377,320,411,265,2573,925,1939,507,400,5701,735,9982,3448,314,918,3658,3599,26,33,43,839,781,865,3216,34,4680,17,6869,2094,7318,3,39,1204,4803,9336,380,28,1890,746,345,3152,2103,5168,502,2591,1104,3079,3137,1519,197,4222,718,675,3467,60,1934,1107,520,168,4009,69,17,30,882,375,5,302,1027,5,10,467,3462,7,1785,212,3,895,32,737,245,521,1708,4,3836,31,656,570,495,184,223,4,348,1916,18,804,4999,510,2498,1928,1665,874,281,4992,349,764,4754,7360,316,9679,362,5428,144,3,9369,963,564,123,642,3748,1723,49,60,2738,4269,20,5832,915,206,3074,33,23,85,81,1182,1575,1053,11,237,5054,53,1044,697,1326,506,570,177,35,515,3467,4884,2788,2027,3317,4771,4051,6941,590,4620,670,22,345,2395,747,43,2453,5570,451,47,753,1842,928,1274,8694,3417,409,1668,478,121,0,1016,651,2553,51,1900,1827,3191,3144,2857,270,420,2,2882,3506,5110,1030,537,3621
"ENSG00000249958.1",0,0,0,0,0,7,1,0,1,0,17,0,22,1,10,0,0,5,0,0,0,0,0,1,0,0,0,0,1,7,0,0,3,1,0,0,2,0,1,0,0,0,1,57,0,0,0,1,0,0,0,57,0,1,0,0,0,0,0,0,0,0,0,0,0,0,0,0,6,0,8,0,1,0,0,0,0,0,25,0,13,0,4,0,0,0,0,2,0,0,0,34,0,0,0,0,0,0,28,0,0,0,2,1,0,0,0,1,1,2,3,0,0,0,0,2,0,0,5,86,0,0,0,57,0,0,0,0,0,2,0,0,2,0,0,0,8,0,1,0,0,0,19,0,1,5,11,0,36,0,0,0,0,0,0,0,1,15,2,1,0,0,0,0,0,0,1,0,0,0,0,3,0,0,0,0,1,5,0,0,0,0,29,0,0,0,0,0,0,0,0,0,0,0,0,0,0,8,0,0,0,0,0,0,0,17,0,0,0,0,0,0,23,0,1,0,1,0,1,3,0,0,1,0,0,0,3,0,0,1,8,0,0,4,0,67,0,0,0,0,1,0,0,0,23,1,0,0,0,0,0,1,0,0,0,1,0,0,2,9,0,0,3,6,0,0,0,0,0,0,0,0,45,0,1,2,31,0,0,0,0,5,0,0,0,29,0,0,0,0,0,5,0,0,23,34,2,0,0,0,0,0,0,0,0,0,0,0,0,1,0,0,1,0,3,0,0,2,0,0,1,0,0,1,1,0,0,0,0,0,2,0,1,0,0,0,0,0,5,0,0,0,0,0,0,0,0,0,29,0,1,4,0,12,1,0,3,1,51,12,0,0,0,0,1,0,0,97,0,0,0,0,0,3,0,0,0,0,0,0,0,0,0,0,0,0,0,0,0,0,0,0,0,0,0,1,1,61,1,0,0,0,0,0,0,0,2,5,0,0,0,0,0,0,0,0,0,1,0,0,0,0,0,0
"ENSG00000249973.2",9,0,0,1,0,0,5,0,0,1,0,1,0,0,3,4,0,4,0,0,0,0,1,0,11,1,0,0,1,5,0,2,3,0,1,0,15,0,0,0,0,0,0,2,2,0,0,0,0,0,0,1,0,1,0,0,2,0,0,0,0,0,0,0,0,0,0,11,0,0,2,4,1,0,0,0,10,0,0,0,5,0,0,0,1,0,1,6,2,3,2,1,0,0,0,0,1,1,0,0,5,0,3,22,1,0,0,0,1,0,1,0,4,0,3,3,0,0,0,2,7,0,0,25,2,0,0,1,0,0,0,0,1,1,0,0,0,0,0,0,0,0,5,1,0,1,3,0,0,20,0,0,0,3,3,0,1,0,14,0,0,8,12,0,0,0,0,0,0,0,2,2,8,0,1,0,0,0,0,4,0,0,1,0,3,0,2,0,1,1,4,0,1,1,1,1,1,5,3,0,0,0,4,1,1,0,0,0,0,0,0,0,5,0,0,0,0,16,1,2,0,0,0,1,0,0,3,3,0,0,0,2,1,6,0,5,0,2,3,0,1,4,5,1,0,1,1,10,8,9,0,0,0,1,4,0,0,0,0,0,5,29,0,0,0,1,0,0,1,1,0,0,0,0,3,0,0,0,0,2,0,5,2,0,1,1,0,0,0,0,0,2,0,2,1,0,2,4,1,0,0,2,1,0,0,2,1,0,6,4,17,0,16,0,0,1,5,0,1,7,1,1,0,0,0,0,0,0,7,2,0,0,3,0,13,0,27,2,3,0,0,15,0,0,0,1,5,0,0,0,0,1,5,0,0,0,0,1,1,0,1,0,1,0,13,0,0,0,1,3,0,14,1,0,1,0,0,0,0,1,2,0,0,6,0,17,0,0,0,2,0,1,0,3,0,0,15,0,1,0,0,0,0,7,1,0,0,1,0,0,0,0,0,3,2,1,1,0,0,0,0,0,0,1
"ENSG00000250033.5",1,0,0,0,1,0,0,0,0,0,105,24,1,10,20,0,0,4,1,0,2,0,0,1,10,0,0,12,0,3,0,28,5,2,1,1,11,0,18,59,0,1,0,31,0,0,0,2,2,98,0,5,0,29,1,1,1,1,0,1,0,5,0,1,0,0,0,0,4,0,53,0,2,0,0,0,1,0,1,3,18,31,11,3,3,2,0,8,5,0,0,8,0,0,14,0,2,0,4,1,0,0,3,1,0,0,1,0,9,0,2,1,3,0,0,0,2,2,3,8,0,4,65,0,0,0,1,0,0,6,0,1,5,0,4,0,0,0,0,2,0,0,10,1,2,94,1,0,0,0,0,0,0,24,0,0,0,3,9,32,3,0,1,1,0,0,16,0,0,97,0,0,2,4,0,0,0,1,8,6,0,2,3,0,45,0,0,1,0,5,0,0,0,13,25,0,0,0,1,0,2,1,1,0,0,1,91,2,0,0,1,0,4,2,9,1,1,0,0,51,0,0,0,1,0,0,3,7,0,27,0,0,1,11,3,17,0,0,2,9,0,0,2,1,1,4,1,0,0,0,0,1,0,0,1,0,0,0,6,0,3,0,2,8,1,0,0,0,1,0,4,0,5,0,0,0,0,0,0,1,0,1,0,1,0,1,0,0,0,1,0,0,0,0,5,12,9,3,5,1,0,0,3,1,0,0,0,6,0,20,1,0,1,0,1,5,0,0,2,3,3,0,3,0,1,0,0,0,0,0,12,0,2,1,5,0,0,19,46,4,0,0,7,0,17,9,0,1,2,0,0,2,1,15,0,0,0,7,0,1,2,0,5,1,1,0,0,1,0,2,0,8,0,2,0,0,42,0,1,1,1,37,0,0,1,9,0,0,1,1,8,0,0,0,0,0,11,2,4,0,3,1,0,0,28,0,6,3,1,0,10,1,0,0,0,2,5,13,0,1,0,0,0,0
"ENSG00000250038.7",0,0,0,0,0,0,27,0,0,0,0,6,0,297,10,0,0,102,0,0,0,0,96,2,13,0,0,233,0,0,0,0,100,9,0,0,129,0,0,1,0,1,0,0,0,0,0,9,0,0,0,149,0,0,0,0,1,0,2,0,0,0,0,28,0,0,0,2,2,0,4,0,132,0,0,0,0,0,22,109,0,64,0,0,22,0,0,0,0,0,0,116,22,1,0,0,0,8,4,0,0,0,0,0,0,0,1,0,37,0,0,0,0,60,0,25,0,49,0,45,3,3,0,0,0,0,0,25,0,149,8,0,13,0,0,0,0,0,3,2,0,1,28,0,0,109,0,0,2,0,0,0,0,1,6,0,0,0,5,1,0,0,1,0,0,0,124,1,0,2,0,9,0,212,0,0,0,43,0,0,0,0,0,1,0,0,21,0,0,61,0,5,0,41,1,0,0,0,0,0,0,0,0,3,0,118,0,0,7,0,0,0,121,133,59,59,0,0,67,334,0,24,0,0,0,0,0,0,0,0,0,26,0,0,0,49,0,0,0,211,1,0,0,0,3,0,23,0,0,0,0,0,0,0,0,0,0,0,0,0,46,31,0,14,0,0,0,0,2,0,64,0,56,0,0,0,1,0,0,79,1,36,1,0,0,0,0,0,0,0,1,0,0,1,0,2,4,0,0,0,0,0,178,0,0,0,1,0,1,0,0,0,1,1,0,0,76,1,0,6,0,0,0,0,2,0,0,0,17,0,44,0,7,0,0,0,0,0,0,0,0,0,0,1,71,55,34,1,36,0,1,0,0,251,0,0,0,0,0,0,3,0,0,0,0,2,0,0,0,0,0,16,0,0,256,0,149,6,1,0,4,1,7,0,0,0,0,0,15,0,0,0,0,0,0,0,72,7,0,1,19,0,1,0,1,0,51,136,9,0,0,23,0,0,1,0,10,0,0,0,0,0,0,0
"ENSG00000250049.7",21,0,0,4,1,26,3,38,0,2,1,17,4,93,84,0,23,35,0,50,1,1,6,13,1,53,0,20,14,44,42,99,20,4,9,9,25,5,6,12,13,0,68,28,0,2,7,40,1,1,0,37,0,6,0,0,0,1,34,0,0,36,4,7,4,30,7,2,27,5,1,5,2,2,0,0,1,6,13,41,1,5,3,0,29,0,2,67,12,14,0,107,32,3,0,1,0,30,19,1,1,1,16,30,12,64,15,0,24,14,11,1,4,0,0,33,50,4,35,238,8,18,1,1,16,1,1,5,0,30,7,3,106,1,2,1,0,0,130,7,0,21,96,0,10,41,40,22,13,0,0,0,2,43,1,0,43,7,68,2,15,12,13,10,13,7,14,10,4,5,73,113,0,247,2,56,16,16,2,26,0,12,9,1,22,7,42,0,5,21,0,2,1,8,3,15,1,24,0,11,7,0,4,59,0,67,1,8,0,3,12,1,148,188,28,4,0,0,3,59,0,17,29,10,0,0,26,12,5,2,0,65,2,15,0,171,1,5,5,36,30,6,0,0,22,0,30,1,0,0,12,9,0,175,0,0,0,10,21,14,43,20,13,150,1,9,1,1,3,0,5,0,55,0,90,0,35,0,0,2,6,11,82,3,9,25,1,9,56,12,0,0,0,8,0,83,37,6,1,0,1,26,39,1,0,7,4,9,17,3,11,51,37,5,108,11,5,9,5,5,1,1,0,13,18,0,2,0,13,0,3,0,19,0,141,0,1,21,26,2,0,5,40,1,8,16,50,0,3,1,0,5,0,20,4,0,24,0,19,61,13,6,6,7,0,29,78,71,0,41,7,20,6,0,8,2,3,1,2,8,25,5,79,1,0,15,14,14,4,3,21,0,0,0,10,9,15,27,10,1,14,4,71,0,26,0,38,31,2,0,24,3,1,0,30,0,13,11,16,4,1,0,2,1
"ENSG00000250060.2",1,0,0,1,0,0,29,0,0,0,2,60,0,568,427,0,0,4,1,1,1,0,3,1,0,0,3,35,0,46,0,1,71,1,0,0,15,0,10,21,0,0,1,225,2,0,0,58,0,0,0,76,0,2,0,0,1,1,4,0,1,99,0,4,0,0,0,2,0,0,45,0,3,0,0,0,0,0,3,24,240,152,0,0,1,1,0,18,0,0,0,4,0,0,0,0,0,4,1,0,0,0,0,0,0,0,0,0,137,0,0,0,0,20,0,19,4,15,181,201,0,33,0,0,2,0,0,18,0,1,0,0,130,0,0,0,1,0,3,2,0,1,0,0,0,716,23,0,0,0,1,0,0,29,0,0,0,0,1,10,4,0,2,0,1,20,2,1,1,447,0,14,0,117,0,0,0,65,0,32,0,0,55,36,0,0,1,0,0,6,1,0,0,73,31,0,0,0,0,0,11,0,0,91,0,77,2,0,127,0,0,3,9,62,1,0,1,0,0,23,0,17,0,1,0,0,4,0,2,1,0,24,0,0,26,147,0,0,18,164,0,0,0,0,0,1,2,0,0,0,0,0,0,0,0,0,0,0,7,1,96,41,0,2,0,0,0,0,181,0,12,0,44,0,0,0,227,0,0,0,5,0,10,0,0,1,0,0,0,3,2,0,0,108,2,241,12,1,0,0,21,0,89,0,38,0,0,1,63,103,0,0,12,1,1,44,217,0,0,0,0,0,0,0,0,0,0,0,53,0,203,0,0,1,1,0,0,0,1,1,0,0,0,0,92,52,0,1,83,0,0,38,0,1,0,0,2,0,0,1,0,3,12,4,0,0,0,0,0,46,1,5,0,1,143,0,84,0,0,0,5,9,32,0,0,47,1,3,2,0,3,0,0,0,0,0,42,10,1,0,0,1,0,1,0,3,34,180,2,0,0,5,0,0,15,0,69,0,3,0,0,0,0,0
"ENSG00000250081.1",5,0,0,0,10,0,1,1,1,1,1,0,16,12,6,1,0,6,0,0,1,0,1,1,2,0,0,8,1,4,14,3,3,0,0,2,1,1,0,0,1,3,4,1,2,1,1,1,0,0,1,2,1,15,1,6,0,4,13,3,1,2,0,1,0,3,2,3,25,4,4,3,0,0,1,1,18,1,23,8,3,5,25,2,11,2,1,1,3,3,2,2,2,0,0,0,0,0,3,2,0,1,2,1,4,8,1,1,14,1,2,1,1,2,4,0,9,0,13,5,1,12,0,6,2,0,0,2,5,2,0,0,21,0,4,0,0,0,17,0,0,14,8,0,3,38,3,23,8,1,0,0,2,4,0,2,2,8,0,2,3,0,2,1,2,1,9,14,5,10,1,10,2,33,1,2,4,1,4,0,0,0,0,8,0,1,1,0,0,3,0,33,1,6,0,4,2,5,0,2,0,15,7,13,0,8,1,6,3,0,1,5,7,1,7,2,0,0,0,3,1,1,3,0,1,0,1,16,0,3,10,2,1,1,0,1,2,0,0,2,0,2,0,0,16,6,1,0,0,1,0,2,0,1,0,9,0,5,2,36,6,0,3,7,0,1,9,2,9,0,5,0,15,0,0,5,3,0,0,0,2,1,1,0,0,5,0,0,5,3,2,3,3,0,0,7,22,0,0,0,3,4,11,0,10,1,0,0,2,5,2,12,1,1,3,2,7,5,0,1,0,18,0,3,0,0,1,0,4,0,0,5,1,0,8,1,2,10,0,1,0,0,0,6,4,1,1,8,2,0,0,4,0,3,0,0,4,28,9,3,3,0,0,14,8,0,3,7,1,0,8,4,2,5,16,0,3,0,0,3,2,2,3,0,0,1,4,0,3,6,5,0,0,4,0,3,1,18,3,0,1,6,2,2,14,2,4,12,0,0,1,2,1,0,1,0,1,2,6,0,0,0,9,0
"ENSG00000250102.6",0,0,0,0,0,0,34,0,0,0,0,140,0,181,158,0,0,94,0,0,0,0,0,0,136,46,55,181,22,128,15,14,65,9,2,0,155,0,153,142,0,0,60,0,1,0,0,76,1,0,0,72,0,54,1,0,0,0,10,1,0,238,0,6,0,0,1,0,0,1,342,0,0,0,0,0,0,0,5,45,33,79,0,0,25,0,0,0,0,0,0,54,16,0,0,0,0,13,0,10,0,0,0,0,0,0,1,0,156,91,0,0,0,0,0,85,0,6,1,209,0,23,0,1,7,0,15,39,0,180,24,0,114,0,0,0,0,0,31,88,0,0,55,1,0,0,1,0,0,0,0,0,1,40,10,0,4,0,180,114,32,0,39,0,0,44,107,0,0,151,0,48,0,129,0,6,3,117,0,49,0,0,55,1,43,0,32,0,0,77,0,0,0,53,45,8,0,0,0,0,1,0,0,363,0,120,0,0,5,0,0,1,41,281,38,1,0,0,14,101,0,70,0,0,0,0,1,50,0,0,0,56,0,0,0,90,0,0,2,35,1,0,0,0,2,0,23,0,0,0,1,0,0,3,0,0,0,0,40,69,118,145,1,104,0,0,0,1,372,0,73,0,80,0,0,0,30,0,0,35,197,62,36,2,0,0,0,0,0,0,0,0,0,54,0,99,127,0,1,0,0,1,19,0,44,1,0,0,51,78,14,0,13,0,0,6,78,0,0,3,0,0,0,0,16,0,0,0,31,0,149,0,11,0,0,0,0,0,0,0,0,1,3,0,65,138,43,0,11,0,1,3,0,140,0,1,0,0,1,0,8,0,0,0,0,2,0,0,0,36,0,21,4,5,310,0,84,0,0,101,69,85,105,1,0,18,0,18,35,0,2,0,0,0,0,0,101,25,0,0,11,0,0,0,0,0,51,83,50,0,2,33,1,0,0,0,67,109,14,0,0,0,0,0
"ENSG00000250122.1",0,0,0,0,0,0,0,0,0,0,0,1,0,3,1,0,0,0,0,0,1,0,28,0,0,7,0,0,0,0,0,4,0,2,0,2,1,0,0,1,0,13,0,1,0,0,1,1,0,0,0,2,0,0,0,0,0,4,0,0,0,0,0,0,2,0,0,0,1,3,1,0,0,0,0,0,0,4,0,1,1,1,1,0,0,0,0,0,11,3,0,85,3,0,0,0,0,1,0,2,0,0,0,0,0,1,0,0,0,1,1,0,0,0,0,1,0,0,1,2,2,0,1,0,1,0,0,0,0,125,0,0,0,0,0,0,0,0,2,0,0,0,0,0,0,1,38,0,0,1,0,0,1,1,0,0,0,2,7,1,1,0,0,0,0,0,0,0,0,2,0,0,1,0,0,0,0,0,0,8,0,1,0,1,1,0,0,0,33,0,0,0,0,1,1,0,0,10,0,5,0,0,0,0,0,6,0,0,0,0,0,8,3,0,0,23,1,0,1,0,0,2,0,0,0,0,1,2,0,1,0,0,0,8,0,1,0,0,0,5,0,1,2,0,1,0,0,0,0,1,1,0,0,55,0,0,0,1,0,3,0,0,0,4,1,0,0,0,1,0,0,0,0,1,3,0,1,0,0,0,0,0,0,0,0,0,0,0,0,5,0,0,0,0,0,4,0,1,2,0,0,2,0,0,0,0,0,1,0,0,0,1,0,0,0,2,14,2,0,0,1,0,0,1,2,0,0,0,0,0,1,0,0,2,2,0,0,2,0,0,0,0,14,0,0,1,0,0,1,0,0,0,0,0,0,0,0,0,12,0,21,0,0,0,0,1,39,2,0,0,0,0,1,0,3,1,2,0,1,0,0,0,3,1,0,1,0,0,1,0,0,0,1,0,0,0,0,0,0,0,1,0,1,0,1,0,4,0,0,0,0,0,0,1,0,0,0,5,0,0,0,0,0,0
"ENSG00000250133.2",0,0,20,1,10,0,47,2,1,1,1,5,0,2,0,0,5,0,0,6,3,0,1,0,2,0,0,2,0,0,0,47,0,0,0,2,0,0,0,0,0,17,4,0,1,1,0,2,0,1,0,0,0,1,0,0,0,1,0,0,0,9,0,1,0,0,0,0,1,1,0,2,4,0,0,0,76,16,0,5,0,2,0,0,0,10,0,0,3,3,0,0,13,13,0,0,3,0,0,3,2,0,25,0,0,17,2,0,80,53,1,0,0,0,49,0,1,0,0,0,0,1,0,0,5,0,2,0,1,36,1,0,0,0,2,0,0,0,0,0,0,5,1,1,21,20,95,0,23,0,0,1,1,2,0,0,0,0,4,0,4,18,0,17,16,1,2,11,1,33,11,0,2,0,0,0,7,1,43,0,0,10,1,0,0,1,38,10,0,0,0,14,95,0,0,0,0,1,0,1,0,0,0,11,0,0,1,1,0,0,2,47,9,1,0,0,0,1,0,3,0,1,0,1,1,0,0,6,0,1,0,5,0,0,0,5,0,1,1,0,3,2,0,4,13,35,0,18,1,1,2,0,0,1,0,0,0,31,1,0,2,0,7,1,0,3,10,0,0,0,0,0,0,0,0,0,2,0,1,7,0,0,0,0,0,1,0,1,29,1,1,2,1,0,13,32,0,0,0,0,1,1,0,0,14,1,0,2,0,1,1,0,0,38,0,1,15,15,0,0,0,0,0,0,5,0,1,3,0,0,0,2,0,5,0,0,0,2,0,0,0,0,2,3,1,5,0,58,0,0,0,0,0,0,0,1,4,4,0,1,0,0,0,1,0,2,0,0,5,0,4,0,7,0,2,0,0,0,0,0,1,0,1,2,2,1,1,13,3,0,73,2,0,0,0,0,3,4,1,0,2,1,19,0,7,1,0,0,0,0,0,1,0,0,0,0,0,49,3,1,0,0,2,0
"ENSG00000250244.5",0,0,0,0,1,0,0,0,0,0,1,1,7,2,10,0,0,5,0,0,0,0,2,0,1,0,0,0,0,6,0,1,0,0,0,6,1,0,3,0,0,3,0,0,0,0,1,0,1,0,0,3,0,1,1,0,0,0,0,0,0,4,0,0,0,0,0,2,0,0,2,0,0,0,0,0,29,0,1,1,1,0,8,6,0,0,0,0,4,2,1,1,0,0,4,0,0,1,1,0,0,0,0,0,1,0,32,0,6,0,0,0,0,0,0,0,0,0,0,4,0,0,11,0,0,0,1,0,3,4,0,0,29,0,3,0,0,0,84,0,0,0,7,0,0,0,0,2,1,0,0,0,0,0,0,26,0,0,13,1,0,1,1,0,2,0,2,7,15,0,0,2,0,0,2,2,0,0,0,3,0,1,0,0,1,0,0,0,0,1,0,0,1,2,3,22,0,12,0,0,0,0,0,0,0,0,22,0,1,0,0,1,6,0,1,0,0,0,2,0,0,0,0,2,0,0,0,0,0,4,0,1,1,3,0,0,0,3,1,0,2,0,0,0,0,4,2,1,1,0,0,0,0,0,0,0,0,0,1,0,0,0,0,8,0,0,0,0,0,0,0,0,6,0,1,1,1,0,0,0,0,2,1,0,0,0,0,0,1,0,0,1,0,9,2,1,0,0,16,0,0,0,3,0,0,0,0,0,0,0,0,1,1,1,0,18,0,0,0,0,2,0,0,2,0,1,0,9,0,0,0,0,0,0,7,0,0,0,0,0,0,1,0,1,7,0,1,2,2,0,0,14,0,2,0,0,3,1,0,0,0,0,1,1,0,0,0,0,0,0,0,0,3,1,5,0,0,0,0,0,6,0,0,0,0,0,0,0,0,0,2,1,0,0,0,0,3,0,0,0,0,2,0,0,0,1,0,1,0,0,0,0,0,0,0,0,0,3,3,0,0,0,5,0
"ENSG00000250250.2",0,0,0,0,0,0,0,0,0,0,0,4,1,3,7,0,0,0,0,0,0,0,0,0,12,1,0,7,0,19,0,0,0,1,0,0,2,0,0,0,0,0,0,0,0,0,0,0,0,0,0,1,0,39,0,0,0,0,53,0,0,22,0,34,0,0,4,0,0,0,15,0,0,0,0,0,0,0,0,19,22,37,1,0,22,0,0,19,1,0,0,0,0,3,0,0,0,77,1,0,0,0,0,0,0,0,0,0,0,0,0,0,0,1,0,0,0,0,0,0,0,47,0,0,0,0,0,2,0,1,1,0,36,0,0,0,0,0,0,0,0,0,1,1,0,0,0,0,0,0,0,0,0,30,1,0,0,0,0,1,2,0,0,0,0,0,0,1,0,5,0,0,0,0,0,0,0,33,0,0,0,0,0,0,0,0,0,0,0,32,0,0,0,109,3,0,0,0,0,0,1,0,0,898,0,14,0,0,1,5,0,0,0,1,0,1,1,0,21,122,0,26,0,0,0,0,0,0,0,0,0,0,0,0,0,1,0,0,0,0,0,0,0,0,0,0,0,0,0,0,0,0,0,0,0,0,0,0,0,0,19,38,0,0,0,0,0,0,16,0,2,0,16,0,0,0,0,0,0,124,0,5,1,0,0,0,0,0,0,0,0,0,0,0,0,0,2,0,5,0,1,0,0,0,1,0,0,0,0,0,3,0,0,0,0,0,16,0,0,0,0,0,0,0,0,0,0,0,0,0,0,0,2,0,0,0,0,0,0,0,0,0,0,0,35,2,0,0,0,0,1,1,0,13,0,0,0,0,0,0,2,0,0,0,0,0,0,0,0,0,0,0,0,0,4,0,5,0,0,1,2,0,0,0,0,1,0,0,0,0,0,0,0,0,0,0,10,0,0,0,0,0,0,0,0,0,0,1,25,0,0,6,0,0,0,0,15,0,0,0,0,0,0,2
"ENSG00000250266.2",5,62,0,1,1,4,0,0,18,228,0,1,37,1,0,21,0,0,0,14,0,22,0,0,192,112,6,2,0,10,38,39,1,89,0,0,0,1,0,0,0,27,3,0,191,0,0,2,112,0,0,1,24,0,0,0,18,13,539,0,0,0,0,10,0,0,0,0,4,0,42,9,0,88,0,131,0,0,6,0,2,0,0,0,1,0,1,0,0,0,0,0,1,0,0,135,0,5,19,1,0,26,1,0,0,0,0,12,47,0,0,173,0,0,2,29,8,0,0,0,0,0,0,0,2,68,39,0,0,5,72,16,0,3,0,197,0,110,0,3,64,19,174,34,0,1,2,0,4,0,33,12,0,0,59,0,0,27,27,107,0,0,0,2,3,1,88,0,2,0,0,2,0,0,0,25,0,1,14,0,24,0,0,0,0,0,0,0,0,0,0,2,0,2,2,0,39,0,0,0,0,1,0,1,352,2,0,0,0,0,3,6,0,3,3,93,0,1,4,642,30,0,9,0,216,104,0,0,0,0,0,0,0,0,0,6,540,0,0,3,0,1,0,0,1,2,0,0,15,0,45,0,45,0,49,0,68,0,0,5,0,156,0,26,375,1,4,70,0,52,1,1,0,4,1,56,26,17,0,0,0,0,32,185,0,0,74,0,0,0,9,0,0,0,0,2,0,0,0,221,21,0,10,27,266,0,0,0,0,0,0,0,0,0,0,0,0,1,0,126,0,0,66,0,0,0,193,0,0,57,0,0,95,0,0,16,0,0,0,0,42,0,1,0,0,132,0,4,0,63,34,0,0,1709,0,411,14,2,52,4,134,403,0,18,6,0,0,0,0,0,0,0,0,0,0,0,1,195,0,0,60,31,0,0,6,1,1,2,2,0,12,0,2,0,0,2,0,23,9,201,184,0,50,0,1,0,0,0,0,0,71,0,21,39,1,0,0,0,0,10,162,0,1,65
"ENSG00000250284.3",0,0,0,1,0,0,42,0,0,0,0,0,0,356,1,0,0,26,0,0,0,0,0,0,7,11,0,0,7,10,0,0,91,2,20,0,39,0,0,0,3,0,5,0,0,0,0,50,0,0,0,69,0,59,0,0,0,0,0,0,0,7,0,0,0,0,0,0,0,0,20,0,3,0,0,0,0,3,3,42,59,283,1,0,11,0,0,3,0,0,0,32,10,9,0,0,0,84,136,0,0,0,0,0,0,0,0,0,96,2,3,0,0,11,0,50,0,0,1,25,1,0,0,0,53,0,0,66,0,0,0,0,36,0,0,0,0,0,0,2,0,0,34,0,0,0,9,0,0,0,0,0,0,238,1,0,0,0,6,112,0,0,0,0,0,45,185,0,0,5,6,26,0,0,0,0,14,44,0,39,0,5,0,0,2,0,53,0,0,8,0,0,0,11,60,0,0,58,0,0,40,0,0,81,0,1,0,0,14,0,0,0,22,16,0,0,0,0,13,11,0,96,0,0,0,0,0,54,0,0,0,3,0,0,0,17,0,0,5,11,0,0,0,0,0,2,0,0,0,1,0,0,0,42,0,0,0,0,20,52,4,6,0,42,0,0,0,0,0,0,16,0,0,0,3,0,35,0,0,0,5,28,170,1,0,0,0,0,0,0,0,0,0,1,0,3,62,0,0,0,0,0,22,0,4,0,0,0,7,19,0,0,2,0,0,0,61,0,0,33,0,0,0,0,0,0,0,0,3,0,24,0,0,0,11,0,35,0,0,0,0,0,7,0,33,18,0,0,2,0,13,1,0,22,0,0,0,0,0,0,1,1,0,0,0,5,0,117,0,13,0,7,0,13,5,0,22,0,0,15,161,27,64,0,0,1,0,5,0,0,0,0,0,0,0,0,1,0,0,0,2,59,0,0,63,0,7,52,0,0,0,1,0,0,47,0,3,2,0,0,0,0,0,0
"ENSG00000250286.2",0,0,12,0,3,3,0,1,0,6,3,3,2,1,14,1,0,1,5,1,2,0,0,3,4,0,2,3,2,3,5,1,2,0,0,1,0,1,6,4,0,0,4,0,1,4,3,0,0,1,2,0,1,6,2,8,0,3,0,0,4,3,8,0,0,0,3,1,2,4,7,0,0,0,0,1,13,0,2,1,3,8,2,8,15,0,6,0,5,2,10,3,0,19,4,0,6,0,7,0,3,1,7,0,0,0,2,0,6,1,4,1,0,1,0,0,3,1,4,5,1,2,0,3,2,0,0,2,3,24,1,0,4,0,2,0,1,0,5,1,0,2,4,0,2,9,4,3,1,3,0,0,0,5,0,7,2,1,12,5,2,4,0,0,2,4,6,7,1,4,2,1,1,2,1,0,4,11,3,2,1,1,5,10,0,2,9,2,1,1,1,2,7,3,0,6,0,3,1,6,1,1,0,0,0,23,0,1,3,1,0,5,4,4,4,1,0,0,1,3,0,0,1,1,0,1,2,3,1,1,5,0,1,3,2,0,0,2,1,0,1,0,0,2,6,19,0,1,13,5,1,1,0,1,0,0,0,1,3,3,4,1,8,0,1,1,3,0,8,0,0,1,3,0,2,2,2,0,3,3,2,0,2,0,1,0,0,2,2,1,0,0,2,1,2,0,8,0,0,6,2,1,13,0,0,0,0,2,13,0,2,7,3,4,7,2,1,1,2,0,0,1,0,3,1,5,0,11,9,0,2,1,1,2,4,0,3,2,1,0,0,0,0,8,10,0,1,5,2,0,0,1,0,2,0,0,2,2,0,4,2,0,4,7,2,1,3,0,0,0,0,14,1,7,35,0,3,0,0,2,1,4,3,0,2,1,6,4,4,3,2,1,1,0,2,1,0,12,2,0,1,5,2,5,1,3,0,0,0,1,1,0,0,0,0,1,0,2,9,0,0,2,3,1
"ENSG00000250320.6",3,1,79,5,16,4,0,6,7,3,4,12,2,30,249,4,1,4,1,2,0,0,10,5,1,6,1,16,1,6,1,29,6,4,6,12,3,3,0,9,0,17,13,99,3,4,0,2,0,5,2,12,0,5,5,4,5,5,3,2,1,7,0,1,0,2,1,5,1,7,8,15,6,0,4,1,3,2,3,8,5,2,23,2,3,1,6,1,62,2,7,7,2,0,0,0,5,11,6,12,4,4,8,7,9,12,1,0,53,11,11,1,32,17,2,6,12,0,11,5,0,6,1,1,3,2,5,0,3,0,4,2,0,7,11,0,14,0,6,2,0,5,14,4,5,8,8,3,1,4,0,1,1,1,4,0,0,20,5,11,10,0,3,4,4,8,11,6,1,6,1,1,3,173,7,1,1,5,15,1,0,7,4,13,3,1,8,19,1,0,1,244,1,6,3,0,0,0,1,8,4,0,30,7,0,0,5,6,3,10,5,2,6,1,32,13,5,5,10,12,0,4,2,0,4,1,11,2,3,7,15,3,11,4,0,4,2,0,1,7,3,10,1,3,21,4,0,3,10,4,0,2,1,3,0,3,0,12,4,49,6,5,8,3,0,11,4,0,1,1,6,0,1,0,13,0,10,0,0,2,0,1,6,1,0,6,0,0,1,10,5,0,3,1,0,2,21,26,7,11,4,3,61,0,0,5,5,1,0,0,6,5,0,5,23,18,7,10,10,3,16,8,0,11,6,3,1,3,2,1,2,0,3,2,0,2,1,15,0,1,0,6,7,5,2,10,2,7,16,0,1,5,3,11,4,1,2,3,1,0,4,3,4,28,15,6,1,13,4,3,1,3,3,0,4,1,2,0,2,4,3,20,1,1,0,0,2,1,2,1,4,2,0,7,1,4,4,3,22,0,1,1,2,1,3,7,4,2,0,35,12,1,0,1,13,0,5,242,2,6,2,1,0,0
"ENSG00000250333.2",0,0,0,0,0,3,0,0,0,0,0,1,0,0,0,15,0,0,0,2,4,10,0,0,2,1,0,0,0,0,0,3,0,4,0,0,0,0,0,0,0,0,0,0,12,0,0,0,15,18,2,1,15,0,0,0,2,0,0,0,0,0,0,1,4,0,0,0,0,0,0,1,0,7,2,21,0,0,0,1,0,0,0,0,1,0,0,0,0,0,0,0,0,0,0,8,0,0,0,0,0,9,0,0,1,0,0,4,0,0,0,2,0,0,0,0,0,0,1,0,0,0,92,0,1,5,3,0,0,1,0,20,0,0,0,36,0,11,0,0,13,0,0,84,0,0,0,0,0,0,10,9,78,0,0,0,0,5,1,0,0,0,0,0,0,0,0,0,23,0,0,0,0,0,0,0,0,0,1,0,12,0,0,0,1,0,0,0,2,14,0,0,1,0,0,0,25,0,0,0,0,55,0,1,36,0,31,6,0,0,1,0,0,1,1,0,0,0,0,2,6,2,0,0,5,11,0,0,0,0,0,0,0,0,0,0,18,0,0,1,1,0,1,0,0,0,0,0,3,0,6,0,10,0,22,17,35,0,0,7,0,19,0,0,2,0,0,25,0,13,0,22,1,19,0,0,1,0,0,0,1,0,0,0,0,0,5,0,0,1,1,0,0,0,0,1,0,0,0,1,2,0,0,15,1,0,0,0,0,0,0,0,0,1,0,0,0,1,0,0,0,0,8,0,0,1,4,0,0,3,0,0,2,1,0,10,0,0,16,0,14,0,0,0,0,5,0,0,0,2,10,0,4,0,0,38,0,0,0,0,4,0,0,0,1,0,0,0,0,0,6,0,0,0,0,2,0,2,0,0,13,0,31,1,5,1,0,0,0,20,0,0,16,0,0,0,0,0,1,5,6,0,1,2,1,0,0,0,0,0,3,3,5,1,0,0,0,0,0,13,7,0,0,5
"ENSG00000250337.7",550,4,218,24,0,137,17,1,21,79,47,109,0,30,310,14,1,53,63,255,14,1,6,1,1168,157,1,96,0,9,11,3,4,182,3,210,8,42,25,77,31,38,13,216,79,35,41,13,19,68,55,113,7,57,2,3,9,160,149,0,16,89,23,20,20,2,150,173,4,3,594,92,23,3,19,15,282,20,211,35,134,38,0,19,3,0,57,81,157,135,3,168,196,35,24,10,0,199,767,2,64,102,44,157,47,432,184,3,177,4,87,10,87,210,380,11,453,85,17,503,213,1,43,258,161,9,15,443,0,185,181,1,61,20,1,10,7,0,2,49,12,0,57,151,8,0,114,5,169,102,1,12,0,2,20,117,99,2,86,212,94,0,11,69,7,19,359,4,132,333,31,627,305,154,1,41,199,785,6,245,5,52,85,325,55,48,55,230,39,43,39,39,0,0,93,0,36,311,49,0,14,3,5,172,10,581,31,2,82,1,83,144,76,532,1124,84,168,12,23,405,1,53,57,12,30,6,78,1,9,172,279,117,26,135,49,74,16,48,12,28,1,164,16,7,317,3,72,51,48,1371,102,2,5,174,16,24,12,0,308,9,143,356,0,133,17,70,44,29,66,6,12,9,73,2,5,0,126,2,22,10,948,55,40,5,99,21,7,0,2,0,10,15,3,93,0,38,6,54,1,45,305,57,147,4,88,37,22,270,2,49,218,0,107,149,0,86,87,18,58,67,3,23,9,3,46,1,8,128,80,8,76,14,39,48,6,12,98,0,128,16,1,74,205,1,183,241,88,88,24,0,3,2,47,848,96,16,2,9,16,36,43,71,103,0,1,155,0,1,23,31,0,308,7,4,114,81,87,20,25,1152,22,180,409,21,24,125,7,11,20,0,108,257,4,0,2,22,17,31,84,3,118,34,212,84,9,0,50,278,29,12,103,33,69,6,279,0,75,54,1,23,4,163,0,43
"ENSG00000250348.1",0,1,0,2,0,0,0,6,0,1,1,2,1,0,0,0,0,4,1,1,2,1,0,4,3,2,1,0,9,1,0,1,3,4,2,0,1,0,0,1,0,0,2,70,0,0,0,0,0,1,2,0,0,8,0,1,11,29,0,0,57,7,14,0,1,14,0,3,1,1,1,2,0,0,0,0,0,2,4,12,11,6,0,0,30,2,0,26,0,2,0,47,22,0,4,1,50,0,13,31,0,0,0,74,2,0,36,0,21,1,10,1,0,1,0,1,2,1,6,189,36,0,3,13,13,0,1,0,13,0,0,1,19,2,0,2,3,2,3,0,0,1,0,4,0,0,1,3,3,0,0,4,2,26,0,9,2,10,1,1,2,6,3,3,0,1,2,7,3,26,26,0,15,3,6,0,3,7,1,50,0,0,4,0,3,0,0,7,0,3,1,0,0,6,0,29,0,5,0,0,1,5,0,38,0,4,0,4,8,0,0,1,3,9,1,0,1,23,8,3,2,0,1,2,2,2,140,6,1,6,1,0,4,30,22,13,0,11,0,1,4,2,32,3,4,17,4,31,8,3,0,3,0,7,0,0,1,5,68,0,7,0,5,11,1,1,8,0,3,2,5,0,17,0,13,10,3,0,56,3,3,10,13,1,5,1,1,1,2,3,1,0,0,2,13,0,0,6,4,0,0,0,1,1,4,0,1,2,0,14,58,1,0,7,0,0,9,10,0,6,0,0,0,2,7,0,1,34,49,0,19,1,1,20,6,2,7,0,3,1,1,39,3,1,8,3,4,3,7,0,0,0,0,69,2,0,3,1,4,4,4,5,46,7,0,11,1,1,4,0,8,13,0,6,5,0,7,0,12,0,3,11,3,0,2,0,6,14,3,3,5,7,0,18,3,2,69,14,23,1,0,0,5,9,0,1,2,0,0,0,0,0,0,2,1,1,0,0,1,1,2,13,4,0
"ENSG00000250358.6",0,0,0,21,1,1,0,25,0,0,0,0,0,1,0,2,0,9,43,0,27,0,0,0,6,20,0,32,0,1,0,0,0,2,4,0,2,0,1,0,0,1,0,1,3,18,0,0,0,1,0,1,14,0,0,46,0,0,696,44,0,33,0,360,2,0,11,1,0,41,1,10,0,0,0,0,0,15,0,70,41,139,0,0,754,24,0,0,0,0,48,0,1,0,0,0,0,0,0,31,0,0,0,0,1,0,354,4,3,0,35,0,0,256,0,0,1,0,0,0,0,6,1,0,1,0,1,18,5,8,8,0,4,0,5,0,0,0,0,0,0,0,0,1,1,0,0,0,0,0,0,1,5,522,4,0,0,3,1,879,18,0,0,3,0,0,0,7,1468,5,1021,0,0,1,0,1,0,0,0,0,0,9,0,1,16,0,502,67,0,158,6,0,3,3,141,12,5,0,0,0,84,13,0,63,0,0,1,340,6,63,1,2,0,0,5,0,0,0,0,0,0,76,0,0,0,0,0,1,0,0,1,26,10,0,0,0,0,0,23,0,4,6,0,350,2,0,0,0,0,45,0,0,0,0,1,5,3,0,0,5,282,692,22,0,0,16,0,0,405,2,0,0,0,0,0,0,0,0,0,1,0,0,69,1,0,0,1,1,0,0,0,0,0,1,1,0,1,0,432,0,12,1,0,0,0,0,0,15,1,0,0,1,0,9,0,0,0,0,0,5,0,1,1,0,30,9,0,0,0,0,0,3,0,9,0,2,0,0,0,0,4,0,6,0,440,166,43,0,13,0,0,2,22,0,0,0,0,0,0,0,41,0,0,0,0,2,0,0,0,0,72,0,0,0,0,1,2,0,3,8,9,201,1050,0,0,0,1,4,37,86,1,1,8,1,4,0,102,0,0,0,0,16,28,1,0,1,1,0,15,0,0,0,8,0,43,1,27,32,13,0,0,6,0,2
"ENSG00000250385.2",0,0,0,0,0,0,0,0,0,0,0,0,0,0,0,0,6,0,0,0,40,0,0,0,0,0,0,0,0,0,0,0,0,0,0,0,0,68,0,0,0,0,0,0,0,0,0,0,0,0,0,0,0,0,0,0,1,0,0,0,0,0,0,0,0,0,0,0,0,1,0,7,0,0,0,0,5,1,0,0,0,0,0,80,0,0,0,0,3,0,35,0,0,0,1,0,0,0,0,0,0,0,0,0,10,0,0,0,0,0,16,0,0,0,1,0,0,0,0,0,0,0,0,0,1,0,0,0,1,0,0,0,0,0,18,0,0,0,72,0,0,0,0,0,1,0,0,3,1,1,0,0,0,0,0,0,1,0,0,0,0,28,7,19,31,0,0,0,0,0,0,0,0,0,30,0,0,0,0,0,0,0,0,0,0,0,0,0,0,0,0,0,0,0,0,51,0,0,0,0,0,0,35,0,0,0,0,0,0,0,2,1,0,0,3,0,0,0,0,0,0,0,0,10,0,0,0,0,0,0,1,0,3,0,0,0,0,0,0,1,5,0,2,45,0,0,0,1,0,1,0,0,0,0,0,0,0,14,0,0,0,0,0,1,0,19,0,1,0,0,0,0,0,0,0,0,0,0,30,0,0,0,0,0,0,1,0,7,0,3,0,0,0,0,2,0,1,0,0,0,1,10,0,0,0,0,0,0,0,0,0,9,0,18,34,0,0,0,2,0,0,0,0,0,0,0,0,0,0,0,0,0,0,0,0,0,0,0,0,0,0,0,0,27,0,0,0,41,0,0,0,0,0,0,0,0,3,0,0,0,0,0,0,13,0,0,0,1,0,0,0,0,0,0,0,0,0,0,0,0,0,0,0,2,0,0,0,0,0,0,8,0,0,2,0,0,0,0,0,0,0,0,3,0,0,0,0,0,0,0,0,0,0,6,0,0,0,0,22,1,0,0,0,0
"ENSG00000250420.8",9,0,0,0,0,0,0,0,0,5,0,2,0,246,17,0,0,95,1,0,0,0,1,0,0,0,0,44,0,2,1,32,25,1,0,0,0,0,1,1,0,1,0,0,0,0,0,0,0,1,0,14,0,30,0,0,1,0,303,0,0,4,0,0,0,1,0,0,0,14,1,0,0,0,0,0,23,0,3,10,94,185,2,5,0,0,0,3,0,0,0,8,0,1,0,0,0,4,57,0,0,0,0,0,0,0,0,0,250,0,0,1,2,1,4,1,0,0,0,1,0,58,4,3,0,0,0,40,0,5,0,0,3,0,0,0,0,0,0,0,0,3,13,0,4,0,0,0,0,3,0,0,0,0,3,0,0,0,0,11,2,0,0,0,2,4,368,2,0,1,0,1,0,1,3,0,0,40,0,0,0,0,0,5,3,0,2,0,0,0,0,0,0,0,20,0,0,0,1,3,0,0,3,41,0,1,1,0,2,0,0,2,3,3,3,37,0,0,59,3,0,17,0,0,1,0,0,1,0,0,0,0,0,0,0,0,0,0,1,0,23,0,0,0,8,34,0,0,0,0,0,0,0,0,0,0,0,0,0,867,29,0,0,57,0,0,10,1,0,0,0,0,307,0,1,0,18,0,0,0,1,6,0,1,0,3,0,1,8,0,0,0,0,5,0,16,39,0,8,2,0,8,190,0,1,0,0,1,1,1,0,2,2,0,1,2451,0,0,0,72,0,3,0,73,0,1,0,0,0,0,12,19,1,1,0,1,0,15,0,0,0,0,0,0,1,4,0,0,0,0,0,19,0,144,0,4,0,8,0,0,1,1,1,0,0,0,0,5,1,0,0,1,0,0,0,1,0,3,0,2,0,43,1,0,0,3,0,0,0,0,5,0,1,0,0,0,0,33,0,0,0,0,0,0,11,0,0,20,0,0,0,0,0,0,0,0,0,0,2,0,0,0,0,0
"ENSG00000250447.6",1,0,0,0,0,0,0,0,0,0,0,0,1,1,0,0,0,1,0,0,0,0,0,0,1,0,0,3,0,0,0,0,0,1,0,0,0,0,1,0,0,0,0,0,1,0,0,1,0,0,0,1,0,11,0,1,1,0,0,0,0,0,0,0,0,0,0,0,0,0,13,0,0,0,0,0,0,0,1,2,55,21,0,0,0,1,0,0,1,0,0,5,0,0,0,0,0,3,0,0,1,0,0,0,0,0,0,0,35,0,0,0,0,0,0,12,2,0,0,18,0,1,0,0,0,0,0,0,0,0,0,0,0,0,1,0,0,0,1,0,0,1,5,1,0,1,1,0,0,0,0,0,0,13,0,1,0,0,0,1,0,0,0,0,0,30,0,0,0,13,0,1,0,0,0,1,0,10,0,1,0,0,0,0,0,1,0,0,2,0,0,0,1,3,0,0,0,1,0,1,0,0,0,175,0,33,0,0,0,0,0,0,0,0,0,1,2,0,0,2,0,0,0,0,0,0,0,0,0,2,0,0,0,0,0,64,0,0,0,0,0,0,0,0,0,0,0,0,0,1,0,0,0,0,0,0,0,0,0,1,19,1,0,1,0,0,0,0,6,0,0,0,6,0,0,0,0,0,0,0,2,5,1,0,0,1,0,0,0,0,0,0,0,0,0,0,0,0,0,0,0,1,0,0,7,0,0,0,0,1,0,0,0,0,0,0,90,0,0,0,0,1,0,1,0,0,0,0,1,0,3,1,0,0,0,0,0,1,0,0,0,0,0,1,4,2,0,2,0,0,1,0,0,32,0,0,0,0,0,0,0,0,0,0,0,1,0,1,0,0,0,1,0,0,60,0,38,0,0,0,0,7,0,0,0,0,0,0,0,0,0,0,0,1,0,0,2,1,0,0,0,0,0,0,0,0,2,0,1,0,1,0,0,0,0,0,4,4,0,0,0,0,0,0
"ENSG00000250451.5",1,0,9,0,21,0,151,0,0,14,2,2,0,0,2,0,7,0,0,34,0,0,11,0,4,0,0,1,0,0,0,6,0,0,0,0,0,0,0,0,4,2,1,0,0,0,0,0,0,0,0,0,0,36,0,0,0,0,0,0,0,1,0,0,0,0,0,0,0,0,0,0,0,0,0,0,56,21,2,3,2,0,0,0,0,24,0,0,3,0,0,0,3,0,0,0,0,1,81,0,0,1,4,0,0,28,0,0,81,20,2,0,0,0,33,0,0,1,0,1,0,0,0,1,0,0,0,0,1,83,1,0,1,0,0,0,0,0,0,0,0,3,2,0,13,17,5,1,26,0,0,0,0,1,0,0,0,1,1,0,0,36,0,14,42,0,12,21,0,23,35,0,0,5,0,0,2,2,27,0,0,20,0,1,0,0,60,24,0,0,0,13,19,0,0,0,0,1,0,0,0,0,0,1,0,0,0,0,0,0,3,28,18,1,0,0,0,0,0,0,0,0,0,0,0,0,0,0,0,1,0,1,0,0,0,0,0,0,0,1,3,0,0,8,8,89,0,20,1,0,0,0,0,0,0,0,0,45,0,1,0,0,2,2,0,0,2,0,0,0,0,0,0,0,0,0,21,0,0,14,1,58,0,0,1,0,0,1,23,0,1,3,0,0,13,24,0,0,2,0,0,11,0,0,96,0,1,0,0,0,0,0,0,28,0,0,1,4,0,0,0,1,0,0,0,0,0,2,0,0,11,1,0,9,2,0,0,0,0,0,0,0,0,0,0,7,0,39,0,0,0,0,0,0,0,0,58,2,1,0,1,0,0,1,0,0,0,1,1,1,1,0,1,1,0,1,0,0,1,0,0,0,0,0,0,0,0,13,0,0,53,0,0,0,0,0,1,103,0,0,0,0,8,0,0,0,0,0,0,0,0,0,0,0,0,0,0,31,14,0,0,0,2,0
"ENSG00000250453.2",0,0,0,0,0,0,0,0,0,0,0,14,0,36,28,0,0,34,0,0,0,0,0,0,10,0,0,5,0,16,0,0,24,0,0,0,4,0,13,33,0,0,0,0,0,0,0,0,5,0,0,22,0,19,0,0,0,0,0,0,0,20,2,3,0,0,0,10,0,0,46,0,6,0,0,0,0,0,0,29,46,6,0,0,15,0,0,1,0,0,0,7,12,0,0,4,0,76,18,0,0,0,0,0,0,0,0,0,39,35,0,0,0,6,0,6,0,17,0,4,0,0,0,0,4,0,0,15,0,105,1,0,25,0,0,1,0,0,19,16,0,0,7,0,0,3,2,0,0,0,0,0,0,2,2,0,3,0,17,4,23,0,0,0,0,13,18,0,0,265,0,0,0,70,0,0,1,22,0,27,0,0,0,3,13,0,45,0,0,48,0,0,1,14,11,0,0,0,0,0,7,0,0,90,0,18,0,0,1,1,0,0,0,17,27,0,0,0,2,9,0,2,0,0,0,0,1,0,0,0,0,4,0,0,0,4,0,0,0,3,0,0,0,0,0,0,10,0,0,0,0,0,0,0,0,0,0,0,7,1,61,79,0,29,0,0,0,0,45,0,4,0,21,0,0,0,4,0,0,12,58,14,15,0,0,0,0,1,0,0,0,0,0,0,0,21,113,0,0,0,0,0,7,0,1,0,0,2,12,14,19,0,0,0,0,2,59,0,0,12,0,0,0,0,0,0,0,3,7,0,57,0,2,0,0,0,0,0,0,0,0,0,0,0,54,15,1,0,3,0,0,24,0,61,0,0,0,0,0,0,5,0,0,0,0,0,0,0,0,0,0,6,0,14,59,0,51,0,0,21,1,21,0,0,1,0,0,11,0,0,0,0,0,0,0,0,46,11,7,0,0,0,0,0,0,1,10,8,0,0,0,0,0,0,62,0,8,0,1,0,0,1,0,0
"ENSG00000250493.2",1,0,0,0,0,4,6,0,3,0,0,0,3,0,1,0,1,0,0,7,23,0,0,0,0,36,0,0,3,0,41,0,1,0,0,19,0,0,0,0,0,2,30,0,0,0,18,0,3,25,0,0,0,13,0,0,3,59,0,0,0,61,1,0,0,3,0,1,1,11,3,4,0,0,0,0,0,0,0,1,9,10,6,2,0,1,0,0,33,0,5,0,8,2,0,1,0,0,6,0,0,0,0,0,0,0,0,0,1,30,4,2,30,0,6,0,8,0,0,4,0,0,1,2,0,0,0,0,15,0,0,0,1,0,2,0,1,0,12,0,0,0,3,0,0,0,0,6,3,0,0,0,0,0,1,0,3,5,45,3,2,5,42,0,0,0,8,15,27,0,0,0,0,0,7,0,0,1,1,1,0,3,3,0,1,0,1,0,0,0,0,1,1,0,1,0,1,4,31,86,0,0,1,5,0,1,19,1,14,0,1,1,0,1,0,1,1,0,1,2,0,0,0,0,0,0,2,0,0,0,0,1,2,1,1,8,0,1,2,0,4,0,0,2,4,8,0,0,55,0,0,2,0,0,0,0,0,0,0,1,0,1,0,10,0,2,1,0,0,1,0,0,0,0,12,59,4,0,0,0,0,4,0,3,0,1,0,2,12,0,0,0,0,0,2,0,0,0,21,1,0,3,2,0,8,0,0,0,1,0,0,0,0,0,9,0,1,6,116,2,0,0,0,4,31,26,0,0,0,0,1,1,0,0,1,0,0,0,1,4,0,0,0,1,0,0,0,0,22,0,1,1,0,1,0,0,8,1,35,0,1,2,0,12,0,0,0,16,0,0,0,1,0,0,1,0,10,1,0,0,0,3,0,0,0,1,1,0,0,0,0,0,0,26,6,0,0,1,0,0,1,0,2,0,1,1,0,0,0,13,1,0,0,6,0,0,2,0,1,0,0,0,0,0
"ENSG00000250509.2",0,0,6,8,2,1,1,0,10,0,0,0,0,1091,12,0,9,11,0,1,95,1,1,2,0,1,0,1,1,2,0,20,2,0,0,1,41,11,0,0,0,41,0,1,1,7,11,8,0,0,0,28,1,3,1,13,79,0,0,0,2,42,1,0,0,0,0,2,52,17,0,22,0,0,0,0,63,1,0,4,4,2,17,24,6,0,18,0,16,1,65,77,1,12,2,0,44,1,1,18,2,0,73,0,4,0,0,2,0,0,2,0,0,15,0,0,2,0,3,5,0,0,1,0,11,0,2,0,1,41,1,0,54,27,12,0,16,0,9,0,1,10,13,0,15,17,6,0,11,0,1,13,10,0,0,3,144,9,37,8,0,220,150,4,3,0,23,12,1,0,0,5,23,0,114,0,41,35,1,13,0,54,13,7,0,2,3,4,5,0,6,1,1,10,15,0,0,39,0,64,0,0,0,5,0,1,1,13,1,1,2,12,23,0,0,0,0,0,0,1,0,0,0,19,0,0,0,10,38,7,0,2,36,4,0,44,1,0,0,0,1,1,4,1,182,1,0,110,10,0,0,0,0,27,0,1,0,3,0,0,0,0,100,0,0,2,1,0,0,0,2,1,0,1,51,0,45,0,0,0,1,8,13,2,0,2,0,9,6,85,1,11,6,14,53,2,1,0,0,0,1,6,1,0,0,3,12,0,0,0,0,0,1,38,82,24,0,1,3,6,0,13,2,0,5,2,0,0,1,0,3,24,3,3,5,0,4,100,0,65,0,1,57,41,3,0,0,18,0,0,1,2,0,0,0,0,17,9,0,0,2,1,2,22,0,0,219,0,0,36,1,3,2,0,0,0,0,0,1,1,0,0,3,12,5,5,8,9,0,4,0,2,0,1,2,0,14,0,0,0,0,0,4,0,35,2,18,4,0,8,2,0,9,4,1,0,0,1,11,0,0,1,35,2
"ENSG00000250514.1",0,0,0,0,0,0,2,0,0,0,0,0,0,3,2,0,0,0,0,0,0,0,0,0,3,0,0,2,0,3,0,0,0,0,2,0,4,0,0,0,0,0,0,0,0,0,0,0,0,0,0,11,0,4,0,0,0,0,0,0,0,3,0,0,0,0,0,0,0,0,20,1,0,0,0,0,0,0,2,4,4,1,0,0,2,0,0,6,0,0,0,7,2,0,0,0,1,0,1,0,1,0,0,0,0,0,0,0,2,1,0,1,0,0,0,0,0,0,1,0,0,1,0,0,2,0,1,1,0,0,1,0,15,0,0,0,0,0,4,1,0,0,0,0,0,2,0,26,0,0,0,1,0,2,0,0,0,0,3,29,0,0,0,0,0,0,5,0,0,8,0,0,0,0,0,0,0,10,0,0,0,0,0,4,4,0,0,0,0,0,0,0,0,0,0,0,0,0,0,0,4,0,0,23,0,6,0,0,0,0,0,0,0,8,2,0,0,0,3,20,0,8,0,0,0,0,0,0,0,0,0,4,0,0,0,4,0,0,0,1,0,0,0,0,4,0,0,0,0,0,0,0,0,0,0,0,0,0,1,0,6,15,0,30,0,0,0,0,0,0,14,1,5,0,0,0,7,0,0,5,1,6,3,0,1,0,0,0,0,0,0,0,0,1,0,17,1,0,1,0,0,0,2,0,0,0,0,0,4,5,0,0,0,0,0,0,5,0,0,20,0,0,0,0,0,0,0,0,0,0,10,0,0,0,2,0,0,0,0,0,0,0,2,0,3,3,0,0,0,0,0,0,0,14,0,0,0,0,0,0,10,0,0,0,0,0,0,4,0,0,0,1,0,1,4,0,2,0,0,0,3,0,4,0,0,5,0,1,0,0,0,0,0,0,0,0,10,8,0,0,0,0,0,0,0,0,3,2,3,0,1,0,0,0,8,0,4,0,0,0,0,0,0,1
"ENSG00000250546.6",0,0,0,0,0,0,0,0,0,0,0,0,0,115,18,0,0,3,0,0,1,0,0,2,0,0,0,0,0,46,0,8,0,0,1,0,3,0,0,0,0,0,0,11,0,0,0,0,0,0,0,1,0,5,0,0,0,0,0,0,0,1,0,1,0,0,0,0,0,0,1,0,0,0,0,0,0,0,2,3,17,0,0,0,0,0,0,5,0,0,0,10,0,4,2,0,0,1,1,0,0,0,0,0,0,1,0,0,61,0,0,0,0,0,0,0,1,0,0,27,9,35,0,0,1,0,0,0,1,0,0,0,11,0,0,0,0,0,0,0,0,0,87,0,0,67,0,0,0,0,2,0,0,2,0,0,0,0,4,0,2,0,0,0,0,0,0,0,0,1,0,9,0,151,0,0,0,13,0,0,0,0,0,0,2,0,0,0,0,1,0,11,0,1,1,0,0,0,0,0,0,0,0,49,0,5,0,0,0,0,0,0,0,0,35,0,0,0,0,1,0,0,0,0,0,0,0,187,0,0,0,0,0,0,0,1,0,2,0,0,1,0,0,0,0,1,0,0,0,0,0,1,0,0,0,0,0,0,15,2,2,2,1,0,0,0,0,0,1,0,0,0,9,0,0,0,3,0,0,0,48,0,0,0,0,0,0,0,0,0,0,0,0,0,0,4,4,0,0,0,0,0,6,0,0,0,0,0,7,0,0,0,0,0,0,0,0,0,0,4,0,0,0,0,0,1,0,0,0,0,11,0,0,1,35,0,0,0,0,0,0,0,0,0,0,4,0,0,2,0,0,0,0,1,0,0,0,1,0,0,0,0,0,0,0,1,0,0,0,0,0,13,0,0,0,0,2,1,1,0,0,0,0,0,0,1,0,4,0,0,1,0,0,0,0,1,0,4,2,0,0,0,1,0,40,0,16,3,0,0,0,0,0,0,0,0,0,1,0,0,0,0,0,0
"ENSG00000250563.1",5,0,0,0,0,0,8,0,0,1,0,0,0,283,0,0,0,0,0,0,0,0,0,0,0,1,0,9,2,57,0,0,5,0,0,0,17,0,0,0,0,0,0,0,0,0,0,9,0,0,0,2,0,107,0,0,0,0,0,1,0,0,0,10,0,0,0,0,0,0,68,0,0,0,0,0,0,0,0,26,6,49,1,0,4,0,0,1,0,0,0,205,15,4,0,0,0,11,1,0,0,0,0,0,0,0,0,0,11,0,0,0,0,0,0,0,0,0,1,124,0,4,0,0,14,0,0,15,0,1,0,0,3,0,0,0,0,0,0,0,0,0,0,1,0,0,0,0,0,0,0,0,0,0,0,0,0,0,2,4,4,0,0,0,0,22,22,0,0,283,4,0,4,27,0,0,0,7,0,0,0,0,0,0,1,0,115,0,0,14,0,0,0,2,12,0,0,0,0,0,0,1,0,116,0,0,0,0,49,0,0,0,0,3,0,0,1,0,0,4,0,3,0,0,0,1,0,1,0,0,0,0,0,0,0,0,0,0,1,0,0,2,0,0,0,2,0,0,0,0,0,0,0,0,0,0,0,0,0,0,23,0,0,37,0,0,0,0,9,0,4,0,0,0,0,0,19,0,0,1,4,13,91,0,0,0,0,0,0,0,0,0,0,0,0,0,84,0,1,2,0,0,14,0,12,0,0,0,0,86,1,0,0,0,2,0,82,0,0,0,0,4,0,0,0,0,0,0,0,0,16,0,0,0,2,0,0,1,0,0,0,0,1,0,3,0,0,0,0,0,0,0,0,34,0,0,0,4,0,0,0,0,0,0,3,1,0,0,0,8,0,0,0,1,49,0,137,0,0,1,4,3,0,0,0,0,0,0,0,0,0,0,0,0,0,0,0,1,1,0,0,0,0,0,0,0,0,12,4,0,0,0,0,0,0,0,3,0,0,0,0,0,0,0
"ENSG00000250579.2",996,0,3,0,106,72,2,74,1,49,2,0,0,150,0,1,0,8,422,60,4,0,3,21,29,1,4,336,8,0,991,4,72,17,43,0,3,0,0,0,2,3,1498,0,8,60,1,0,6,0,46,2,4,12,0,298,2,594,185,3,0,0,0,203,0,61,44,2,9,2,94,11,0,1,0,0,0,3,293,485,60,1,0,0,71,3,8,0,0,1,0,5,94,3,0,1,0,113,900,1,0,1,2,3,14,1,127,3,238,276,1,7,0,114,7,2,191,163,4,2,0,259,0,2,19,0,2,0,16,640,93,0,1,0,2,6,1,1,26,7,1,7,3,2,10,1,6,21,87,41,0,4,138,5,2,0,1,1961,313,625,20,1,0,619,39,0,82,72,29,1,7,40,0,1,0,31,0,1,11,0,0,0,640,83,0,3,72,10,287,13,9,0,0,5,2,2,0,0,0,2,0,4,252,0,0,0,1,46,1,0,0,219,2,154,526,29,0,0,32,284,0,14,3,1,14,0,0,1,0,95,115,27,0,5,0,0,0,0,2,8,0,0,2,1,104,1423,0,0,3,0,0,15,2,0,4,1,0,0,0,0,15,141,0,85,0,219,28,1,2,0,2,0,1,0,43,50,74,0,0,0,100,3,0,1,0,35,1,0,126,1,11,2,5,0,0,9,64,0,221,254,1547,1,157,1,13,3,0,502,1,68,0,735,145,3,5,2,0,37,0,1,326,295,0,1613,77,0,4,0,7,4,2,3,3,98,140,0,1,0,0,1,0,0,55,5,0,37,399,0,4,0,0,1,19,47,0,1,7,775,18,148,0,1,1,340,0,7,0,1,2,2,0,161,0,0,30,0,1,3,7,36,1,37,14,0,0,33,49,420,36,8,194,0,0,116,15,40,95,22,9,0,87,144,0,1,0,0,0,280,0,0,166,0,50,4,20,0,17,5,4048,1,2,59,2,1
"ENSG00000250584.3",0,0,0,0,1,1,2,2,1,5,0,1,1,3,0,0,0,5,0,2,3,0,1,0,2,0,0,0,0,0,0,0,1,2,0,0,0,0,0,2,4,0,1,3,1,1,0,2,0,0,0,19,0,15,0,0,2,1,127,1,0,10,1,1,1,0,0,1,1,2,9,0,2,0,2,1,1,3,2,4,17,2,11,0,0,0,1,1,3,3,4,6,1,2,1,0,0,0,15,0,0,0,2,0,0,1,3,0,20,2,1,2,1,0,2,6,0,7,0,1,0,2,0,2,0,0,0,1,2,0,1,0,2,0,5,0,0,0,4,2,0,1,1,1,2,1,0,13,1,5,0,1,0,1,1,2,0,3,1,2,8,0,4,2,86,3,3,35,0,11,1,0,1,0,0,0,0,14,1,0,0,2,2,2,1,0,0,0,50,0,0,1,3,1,17,0,1,0,0,1,0,2,1,3,0,2,0,1,2,0,0,3,0,1,1,1,1,0,1,1,1,0,0,0,0,0,0,1,0,1,2,0,0,0,0,3,1,0,0,0,0,0,2,0,14,1,0,2,0,2,0,0,0,0,0,2,0,1,1,4,100,0,2,5,0,0,1,0,2,0,0,0,43,0,0,1,0,0,1,1,0,0,2,2,2,0,0,1,0,0,0,0,1,1,7,2,44,0,7,1,2,0,1,0,31,0,0,1,1,1,1,2,1,2,57,1552,1,5,1,0,3,1,0,12,0,1,2,1,0,0,1,2,1,6,1,0,1,0,6,8,0,3,1,1,0,3,0,0,0,1,0,2,0,77,0,0,4,1,1,0,1,1,1,6,0,0,1,0,0,1,1,0,0,1,1,0,1,0,0,0,0,0,6,0,0,1,4,0,2,0,3,1,0,2,1,0,4,0,2,0,0,1,0,1,3,0,1,0,0,3,0,0,0,1,3,1,0,0,21,0,0,1,3,2
"ENSG00000250590.6",0,0,0,1,0,0,11,0,0,0,0,0,0,9,5,0,0,0,0,0,0,0,0,0,14,3,0,22,0,65,0,1,1,7,0,0,78,1,0,0,0,1,0,0,1,0,1,49,0,0,0,25,0,3,0,0,0,0,0,0,2,92,2,7,8,1,1,29,0,0,20,2,1,0,0,0,0,0,5,43,1,13,0,0,0,0,0,21,0,0,0,175,0,0,0,0,1,15,0,4,0,0,0,0,0,0,0,0,37,0,0,0,0,2,0,43,1,0,37,25,2,47,0,0,21,0,0,2,0,69,1,0,34,0,0,0,0,0,1,15,0,0,50,0,0,0,0,0,0,0,0,0,0,83,7,0,0,0,60,1,18,0,0,0,0,19,18,0,0,9,0,1,0,9,0,0,5,17,0,76,0,0,0,0,0,0,29,0,0,12,0,0,0,1,2,0,0,1,0,0,0,0,0,0,0,12,0,0,1,9,0,0,1,126,0,3,0,0,4,169,0,6,0,0,0,0,0,94,1,0,0,2,0,0,0,40,0,0,0,1,0,1,0,0,1,0,0,0,4,4,0,4,0,1,0,0,0,0,4,2,45,1,0,11,0,0,0,0,10,0,0,0,2,0,0,0,13,0,0,37,0,8,46,0,0,0,0,0,0,0,0,0,0,47,0,98,4,2,0,0,0,0,3,0,24,0,0,0,0,0,0,0,0,0,0,1,52,1,0,48,0,0,1,0,1,1,0,0,17,1,67,0,21,0,124,0,0,0,0,0,0,0,38,1,0,41,1,1,0,0,0,0,0,3,0,0,1,0,0,0,8,1,0,1,0,0,0,0,0,0,0,10,11,1,25,0,21,0,0,2,1,0,0,0,0,0,0,46,3,0,0,0,0,0,0,0,6,14,0,0,0,0,0,0,8,1,38,0,2,0,1,1,0,0,0,0,5,1,0,0,0,0,0,0
"ENSG00000250612.2",42,1,0,1,9,0,5,0,0,1,2,3,31,69,323,0,157,67,3,0,0,0,3,0,1,16,0,1,20,4,1,2,129,25,0,1,5,2,1,8,0,6,6,21,3,1,1,1,0,3,0,1197,0,3,0,0,1,2,0,0,0,9,0,2,1,2,0,1,1054,1,325,0,26,0,1,0,490,0,72,0,472,23,280,0,6,0,0,5,366,0,1,0,1,17,0,1,0,2,402,6,0,0,101,4,2,1067,2,0,41,13,1,0,521,0,4,2,126,0,108,124,1,0,1,2,0,7,4,1,4,120,6,0,305,0,11,0,0,1,269,0,0,0,6,3,7,19,11,14,15,3,0,1,3,2,1,2,0,353,1,1,0,2,1,13,0,0,5,28,1,10,2,195,3,899,0,0,26,32,0,7,0,1216,2,6,2,0,0,1,1,1,1,0,3,9,36,0,1,30,1,2,0,6,100,546,1,89,1,4,18,6,1,0,1041,0,2,2,0,0,0,43,0,1,0,0,1,1,1,5,0,0,13,0,105,1,0,56,0,0,4,0,5,2,1,0,1122,0,147,0,454,5,0,0,0,2,0,2,3,0,1,34,9,90,7,83,0,0,53,0,48,0,4,0,452,0,3,3,0,0,0,1,50,14,1,0,0,19,1,0,0,4,6,1,0,0,0,929,3,0,0,6,9,15,0,0,1,0,0,6,0,1,0,0,0,0,5,8,149,5,210,0,798,0,1,0,5,0,0,0,1,0,36,1,1,7,11,1,1,64,0,0,0,2,153,1,4,0,0,4,4,0,0,1,0,728,1,2,6,347,239,3,391,0,2,54,0,0,17,590,0,7,0,0,0,0,28,0,4,0,0,0,0,1,64,0,2,2,0,1,7,1,265,2,2,3,3,0,4,2,0,1,2,1,2,0,141,0,16,557,0,538,0,0,0,0,2,0,14,0,1,128,0,0,0,0
"ENSG00000250682.6",0,0,0,0,0,0,12,1,0,0,0,0,0,143,24,0,0,111,0,0,0,0,0,0,15,0,6,19,34,78,0,0,0,3,15,0,38,0,0,0,0,0,8,0,0,0,0,0,0,97,0,29,0,2,0,0,0,0,2,0,0,99,0,35,0,0,0,0,0,0,1,0,0,0,0,0,0,0,39,43,19,42,1,0,88,0,0,1,1,0,2,52,35,0,0,0,0,7,83,127,0,0,0,0,0,0,0,0,189,106,0,0,0,30,2,5,0,0,23,9,0,6,81,0,0,0,0,5,0,7,7,0,68,0,0,1,0,0,2,0,0,0,68,0,0,1,0,0,4,1,0,0,0,46,0,0,0,0,60,119,2,0,11,0,0,27,28,0,0,157,46,10,2,91,0,0,0,48,0,2,0,0,1,0,0,0,0,0,0,78,0,36,0,96,55,35,0,0,0,0,0,0,0,269,0,28,52,2,0,0,1,0,9,128,193,0,0,0,24,78,0,50,0,0,0,0,0,7,0,0,0,3,0,0,0,12,0,0,0,21,1,0,0,0,0,0,0,0,0,0,0,0,0,7,0,0,0,2,18,32,2,0,25,93,0,0,0,1,149,0,0,0,92,0,0,0,27,0,0,22,157,3,43,1,0,2,0,0,0,0,0,0,0,0,0,202,32,0,0,0,0,0,85,0,2,0,0,0,0,0,14,0,2,1,0,0,71,0,0,0,0,0,0,1,0,0,0,0,0,0,50,0,5,0,0,1,0,12,0,0,1,0,1,0,95,5,38,0,22,0,0,56,0,54,0,1,0,0,4,0,8,0,0,4,0,1,0,0,0,4,0,16,0,0,217,0,0,0,0,93,47,39,0,0,0,0,0,2,0,0,26,0,0,0,0,0,2,98,0,0,0,0,0,1,10,1,17,63,0,0,0,0,0,0,0,0,7,1,14,0,0,0,0,0
"ENSG00000250696.5",438,0,0,135,80,33,42,1,54,35,29,18,212,179,142,24,151,292,210,39,51,6,203,10,36,249,6,144,5,220,9,159,85,70,12,234,49,121,520,244,0,143,256,261,46,35,43,17,3,56,55,116,40,8,9,113,3,45,45,30,11,31,193,49,25,50,110,101,168,22,211,258,46,4,14,26,65,72,20,15,137,299,198,62,112,178,53,26,68,15,232,85,42,365,25,15,30,49,20,21,25,15,113,74,105,62,50,23,22,22,86,10,232,38,181,32,534,7,48,130,33,57,13,96,184,12,4,7,50,301,101,13,397,28,204,17,78,9,47,21,7,28,247,14,140,211,68,216,4,34,6,31,61,77,35,620,22,203,120,80,43,42,44,65,3,26,258,93,10,331,5,264,133,270,18,28,48,3,43,97,9,31,72,191,31,73,23,67,31,26,113,0,390,100,8,12,24,132,40,46,55,85,65,64,9,354,15,138,11,40,252,20,177,7,97,21,34,2,61,287,25,33,19,26,77,6,574,551,78,57,276,55,44,88,9,29,13,37,23,17,95,184,15,43,196,36,60,4,216,441,24,15,5,240,12,66,16,4,19,313,130,66,77,136,7,141,169,17,50,14,83,13,287,8,140,17,92,1,12,31,40,21,67,3,157,20,4,87,5,75,17,177,17,123,53,92,426,92,5,355,100,4,2,10,81,25,14,72,55,29,112,24,64,145,299,130,7,20,48,112,163,17,12,31,42,51,8,79,18,9,44,12,74,28,184,6,152,63,86,10,5,80,334,8,50,16,32,44,7,11,6,32,56,75,140,16,75,4399,44,210,46,7,141,253,3,58,240,62,13,32,5,364,142,43,79,32,156,10,8,28,0,46,21,2,28,104,49,24,38,66,139,49,9,77,29,10,74,6,72,22,207,23,210,112,263,0,70,44,1,12,212,9,37,38,66,1,3,0,57,31,10,1,33,10
"ENSG00000250697.2",0,0,67,0,0,1,0,0,0,1,0,0,0,4,1,0,0,1,0,0,0,0,3,0,23,2,0,0,0,6,0,0,0,0,0,2,1,0,0,0,0,1,0,2,0,0,0,1,0,1,1,4,0,7,0,0,0,0,1,0,0,18,0,0,1,0,0,1,0,0,5,0,0,0,0,1,0,0,0,0,22,1,0,0,1,0,0,0,5,0,2,0,0,0,0,0,17,0,1,0,0,1,0,0,1,0,0,0,69,0,2,2,1,0,0,0,2,0,0,1,0,2,4,0,1,0,1,1,0,3,0,1,0,0,0,0,0,0,0,0,0,0,3,1,0,0,0,0,1,0,0,0,0,0,1,0,0,0,0,1,0,3,0,0,0,0,1,0,0,0,1,1,1,2,0,0,0,11,1,1,0,0,0,0,19,0,0,0,1,0,0,3,0,2,2,0,1,0,0,0,0,0,0,3,0,0,2,0,4,0,0,2,0,0,1,4,1,0,0,2,0,1,0,0,0,0,2,0,0,0,0,0,0,1,0,0,0,1,0,1,0,0,1,0,3,4,0,2,1,2,0,0,0,1,1,1,0,0,1,2,25,1,0,1,0,0,1,0,6,0,0,0,35,0,0,0,1,0,0,1,0,0,1,0,0,2,0,0,0,0,0,0,0,4,0,2,7,0,1,1,1,0,0,0,2,0,1,0,0,3,0,0,1,0,0,2,0,0,1,0,0,1,0,4,0,1,0,0,0,0,0,0,0,0,0,0,0,0,1,1,0,1,0,0,0,12,0,1,0,1,0,82,0,43,0,0,0,0,0,0,14,1,0,0,4,1,0,0,0,0,0,0,0,0,4,0,0,0,0,0,1,0,1,0,0,0,0,0,0,0,0,0,0,0,0,0,2,0,0,0,0,0,0,0,7,55,1,0,0,1,0,0,0,0,2,0,0,0,1,3,0,2,0,1
"ENSG00000250708.2",0,0,3,0,0,0,0,0,0,0,0,2,0,3,68,0,0,0,0,0,0,0,0,0,1,0,0,5,0,1,0,0,0,119,0,0,1,0,0,0,0,0,0,0,1,0,0,0,0,0,0,3,0,3,0,0,0,0,0,0,0,1,1,0,0,0,0,0,0,0,1,0,1,0,0,0,0,0,0,2,3,17,0,0,1,0,1,0,0,3,1,2,0,1,0,0,0,4,1,0,0,0,0,0,0,8,7,0,41,0,0,0,1,0,0,4,0,0,0,2,0,1,1,0,10,0,0,1,0,0,3,0,3,0,0,0,0,0,0,0,0,0,4,1,0,0,3,0,0,1,0,0,0,0,2,0,1,0,1,1,1,0,0,0,0,265,371,0,0,4,0,28,0,33,0,3,0,4,1,0,0,0,0,1,2,0,1,0,0,6,0,1,0,0,82,0,0,0,0,0,0,54,0,466,0,0,0,4,1,0,1,0,0,0,0,2,0,0,0,311,0,16,0,0,1,0,0,0,0,2,0,0,0,0,11,0,9,0,0,0,1,0,0,0,0,2,106,0,0,0,0,0,0,48,0,0,0,0,0,1,13,296,0,0,1,1,0,1,327,0,0,0,0,0,0,0,0,0,0,0,481,2,0,1,0,0,0,0,0,0,0,0,0,0,0,0,3,0,1,0,0,0,2,0,1,0,0,0,1,0,86,0,0,0,0,0,0,0,0,0,0,2,0,0,1,0,0,0,0,0,0,0,1,0,0,0,0,0,0,0,1,0,1,0,0,2,0,1,0,0,0,0,0,2,0,0,0,0,0,0,223,0,0,0,0,119,0,0,0,0,0,0,0,0,0,0,279,1,0,75,9,247,1,0,0,0,0,5,0,0,0,0,0,0,0,0,0,0,2,0,0,0,0,0,3,4,0,0,17,0,0,0,0,1,0,0,32,2,0,0,0,0,0,0
"ENSG00000250753.2",0,0,0,0,0,0,4,2,0,1,0,6,0,27,1,0,0,4,0,0,2,0,17,0,8,0,1,3,4,5,0,0,5,0,1,0,11,0,10,3,0,0,5,0,0,0,0,1,0,0,7,5,0,6,11,8,0,0,0,0,1,0,0,1,5,0,0,2,0,0,51,0,7,0,4,0,0,0,2,2,7,14,0,0,11,1,0,6,0,20,0,7,7,0,0,0,0,7,10,0,0,0,0,1,0,0,1,0,11,11,0,0,1,7,0,4,0,7,0,13,2,6,0,0,4,0,0,7,0,0,3,0,2,0,10,0,0,0,1,1,0,0,0,0,0,10,0,0,0,0,2,0,0,7,0,0,5,0,5,5,4,0,0,0,0,1,9,0,0,1,0,2,0,20,0,0,0,23,0,1,0,0,3,9,8,1,0,0,10,4,3,0,0,0,1,5,0,3,0,0,1,0,0,24,0,17,0,0,1,4,0,0,0,6,8,9,0,0,3,8,0,9,0,0,0,0,9,0,0,0,0,0,0,0,0,9,0,0,0,0,0,0,4,0,0,0,15,0,0,16,4,0,1,0,0,0,0,0,4,19,9,6,2,2,0,0,0,1,15,1,1,0,22,0,0,0,3,0,0,11,8,1,3,0,6,0,0,0,0,2,0,0,7,11,0,4,4,0,11,1,0,0,0,0,44,0,0,0,2,3,16,0,15,0,0,14,7,0,0,4,0,0,0,0,0,1,0,3,3,0,3,0,13,0,1,0,0,0,0,0,0,2,5,0,1,9,0,0,0,0,0,0,0,18,4,0,0,0,10,0,2,0,4,0,0,0,0,1,0,2,0,14,0,4,6,4,10,0,0,20,2,6,0,0,0,0,0,11,5,0,3,0,0,0,0,0,13,10,1,1,3,1,0,0,3,0,5,4,8,0,1,2,0,0,4,0,8,0,0,0,2,9,0,0
"ENSG00000250775.2",0,0,0,0,0,0,0,0,0,0,0,0,0,136,12,0,0,20,0,0,0,0,0,0,7,6,0,5,1,19,0,0,12,3,5,0,5,0,0,0,0,0,8,0,0,0,0,2,0,0,0,3,0,2,0,0,0,0,0,0,0,2,0,0,1,0,0,0,0,0,46,0,1,0,0,0,9,0,1,6,10,4,0,0,2,0,0,5,0,0,0,25,5,0,0,0,0,12,9,2,0,0,0,0,0,0,0,0,5,12,0,0,0,0,0,6,0,0,64,4,0,0,0,0,1,0,0,0,0,89,2,0,7,0,0,0,0,0,1,0,0,0,3,0,0,2,2,0,0,1,0,0,1,1,0,0,0,0,1,0,0,0,1,0,0,0,0,0,0,9,0,0,0,10,0,3,1,15,0,25,0,0,0,0,1,0,0,0,0,0,0,0,0,0,0,0,0,0,0,0,0,0,0,17,0,5,0,0,2,0,0,0,1,10,0,0,0,0,0,0,0,0,0,0,0,0,0,4,0,1,0,2,0,0,0,2,0,0,0,1,0,0,0,0,0,0,7,0,0,0,0,0,0,0,0,0,0,0,3,0,8,0,0,27,0,0,0,0,0,0,3,0,1,0,0,0,28,0,1,0,1,1,5,0,0,0,0,0,0,1,0,0,0,3,0,8,10,0,0,0,0,0,36,0,0,0,0,2,1,9,2,0,0,0,0,0,20,0,0,2,0,0,0,0,0,0,0,0,2,0,1,0,0,0,0,0,0,0,0,0,0,2,0,0,0,5,1,0,0,0,0,3,0,5,0,0,0,0,0,0,0,0,0,0,0,0,0,0,0,1,0,3,0,0,7,0,1,0,0,0,0,0,0,0,0,20,0,0,0,0,0,0,0,0,1,0,3,2,0,0,0,0,0,0,0,0,1,31,0,0,0,0,0,0,1,0,2,382,0,0,0,0,0,0
"ENSG00000250803.6",9,2,110,42,15,9,495,0,15,23,3,4,2,4,13,23,41,0,2,15,7,0,0,2,16,0,6,3,272,1,0,1,3,0,2,0,10,11,6,42,117,23,1,0,1,426,19,0,1,16,20,0,0,0,2,2,24,10,36,0,8,0,4,35,0,0,2,4,6,2,1,1,1,0,5,2,5,178,4,17,9,55,13,14,16,4,10,15,117,116,8,3,15,9043,10,1,1,1,152,4,0,45,45,9,8,11,4,0,8,23,1,10,5,0,0,1,4,4,8,12,8,77,4,47,0,10,8,5,12,1,2,1,2,15,3,2,70,21,3,0,8,24,3,9,9,9,612,4,33,0,1,1,0,11,8,87,16,1,31,18,20,0,1,5,35,28,1,21,2,0,3,10,1,4,1,5,4,4,2,0,0,1,0,0,4,1,0,7,16,25,18,34,2,5,45,26,4,2,3,0,4,1,0,5,0,111,0,0,44,2,1,1,7,1,0,1,16,2,1,330,4,1,208,2,1,8,4,4,220,8,16,40,25,4,476,1,5,1,0,4,2,11,109,3,4,8,29,15,99,15,2,35,3,4,0,5,0,68,12,2,108,16,0,20,0,964,113,1,2,64,4,0,1,0,1,13,0,5,6,2,0,11,6,59,4,5,0,5,10,17,3,5,52,350,0,2,0,0,151,7,22,34,12,1,117,23,80,14,3,9,22,2,8,9,2,1,0,0,3,0,1,17,0,0,4,2,1,5,42,24,6,0,24,12,2,0,1,0,13,64,43,7,6,68,0,0,58,59,57,0,2,249,2,1,7,2,0,397,3,153,19,1,20,13,54,7,49,0,2,15,14,4,443,15,0,31,0,1,8,3,33,1,24,1,20,2,2,14,67,1,16,29,1,7,8,2,11,8,2,0,13,195,27,26,23,12626,2,11,240,19,4,5,6,15,0,2,0,9,36,0,1,49,6,0
"ENSG00000250820.1",0,0,0,0,0,2,0,0,0,0,0,2,0,0,0,0,0,0,0,0,1,0,7,0,0,3,0,0,0,0,0,6,0,0,0,0,19,1,0,0,0,0,0,3,0,0,0,0,0,0,1,1,0,0,0,2,0,0,0,1,1,0,31,0,1,0,0,0,0,0,0,1,6,0,0,0,0,0,0,0,4,0,0,0,0,1,0,0,0,0,0,1,0,0,0,0,0,0,1,1,0,0,0,0,0,0,0,0,2,0,4,1,0,0,0,0,0,0,0,0,0,0,0,0,2,0,0,1,9,6,0,0,0,0,4,0,0,0,0,0,0,1,0,0,0,33,0,0,0,0,0,0,1,0,0,2,0,0,0,0,2,0,0,2,0,0,2,0,0,0,0,0,128,0,0,0,0,0,0,25,0,16,0,0,0,0,2,5,1,0,0,0,0,0,0,0,0,0,1,9,0,0,0,0,0,0,0,3,2,1,0,3,0,0,0,0,0,1,0,0,0,0,0,1,0,0,0,9,0,1,0,0,0,0,0,0,0,4,0,0,3,1,0,4,0,0,0,0,0,6,0,0,0,0,0,2,0,0,0,1,1,0,0,0,0,1,0,0,0,0,2,0,0,0,3,0,0,1,0,2,2,0,0,0,2,0,0,1,0,0,0,0,0,0,0,0,4,6,0,0,0,0,0,0,0,0,0,0,1,0,6,0,1,20,0,1,0,0,0,0,0,0,0,0,12,0,0,54,0,0,1,0,1,0,17,0,6,16,0,0,0,30,2,0,0,0,0,0,0,0,0,0,2,0,0,0,0,0,0,0,0,0,10,0,0,1,4,0,0,0,7,0,0,0,1,0,0,0,0,1,0,0,0,0,0,0,0,0,0,0,0,0,0,3,0,0,3,0,2,0,0,0,0,4,0,1,0,0,0,2,2,0,0,0,0,0,0,0,0,1,0,0,0,0
"ENSG00000250829.2",0,0,0,0,0,1,0,3,0,1,0,0,1,17,0,0,1,0,0,0,2,0,2,0,0,0,0,9,0,0,0,0,0,7,0,0,384,0,0,1,0,1,0,3,0,0,0,0,0,0,0,0,0,0,0,0,1,0,572,0,37,4,0,0,0,1,2,2,0,0,0,0,0,0,0,0,0,1,0,0,2,0,0,2,0,0,0,0,0,0,2,3,0,0,3,0,0,1,1,0,0,2,0,0,0,2,3,0,1,0,4,1,1,0,0,3,0,0,1,24,1,4,1,1,0,0,0,6,0,0,0,0,1,0,0,0,1,0,0,0,0,0,0,1,1,0,1,4,0,0,0,0,0,0,0,50,1,0,59,3,5,1,3,0,0,2,2,0,4,1,5,0,0,0,1,0,0,1,0,2,0,1,0,0,0,4,9,0,0,1,0,0,0,1,2,0,0,0,0,0,1,2,0,0,0,0,1,1,0,0,8,1,1,45,0,0,15,0,1,7,0,0,0,1,0,0,117,0,0,11,0,0,0,0,0,0,0,1,1,0,0,0,5,0,0,0,0,0,41,0,0,0,0,1,0,0,0,0,3,5,0,3,0,0,1,0,0,0,9,0,0,0,0,1,0,0,0,0,0,0,1,2,0,1,1,0,0,0,0,16,0,2,0,0,0,1,11,1,0,0,3,1,0,0,0,0,0,0,2,0,0,0,6,3,237,0,1,1,0,0,0,1,0,0,1,0,0,2,0,0,4,0,0,0,8,1,3,2,0,1,0,0,1,0,1,23,1,0,0,0,0,0,0,0,0,0,0,0,0,2,215,0,3,0,0,1,0,0,0,0,0,0,9,0,0,0,9,0,0,0,0,3,2,0,2,0,0,3,0,0,0,8,0,0,1,0,20,0,1,0,0,0,3,0,3,3,0,1,3,1,0,0,1,0,0,0,0,5,0,0,0,1,0,1
"ENSG00000250838.1",0,0,0,0,0,0,0,0,0,0,3,0,0,0,0,0,2,0,0,0,0,0,0,0,0,0,0,0,1,0,0,0,7,0,1,0,0,2,0,0,0,1,3,19,0,0,0,0,0,0,0,0,0,22,0,0,0,3,0,1,0,0,0,0,0,0,0,0,0,0,6,0,0,0,0,0,0,0,26,8,3,0,0,0,0,0,0,17,0,0,0,0,4,0,6,0,0,1,36,0,0,0,0,0,0,20,0,0,19,9,0,0,0,0,1,0,0,6,0,157,0,0,0,0,0,0,0,0,0,0,0,0,4,0,1,0,0,0,0,0,0,0,0,1,0,0,1,0,5,0,0,0,0,0,0,0,0,0,1,0,0,0,0,0,9,0,3,7,0,9,0,0,0,0,1,0,0,84,0,8,0,0,0,0,0,0,0,0,0,0,0,8,0,0,0,3,0,0,0,1,0,0,0,0,0,0,0,0,0,0,0,0,0,0,0,0,0,0,0,0,0,0,0,0,0,0,0,0,0,0,0,0,0,2,0,7,0,0,0,0,0,0,0,0,0,40,0,0,0,0,0,0,0,0,0,0,0,1,22,0,0,0,21,19,0,0,0,0,0,0,0,0,34,0,0,1,19,0,0,0,0,8,0,0,0,1,0,0,21,1,0,0,0,0,1,28,1,2,0,0,0,0,49,0,2,0,0,0,1,25,0,0,0,4,0,0,15,5,0,0,0,0,0,0,0,0,0,0,3,0,0,0,0,1,0,0,0,0,12,0,0,0,0,0,2,0,0,1,13,0,0,0,0,0,0,0,0,0,0,1,0,0,7,9,0,0,0,5,0,0,0,0,3,21,0,0,0,0,0,0,0,0,0,0,0,0,0,3,0,0,4,0,0,0,0,0,0,42,0,0,0,0,0,0,0,0,7,7,0,5,0,0,0,0,0,0,0,6,0,0,0,0,0,0
"ENSG00000250863.2",0,0,8,2,0,0,1,2,1,3,2,3,0,5,0,0,0,3,6,0,0,0,4,0,0,4,0,1,0,5,6,0,0,1,0,0,0,0,0,20,2,0,14,7,1,1,3,2,0,6,0,11,0,4,4,4,7,1,7,0,4,3,6,0,2,1,1,1,1,5,5,19,2,0,2,0,0,0,1,2,5,3,0,1,1,0,4,3,46,2,4,4,0,3,1,0,7,21,1,0,3,0,6,9,0,1,4,0,2,0,0,0,1,2,1,8,3,5,1,1,2,0,0,10,15,0,0,9,2,1,1,0,7,8,1,0,3,0,2,5,0,0,1,0,0,3,5,2,6,2,0,0,0,2,1,9,3,2,2,4,1,3,2,0,0,3,1,3,15,3,0,6,12,7,2,0,0,3,0,8,0,14,6,6,3,0,1,15,5,0,2,0,7,9,1,0,0,9,7,20,0,6,0,3,0,4,1,0,0,3,1,0,0,4,1,0,4,2,0,11,0,2,3,2,0,0,2,5,6,13,0,14,3,1,2,13,0,2,2,0,8,2,4,0,5,0,1,3,8,3,0,2,0,2,0,3,0,1,6,1,4,2,2,0,0,4,0,0,2,0,5,0,3,0,10,0,7,0,10,0,4,1,0,0,4,3,0,0,7,2,0,0,0,8,1,3,2,6,20,2,1,9,4,0,0,3,2,0,0,0,6,0,2,1,2,1,2,3,11,3,4,2,0,1,0,8,0,5,8,0,0,0,1,1,0,0,2,4,2,3,0,6,5,0,0,2,8,3,1,0,0,0,1,1,0,0,7,0,3,0,4,6,1,3,0,4,0,2,2,4,4,15,2,7,1,1,1,1,2,6,1,0,0,1,0,0,0,0,4,0,3,0,0,1,0,0,10,0,1,0,2,1,1,2,0,0,0,3,0,16,1,0,7,2,10,0,3,2,0,0,0,0,1,1
"ENSG00000250874.1",0,0,0,0,0,0,6,0,0,0,0,0,0,64,88,0,0,4,0,0,0,0,3,1,29,0,0,40,5,57,0,0,13,0,0,0,11,1,0,0,0,9,0,0,0,0,0,24,0,0,0,68,0,44,0,0,0,0,8,0,0,58,4,2,0,0,0,0,1,0,18,0,9,0,0,0,23,0,13,6,46,12,0,0,39,0,0,7,0,0,0,2,10,0,0,0,0,20,16,0,22,0,0,0,1,0,0,0,19,0,1,0,0,34,0,0,0,0,5,59,11,33,0,0,0,0,0,8,0,29,0,0,45,0,0,0,0,0,13,23,0,0,26,0,0,118,27,0,6,0,0,0,1,13,2,0,2,0,2,55,0,0,0,0,0,21,8,0,0,74,0,7,0,89,0,0,0,25,0,19,0,5,8,0,27,0,2,0,1,29,0,0,0,29,2,42,0,0,0,0,2,0,0,124,0,40,0,0,7,14,0,3,9,34,28,7,0,0,0,22,0,35,0,0,0,0,1,79,1,0,0,9,0,0,0,11,0,0,21,0,0,0,0,0,0,0,5,0,0,0,0,0,0,0,0,0,0,0,0,48,26,42,0,52,0,0,0,1,140,0,18,0,29,0,0,0,17,0,0,9,51,6,3,0,0,0,0,0,0,10,0,6,0,2,0,22,60,5,0,0,0,1,0,0,0,0,0,3,31,32,0,0,22,0,0,4,3,4,0,14,0,0,0,0,0,0,0,0,1,0,18,0,0,0,0,0,0,22,0,0,0,0,0,0,32,30,1,0,2,0,1,38,0,41,0,0,0,0,0,0,10,1,0,0,0,0,0,8,0,3,0,0,0,14,22,0,39,0,0,50,12,5,8,0,0,23,0,0,0,0,0,0,0,0,0,0,23,0,3,0,0,30,0,0,1,0,15,19,0,0,0,9,0,0,5,0,17,0,3,0,0,0,0,1
"ENSG00000250891.2",1,0,11,2,0,2,0,2,1,4,0,0,1,6,9,0,0,26,0,2,1,0,3,1,1,1,0,1,0,0,2,20,0,0,0,0,2,0,0,0,0,5,2,1,0,0,1,2,2,3,0,2,0,0,0,0,0,1,15,0,1,1,1,0,1,0,1,0,2,3,59,1,0,0,2,0,2,1,0,8,4,1,0,1,6,7,0,1,0,1,0,23,1,1,0,0,0,3,2,0,0,1,1,0,3,9,1,0,20,2,2,1,5,0,3,2,1,0,8,6,1,0,0,1,0,0,0,2,0,28,3,0,32,1,0,0,2,0,3,0,0,0,13,1,0,0,12,0,1,0,0,0,0,28,0,0,7,1,16,3,1,0,3,2,4,0,2,1,0,4,0,4,1,3,1,0,12,6,1,0,0,19,0,1,0,2,0,0,0,4,0,28,0,4,0,0,0,2,0,0,0,1,0,1,0,2,0,0,2,3,0,1,12,10,1,1,1,0,2,40,1,0,0,0,0,1,10,0,4,1,0,2,0,0,0,1,0,1,0,12,0,1,0,1,1,7,1,2,0,1,2,0,0,12,0,0,0,1,0,14,1,0,1,3,0,1,1,0,0,0,0,0,1,0,1,0,0,0,1,3,2,3,1,0,1,0,0,1,1,2,0,0,0,2,1,9,8,1,7,2,0,9,8,1,0,1,0,1,4,1,0,0,0,2,0,4,2,2,2,4,0,13,0,2,0,1,0,2,2,0,2,0,2,1,1,0,0,0,1,0,0,0,3,2,0,2,21,3,1,0,0,7,1,2,0,0,0,2,0,4,0,1,0,3,1,3,53,0,0,1,0,2,0,3,1,1,10,1,1,3,6,1,6,0,1,3,0,1,0,0,0,0,2,0,0,1,3,0,1,0,1,0,2,0,0,3,1,1,0,0,1,2,0,0,2,0,2,1,0,0,0,1,0,0
"ENSG00000250971.3",3,0,6,0,1,0,0,0,0,0,2,0,0,2,1,0,3,0,0,0,0,0,1,0,0,0,0,2,0,0,1,0,0,10,0,1,58,0,0,0,0,0,0,2,3,0,0,0,0,0,2,0,0,0,0,1,0,0,92,0,9,1,0,0,0,0,3,3,1,3,2,5,0,0,1,0,0,4,0,1,1,0,0,3,0,0,3,0,4,0,0,4,0,14,0,0,2,1,0,2,1,0,2,0,0,1,0,0,0,0,1,0,6,0,0,0,0,0,2,6,0,3,2,0,0,0,5,0,2,0,1,0,0,1,1,0,1,0,0,0,0,3,1,0,2,0,1,0,0,0,0,0,0,0,2,1,0,3,1,0,7,0,1,1,0,1,0,0,0,0,0,1,0,0,0,0,0,0,0,0,0,2,0,0,1,0,2,2,0,0,0,0,0,0,0,1,0,0,0,0,0,0,0,0,0,0,0,0,3,0,0,0,0,1,2,1,89,0,2,1,0,0,0,1,1,0,112,0,0,4,0,0,8,0,0,1,1,1,0,1,5,4,7,0,0,0,0,3,41,0,0,0,1,0,0,0,0,1,0,1,0,1,0,0,0,1,0,0,5,1,0,0,0,0,0,0,0,0,1,0,0,0,2,1,1,0,0,0,0,0,1,0,3,0,0,0,0,0,0,0,0,1,5,1,0,1,1,0,0,0,2,2,0,0,241,0,0,0,13,1,0,0,0,0,3,3,1,0,2,0,0,0,1,0,4,0,2,0,0,0,0,1,2,0,1,1,0,0,0,1,0,0,1,0,0,0,1,0,0,1,23,0,3,1,0,1,0,0,0,0,0,1,0,0,0,0,1,0,1,0,1,1,1,0,0,0,1,0,1,0,0,3,0,1,1,0,4,0,8,0,0,0,3,1,2,7,1,0,1,0,0,0,0,1,0,0,0,4,0,0,0,0,1,0
"ENSG00000250974.4",0,0,0,0,0,0,0,0,0,0,0,2,5,65,7,0,0,5,0,1,1,0,0,1,0,0,0,11,0,24,0,0,29,1,0,1,4,0,0,3,0,0,0,37,0,0,0,4,0,0,0,19,0,2,0,0,0,0,0,0,0,4,0,0,0,0,0,0,1,0,29,1,0,0,0,1,0,0,0,6,50,14,0,0,0,0,0,1,0,0,0,4,0,0,0,0,0,0,0,0,0,0,0,0,0,0,0,0,18,0,0,0,0,3,2,1,0,2,16,27,0,7,0,0,0,0,0,2,0,0,0,0,1,0,0,0,2,0,0,0,0,0,1,1,1,36,3,0,0,0,1,0,0,5,1,0,0,0,0,27,0,0,0,0,0,2,1,0,0,44,0,18,0,21,0,0,0,2,0,31,0,0,2,0,0,0,0,0,0,0,0,2,0,20,3,0,0,0,0,0,9,0,0,43,0,4,0,0,4,0,0,0,1,47,0,0,1,0,0,3,0,3,0,0,0,0,0,0,0,0,0,9,0,0,2,15,0,0,1,5,0,0,0,0,0,0,0,0,0,0,0,0,0,0,0,0,0,0,0,0,31,9,0,1,0,0,0,0,35,0,8,0,5,0,0,0,17,0,0,0,2,0,0,0,0,0,0,0,2,0,0,0,0,4,0,35,2,0,0,0,1,0,7,0,2,0,0,0,21,19,0,0,3,2,0,10,45,0,0,2,0,0,0,0,0,0,0,0,3,0,14,0,0,0,0,0,0,0,1,0,0,0,0,0,1,7,0,0,0,0,0,2,0,0,0,0,0,0,0,0,1,0,0,0,0,0,0,0,1,3,0,0,0,0,43,0,21,2,0,0,0,0,29,0,0,7,0,0,0,0,0,2,0,0,0,0,5,1,1,0,0,1,0,0,4,1,1,45,0,0,0,1,0,0,6,0,3,1,2,0,0,1,0,0
"ENSG00000250986.1",29,1,70,7,60,4,0,0,4,465,403,1,3,2,8,20,4,0,0,37,14,0,7,1,2,0,1,2,8,14,327,56,3,3,1,16,17,3,1,7,0,44,58,23,5,9,6,0,1,13,0,1,3,219,242,1,22,8,3,0,9,2,4,3,1,0,5,8,0,3,711,3,4,1,5,9,38,5,108,17,85,3,2,45,1,4,7,1,18,1,125,5,13,1,36,1,44,13,534,7,11,0,4,36,17,14,0,2,85,17,14,3,7,0,11,1,136,2,1,26,3,0,3,8,3,0,2,2,3,24,6,2,5,10,12,6,152,2,0,1,5,159,35,5,62,0,8,18,1,21,1,8,0,0,4,21,0,7,122,66,1,17,1,95,179,3,33,66,0,8,7,3,2,2,18,9,5,456,29,43,0,26,59,2,66,0,14,4,1,0,12,1,0,12,2,13,4,4,0,5,3,0,56,3,2,8,4,16,16,0,7,42,15,4,11,109,30,0,17,1,0,4,2,3,12,7,8,0,0,85,1,3,8,18,2,38,1,2,0,1,13,4,51,1,37,32,1,27,11,0,4,0,11,27,2,2,8,8,113,1,1,3,1,26,1,54,15,5,0,1,2,1,1,4,5,1,37,1,10,0,1,46,1,3,40,7,0,12,13,19,6,2,25,44,189,50,4,35,0,114,8,8,3,6,1,4,3,6,2,67,8,143,0,4,15,131,90,45,42,10,41,142,5,67,5,4,4,34,167,1,290,7,12,13,12,2,165,0,480,5,3,2,20,76,0,1,13,24,0,6,20,14,2,29,14,2,165,214,0,0,2,5,3,57,687,13,0,0,2,4,1,58,2,122,0,4,0,2,9,1,0,8,2,4,12,0,46,4,0,1,25,4,4,51,10,8,20,93,75,0,2,1,32,18,3,4,0,0,0,6,12,3,8,1,13,6,3,2,198,10,6,0,320,2
"ENSG00000251003.9",6,0,258,99,9,4,231,6,5,12,6,4,2,1560,2497,9,6,633,2,10,15,11,297,170,9,5,4,181,75,1095,11,85,674,14,308,5,696,24,10,11,0,25,7,512,22,0,0,798,5,8,5,363,13,112,4,63,8,4,6,2,6,505,1,10,4,1,4,9,61,3,778,577,401,0,3,5,143,13,2,104,681,13,165,9,147,7,276,243,28,256,7,1033,0,297,3,0,15,13,58,81,14,14,5,5,10,8,4,11,256,2,5,15,21,36,4,146,4,2,209,1405,241,186,1,8,676,12,9,41,1,674,60,4,1208,24,2,12,9,8,1,54,4,27,1162,11,8,976,671,3,34,6,5,2,2,35,117,92,48,6,668,149,23,2,4,6,5,61,482,181,3,7,0,421,109,169,4,0,946,364,6,140,4,7,196,17,61,226,22,20,3,4,2,535,0,317,20,1,12,140,0,63,34,8,10,1,5,837,7,8,128,4,9,10,2350,150,7,12,6,7,321,750,6,203,2,392,6,5,29,380,69,320,9,43,13,11,10,363,12,6,80,169,34,470,36,156,4,226,87,3,14,6,12,357,1,597,0,8,8,16,613,2,287,11,9,12,9,7,3,9,6,2,987,4,1155,6,158,0,29,1,3,113,118,739,175,11,2,2,12,8,1,236,36,179,8,621,3,804,675,9,17,9,13,6,286,5,163,1,5,73,686,9,52,10,398,15,10,8,303,6,28,320,8,9,2,9,164,5,9,5,493,9,564,5,259,3,1084,4,167,154,1,48,5,93,143,3,122,101,4,0,115,8,4,395,6,406,3,6,6,0,13,1,85,0,144,5,31,1,98,102,8,252,1,49,23,289,466,9,1020,23,5,188,7,33,36,0,2,365,9,170,32,0,3,3,0,9,3,2,305,6,16,2,194,0,2,2,928,574,608,2881,45,30,330,80,6,2,242,0,2,351,8,12,6,2,11,7
"ENSG00000251026.2",42,0,0,9,0,4,16,0,0,3,0,205,259,173,78,2,1,85,136,0,0,0,9,52,72,48,26,90,27,99,6,53,35,7,32,0,79,0,62,67,6,1,1,311,1,0,0,26,1,0,3,105,0,65,339,79,0,0,87,0,0,58,249,6,1,0,12,197,21,0,44,1,41,0,0,0,73,2,97,75,333,60,0,0,72,0,4,25,0,1,0,88,55,70,0,0,0,43,88,1,0,0,0,0,0,149,81,0,69,70,23,0,0,54,0,53,0,44,184,271,84,64,0,0,4,0,1,36,0,44,28,0,139,1,0,0,2,0,14,14,0,4,60,0,0,150,64,0,57,1,0,0,1,77,9,13,68,0,339,68,21,0,13,0,0,24,36,9,0,52,30,78,23,384,0,118,43,168,0,64,0,117,99,29,224,3,50,0,31,58,7,10,0,146,31,48,0,5,0,0,55,0,0,200,0,133,0,0,14,44,0,0,132,134,92,0,9,0,23,151,0,95,2,0,0,0,14,57,3,200,0,19,20,59,54,41,0,88,12,73,0,6,0,0,0,20,31,0,0,130,5,0,0,119,0,0,0,0,83,186,102,89,4,174,0,0,0,1,185,0,68,0,131,0,15,1,44,0,0,10,138,41,27,2,116,5,0,0,0,10,0,0,0,116,1,124,84,216,0,0,0,10,120,0,35,1,0,8,100,86,163,0,229,7,27,50,128,0,1,32,0,3,0,0,36,1,0,2,50,0,582,0,13,0,262,0,74,1,0,0,0,44,15,0,40,59,49,0,36,0,2,123,0,87,7,0,0,0,27,0,23,0,44,61,0,5,9,88,0,16,0,223,12,39,289,0,48,0,0,117,36,63,32,0,0,28,0,74,21,0,31,0,0,0,0,0,144,73,104,0,42,94,1,0,26,0,36,65,17,0,11,5,0,0,18,0,23,3,7,0,0,1,0,0
"ENSG00000251049.2",0,0,0,1,0,0,0,0,0,0,0,0,0,0,0,13,0,0,0,5,0,19,0,1,0,0,0,0,0,0,0,0,0,2,0,0,0,0,0,0,0,0,0,0,33,0,1,0,37,18,0,0,5,0,0,0,2,0,0,0,0,0,0,1,11,0,0,0,0,0,0,1,0,10,20,23,0,0,0,0,0,0,0,0,0,0,0,0,0,0,0,0,0,0,0,8,0,0,0,1,2,12,0,0,3,0,0,12,0,0,0,20,0,0,0,0,0,0,0,0,0,0,53,0,1,4,1,0,0,0,0,6,0,0,0,12,0,33,0,0,8,0,1,51,0,0,0,0,0,0,4,84,28,0,0,0,0,0,0,0,0,0,0,0,0,0,0,0,0,0,0,0,0,0,0,0,0,0,0,0,2,0,0,0,0,0,1,0,0,6,0,0,0,0,0,0,70,0,0,0,0,4,0,0,34,0,50,0,0,0,1,0,0,0,2,0,0,0,0,0,27,1,0,0,16,12,0,0,0,0,0,0,0,0,0,0,34,0,0,3,0,0,3,1,0,0,0,0,0,0,14,0,14,0,26,13,8,0,0,0,0,6,0,0,8,0,0,16,0,23,0,8,0,8,1,0,0,20,0,0,0,0,0,8,0,0,20,0,0,0,6,0,0,0,0,0,0,0,0,0,1,0,0,17,0,0,0,0,0,0,0,0,0,0,0,0,0,0,0,0,0,0,25,0,1,0,15,0,0,3,0,0,5,0,0,7,0,0,1,0,22,0,0,0,0,2,0,0,0,9,28,0,6,0,0,58,0,0,0,0,1,4,0,0,2,0,0,0,0,0,0,0,0,0,0,15,0,21,0,0,42,1,7,2,9,0,0,0,0,2,0,0,6,0,0,0,0,0,0,5,0,0,2,0,0,0,0,0,0,0,2,4,2,3,0,0,0,0,0,3,27,0,0,26
"ENSG00000251056.1",0,0,0,0,0,0,0,0,0,0,0,0,0,1,0,0,0,0,0,0,0,0,20,0,18,58,0,16,0,6,23,0,1,1,1,0,2,0,0,0,0,0,52,12,1,0,0,0,0,0,0,1,0,1,11,2,0,0,0,0,0,0,0,1,1,0,0,0,0,0,14,0,0,0,0,0,0,0,0,37,4,13,0,0,1,1,0,3,0,0,0,5,1,0,0,0,0,0,0,0,0,0,0,0,0,0,10,0,9,7,9,1,0,7,0,4,0,1,1,2,3,1,0,0,3,0,0,0,0,0,0,0,2,0,1,0,0,0,1,0,0,0,0,1,0,2,0,0,0,0,0,0,0,11,0,0,0,0,2,0,0,0,0,0,0,2,0,0,0,10,0,1,2,3,0,0,0,1,0,12,0,0,1,1,0,2,0,0,3,10,0,0,0,0,5,0,0,0,0,0,5,0,0,6,1,1,0,0,0,2,0,0,0,19,0,2,0,0,4,0,0,0,0,0,0,0,11,1,0,0,0,0,0,0,0,1,0,0,0,1,0,0,2,0,0,0,1,0,0,1,0,0,0,0,0,0,0,0,2,7,26,17,0,0,1,0,0,1,1,0,0,0,5,0,0,0,0,0,0,5,1,4,0,0,2,0,0,0,0,0,2,0,0,0,0,0,10,0,10,0,1,0,0,0,0,0,0,0,0,11,1,0,3,0,0,29,0,0,0,3,0,0,0,0,4,0,0,6,0,0,1,0,0,1,3,0,0,1,0,0,0,1,0,0,2,1,0,0,0,0,0,0,1,41,0,0,0,0,0,0,14,0,5,0,0,0,0,0,0,0,0,5,0,0,0,0,58,0,0,1,2,8,0,0,0,0,0,2,3,0,17,0,0,0,0,0,48,16,5,0,10,0,0,0,0,0,1,1,0,0,0,0,0,0,0,0,0,0,0,0,0,1,0,0
"ENSG00000251061.2",0,0,0,0,0,0,0,0,1,0,0,0,0,0,0,0,0,0,0,2,0,0,0,0,5,4,0,0,0,0,1,0,0,2,0,0,0,0,1,0,0,0,0,0,1,0,0,0,1,0,0,0,1,0,0,0,0,0,4,0,0,0,0,1,0,0,0,0,0,0,0,1,0,0,0,6,0,0,0,0,0,0,0,0,0,0,0,0,0,0,0,1,0,0,0,1,0,0,0,0,0,0,0,0,0,0,0,0,0,0,0,0,0,0,0,0,1,0,0,0,0,0,0,0,0,5,0,0,0,0,0,0,0,0,0,8,0,1,0,0,1,0,5,0,0,0,0,1,0,0,0,0,0,0,1,0,0,1,3,2,0,0,0,0,0,0,0,0,0,0,0,0,0,0,0,0,0,0,0,0,0,0,0,0,0,0,0,0,0,0,0,0,0,1,0,0,3,0,0,0,0,0,0,0,0,0,0,0,0,0,0,0,0,0,0,1,0,0,0,16,0,0,0,0,13,0,0,0,0,0,0,0,0,0,0,0,2,0,0,0,0,0,0,0,0,1,0,0,0,0,12,0,0,0,4,0,3,0,0,0,0,1,0,0,7,0,0,0,0,0,0,0,0,1,0,0,0,0,0,0,0,0,0,2,0,0,1,0,0,0,0,0,0,0,0,0,0,0,0,6,0,0,1,1,0,0,0,0,0,0,0,0,0,0,0,0,0,0,0,8,0,0,0,0,0,0,1,0,0,0,0,0,0,0,0,0,0,0,0,0,2,0,0,0,0,1,0,0,0,0,0,0,0,1,0,4,0,0,3,1,1,0,0,8,0,0,0,0,0,0,0,0,0,0,0,0,0,11,0,0,10,0,0,1,0,0,0,0,0,0,0,0,0,0,0,1,0,1,0,8,10,0,25,0,0,1,0,0,0,0,0,0,0,1,0,0,0,0,0,0,2,0,0,3
"ENSG00000251095.7",9,0,10,1,1,24,0,0,0,37,2,3,1,2,1,3,0,1,1,3,1,0,3,0,11,2,0,21,1,50,2,68,3,14,2,55,10,1,0,0,0,5,0,17,5,0,0,152,3,9,0,31,0,0,0,0,1,0,0,0,0,4,0,1,0,0,18,2,0,0,100,6,5,0,1,0,290,0,40,2,9,5,57,0,0,2,2,3,6,37,2,53,5,0,1,0,2,147,824,4,91,0,0,3,0,46,1,0,5,0,4,3,8,94,0,34,0,1,0,27,19,6,11,3,28,0,12,11,3,0,31,1,5,1,2,0,0,0,0,0,0,0,15,6,1,180,13,1,63,2,6,0,0,5,5,0,31,0,0,63,3,4,31,6,2,6,146,0,0,52,1,294,79,1,1,0,6,39,3,3,0,0,18,13,0,1,7,0,0,0,0,0,0,10,45,0,1,199,1,0,1,0,2,0,1,260,87,0,4,0,5,11,0,8,173,12,1,0,0,1645,0,35,1,1,0,1,0,2,3,10,40,0,2,0,2,11,0,0,0,208,5,218,3,0,46,0,77,1,2,38,17,1,0,17,3,0,3,1,5,6,7,2,4,1,0,4,0,4,1,0,5,0,77,1,2,0,420,2,0,0,240,16,0,4,0,20,1,0,1,0,3,2,0,0,0,370,22,2,1,4,1,6,22,0,2,4,0,129,0,1,17,0,0,19,3,12,1,0,11,3,0,3,0,0,49,0,4,0,98,1,0,1,317,3,0,0,1,0,0,5,0,1,38,0,52,71,0,16,1,2,1,144,0,144,1,1,0,133,1,0,0,1,7,0,0,2,0,0,1,34,0,48,133,0,0,0,7,21,0,1116,0,118,0,0,1,76,0,1,0,0,1,0,0,1,0,1,21,191,10,0,16,0,0,0,7,1,18,1,16,0,35,100,1,1,7,0,56,2,1,3,0,0,1,3
"ENSG00000251129.2",0,0,0,8,0,0,96,0,0,3,0,1128,0,1572,231,0,0,789,0,0,0,0,1,1,209,289,0,39,391,624,0,3,35,0,239,0,497,12,1240,1501,0,0,0,8,2,3,0,10,0,0,0,7,1,330,0,40,155,0,1,0,170,372,501,127,0,1,0,1,191,0,536,1,1,1,2,0,1,0,63,165,286,65,4,0,3,1,1,29,0,34,0,707,307,21,0,0,0,639,677,7,0,213,0,1,1,0,5,10,935,1,174,0,9,1,0,294,1,3,27,1436,326,15,0,0,154,0,2,283,0,190,12,0,946,2,6,0,0,17,66,1,0,0,179,1,1,132,117,0,0,0,19,28,9,146,100,1,120,295,604,341,24,0,0,0,0,283,159,0,38,1001,39,4,113,2257,1,1,361,811,1,101,20,1,1,0,2,1,373,0,0,539,278,0,41,35,24,2,0,2,103,0,185,1,2,1877,0,579,0,0,27,0,0,1,388,494,417,1,0,0,231,1843,24,283,3,0,0,0,185,569,0,2,0,56,19,2,0,239,0,0,89,196,87,2,0,1,0,0,244,0,0,454,15,0,14,45,0,1,5,58,142,4,468,113,0,268,0,0,2,68,538,49,359,0,427,0,99,204,420,15,0,3,492,233,26,2,3,0,0,3,0,0,1,0,1,10,0,502,624,14,0,0,0,7,340,17,31,2,0,25,440,266,6,1,12,11,1,2,583,3,0,378,0,4,1,0,40,0,0,1,29,0,715,167,316,1,0,30,2,0,0,0,72,79,53,0,548,616,156,0,260,0,26,13,0,407,1,17,0,2,51,0,33,2,302,0,0,0,1,0,0,117,1,370,21,273,341,0,684,0,0,521,3,27,1,0,0,94,0,19,36,0,0,0,0,2,0,1,3,772,2,0,83,0,1,0,341,0,426,155,45,0,55,9,0,1,0,0,12,78,149,63,0,0,0,1
"ENSG00000251138.7",0,0,0,4,0,9,205,0,0,1,2,64,0,257,470,2,0,2,1,0,0,0,41,2,244,7,0,44,24,307,45,38,85,213,3,0,193,0,1111,384,208,0,0,22,0,0,1,115,1,1,0,115,3,35,42,1,1,0,183,1,2,646,202,73,0,0,129,104,0,1,615,0,0,0,0,0,0,1,29,245,811,150,3,0,88,0,4,44,0,4,0,86,13,7,0,0,1,67,103,43,0,0,0,0,0,0,1,4,416,0,2,0,2,440,0,0,0,5,6,398,52,108,0,0,5,0,7,107,0,976,84,0,437,3,0,0,0,0,29,66,0,2,293,0,0,64,3,0,38,1,2,2,0,254,36,0,8,0,46,11,184,0,79,0,0,98,4,1,0,102,8,77,12,711,0,3,0,80,0,255,0,0,8,187,175,17,53,1,0,33,0,263,0,124,10,0,0,0,0,0,11,1,0,608,0,87,0,0,340,83,0,0,17,0,462,7,1,163,46,480,1,43,18,1,0,0,4,105,0,5,0,24,2,5,515,339,0,9,301,53,0,102,0,1,8,2,151,1,0,2,4,0,0,1,0,0,0,0,0,79,199,348,2,36,0,0,1,0,427,0,143,0,43,0,2,0,19,0,0,641,383,525,163,0,1,0,0,0,47,0,1,0,0,1,1,7,58,3,46,0,1,18,341,1,0,1,0,25,295,29,311,0,105,0,1,2,26,1,0,152,0,19,0,0,45,0,2,23,16,0,724,0,212,0,0,0,0,0,1,0,0,35,3,0,658,184,3,1,245,0,0,7,0,750,3,0,0,0,1,0,85,0,28,16,0,0,3,36,4,65,1,139,37,3,522,0,673,0,0,326,236,80,1,0,0,256,0,29,152,1,20,1,0,0,0,0,5,385,72,0,35,0,0,0,62,0,302,23,298,0,22,689,0,0,1,0,432,4,17,0,1,12,1,0
"ENSG00000251163.1",0,0,0,1,0,0,0,0,0,0,0,9,8,0,1,0,3,1,6,3,1,0,0,0,4,0,0,0,1,0,0,0,1,4,0,0,0,0,1,2,0,0,4,2,0,1,0,0,0,0,0,0,0,0,1,4,0,0,0,0,5,0,0,0,1,0,3,1,11,0,1,0,1,0,0,1,0,0,2,1,7,3,0,0,11,0,0,5,0,0,0,18,0,0,1,2,1,0,6,1,0,0,0,3,0,0,4,0,2,0,1,0,0,0,0,0,2,6,0,7,0,7,1,3,2,0,0,1,0,46,1,0,19,0,2,0,0,0,7,0,0,0,1,0,0,6,0,0,3,0,3,0,3,1,0,1,3,5,3,2,3,0,6,0,0,0,0,1,2,24,0,1,3,14,0,2,1,0,2,1,0,0,0,12,2,0,2,1,10,1,1,0,1,6,1,0,0,1,0,1,0,9,2,17,0,1,0,3,0,2,0,1,2,0,3,0,1,1,1,8,0,0,0,0,1,0,4,13,0,2,3,0,0,2,0,9,0,0,0,0,0,1,0,0,0,0,2,0,1,4,0,0,0,1,0,3,0,0,6,2,3,1,0,0,0,0,3,0,1,0,0,0,3,0,0,8,0,0,4,1,2,0,2,0,0,0,0,0,0,0,0,1,0,3,1,0,8,1,0,0,3,0,0,1,1,0,0,0,1,0,0,0,1,0,0,0,0,0,1,0,0,0,0,0,0,5,0,0,0,0,4,0,0,3,0,0,1,3,0,2,0,0,0,0,3,1,2,0,3,0,0,1,0,0,3,2,0,0,2,0,3,1,1,1,19,1,0,2,0,0,1,2,2,0,2,0,4,0,0,3,0,1,3,0,0,0,1,0,1,3,5,1,0,2,0,0,1,0,2,0,2,0,0,0,21,0,4,9,0,0,0,0,3,0,1,0,0,1,0,0,0,0,41,0
"ENSG00000251199.6",0,0,3,2,0,0,5,1,0,0,1,83,0,147,84,0,0,51,0,1,1,0,27,6,62,16,0,6,10,42,0,1,13,7,15,0,47,0,43,59,2,0,3,0,1,0,0,14,0,1,3,3,0,20,0,0,2,2,1,0,1,43,0,19,9,1,0,1,0,0,127,0,21,0,2,0,0,1,13,39,43,50,0,1,54,0,0,7,6,7,3,66,16,0,0,0,2,86,31,1,2,0,1,0,0,1,0,0,76,46,7,0,1,45,0,21,1,24,0,38,0,4,0,0,11,1,0,20,1,73,3,0,118,0,0,1,0,0,16,13,0,0,11,0,1,19,1,1,1,0,0,1,0,51,7,0,0,0,157,29,26,0,1,0,0,27,57,0,1,78,2,0,18,463,0,7,8,33,0,87,0,2,13,0,24,0,41,0,0,20,0,0,0,43,23,14,0,1,0,0,8,1,2,247,0,47,0,1,2,5,0,0,4,53,38,3,1,0,22,162,0,27,0,5,0,0,1,1,0,2,0,20,0,0,3,36,0,0,0,15,4,3,0,1,0,0,41,0,0,0,6,0,0,0,0,0,0,0,24,3,67,48,0,74,0,0,0,0,94,0,5,0,77,0,0,0,30,0,1,17,283,18,63,0,1,0,0,3,0,2,0,0,0,42,0,67,136,0,0,0,3,1,25,0,2,0,0,9,0,31,1,0,31,0,1,0,68,0,1,30,0,1,0,1,18,0,0,0,13,0,36,0,31,0,73,0,15,1,0,0,0,1,12,0,22,25,8,0,15,0,1,124,2,85,0,0,0,0,7,0,7,1,18,0,0,1,0,0,0,38,0,18,1,4,84,0,193,0,0,113,12,50,17,0,0,33,0,26,20,0,0,0,0,1,0,1,82,51,10,0,2,4,0,0,22,1,51,18,24,3,1,26,0,0,57,0,27,0,0,4,0,3,0,0
"ENSG00000251257.2",3,0,245,2,1,1,0,0,0,1,1,1,0,8,1,0,0,1,2,2,1,1,0,0,2,0,0,2,1,1,0,1,1,0,0,169,1,0,4,4,0,3,1,0,0,5,0,3,1,0,2,2,0,3,0,1,0,0,0,0,0,5,1,2,0,0,0,0,4,1,0,1,0,0,0,0,0,4,0,0,3,2,157,1,0,0,4,0,747,1,3,2,0,29,2,0,3,0,0,0,4,1,3,0,1,2,3,1,3,0,0,0,393,0,1,2,2,0,0,0,1,0,1,3,2,0,0,0,1,21,0,1,0,0,16,1,0,0,0,0,0,6,5,0,2,2,0,0,0,0,1,1,0,1,3,0,0,0,1,1,0,0,0,1,0,0,2,1,3,1,0,2,0,2,1,0,2,1,2,0,0,1,0,3,2,0,3,4,2,0,0,37,3,1,1,0,0,2,0,0,0,1,2,0,0,2,1,0,2,3,0,1,0,1,3,1,3,1,0,2,0,1,3,0,2,1,1,0,3,2,19,0,3,0,1,1,0,0,1,0,1,0,0,0,3,0,0,2,2,0,0,1,0,2,0,0,0,0,0,0,1,2,0,1,2,2,1,0,3,2,1,0,0,0,0,1,1,0,1,0,3,3,1,2,0,1,1,1,1,0,3,0,3,1,2,5,3,0,9,0,2,2,2,2,0,1,0,1,0,0,0,0,0,1,1,0,2,0,196,0,0,0,1,0,3,2,1,0,0,0,0,1,5,1,0,2,1,1,0,84,0,3,1,2,0,0,3,11,2,0,0,2,0,0,0,1,2,5,1,0,3,1,1,3,0,2,3,2,0,0,0,0,15,1,1,0,1,1,0,2,2,1,0,1,2,0,0,1,2,0,0,1,0,1,1,2,5,1,2,1,1,0,1,0,74,9,100,1,2,34,2,2,1,0,1,0,0,146,0,0,0,0,0,0
"ENSG00000251258.2",0,0,3,0,0,0,0,0,0,1,0,0,0,1321,79,0,0,6,0,0,0,0,0,1,13,22,0,33,0,376,0,1,212,12,0,2,176,12,0,0,4,0,0,1,0,0,0,9,0,0,1,337,0,141,0,0,2,0,2,0,0,326,0,84,2,0,11,0,0,0,830,0,136,1,0,0,0,0,92,43,292,223,1,0,120,0,1,34,0,14,0,372,269,0,0,1,0,16,358,0,0,0,0,0,0,0,0,0,34,1,1,0,1,232,0,11,0,44,0,14,0,4,0,0,16,0,8,41,0,0,12,0,614,0,0,0,0,0,180,45,0,0,8,0,0,3,208,0,0,3,0,0,0,5,0,0,0,1,0,174,0,2,324,0,0,248,12,1,0,791,0,0,0,4,0,0,0,391,3,3,0,0,37,0,42,2,33,1,0,113,2,0,0,324,259,0,0,0,0,0,0,1,3,18,0,301,0,0,80,43,1,2,0,103,0,1,0,0,395,688,0,10,0,0,0,0,2,0,0,0,0,0,0,0,0,55,0,0,0,15,0,0,0,0,0,0,13,0,0,0,2,0,0,2,3,0,0,0,155,274,137,113,0,1093,0,0,0,0,306,0,44,0,856,0,0,0,4,0,0,201,18,229,94,0,0,1,0,0,0,3,1,2,1,210,0,339,10,0,4,0,0,0,897,0,249,1,0,0,5,34,11,0,74,0,0,0,711,3,1,1,0,0,0,0,7,0,0,2,3,0,503,0,28,0,0,0,0,0,0,0,0,0,1,0,254,1,57,0,218,0,0,35,0,894,0,0,3,0,0,0,10,0,1,0,0,0,0,0,0,54,0,60,0,9,416,3,11,2,2,0,188,4,5,0,0,0,0,56,0,0,0,0,0,0,0,0,135,116,42,0,225,0,0,0,3,0,21,1,5,0,2,1,0,0,145,0,102,0,0,0,0,0,0,0
"ENSG00000251273.4",1,0,0,0,0,1,2,0,0,2,0,20,0,152,67,0,1,24,0,22,1,6,1,1,9,45,0,17,10,79,27,0,15,0,7,0,32,0,1,5,0,0,5,0,0,3,0,3,1,0,0,160,0,126,0,1,3,9,158,0,0,116,1,162,0,1,0,0,0,0,747,0,1,0,0,0,39,0,5,131,185,160,0,0,57,2,0,13,0,0,0,11,14,0,0,0,0,121,18,0,0,0,0,0,0,11,2,0,128,22,0,0,0,38,7,3,5,0,12,5,0,1,0,0,2,0,0,71,0,202,4,1,61,0,0,0,0,0,11,10,0,0,284,1,0,1,0,0,7,0,4,0,0,334,3,0,4,1,13,9,17,0,5,0,0,88,10,2,16,1335,0,14,0,774,0,3,1,121,0,1,0,11,0,5,0,0,54,0,4,513,0,0,1,215,84,9,0,0,0,0,0,5,0,261,0,65,0,0,23,0,0,31,21,20,5,7,0,0,78,9,0,16,16,0,0,2,0,0,0,0,0,0,0,0,0,39,0,0,2,0,0,1,0,1,56,0,3,0,0,0,0,0,0,16,1,0,0,10,147,212,145,24,1,139,5,0,0,0,9,0,96,0,268,0,0,1,177,0,0,41,9,149,0,1,1,9,0,0,21,0,2,0,0,4,1,8,642,0,2,0,0,5,2,1,5,0,0,6,89,0,0,0,1,0,0,4,6,0,0,1,1,0,0,1,2,1,0,2,14,0,172,0,0,0,9,0,0,0,0,0,3,0,3,65,186,23,18,1,7,1,2,18,0,201,0,0,0,0,7,0,28,0,0,30,0,2,0,5,0,0,0,16,12,2,10,0,51,0,0,10,5,60,0,0,2,100,0,30,0,0,4,0,0,0,0,0,36,44,4,0,4,19,6,0,1,0,30,4,1,0,0,7,18,0,1,0,110,0,44,0,0,6,2,0
"ENSG00000251299.1",0,0,0,20,0,15,2,0,11,0,0,0,0,1,61,0,1,0,0,1,0,0,0,1,1,1,131,22,0,2,0,1,20,0,23,0,2,7,0,0,0,0,0,1,0,8,58,0,1,0,3,1,1,0,1,2,49,0,9,2,0,16,0,2,0,1,0,1,1,3,3,84,28,0,5,0,119,4,13,0,0,0,3,2,1,0,68,0,4,8,1,1,0,0,0,0,123,2,0,1,0,0,1,0,26,0,3,0,8,1,3,6,6,0,1,0,1,5,0,96,0,0,0,0,23,0,2,0,1,0,0,8,5,49,3,0,3,2,3,0,1,0,17,0,4,27,0,2,4,0,0,0,0,0,23,0,191,0,0,18,20,35,81,4,0,0,57,2,17,5,0,0,232,0,12,0,38,0,5,2,0,1,3,4,1,14,1,1,54,0,0,0,6,17,4,0,0,227,0,10,0,4,3,0,0,27,0,20,6,1,6,0,12,70,0,0,0,92,65,2,1,33,31,21,0,0,0,7,32,22,3,4,30,0,0,14,0,0,0,22,2,53,0,1,3,0,6,54,6,0,0,0,4,13,0,0,0,1,2,1,0,0,9,0,1,27,0,0,13,0,39,2,24,2,64,1,1,0,0,0,1,185,0,0,0,0,0,1,34,2,7,4,2,10,0,11,0,0,2,1,0,44,1,4,75,6,157,0,0,0,0,0,0,3,0,0,1,0,13,111,1,0,0,0,2,2,0,0,24,0,0,0,49,5,0,0,1,43,0,2,0,57,35,0,33,0,0,4,0,1,1,2,0,1,0,1,0,0,9,0,43,29,12,1,0,0,13,0,0,13,12,4,4,7,26,0,16,4,6,0,0,1,0,5,0,5,2,0,26,0,120,0,0,3,1,1,0,1,4,2,0,1,1,0,0,0,44,5,0,0,4,0,59,144,0,0,1,1,0,2,0,0,0,1
"ENSG00000251301.7",0,23,45,266,12,2,20,5,13,13,12,22,72,1446,15,38,12,1259,2,11,8,24,33,204,28,5,3,298,0,897,2,616,51,20,20,163,269,8,4,7,11,11,23,34,47,706,7,195,27,4,16,39,28,123,9,1473,75,2,1228,2,10,1199,5,22,32,10,1670,20,2,732,40,526,13,9,1,20,855,39,11,1144,405,486,9,400,612,12,72,3,38,689,31,73,2,0,2,10,124,153,15,583,142,16,1804,3,24,1,57,36,23,3,4,676,29,639,6,1,4,10,9,22,8,1407,9,17,51,26,40,29,1,19,24,21,2457,30,541,66,0,80,1,1,3,5,19,179,25,1369,71,2,15,1,6,68,2139,1144,164,47,31,12,59,1093,40,9,1112,11,1,286,26,15,549,300,85,254,27,161,28,9,182,7,20,328,17,1,26,678,6,9,401,449,49,119,420,33,72,1399,527,2,14,160,1,441,2,1339,5,538,9,488,13,1006,808,1370,14,23,2,4,31,7,83,9,217,2583,7,1607,1,2,11,15,9,2951,72,1052,7,63,438,69,4,964,13,16,695,46,28,213,4,30,10,5,367,10,253,9,73,1,31,18,11,989,13,4,3,69,1095,597,376,20,27,6,202,8,171,32,129,20,105,17,175,7,113,6,5,62,340,31,2924,72,16,9,25,45,11,47,134,8,4,833,16,2,21,6,42,3,147,31,4,18,14,10,8,12,511,8,20,2,3,8,18,11,260,144,22,1229,5,377,35,5,667,199,49,2,11,11,5,45,619,10,15,22,3,1684,7,1,10,22,36,4,19,758,7,2,25,23,78,24,12,11,2,83,1,10,27,3,564,41,48,4,4,8,2048,6,5,722,22,12,13,36,295,9,109,31,13,1317,456,175,19,1,25,1666,52,23,1053,11,7,6,4,7,2,3,59,0,30,27,482,140,66,5,1089,40,786,15,356,6,562,873,24,12,242,1,29,92,15,23,20,13,8,11
"ENSG00000251320.1",0,0,8,1,2,1,0,0,0,1,0,0,0,261,0,0,0,1,2,3,0,0,1,1,2,0,0,7,0,5,0,5,1,0,0,2,7,0,0,1,2,6,0,1,1,0,1,18,0,0,0,10,0,1,0,0,0,0,0,1,1,3,0,0,0,0,0,0,1,5,3,3,0,0,0,0,6,0,2,0,1,5,2,1,2,0,0,0,6,0,8,3,0,0,0,0,0,4,9,1,2,0,0,0,6,1,0,0,2,0,1,0,0,15,0,1,12,0,0,3,0,1,0,0,3,0,2,0,0,18,1,0,8,1,0,2,0,0,3,0,1,5,20,1,1,0,2,4,0,2,0,0,0,5,0,0,1,2,2,6,2,0,2,1,3,12,12,1,0,1,1,1,0,0,0,0,1,5,32,2,0,1,2,1,1,2,7,0,0,0,0,16,0,2,0,0,0,0,0,0,1,1,8,0,0,0,0,3,2,0,1,1,2,0,4,0,0,0,0,3,0,1,0,1,1,0,0,0,0,0,0,0,4,2,0,0,0,0,0,3,1,4,1,0,7,6,0,0,1,0,2,0,0,0,0,0,0,0,15,0,3,0,5,3,0,0,3,0,0,0,11,0,0,0,0,0,2,0,1,6,0,1,0,0,0,1,0,0,4,0,0,0,7,0,0,0,1,2,0,1,0,0,2,0,0,1,0,0,0,0,5,2,0,0,0,2,0,1,0,0,0,7,0,1,4,0,2,0,2,0,0,0,4,1,0,1,0,7,0,0,0,2,9,2,0,0,0,0,0,0,0,6,0,0,0,0,3,3,2,0,1,1,1,2,92,3,0,1,0,0,2,0,1,0,4,0,0,0,0,0,0,1,0,0,0,5,1,0,0,0,1,0,0,0,0,2,14,0,1,0,0,0,0,0,0,0,0,1,0,1,5,0,0,1,4,0,0,0,3,0,1,0,1,0
"ENSG00000251350.2",0,1,0,5,1,0,0,1,3,0,0,5,37,314,1,0,0,60,8,0,12,0,93,43,33,55,13,170,7,40,21,122,65,20,28,18,81,25,1,1,2,0,17,10,1,0,1,13,0,0,8,8,0,25,3,57,0,21,15,0,12,108,44,5,2,0,45,2,18,14,157,14,20,0,0,0,0,2,4,9,26,225,0,0,139,29,0,29,11,16,14,153,34,1,0,0,3,81,18,0,4,0,9,4,0,69,51,0,553,37,0,0,8,14,0,1,0,0,399,28,12,243,2,1,54,0,2,49,0,66,21,0,229,2,3,0,0,1,14,25,0,1,7,0,0,93,8,0,0,0,0,3,46,49,20,1,68,1,19,8,93,0,261,6,0,4,23,2,0,85,52,49,14,112,0,2,4,212,0,49,0,50,7,71,19,7,10,28,53,31,11,0,1,34,59,30,0,1,0,59,51,2,0,238,2,166,0,1,26,7,1,0,130,171,17,1,0,10,8,97,0,18,6,21,1,1,63,59,55,1,40,47,10,1,5,117,0,16,5,36,9,18,0,0,0,38,3,2,1,21,6,4,0,143,0,0,0,6,37,547,40,35,14,129,0,1,0,0,26,0,17,0,307,0,2,0,141,0,7,13,55,15,36,0,0,0,0,0,17,69,0,1,0,40,2,319,128,5,9,1,72,5,52,0,10,0,1,4,24,9,88,0,65,23,0,1,17,10,10,11,1,8,0,2,49,2,0,27,16,0,14,7,26,0,3,0,33,2,1,0,0,55,20,0,10,36,0,4,124,0,0,71,0,19,13,0,2,0,51,9,54,4,25,0,0,7,11,91,2,46,0,24,24,4,82,55,6,0,1,215,8,11,48,0,0,54,18,52,3,2,8,13,0,1,1,10,240,140,5,0,3,42,0,0,61,0,88,55,14,0,21,10,36,0,184,0,10,1,189,0,1,1,7,0
"ENSG00000251361.1",0,0,14,0,0,0,27,1,0,2,0,0,0,56,28,0,0,0,0,0,0,0,0,1,0,0,0,1,4,19,0,0,4,0,5,0,2,0,1,0,0,1,2,0,0,0,0,6,0,0,0,20,0,10,0,0,0,0,0,0,0,2,0,0,1,0,0,0,0,0,14,0,0,0,0,0,0,0,3,2,6,0,1,0,5,0,0,3,0,0,0,2,3,0,0,0,0,3,14,1,1,0,0,0,0,0,1,0,10,2,0,0,0,0,0,0,0,0,9,30,0,0,0,0,0,1,0,0,0,0,0,0,12,1,1,0,0,0,1,0,0,0,13,0,1,7,6,3,2,0,0,0,0,5,0,0,7,1,6,2,0,0,1,0,0,0,1,0,0,0,0,15,0,6,0,0,0,47,0,0,1,0,11,0,2,0,1,0,0,1,1,5,0,0,0,0,0,0,0,0,0,0,0,28,0,12,1,1,2,0,0,0,18,1,3,0,0,1,4,2,1,0,9,0,0,0,0,0,0,0,0,0,0,0,0,3,0,0,0,2,1,1,0,1,0,1,4,0,0,0,0,0,1,6,0,0,0,1,0,25,4,0,0,25,0,0,0,0,0,0,0,0,24,0,0,1,39,0,2,0,5,9,5,1,0,0,0,0,0,0,0,0,0,0,1,13,6,0,0,0,0,2,1,0,9,0,0,0,5,2,2,0,0,0,0,2,2,0,1,0,0,0,0,0,1,0,0,0,0,0,3,0,0,1,0,0,0,0,0,1,0,0,1,1,1,1,2,3,1,1,0,6,0,7,0,0,0,1,10,0,0,0,0,0,1,0,0,0,0,0,0,4,47,3,4,0,1,1,0,0,0,0,0,0,0,1,0,3,0,0,1,0,0,1,0,0,2,17,2,0,0,0,2,0,4,3,0,6,0,2,0,1,0,0,0,0,0,5,0,1,0,0,0,0
"ENSG00000251363.3",0,0,0,0,0,0,9,0,0,8,78,51,0,186,169,0,0,135,3,0,0,6,1,5,25,16,25,8,77,277,3,0,25,2,42,0,73,1,140,72,0,1,1,34,1,0,1,3,2,0,0,4,9,90,0,44,2,0,76,7,0,106,3,26,0,0,0,2,0,0,114,0,0,1,0,4,0,0,79,89,54,59,0,0,133,3,0,4,21,6,23,26,43,0,0,0,19,61,169,1,1,5,0,0,0,1,2,4,168,126,0,1,0,79,0,5,0,3,92,109,34,87,0,91,2,1,0,5,0,71,7,1,45,0,0,8,68,10,80,12,0,0,54,1,3,0,1,0,0,0,4,2,0,88,0,0,3,1,47,47,9,0,0,0,1,20,43,0,0,9,0,31,0,535,0,6,2,146,0,97,4,0,0,0,84,6,28,0,0,45,42,1,1,45,46,21,5,0,0,0,0,68,0,455,0,119,0,1,3,19,1,0,2,84,45,0,0,6,79,23,0,32,0,0,0,2,23,77,6,69,0,2,0,0,0,19,0,0,0,25,0,0,0,1,19,8,48,0,0,0,25,0,5,0,1,3,16,4,157,51,81,69,0,166,7,0,0,2,104,0,1,5,93,6,0,0,255,1,0,18,105,40,23,0,0,0,2,0,44,1,23,0,1,75,0,224,141,5,114,0,0,0,131,2,12,0,0,1,95,54,1,1,4,1,0,0,140,0,0,45,0,0,3,0,1,0,8,0,25,4,127,0,8,14,2,18,1,0,0,0,2,81,4,3,69,59,66,0,34,2,6,133,0,167,0,3,0,0,0,0,2,0,28,0,0,0,2,0,0,2,0,61,0,53,421,27,61,21,0,92,80,11,0,18,8,9,0,56,15,0,0,0,4,0,0,1,0,237,33,1,0,0,0,0,1,0,3,63,23,0,2,39,0,0,0,0,28,0,0,23,0,0,0,0
"ENSG00000251381.8",0,0,0,0,0,0,564,0,1,1,0,0,3,82,7,0,1,3,3,0,0,0,7,0,13,0,0,16,0,2,9,0,0,15,1,0,2,0,0,0,0,1,0,0,2,0,1,0,0,0,0,60,0,48,2,0,5,1,0,0,0,283,0,1,0,1,0,0,0,0,1516,1,0,0,0,0,2,3,49,105,198,17,1,0,1,0,1,10,5,3,4,8,0,1,0,0,1,3,0,0,0,0,2,3,0,1,0,0,1257,0,0,0,0,0,0,17,0,1,5,809,0,14,4,0,1,1,0,0,0,15,0,0,153,0,2,4,2,0,6,0,0,1,7,0,0,0,0,0,7,0,0,1,0,58,0,0,0,1,0,12,2,0,0,0,0,28,1,5,0,16,2,0,2,303,0,0,0,80,5,0,0,0,0,1,0,0,0,0,1,1,0,28,0,3,5,0,17,1,0,0,1,0,1,2,0,321,0,0,0,1,1,2,21,2,0,16,1,0,40,10,0,0,0,0,1,1,1,0,0,2,0,1,0,0,1,49,2,0,0,0,0,0,2,1,7,23,0,0,1,1,1,2,0,0,0,0,0,1,74,275,31,0,0,35,0,2,1,2,2,0,40,1,1124,0,0,0,34,1,0,1,0,1,0,4,2,2,1,0,0,2,1,1,0,0,3,56,6,1,1,0,0,0,2,0,181,0,0,0,0,127,0,1,1,1,0,17,1213,5,1,3,0,0,0,0,9,0,1,1,154,0,58,0,0,1,6,6,0,0,0,0,1,0,2,0,1,31,0,0,1,0,0,3,0,1931,4,2,2,3,2,0,110,0,3,10,0,2,0,4,0,0,0,1,26,7,36,1,466,1,0,0,0,54,131,0,0,1,0,3,0,0,1,0,0,1,1,0,0,1,1,0,0,0,10,2,38,0,81,289,1,1,1,1,2,1,1,1,5,7,1,7,0,0,0,2
"ENSG00000251410.2",1,0,0,0,0,0,0,5,0,0,0,8,1,9,3,0,0,9,1,0,0,0,0,2,0,0,0,8,0,0,0,0,10,1,2,1,1,0,4,11,0,0,0,1,0,0,0,1,0,0,0,4,0,0,0,0,0,0,0,1,0,0,0,2,0,0,0,0,3,1,0,0,0,0,0,0,0,0,0,34,20,22,1,0,0,0,0,5,0,0,0,7,1,0,0,0,0,1,2,0,0,1,0,2,0,0,2,0,78,0,4,0,0,1,0,4,0,0,4,82,0,3,0,0,1,0,0,0,0,0,0,0,15,0,0,0,0,0,1,0,0,0,6,0,0,1,0,0,0,1,0,0,2,6,0,5,0,2,38,2,1,0,0,0,0,0,12,0,1,9,6,4,3,0,0,0,0,12,0,0,0,0,0,2,0,3,0,0,0,1,0,1,0,0,1,3,1,0,0,0,1,3,0,2,0,2,0,0,1,2,0,36,0,3,8,0,0,0,0,6,0,1,0,0,0,0,0,1,0,3,0,1,0,0,0,0,0,0,7,19,0,0,0,0,0,0,0,0,0,0,0,1,0,0,0,0,0,0,0,0,0,6,0,0,0,0,0,0,4,0,2,0,2,0,0,0,1,0,0,1,2,3,0,0,0,1,0,0,1,0,0,0,0,1,0,0,3,0,6,0,1,0,10,0,6,0,0,1,1,23,0,0,4,0,1,0,2,1,0,0,0,0,0,0,3,2,0,1,0,0,5,0,1,0,13,0,0,0,0,0,0,1,0,1,6,8,1,0,6,0,0,0,0,33,0,0,0,0,3,1,27,0,0,0,0,1,0,6,0,0,0,0,0,0,1,0,1,2,0,4,0,12,0,0,0,0,0,8,4,0,0,0,0,1,0,6,14,0,0,0,0,1,0,0,1,0,78,1,0,0,0,0,0,0,0,0,1,9,1,0,0,0,7,0
"ENSG00000251450.2",0,0,5,5,2,2,2,0,1,8,12,7,1,4,1,2,3,1,2,3,3,0,5,0,8,0,0,6,3,7,4,1,1,4,1,4,6,3,7,7,2,15,8,3,0,1,6,2,0,5,2,5,2,9,13,10,6,1,2,1,14,0,2,3,0,4,11,3,2,2,7,9,1,0,1,0,2,3,0,1,6,5,5,0,6,3,4,0,27,2,10,1,2,0,1,0,8,4,0,5,7,0,4,1,5,3,6,0,5,3,8,6,5,2,0,1,3,3,3,2,2,3,1,6,5,0,4,0,6,6,3,0,5,3,1,0,4,0,0,2,0,16,4,0,4,3,3,0,11,4,0,0,5,4,1,2,6,10,0,7,9,0,2,8,2,2,7,6,1,2,0,7,5,5,2,2,2,1,3,1,1,3,3,9,1,0,4,1,3,1,0,9,6,4,2,1,2,3,2,0,2,2,5,5,0,1,3,2,2,1,4,4,1,1,14,0,4,0,15,14,0,1,0,4,1,1,2,5,1,5,9,6,0,0,3,3,0,0,2,4,0,4,2,5,6,2,2,0,6,1,1,3,0,2,0,5,0,1,43,5,1,5,6,0,0,2,4,1,5,0,0,0,5,1,6,0,2,0,9,2,5,4,3,1,6,3,0,6,1,2,5,2,2,0,1,1,2,2,19,1,4,3,9,1,4,2,1,8,3,2,7,1,0,7,6,3,45,10,9,4,1,5,0,6,6,11,1,3,2,0,2,0,8,7,2,1,0,5,2,0,0,4,13,1,2,3,7,2,0,0,0,8,13,0,2,0,1,4,4,2,0,3,14,6,1,0,0,2,5,1,5,4,0,0,0,0,7,1,7,11,4,6,1,0,0,0,4,2,0,1,3,2,0,2,1,4,6,0,8,0,3,4,11,7,2,1,1,4,1,6,10,1,2,2,7,0,8,30,1,0,0,5,4,1
"ENSG00000251461.3",0,0,0,4,0,9,2,0,0,0,3,1,0,9,1,1,3,0,0,5,1,0,2,0,0,2,0,13,0,0,0,0,9,0,16,0,0,0,0,0,0,0,8,11,0,7,1,0,1,0,0,0,0,7,1,0,0,24,3,3,0,0,0,0,0,15,0,0,0,1,7,3,0,0,21,0,8,6,0,0,16,8,0,15,4,3,1,4,5,0,1,3,1,14,0,0,26,45,2,2,0,0,6,2,0,5,2,0,6,19,0,2,0,0,1,0,2,18,0,2,12,1,0,0,6,0,0,0,15,17,0,1,8,0,0,0,0,0,6,0,0,0,2,0,2,0,0,2,2,0,0,2,0,0,0,0,0,0,51,0,0,3,1,2,0,0,2,1,10,3,2,0,0,7,0,0,51,17,0,1,0,4,9,0,0,0,0,0,7,0,0,0,9,5,3,9,0,2,0,6,0,0,6,21,0,0,0,9,8,0,1,0,0,0,8,0,0,0,4,0,0,0,20,0,1,0,1,0,0,1,0,1,2,27,0,9,0,0,0,0,2,0,14,0,2,34,0,0,14,0,0,0,0,2,0,0,0,6,2,0,1,0,1,2,0,4,3,0,28,0,4,1,6,0,0,0,28,0,19,0,12,8,15,0,0,8,0,1,7,0,0,0,4,0,5,5,0,7,0,0,0,5,1,2,2,1,0,0,40,0,0,16,0,5,0,0,113,0,0,3,6,1,0,1,4,1,0,5,0,0,0,5,0,0,0,0,17,0,6,0,0,0,3,1,23,0,0,11,6,2,0,5,0,23,0,0,5,1,0,6,43,0,5,1,0,9,0,1,0,3,0,0,4,17,0,0,36,0,0,0,10,6,0,2,0,0,1,13,0,0,5,0,0,1,0,3,0,28,0,0,0,0,3,0,0,0,4,0,0,1,0,0,0,0,0,0,31,0,18,1,0,0,15,0
"ENSG00000251529.1",1,0,0,0,0,0,0,2,0,0,0,5,0,1,7,0,0,0,9,0,0,1,1,0,0,0,0,0,0,8,0,3,0,1,0,0,0,0,0,12,0,0,0,0,1,4,0,0,0,7,3,1,0,0,0,1,0,0,1,1,0,3,0,3,2,0,0,0,12,0,1,0,0,0,0,0,0,0,1,2,4,12,5,0,0,0,0,0,0,0,0,0,0,11,0,1,0,1,0,1,0,0,0,3,0,0,2,0,3,0,0,0,0,0,0,0,4,0,0,1,0,1,0,0,0,0,0,0,3,3,0,0,38,0,7,0,0,0,6,0,0,0,0,0,0,2,0,0,0,0,0,0,0,0,0,4,0,0,1,0,0,0,0,5,0,0,0,0,0,22,0,0,6,38,0,0,0,1,0,1,0,0,0,3,0,0,0,0,0,4,0,0,0,21,0,0,0,0,0,0,0,2,1,21,0,0,0,16,0,0,0,1,0,0,0,0,0,0,0,5,0,0,0,0,0,0,0,17,0,1,0,0,1,0,0,0,0,0,0,0,1,1,0,0,0,0,1,0,3,17,0,0,0,0,0,8,0,0,0,8,2,5,2,0,0,1,0,0,7,0,0,0,1,0,0,0,0,0,0,4,8,0,0,0,1,0,0,0,0,10,0,0,0,3,0,0,29,0,0,3,1,0,1,1,4,0,0,0,0,0,1,0,0,1,0,0,12,0,0,0,9,0,0,0,0,0,0,0,1,1,5,0,1,0,10,0,2,2,0,0,1,0,0,0,2,2,0,0,0,0,0,0,0,0,1,0,0,1,0,0,3,0,2,0,0,0,0,0,0,1,0,4,0,0,1,0,0,0,0,32,0,1,1,0,0,0,7,0,0,9,1,2,0,0,0,0,8,0,0,0,0,0,0,0,0,0,0,0,0,0,0,5,2,0,0,0,2,0,0,0,0,0,1,0
"ENSG00000251537.4",0,1,2,11,0,1,6,0,1,0,0,0,0,8,4,0,0,2,0,3,4,0,0,0,1,2,0,3,1,3,0,3,11,0,4,2,9,0,0,0,0,1,3,25,3,1,3,1,0,0,6,2,1,1,4,88,3,3,0,0,13,0,24,0,0,0,0,3,3,1,2,21,0,0,3,0,2,2,1,1,6,2,2,15,0,0,4,11,25,1,1,1,2,5,0,1,5,0,1,1,12,3,1,1,5,5,0,0,4,0,2,0,3,2,0,0,0,0,21,74,49,30,0,13,11,1,0,0,0,1,0,0,21,3,10,0,3,1,0,0,0,3,1,0,1,25,1,1,3,0,0,2,0,1,1,1,3,3,1,0,0,0,1,2,0,2,16,0,0,0,0,9,35,2,1,1,13,3,10,4,0,0,17,1,0,1,0,0,12,0,0,4,1,10,0,0,0,25,0,3,0,0,0,1,0,4,0,0,1,0,26,1,17,2,2,1,32,2,1,31,2,0,0,0,3,0,43,17,1,3,0,0,9,66,0,13,0,15,9,4,1,21,5,6,2,3,2,6,3,0,0,0,1,8,2,4,0,0,31,1,0,0,6,0,1,0,1,3,0,0,14,0,2,0,3,1,0,0,0,0,1,4,2,0,2,1,1,7,0,3,3,5,0,10,0,4,1,1,0,0,1,0,2,1,0,3,6,1,4,0,1,0,0,44,9,2,2,1,0,8,0,4,0,0,16,1,0,6,1,0,5,0,2,3,16,0,3,14,2,5,0,14,13,3,0,0,0,2,0,1,0,0,1,0,0,0,3,5,2,0,1,0,8,25,5,0,1,1,0,10,0,8,1,8,0,0,0,0,0,0,0,0,0,0,0,66,1,1,16,0,2,6,0,7,2,0,23,1,0,0,4,0,1,25,3,0,10,19,0,2,5,0,5,0,1,0,0,6,1,0,1,1,30,0
"ENSG00000251550.1",4,0,0,1,0,2,3,0,0,0,23,0,2,63,7,0,15,0,0,1,0,0,2,3,0,6,0,6,14,0,6,4,22,3,23,0,0,0,0,1,0,11,9,21,1,8,3,0,0,0,0,0,1,23,0,1,0,17,0,6,0,0,0,0,0,19,0,0,5,6,51,2,0,0,9,0,31,10,16,4,11,3,0,14,13,8,0,10,11,0,0,1,17,11,10,0,19,20,25,0,0,0,25,8,1,26,33,1,47,11,9,1,5,0,3,0,2,13,3,93,5,0,0,0,8,0,0,0,1,13,0,0,10,0,0,0,0,0,8,0,0,6,9,0,1,3,0,1,37,0,0,0,0,0,1,0,1,16,20,1,0,3,7,1,8,0,8,10,24,56,0,0,1,6,17,0,26,62,5,15,0,1,4,0,2,0,0,0,10,0,0,43,21,6,0,10,0,2,0,3,0,0,8,16,0,0,0,10,4,0,9,4,3,0,2,0,1,0,4,0,0,0,16,8,0,0,1,1,1,7,3,0,1,11,0,8,0,0,0,1,7,0,3,3,18,24,8,6,6,0,0,0,0,2,0,13,0,6,21,0,0,0,31,28,0,3,7,0,7,0,6,1,44,0,0,9,72,0,8,3,14,24,46,0,0,10,0,2,21,1,1,0,12,0,9,12,1,11,1,0,0,12,61,1,12,0,0,1,21,37,0,1,0,14,0,0,29,7,1,5,3,6,0,21,4,7,0,2,1,0,0,2,0,2,0,0,6,4,17,0,1,0,2,3,51,0,0,23,34,0,0,10,0,29,0,1,5,3,12,10,15,0,26,20,0,4,0,16,0,1,1,0,1,21,1,0,15,0,1,0,3,4,0,3,0,0,6,27,0,4,18,0,0,10,5,3,0,25,0,0,0,0,1,1,0,0,22,51,1,7,0,0,0,0,0,1,10,38,19,0,0,0,28,0
"ENSG00000251574.8",1,0,0,1,0,0,2,0,0,0,0,22,2,21,12,0,0,33,0,0,2,0,5,9,24,34,0,23,12,14,1,6,7,1,28,0,11,0,5,9,1,7,8,3,0,1,1,5,1,0,0,9,0,14,1,0,0,6,4,0,0,11,4,16,0,0,2,8,0,0,3,0,12,0,0,0,0,0,8,8,24,14,0,0,21,0,1,0,0,4,0,20,17,0,0,0,0,34,19,0,0,0,0,8,0,1,2,0,15,23,0,0,0,9,0,10,0,6,30,18,8,14,0,1,6,0,0,11,0,12,8,0,23,0,0,0,0,0,11,15,0,0,16,0,0,46,6,0,2,0,0,0,0,22,3,1,21,0,55,12,2,0,9,0,0,10,12,1,1,15,1,12,1,8,0,12,11,14,0,35,0,3,17,0,19,1,30,0,7,7,0,0,0,5,4,12,0,0,0,0,18,0,0,49,0,9,0,0,6,1,0,0,5,60,24,0,0,0,6,33,0,4,0,0,0,0,0,11,1,1,0,17,0,0,0,7,0,0,1,10,0,4,0,0,2,0,5,0,0,2,2,1,0,12,0,0,0,2,10,26,30,38,0,18,0,0,0,0,11,0,7,0,6,0,0,0,11,0,0,4,17,5,1,0,1,0,0,0,0,0,0,0,0,14,0,28,6,0,0,0,0,1,21,0,2,0,5,5,11,3,22,0,13,0,1,1,19,4,0,10,0,1,0,0,11,1,0,0,3,0,7,0,8,0,3,0,0,0,0,0,0,1,25,0,17,13,9,0,11,0,0,27,0,22,0,0,0,0,1,0,18,1,4,0,0,5,0,0,0,7,0,15,5,1,31,0,37,0,0,10,11,9,11,0,0,7,0,15,1,0,0,0,0,0,0,0,5,11,7,0,5,4,0,0,0,0,17,16,0,0,3,6,1,0,11,0,1,0,3,0,0,2,0,0
"ENSG00000251576.1",0,0,0,0,1,0,0,0,0,2,1,0,0,4,3,1,0,2,0,0,0,0,0,0,0,0,0,4,1,2,0,0,0,0,0,3,4,1,0,0,0,0,0,0,0,0,0,2,0,0,2,5,0,4,0,0,0,0,0,0,0,5,0,0,0,0,0,0,3,0,1,0,0,0,0,1,1,1,0,1,1,0,5,0,0,20,0,0,4,0,3,6,0,4,0,0,0,0,0,0,0,0,2,1,0,2,0,0,0,0,1,0,0,0,0,0,4,0,2,2,1,0,2,0,0,0,0,1,0,0,0,0,0,0,1,0,0,0,1,0,0,1,3,1,0,2,4,0,1,1,0,0,0,2,0,3,0,1,1,1,0,0,0,2,1,0,1,3,0,2,0,0,11,0,0,0,0,3,0,0,0,3,1,3,0,0,0,0,0,0,0,3,11,2,0,1,0,21,3,34,0,0,7,1,0,2,3,4,0,0,2,2,1,0,0,0,0,0,0,0,0,0,0,3,0,0,0,1,1,0,1,1,0,1,0,0,0,0,0,0,7,1,0,31,2,0,0,0,0,0,0,0,0,2,0,1,0,0,0,5,0,0,12,0,0,0,0,0,0,0,0,0,6,0,0,1,2,0,0,0,0,0,0,1,0,0,0,2,0,1,0,0,0,0,0,1,5,0,0,3,1,0,0,0,0,0,0,0,0,0,0,0,2,24,5,2,0,1,4,0,0,1,0,0,0,1,0,0,0,0,0,1,0,0,1,0,1,3,0,8,0,2,1,6,1,0,0,4,1,0,0,17,0,0,0,0,0,0,1,2,0,0,0,0,3,0,2,1,0,0,2,0,2,0,7,0,1,0,0,3,0,0,0,1,0,0,0,0,0,0,0,0,0,0,0,0,0,0,3,0,0,0,19,0,1,0,8,0,0,1,0,0,0,0,0,0,1,0,0,0,0,0,0,0
"ENSG00000251598.2",0,0,0,0,0,0,2,0,0,6,0,9,2,172,36,2,0,52,1,0,9,0,1,2,12,15,6,13,1,51,10,1,2,4,0,0,68,0,2,3,22,1,2,1,3,0,0,9,0,0,1,25,0,26,0,0,1,1,25,0,0,20,0,1,0,0,5,4,1,0,114,1,14,2,0,0,0,0,1,22,33,14,0,0,18,6,5,3,0,0,0,19,4,0,1,0,6,15,20,10,0,0,1,0,1,0,4,1,52,13,0,0,0,12,0,6,0,3,24,9,0,9,0,0,5,1,0,2,0,8,9,0,17,1,2,1,0,0,3,5,0,0,2,2,2,29,31,0,0,0,6,1,33,33,2,0,7,0,6,61,9,0,0,0,0,65,6,1,0,7,6,4,0,33,1,0,0,7,0,3,0,3,1,5,19,2,4,0,0,12,1,2,21,24,11,4,0,1,0,0,7,0,0,91,0,10,1,0,4,7,0,1,8,124,3,0,0,0,11,17,0,8,0,1,0,0,1,1,0,1,0,6,3,0,5,8,1,0,4,34,0,5,0,1,0,4,3,0,0,0,0,0,0,1,2,17,0,0,3,35,27,23,4,34,3,0,0,0,82,0,8,0,4,1,0,0,8,0,0,10,4,14,18,0,1,0,0,0,0,0,0,1,0,8,0,54,26,0,16,2,5,0,18,0,3,1,12,1,4,14,0,0,0,2,0,1,79,1,0,11,0,0,1,0,7,0,2,4,19,0,8,0,4,0,2,0,0,1,0,0,0,0,11,1,25,17,11,0,6,1,2,1,2,15,0,0,0,0,0,0,16,3,4,0,0,0,0,4,0,3,0,13,0,7,117,10,24,0,0,1,8,4,14,0,2,19,2,7,12,0,0,0,0,0,0,0,89,7,0,1,1,1,0,0,2,0,11,1,5,0,7,8,1,0,12,0,7,0,1,2,0,0,0,8
"ENSG00000251629.7",0,2,0,2,0,0,297,0,0,0,1,302,3,275,302,0,1,244,289,0,0,0,3,1,7,296,0,96,0,144,0,0,8,33,6,0,181,1,443,392,3,0,1,1267,2,1,0,0,0,0,1,44,0,56,63,0,9,5,17,0,1,80,1,23,3,0,0,558,0,1,306,0,57,0,0,0,34,1,115,62,223,66,0,0,1,0,5,89,0,256,0,417,227,3,454,0,286,155,28,0,0,1,0,5,1,1,2,0,290,4,0,0,18,2,0,254,0,43,15,651,90,35,0,0,155,1,10,219,0,466,1,0,147,0,0,1,434,0,1,14,0,0,371,0,0,1,7,2,1,2,2,0,0,71,11,2,63,0,285,20,18,0,0,0,0,76,111,6,2,384,0,1,2,534,0,70,51,259,0,829,0,0,97,1,360,10,16,1,0,35,0,0,0,7,4,0,0,0,0,0,96,0,0,489,0,38,1,0,102,1,1,1,14,159,0,4,522,10,1,261,0,39,0,1,0,0,910,104,0,5,0,68,24,88,741,149,1,1,29,189,0,42,618,0,8,2,120,0,0,95,2,0,0,2,0,0,0,0,236,190,148,63,6,302,0,1,0,2,82,0,69,0,219,0,0,1,270,0,1422,34,100,350,128,0,3,0,0,0,0,0,0,0,1,41,1,129,4,26,6,0,0,0,297,0,205,2,0,8,15,203,1407,1,268,0,2,1,480,0,0,77,0,0,0,1,66,1,0,51,529,0,302,0,13,0,43,0,50,0,1,0,0,150,10,0,9,200,1,0,113,0,1,168,0,267,48,0,0,3,4,1,4,0,54,0,0,2,36,0,0,13,0,366,0,212,295,1,314,0,1,46,1,71,1,2,0,55,0,48,26,0,1,23,0,1,0,0,36,10,14,0,3,2,0,188,16,2,105,106,32,0,3,11,2,1,29,0,67,2,1,0,0,1,0,0
"ENSG00000251630.1",13,0,2,0,0,6,0,0,0,3,7,7,0,0,0,0,3,0,0,0,0,0,0,0,7,8,0,0,0,0,0,7,0,1,0,0,0,0,0,0,0,0,4,12,1,0,1,3,1,0,0,2,0,0,0,0,10,0,6,0,0,0,0,0,0,1,3,6,0,1,1,0,0,0,1,0,6,1,1,0,1,0,0,1,0,2,0,0,0,3,0,0,2,0,0,0,0,17,25,0,0,3,0,0,0,6,0,0,1,2,3,0,2,8,2,0,0,0,0,20,20,0,0,16,2,0,0,5,0,0,2,0,0,0,0,0,0,0,0,0,0,0,1,3,0,0,1,0,3,5,0,0,0,0,0,0,1,0,0,1,1,0,0,0,0,0,8,1,15,0,0,9,0,0,0,0,14,0,1,5,0,0,1,22,3,1,3,1,0,1,0,0,0,0,5,0,0,40,0,22,0,0,1,0,0,12,8,3,2,0,5,0,0,9,7,0,0,0,0,5,0,6,0,3,1,0,0,0,0,0,1,0,0,25,0,5,0,4,0,0,0,1,0,1,0,0,4,1,1,0,4,1,0,0,0,3,0,0,37,1,0,5,0,0,0,7,0,0,0,0,0,0,0,0,0,0,0,0,0,0,44,0,0,0,7,0,0,0,1,0,0,0,1,1,0,0,0,0,0,3,0,0,0,0,0,0,0,0,0,0,12,0,0,0,0,6,0,0,0,2,0,2,0,0,0,0,1,2,0,0,0,1,4,0,0,0,1,0,4,0,0,0,1,0,10,17,0,0,0,0,0,0,0,2,1,0,3,7,0,0,0,2,2,0,0,4,0,0,0,0,0,5,0,0,1,1,9,0,0,49,1,53,3,0,0,3,0,0,1,0,0,0,0,0,0,0,0,10,2,0,0,0,4,0,0,0,0,0,0,0,2,9,1,0,2,0,5,0,0,0,0,0,1,0
"ENSG00000251676.2",0,0,4,0,2,1,1,2,1,1,0,7,0,23,499,0,0,54,0,0,0,0,1,0,54,1,2,19,0,326,5,1,8,4,0,0,112,1,5,2,2,5,3,4,2,0,1,1,2,1,0,127,1,45,2,1,1,1,3,2,2,1,0,6,0,2,0,1,0,1,1092,1,1,0,0,0,0,0,1,9,17,60,2,0,20,0,0,2,0,0,2,24,0,0,0,0,4,1,8,4,0,0,0,0,0,0,3,0,369,5,0,2,0,4,2,3,0,0,0,1,1,2,3,1,0,0,0,2,0,9,0,0,20,0,1,1,1,1,5,2,0,1,174,0,1,2,0,0,0,1,1,1,0,11,1,1,0,0,21,278,55,0,0,1,6,67,10,0,1,3,0,0,0,33,1,0,1,1,0,0,2,6,1,2,34,2,17,2,0,51,1,3,1,15,6,0,0,0,0,0,1,1,2,4,1,53,0,2,4,0,1,0,2,89,1,1,0,0,32,8,0,2,0,2,0,0,0,4,2,2,4,3,0,1,0,0,1,2,1,0,1,0,1,9,2,0,1,0,0,0,0,1,0,0,2,0,0,2,0,82,47,50,6,259,0,0,1,0,103,1,3,0,74,0,0,2,90,0,0,65,24,18,6,0,0,0,0,0,0,0,0,0,0,5,0,67,494,1,9,1,0,1,4,1,0,0,0,3,6,41,0,2,9,0,1,2,12,0,0,0,2,0,1,0,2,0,1,1,0,0,54,0,1,1,0,2,0,0,0,0,3,0,4,1,26,2,11,0,20,0,5,6,1,120,0,0,3,2,1,0,5,0,0,0,1,0,0,2,1,1,0,5,0,133,238,0,123,0,2,1,15,3,7,3,0,23,0,2,0,0,0,3,0,0,0,1,17,0,1,0,0,0,1,0,2,1,1,2,0,1,0,0,0,0,1,0,15,15,3,0,0,0,1,0
"ENSG00000252583.2",0,0,0,0,0,0,0,0,1,0,0,0,0,0,0,0,1,0,0,0,1,0,0,0,1,0,0,0,0,0,0,0,0,1,0,0,0,0,0,0,0,0,0,0,1,0,0,0,0,0,0,0,0,0,0,0,0,0,3,0,0,0,0,1,0,0,0,0,0,0,0,1,0,0,0,1,0,0,0,0,0,0,0,4,0,0,0,0,0,0,0,0,0,0,0,0,0,0,0,0,0,1,0,0,0,0,0,0,0,0,0,2,0,0,0,0,0,0,0,1,0,2,0,0,0,1,3,0,0,0,3,0,0,0,0,2,0,1,0,0,3,0,0,2,0,0,0,0,0,0,0,1,0,0,0,0,2,0,1,1,0,0,1,0,0,0,2,0,0,0,0,1,0,1,0,1,0,0,1,0,0,0,0,0,1,0,1,9,0,1,0,0,0,0,0,0,0,0,0,0,3,0,0,0,2,1,0,2,0,3,3,0,1,3,0,0,0,0,0,0,2,2,0,0,1,0,0,0,0,3,0,0,0,0,0,0,1,0,0,2,0,0,0,0,1,0,0,0,0,0,0,0,0,0,1,0,3,0,0,0,1,1,0,0,0,0,0,3,0,1,0,0,0,1,0,0,0,0,0,0,0,0,0,0,0,1,1,0,0,0,1,0,0,0,0,0,0,0,0,1,0,0,0,1,0,0,0,0,0,0,0,0,0,1,0,0,0,0,0,0,0,0,5,0,0,0,6,0,3,4,0,0,0,0,0,0,0,0,1,0,3,0,0,0,0,0,0,0,0,0,0,0,0,1,0,1,0,0,0,0,0,0,0,3,0,0,0,2,0,0,2,0,0,0,1,0,0,0,0,2,0,0,3,2,2,0,0,2,1,0,0,0,0,0,0,0,0,0,3,1,0,0,0,0,0,0,0,0,3,0,1,0,3,1,1,0,0,0,0,3,0,0,0,2
"ENSG00000252743.1",7,0,1,1,3,5,0,0,4,1,13,14,7,18,9,1,6,2,7,5,4,0,4,4,3,1,0,17,0,6,18,9,11,4,2,2,3,3,0,21,0,1,8,5,2,0,0,0,0,0,6,4,0,10,2,3,3,7,3,1,2,3,12,1,0,23,5,5,10,5,18,3,2,0,0,2,20,0,7,9,3,5,11,0,22,4,0,4,3,0,5,8,8,0,0,1,8,2,8,3,0,1,1,7,5,10,28,1,13,5,1,4,3,1,2,2,12,7,4,5,5,12,0,2,2,0,0,0,28,11,0,0,15,1,1,0,2,1,7,1,0,8,7,2,5,8,4,9,7,3,0,1,3,3,2,12,7,3,6,15,5,0,2,7,2,3,18,5,4,11,0,6,14,44,0,1,4,1,29,7,2,0,17,17,7,2,5,0,2,9,6,1,7,17,1,7,3,7,0,7,7,9,7,26,0,0,3,20,0,9,11,6,2,6,10,6,3,0,2,13,1,0,0,2,2,0,26,46,0,11,4,2,0,6,0,3,1,3,1,3,0,1,5,1,14,2,0,0,12,4,1,0,0,3,1,2,1,0,15,16,18,3,7,6,0,8,1,0,12,1,1,1,3,1,1,3,0,0,4,1,21,1,2,0,12,5,0,2,0,0,4,5,0,6,0,10,12,7,1,12,19,0,3,0,0,1,0,2,8,11,5,4,6,1,6,9,4,13,1,2,10,32,1,18,0,9,2,5,0,0,10,0,1,1,14,0,7,11,7,1,0,3,1,10,14,4,0,0,2,0,2,10,6,11,22,3,12,14,4,3,4,0,11,14,5,4,0,2,1,1,1,28,0,2,7,0,28,2,1,14,0,2,1,0,1,1,1,9,0,11,7,8,0,21,1,10,4,4,13,1,2,3,1,5,4,5,8,28,0,1,3,0,8,1,0,1,1,0,6,1,1,0,7,5
"ENSG00000253147.5",0,0,0,0,0,0,0,0,0,0,0,0,0,0,0,2,1,0,0,0,0,0,0,0,4,3,0,0,0,0,0,0,0,0,0,0,0,0,0,0,0,0,0,0,0,0,0,0,1,0,0,0,0,0,0,0,1,0,0,0,0,0,0,2,1,0,0,0,1,1,0,2,0,1,0,2,0,0,0,0,0,1,0,0,0,0,1,0,0,0,0,0,0,0,1,0,1,0,0,0,2,5,0,0,0,0,1,1,0,0,0,1,0,0,0,0,0,0,0,0,0,0,0,0,0,0,1,0,0,0,0,1,0,0,0,1,0,1,0,0,0,0,0,3,0,0,0,0,0,0,0,0,0,0,0,0,0,0,0,0,0,0,0,0,0,0,1,0,0,0,0,0,0,0,0,0,0,0,0,0,3,0,0,1,0,0,0,1,0,0,0,0,0,0,0,0,0,2,0,0,0,0,0,0,0,1,0,0,0,0,0,0,0,3,1,0,0,0,0,1,2,0,0,0,0,2,0,0,0,0,0,0,0,0,0,0,0,0,0,0,0,0,0,2,0,0,0,0,0,1,0,0,1,0,3,0,2,0,0,1,0,0,0,0,0,0,0,2,3,1,0,2,0,0,0,0,0,1,0,0,0,0,0,2,0,0,3,0,0,0,1,0,0,0,0,0,0,0,0,0,0,0,0,1,0,0,0,0,0,0,0,0,0,0,0,0,0,1,0,0,0,0,5,0,0,0,1,0,0,1,0,0,1,0,0,3,0,0,0,0,1,0,0,0,0,0,0,0,0,2,3,0,0,0,0,1,0,0,0,0,2,0,0,0,0,3,0,0,0,0,0,0,0,0,0,0,1,1,0,0,0,1,11,1,4,0,0,0,0,0,0,0,0,0,0,0,0,0,3,0,0,0,0,0,0,0,0,0,0,0,2,0,1,1,0,0,0,0,0,0,6,0,0,0
"ENSG00000253161.5",3,0,0,1,0,0,0,1,1,0,8,0,5,4,3,0,0,1,0,0,3,0,5,0,1,1,0,2,0,1,3,0,0,3,3,1,6,1,0,1,0,7,1,1,1,0,2,4,0,1,3,1,0,4,0,3,4,0,0,0,6,3,0,0,0,0,1,10,0,1,3,7,5,0,0,0,0,0,3,2,0,1,1,0,3,0,0,0,1,0,8,15,0,0,3,0,1,1,0,1,1,0,5,1,2,1,3,0,15,0,7,1,7,6,0,1,1,1,0,18,8,0,3,2,2,0,0,1,1,5,0,0,1,2,3,0,28,0,4,0,2,2,2,0,3,1,0,1,0,0,2,0,0,11,2,16,0,0,0,7,3,0,0,1,0,2,6,3,1,1,0,2,12,2,0,1,0,0,3,0,2,1,0,1,13,0,0,2,0,0,1,1151,0,2,7,48,0,1,1,0,0,0,8,0,0,2,1,0,1,0,6,4,0,0,0,2,4,0,3,6,0,0,0,0,0,1,0,1,2,8,0,2,1,10,0,4,2,1,0,1,3,3,6,242,0,7,0,1,1,0,1,0,0,0,0,6,0,3,0,3,4,0,3,0,0,0,2,0,1,0,2,0,0,1,2,0,2,0,2,6,0,3,0,0,0,0,0,6,0,2,0,2,4,0,6,0,0,3,1,2,0,0,34,0,1,2,0,1,2,4,0,2,1,0,1,1,11,17,4,2,2,0,0,2,2,1,0,51,0,0,10,2,2,1,1,0,9,2,20,0,0,3,0,0,0,0,0,1,0,0,3,3,1,1,0,0,0,1,0,11,0,5,9,0,4,0,0,2,5,0,0,0,0,3,1,0,0,0,1,1,1,0,0,7,1,1,10,1,0,0,0,8,0,3,1,2,2,6,2,0,0,0,3,1,41,1,38,0,0,17,3,0,1,1,2,1,1,251,9,4,0,0,47,2
"ENSG00000253180.1",1,0,0,1,4,5,0,0,3,0,0,3,4,3,2,0,3,1,2,4,3,1,1,0,3,1,0,2,0,0,8,3,0,1,1,0,0,1,0,7,0,3,4,0,0,0,2,0,0,0,0,1,0,2,0,0,2,0,0,0,0,0,2,0,0,1,0,3,2,0,9,4,0,0,0,0,2,2,4,3,7,4,0,0,6,3,0,0,3,0,3,9,1,0,0,0,0,2,3,2,1,0,0,1,2,5,6,0,5,1,7,0,1,0,7,1,1,0,2,2,3,6,0,1,1,0,0,0,2,4,0,1,0,0,1,0,1,0,1,0,0,1,5,0,6,0,1,0,0,1,0,0,2,0,0,0,0,3,0,3,0,0,2,3,0,0,2,0,3,2,0,1,3,3,0,0,1,0,8,2,0,2,5,5,2,0,3,0,0,2,1,0,0,2,0,1,0,3,1,1,0,2,3,1,0,0,0,2,0,3,0,2,0,2,5,1,0,0,2,2,0,1,0,0,2,0,3,6,0,1,1,0,0,0,0,2,0,0,1,0,1,2,1,3,4,6,1,0,2,9,0,0,0,0,0,6,0,0,0,2,3,0,2,1,0,2,0,0,1,0,1,0,0,1,3,0,0,0,1,0,4,0,0,0,4,0,0,0,0,0,1,0,0,1,0,1,1,0,6,0,2,1,1,0,0,0,0,3,6,5,1,0,4,2,7,5,0,3,1,0,1,5,0,1,1,4,0,0,0,0,2,0,1,3,7,1,1,2,2,2,0,1,1,0,0,0,0,0,0,0,0,4,1,4,7,0,1,6,2,0,3,0,1,2,1,3,0,3,0,0,0,6,1,2,0,0,1,0,2,1,0,1,2,0,0,0,0,0,0,0,2,6,0,3,0,1,3,1,3,0,3,1,2,0,3,3,2,4,0,1,1,0,0,0,1,0,0,1,1,0,0,0,2,0
"ENSG00000253199.2",0,6,0,0,2,0,0,0,0,0,0,0,1,0,0,18,12,0,0,0,3,0,0,0,37,7,0,2,0,1,0,0,0,0,0,0,2,0,0,0,3,0,0,0,0,0,0,0,14,0,0,0,5,0,0,0,4,0,1,0,0,1,0,6,2,0,0,0,11,3,0,8,0,3,0,14,0,3,1,0,0,4,0,0,0,2,6,0,2,0,0,2,0,0,0,5,1,0,0,0,10,26,0,1,0,0,0,21,0,0,0,15,0,0,0,4,0,5,0,0,0,10,0,0,0,14,8,0,0,1,30,2,0,0,0,19,0,13,0,15,6,0,3,8,0,0,0,0,0,0,8,28,0,0,1,0,0,6,0,0,0,0,0,3,0,0,16,0,0,0,7,0,0,0,0,0,0,0,2,0,4,1,0,0,0,0,25,12,1,0,0,0,1,0,0,0,0,2,0,0,0,0,0,8,7,6,0,0,0,0,3,0,0,28,8,0,0,0,0,1,14,7,0,4,10,15,0,0,0,0,70,5,0,0,0,0,9,0,0,0,0,0,0,13,0,0,0,0,2,0,0,0,21,1,2,2,14,1,0,31,0,17,0,0,9,0,4,32,45,14,0,5,0,0,0,0,0,0,1,0,0,0,0,2,0,0,13,0,0,0,1,1,0,0,0,0,1,0,0,0,0,0,0,4,0,0,0,0,0,0,2,0,0,0,0,0,0,0,1,0,0,0,30,0,0,0,8,0,0,10,0,2,8,0,0,12,0,0,0,0,4,0,0,5,0,5,0,0,0,4,18,0,8,0,0,19,0,0,0,0,11,1,1,0,2,29,0,0,0,0,0,0,0,0,0,2,10,14,0,0,2,0,18,2,6,1,0,0,1,0,0,0,0,0,0,9,2,0,30,2,9,0,1,0,0,0,0,0,0,0,16,0,5,20,9,2,0,0,0,3,30,0,0,0
"ENSG00000253227.2",61,0,1,9,35,3,0,0,1,36,1,2,0,351,567,0,0,3,26,10,9,0,3,7,1,0,1,9,1,55,1,24,30,4,32,42,787,9,0,0,0,216,5,1,6,0,251,43,0,3,0,292,0,10,0,0,0,0,0,0,2,10,0,3,1,1,0,20,213,8,67,189,7,0,0,0,746,7,4,8,302,14,67,34,26,1,38,18,89,7,58,498,4,251,0,0,0,0,5,26,5,1,49,32,29,8,15,1,327,0,67,1,125,36,15,3,10,1,30,1641,41,1,0,8,171,1,1,3,5,172,7,0,58,27,154,1,1,0,24,0,0,4,502,0,1,37,68,5,11,14,0,0,6,4,13,3,3,103,3,35,1,4,112,1,10,1,445,29,2,133,0,1,2173,2,51,0,93,5,18,28,0,5,7,13,1,42,3,0,16,2,1,23,2,40,23,0,1,35,8,35,0,13,46,1,0,15,0,0,1,0,1,13,65,3,2,39,6,0,199,195,0,0,0,26,2,1,0,0,35,253,4,5,274,5,0,271,0,1,8,24,10,3080,2,1,76,5,35,0,10,3,0,0,0,2,0,0,0,1,65,1,15,19,104,4,0,44,8,0,3,0,359,2,5,0,12,0,8,0,4,81,0,61,0,1,2,8,0,2,1,46,6,60,0,3,0,510,106,34,1,31,4,0,22,0,1,9,0,20,1,33,1,1,0,42,50,56,26,2,43,23,2,39,0,1,18,0,7,0,20,0,282,1,113,0,225,1,86,90,1,6,0,8,58,16,4,6,0,10,16,0,0,519,3,4,0,1,8,81,9,0,40,2,52,58,7,5,14,12,0,21,2,75,10,18,11,0,1,0,0,0,0,1,0,20,1,69,1,32,1,0,44,2,1,8,0,2,132,0,15,0,2,0,7,1,1223,0,261,391,0,10,60,0,1,1,24,1,10,8,2,4,0,0,37,1
"ENSG00000253293.5",438,0,46,1,60,146,1,0,2,3,331,1014,2,2,161,1,440,2,5,21,1,2,493,1,8,80,3,174,91,2,12,2,0,0,8,4,137,4,725,476,8,0,128,205,3,0,1,1,1,2,4,2,1,73,13,40,1,2,1,0,0,7,0,2,1,283,3,23,3,145,34,1,2,1,0,0,213,106,75,3,2,396,372,8,10,242,39,0,16,1,95,111,457,58,212,2,4,5,161,177,1,1,202,1,28,198,211,0,263,127,3,3,1,8,63,48,205,3,6,9,1,18,0,34,67,0,3,1,12,3,6,2,30,2,192,0,28,1,6,1,1,698,13,2,382,919,248,110,145,1,0,5,27,12,87,1,2,0,39,1,0,95,0,272,138,1,217,93,239,875,61,8,1,659,68,2,3,81,286,121,0,61,55,2,59,5,2,78,14,0,76,51,183,5,14,882,0,5,1,543,0,1,4,222,0,18,5,7,0,2,66,46,46,5,198,1,6,7,258,713,0,7,1,4,3,1,4,168,1,21,139,3,6,311,19,7,1,217,1,1,110,4,40,69,482,1,1,116,21,12,3,7,0,1,0,0,1,187,0,347,10,1,780,866,1,2,71,0,0,0,1,2,0,2,17,4,320,0,246,620,107,72,1,0,2,5,1,26,419,190,3,269,106,1,14,19,49,0,0,0,3,125,3,2,248,1,0,519,2,4,11,17,0,219,33,4,0,347,3,8,4,155,1,153,1,3,1,290,1,0,430,88,3,99,18,1,17,6,1,0,1,3,1,7,230,1,0,94,17,0,17,2,0,8,10,2,95,102,112,19,5,9,30,470,661,3,56,1,8,6,0,972,205,16,268,3,228,1,6,71,0,4,4,7,3,1,643,20,0,0,54,0,0,2,128,0,17,80,103,0,111,226,339,0,114,12,288,29,0,1,1,0,8,2,234,107,170,194,418,23,0,0,7,1
"ENSG00000253302.1",16,3,5,5,2,9,12,0,7,5,0,6,6,16,9,0,2,9,3,2,3,0,9,2,4,7,3,2,1,3,3,7,6,2,6,16,8,6,3,2,4,2,3,7,2,1,7,2,0,0,1,9,1,12,3,1,4,9,13,10,10,3,2,1,2,3,1,8,11,3,15,18,5,1,3,0,12,5,8,6,11,7,17,2,12,7,8,22,20,15,18,8,11,0,1,0,0,1,7,4,5,1,8,8,4,4,17,0,24,1,6,0,8,0,10,2,13,2,3,29,2,9,1,21,18,2,4,4,6,13,2,0,11,4,6,2,1,1,6,2,0,6,14,1,4,9,7,26,1,4,0,2,2,8,2,1,14,13,9,3,6,18,15,4,2,4,11,26,0,7,5,5,9,9,7,1,30,11,5,4,0,12,11,2,2,5,0,2,76,6,3,0,3,10,1,9,0,16,13,27,4,3,17,6,1,2,3,3,0,1,6,62,52,9,3,2,14,18,9,7,0,1,12,17,2,1,10,2,12,2,7,5,5,8,13,2,1,8,1,15,60,7,11,1,2,18,1,18,4,11,0,3,0,9,4,1,1,2,7,7,6,4,3,26,1,15,11,0,43,0,18,0,6,2,8,3,7,0,20,1,10,17,3,2,5,0,1,3,24,15,4,2,16,24,23,5,8,3,4,10,3,8,53,0,13,2,2,2,5,10,5,15,2,17,6,7,12,5,27,3,3,15,0,8,18,1,2,10,30,2,10,1,2,2,6,4,1,6,6,9,2,4,8,8,4,3,7,10,3,0,2,40,2,8,2,1,4,4,5,20,39,9,6,7,15,1,7,5,0,13,12,8,9,8,9,12,156,1,3,41,0,3,4,10,8,10,14,4,7,1,32,9,2,8,11,2,24,1,2,0,1,3,10,5,3,4,7,9,1,21,3,6,4,4,6,0,17,16,11,11,2,2,1,1
"ENSG00000253307.1",5,0,4,0,12,4,4,0,0,8,11,1,0,1,1,2,3,0,0,3,2,2,0,0,0,1,0,3,0,2,2,4,0,2,0,4,2,0,2,0,0,1,0,0,0,4,0,1,0,0,0,2,0,3,0,2,1,3,0,0,1,0,0,0,0,6,3,0,1,0,1,4,1,0,0,0,4,1,0,0,0,1,7,4,0,1,0,0,7,0,7,0,2,0,0,0,0,4,1,0,1,0,2,0,8,0,2,0,5,6,6,1,2,0,1,0,6,0,2,0,0,0,0,1,2,0,0,0,1,4,1,1,1,5,6,0,1,0,0,1,0,12,1,0,6,1,3,4,9,6,0,0,0,0,0,0,1,5,0,0,0,6,0,10,2,5,3,1,1,1,0,3,0,1,5,0,0,0,8,0,0,1,0,0,0,1,5,0,6,0,0,3,0,1,1,0,1,0,0,8,0,0,10,1,0,0,0,3,0,1,2,3,1,1,1,0,2,0,3,3,0,0,0,5,1,1,0,1,0,1,1,0,0,0,0,0,0,0,1,1,1,1,0,0,12,1,0,5,1,0,0,2,0,0,0,1,1,1,0,15,2,1,1,1,0,6,7,0,0,0,0,1,0,0,0,0,15,0,0,2,2,2,0,0,0,1,0,2,1,1,1,0,3,0,0,12,2,0,4,7,4,2,3,0,0,0,0,0,0,0,1,17,0,9,3,5,0,7,1,0,8,8,0,2,0,0,0,0,0,0,0,3,0,0,2,0,0,1,0,0,0,0,0,4,0,0,0,2,1,0,0,6,0,0,0,0,3,7,0,1,0,0,0,2,26,0,0,11,2,0,0,0,0,2,1,1,0,0,0,2,2,0,2,1,0,0,0,3,0,0,29,0,0,3,6,1,0,0,1,0,0,1,0,0,0,4,0,1,0,3,0,0,0,0,16,2,0,0,2,0,0,0,1,0
"ENSG00000253308.2",29,0,0,1,0,0,4,0,0,4,1,14,22,3,2,0,0,0,0,0,0,0,0,0,0,0,0,1,1,0,0,5,0,0,0,0,0,0,13,12,0,0,0,0,0,0,0,0,0,0,0,0,0,0,2,0,0,0,0,0,0,0,0,0,0,0,1,0,0,0,0,0,1,0,0,0,15,1,40,0,1,0,0,0,1,1,0,0,0,0,0,0,0,6,4,0,0,0,4,0,0,0,34,0,0,7,0,0,7,0,0,0,0,0,0,0,0,0,0,2,0,0,1,0,0,0,0,0,1,3,0,0,0,0,0,0,8,0,0,0,0,3,1,0,0,7,0,0,0,2,1,0,0,0,0,0,0,0,0,2,0,1,1,0,0,0,0,4,0,9,1,0,0,0,0,0,0,19,2,2,0,0,0,2,0,0,0,0,0,0,0,0,0,0,0,1,0,0,0,1,0,0,0,0,0,0,0,6,0,0,0,0,3,0,0,0,0,0,0,3,0,0,0,0,0,0,0,5,0,1,0,0,0,0,0,0,0,2,0,0,0,3,14,0,0,2,0,0,0,0,0,0,0,0,0,0,0,0,0,0,0,0,0,0,0,1,1,0,0,0,0,0,0,0,0,0,4,0,21,0,0,1,0,0,1,0,0,0,0,0,0,0,0,0,0,2,0,0,0,3,0,0,2,0,0,0,0,0,0,1,0,0,0,0,0,0,0,0,1,0,0,36,0,0,0,0,0,0,0,0,1,0,2,0,11,0,0,0,0,2,0,0,0,0,0,0,0,0,0,0,0,0,1,0,0,0,0,5,0,0,0,0,6,0,0,0,0,0,0,0,0,0,0,3,0,0,0,0,0,0,0,0,1,0,0,0,0,2,0,0,0,0,0,0,0,0,0,1,0,0,0,0,1,0,11,0,0,0,0,1,0,0,0,0,0,0,0,0,5,0,0,0,72,0
"ENSG00000253363.7",1,0,0,0,0,0,0,0,0,0,1,9,0,80,8,2,0,67,0,0,0,0,45,29,62,0,1,1,90,441,41,0,0,19,24,0,146,0,0,2,3,1,2,0,0,0,0,7,0,0,0,86,0,104,17,0,0,1,120,0,0,0,78,27,24,0,1,1,0,0,74,0,26,0,0,0,0,4,159,72,139,6,0,2,101,0,1,3,0,4,0,546,85,0,0,0,0,49,214,0,1,0,0,1,0,2,1,0,165,0,0,0,0,0,0,65,0,171,3,260,54,0,0,0,17,0,0,12,0,62,13,0,2,0,0,0,0,0,18,43,0,1,74,2,0,116,0,0,0,0,0,0,0,204,5,0,11,0,29,62,21,0,0,0,0,4,65,1,0,34,132,1,0,6,0,26,0,198,0,159,0,0,28,18,89,1,56,0,1,67,0,168,1,11,22,66,0,0,1,0,0,0,0,1,0,70,0,0,21,0,0,8,16,155,0,0,0,0,2,246,0,30,0,0,0,0,0,49,0,2,0,43,0,0,1,119,0,0,0,70,0,0,0,0,2,3,16,1,0,0,8,1,0,0,0,0,0,0,149,0,134,23,0,102,1,0,0,1,182,0,25,0,54,0,0,0,57,0,0,27,56,167,34,0,0,0,0,0,0,2,1,0,1,118,0,32,54,0,3,0,0,0,874,0,23,0,0,0,52,410,125,0,16,0,0,0,244,1,0,19,0,0,0,0,22,0,0,0,192,0,204,0,14,0,179,0,0,0,1,0,0,56,8,0,87,39,62,0,24,0,1,2,0,144,37,0,1,1,0,0,2,0,7,1,0,0,0,0,0,16,0,81,15,47,76,0,34,2,0,52,9,6,69,0,0,1,0,146,1,0,0,0,0,0,0,0,134,55,49,0,4,0,0,1,14,0,81,0,19,0,8,40,0,0,2,0,35,1,0,0,1,0,0,1
"ENSG00000253369.2",1,0,4,0,0,0,0,0,0,0,0,1,6,10,0,0,0,1,1,1,0,0,0,0,0,0,6,0,0,2,0,0,0,0,0,0,1,0,0,0,0,0,0,61,0,1,0,0,1,0,0,0,0,0,0,0,0,0,0,0,0,0,0,2,1,0,0,450,0,0,0,0,1,0,0,0,2,0,1,0,12,1,0,0,1,0,0,0,5,1,0,1,0,15,0,0,0,27,11,0,0,0,2,0,0,0,0,0,0,1,1,0,1,0,1,0,0,1,1,1,0,0,0,0,0,0,0,0,1,3,0,0,0,0,0,0,0,0,1,0,0,0,1,0,1,0,5,1,0,0,0,2,0,0,0,1,0,0,1,0,0,0,0,1,0,0,0,0,0,1,1,0,0,0,0,0,0,1,4,0,0,0,64,0,0,0,0,1,0,0,0,1,0,3,0,0,0,0,0,0,1,2,2,2,0,0,0,0,0,0,0,1,0,0,2,1,1772,73,0,0,0,0,0,0,1,0,3,1,0,0,0,0,0,0,39,2,0,0,0,0,0,0,15,1,7,4,0,0,0,0,0,0,0,0,0,0,0,0,8,0,2,0,0,0,0,1,0,0,0,0,0,0,0,0,1,0,0,0,20,1,0,0,1,0,0,1,0,0,0,0,1,0,0,0,100,0,2,0,1,1,0,1,4,0,0,0,1,0,0,0,0,0,1,0,0,0,5,0,3,0,0,0,1,0,0,0,0,0,17,0,5,0,1,0,2,0,24,0,52,1,0,0,0,1,0,0,0,1,0,0,0,0,4,0,0,0,0,0,1,0,0,0,30,2,1,0,3,0,0,0,0,8,0,0,1,0,0,0,0,0,0,0,0,0,1,0,1,1,0,0,0,0,0,0,0,0,1,0,0,0,0,5,0,0,0,1,0,0,0,1,0,0,0,1,0,0,0,0,0,0,0,1,1,0
"ENSG00000253376.2",1,0,0,2,0,0,0,0,0,0,0,0,0,57,4,0,0,0,0,0,0,0,0,0,0,1,0,3,0,0,0,0,1,4,0,0,0,1,0,0,0,0,0,0,0,0,1,0,0,0,0,131,0,0,0,0,0,0,2,0,0,1,0,0,0,0,0,0,0,0,121,0,0,0,0,0,1,1,0,0,171,0,0,0,0,1,0,10,0,3,1,2,0,0,0,0,0,0,0,0,0,0,0,0,0,0,0,0,3,0,0,0,0,0,0,0,0,0,1,7,0,0,0,1,0,0,3,0,0,0,0,0,16,0,4,0,0,0,0,0,0,0,1,0,0,0,3,0,0,0,0,0,0,0,0,0,0,0,0,0,2,1,1,0,0,0,0,1,0,2,0,1,1,0,0,0,0,32,0,1,0,0,0,0,0,0,0,0,0,0,0,0,1,2,0,0,0,0,0,0,0,0,0,2,0,15,0,1,0,0,0,0,1,0,1,1,0,0,0,0,0,0,0,0,0,0,0,0,0,0,0,1,0,0,0,46,0,0,0,0,0,2,0,0,2,0,0,0,0,0,0,0,0,1,0,0,0,0,1,1,3,22,2,1,0,1,0,0,7,0,0,0,81,0,0,0,0,0,0,3,1,0,0,1,0,0,0,0,0,0,0,0,0,0,0,0,1,0,0,0,1,0,3,0,8,0,0,1,0,1,0,0,0,0,0,1,139,1,0,0,0,0,0,1,0,0,0,0,2,1,2,0,0,1,0,0,0,0,0,0,0,0,0,0,0,6,0,0,0,0,1,0,0,0,0,0,0,0,0,0,0,0,0,0,2,0,0,1,0,1,0,0,0,0,1,0,0,0,0,0,1,0,0,0,0,1,0,0,0,0,0,0,0,0,0,0,1,2,1,0,0,0,0,0,0,0,4,0,0,0,0,0,0,0,6,0,61,0,0,0,0,0,0,0
"ENSG00000253395.1",2,0,1,5,1,2,2,2,3,28,2,1,2,56,58,1,0,3,0,4,4,0,7,1,0,0,3,8,2,14,48,4,41,0,27,25,9,2,0,0,1,12,0,1,1,0,24,3,0,1,0,29,0,8,3,12,0,1,0,1,1,8,0,0,0,0,0,5,73,5,26,16,0,1,0,0,11,2,2,3,16,3,4,14,1,0,4,0,3,0,78,85,1,20,1,0,0,0,17,11,1,1,9,0,10,1,0,1,3,1,81,1,7,5,0,3,10,0,49,80,0,2,1,4,17,0,0,0,1,34,1,0,6,10,43,2,0,0,1,0,0,12,19,0,11,80,30,9,6,38,0,0,0,0,0,1,0,71,13,4,0,19,28,9,1,3,46,17,3,81,3,34,47,0,2,2,40,0,12,4,0,3,7,9,0,2,0,0,2,0,0,0,3,42,0,0,0,19,0,84,0,1,17,3,0,16,0,7,1,0,2,5,86,4,0,34,6,0,15,41,0,0,0,0,1,0,1,25,8,19,2,0,14,2,0,19,0,0,0,2,4,74,6,2,13,55,0,2,31,0,3,1,0,12,0,3,0,4,18,5,35,0,118,2,0,13,5,0,1,1,36,0,18,0,40,0,6,0,0,7,4,10,1,0,0,2,0,1,0,51,3,5,2,1,10,198,69,0,0,32,16,0,4,0,1,0,0,1,1,0,0,2,1,57,22,22,8,6,4,7,1,14,0,1,16,6,2,0,1,1,7,0,2,0,76,0,4,132,0,1,0,4,3,9,7,0,0,2,1,0,0,82,0,1,0,0,7,15,0,10,12,0,0,39,4,0,7,26,0,1,1,15,2,3,6,0,3,2,0,1,0,1,0,4,6,5,4,24,0,25,10,1,0,6,2,0,17,2,3,1,4,0,4,0,65,6,26,13,0,3,6,0,0,2,0,0,3,2,2,2,1,0,4,0
"ENSG00000253414.3",4,1,10,6,4,2,2,1,2,1,10,1,4,11,13,1,3,4,0,4,7,0,12,6,1,1,3,0,1,2,2,1,4,3,4,2,19,3,0,2,1,6,2,7,3,2,0,11,0,4,7,2,2,3,1,1,4,1,2,0,5,7,0,0,0,0,0,6,0,7,1,16,3,0,1,1,2,1,11,1,3,0,6,7,2,0,6,0,17,5,15,21,1,0,3,1,8,10,4,2,6,1,6,0,5,2,6,0,13,0,4,1,14,10,0,0,1,7,2,14,11,6,1,5,6,0,1,2,3,2,3,1,0,9,4,0,29,0,4,0,1,11,0,5,5,3,3,4,0,1,1,0,0,6,1,27,1,3,3,5,5,0,0,1,3,1,6,15,2,4,0,2,15,0,7,2,4,4,6,2,0,0,2,6,14,1,5,2,0,1,0,239,4,2,3,97,0,1,1,3,3,0,11,1,0,3,7,1,5,0,8,2,0,0,3,1,6,4,7,15,0,3,3,0,0,0,0,2,4,10,3,1,6,21,1,4,0,12,2,3,3,7,6,4,7,2,0,1,0,0,5,0,0,4,0,6,0,9,3,3,4,1,8,0,1,3,1,0,2,0,10,0,3,0,1,1,2,0,1,7,0,9,1,4,0,6,2,13,4,5,6,2,10,2,11,1,1,5,0,4,2,1,214,3,4,12,1,2,2,2,0,4,0,8,4,3,2,20,12,5,4,3,0,0,3,2,4,67,3,1,17,3,6,0,0,2,16,2,15,1,1,10,12,0,4,1,0,4,5,2,6,14,3,5,0,1,2,0,0,12,0,14,11,7,13,2,3,5,4,1,3,0,0,5,6,5,1,0,1,0,0,2,1,10,3,1,17,1,2,0,1,10,0,5,4,1,4,26,3,0,0,2,5,1,57,5,81,0,2,16,6,4,0,0,2,0,3,5,8,0,0,0,98,2
"ENSG00000253417.5",8,0,0,42,134,8,0,0,0,4,0,0,0,2,33,0,0,3,0,48,0,0,9,0,0,0,0,2,5,0,0,147,0,32,0,4,6,2,0,0,0,370,0,0,0,0,2,19,1,0,0,10,6,8,0,58,0,0,0,1,0,31,2,1,0,4,1,0,0,9,2,23,0,0,0,0,55,1,0,1,991,48,1,35,10,1,0,1,1,0,1,90,1,8,0,0,0,2,0,53,2,0,2,0,0,1,3,0,19,0,8,0,32,15,1,0,82,2,0,5,0,8,0,1,1,0,0,0,12,70,8,0,85,2,126,1,2,0,8,2,1,66,7,1,0,45,0,86,0,0,0,0,0,6,1,0,2,1,7,20,0,1,33,1,50,0,3,9,0,1,0,1,481,98,1,0,6,152,0,2,0,14,0,0,0,3,0,0,0,1,2,0,9,17,7,0,1,4,0,7,9,159,16,159,0,8,0,86,10,0,27,9,0,1,5,11,0,20,9,37,0,4,3,15,0,0,1,8,3,1,1,5,3,1,0,1,0,0,1,0,8,9,4,0,65,1,0,0,0,0,0,0,0,2,0,1,0,14,0,0,6,1,743,3,0,0,8,0,11,0,4,2,0,0,0,0,1,0,3,2,1,0,1,0,1,0,0,7,4,171,0,6,14,0,1,0,7,0,3,7,0,0,0,0,41,0,0,5,0,0,37,6,0,88,19,3,8,1,11,1,3,3,0,15,137,0,1,1,0,0,1,0,9,0,0,0,0,8,0,18,0,4,0,249,4,2,0,8,11,0,0,0,0,10,0,0,5,25,1,1,0,0,0,32,0,0,18,0,0,0,1,4,1,0,52,0,1,0,0,0,0,2,4,1,6,15,3,4,0,0,0,3,1,34,28,1,120,0,1,0,0,1,1,0,4,0,0,1,0,1,23,0,0,0,7,0,10,2,33,0,0,1,0,0
"ENSG00000253425.2",3,0,0,0,0,0,0,0,0,0,0,0,0,29,0,0,0,24,22,0,0,0,0,0,0,0,0,4,0,0,0,0,0,0,0,0,14,0,0,0,0,0,0,0,0,0,0,0,0,0,0,2,0,0,0,0,0,0,0,0,0,21,0,0,0,0,0,0,0,0,8,0,0,0,0,0,0,0,0,0,16,1,0,0,7,0,0,14,0,0,0,27,0,0,0,0,0,0,11,0,0,0,0,0,0,0,1,0,14,0,0,0,0,9,0,0,0,0,0,20,0,0,0,0,6,0,0,0,0,13,0,0,11,0,0,0,14,0,0,0,0,0,9,0,1,0,6,0,0,0,0,0,0,0,1,0,1,0,23,7,0,0,2,0,0,0,10,0,0,1,2,0,8,2,0,0,2,1,0,3,0,0,4,0,1,0,3,0,0,0,0,3,0,2,0,0,0,0,0,0,0,0,0,1,0,0,0,0,0,0,0,0,2,0,0,2,25,0,0,1,0,0,0,0,0,0,4,0,0,0,0,0,0,0,0,19,0,3,1,0,0,4,3,0,4,0,0,0,0,1,0,0,0,1,0,0,0,0,18,2,0,0,5,4,0,0,0,0,0,0,3,0,1,0,0,0,1,0,0,0,0,0,1,0,0,0,0,0,0,0,0,0,0,0,0,1,1,4,5,0,0,0,0,0,0,0,0,0,0,0,9,0,0,0,0,7,0,1,0,2,0,0,0,0,0,0,0,17,1,0,7,0,2,0,0,0,0,0,0,0,0,0,3,0,2,0,0,0,2,0,0,0,0,0,0,0,0,0,5,0,0,0,5,0,0,0,0,0,0,0,0,36,0,0,0,0,0,0,0,0,0,8,0,0,0,8,0,0,0,0,21,0,0,0,0,0,12,0,0,0,0,0,0,0,0,0,1,1,0,0,0,0,0,0,0,0,0,0,0,0,0,0,0,1
"ENSG00000253474.2",1,0,0,1,0,1,2,0,0,1,1,1,0,0,1,2,0,1,0,0,2,0,0,0,0,0,0,0,0,0,0,1,0,0,0,0,0,0,2,3,0,0,0,0,1,0,1,1,1,0,0,1,1,0,0,0,0,0,0,0,1,0,0,1,0,0,0,0,0,0,0,0,0,0,1,1,0,2,1,0,0,0,0,0,0,0,0,0,0,0,0,6,1,0,1,0,1,0,0,1,4,0,0,0,0,3,0,1,0,0,0,1,0,2,0,0,1,1,0,1,1,1,0,1,0,3,3,0,0,1,0,1,0,0,0,0,1,3,0,0,3,1,0,0,2,1,2,0,0,0,0,3,0,0,4,0,0,0,0,0,0,1,0,0,0,0,0,0,1,0,0,0,0,0,1,0,0,0,0,0,0,0,0,0,0,0,2,0,0,0,0,1,0,1,0,0,0,0,0,1,0,0,0,0,2,0,0,1,0,0,1,0,0,0,0,1,0,2,0,5,0,0,0,0,0,1,0,0,0,0,0,0,1,0,0,1,2,0,0,0,0,4,0,1,0,0,0,0,0,0,0,1,0,0,0,0,0,0,0,0,2,1,0,1,3,1,0,6,0,1,0,1,0,1,0,0,0,0,0,0,0,1,0,1,0,1,1,0,0,0,8,0,1,0,0,0,0,0,0,1,0,0,0,0,0,0,0,1,0,0,1,0,0,0,0,0,2,0,0,0,0,0,4,0,7,0,0,0,1,0,0,0,0,0,0,1,0,2,0,0,0,0,0,0,0,0,0,0,0,2,2,0,0,0,0,0,0,0,0,0,0,0,0,0,0,0,0,0,0,0,0,0,1,1,0,0,0,7,0,0,1,1,0,0,1,1,0,0,0,0,0,0,2,0,0,2,1,0,2,1,0,0,0,0,1,0,0,0,0,0,0,0,0,0,0,0,0,0,0,2,0,0,2,0
"ENSG00000253484.1",0,0,0,0,0,0,0,0,0,0,16,0,68,0,0,0,0,1,0,0,0,0,0,0,1,0,0,0,0,0,0,0,0,0,0,0,1,0,13,8,0,0,0,118,0,0,0,0,0,0,0,0,0,10,0,1,2,1,0,0,0,0,0,0,0,0,0,59,0,0,0,0,0,0,0,0,0,0,12,0,27,0,0,0,1,0,0,2,0,0,0,54,2,0,49,0,8,0,10,0,0,0,0,0,0,1,0,0,3,0,0,0,0,0,0,2,0,1,0,169,16,0,0,0,0,0,1,0,0,1,0,0,3,0,0,0,0,0,0,0,0,0,0,0,0,0,0,0,0,0,0,0,0,0,0,0,0,0,8,0,0,3,0,0,0,0,0,0,0,0,0,0,0,1,1,0,0,14,0,94,0,0,1,0,2,0,0,0,0,0,1,0,0,0,0,0,0,0,0,0,0,0,0,0,0,2,0,0,0,0,0,0,0,0,0,0,0,0,3,0,0,0,1,0,0,0,30,0,0,0,0,0,0,10,0,25,0,31,0,0,0,0,60,0,0,2,0,9,1,0,0,0,0,7,0,0,0,0,0,0,0,0,0,22,0,0,0,0,0,0,1,0,0,0,0,0,28,0,4,0,0,120,19,0,16,0,0,0,0,0,0,0,0,0,4,0,0,1,0,0,0,0,1,0,4,0,0,0,0,211,0,0,0,0,0,0,62,0,0,0,0,0,0,0,0,0,0,74,175,0,20,0,0,1,6,0,52,0,9,0,0,0,0,0,0,0,0,0,18,0,0,0,0,0,0,0,0,0,2,2,0,0,0,0,0,0,0,0,5,0,0,14,0,75,0,0,0,0,0,0,1,0,0,0,0,0,0,0,0,0,5,0,0,1,0,0,1,0,1,0,0,0,0,0,0,0,0,0,0,0,0,0,0,0,0,0,0,0,2,0,0,0,0,0
"ENSG00000253508.1",7,0,0,8,2,0,0,0,12,15,0,1,23,7,14,0,16,20,0,0,1,0,12,8,11,1,0,42,8,9,0,12,6,13,0,0,17,3,0,0,10,1,1,1,0,11,0,0,0,0,0,0,0,20,0,124,0,0,140,0,54,1,0,9,0,5,15,0,0,36,4,10,0,0,1,0,8,64,6,4,34,52,13,17,45,39,1,0,0,63,8,0,5,0,1,0,0,0,25,35,21,0,43,1,3,13,69,0,21,1,0,0,0,36,29,2,1,2,0,1,0,48,0,46,1,0,4,23,0,2,15,0,43,2,1,0,13,0,0,0,0,4,0,0,2,117,16,0,0,0,0,0,28,26,2,15,1,2,7,63,0,0,0,15,0,0,2,91,14,102,35,15,13,29,1,4,0,53,0,0,0,20,12,0,0,0,27,52,0,27,141,8,65,30,25,82,0,0,0,10,0,12,0,50,0,1,0,30,34,5,6,1,2,2,22,2,16,0,11,96,0,23,0,6,0,0,0,42,0,0,56,1,0,9,0,6,0,5,5,10,20,32,23,35,0,7,1,0,2,1,9,2,0,0,0,0,0,12,0,51,45,101,39,15,0,28,31,0,16,0,3,0,0,0,6,9,91,0,4,14,23,2,68,0,0,0,0,1,2,0,0,26,4,0,2,0,0,0,0,1,22,54,0,0,2,2,3,47,13,10,12,8,0,2,1,0,0,0,0,12,6,4,0,0,0,0,0,28,0,0,17,19,9,22,4,0,0,10,9,0,0,0,2,0,78,76,20,15,1,0,0,18,22,4,27,0,0,5,2,0,6,1,0,2,0,1,56,0,28,30,1,10,3,0,2,36,4,0,0,90,0,27,10,6,0,19,22,29,2,9,3,31,0,0,1,2,4,1,3,0,18,14,48,0,80,0,3,0,24,0,2,38,0,0,27,0,2,3,66,0,0,0,1,0
"ENSG00000253553.7",4,5,0,1,1,0,3,1,0,0,0,0,1,7858,193,1,0,317,3,0,0,1,0,2,0,2,0,23,0,73,0,0,1,60,0,28,15,0,0,0,0,2,0,0,1,0,1,14,1,0,0,2,1,0,1,1,0,0,0,0,0,59,0,1,0,0,0,0,1,0,15,1,0,0,0,0,0,0,12,18,45,18,0,0,44,0,0,702,1,53,0,1274,13,0,0,0,0,3,10,1,0,0,2,0,1,0,0,0,343,0,0,0,2,1,0,11,1,1,5,51,0,0,0,0,37,0,11,1,0,142,0,0,3010,0,0,0,0,1,6,0,1,2,483,5,0,0,0,0,0,0,2,0,3,92,21,14,256,6,0,114,30,0,767,0,0,31,0,3,0,54,0,42,7,5,1,0,1,12,1,2,0,3,1,1,6,92,1,0,0,1,0,14,1,0,1043,1,0,0,0,0,51,1,2,619,0,1,0,0,0,1,2,5,673,0,1,11,0,0,26,26,0,0,0,0,0,0,2,4,0,0,0,0,2,0,2,22,0,0,6,9,1,9,0,0,2,0,1,0,0,1,0,1,0,0,0,0,1,0,8,3,12,1,8,10,1,1,1,3,1,0,1,0,13,1,1,0,4,0,0,10,4,397,0,0,1,1,0,0,0,0,2,0,1,0,0,10,0,1,1,2,0,0,21,0,1,0,0,0,0,2,26,0,32,0,1,35,4,1,1,0,0,0,0,0,5,0,7,0,3,2,14,0,27,0,1,0,0,0,0,0,0,0,3,7,14,1,1,1,575,3,0,2600,0,45,0,1,0,0,5,0,2,0,2,1,3,6,0,2,0,2,0,12,6,4,2,0,117,3,0,11,0,1,8,1,0,340,1,4,0,1,0,0,0,0,0,0,4,21,4,0,0,0,0,0,125,10,405,9,0,2,1,0,0,0,930,0,0,0,3,2,0,0,0,1
"ENSG00000253569.1",0,0,0,0,0,0,0,0,0,0,0,13,0,7,1,0,0,0,0,0,0,0,0,0,2,0,0,0,6,10,0,0,3,0,4,0,0,0,9,13,0,0,0,0,0,0,0,0,0,0,0,1,0,1,0,0,0,0,0,0,0,4,0,1,0,0,0,0,0,0,26,0,0,0,0,0,0,0,4,4,5,2,0,0,0,0,0,1,0,0,0,5,0,0,0,0,0,12,5,0,0,0,0,1,0,0,0,0,19,1,0,0,0,0,0,0,0,1,0,1,0,0,0,0,0,0,0,3,0,0,1,0,3,0,0,0,0,0,1,0,0,0,4,0,0,0,0,0,0,0,0,0,0,23,0,0,0,0,0,1,0,0,0,0,0,6,3,0,0,7,0,0,0,3,0,0,0,9,0,0,0,0,0,0,0,0,0,0,0,1,0,4,0,8,1,0,0,0,0,0,0,0,0,16,0,0,0,0,0,0,0,0,0,0,2,0,0,0,0,0,0,1,0,0,0,0,0,11,0,0,0,4,0,0,0,3,0,0,0,0,0,0,0,0,0,0,1,0,0,0,0,0,0,0,0,0,0,0,4,0,19,0,0,2,0,0,0,0,7,0,2,0,4,0,0,0,2,0,0,13,9,0,7,0,0,0,0,0,0,0,0,0,0,0,0,18,1,0,0,0,0,0,107,0,0,0,0,0,14,4,0,0,0,0,0,0,22,0,0,1,0,0,0,0,0,0,0,0,0,0,17,0,0,0,0,0,1,0,0,0,0,0,0,0,12,4,0,0,7,0,0,8,0,8,0,0,0,0,2,0,4,0,0,0,0,0,0,0,0,0,0,0,0,1,6,0,12,0,0,1,0,0,0,0,0,0,0,21,6,0,0,0,0,0,0,0,0,4,0,0,0,0,0,0,0,0,7,8,0,0,0,0,0,0,0,0,0,0,0,0,0,0,0,0
"ENSG00000253584.1",0,0,0,0,0,0,3,0,0,0,0,48,0,28,34,3,0,18,0,0,1,0,10,13,28,42,0,30,7,21,0,0,26,5,13,0,23,0,18,28,0,1,4,4,0,0,0,9,0,0,0,12,0,4,0,0,0,2,8,0,0,37,2,13,0,0,9,0,0,0,5,0,15,0,0,0,0,0,21,22,24,14,0,0,29,0,1,0,0,2,0,17,21,0,0,0,0,42,19,0,0,0,0,4,0,0,5,0,49,15,0,0,4,14,0,24,0,12,13,25,1,17,0,0,18,0,0,9,0,11,5,0,31,0,0,0,0,0,15,23,0,1,24,0,0,68,6,0,0,0,0,0,0,9,5,2,18,0,29,11,5,0,4,0,0,17,19,0,1,17,0,30,2,15,0,11,27,24,0,22,0,0,15,5,8,3,34,0,9,11,0,0,1,14,8,10,0,0,0,0,8,0,0,66,0,21,0,0,16,2,0,1,13,35,60,0,0,0,5,132,0,28,0,0,0,0,1,12,0,0,0,21,0,0,1,8,0,0,1,14,0,9,0,0,0,0,8,0,0,0,2,1,0,23,0,0,0,0,22,27,58,62,0,35,0,0,0,0,53,0,34,0,27,0,0,0,12,0,0,14,34,10,3,0,0,0,0,0,0,1,1,0,0,18,0,43,3,1,1,0,0,0,14,0,15,0,4,4,10,4,24,0,24,0,0,0,42,2,0,18,0,0,0,0,19,1,1,0,4,0,19,0,8,0,0,0,0,0,0,0,0,4,16,0,14,21,3,0,21,0,0,37,0,40,0,0,0,0,0,0,25,0,13,0,0,6,0,0,0,19,0,10,1,2,64,0,62,0,0,34,8,15,7,0,0,11,0,15,6,0,0,0,0,0,0,0,12,22,4,0,14,8,0,0,1,0,26,17,3,0,3,7,0,0,17,0,10,0,6,0,0,5,0,0
"ENSG00000253608.2",0,0,3,0,0,3,0,2,9,0,2,3,0,0,0,0,5,15,0,1,11,0,0,11,2,19,5,2,1,0,2,0,0,30,10,0,9,7,3,0,11,0,2,22,4,0,2,0,0,0,8,1,1,0,64,4,5,0,4,0,11,14,3,2,9,12,0,49,0,1,0,0,1,2,1,0,0,0,0,1,1,6,0,0,26,0,7,8,0,0,18,6,0,0,15,0,13,4,2,0,0,3,0,37,1,0,7,0,1,2,0,5,0,0,0,26,1,0,9,3,8,0,0,9,0,1,0,2,0,2,0,0,0,5,2,2,0,1,0,0,5,0,1,1,3,4,0,0,0,0,0,0,3,53,8,9,11,0,0,2,1,0,3,0,2,1,2,0,0,0,5,1,12,0,0,0,16,0,1,5,0,1,1,1,29,38,3,5,17,2,0,4,0,0,13,0,1,3,0,0,3,3,0,2,0,0,4,1,1,0,2,0,0,17,0,0,12,6,0,0,1,6,0,0,0,1,11,2,2,0,0,10,0,11,21,2,0,67,0,29,0,17,91,0,5,0,0,0,2,3,0,8,1,6,0,0,0,5,7,2,5,0,4,0,0,4,2,0,0,2,4,1,0,0,7,2,0,1,13,0,0,5,6,2,12,1,0,1,0,0,2,1,6,0,18,0,0,120,13,1,1,1,0,1,0,0,2,0,1,7,17,1,74,2,0,1,0,4,0,2,0,0,0,0,0,1,2,0,12,0,4,0,0,1,0,1,17,0,1,0,0,12,1,2,1,0,0,0,7,0,1,0,7,0,62,0,0,0,0,4,2,34,31,1,2,3,0,1,19,1,2,14,0,0,3,0,5,0,6,0,0,0,32,1,3,6,3,3,0,0,0,30,1,3,0,0,4,2,3,1,1,3,1,31,1,11,0,0,0,0,2,0,3,3,4,2,21,0,0,1,0,15,3,1
"ENSG00000253616.5",31,0,0,7,7,7,0,2,0,208,6,49,1,96,7,6,1,14,49,19,4,0,14,20,1,14,3,2,8,23,124,36,6,2,62,27,26,9,16,13,0,73,23,8,9,1,2,12,0,2,0,305,12,13,2,79,1,4,9,2,4,24,0,6,1,4,34,3,172,13,37,3,5,4,1,3,46,4,7,15,49,55,7,1,51,1,3,2,2,4,42,120,15,5,0,1,5,8,29,27,11,2,36,2,0,8,31,9,54,3,29,6,12,11,2,2,41,1,44,100,0,15,6,1,21,1,2,1,26,176,22,1,28,4,14,2,1,1,27,7,2,41,41,11,17,62,2,28,16,76,1,4,17,38,5,45,7,123,45,48,0,12,14,12,5,5,35,36,8,185,1,15,17,29,2,6,9,69,51,23,2,4,17,35,1,2,11,0,42,4,2,2,3,162,12,16,4,20,30,43,7,1,38,30,2,18,2,12,1,1,4,13,60,3,11,133,21,2,9,69,1,11,3,1,11,3,1,53,14,33,9,6,2,55,0,74,0,0,14,13,36,3,0,3,52,7,0,2,7,4,3,0,0,2,0,10,8,6,14,7,35,1,82,27,5,22,0,1,56,1,6,2,39,10,0,75,30,1,3,6,2,17,24,0,0,29,1,5,5,20,10,4,12,1,14,131,82,3,0,114,28,10,79,3,0,5,2,23,10,5,0,33,0,19,39,167,102,17,47,30,58,95,0,6,49,11,9,2,0,0,1,0,6,1,21,3,3,116,5,1,1,22,23,14,35,7,1,1,38,7,2,37,0,14,0,2,28,72,69,9,60,0,9,23,22,1,0,120,1,7,8,6,1,2,15,1,50,11,2,7,7,6,13,2,10,46,1,77,4,2,19,1,4,45,1,2,35,8,16,2,3,7,25,2,7,0,133,54,0,11,27,1,18,4,5,5,10,2,24,15,2,1,40,0
"ENSG00000253642.6",0,0,0,3,1,0,0,0,1,0,0,92,0,305,41,0,0,3,0,0,0,0,1,2,2,11,0,2,118,132,3,0,16,0,83,0,1,0,88,66,0,0,5,0,0,0,0,5,0,1,0,3,0,80,0,0,0,0,0,0,0,54,0,7,1,0,0,0,0,0,227,0,0,0,0,0,0,1,133,178,49,35,1,0,86,0,0,14,0,3,0,118,0,0,0,0,0,142,49,0,0,1,0,0,0,0,0,0,394,6,6,0,0,0,0,3,0,1,2,5,0,0,0,0,0,0,0,43,0,0,3,0,16,0,1,0,0,0,118,0,0,1,81,0,0,0,1,0,2,0,1,0,1,531,0,0,1,0,5,12,4,1,0,0,1,52,108,2,0,89,0,0,0,23,2,0,1,175,0,0,0,0,0,0,1,0,12,0,0,13,0,82,0,32,2,0,0,0,0,0,0,1,5,212,0,3,0,0,0,0,0,1,182,2,62,2,1,0,2,0,0,8,3,1,0,0,0,150,0,0,0,15,1,1,0,71,0,0,1,3,0,0,0,0,4,1,7,0,0,0,0,0,0,0,1,0,0,0,17,1,156,1,2,51,0,0,0,0,142,0,22,0,42,0,1,0,85,0,0,103,94,2,173,0,0,2,0,0,0,0,1,0,0,0,0,393,3,0,0,0,0,0,1427,0,6,0,0,0,144,30,1,1,0,0,0,0,513,0,0,79,0,0,0,1,13,0,0,0,0,0,107,0,0,0,0,0,1,0,0,0,0,0,0,2,203,42,0,0,225,0,1,193,0,134,1,0,0,0,72,1,53,0,1,0,0,0,0,0,0,52,0,38,0,58,98,0,288,6,0,17,1,0,0,0,0,2,0,161,115,0,13,0,0,0,0,0,0,322,1,0,0,0,0,0,4,1,147,95,4,0,0,0,0,0,0,0,32,0,0,0,0,0,0,0
"ENSG00000253696.2",12,4,0,1,0,0,0,4,0,16,8,0,0,0,0,1,2,0,0,3,1,4,1,0,0,0,0,1,0,0,0,0,0,0,0,1,1,3,0,0,0,2,0,0,6,4,0,0,4,2,3,1,2,0,14,0,2,0,0,0,0,0,0,3,0,0,3,1,0,0,1,1,0,8,0,2,2,2,0,0,0,0,9,6,0,3,1,0,0,0,8,0,0,0,3,2,10,0,0,0,1,4,0,2,1,0,4,8,0,0,2,0,3,0,1,0,0,1,0,0,0,0,0,0,1,18,4,0,1,0,0,5,0,1,0,7,1,4,1,0,0,1,1,3,0,0,0,8,0,4,6,3,0,0,3,3,1,2,0,0,0,1,0,0,0,1,0,2,6,1,9,2,1,0,3,1,0,0,11,0,11,0,0,0,0,1,0,7,6,0,0,0,0,0,1,0,6,1,0,0,0,0,0,0,6,0,3,1,1,5,1,0,0,0,2,5,1,0,0,0,7,0,0,2,2,4,5,0,1,1,0,0,2,1,0,0,6,3,0,1,1,0,1,2,0,0,0,8,0,1,0,0,5,3,5,0,4,0,0,1,0,6,0,0,7,1,2,2,0,7,0,4,0,2,1,0,0,3,7,0,0,2,0,2,5,1,5,0,0,0,3,0,0,0,2,0,1,2,0,4,7,5,25,1,1,6,2,0,0,0,4,8,0,1,3,2,0,2,2,0,1,1,8,1,0,1,2,5,0,5,0,0,0,3,5,5,0,1,5,0,1,0,0,5,1,0,0,4,0,5,5,1,0,0,1,2,0,5,0,12,0,1,1,0,3,6,0,0,3,0,0,0,0,0,1,1,0,9,4,0,11,0,5,0,2,0,0,0,1,0,2,1,3,0,0,0,1,0,1,4,0,0,2,2,0,0,0,0,0,2,0,0,1,1,5,1,0,1,1,4,11,8,1,5
"ENSG00000253706.5",0,0,0,1,0,0,0,0,0,0,0,0,0,756,80,0,0,235,0,2,0,0,0,0,4,1,0,12,0,7,1,1,6,1,24,0,118,0,2,0,0,0,0,0,0,0,0,0,0,0,1,48,0,147,0,1,0,0,0,0,0,1,0,12,0,0,0,0,0,1,230,0,1,0,0,0,1,0,101,39,75,41,0,0,11,0,0,8,3,0,0,16,1,0,0,0,1,151,155,1,0,0,1,0,0,0,0,0,348,7,0,0,0,28,0,0,0,8,81,351,0,36,0,0,1,0,0,14,0,0,1,0,41,0,0,1,2,0,29,1,0,1,38,1,1,4,4,0,0,0,0,0,0,84,0,0,0,0,160,37,0,0,0,0,0,7,4,0,1,8,0,1,0,9,0,0,0,217,0,1,0,2,0,1,145,0,5,0,0,124,0,110,0,72,63,0,0,0,0,1,0,0,0,3,0,63,0,0,15,0,0,1,2,45,5,6,0,0,22,0,0,15,0,0,0,7,0,1,0,0,0,1,0,3,2,13,0,0,0,0,1,0,0,1,0,13,8,0,0,0,0,0,0,0,0,0,0,0,0,0,58,11,0,149,0,1,0,0,131,0,14,0,322,0,0,0,247,0,0,46,106,11,79,0,0,0,0,0,0,0,0,0,1,0,2,145,192,0,0,0,0,0,126,0,3,0,0,0,111,99,0,0,1,3,0,0,78,0,2,0,0,0,0,1,0,0,0,19,24,0,586,0,0,0,0,0,0,0,0,1,0,3,1,0,102,46,0,0,4,0,0,40,0,22,0,0,0,0,0,0,1,1,2,2,0,0,0,1,0,1,0,76,15,54,141,0,38,0,1,114,9,36,0,0,0,26,0,10,0,0,0,4,0,0,0,0,50,238,0,0,0,0,1,0,4,5,120,179,9,0,0,3,0,0,0,0,47,7,0,0,0,0,0,1
"ENSG00000253771.6",38,0,0,49,18,28,5,0,31,9,2,1,1,38,147,2,3,3,0,11,3,0,1,6,6,3,129,42,0,1,4,37,54,2,65,1,81,93,1,5,0,0,6,0,4,16,44,7,4,1,14,12,2,27,0,12,578,6,9,3,2,41,4,2,0,13,3,3,8,35,17,88,38,1,3,5,148,4,27,9,5,2,8,7,2,1,19,3,5,5,15,27,0,6,1,1,111,15,1,18,7,1,19,0,115,3,6,1,51,23,19,10,26,12,1,0,24,3,9,218,26,7,1,1,117,5,13,3,10,5,8,26,52,51,73,1,11,12,3,0,2,17,58,2,12,169,1,4,4,13,2,0,2,0,26,1,252,3,4,26,40,65,115,4,9,7,286,5,63,21,1,1,493,7,22,2,55,1,17,5,0,6,16,8,0,23,9,2,59,4,2,0,42,43,4,4,3,318,0,49,1,6,6,7,0,75,2,137,13,8,9,3,23,248,7,17,3,33,172,52,4,55,29,39,3,0,1,42,55,68,24,6,31,4,1,67,1,0,4,29,7,128,1,12,11,3,2,56,24,0,0,7,0,33,1,3,1,15,37,12,6,1,55,14,20,55,4,2,35,1,72,5,52,10,86,10,1,2,0,3,7,85,0,4,1,9,1,37,31,18,14,15,7,54,3,133,5,0,3,37,8,37,7,9,17,11,207,7,0,10,0,20,0,131,8,6,33,4,20,162,42,2,0,20,18,7,13,0,22,4,1,1,99,40,5,2,2,216,0,4,2,270,156,2,93,2,0,3,2,2,1,49,2,14,0,1,8,3,77,0,115,45,13,16,7,1,21,15,0,9,27,75,2,3,38,2,63,5,13,3,0,14,1,5,2,5,2,10,69,0,186,0,2,18,25,37,3,11,12,7,0,4,3,0,12,35,63,40,4,11,48,2,77,211,0,3,15,85,2,8,2,1,4,2
"ENSG00000253807.6",0,0,0,0,2,0,0,0,0,0,1,0,6,67,3,0,3,0,0,2,1,0,1,3,0,0,0,0,1,16,0,1,4,0,0,0,1,0,0,0,0,0,0,56,0,6,0,0,0,0,0,1,0,9,0,1,0,0,0,0,0,0,0,1,0,0,0,2,2,2,7,5,1,0,0,0,10,2,1,3,4,1,0,0,2,0,0,0,0,0,0,6,0,0,0,0,0,0,0,0,0,0,3,3,0,0,0,0,0,0,4,0,6,0,0,0,4,0,4,51,0,1,2,0,0,0,0,0,0,1,0,1,5,0,0,0,1,0,0,0,0,6,10,0,0,10,6,0,1,0,0,0,0,1,1,0,0,0,2,0,1,0,0,1,0,0,0,4,0,1,0,2,1,2,14,0,1,25,2,0,2,7,0,0,2,0,0,0,0,1,0,4,2,3,0,0,0,2,0,2,0,0,0,8,0,1,3,2,0,0,0,1,10,0,2,0,0,0,3,0,0,6,0,2,0,1,14,0,0,0,0,0,0,2,16,1,0,0,0,0,0,0,0,0,1,1,0,0,0,0,0,0,0,51,0,0,0,6,4,1,3,0,1,0,0,1,2,0,1,0,3,0,8,0,0,0,2,0,0,1,1,6,0,1,0,0,0,4,0,2,2,0,3,1,0,1,1,0,1,3,1,0,2,2,0,0,0,0,3,2,0,0,0,12,0,2,14,2,5,1,0,4,1,0,1,4,1,2,1,0,12,1,2,0,0,0,0,0,0,0,0,0,0,1,0,0,0,2,0,0,0,0,1,12,0,0,0,3,1,0,0,0,0,0,9,0,0,0,0,0,0,0,1,5,3,0,0,2,0,2,0,0,0,0,0,2,1,4,0,0,0,0,0,0,0,0,0,3,0,0,0,0,0,0,25,9,0,0,4,0,1,0,0,0,0,0,0,3,0,1,0,0,1,0
"ENSG00000253813.1",0,4,6,2,2,4,0,5,4,0,0,7,2,1,0,8,2,2,3,2,1,73,0,0,16,11,2,0,2,0,3,0,1,5,0,2,1,0,4,2,0,0,7,1,10,0,1,0,11,1,5,1,8,2,0,1,18,8,2,1,0,10,1,7,14,5,13,0,2,0,1,2,0,25,0,19,1,0,0,7,0,2,2,0,11,0,0,0,0,0,3,0,0,0,0,17,10,8,1,2,2,20,0,0,0,0,4,32,1,0,0,10,3,4,0,23,16,28,4,1,0,2,11,2,2,21,1,3,0,0,11,62,2,1,3,47,0,13,0,2,22,4,0,15,2,0,0,1,0,0,26,5,5,24,4,1,4,5,0,4,2,0,1,0,3,1,0,0,2,4,0,0,0,7,2,4,1,8,1,2,22,0,1,2,3,0,1,3,12,3,0,2,0,3,1,1,12,0,10,0,5,8,1,12,33,0,1,2,0,22,0,0,0,8,5,0,0,0,3,20,19,1,2,0,10,4,0,0,3,0,1,2,0,3,3,1,49,0,2,16,0,0,4,0,3,2,0,0,0,1,1,0,9,1,18,11,16,0,0,4,0,5,9,1,14,0,0,7,0,7,0,8,0,13,1,1,0,5,1,0,1,1,4,1,9,4,13,0,0,4,13,1,0,1,4,0,2,4,9,0,4,0,5,20,3,3,0,2,0,2,6,0,0,3,1,0,0,0,1,0,13,0,16,3,3,3,6,0,0,16,1,1,6,13,0,46,0,3,0,0,42,7,1,0,6,6,1,4,2,18,9,0,1,1,3,11,0,0,3,0,10,1,0,0,4,2,0,2,1,0,2,2,1,0,0,5,5,10,9,1,3,5,9,0,2,4,0,0,4,0,0,1,14,6,0,2,6,0,8,24,2,3,0,0,2,11,4,0,0,1,3,1,16,13,1,2,4,1,2,21,12,6,1,9
"ENSG00000253819.2",20,11,9,99,4,8,97,127,71,7,0,62,41,204,345,44,1,555,736,9,262,12,1,39,36,86,249,62,7,5,20,11,110,148,89,36,356,33,54,70,75,28,21,145,22,84,434,223,24,102,119,209,151,46,28,61,13,11,10,5,286,863,4,142,52,14,57,328,9,1,9,333,60,18,155,14,6,11,12,175,1499,309,4,15,593,19,174,262,38,534,476,596,16,130,213,7,28,197,459,4,125,58,8,194,25,0,74,28,16,8,4,14,8,50,3,135,18,53,110,661,174,61,105,34,224,12,17,52,2,12,60,5,1026,153,64,15,0,3,11,37,21,8,36,120,70,14,6,16,6,1,13,9,38,160,144,86,101,211,175,86,161,14,196,10,1,190,121,40,80,174,185,519,209,6,37,14,151,148,3,113,8,7,41,66,211,210,108,71,64,100,28,6,8,244,127,6,52,71,1,4,77,10,2,14,7,64,29,10,61,24,0,26,803,46,21,0,514,157,30,249,15,132,4,2,5,29,712,58,8,67,2,63,256,239,418,1022,19,557,755,334,0,816,229,17,157,7,47,134,62,256,9,100,5,49,18,40,21,1,435,10,183,231,45,963,7,22,57,15,69,32,449,6,292,6,198,23,244,5,149,73,14,55,304,31,186,0,7,4,32,10,5,4,0,830,721,511,44,470,919,1,160,2,49,24,9,12,9,16,75,41,71,8,125,16,48,6,11,2,8,67,29,15,10,2,395,28,18,92,632,28,194,2,142,70,136,22,163,105,0,4,7,151,133,2,84,30,167,4,10,4,6,7,97,44,133,15,18,29,17,4,232,102,48,68,60,128,45,58,88,132,21,408,53,45,111,99,94,18,134,20,151,104,328,59,50,943,2,46,692,53,42,196,12,4,0,6,165,4,50,27,170,42,6,149,12,0,113,45,11,10,121,28,64,35,64,9,41,772,9,6,4,136,15,24
"ENSG00000253868.4",5,0,0,0,0,1,0,0,0,1,0,0,0,27,1,0,0,0,0,3,0,0,3,0,0,0,1,0,2,0,9,0,2,0,0,0,2,1,0,0,0,0,8,0,0,0,0,0,1,0,0,4,0,0,0,0,0,0,0,0,0,0,0,0,1,0,0,1,1,0,207,0,0,0,0,0,0,0,2,0,107,13,4,0,0,2,0,16,2,0,0,1,0,6,0,0,0,0,0,0,0,0,0,0,1,1,0,0,12,0,0,0,0,0,1,1,5,0,0,32,0,0,0,0,1,0,0,1,0,0,0,0,1,0,1,0,0,0,0,24,0,0,12,0,0,66,1,3,0,0,0,0,0,0,0,0,1,1,0,29,0,0,2,1,1,0,2,0,0,43,0,0,0,0,0,0,1,2,0,0,0,0,45,0,0,0,2,0,0,0,0,0,1,5,8,0,0,1,0,0,0,0,1,0,0,35,0,0,0,0,0,1,2,1,30,0,0,0,0,89,0,2,0,0,0,0,1,0,0,0,0,0,0,0,0,30,0,0,0,0,0,0,0,0,2,3,0,0,0,0,0,1,0,0,0,0,0,0,0,9,2,3,1,7,0,0,0,0,1,0,0,0,6,0,0,0,0,0,0,0,0,2,34,0,0,0,0,0,0,0,0,0,1,0,0,2,5,1,0,0,0,0,3,0,1,0,0,0,0,84,1,0,1,0,0,0,22,0,0,29,3,1,0,2,0,0,0,0,4,0,6,1,0,0,0,0,0,3,0,0,0,0,1,0,2,46,1,5,0,0,0,1,0,27,0,0,0,1,0,2,0,1,0,10,1,0,0,0,0,0,0,0,0,0,1,0,80,0,0,0,0,3,70,0,0,0,0,0,1,0,1,0,0,0,0,0,3,0,0,0,0,0,0,0,0,1,0,1,0,1,0,0,0,0,0,0,0,4,0,1,0,0,1,0
"ENSG00000253877.6",0,0,29,1,0,0,512,2,0,1,0,1016,0,1003,784,2,0,176,0,0,0,0,1,50,12,1,0,141,0,59,1,0,623,116,2,0,3,5,160,255,0,0,1,0,1,0,0,241,3,0,0,1313,0,38,0,0,2,0,0,0,0,399,0,0,0,0,0,0,37,0,1597,0,199,0,0,1,0,1,131,284,218,11,0,0,458,0,50,12,1,6,0,41,1304,1,0,0,1,203,595,4,0,1,0,0,1,0,136,1,680,62,0,0,0,1,0,246,0,19,212,95,0,3,0,1,152,0,8,6,0,42,8,0,577,0,0,1,0,0,116,3,0,6,1316,0,0,570,68,0,0,4,6,0,2,232,58,0,102,3,1783,119,381,4,13,1,0,231,317,1,0,659,3,1235,0,639,0,0,382,825,0,0,0,0,56,2,9,1,792,0,2,31,0,0,0,16,111,0,0,0,0,0,46,25,1,3,0,262,0,0,28,0,0,6,93,233,4,0,2,0,34,81,1,29,0,10,0,0,0,1,0,0,3,21,4,0,0,232,0,0,6,465,0,185,1,0,5,0,256,1,0,1,2,0,0,1,0,0,0,0,1,6,322,0,0,851,0,1,0,1,12,0,271,0,329,0,0,0,279,0,0,0,146,373,56,3,0,0,0,2,0,0,2,0,0,22,0,52,601,2,2,0,1,0,396,0,66,1,0,49,492,549,0,0,2,0,2,1,546,0,0,469,1,0,0,0,16,0,1,0,9,0,102,0,11,0,0,2,0,1,0,0,0,0,10,0,315,460,0,0,318,2,0,0,0,609,0,0,2,0,373,0,4,6,8,1,0,15,0,0,0,270,0,66,53,36,32,0,68,3,0,543,0,452,35,0,0,209,0,114,114,0,0,0,0,0,0,0,28,256,4,0,35,2,0,0,2,190,279,201,0,0,2,43,1,0,293,0,19,5,0,1,0,0,0,4
"ENSG00000253898.1",0,0,0,29,0,0,12090,0,0,0,0,1589,4,6,1584,1,0,1149,1,0,0,0,3,182,381,239,0,1335,1122,3955,0,0,1124,20,72,1,1317,8,4,18,6,0,473,0,4,0,72,311,0,0,16,2037,0,890,0,0,12,1,732,0,0,1094,0,98,0,0,31,0,47,0,2319,19,65,0,19,1,0,0,39,3056,6175,1172,0,0,4651,0,329,23,0,1,0,147,369,14,1,0,3,294,19,0,2,0,0,4,3,0,1195,0,346,474,0,1,0,4,0,860,0,100,27,157,1,560,0,0,249,0,51,146,0,167,236,0,346,0,0,0,0,0,627,349,0,10,2860,0,0,20,490,1,0,7,0,0,13,2180,324,0,890,1,60011,1803,638,4,2,0,0,89,3645,1,502,2859,98,2639,2,1756,0,1,1405,5100,0,164,0,0,1,25,239,131,303,2,155,136,0,0,0,1109,279,25,0,0,0,0,0,2,0,140,0,714,0,5,393,1,0,8,1027,431,821,15,4,0,627,2666,0,258,685,1,0,0,52,15,2,0,0,693,143,4,0,377,0,0,1908,2372,0,220,0,0,0,0,1583,0,0,1,30,0,0,218,0,0,0,0,49,177,2510,3222,2,1987,0,0,0,0,684,1,3690,0,4851,0,0,1,1541,0,0,147,131,1340,141,0,0,0,0,25,0,1,17,2,0,537,0,5795,483,16,6,0,1,1,956,0,7949,0,0,139,868,3233,141,0,848,0,0,0,770,1,0,274,0,2,0,0,477,3,0,0,1017,0,546,0,1379,0,471,0,2,1,1,0,0,0,19,0,2147,917,267,0,1502,0,0,90,0,7491,0,0,1,0,21,0,86,37,7,1,0,42,0,0,1,515,4,399,287,2104,1075,5,1615,0,0,212,347,3309,166,0,0,73,3,1064,734,0,0,0,0,0,0,4138,512,984,1,0,294,1214,0,0,15,0,1507,2,819,0,183,284,0,0,0,0,3930,1,0,0,0,1,0,0
"ENSG00000253931.1",3,0,0,0,2,0,8,0,0,6,0,0,0,13,896,0,2,11,0,10,15,0,3,1,1,2,2,352,0,25,136,0,2,1,2,1,6,1,0,0,4,0,2,0,0,106,0,0,0,0,0,4,0,4,0,6,0,1,62,1,1,23,0,0,1,4,1,0,1,0,108,0,1,0,0,0,27,109,3,6,1188,1279,2,21,44,32,0,1,5,1,52,20,0,2,0,0,0,474,20,0,0,0,88,0,8,0,10,0,27,1,2,0,0,403,0,2,16,36,68,3,0,8,0,0,0,0,0,12,2,8,2,0,18,0,33,0,0,0,6,0,1,1,6,0,28,23,9,17,18,2,1,0,1,10,0,1,7,0,0,834,4,16,0,61,26,59,0,80,84,0,88,30,0,1,0,1,1,2,12,0,0,0,16,5,1,16,0,0,1,129,1,1,10,33,201,3,0,0,0,4,4,175,15,30,0,6,0,0,1,21,1,23,10,79,0,0,0,0,4,0,0,1,2,11,0,0,1,1,2,1,2,14,0,1,0,1,0,0,3,1,0,18,0,143,6,9,1,0,0,2,1,0,0,1,0,260,0,0,0,228,7,5,0,1,0,2,2,0,57,0,5,0,8,0,9,0,3,0,0,0,2,0,0,0,0,0,0,0,0,8,0,1,0,6,7,39,0,0,6,8,66,0,0,0,0,0,0,1,15,6,0,1,2,12,16,12,2,6,0,0,0,0,0,22,8,162,0,0,0,0,5,0,1,31,5,0,0,6,0,0,0,0,1,15,0,120,0,0,0,0,0,56,4,4,0,0,0,1,5,12,6,0,0,2,1,0,6,3,0,6,31,1,2,6,32,0,3,0,0,2,0,3,0,23,0,0,5,0,5,19,104,0,0,0,1,1,4478,2,4,0,0,5,2,0,0,0,0,1,0,0,1,4,2,0,1,0,6,0,110,0,0,0,2,0
"ENSG00000253937.1",0,5,0,1,0,1,0,0,0,0,0,0,0,0,0,0,0,0,0,0,0,1,0,0,0,0,0,0,0,0,0,0,0,2,0,0,1,0,0,0,0,0,0,0,0,0,0,0,3,0,0,0,1,0,0,0,0,0,1,0,0,0,0,0,1,0,0,0,0,0,0,1,0,1,0,3,0,0,0,0,0,0,0,0,0,0,0,0,0,0,0,0,0,1,0,0,0,0,0,0,0,2,0,0,0,0,0,0,0,0,0,0,0,2,0,0,0,0,0,0,0,0,0,0,0,0,0,0,0,0,0,2,0,0,0,0,0,1,0,0,0,0,0,0,0,0,0,0,0,1,0,0,0,0,2,0,0,0,0,0,1,0,0,0,0,0,2,0,0,0,0,0,0,0,0,0,0,0,0,0,0,0,3,0,0,0,0,0,0,0,0,0,0,0,0,0,0,0,0,0,0,0,0,1,0,0,0,1,0,0,0,0,0,0,0,0,0,0,0,6,1,0,0,1,2,1,0,0,2,0,0,0,0,0,0,4,0,0,0,0,0,1,0,1,0,0,1,2,5,0,0,1,2,0,0,0,1,0,0,0,0,0,0,0,1,0,0,0,0,1,0,1,1,4,0,0,0,3,0,0,6,1,0,1,0,0,0,0,0,0,0,0,0,0,0,0,0,0,0,0,1,0,0,2,0,0,0,0,0,0,0,0,0,1,0,1,0,0,1,0,0,0,0,1,0,0,0,0,0,3,0,0,0,0,0,2,0,0,0,0,6,2,0,0,0,0,1,0,0,0,0,0,1,0,0,2,0,0,0,0,0,0,0,0,0,0,0,0,0,0,0,0,0,0,0,0,0,0,0,11,0,0,0,0,0,0,0,0,11,0,0,0,0,0,0,0,1,0,0,0,1,0,0,0,0,0,0,0,0,0,0,0,0,1,0,0,0,0,0,1,2,0,0,0
"ENSG00000253959.1",0,7,0,6,0,1,0,0,1,0,0,0,0,0,0,17,0,8,0,1,0,20,0,4,0,2,0,2,0,2,1,0,2,6,4,0,6,0,3,1,1,0,0,1,21,0,3,0,22,3,7,3,15,1,2,10,10,0,0,0,0,2,6,0,13,0,0,1,0,3,3,13,0,13,12,3,0,0,0,0,0,1,0,2,7,0,2,0,0,0,0,6,0,0,2,2,1,0,0,0,30,28,0,1,8,0,41,4,0,0,0,8,1,3,0,19,0,0,0,0,0,1,34,14,6,5,0,3,1,0,12,3,4,11,6,23,8,28,6,5,11,0,0,58,1,0,0,0,0,0,27,24,16,70,18,7,0,6,18,15,0,0,0,4,0,1,4,1,7,0,0,3,4,7,0,1,6,0,0,0,26,0,1,2,0,30,3,2,0,3,1,0,0,8,7,0,12,1,2,0,0,8,6,0,5,0,68,0,2,2,0,3,0,1,3,0,1,1,2,1,10,6,0,3,5,12,0,2,0,4,0,4,12,0,5,2,15,1,0,6,0,1,9,0,0,0,0,1,20,8,3,3,20,0,1,5,8,0,2,7,10,0,0,0,3,0,0,15,2,4,3,6,0,0,0,1,1,5,5,0,0,2,2,28,1,1,5,0,0,0,2,1,0,2,8,0,0,3,0,0,2,0,0,1,0,0,0,4,0,0,5,0,2,0,0,1,0,0,0,27,0,0,9,0,23,11,25,1,0,1,0,1,4,0,1,19,7,0,5,0,14,1,0,0,15,0,0,0,8,0,17,0,5,0,1,2,0,0,0,5,3,10,6,1,0,3,0,0,0,0,3,1,0,0,3,13,1,0,0,1,7,1,2,1,20,3,0,0,4,0,0,1,14,0,1,1,18,1,0,7,11,0,0,1,1,6,3,0,2,0,6,2,4,3,0,0,2,0,0,12,17,6,0,5
"ENSG00000253983.3",3,0,4,13,3,5,0,0,0,6,0,0,0,17,6,0,3,1,0,0,2,1,11,1,2,1,0,3,0,2,3,6,1,5,1,1,2,0,0,0,0,6,4,2,1,8,2,2,0,2,0,5,0,1,2,4,0,0,0,0,0,1,0,0,1,0,0,1,0,2,10,11,2,0,1,0,3,5,0,2,0,1,63,4,4,0,1,0,32,1,9,0,0,7,0,0,0,6,0,0,4,0,9,0,3,1,2,2,4,2,5,2,3,7,0,0,17,1,0,2,0,4,1,3,3,0,0,0,3,3,1,0,4,2,6,1,1,0,1,0,0,9,1,1,3,4,2,2,16,2,0,0,0,0,0,1,0,3,0,4,0,1,10,6,2,0,9,10,0,5,0,4,0,3,9,0,2,1,3,0,1,12,4,5,0,0,3,4,4,0,0,9,0,4,0,0,0,2,0,3,0,0,1,5,0,1,0,1,4,0,2,4,3,1,3,1,0,1,3,5,0,0,1,1,0,0,0,1,0,6,0,0,8,2,0,2,0,0,1,5,8,7,0,1,3,2,0,0,1,0,0,1,0,0,1,2,0,6,3,0,3,7,3,1,0,11,2,0,0,0,8,0,2,0,5,0,2,1,1,2,1,2,0,1,0,0,0,8,3,3,2,0,1,4,2,2,5,0,0,2,4,1,6,0,2,1,0,4,1,1,0,5,0,7,5,3,3,4,7,8,1,1,2,14,15,1,0,0,1,0,1,1,1,0,0,0,0,5,0,0,0,0,8,0,0,0,1,5,2,0,0,5,1,3,0,3,0,1,1,1,2,3,2,10,5,0,1,7,1,1,4,2,0,0,2,0,0,0,2,1,0,1,0,2,0,0,2,1,0,0,7,1,1,2,1,1,1,3,3,1,4,1,7,0,2,3,1,2,2,8,3,0,3,0,5,2,0,4,0,1,0,0,0,0
"ENSG00000254027.1",0,0,17,1,1,5,0,1,0,1,0,1,21,35,21,0,0,3,2,16,3,1,0,4,2,0,5,1,2,2,8,5,5,2,4,1,1,0,1,2,0,2,5,0,1,0,1,2,0,0,1,2,0,3,1,0,2,1,0,0,0,3,0,0,0,4,0,0,0,0,30,3,2,0,1,0,1,1,2,1,0,1,3,1,3,1,0,0,10,1,12,2,9,1,0,0,0,1,6,5,1,1,3,0,1,4,1,0,22,7,2,1,0,1,0,0,9,0,4,1,0,0,2,5,3,0,1,0,0,7,1,2,11,0,2,0,1,0,2,2,1,5,17,1,13,3,3,1,9,0,0,0,2,6,0,3,0,6,1,3,4,2,1,2,6,1,8,26,0,0,0,2,2,0,2,0,3,5,14,0,0,0,0,2,1,0,2,6,1,0,2,8,0,5,0,9,0,0,2,5,0,1,10,2,0,2,1,0,1,2,1,2,17,1,7,1,1,0,1,1,0,1,4,0,1,0,0,2,0,1,3,3,6,1,0,1,1,0,1,3,5,1,0,3,6,10,0,4,0,2,0,2,0,7,3,2,0,1,1,1,1,1,14,50,2,2,0,0,1,0,0,0,11,0,1,10,36,0,1,2,1,2,1,0,0,1,0,2,2,2,0,1,2,0,3,4,1,1,0,3,1,0,35,2,4,0,1,4,1,1,0,7,1,2,0,1,1,9,0,1,8,0,2,9,1,2,2,0,0,1,1,1,0,5,1,0,0,2,1,0,0,1,2,2,2,1,1,2,12,0,1,2,2,15,0,0,1,4,9,2,3,1,0,12,0,2,1,47,0,2,2,0,0,1,0,0,2,1,0,1,1,0,0,1,1,1,12,2,0,1,10,0,0,3,2,2,1,8,4,0,1,0,2,0,5,27,1,21,0,3,2,0,1,0,1,1,0,16,4,2,0,0,0,0
"ENSG00000254101.7",0,2,0,1,0,3,170,2,0,244,2,314,0,787,233,1,1,311,0,1,0,5,123,14,94,90,1,51,99,493,248,0,10,62,0,0,251,2,62,67,2,1,33,501,17,1,3,159,2,0,0,8,2,248,1,0,0,1,0,3,0,55,1,42,12,0,0,24,1,0,370,4,31,4,0,1,1,0,244,97,263,55,0,1,82,0,15,92,1,210,0,240,113,11,35,4,1,334,396,37,1,0,1,0,1,1,0,15,189,99,5,1,3,52,0,73,3,41,126,885,50,6,0,5,262,1,7,203,0,45,1,0,264,0,0,0,0,3,180,33,2,6,193,2,0,174,29,0,3,2,1,5,0,122,15,0,21,0,266,56,93,0,0,2,0,91,215,0,0,56,0,54,29,189,0,37,56,187,4,86,0,5,34,15,125,0,243,56,0,64,0,1,2,36,67,0,2,2,11,0,15,2,2,155,0,311,0,0,11,9,1,0,68,158,216,112,7,0,1,155,2,31,0,63,0,1,4,115,2,0,0,64,14,1,7,478,5,1,13,108,0,45,2,3,4,0,295,0,1,164,36,2,4,1,2,0,0,0,424,32,95,17,8,30,22,21,0,7,129,1,53,5,163,0,1,114,150,16,0,113,64,559,185,3,0,1,2,0,115,0,3,0,0,154,0,599,6,2,20,0,1,0,661,2,23,1,0,28,20,58,158,0,3,0,1,31,260,1,1,242,0,0,8,2,7,0,6,0,410,1,418,2,4,1,105,0,0,1,4,1,6,186,49,4,134,118,12,0,50,5,9,145,3,437,0,23,0,0,4,0,256,5,71,0,0,2,9,0,1,142,5,459,2,59,94,0,179,0,96,74,89,92,50,4,9,235,2,49,81,1,1,0,2,0,4,2,53,530,15,1,19,2,0,0,30,3,112,199,57,0,7,49,3,0,165,0,40,1,0,1,0,7,2,7
"ENSG00000254111.3",2,0,0,0,0,0,0,0,0,0,21,0,6,0,2,0,0,3,0,0,1,0,0,0,0,1,0,0,2,0,5,0,1,0,0,0,17,2,0,0,0,0,0,2,0,0,0,0,0,0,0,0,1,2,0,1,0,0,0,0,3,4,0,0,0,0,0,6,0,0,2,0,0,0,0,0,0,0,5,1,11,0,0,1,0,0,0,2,0,0,1,11,0,0,7,0,4,0,8,0,0,2,0,0,0,0,14,0,13,0,0,0,1,0,0,1,0,0,0,14,3,0,1,1,1,0,0,0,0,1,0,0,5,0,1,0,13,0,2,0,0,0,0,0,0,0,0,0,2,0,3,0,0,2,0,23,0,0,2,6,0,0,0,0,0,1,5,2,0,0,0,0,10,1,2,6,0,0,0,2,0,0,1,0,11,0,0,0,0,0,0,0,0,0,17,38,0,2,1,0,0,0,0,3,0,1,0,2,0,0,0,0,0,0,0,0,16,10,0,46,0,0,0,0,0,0,3,0,0,3,0,0,0,11,0,0,0,12,0,0,0,0,3,0,0,7,0,1,3,0,0,0,0,0,0,0,0,0,3,2,0,0,0,1,0,1,0,0,1,0,0,0,1,0,0,9,2,1,2,1,0,3,0,1,0,0,0,0,0,0,0,0,0,0,3,1,5,0,0,0,0,0,45,0,0,0,0,1,0,5,0,0,0,0,3,0,6,0,2,0,0,0,0,0,0,0,0,31,2,0,21,0,0,0,1,0,3,3,21,0,0,2,0,0,1,0,0,0,8,0,0,13,0,2,0,0,0,1,0,9,0,0,9,8,0,0,0,5,0,0,0,0,0,1,0,0,1,0,0,0,0,0,2,0,0,1,3,5,0,0,10,5,0,0,0,0,1,6,0,0,0,0,0,1,36,0,59,1,0,1,3,0,0,1,0,0,0,0,10,0,0,0,21,0
"ENSG00000254233.1",8,0,0,9,359,401,134,0,1,20,41,1,230,563,31,7,42,258,751,112,363,1,0,30,11,4,461,37,18,1,10,4,20,6,0,3,471,0,0,1,8,88,18,0,26,1,26,28,1,12,11,8,4,565,0,1,1,455,22,0,5,17,1640,4,1,93,9,85,657,101,1045,220,1,1,16,2,2712,12,47,2,1027,29,15,2370,4,1,44,40,3,11,11,51,35,286,1,0,0,0,1167,60,12,0,0,12,1,17,552,2,419,4,202,10,18,15,355,1,192,0,1494,260,316,12,1450,164,66,3,15,11,376,9,0,1,1265,63,4,6,0,1,428,1,4,9,12,5,140,1,36,281,18,0,1,0,1248,8,119,2590,14,74,310,637,7,13,4,545,135,67,795,104,336,33,0,45,10,227,106,17,1162,10,2,3,0,115,15,147,8,17,0,38,1,11,2,4,3,4,645,362,0,51,0,96,188,347,1623,29,1,92,1703,9,25,918,3,4,2,61,31,3,511,0,40,320,0,11,46,6,3,0,38,13,0,453,1,1,452,1,0,139,1,11,398,1667,10,338,39,31,407,1,180,1,302,44,1,1,1,106,1,8,1,2,517,3,64,255,9,175,3,449,82,3,129,6,495,0,168,2,4,217,2,50,0,82,276,567,9,2,11,113,3,0,80,87,13,0,15,1646,0,13,36,251,1,86,14,13,2,0,0,1,1,1,2,350,0,53,368,35,109,4,219,47,3,491,15,0,0,11,153,0,39,0,95,1,7,2,2,69,3,0,340,62,14,1,0,1,50,38,193,1,1266,65,63,0,0,517,32,0,1,106,432,2,329,4,30,529,199,53,985,1,160,141,1,1,0,267,51,313,262,0,423,3,8,567,46,1,5,3,6,29,67,306,223,3,2065,0,0,423,255,3,47,34,7,1,2,890,17,207,59,0,0,432,10,54,88,4,141,1,0,0,150,0,37,4,0,0,156,5
"ENSG00000254251.1",1,0,19,0,0,0,0,0,1,0,0,1,2,106,0,0,0,1,1,0,0,1,2,0,0,0,0,0,0,1,0,4,0,0,0,0,299,0,0,0,0,10,0,7,0,0,0,0,1,0,0,2,0,0,0,0,5,0,0,0,426,1,10,0,0,0,0,38,0,0,0,0,0,0,0,1,3,0,0,1,45,0,0,0,0,0,0,1,0,1,0,1,0,0,0,0,3,0,1,17,2,2,0,4,0,0,2,0,33,0,0,0,0,0,0,0,0,0,1,6,2,0,0,3,0,0,0,0,0,5,1,0,104,0,0,0,0,0,0,0,0,1,0,0,0,1,14,0,0,1,2,1,2,2,0,7,1,0,2,0,0,2,0,0,0,1,0,2,0,0,0,1,5,0,0,1,0,0,0,37,0,0,0,0,4,0,1,0,0,0,0,1,1,0,0,1,2,1,0,0,0,1,0,1,0,1,0,0,1,0,0,0,3,0,1,0,8,9,0,0,0,0,0,0,0,0,7,5,0,0,0,1,0,11,13,2403,0,3,0,0,0,1,33,0,0,0,0,4,1,0,0,0,0,0,1,0,0,0,0,0,1,0,21,1,0,0,0,0,0,2,0,0,0,0,0,0,2,0,15,0,0,0,1,0,0,0,1,2,0,0,0,0,0,0,16,0,0,12,0,0,0,0,1,0,0,0,3,1,0,0,3,0,1,2,1,0,0,0,0,0,0,0,0,0,0,0,1,2,1,0,2,0,0,0,2,1,8,0,0,2,1,12,0,0,0,0,0,0,4,0,0,0,0,1,1,0,0,6,0,1,0,0,8,1,1,0,0,1,23,2,0,2,0,0,0,0,0,1,0,0,0,1,0,0,0,1,0,0,0,0,2,9,0,0,0,0,3,0,1,1,1,0,0,1,73,0,19,0,0,0,1,0,0,0,0,0,0,24,0,0,0,0,2,0
"ENSG00000254266.6",0,0,3,0,1,0,47,0,0,2,0,137,0,10,0,0,0,2,0,1,0,0,2,1,0,3,0,2,0,5,0,2,4,4,0,2,0,0,9,101,0,1,0,1,2,0,0,0,0,0,0,1,0,165,0,0,0,0,0,0,0,9,0,0,0,1,0,0,0,0,782,1,1,0,1,0,0,0,8,3,1,1,0,0,6,1,0,9,1,0,0,1,0,0,0,0,1,0,1,0,1,0,0,0,1,0,1,0,7,0,2,0,4,1,0,0,0,0,2,3,0,0,0,0,2,0,0,0,1,117,1,0,2,1,0,0,0,1,0,0,0,0,4,1,1,6,58,0,1,0,0,0,0,5,0,0,1,0,42,0,0,0,0,1,0,1,0,1,0,1,4,0,0,4,0,0,1,6,0,0,0,0,0,0,0,1,0,1,0,0,1,6,0,0,1,0,0,0,0,0,0,0,1,2,0,2,0,0,0,0,0,3,2,0,3,3,0,0,0,40,0,1,0,0,0,0,1,2,0,0,0,0,0,1,0,50,0,0,0,2,0,2,1,0,3,0,8,0,0,0,0,1,0,0,1,0,1,0,3,2,0,0,9,3,1,0,0,0,2,0,15,0,33,0,0,0,1,0,0,1,2,4,1,1,1,0,0,1,1,0,1,1,0,0,0,2,8,0,0,0,0,0,2,0,1,2,1,0,1,45,0,0,0,0,0,1,94,9,1,0,0,0,0,7,0,1,0,0,0,1,1,0,1,0,2,0,0,0,0,0,0,1,0,0,0,27,0,0,2,0,0,25,1,65,0,0,0,0,3,1,2,0,0,0,0,1,0,1,0,1,0,3,0,0,0,0,7,0,0,1,1,0,28,0,0,0,1,0,0,0,0,1,0,0,0,0,1,2,2,0,0,2,0,0,1,13,1,1,2,3,1,0,0,0,2,0,3,8,0,1,0,1,1,0
"ENSG00000254290.1",21,0,0,19,30,12,107,0,6,0,394,191,77,2,207,13,3,21,0,3,44,3,5,5,1,47,0,0,58,0,93,5,2,3,23,9,113,49,58,3,0,0,0,37,21,0,1,43,1,0,0,14,10,144,28,11,45,31,0,0,22,200,0,1,1,0,1,84,22,5,84,10,1,1,0,0,9,0,223,0,302,1,3,46,7,3,6,23,2,10,55,209,35,0,94,1,55,0,494,21,2,3,9,7,5,10,372,7,415,0,14,1,32,0,26,3,2,68,0,107,42,0,72,40,13,0,0,0,50,69,1,0,128,5,38,2,93,1,153,1,14,8,9,9,7,22,4,3,146,0,10,0,5,9,1,746,1,4,283,87,4,16,2,2,64,1,125,96,56,2,0,0,132,29,5,111,7,36,4,74,0,0,42,0,164,1,2,0,1,0,0,2,14,17,242,333,7,60,55,4,2,1,3,0,1,8,17,26,5,0,7,1,5,0,4,0,96,44,3,623,0,1,2,2,13,2,12,0,0,323,1,1,1,183,0,87,1,81,1,0,7,3,69,16,142,123,42,17,38,4,0,0,0,0,4,1,5,6,93,67,2,5,71,5,1,17,1,1,0,5,2,1,54,1,25,105,129,16,27,6,0,249,0,3,0,135,2,8,32,4,4,7,3,0,86,236,23,41,0,6,2,1,0,0,6,17,0,10,2,154,2,3,19,11,53,3,209,3,28,16,0,0,1,24,5,1,4,448,24,1,408,14,6,5,169,2,103,212,370,1,1,143,1,6,97,1,2,2,338,0,14,191,1,179,2,3,24,18,18,78,0,4,62,45,0,0,48,103,22,8,1,24,0,57,0,0,51,2,0,3,0,0,24,5,23,0,47,181,1,5,187,83,5,40,2,1,27,138,2,3,1,0,4,8,132,1,499,78,1,3,9,0,0,2,0,0,10,0,179,0,1,0,272,5
"ENSG00000254294.1",0,0,0,2,3,34,8,4,7,2,11,11,8,5,5,3,11,8,4,16,11,1,0,4,2,37,1,11,37,3,52,0,16,15,4,1,3,2,23,20,0,1,12,2,0,0,1,6,5,3,2,8,7,10,2,9,2,14,1,11,8,6,1,0,38,8,3,14,11,3,47,12,37,3,1,1,2,10,4,5,2,8,5,1,22,0,1,16,4,0,24,13,20,0,1,2,4,81,5,3,3,1,2,2,6,47,17,2,7,28,10,1,1,1,8,11,57,151,13,7,3,0,5,23,10,0,0,4,82,5,2,0,26,12,10,2,3,4,6,0,1,17,3,5,14,4,11,26,13,0,0,1,5,12,3,4,1,60,13,6,16,10,4,8,5,18,33,7,7,5,0,24,3,9,0,3,7,7,0,5,0,0,3,13,1,0,0,1,9,2,0,7,8,10,1,6,1,28,4,10,1,17,25,20,1,1,2,3,2,2,7,1,10,20,16,1,13,2,7,21,1,0,0,2,3,1,7,4,0,13,41,44,7,1,0,3,3,0,17,19,2,19,3,0,17,6,2,1,2,4,5,6,0,15,4,10,4,0,10,12,10,0,8,45,2,12,8,3,11,0,9,1,5,4,13,20,0,0,6,1,12,7,2,0,2,7,0,0,5,9,0,5,11,5,6,30,13,17,12,1,24,1,5,0,5,5,0,15,16,28,1,14,8,6,3,0,13,3,10,16,10,2,0,12,25,2,2,1,0,0,11,10,0,25,6,0,3,7,4,0,1,11,24,3,3,2,0,1,14,0,1,16,2,5,4,0,8,2,53,7,9,7,6,17,5,4,3,78,1,4,4,6,2,2,4,7,25,0,3,8,3,9,1,1,3,1,11,5,12,11,24,10,3,11,6,8,3,5,2,0,7,15,6,0,4,2,6,10,0,1,6,4,0,0,5,4,1,4,5,0,1,8,2,2
"ENSG00000254302.2",0,0,0,0,0,0,0,0,0,1,0,2,0,25,4,0,0,1,0,0,0,0,0,0,0,2,0,0,7,12,0,3,0,0,5,0,1,0,0,4,0,0,0,0,0,0,0,0,0,0,0,0,0,2,0,0,0,0,0,0,0,6,0,0,0,0,0,0,0,0,20,0,0,0,0,0,0,0,9,6,1,2,0,0,6,0,0,0,0,0,0,10,0,0,0,0,0,16,3,0,0,0,0,0,0,0,0,0,18,0,0,0,0,0,0,0,0,0,0,5,0,0,0,0,0,0,0,3,0,4,0,0,2,0,0,0,0,0,1,0,0,0,8,0,0,0,0,0,0,0,0,0,0,38,0,0,0,0,4,0,0,0,0,0,0,0,4,0,0,5,0,0,0,4,0,1,0,2,1,0,0,0,0,0,0,0,0,0,0,0,0,5,0,7,0,0,0,0,0,0,0,0,0,34,0,0,0,1,0,0,0,0,1,0,5,0,0,0,0,1,0,1,0,0,0,0,0,23,0,1,0,1,0,0,0,2,0,0,0,0,1,0,0,0,0,0,0,0,0,0,0,0,0,0,0,0,0,0,0,0,20,0,0,1,0,0,0,0,4,0,1,0,0,0,0,0,1,0,0,0,8,0,10,0,0,0,0,0,0,0,0,0,0,0,0,22,4,0,0,0,0,0,42,0,0,0,0,0,9,1,0,0,0,0,0,0,32,0,0,1,0,0,0,0,0,0,0,0,0,0,11,0,0,0,0,0,0,0,0,0,0,0,0,0,19,0,0,0,4,0,0,15,0,3,0,0,0,0,6,0,4,0,0,0,0,0,0,0,0,2,0,1,0,1,3,0,24,0,0,0,0,0,0,0,0,1,0,5,1,0,0,0,0,0,0,0,0,2,0,0,0,0,0,0,4,0,15,3,0,0,0,0,0,0,0,0,0,0,0,0,0,0,0,0
"ENSG00000254338.1",7,0,0,0,4,1,12,0,1,14,0,0,0,35,798,0,2,6,0,7,8,0,1,1,0,2,6,232,0,15,64,0,1,0,0,0,7,7,0,0,0,0,1,1,0,1168,0,0,0,0,0,5,0,6,0,7,1,0,54,1,0,17,0,0,3,1,0,0,1,0,101,0,1,0,0,0,36,162,0,2,784,916,3,44,40,34,1,0,4,1,57,15,0,77,0,0,0,321,34,0,1,0,36,0,2,0,4,0,30,0,1,0,0,300,0,11,12,26,39,2,0,10,0,0,3,0,0,11,0,4,1,0,24,0,7,0,0,0,11,0,0,0,16,0,22,19,8,13,34,3,1,0,0,12,0,0,5,0,0,524,1,25,0,24,32,61,0,82,37,0,68,19,1,0,6,2,1,3,2,0,0,0,8,9,0,7,1,0,1,81,3,0,12,37,116,2,0,0,0,4,1,104,10,22,0,23,1,0,3,11,1,22,18,50,0,0,0,0,2,0,0,3,3,3,0,0,0,1,7,0,2,9,3,0,0,6,0,0,5,2,0,29,1,122,5,6,0,3,1,0,0,1,0,2,0,155,0,7,1,177,3,3,0,15,0,2,0,0,19,0,4,0,8,0,10,0,9,0,0,0,1,4,1,0,1,1,0,0,5,1,0,0,1,6,23,19,0,0,0,5,43,0,2,0,20,0,0,3,11,6,0,3,1,9,7,8,0,5,1,1,2,0,0,21,0,121,0,0,0,0,3,1,0,22,0,0,0,3,0,0,0,0,0,16,1,93,0,2,1,0,0,39,2,1,1,0,1,1,6,19,3,0,0,1,0,1,56,3,0,7,25,6,3,13,66,0,2,0,0,1,0,3,0,54,1,1,4,0,3,12,107,0,0,0,2,4,3207,5,0,0,0,3,5,0,0,0,0,2,0,0,2,5,0,0,4,0,16,0,90,0,0,0,0,0
"ENSG00000254349.6",1,0,24,6,0,0,0,0,2,1,0,1,0,404,172,0,0,34,42,16,13,2,2,9,1,21,0,27,3,23,1,0,11,6,9,1,83,1,0,1,0,1,2,2,2,0,0,1,0,2,5,42,0,63,0,12,114,0,9,1,32,30,67,4,1,0,0,7,1,0,27,2,0,0,1,0,0,0,60,24,105,31,3,0,34,0,7,16,12,1,0,13,53,0,1,0,112,68,55,1,0,0,0,1,0,2,0,0,47,22,18,0,6,26,1,6,1,8,86,164,3,15,0,0,0,0,0,4,0,21,3,0,41,0,6,0,0,0,27,1,0,2,38,0,40,2,5,0,0,0,1,0,3,20,1,0,3,0,105,9,0,0,13,0,0,11,26,0,25,49,0,39,10,106,0,18,6,156,1,11,0,6,52,2,41,0,29,0,1,43,7,4,0,28,13,27,0,1,0,0,1,9,13,33,0,34,0,0,2,4,2,28,22,30,24,10,0,2,16,1,0,6,0,0,0,0,34,0,0,1,0,0,0,68,32,102,0,8,3,0,0,2,52,3,1,55,0,0,0,84,1,2,0,0,0,1,0,7,154,6,41,31,26,67,0,1,1,0,41,0,48,1,93,0,2,0,111,0,15,17,83,45,13,0,18,0,0,0,6,22,1,0,0,11,2,67,124,3,1,2,3,0,51,1,13,0,1,0,59,78,8,1,0,41,2,0,36,1,0,36,0,0,1,1,0,4,0,154,30,0,498,0,3,0,1,2,6,0,0,12,0,99,1,0,16,2,0,0,20,0,1,1,4,45,0,0,0,0,4,0,131,1,8,133,0,0,0,36,21,0,2,122,16,91,49,0,40,3,1,64,16,21,6,0,0,0,2,35,6,0,62,232,1,0,0,0,53,50,12,0,0,5,0,0,2,2,70,53,0,2,0,3,0,0,0,2,28,0,48,0,0,1,53,0
"ENSG00000254369.6",9,0,2,0,8,1,0,0,0,0,4,1,0,1,12,0,0,0,0,1,0,0,0,1,2,5,0,1,2,1,4,1,0,0,0,0,1,0,0,0,0,0,4,0,0,0,1,0,0,0,0,0,0,8,0,1,0,0,0,0,0,0,0,0,4,7,1,6,0,1,1,0,0,0,0,0,16,0,4,0,1,3,3,0,1,0,0,0,1,0,0,0,6,0,0,1,0,0,11,8,0,0,14,0,0,0,0,0,30,9,0,0,2,0,4,2,19,1,0,0,0,1,0,1,1,0,0,0,0,0,0,0,2,1,3,0,2,0,0,5,0,16,1,1,12,30,1,1,2,32,0,0,0,2,0,1,0,1,3,0,0,1,0,17,10,0,1,0,4,31,1,4,0,17,0,1,0,10,11,6,1,0,6,0,1,0,0,3,0,0,0,9,17,4,0,18,0,2,0,0,0,3,0,2,0,0,0,7,0,0,0,0,1,1,2,0,0,0,1,8,0,1,0,0,0,0,2,0,0,0,5,0,1,1,0,0,0,0,0,0,0,0,0,0,11,5,1,0,0,2,0,1,0,7,0,2,0,0,0,6,2,0,14,23,0,0,0,0,0,0,0,0,0,0,0,0,1,0,0,9,0,6,0,0,2,1,1,1,5,2,0,0,0,4,0,20,1,1,0,0,0,0,0,0,1,0,0,0,0,2,0,0,0,1,0,0,0,16,0,0,0,15,0,7,1,0,0,1,0,0,5,0,1,4,1,0,0,0,3,0,0,2,2,6,7,1,0,0,2,0,0,0,0,0,1,0,1,3,6,0,0,1,0,5,24,1,7,0,0,1,0,8,0,1,5,0,1,0,2,0,0,0,0,0,0,0,6,0,0,0,7,1,0,1,2,5,5,6,1,0,0,2,0,0,3,8,3,0,0,0,0,0,1,1,1,26,1,0,3,0,0,0,1,0
"ENSG00000254394.2",0,0,1,0,0,0,0,1,0,0,0,0,2,1,7,0,0,27,0,0,0,0,0,0,2,0,0,6,6,4,0,0,1,0,0,0,0,0,1,0,2,1,17,0,0,0,0,1,0,0,0,37,0,1,0,0,0,1,0,0,0,13,0,0,0,0,0,0,0,0,12,1,0,0,0,0,0,0,20,16,62,1,0,2,0,0,0,2,0,0,0,5,16,0,0,0,0,0,13,0,0,0,0,1,0,0,1,0,21,8,1,0,0,0,0,2,0,5,4,257,0,1,0,0,1,0,0,0,0,0,0,0,33,0,0,0,0,1,19,0,0,1,1,0,0,0,0,0,0,0,1,0,0,7,0,0,0,0,122,2,1,0,0,0,0,3,8,1,0,103,0,0,0,23,0,0,1,20,0,0,0,0,4,0,1,0,0,0,0,3,0,0,0,2,0,0,0,0,0,0,0,0,0,0,0,19,0,0,0,0,0,0,0,33,14,0,0,2,13,77,0,2,1,0,0,0,0,0,0,0,0,0,0,0,1,9,0,0,0,13,0,0,0,0,0,0,2,0,1,0,0,1,0,2,0,2,0,0,1,1,22,0,1,36,0,0,0,0,0,0,16,0,15,0,0,0,3,0,0,0,0,10,0,1,0,0,0,0,0,0,0,0,0,0,0,2,315,0,0,0,0,0,27,0,6,0,1,0,1,5,1,0,0,0,0,0,12,0,0,1,0,0,0,1,0,0,0,0,6,0,35,0,1,21,0,0,0,0,1,0,0,0,0,0,23,3,2,0,4,0,0,1,0,71,0,1,0,0,1,0,0,1,0,0,0,0,0,0,0,0,0,0,1,14,6,0,2,0,0,1,0,1,1,1,0,2,1,0,0,0,0,0,0,0,0,0,0,4,0,0,1,0,0,0,1,0,1,11,0,0,0,3,0,0,0,0,4,0,0,0,0,0,0,0
"ENSG00000254475.1",1,0,8,11,0,0,6,0,0,0,0,0,1,39,68,0,0,5,0,0,0,0,0,0,0,0,1,0,0,0,0,4,6,0,1,0,5,0,0,0,0,0,0,0,0,6,1,0,0,0,0,0,0,3,0,2,0,0,0,0,0,0,0,0,0,0,0,0,0,0,0,7,0,0,0,0,0,0,0,3,0,0,0,3,0,0,2,0,3,2,0,13,0,14,0,0,0,0,1,0,0,0,0,0,0,0,1,0,1,0,1,0,0,0,0,0,0,0,4,63,1,1,0,8,1,0,0,0,0,0,0,0,43,0,14,0,0,0,0,0,0,4,8,0,0,1,15,0,1,0,0,0,0,0,0,1,1,1,1,0,0,0,0,1,0,0,10,5,0,0,0,0,1,0,2,0,3,2,0,0,0,0,1,0,0,1,0,0,0,0,1,0,2,18,0,0,0,32,0,0,0,0,0,0,0,20,0,0,0,0,0,0,51,0,0,0,18,0,1,9,0,0,0,0,0,0,1,10,0,11,0,0,0,0,0,17,0,0,6,1,0,1,0,0,0,0,16,0,3,0,1,0,0,0,0,0,0,0,5,0,2,0,0,1,0,0,25,0,0,0,8,0,16,0,0,0,0,0,0,0,0,4,0,1,0,0,0,1,0,2,0,0,0,41,0,4,0,0,0,0,0,5,1,0,0,0,0,0,1,0,0,0,0,0,1,0,1,1,0,28,0,1,0,0,4,1,0,0,2,0,2,0,9,0,0,0,0,0,0,0,0,1,0,0,0,0,0,0,1,0,0,0,0,0,0,0,0,0,0,0,0,0,20,0,0,0,35,4,0,2,0,0,0,0,0,0,0,0,0,0,1,0,0,0,0,166,0,0,11,0,0,0,0,0,0,0,2,0,0,0,0,2,0,0,1,4,7,11,0,0,1,0,2,0,0,0,0,0,2,0,0,0,6,0
"ENSG00000254481.1",3,0,11,26,18,7,1,6,1,14,4,9,13,16,4,2,6,7,1,6,6,0,21,7,7,8,1,9,6,4,13,10,11,7,8,5,10,2,10,9,4,10,12,5,2,10,4,11,1,10,5,6,1,3,5,4,3,6,14,4,13,5,7,7,1,18,6,1,16,11,23,23,3,0,9,1,2,9,4,5,9,3,3,14,9,5,6,0,58,1,11,0,4,10,4,0,3,21,4,13,9,0,15,2,3,10,10,0,6,12,18,2,28,10,7,2,16,1,3,10,0,4,2,3,12,2,2,3,6,5,2,1,3,2,7,0,3,1,5,6,0,24,5,0,6,14,4,1,11,6,0,0,3,5,6,4,10,26,6,4,4,4,5,14,3,2,5,11,4,6,1,1,8,6,6,2,11,4,5,3,0,26,7,6,1,2,20,29,5,2,2,20,3,9,4,2,0,3,2,16,2,1,23,5,0,4,14,19,13,7,5,8,9,3,10,8,4,4,8,9,0,8,0,1,7,1,11,10,7,10,5,9,5,10,1,14,0,13,4,13,14,7,0,7,1,2,1,4,6,2,1,6,0,12,1,8,1,23,4,3,10,18,7,8,2,11,2,0,16,3,13,1,0,0,2,7,4,0,4,10,4,4,8,3,4,16,0,24,1,10,0,10,10,5,8,0,9,4,32,20,10,9,8,0,2,6,3,10,9,3,5,31,4,14,3,8,13,11,18,12,14,6,0,13,32,4,4,6,7,1,5,1,9,4,2,1,6,15,3,4,0,7,10,1,0,7,6,6,1,0,0,11,4,6,8,0,15,5,10,0,7,9,5,4,26,1,3,18,2,4,3,7,1,1,4,3,2,0,20,5,1,9,4,7,2,4,8,9,3,0,10,4,0,3,7,3,6,5,10,2,7,1,12,3,8,0,4,8,17,26,6,5,6,0,10,3,8,5,3,4,1,3,5,0
"ENSG00000254560.6",1,0,0,2,1,0,21,0,0,2,0,1,0,353,261,0,22,6,1,45,0,0,4,1,2,1,0,3,2,0,0,6,4,0,0,1,3,0,1,0,4,2,0,1,2,1,0,1,0,1,0,119,1,17,1,0,1,0,3,0,1,2,1,3,0,2,0,1,0,2,205,3,0,0,1,1,47,1,55,0,163,1,3,6,9,7,1,1,2,0,3,0,0,14,1,0,8,0,99,8,1,0,7,1,1,1,5,1,243,0,0,0,5,4,2,1,1,0,3,324,0,1,1,4,1,0,0,0,1,7,3,0,108,0,0,1,2,0,135,0,0,0,5,0,0,791,3,1,128,3,2,0,0,1,0,1,2,3,2,1,1,0,1,60,53,36,6,5,3,3,0,18,7,20,0,0,0,81,1,0,0,32,1,0,47,1,1,2,0,133,2,406,1,0,1,0,2,4,0,1,1,0,2,30,0,11,5,3,3,1,0,14,117,5,1,0,1,0,3,2,0,3,70,2,0,0,4,4,0,0,0,0,24,0,3,0,1,2,0,1,32,0,0,15,3,4,1,0,2,2,1,0,0,2,1,0,0,1,2,112,23,1,2,22,0,10,7,0,1,1,3,0,313,0,2,0,350,0,1,2,17,2,1,0,0,1,1,1,61,2,1,5,1,0,1,219,1,0,4,0,2,172,286,0,92,0,1,5,94,70,4,0,0,3,9,0,50,1,1,0,0,2,0,0,4,0,0,2,0,0,28,0,3,0,2,0,7,5,1,2,0,2,1,0,1,8,0,0,35,0,5,0,0,123,1,2,0,0,90,1,0,0,0,2,1,0,0,34,0,2,1,0,11,2,45,0,3,0,0,39,91,7,0,2,0,1,0,2,0,0,102,0,0,1,0,0,57,390,0,2,1,0,0,0,32,0,6,96,2,1,4,0,0,0,0,0,1,223,1,3,0,2,0,0
"ENSG00000254572.2",0,0,0,0,3,0,0,0,0,0,13,9,11,1,0,0,1,0,12,0,0,1,0,0,0,2,0,0,0,0,0,0,0,1,0,1,3,0,2,12,0,0,0,60,0,0,0,0,0,1,1,1,0,7,3,0,8,0,0,0,25,0,7,0,0,1,0,10,0,0,0,1,0,0,1,0,0,0,0,1,3,0,0,0,1,0,0,1,0,0,0,1,0,0,1,0,48,0,2,0,0,0,0,13,0,1,0,0,1,0,1,0,0,0,0,0,1,1,1,21,7,1,0,7,0,1,0,0,0,0,0,0,0,4,0,1,15,1,1,0,0,1,2,1,0,0,0,0,0,0,1,0,0,0,1,9,0,1,6,0,2,1,1,0,0,0,0,0,0,1,1,0,17,0,1,1,1,1,0,4,0,1,5,0,11,1,0,0,0,0,0,0,1,0,0,0,1,0,0,2,1,4,1,0,1,1,0,3,0,0,0,1,1,2,0,0,2,3,0,3,0,0,0,1,1,0,15,1,0,5,0,0,0,28,0,1,0,4,0,0,0,0,18,0,3,2,0,0,3,14,0,0,0,0,0,2,1,0,15,0,1,0,0,3,0,1,1,2,0,0,0,0,0,0,2,0,0,1,8,0,0,5,0,0,10,2,0,0,0,2,0,0,0,7,2,0,0,11,1,0,1,0,0,2,0,0,1,3,1,4,18,0,2,0,3,1,15,1,1,3,1,0,0,0,0,0,0,21,0,0,14,0,1,0,62,0,18,1,29,0,1,18,0,1,0,0,0,0,0,0,0,1,1,1,22,0,2,0,0,0,0,0,22,0,1,2,0,0,1,0,0,6,0,3,0,1,0,0,3,0,0,2,0,0,0,0,0,0,0,0,0,5,1,0,1,0,1,0,3,0,0,1,0,3,0,1,1,0,0,0,0,0,0,0,1,0,0,1,0,3,0,0,10,0
"ENSG00000254654.2",7,1,2,12,10,6,0,1,10,6,2,10,0,5,3,0,6,3,0,8,4,1,45,7,13,8,2,1,1,0,5,5,7,3,1,0,6,6,5,3,0,0,12,1,0,5,12,6,0,1,8,1,3,0,4,2,7,4,3,4,7,0,0,0,2,8,13,2,5,3,65,40,7,0,5,0,1,16,1,6,5,1,2,14,12,3,6,0,47,0,3,0,0,0,6,0,3,25,0,6,2,0,1,0,8,30,10,0,2,4,9,0,33,15,7,0,23,2,0,9,0,2,2,1,6,0,1,2,23,3,7,0,10,7,2,0,1,0,0,1,0,38,16,5,3,12,1,2,3,2,0,2,7,0,6,0,2,17,9,3,2,1,1,18,1,1,0,4,2,6,1,1,9,5,1,3,20,1,2,1,0,20,4,19,4,2,8,13,2,0,1,0,0,9,0,0,0,0,0,8,1,3,14,2,0,1,3,17,7,4,10,21,1,2,33,2,5,0,22,10,0,6,3,2,1,0,8,1,2,3,2,7,3,3,2,3,0,3,4,6,21,4,0,6,0,5,2,3,3,2,2,1,0,1,0,5,0,12,0,0,3,7,0,1,0,10,3,0,2,0,15,0,2,0,5,2,0,0,7,7,9,2,4,0,4,6,0,12,1,6,0,2,8,7,5,5,0,6,13,14,3,1,1,0,0,3,2,2,2,6,4,29,2,5,3,1,11,1,50,2,8,2,0,14,39,5,1,1,0,0,6,2,9,1,1,0,7,9,2,3,0,2,3,0,0,4,6,2,1,0,1,11,3,0,10,0,5,4,2,0,2,1,15,0,20,2,0,4,10,2,4,11,0,0,0,2,1,0,9,5,2,2,11,8,0,0,9,4,3,3,1,4,0,6,4,4,3,7,13,1,6,1,31,3,1,2,3,0,8,21,18,5,3,10,17,6,0,0,1,2,0,1,0,0
"ENSG00000254656.3",2,0,0,0,0,0,0,0,0,1,3,0,20,0,0,0,1,0,0,0,0,0,2,6,0,0,0,37,0,168,1,1,7,1,1,0,2,1,0,0,2,20,14,1,1,0,0,101,1,1,0,4,0,2,0,2,0,2,0,0,0,3,0,1,0,1,0,0,0,0,1,0,13,0,0,0,0,0,3329,4,4,0,1,0,2,0,0,1,3,0,1,57,4,0,0,0,0,0,7,0,1,3,1,0,2,1,0,1,24,0,1,2,3,25,4,0,0,1,1,0,0,0,0,0,0,0,7,1,9,8,1,4,1,2,0,0,0,0,3,0,1,1,17452,0,0,2,0,17,6,1,0,0,0,1,9,0,0,0,1,38,0,0,0,2,1,2,2,5,0,19,0,4,1,0,0,0,0,6,12,0,0,0,0,0,0,0,12,0,0,0,0,7,0,18,20,18,1,0,0,0,0,0,8,4,0,0,0,0,5,0,0,12,5,1,2,15,2,0,1,39,0,1,5,0,1,0,0,0,0,1,5,0,2,0,0,0,1,0,0,1,0,3,0,0,1,0,0,3,1,0,9,0,1,1,0,0,1,0,1,0,2,0,0,447,0,3,1,1,1,0,0,0,0,0,1,8,757,0,0,0,0,0,0,0,0,6,0,0,1,0,5,0,2,0,0,10,17,0,0,1,0,0,9323,0,2,4,1,0,33,1,0,1,0,0,1,0,5,2,5,0,1,3,0,1,3,1,6,0,1,0,0,12,10,0,0,1,0,0,1,0,0,0,0,5,0,3,1,2,5,0,1,989,0,3,1,0,6,2,1,0,0,2,1,4,0,0,0,3,0,1,0,0,2,6,0,0,0,1,0,0,0,0,0,1,0,1,0,2,0,0,14,0,0,4,0,0,0,214,23,0,1,0,0,0,3,1,0,0,0,4,16,2,0,0,15,0,0,58,6,2,1,0,0,0
"ENSG00000254734.1",0,0,0,0,0,1,0,0,0,0,0,0,1,0,0,0,0,8,0,0,0,0,0,0,22,0,1,37,21,0,0,0,5,0,0,0,5,0,0,1,0,0,0,64,0,0,0,0,0,0,0,0,0,1,0,0,0,0,0,0,0,22,0,2,0,0,0,0,0,0,0,0,0,0,0,0,0,0,2,9,149,0,0,0,0,0,0,0,0,5,0,56,0,0,0,0,0,0,0,0,0,0,0,0,0,0,0,0,0,0,1,0,0,0,0,0,0,0,0,0,0,0,0,1,2,0,0,52,0,0,0,0,1,0,0,0,0,0,0,17,0,0,1,0,0,0,0,0,0,0,0,0,0,70,0,0,0,0,0,41,35,0,0,0,0,0,0,0,1,0,25,21,0,0,0,0,0,0,0,0,0,0,0,1,1,0,8,1,0,15,0,1,0,83,0,0,0,0,0,0,0,0,0,0,0,0,0,0,20,0,0,1,0,3,0,0,0,0,57,7,0,9,0,0,0,0,0,5,0,0,0,9,0,0,0,0,0,0,1,4,1,0,0,0,0,0,0,0,0,1,0,0,0,0,0,0,0,0,0,0,18,0,0,0,0,1,0,0,0,0,11,0,0,0,0,0,0,0,0,0,0,0,3,0,0,0,0,0,0,0,0,0,0,0,1,0,0,0,0,0,0,0,0,0,0,0,0,0,2,0,0,0,1,0,0,0,0,0,0,28,0,0,0,0,0,0,0,0,0,0,0,0,0,0,0,0,0,0,0,0,0,0,4,0,0,5,2,0,0,0,0,17,0,2,0,0,0,0,0,0,0,0,0,0,0,0,0,0,0,4,0,1,0,7,182,0,13,0,0,0,0,5,43,0,0,0,0,15,0,0,0,0,0,0,0,0,1,0,0,0,0,0,0,0,0,0,1,0,0,0,0,0,0,0,0,0,3,0,0,0,0,0,0,0
"ENSG00000254844.4",112,0,0,0,3,0,3,0,0,130,0,0,1,0,0,0,0,0,0,1,0,0,0,0,1,0,0,0,6,9,1,1,0,0,0,18,0,0,0,0,0,45,0,0,0,0,1,0,0,11,0,0,1,2,0,0,0,0,0,0,0,0,0,2,0,11,0,0,0,3,79,0,0,0,1,0,14,0,0,0,0,0,1,2,0,0,1,0,14,1,1,0,1,2,0,0,0,0,10,0,1,0,7,0,0,5,2,0,4,23,0,0,4,0,1,0,5,0,0,0,0,0,10,0,0,0,0,0,4,13,0,0,4,0,0,0,0,0,0,0,0,27,10,1,1,1,2,2,4,30,0,1,0,0,0,0,0,0,2,0,0,7,0,2,76,0,2,19,3,0,0,0,1,0,0,0,3,9,0,0,0,0,0,0,0,0,8,1,0,0,0,0,0,0,0,6,0,1,3,0,0,0,0,0,0,0,5,0,6,0,0,0,30,0,1,22,0,1,0,0,0,0,2,1,1,1,0,0,0,0,10,0,1,0,0,0,1,0,0,0,0,0,0,1,53,0,0,0,0,0,0,0,0,0,0,0,1,0,0,1,0,0,0,1,0,0,3,0,0,1,0,0,2,0,0,3,5,2,0,1,4,5,0,0,0,1,0,0,12,0,3,0,15,0,0,6,0,0,0,56,0,3,2,0,1,0,0,0,1,0,0,0,0,0,0,18,0,5,8,0,5,6,0,2,1,1,0,0,0,0,0,2,0,0,0,0,0,0,2,13,0,0,0,159,0,0,0,14,0,0,1,34,0,0,0,0,6,44,1,3,0,0,1,23,0,0,0,1,0,0,0,0,0,3,0,0,0,3,1,0,0,0,0,0,2,0,0,1,0,0,20,0,0,10,4,0,0,6,4,0,5,0,1,0,0,0,0,4,0,2,0,0,0,0,0,0,0,0,0,0,0,0,0,1
"ENSG00000254854.1",1,0,1,0,8,3,1,2,1,6,0,1,14,37,15,1,0,10,2,6,4,1,15,3,1,3,8,0,7,3,34,27,7,7,2,3,6,3,0,1,0,5,15,1,3,0,7,1,0,4,1,8,5,1,0,3,0,7,1,2,0,7,1,0,1,2,2,2,2,2,16,6,10,0,4,0,13,1,1,3,3,13,4,5,6,4,3,0,5,1,11,0,1,0,1,3,2,0,10,4,1,0,17,0,6,2,0,0,20,7,7,2,5,1,1,2,6,2,22,16,0,1,1,0,6,2,1,6,8,27,0,0,17,2,14,0,0,1,4,3,0,18,7,3,14,29,13,6,1,1,0,1,2,12,1,9,2,1,2,4,11,7,2,7,31,4,3,7,0,0,0,2,0,2,2,1,2,2,8,0,0,5,0,6,1,4,1,1,1,1,4,11,8,19,1,3,2,14,1,5,1,6,2,6,0,2,2,0,3,7,0,6,14,10,5,11,0,0,3,4,1,3,5,0,3,0,1,10,2,0,7,12,5,3,0,3,0,2,6,6,6,3,2,3,3,17,1,0,3,1,4,2,1,5,0,6,0,2,1,9,5,1,2,5,0,3,2,1,13,0,4,0,2,1,7,6,5,0,0,11,0,0,1,1,0,0,0,1,1,1,6,10,9,7,4,19,2,0,21,11,4,3,47,0,3,1,1,0,17,4,0,4,0,2,1,3,2,3,6,6,0,1,1,13,6,6,1,0,1,0,1,2,1,3,0,0,0,30,4,1,0,1,3,10,3,3,0,13,0,1,2,15,2,18,0,0,8,37,1,3,1,2,2,10,33,3,3,6,0,0,9,3,1,1,25,0,0,0,1,3,0,3,7,3,3,11,7,5,11,2,4,0,0,2,5,0,1,5,8,1,3,6,7,1,3,2,0,0,0,6,2,4,0,0,7,15,0,15,5,2,0,1,23,0
"ENSG00000254874.1",0,0,0,0,127,0,1,0,0,1,0,0,0,0,0,1,0,22,0,0,0,0,0,0,0,0,1,2,4,0,0,0,0,1,0,0,0,0,0,0,0,352,3,0,0,0,0,0,0,0,0,0,0,0,0,0,0,0,0,1,0,77,0,0,0,1,0,0,0,46,3,0,0,1,0,0,0,0,0,0,13,50,0,0,0,0,0,0,0,0,0,0,4,0,0,0,0,0,6,0,1,0,0,0,0,0,0,0,14,0,2,0,0,0,0,0,225,0,0,0,0,0,20,0,0,0,0,0,0,14,1,0,123,0,0,0,0,0,6,0,0,0,0,0,0,0,1,7,0,0,0,0,0,0,0,0,0,0,0,9,0,0,15,1,3,1,0,1,1,2,0,3,0,17,0,0,0,0,0,0,0,0,0,16,0,0,0,0,0,0,0,0,0,0,46,0,0,0,0,0,1,0,2,79,0,0,137,0,0,0,0,0,1,0,9,0,0,0,0,33,1,0,0,0,0,0,0,0,0,0,0,0,127,0,0,0,0,0,0,1,0,0,0,0,370,0,0,0,0,0,2,0,0,0,0,0,0,0,0,1,1,1,137,0,0,0,0,0,0,0,0,0,0,0,0,9,0,0,0,0,0,0,0,0,0,1,0,0,0,0,0,0,0,0,0,0,0,0,1,0,0,0,0,0,0,0,0,0,0,0,0,2,0,0,0,0,0,0,0,0,1,0,0,0,2,0,0,0,0,0,0,0,0,0,0,0,0,0,0,0,0,0,0,212,125,0,0,0,40,0,1,0,0,1,0,0,0,0,23,0,4,0,0,1,1,0,0,0,0,0,0,0,0,0,2,0,9,0,0,0,0,0,0,0,0,0,0,0,0,0,9,0,0,0,0,0,0,0,0,0,0,1,1,0,0,0,0,0,0,0,0,0,0,0,0,0,13,1,1,0,0,0,0,0
"ENSG00000254973.2",5,0,0,1,3,1,4,0,1,57,0,3,1,3,5,0,1,2,5,4,3,0,1,1,0,18,16,1,1,5,0,4,0,1,0,2,1,0,0,0,4,12,3,3,0,0,2,0,1,1,0,2,0,2,0,2,2,0,0,0,1,8,0,2,1,0,2,1,0,3,3,2,0,0,1,2,13,1,1,3,1,2,18,4,1,0,3,0,2,0,12,3,1,16,0,0,2,3,87,0,0,0,21,1,4,3,4,0,7,2,2,0,4,1,3,0,2,0,3,1,1,1,0,0,0,1,2,0,4,1,1,1,1,0,3,0,0,1,0,0,0,0,42,0,25,4,3,2,3,44,4,0,3,1,0,3,1,5,8,5,1,20,3,1,3,1,12,1,2,11,41,0,1,1,2,0,2,0,99,0,0,0,7,2,0,0,5,0,2,0,0,1,0,4,0,1,0,3,0,0,0,2,6,1,0,0,1,2,3,0,1,17,29,1,1,46,0,1,0,6,2,0,0,0,1,1,0,1,0,11,0,1,3,0,0,1,0,0,2,1,1,7,0,3,1,24,4,1,0,0,0,1,0,2,1,7,0,0,0,4,4,0,2,1,1,5,1,1,5,0,2,0,2,0,1,0,2,0,2,3,0,3,0,0,1,0,0,0,1,1,2,3,4,0,7,18,0,0,3,15,1,0,4,2,1,0,0,1,0,3,2,1,1,1,5,8,3,1,1,0,9,42,0,0,3,3,0,2,9,1,1,0,1,25,3,2,3,3,12,3,1,2,3,38,0,0,2,1,0,1,2,92,2,1,0,2,0,10,0,9,0,2,0,1,20,0,39,0,0,0,0,13,1,1,8,0,1,3,0,2,2,0,1,0,1,0,0,8,0,1,15,0,1,2,1,0,1,0,0,1,0,0,1,0,3,0,0,0,0,0,1,0,0,0,2,0,2,0,1,0,0,2,1,0
"ENSG00000255007.1",0,0,0,1,0,1,0,0,0,1,0,0,0,8,10,1,0,0,0,1,0,0,1,0,0,0,0,0,3,3,0,9,0,0,0,83,0,0,0,0,0,0,0,0,1,7,24,0,0,0,0,3,0,0,0,0,0,0,0,1,0,1,0,0,0,0,0,0,2,3,0,6,0,0,0,0,3,1,0,0,0,0,284,9,0,8,0,0,41,0,10,0,0,0,0,0,0,0,0,5,1,2,29,0,0,0,0,0,1,0,0,0,3,0,0,0,0,0,2,1,0,0,0,0,0,2,0,0,1,1,0,0,0,0,13,0,0,0,0,0,0,5,4,0,2,28,5,0,0,0,2,0,0,0,0,0,0,3,0,2,0,6,0,0,0,0,2,4,0,0,0,0,1,0,1,0,1,0,10,0,0,2,0,0,0,0,1,0,0,0,0,1,11,0,0,0,0,0,0,39,0,0,0,0,0,0,7,1,0,0,0,0,1,0,1,1,0,0,0,0,0,0,0,41,0,0,0,0,91,0,21,0,0,1,0,0,0,0,0,0,60,0,0,17,0,0,0,2,0,0,0,1,0,9,0,7,1,0,0,0,1,0,7,0,0,0,3,1,0,0,0,0,0,0,0,0,2,0,0,0,0,1,0,0,0,0,0,2,0,16,1,1,0,0,0,0,15,0,0,1,0,4,3,0,1,0,0,0,0,0,0,1,0,105,7,10,0,2,87,3,0,2,0,0,0,0,0,0,0,0,0,1,0,0,0,0,0,50,0,0,0,0,1,0,0,1,0,5,0,0,0,1,0,0,0,0,0,0,0,2,0,0,0,2,1,0,1,5,0,0,12,0,12,0,0,0,0,0,0,0,0,0,0,10,2,0,0,0,0,0,0,0,0,0,0,0,0,0,1,0,0,0,2,0,26,0,52,5,0,46,0,0,0,0,0,2,0,1,0,2,0,1,0,0
"ENSG00000255042.3",0,0,1,0,0,0,0,0,0,2,0,1,2,345,0,0,0,0,0,0,1,0,1,0,3,0,0,0,0,4,0,0,20,0,0,0,0,0,0,0,0,0,0,0,0,0,0,0,0,0,0,209,0,4,0,0,0,1,0,0,0,1,0,14,0,0,0,0,0,0,366,0,0,0,0,0,0,0,0,0,93,45,0,0,129,0,0,76,0,0,0,51,127,0,0,0,0,27,882,0,0,0,0,0,0,1,2,0,756,0,0,0,0,0,0,6,1,0,0,232,0,0,0,0,2,0,0,14,1,0,0,0,25,0,3,1,0,0,0,0,2,0,1,1,0,4,0,0,0,1,0,4,0,1,0,0,0,0,0,1,0,1,0,0,0,87,29,0,0,597,0,1,0,1001,0,0,1,0,2,0,0,0,0,1,49,0,1,0,1,232,0,0,1,30,3,0,0,0,0,1,2,0,1,107,1,166,0,0,7,0,0,0,0,46,0,2,0,0,1,0,0,107,0,0,0,0,0,0,0,2,0,0,0,0,0,0,0,0,0,0,0,0,0,0,0,0,0,0,0,1,0,0,0,0,0,0,1,0,0,1,363,265,0,271,1,0,0,0,257,0,49,0,488,0,0,0,536,0,0,0,49,106,0,0,0,0,0,0,0,1,1,0,0,1,0,406,1,0,0,0,0,0,0,0,345,0,0,0,36,69,0,0,0,0,0,0,861,1,0,2,0,0,0,0,0,0,0,0,1,0,311,0,0,0,0,0,2,1,0,0,0,0,0,0,324,178,0,0,71,0,0,1,0,660,0,0,0,0,0,0,0,0,0,0,0,0,2,0,0,0,0,1,0,124,69,0,684,0,0,26,0,0,0,0,0,4,0,2,0,0,0,0,0,0,0,1,0,0,0,0,0,0,0,0,0,3,0,0,1,0,0,0,0,0,0,0,216,0,0,0,0,0,1,1
"ENSG00000255142.1",8,0,3,27,4,13,1,14,12,12,11,34,18,9,18,2,13,14,145,25,17,1,4,13,68,7,2,11,1,13,104,6,15,90,18,3,4,13,17,26,0,4,7,22,16,0,8,0,0,9,13,4,3,10,28,66,1,63,18,12,33,14,31,21,4,19,40,15,22,14,24,14,4,4,1,5,24,24,15,12,55,91,21,1,53,11,8,11,29,2,40,43,25,0,5,5,18,12,12,1,4,27,1,28,8,31,25,10,27,6,3,3,15,11,12,12,61,33,6,12,5,61,6,31,23,0,1,9,39,11,48,0,28,3,4,5,120,1,44,12,5,41,16,6,25,21,9,40,7,13,4,11,8,15,12,35,33,8,41,126,36,7,52,31,1,7,12,19,47,13,17,34,47,69,2,14,24,9,47,9,1,1,34,130,65,14,58,33,40,99,24,11,15,34,13,29,15,14,5,14,20,32,35,80,0,24,45,148,6,33,21,15,6,30,58,6,9,3,23,56,3,5,0,11,19,0,51,77,0,2,32,52,9,32,13,20,7,2,8,12,2,6,8,18,25,16,3,0,30,50,4,9,9,40,10,8,0,0,28,37,18,7,1,12,0,40,9,5,68,7,11,5,6,0,6,22,5,0,21,1,65,23,14,2,64,7,0,2,1,7,8,21,6,23,0,28,39,17,24,22,74,0,3,7,0,2,14,42,39,25,23,8,41,12,21,10,19,11,20,24,9,33,2,32,102,71,0,11,1,3,11,2,12,10,45,1,75,2,16,9,3,4,20,67,22,14,1,4,2,0,4,30,31,37,17,8,8,15,11,17,9,4,57,18,15,45,0,7,3,1,24,164,1,14,46,7,30,1,20,106,9,16,48,0,8,9,26,7,2,1,8,28,0,37,11,6,20,5,47,3,34,28,16,25,38,18,14,7,0,1,13,2,39,16,7,0,7,21,72,2,2,23,20,6
"ENSG00000255152.8",15,0,4,2,8,5,5,0,14,11,19,63,19,38,42,1,17,11,16,10,2,0,1,7,22,3,6,17,4,25,15,4,4,3,4,6,3,9,46,55,0,8,9,12,3,3,1,0,0,5,20,1,8,50,32,17,1,44,15,1,17,5,26,8,1,69,3,17,22,12,36,8,6,0,0,3,65,10,22,25,21,17,19,1,52,5,0,10,3,1,7,12,10,0,5,0,11,7,29,1,3,4,1,18,1,20,34,8,33,17,8,2,5,17,12,7,31,24,26,29,1,39,3,18,4,0,0,6,36,21,3,1,13,0,6,0,17,6,51,1,1,25,13,3,8,26,11,31,10,11,0,7,2,7,8,16,21,19,21,25,24,3,6,20,19,5,13,39,6,11,1,20,15,81,1,4,6,40,49,10,1,0,38,25,37,1,22,1,4,21,22,8,12,17,2,35,2,29,1,11,15,26,10,33,0,17,5,12,9,12,3,8,4,7,11,8,1,2,8,24,3,6,1,2,4,0,66,36,1,9,29,18,2,15,10,1,0,7,1,5,0,2,7,3,44,14,54,1,28,10,1,2,3,19,2,5,3,5,64,46,30,6,20,15,1,8,27,1,24,5,4,1,67,0,3,28,6,0,6,10,41,14,11,0,34,17,0,3,5,3,8,5,6,22,6,19,23,19,5,17,21,2,53,3,0,3,3,6,25,38,36,11,37,6,6,13,16,15,4,2,25,55,2,43,2,31,0,14,0,1,11,5,5,8,28,0,30,3,11,8,0,2,3,77,60,10,2,7,11,0,1,19,11,47,30,0,21,48,17,58,9,2,24,50,26,4,1,1,9,4,14,42,0,25,46,4,48,4,2,45,6,6,3,0,0,6,18,10,11,8,21,16,0,33,13,8,14,18,22,0,5,12,9,9,17,4,7,27,1,0,10,4,14,3,1,3,6,5,30,4,3,1,22,1
"ENSG00000255224.1",19,17,192,22,19,59,574,25,65,57,43,62,86,168,58,12,21,140,59,20,21,13,61,18,38,11,111,30,14,73,56,56,61,28,24,53,121,29,77,43,39,51,19,82,12,52,125,55,14,46,37,22,19,106,29,65,22,45,55,48,190,35,88,38,4,20,32,109,79,51,165,66,19,11,153,17,84,79,38,36,87,68,105,172,60,34,57,47,191,198,167,113,27,1248,39,4,54,36,91,22,41,26,125,42,29,47,71,7,156,32,13,17,34,26,20,74,25,14,281,209,30,17,38,180,160,6,6,149,33,96,24,9,133,99,27,11,63,18,49,12,4,42,78,16,47,69,145,68,43,16,8,28,148,51,21,44,75,123,101,82,85,159,47,44,58,43,67,293,35,100,97,131,58,28,117,16,145,381,37,44,11,183,48,70,40,156,32,60,47,46,77,83,34,46,27,51,18,78,37,135,26,46,102,27,25,227,33,41,55,45,4,64,234,20,29,15,113,44,39,49,23,98,65,52,21,10,128,33,33,52,129,41,89,51,97,162,13,98,85,60,24,104,134,15,50,167,41,120,22,47,26,41,7,53,13,53,12,33,78,36,54,75,238,137,12,60,69,13,75,14,77,8,252,2,76,25,512,15,70,45,25,232,105,20,36,16,5,12,209,97,21,28,22,284,271,168,32,181,62,31,53,34,439,19,87,26,23,45,26,70,72,69,98,150,47,17,44,24,49,70,16,40,21,40,87,150,22,74,123,7,94,8,34,138,87,17,140,80,15,63,15,52,24,109,34,37,42,122,41,15,9,185,27,38,57,13,43,81,32,37,44,33,33,163,62,53,143,57,46,77,24,82,129,103,59,88,46,21,29,21,77,24,64,108,13,51,59,27,77,59,225,74,7,36,27,29,54,139,52,11,32,62,17,32,145,60,83,81,55,35,25,93,17,8,28,8,20,117,22,16,14,31,175,35
"ENSG00000255231.1",1,1,0,1,0,0,0,0,0,1,0,0,0,2,0,1,0,0,0,0,0,7,0,0,1,0,0,2,0,0,0,0,0,4,0,0,1,0,0,0,1,0,0,1,7,0,0,0,0,0,0,0,3,0,0,1,0,0,0,0,0,1,1,0,2,0,0,1,0,0,13,1,0,2,0,3,0,1,0,0,0,1,0,0,0,0,0,0,0,0,2,0,0,0,0,0,0,0,0,0,0,12,0,0,0,0,1,10,0,0,0,5,0,1,0,1,3,0,0,0,0,4,1,0,0,2,2,0,0,2,2,3,0,0,0,4,1,1,0,0,1,1,0,3,0,0,1,0,0,0,1,1,0,0,1,0,0,1,0,0,0,0,1,0,0,6,0,0,0,0,1,0,0,0,0,0,0,0,0,0,2,0,0,0,0,0,1,1,0,1,1,0,0,0,0,0,1,0,0,0,1,1,1,0,0,0,0,0,0,0,0,0,0,0,2,0,0,0,0,2,3,2,0,0,2,0,0,1,0,0,1,0,0,0,1,0,0,0,0,1,0,0,0,2,1,0,0,0,2,1,0,0,1,0,0,0,1,0,0,1,0,2,0,0,1,0,0,0,1,0,0,2,0,2,0,0,0,0,0,0,1,0,0,1,3,1,0,0,0,0,2,0,0,0,0,1,0,0,2,0,0,0,1,1,0,0,0,0,0,0,0,1,0,0,0,1,1,0,0,0,0,1,5,2,0,0,2,0,0,1,0,0,0,0,0,10,0,0,0,0,2,1,0,2,0,1,0,0,0,0,0,1,0,0,0,2,0,16,0,0,0,2,1,0,4,5,0,0,0,0,0,0,0,0,1,0,0,2,0,0,0,0,1,0,1,0,0,0,0,0,0,0,0,0,0,0,0,0,10,3,0,0,0,0,0,0,1,0,0,0,0,0,6,11,0,0,0,3,0,4,2,0,0,6
"ENSG00000255298.4",0,0,0,0,0,0,0,0,0,0,0,42,0,38,4,0,0,17,0,0,0,0,1,0,11,0,0,1,0,1,0,0,3,0,0,0,4,2,89,93,0,0,0,0,0,0,0,0,0,0,0,27,0,6,0,0,2,1,0,0,0,5,0,0,0,0,0,0,0,0,82,0,0,0,0,0,1,0,7,9,11,27,0,1,1,0,0,4,0,0,0,2,10,0,0,0,6,0,12,1,0,0,0,0,0,0,0,0,35,1,0,0,0,0,0,4,0,1,47,53,0,2,0,0,1,0,0,2,0,1,0,0,16,0,0,0,0,0,6,0,0,0,0,0,0,10,0,0,0,0,3,0,0,2,0,0,1,1,2,14,1,0,0,1,0,8,0,0,0,7,0,1,0,51,0,0,0,70,0,0,0,0,0,0,14,0,9,0,0,7,0,0,0,41,2,0,0,0,0,1,0,2,0,0,0,24,0,5,3,0,0,0,3,11,0,5,0,0,67,50,0,0,0,0,0,0,1,1,0,0,0,0,0,0,0,46,2,0,0,0,0,0,1,0,0,0,8,0,0,0,1,0,0,0,0,0,0,1,21,0,25,25,0,56,0,0,0,0,30,0,9,0,59,0,0,0,6,0,0,19,2,21,0,0,0,0,0,0,0,0,0,0,0,10,0,40,43,0,0,0,0,0,47,0,11,0,0,0,12,3,0,0,0,0,0,81,7,0,0,0,0,0,0,0,1,0,0,0,0,0,12,0,0,0,0,0,0,0,0,0,0,0,0,0,23,0,1,0,1,0,0,13,0,106,0,0,0,0,0,0,0,0,0,0,0,0,0,0,0,6,0,3,0,4,30,0,28,0,0,0,0,16,0,0,0,0,1,1,3,0,0,0,0,0,0,0,3,44,0,0,3,0,0,0,0,4,20,3,0,0,2,0,0,0,0,0,49,0,0,0,0,0,0,0
"ENSG00000255325.2",11,0,0,8,2,0,0,3,12,0,0,4,3,4,24,2,0,24,30,0,18,0,0,2,6,12,19,3,0,1,0,2,9,8,10,0,22,0,1,1,2,5,1,11,0,6,17,5,1,3,29,4,6,1,0,10,0,2,0,0,32,37,0,7,3,0,12,32,1,0,0,15,3,1,13,0,0,0,2,15,54,40,0,0,32,0,33,23,1,54,21,90,0,0,22,0,5,5,9,0,5,2,0,14,2,0,4,3,1,0,0,0,0,7,0,6,0,5,7,38,2,6,5,0,20,0,0,2,0,0,9,0,50,7,5,0,0,0,0,2,0,0,5,8,4,0,0,0,0,1,0,0,2,15,9,10,9,12,7,14,13,1,13,1,0,8,14,1,4,12,15,127,23,1,3,2,7,4,0,9,0,0,4,6,15,13,5,0,4,1,3,0,0,16,8,0,2,4,0,0,5,0,0,1,0,3,3,0,6,0,0,4,53,6,1,0,60,11,1,7,0,0,0,0,0,1,70,6,0,2,0,10,18,15,60,29,1,54,24,15,0,82,12,2,8,0,3,3,5,25,1,8,0,2,2,5,2,0,58,0,4,1,0,72,0,2,7,0,2,2,24,2,16,0,39,2,4,0,10,1,2,4,31,3,10,0,0,0,2,0,0,0,0,70,58,5,4,21,39,0,15,0,1,2,1,1,0,0,3,1,1,0,11,0,3,0,0,0,0,4,3,3,1,0,30,0,0,8,24,2,7,0,14,3,20,0,23,0,0,0,1,18,25,0,5,5,6,0,0,0,0,1,6,0,9,0,0,1,1,2,15,8,8,2,4,4,1,4,5,18,5,64,15,3,13,4,0,0,8,10,4,3,21,2,1,77,1,3,25,1,0,13,0,0,0,0,8,2,1,3,13,4,0,25,6,0,9,1,0,0,18,21,8,5,3,0,1,145,0,0,0,5,0,2
"ENSG00000255375.3",3,0,5,0,0,2,0,0,0,0,0,0,0,0,0,0,0,0,0,0,0,0,2,0,0,0,0,5,2,0,5,9,0,1,0,1,1,0,0,0,0,0,0,1,1,0,0,0,0,0,0,1,0,0,0,0,0,0,0,1,1,0,0,0,1,20,0,0,1,2,0,4,2,0,0,0,0,2,1,2,1,0,0,8,0,7,1,0,3,0,21,1,0,0,0,0,0,0,0,0,0,0,0,0,1,0,0,0,6,0,4,1,0,0,0,0,0,1,0,5,0,0,0,0,1,0,0,3,0,0,0,0,0,1,0,0,1,0,0,0,0,0,0,0,4,6,5,2,0,0,0,0,0,0,0,0,1,3,7,0,0,2,5,0,0,0,5,0,0,0,0,0,0,0,0,0,0,2,0,2,0,63,0,0,0,0,6,0,0,0,0,3,0,1,0,0,0,13,0,62,0,0,3,5,0,22,0,0,0,0,1,2,7,0,0,0,0,0,1,1,1,7,1,21,0,0,0,0,3,1,10,2,0,0,0,0,0,0,0,0,8,0,1,1,1,6,0,5,0,0,0,0,0,1,0,1,0,0,1,2,0,0,0,0,0,4,0,0,0,0,0,0,0,0,0,1,0,0,0,0,0,1,1,0,0,1,0,0,0,2,0,0,0,1,3,4,0,0,0,0,1,1,12,1,1,0,0,0,0,0,0,0,0,18,4,0,0,1,6,1,0,0,0,0,13,0,0,0,1,0,0,0,0,0,0,1,0,2,1,11,0,0,4,0,0,0,0,28,0,0,0,0,0,0,0,0,1,0,0,1,0,0,0,8,0,0,0,6,0,0,3,0,6,0,0,0,0,0,0,1,0,2,0,9,0,0,0,0,0,0,0,0,0,0,0,0,9,0,0,2,0,0,2,0,0,1,0,6,0,0,0,0,0,0,0,7,0,0,0,1,1,0,0,0
"ENSG00000255385.1",0,0,0,1,0,0,0,0,0,0,0,0,2,0,0,1,0,0,3,2,2,0,0,2,6,16,0,0,0,0,0,0,0,4,0,0,0,0,1,2,0,0,8,66,12,0,0,0,2,1,3,0,0,0,0,0,3,6,0,0,2,0,0,1,0,1,3,1,0,1,0,1,0,0,1,17,0,0,1,1,0,3,0,0,6,0,0,1,0,0,0,0,0,0,0,6,7,1,1,0,0,11,0,12,0,0,1,1,0,9,0,8,0,0,1,0,0,0,0,0,2,0,7,0,0,4,0,0,0,1,5,4,0,0,0,5,0,11,0,0,3,0,0,5,0,0,0,0,0,0,2,3,14,0,2,0,0,3,0,1,0,0,1,0,0,0,0,0,4,1,0,1,0,0,0,1,0,2,3,0,6,0,0,0,3,0,2,0,0,2,0,0,0,0,1,0,12,0,0,0,2,5,0,1,10,0,1,0,0,0,3,2,0,0,1,0,0,4,0,1,1,0,0,0,6,1,17,0,0,2,1,0,2,0,0,1,20,4,6,1,0,0,4,1,0,0,1,0,2,0,0,0,5,0,8,0,12,0,0,0,2,12,0,4,1,0,0,33,0,3,0,1,0,2,1,5,0,3,6,0,1,0,1,0,6,0,6,0,0,0,2,0,0,0,0,0,0,7,0,0,1,0,0,6,0,0,1,0,1,0,3,0,2,0,0,0,0,0,0,0,0,0,13,0,0,1,4,2,0,2,0,0,0,30,0,12,7,0,1,0,11,0,0,0,0,0,0,0,0,8,1,0,1,0,3,11,0,0,0,0,4,3,0,0,4,11,0,2,1,0,0,0,0,0,0,0,0,0,0,0,0,6,1,0,0,0,0,0,5,0,1,6,1,0,0,7,0,0,4,2,0,0,0,1,0,0,0,0,0,0,0,0,3,2,0,0,0,0,0,10,13,0,0,1
"ENSG00000255425.6",0,0,0,0,0,0,0,0,0,0,0,12,0,29,3,0,0,1,0,0,0,0,0,0,2,1,0,4,0,1,0,0,1,1,0,0,1,0,4,16,0,0,0,0,0,0,1,0,0,1,0,1,0,2,0,0,0,0,0,0,0,2,0,0,0,0,0,0,1,0,20,0,0,0,0,0,0,0,3,3,1,5,0,0,1,0,0,2,0,0,0,0,0,0,0,0,0,0,6,0,0,0,0,0,0,0,0,0,54,0,0,0,0,1,0,0,0,0,5,25,0,0,0,0,0,0,0,1,0,0,0,0,18,0,0,0,0,0,0,0,0,0,0,0,0,5,0,0,0,0,0,0,0,0,0,0,0,0,0,1,1,0,0,0,0,1,0,0,0,6,0,0,0,27,0,0,0,10,0,0,0,0,0,0,0,0,0,0,0,3,0,0,0,15,0,1,0,0,0,0,0,0,0,0,0,3,0,0,5,0,0,0,0,3,0,1,0,0,0,14,0,0,0,0,0,0,0,0,0,0,0,0,0,0,0,8,0,0,0,0,0,0,0,0,0,0,7,0,0,0,0,0,0,0,0,0,0,0,1,0,7,3,0,4,0,0,0,0,14,0,5,0,22,0,0,0,1,0,0,15,1,0,0,0,0,0,0,0,0,0,0,0,0,3,0,77,5,0,0,0,0,0,40,0,10,0,0,0,0,3,0,0,0,0,0,17,4,0,0,0,0,0,0,0,0,0,0,0,0,0,3,0,0,0,0,0,0,0,0,0,0,0,0,0,7,4,2,0,6,0,0,10,0,19,0,0,0,0,0,0,0,0,0,0,0,0,0,0,0,0,0,0,0,5,8,0,11,0,0,0,0,8,0,0,0,0,0,1,1,0,0,0,0,0,0,0,4,11,0,0,0,0,0,0,0,0,12,0,0,0,0,0,0,0,0,0,10,0,0,1,0,0,0,0
"ENSG00000255446.1",25,0,0,1,26,2,0,0,1,0,1,0,0,37,0,1,1,1,0,1,0,0,0,2,1,1,0,2,2,0,7,1,5,2,4,1,0,1,0,0,0,3,1,0,1,0,0,1,0,0,0,1,1,1,0,11,2,0,0,3,0,26,0,0,0,4,1,0,11,10,35,0,0,0,0,0,1,1,0,2,0,8,1,0,2,0,1,0,2,0,1,0,1,0,0,1,0,26,0,11,0,0,1,0,0,0,1,0,9,1,1,0,0,6,0,1,4,0,0,0,0,2,0,0,2,0,0,0,2,32,0,0,13,1,0,0,1,2,2,1,0,3,1,3,4,1,0,28,0,1,0,1,0,1,0,0,0,8,0,1,2,0,14,7,1,5,1,22,2,0,0,0,0,117,0,1,1,5,0,0,0,4,0,6,0,0,0,1,10,0,1,0,1,6,5,1,0,0,0,11,0,31,2,26,1,4,0,7,0,2,3,2,1,1,0,0,0,0,4,1,0,0,0,0,3,1,0,1,0,0,9,0,1,1,0,0,1,0,0,0,0,0,2,1,47,0,0,0,1,0,0,1,0,0,0,0,0,1,1,9,1,2,45,5,1,1,3,0,6,0,1,0,2,0,5,1,0,0,0,2,1,0,0,0,0,3,0,1,0,6,1,0,1,1,0,0,38,0,0,0,24,0,0,0,1,0,0,2,0,0,0,17,1,0,0,9,0,3,0,0,12,9,0,0,3,0,1,1,0,0,0,2,1,1,0,0,0,3,0,0,1,0,1,0,11,1,0,0,4,0,0,32,5,8,0,1,5,2,4,4,0,1,0,25,0,0,0,2,0,0,0,0,0,0,20,1,20,4,1,9,2,18,8,2,5,0,0,1,1,46,1,0,0,7,2,1,2,0,0,0,1,1,0,0,1,3,6,6,0,0,1,0,2,0,6,0,8,1,12,1,0,1,0,0
"ENSG00000255501.3",0,0,0,1,0,0,3,0,0,0,0,16,0,197,82,0,0,53,0,0,0,0,0,11,59,2,0,58,3,73,0,0,64,7,52,0,42,0,0,0,4,2,0,0,1,0,0,71,0,0,0,30,0,26,0,2,0,0,2,0,0,15,4,16,1,0,8,1,0,0,333,0,30,0,0,0,0,0,22,18,71,103,0,0,58,1,0,11,0,0,0,89,43,1,0,0,0,26,106,1,0,0,0,0,0,8,2,0,216,32,0,0,0,20,0,15,0,3,81,155,3,25,1,0,11,0,4,40,0,72,6,0,88,0,0,0,0,1,58,12,0,0,95,0,0,190,42,0,0,0,0,1,1,65,2,0,23,0,66,85,5,0,1,0,0,56,51,0,0,20,19,4,0,388,0,0,45,86,22,31,0,0,10,27,32,0,46,0,1,44,0,1,0,52,29,0,0,0,0,0,3,0,0,274,0,28,0,0,65,15,1,0,93,73,5,0,0,0,58,80,1,52,0,0,0,0,0,153,0,0,0,66,0,0,0,46,0,0,13,33,0,0,1,0,1,1,6,1,0,14,2,0,0,0,0,0,0,0,39,39,55,24,1,114,0,0,0,1,171,0,36,0,36,0,0,0,120,0,0,11,70,34,102,0,0,0,0,0,0,0,0,0,0,15,0,93,88,0,0,0,2,0,79,0,11,0,0,0,40,57,5,0,60,0,0,23,136,0,0,24,0,0,0,0,5,1,0,0,26,0,47,0,11,0,0,0,0,0,0,0,0,4,4,0,54,45,19,0,35,0,0,103,0,68,0,1,0,0,0,0,3,0,15,0,0,0,2,0,0,8,0,19,2,31,270,0,94,0,0,95,106,23,64,0,0,27,1,65,17,0,0,0,0,0,0,0,22,68,9,0,16,0,0,0,1,0,35,53,4,0,7,30,0,0,24,0,33,1,10,0,0,0,0,0
"ENSG00000255521.2",3,0,0,1,1,1,1,0,2,3,4,3,4,3,37,2,0,0,8,0,1,1,1,1,4,0,1,5,1,2,0,2,13,3,1,19,4,11,4,1,0,0,3,1,2,0,26,1,2,0,0,1,1,3,1,0,18,1,2,0,2,23,0,1,0,0,1,11,0,0,2,10,1,0,0,0,10,0,2,2,55,1,27,0,1,0,3,7,7,8,8,12,0,0,3,0,1,0,3,6,11,0,13,0,1,0,1,0,3,2,1,3,1,19,1,2,2,0,0,17,2,1,0,4,5,1,0,0,1,4,6,0,6,3,2,0,20,0,4,0,0,0,18,0,3,0,1,0,2,1,0,2,0,0,1,2,105,2,2,20,0,26,68,0,0,2,3,0,0,13,31,1,44,0,0,0,12,0,9,21,0,0,12,1,0,3,0,1,0,0,1,6,1,15,18,0,2,1,2,1,1,0,1,0,0,1,1,0,1,0,2,4,9,0,3,19,2,24,11,48,0,1,0,1,1,0,4,0,2,1,0,2,8,3,0,36,0,1,0,8,0,32,51,0,0,0,0,9,0,3,0,0,0,0,0,0,0,0,40,0,9,2,28,0,2,0,0,0,2,0,8,1,0,2,2,0,0,0,3,8,1,0,1,1,2,0,0,0,2,1,4,1,1,0,18,0,1,2,0,13,4,0,2,0,0,0,3,0,2,1,0,0,0,0,0,1,5,6,4,0,0,5,0,0,3,0,3,5,11,0,0,1,28,1,2,1,2,0,0,2,1,16,2,1,0,0,0,0,13,0,0,2,0,0,0,0,0,2,0,0,1,1,13,1,0,1,0,1,4,0,0,5,1,0,0,0,45,3,1,1,1,0,18,0,3,9,2,8,0,0,0,12,1,1,0,0,4,1,4,0,1,0,1,0,14,3,46,1,0,0,1,0,5,31,0,0,11,25,2,1,0,0,19,1
"ENSG00000255559.1",23,0,3,6,12,11,11,7,23,12,4,18,22,78,12,2,7,37,16,15,24,3,7,13,14,3,12,5,0,18,20,14,11,11,8,13,12,6,6,15,6,8,9,10,4,12,10,2,0,3,4,12,1,47,11,33,3,10,11,3,10,11,10,4,7,15,15,10,15,12,77,7,4,1,2,2,29,9,16,17,50,16,13,14,39,8,3,6,13,15,48,51,12,5,4,0,14,17,30,3,3,10,11,16,19,25,17,2,39,12,11,7,6,5,20,5,8,5,21,133,7,12,6,30,24,2,0,15,17,28,6,3,46,11,7,1,26,3,7,6,1,19,33,36,25,35,39,24,32,0,6,6,29,9,11,11,21,38,39,23,11,18,12,11,6,7,26,21,8,24,1,17,22,9,4,2,25,42,53,12,2,9,30,29,7,26,29,3,9,11,3,7,19,29,1,37,3,37,5,6,5,6,40,12,1,19,6,10,9,29,8,31,15,5,16,8,12,2,13,26,2,9,0,3,1,0,11,13,5,26,11,17,18,18,8,6,4,7,8,10,15,27,22,7,24,35,19,6,1,47,6,1,3,10,1,8,1,2,19,14,17,16,18,49,0,19,12,7,36,1,11,2,18,0,13,15,16,0,12,6,22,11,13,0,14,3,1,3,15,5,2,3,3,48,7,126,10,21,29,42,25,6,110,6,7,6,4,12,13,14,17,22,22,38,23,12,18,26,17,13,10,50,1,29,14,21,3,1,6,1,8,2,5,30,24,5,43,28,5,11,3,8,11,29,9,1,5,1,4,1,2,53,13,16,20,3,57,32,21,35,11,7,16,31,83,23,17,12,2,7,5,58,0,25,23,3,19,1,5,16,1,4,22,0,5,10,16,23,21,2,108,33,1,28,8,2,13,16,25,2,18,8,10,15,31,7,5,7,2,13,13,2,11,1,7,2,3,25,6,6,3,10,44,0
"ENSG00000255599.1",2,0,0,0,0,3,0,4,0,2,0,1,1,0,0,3,0,3,1,0,1,0,0,1,2,4,1,22,0,0,0,0,1,15,21,0,6,2,0,0,2,0,0,0,2,0,0,0,2,0,4,0,3,0,1,0,3,1,6,0,0,4,9,7,0,0,7,2,11,2,1,2,1,0,0,0,0,9,0,4,1,1,0,3,6,2,15,1,1,7,0,9,0,2,0,0,6,23,0,0,2,4,0,12,4,0,14,0,2,0,9,0,2,0,0,26,0,1,2,0,0,3,0,1,4,0,0,13,0,1,3,0,2,3,2,0,20,0,0,0,0,0,2,1,0,1,0,3,0,0,0,1,1,6,1,1,0,0,14,25,0,2,1,0,0,0,5,0,6,0,18,4,1,0,5,1,3,33,0,7,0,1,1,0,11,1,23,2,1,3,12,0,3,1,6,0,0,4,1,1,0,8,2,5,0,2,0,1,9,1,0,10,0,1,0,0,0,5,0,3,1,19,0,1,1,0,2,0,3,4,0,3,0,0,2,1,0,4,0,4,3,0,3,1,1,10,0,11,19,0,0,1,0,1,0,7,0,0,2,1,4,12,0,2,0,14,0,1,24,0,0,0,1,0,7,0,0,1,0,3,20,0,4,1,9,0,0,1,0,1,1,7,1,2,4,0,1,1,0,0,4,1,0,0,6,0,3,2,27,3,1,0,7,7,2,1,2,0,3,2,0,0,1,2,40,2,2,0,0,0,0,0,0,3,4,0,3,2,0,3,0,2,3,0,9,2,8,2,0,0,0,3,6,0,4,0,1,3,0,17,6,0,2,1,0,2,1,0,4,1,1,5,0,0,29,0,16,1,0,15,17,4,5,1,4,0,5,19,3,4,1,0,0,1,4,0,6,0,0,0,0,15,7,2,1,0,1,0,2,0,2,2,2,1,1,0,10,0,0,3,0,5,0,2
"ENSG00000255624.3",0,0,6,2,18,3,4,2,0,8,0,1,6,46,32,3,1,21,6,2,4,1,1,8,8,9,2,17,0,27,3,0,10,6,9,13,17,1,0,0,1,5,27,2,5,0,0,2,1,0,2,24,3,25,0,5,2,3,8,0,0,25,6,11,1,11,7,0,1,17,42,9,1,0,7,0,47,9,20,32,16,24,35,4,22,5,1,15,8,0,4,15,2,12,0,1,0,12,10,6,6,0,46,1,1,1,13,3,133,9,9,6,2,5,19,11,17,3,46,44,1,1,2,4,6,0,0,4,27,183,3,1,37,1,14,2,2,0,59,1,2,9,0,1,6,73,55,76,5,7,0,0,27,19,1,1,2,3,16,22,4,3,31,2,7,4,13,17,14,104,3,8,25,18,0,4,1,30,21,10,0,6,25,28,12,1,38,2,0,27,1,27,8,25,4,21,1,4,0,22,2,18,17,59,0,28,2,0,29,1,2,14,8,10,21,4,0,0,6,16,0,0,1,1,2,1,3,30,2,0,0,15,5,6,0,12,2,0,0,1,1,6,0,1,67,54,10,3,1,0,1,5,2,17,3,0,1,0,4,67,64,11,2,61,2,2,4,1,24,0,9,2,37,1,4,31,30,0,0,1,17,6,0,0,5,36,0,4,24,4,5,4,4,2,5,40,65,1,2,1,1,1,193,1,22,7,0,6,16,27,0,14,2,7,44,3,63,62,1,5,15,2,0,37,12,10,1,5,1,1,20,6,2,2,55,0,7,37,1,1,1,3,3,6,29,6,0,0,0,2,3,27,3,47,2,4,57,24,1,37,0,0,4,41,1,1,21,29,0,1,20,3,2,8,82,0,21,0,0,4,11,12,2,0,3,13,10,5,24,4,2,4,0,15,0,1,15,26,0,0,2,10,0,0,2,1,22,23,4,1,7,9,5,2,4,4,2,26,9,0,1,2,37,1
"ENSG00000255666.7",0,0,0,0,0,0,0,0,0,0,0,0,0,62,0,2,0,2,0,2,0,1,26,16,29,0,1,33,0,27,1,9,2,2,0,0,2,0,0,0,0,1,0,39,1,0,0,0,2,0,0,6,0,2,0,0,0,1,17,0,0,35,0,0,0,0,0,3,1,2,163,1,17,0,0,0,0,1,0,25,6,10,0,0,4,0,1,0,0,0,0,0,0,0,0,0,0,0,0,1,0,1,0,0,0,0,1,3,15,0,0,2,0,0,0,0,3,0,0,21,1,23,0,0,0,0,0,0,0,119,2,1,3,0,0,2,0,0,1,37,0,0,46,2,1,3,14,3,0,0,0,0,0,5,5,0,0,1,0,88,1,0,7,0,1,2,2,0,1,1,0,1,4,31,0,1,0,0,65,0,0,1,0,0,0,0,6,0,0,1,0,0,0,168,0,0,0,0,0,0,0,2,0,1,0,0,0,0,0,1,0,1,0,0,5,0,0,0,33,20,0,0,0,1,0,0,1,0,0,0,0,4,5,0,0,1,1,0,0,1,1,7,0,0,0,0,0,0,0,0,0,0,0,0,0,0,1,1,0,0,20,16,1,0,3,0,0,0,1,0,2,0,1,4,0,0,0,0,0,0,3,0,0,0,0,0,0,0,0,0,0,0,0,2,0,0,0,1,0,0,0,0,0,3,3,0,0,0,0,0,1,0,1,0,0,2,0,0,0,6,1,11,0,0,0,0,1,0,0,1,2,0,1,0,0,2,0,0,0,0,0,0,0,0,1,68,0,0,0,0,0,1,0,3,0,1,0,0,0,0,3,0,0,1,7,0,0,0,0,4,0,0,0,0,4,0,1,0,1,4,0,22,76,1,0,0,0,1,1,0,0,0,1,0,0,0,82,0,2,0,7,0,0,0,1,4,0,0,0,1,9,0,8,0,2,0,1,0,0,1,0,1,0,0
"ENSG00000255689.1",0,5,0,1,2,7,0,7,2,4,2,1,3,2,0,1,0,7,5,1,6,0,0,7,4,8,6,17,3,0,0,0,8,11,29,0,14,2,9,1,16,0,1,6,6,7,8,11,0,0,15,1,1,11,5,8,13,2,7,2,2,1,16,12,1,0,20,9,27,12,13,7,2,1,6,1,0,6,2,7,23,6,1,20,9,4,15,4,3,11,3,5,0,0,4,1,18,169,4,1,8,10,0,42,12,1,18,1,25,0,8,3,20,1,0,151,5,2,3,2,3,9,3,5,10,0,2,14,8,5,10,0,10,6,14,0,27,1,13,0,3,3,2,11,3,3,2,1,1,0,0,1,9,8,1,16,2,0,109,27,1,29,7,4,0,0,5,0,20,10,24,3,13,0,18,2,22,56,0,14,0,4,13,3,19,11,37,4,5,9,15,0,12,10,2,8,3,15,21,10,2,13,15,11,1,3,1,7,23,4,2,19,3,2,1,0,14,43,0,9,3,33,0,5,0,0,12,5,18,15,10,8,0,6,5,12,1,28,24,15,8,1,12,3,3,12,8,24,86,4,0,3,2,3,0,13,0,2,8,1,15,14,0,1,0,15,2,2,64,4,11,2,0,1,12,3,4,2,7,2,61,13,9,4,22,1,0,2,3,7,5,10,4,39,13,4,0,24,10,1,3,2,2,0,13,1,7,8,16,15,2,4,16,22,8,0,39,1,15,16,0,2,2,5,127,20,1,5,10,1,8,0,1,21,22,0,13,8,0,4,1,7,2,0,20,8,32,9,1,7,2,33,2,2,9,2,1,0,3,34,8,8,14,3,0,3,7,0,16,8,16,15,0,3,30,1,68,0,1,71,46,25,10,6,3,4,3,23,32,6,7,3,0,3,9,4,20,1,12,1,2,22,2,4,1,0,6,0,9,6,3,10,3,6,6,1,35,0,7,2,4,3,1,5
"ENSG00000255693.3",3,0,1,0,1,0,5,0,0,0,0,0,2,6,6,0,0,4,1,0,0,0,0,0,0,1,1,0,0,0,0,0,6,0,0,4,0,0,1,0,0,1,1,1,0,0,1,0,1,0,0,3,0,5,0,1,0,0,0,1,0,2,0,1,0,0,0,0,0,0,53,0,0,0,0,0,14,0,0,15,3,3,3,0,3,1,0,0,1,0,0,0,0,0,1,0,0,0,1,0,0,0,0,0,1,0,0,1,26,2,0,1,0,0,0,0,0,0,4,8,0,1,0,0,0,0,0,0,0,9,0,0,5,0,0,0,0,0,0,0,0,0,0,0,0,2,3,0,2,0,0,0,0,0,1,0,1,0,1,6,0,0,1,0,1,1,2,1,0,3,1,0,0,0,0,0,0,27,1,1,0,0,0,2,0,0,0,0,0,0,0,0,1,0,0,0,0,1,0,1,0,0,0,1,0,10,0,0,0,1,0,0,10,2,2,0,0,0,0,2,0,0,0,0,0,0,0,1,0,3,0,0,0,0,0,50,0,0,0,0,0,0,0,4,8,0,0,0,0,0,0,0,0,1,0,0,0,0,1,9,2,1,0,0,1,1,1,0,0,0,0,0,44,0,0,0,5,0,0,0,0,2,0,0,0,0,0,0,3,1,0,0,0,0,0,31,1,1,2,0,0,0,5,1,1,0,0,0,1,1,0,0,0,0,0,1,0,0,2,0,2,15,1,1,1,1,0,1,2,0,0,0,0,0,1,1,0,0,0,1,0,0,3,1,3,2,0,2,10,0,0,4,1,2,0,1,2,25,1,0,0,1,0,0,2,0,21,9,0,0,1,1,1,0,0,0,1,0,0,0,0,0,0,0,1,0,3,0,0,0,0,0,0,1,1,0,5,7,2,0,1,0,0,0,0,1,7,4,0,2,0,0,1,0,0,0,1,8,1,0,0,0,0,0
"ENSG00000255746.1",0,0,18,2,6,2,15,3,35,0,15,52,8,80,3,9,8,16,279,0,4,0,8,6,41,67,0,0,1,4,0,3,16,15,25,0,48,7,24,10,37,0,3,87,30,8,18,15,1,11,6,0,3,12,195,9,21,23,1,1,18,2,91,2,1,1,3,129,19,16,1,35,0,1,18,6,0,4,42,5,123,1,1,74,27,1,29,345,6,40,25,46,1,148,38,1,21,5,172,0,11,24,1,88,4,0,124,1,22,0,7,0,13,9,54,16,0,13,1,62,63,5,13,115,40,0,1,0,9,0,1,2,47,11,14,10,12,6,18,0,10,3,9,9,0,4,1,7,13,0,1,15,167,2,31,14,28,6,40,3,0,8,36,3,1,0,17,2,11,2,0,3,75,33,21,2,19,19,2,13,4,31,87,1,126,4,14,11,33,1,0,0,1,10,10,20,15,133,1,2,1,45,5,70,5,113,11,69,6,54,6,7,33,5,5,0,150,66,27,63,6,0,0,0,6,1,136,5,10,84,1,1,26,172,86,80,2,69,109,1,6,8,213,11,4,35,71,15,125,75,34,0,3,0,4,0,4,0,73,3,47,68,0,5,0,20,2,4,16,4,13,2,1,3,7,9,142,5,165,7,11,43,24,7,77,20,0,7,11,0,6,4,1,13,35,20,1,249,42,1,2,3,0,6,24,3,2,0,14,2,28,5,41,17,12,0,14,10,3,34,0,0,4,3,58,48,7,195,39,2,12,13,46,1,30,2,374,20,59,4,1,129,1,0,1,2,25,30,4,1,4,11,6,11,78,6,5,0,7,19,5,63,79,4,0,22,21,31,32,2,0,13,0,8,1,0,59,4,7,7,202,14,37,0,6,5,0,31,8,0,152,11,2,29,8,1,46,23,17,5,28,1,15,27,48,0,5,15,4,3,5,9,5,3,3,0,20,0,19,5,5,48,267,2
"ENSG00000255794.9",0,0,0,12,16,58,0,13,0,1,0,0,0,0,2,4,1,4,0,15,2,0,3,4,1,98,2,4,9,21,0,29,2,0,2,89,15,0,0,0,0,2,47,179,0,3,4,0,1,1,0,16,1,5,0,1,3,0,0,23,7,0,0,0,1,0,0,81,28,17,83,4,0,0,0,1,3,56,19,5,1,1,1,1,15,1,7,2,8,3,45,0,4,2,115,0,0,0,19,7,0,0,2,0,1,11,33,0,19,0,7,0,1,0,0,2,66,43,23,105,0,6,1,1,13,1,1,10,76,221,2,1,19,0,2,0,1,0,0,2,0,23,6,1,8,17,18,42,0,3,3,2,4,3,0,1,0,2,10,39,0,1,22,35,30,0,6,1,6,26,78,0,0,0,0,2,7,8,0,3,0,2,1,0,18,0,4,1,1,6,0,0,0,4,0,1,0,0,0,1,0,22,16,1,1,9,4,0,0,2,0,8,9,4,11,0,27,0,1,1,0,3,0,10,5,0,3,0,6,1,71,22,6,2,3,12,0,2,1,1,8,0,55,4,197,5,0,1,1,0,19,0,1,2,7,0,0,0,7,14,3,0,21,0,0,95,5,1,0,0,1,1,7,1,1,2,18,0,2,21,23,7,2,0,0,4,0,0,0,15,0,2,18,0,6,82,0,2,0,2,0,0,0,1,0,5,0,1,0,3,1,307,0,12,24,0,0,0,3,3,4,2,0,46,0,3,0,45,30,0,67,2,0,86,116,0,0,1,0,0,0,1,29,16,14,0,2,4,2,0,0,35,21,3,0,1,0,0,0,21,19,2,4,23,0,0,8,3,89,4,14,20,0,0,0,0,5,0,0,0,1,0,0,0,1,9,31,31,17,1,3,63,2,45,87,6,17,6,9,0,1,24,4,0,1,0,13,0,0,2,0,1,0,0,3,8,0,12,3,1,1,0,37,3
"ENSG00000255843.1",5,0,8,0,0,1,0,2,0,0,3,6,0,204,5,0,1,7,27,2,1,0,0,0,5,0,1,3,1,4,5,0,6,12,0,2,29,0,0,0,0,1,2,455,1,0,0,6,0,1,0,5,1,7,116,2,0,1,1,0,169,5,24,1,0,1,0,665,2,2,154,1,2,0,0,0,3,0,6,2,114,69,4,0,3,0,1,45,2,1,2,6,10,0,597,2,0,2,4,2,1,1,0,5,0,0,0,1,19,0,1,4,2,13,2,1,2,5,0,29,67,6,0,1,0,1,1,28,3,4,1,0,135,0,0,0,65,0,1,2,0,1,5,1,3,211,2,5,2,5,0,0,0,1,4,1,1,2,0,23,6,0,2,1,0,17,8,1,1,7,1,4,17,3,0,1,2,15,3,20,0,0,0,3,7,2,4,0,3,0,0,4,3,2,8,0,0,5,0,2,1,4,5,6,0,6,4,3,141,0,1,3,1,60,2,0,22,64,21,29,0,0,0,2,2,1,987,5,0,2,1,7,0,200,5,24,1,112,2,4,0,0,170,1,8,2,1,1,16,5,0,0,0,3,1,1,0,2,73,10,13,9,6,1,1,3,5,0,4,0,2,1,51,0,3,1,0,0,161,0,19,1,0,0,1,0,0,0,0,0,0,0,0,1,5,22,7,159,16,1,2,0,1,0,1,0,0,0,1,5,2402,1,1,2,0,9,86,2,1,2,1,1,3,1,3,1,1,2,0,0,328,2,1,2,2,2,597,3,0,3,0,13,2,1,2,49,0,0,0,2,0,4,1,47,0,1,1,4,3,4,3,0,345,7,1,2,0,0,48,0,3,1,0,2,30,1,52,3,2,2,2,4,23,1,1,0,1,3,1,1,3,769,0,2,0,1,98,5,10,0,3,0,0,2,2,3,3,4,0,1,3,1,3,2,0,0,1,6,0,2,0,3,37,1
"ENSG00000255970.1",12,0,8,0,0,1,1,2,0,19,1,1,1,31,0,2,1,0,1,5,1,0,4,1,1,1,0,3,0,1,1,2,0,2,1,0,0,0,0,4,0,14,3,2,1,0,0,0,0,1,0,3,1,2,0,3,1,0,10,0,3,1,0,1,0,3,3,2,3,5,8,0,0,0,0,0,71,3,3,4,2,2,0,0,17,12,0,0,4,0,1,1,0,0,0,0,0,0,5,11,0,0,4,0,0,5,19,0,26,2,2,1,0,2,3,1,8,1,2,1,2,1,0,1,2,1,0,0,3,11,1,1,6,0,0,0,1,0,1,0,0,6,5,0,1,0,1,0,4,7,0,3,5,2,0,1,0,2,1,3,0,0,2,5,1,2,3,0,12,12,4,0,1,4,0,1,0,0,5,2,1,9,4,0,1,0,1,0,1,3,0,2,2,1,1,1,2,0,0,6,0,3,4,19,0,0,0,10,0,2,0,3,0,0,11,6,1,0,1,3,0,0,1,3,2,1,1,2,0,3,1,0,1,0,0,0,0,0,1,0,3,1,0,1,4,1,0,0,1,2,0,0,0,1,0,1,0,0,0,2,2,16,12,1,3,1,1,0,1,0,0,1,0,0,0,1,2,0,1,1,2,1,1,0,1,1,0,1,0,0,1,1,0,0,1,3,4,1,0,60,1,2,0,0,0,0,0,1,2,0,0,2,0,0,1,2,2,4,1,0,1,13,0,7,0,2,0,0,0,0,0,0,2,7,4,0,0,0,3,0,0,0,0,4,16,1,0,1,1,0,0,4,1,1,0,0,0,36,2,2,2,2,1,2,3,3,0,1,0,0,0,2,0,0,2,0,6,1,1,2,0,4,0,0,1,0,2,3,0,0,1,0,0,1,1,1,1,0,2,0,0,0,3,0,2,8,3,3,0,1,1,0,0,1,2,1,0,5,4,2,0,1,31,0
"ENSG00000255980.1",0,0,0,1,2,1,0,2,0,0,2,0,1,6,40,5,1,0,3,2,0,8,1,1,0,0,1,1,0,2,1,3,1,4,1,0,6,3,0,0,1,0,0,3,11,2,0,0,1,0,0,0,15,0,0,0,2,0,1,0,4,0,0,14,11,2,4,0,9,0,1,1,2,1,0,11,1,0,1,0,2,0,0,0,0,1,0,1,0,0,0,0,0,5,1,6,8,0,0,0,1,1,0,1,0,0,0,2,1,0,0,15,1,0,0,1,3,0,0,6,3,13504,0,2,4,2,1,0,2,0,7,17,1,1,1,25,0,11,1,0,1,1,1,27,1,11,1,0,3,0,5,26,0,0,8,6,1,2,0,2,1,0,10,0,7,1,1,4,0,0,0,4,7,0,0,0,1,0,3,3,12,0,0,1,5,2,1,0,0,0,0,28,8,5,1,0,13,2,0,2,0,0,0,1,2,4,0,0,0,0,2,0,2,2,5,1,1,0,4,1,4,0,1,2,3,7,12,0,1,0,1,4,0,1,0,10,16,0,0,0,0,2,5,0,0,0,3,3,0,2,0,0,7,3,21,0,10,1,14,0,1,1,2,3,29,0,0,3,0,7,1,7,1,15,1,0,1,3,16,4,0,4,1,22,0,2,7,0,0,2,1,1,1,0,17,3,2,1,2,0,3,0,0,10,1,0,0,1,0,2,0,0,2,1,3,1,2,4,0,1,0,0,7,1,6,0,3,5,7,10,6,1,0,1,0,18,10,3,2,0,9,33,0,1,1,0,0,1,3,18,10,0,1,26,1,19,0,1,0,2,0,0,7,0,2,0,0,1,1,0,0,1,4,1,2,3,0,1,0,0,0,0,3,3,6,1,0,0,0,0,4,4,2,0,0,3,2,0,2,10,1,0,0,2,22,6,1,3,0,0,1,4,1,1,2,0,0,5,0,21,22,4,7,8
"ENSG00000255983.1",1,0,0,0,0,0,0,0,0,0,0,3,0,9,0,0,1,1,0,0,0,0,7,0,1,1,0,5,4,31,0,0,8,0,6,0,0,0,0,0,0,0,0,0,0,0,0,0,0,0,0,4,0,48,0,0,0,0,0,0,0,0,0,0,0,0,1,0,0,0,30,0,0,0,0,0,0,0,7,43,6,40,0,0,13,0,0,0,0,1,0,5,14,0,0,0,0,16,13,0,0,0,0,0,0,0,0,0,129,4,0,0,0,8,0,0,0,6,2,3,0,32,0,0,2,0,0,6,0,0,3,0,5,0,0,0,0,0,5,0,0,1,28,0,0,0,3,0,2,0,0,7,0,9,0,0,0,0,0,8,0,0,0,0,4,1,32,0,1,10,0,15,0,3,0,2,2,18,0,0,0,0,0,0,13,0,42,0,0,14,0,6,0,6,1,0,0,0,0,0,0,0,0,37,0,9,0,0,1,0,0,0,0,62,0,4,0,0,0,6,0,3,0,0,0,0,0,38,0,0,0,6,0,0,0,1,1,0,0,0,0,2,0,0,0,11,11,0,0,0,0,0,1,18,0,0,0,0,2,30,12,4,0,22,0,0,0,0,5,0,1,0,24,0,0,0,8,0,0,3,5,20,12,0,0,0,1,0,0,0,1,0,0,0,0,5,3,0,0,0,0,0,3,1,1,0,0,0,0,13,0,0,0,0,0,10,4,0,0,0,0,0,0,0,0,0,1,0,0,0,3,0,0,0,0,0,0,0,0,0,0,0,0,0,2,1,0,0,2,0,0,2,0,1,0,0,1,0,0,0,0,0,0,0,0,0,0,0,0,0,0,3,0,3,12,0,0,0,8,11,6,0,4,0,0,0,0,3,1,0,0,0,0,0,0,0,22,23,1,0,0,0,0,0,0,0,7,0,1,0,0,0,13,0,1,0,3,0,0,0,0,0,0,0
"ENSG00000256037.1",1,0,9,0,1,2,0,2,0,2,0,4,1,11,5,1,0,7,0,4,2,2,1,0,1,1,0,3,1,2,5,26,0,0,1,5,4,0,2,4,0,23,14,3,1,0,2,1,0,3,1,0,1,2,0,0,2,2,9,2,1,2,0,0,2,1,1,1,7,1,5,7,1,0,3,0,16,2,12,4,27,3,12,1,5,13,1,0,9,3,2,4,0,0,0,0,0,1,8,3,0,0,4,1,4,2,3,0,24,1,4,3,5,1,0,2,10,1,0,8,0,0,1,0,1,0,0,3,3,13,0,0,19,2,6,0,4,0,0,0,0,7,11,1,0,5,19,3,10,0,0,2,6,11,0,2,3,4,8,3,3,4,7,0,3,2,28,2,4,3,2,1,0,4,1,1,1,4,1,2,0,13,2,3,1,1,1,0,8,0,1,2,2,1,0,1,0,2,0,0,0,0,6,4,0,1,2,3,1,3,0,1,14,4,19,2,2,0,3,9,0,0,0,6,0,0,1,2,1,1,2,1,0,0,0,7,0,0,1,1,2,0,0,5,30,3,0,0,2,1,2,1,0,19,0,0,0,0,4,3,2,11,5,1,0,1,2,0,1,2,0,1,0,0,0,2,4,0,2,1,1,7,2,0,0,4,0,0,0,2,0,1,2,9,6,9,6,2,25,4,1,1,9,1,0,0,1,0,3,0,3,4,1,4,10,4,2,3,1,1,1,10,0,2,3,2,0,0,1,0,28,4,4,21,0,1,0,6,0,4,0,3,2,4,4,1,0,4,3,0,1,4,0,8,0,0,1,5,10,8,1,1,2,12,2,0,1,1,1,2,2,2,4,0,2,3,7,0,0,0,0,2,7,1,0,2,1,2,12,2,17,0,0,1,3,2,16,5,1,3,7,1,4,0,1,0,4,5,0,2,1,0,1,2,16,2,0,0,3,4,0,3,7,2
"ENSG00000256115.6",0,0,0,0,0,0,1,0,0,0,0,4,0,2,0,0,0,0,0,0,0,0,0,1,1,6,0,2,0,17,0,0,1,1,1,0,10,0,0,0,0,0,0,0,1,0,0,0,0,0,0,3,0,0,0,0,0,0,0,0,0,1,0,1,1,0,0,0,0,0,26,0,0,0,0,0,0,0,1,1,5,10,0,0,6,0,0,0,0,0,0,6,10,0,0,0,0,1,13,1,0,0,0,0,0,0,0,0,31,8,0,0,0,2,0,0,0,1,0,2,0,11,0,0,0,0,0,4,0,3,0,0,4,0,0,0,0,0,0,0,0,1,7,0,0,0,1,0,1,0,1,0,0,21,0,0,0,0,0,2,0,0,0,0,2,0,2,1,0,7,1,4,0,0,0,0,1,5,0,0,0,0,0,0,6,0,5,0,0,11,0,2,0,2,0,0,0,1,0,0,0,0,0,11,0,3,0,1,0,0,0,0,0,4,2,0,0,0,1,3,0,0,0,0,0,0,0,9,0,0,0,0,0,0,0,2,0,0,0,0,0,2,0,0,0,0,0,0,0,0,0,0,0,24,0,0,0,0,4,23,2,5,0,6,0,0,0,0,10,0,1,0,2,0,0,0,8,0,0,3,3,14,0,0,0,0,0,0,0,0,0,0,0,1,0,2,6,0,0,0,0,0,0,0,6,0,0,1,11,0,0,0,0,0,0,1,1,0,0,0,0,0,0,0,0,0,0,0,0,0,3,0,0,0,0,0,0,0,0,0,1,0,1,1,1,6,0,0,0,0,0,7,0,1,0,0,5,0,0,0,1,0,0,0,0,0,0,1,0,1,0,12,0,0,4,0,0,0,1,10,4,0,0,0,0,0,0,11,0,0,0,0,1,0,0,0,2,9,0,0,0,0,0,0,2,0,1,0,2,0,0,0,0,0,0,0,6,0,0,0,0,0,0,0
"ENSG00000256128.6",23,0,3,2,7,0,39,0,9,0,0,6,8,181,2,1,7,4,4,11,36,2,1,2,1,4,10,5,0,12,0,7,44,5,26,15,64,3,2,8,8,0,5,0,6,2,2,4,3,0,7,14,11,127,0,18,3,0,20,0,0,17,15,8,4,1,21,0,1,15,11,13,10,2,2,1,15,2,5,94,74,13,1,25,22,0,4,2,3,12,39,3,3,38,0,1,0,1,4,3,3,1,10,2,19,2,25,8,78,3,45,22,6,5,3,18,7,3,127,1,4,13,0,0,5,1,0,4,17,12,0,1,23,2,12,3,0,0,0,2,1,9,0,4,31,153,236,11,20,0,0,2,10,16,5,0,3,117,33,24,25,1,14,8,4,4,9,0,0,17,4,26,2,4,18,2,29,18,9,0,0,0,2,24,9,0,0,0,20,7,12,103,64,60,4,8,2,2,0,2,1,0,2,103,2,55,2,1,11,7,9,14,52,20,20,2,0,1,22,66,0,21,0,0,2,2,2,13,17,6,0,1,34,6,3,6,0,5,40,25,0,1,1,3,28,2,9,22,11,0,2,0,1,58,2,28,0,7,0,60,32,34,19,12,5,4,7,4,5,1,28,2,33,2,4,0,18,0,1,8,14,25,17,1,0,14,0,2,3,9,11,8,27,12,9,15,3,0,28,1,4,5,429,2,35,1,0,11,4,14,0,0,2,12,63,3,19,54,1,10,1,8,0,21,33,7,4,0,14,4,17,10,6,23,66,1,1,45,0,0,1,3,12,0,56,55,11,0,17,2,0,4,6,80,2,3,0,14,4,8,47,0,2,15,0,17,16,33,2,11,0,0,3,1,20,4,22,4,3,14,7,13,15,0,5,3,28,10,35,3,15,1,0,4,0,0,33,2,12,0,23,0,4,0,17,4,13,70,9,7,17,6,14,1,24,2,24,79,4,1,0,0,0,1
"ENSG00000256151.1",0,0,0,0,1,0,0,0,0,0,0,1,0,24,0,0,1,3,0,0,0,0,0,0,1,1,0,1,3,0,1,0,0,12,0,0,249,0,0,0,0,1,1,0,0,0,0,0,0,0,0,0,1,13,0,0,0,3,0,13,0,0,0,1,0,0,0,0,0,1,8,0,0,0,0,0,0,0,2,50,20,196,0,0,14,0,0,7,0,0,0,23,0,0,0,0,0,54,0,0,0,0,0,0,0,0,0,0,3,0,0,0,1,15,0,9,0,0,0,0,0,147,1,0,0,0,0,4,3,0,4,0,0,0,0,0,0,0,14,0,0,0,2,0,0,29,0,0,0,0,0,0,0,0,0,0,0,0,0,0,4,0,1,1,1,0,3,1,3,62,0,0,0,11,0,0,0,0,0,0,0,0,0,0,212,0,111,0,1,5,0,1,0,0,8,0,0,0,0,0,4,7,1,344,0,33,0,0,7,1,0,0,0,1,0,1,0,0,0,356,0,1,0,0,0,0,0,0,0,0,1,0,0,0,0,0,0,0,0,0,0,0,0,0,0,0,0,0,0,1,0,0,0,0,0,0,0,0,0,0,0,227,0,0,0,0,1,0,1,0,0,0,0,0,0,0,1,0,0,2,2,0,0,0,0,0,0,0,1,0,0,0,0,0,0,141,7,0,0,0,3,0,0,0,0,0,0,0,0,0,0,1,0,0,0,0,278,2,1,0,13,0,1,265,0,0,0,0,0,0,641,1,0,0,0,0,0,0,0,0,0,0,0,0,8,60,1,0,3,0,0,2,1,2,0,1,0,0,1,0,1,0,1,9,1,0,0,0,0,0,1,23,0,20,0,0,408,0,0,0,1,14,230,0,0,30,0,0,0,1,0,0,0,1,1,0,152,0,1,0,2,0,0,0,0,0,2,0,0,0,0,0,0,0,0,0,25,1,0,0,0,0,0,0
"ENSG00000256312.1",6,0,5,0,0,1,0,13,0,7,1,3,0,2,2,0,1,0,0,0,0,2,0,0,1,0,0,0,0,0,0,0,2,4,0,1,0,2,1,0,0,2,1,0,1,0,0,0,0,0,1,0,0,0,1,2,2,0,5,0,0,1,0,0,0,1,2,0,0,2,0,2,2,1,0,0,0,0,0,1,0,0,15,0,0,9,0,0,41,1,6,1,0,0,0,0,0,1,0,0,0,1,82,0,2,1,1,2,1,0,0,1,5,0,0,0,2,0,0,0,0,0,0,0,0,0,1,0,0,7,1,0,0,2,1,0,0,0,0,0,0,2,0,0,1,1,0,0,0,2,0,0,0,0,0,0,0,1,0,2,2,0,0,1,0,1,5,2,0,0,0,1,0,0,0,0,1,0,0,0,0,0,5,0,50,0,0,3,14,0,1,3,2,2,0,0,0,0,15,0,0,2,0,1,0,0,0,31,0,0,0,0,2,0,0,1,0,0,0,0,0,0,0,0,1,0,0,1,1,0,0,23,4,2,0,0,0,0,0,2,0,2,0,0,2,2,0,0,0,0,1,0,0,1,0,3,2,0,0,0,1,0,2,0,0,0,2,1,1,0,1,0,0,0,0,0,0,0,1,0,0,0,0,0,0,0,0,2,0,1,0,0,0,0,0,0,0,0,36,1,0,0,0,0,0,0,0,0,0,0,0,0,0,2,1,2,0,7,16,1,0,2,0,0,35,3,0,0,0,0,0,3,1,0,1,0,0,0,0,17,0,0,1,0,0,0,0,0,0,0,3,4,0,0,0,0,0,1,0,0,0,0,1,1,0,0,30,0,0,0,5,0,0,0,7,0,0,0,0,2,0,0,0,0,0,0,1,0,0,0,0,0,0,0,1,1,0,0,3,0,0,0,0,0,0,1,0,0,0,2,1,29,2,0,19,0,1,3,1,3,0,0,0,1
"ENSG00000256417.1",2,0,0,2,0,0,0,0,0,0,0,20,0,77,0,0,0,0,0,0,0,1,56,4,4,8,0,44,24,69,0,0,34,28,50,0,46,0,0,0,0,1,0,0,0,0,0,7,0,0,0,25,0,49,0,0,0,0,1,0,0,19,0,1,5,0,5,0,0,0,153,0,1,0,0,0,0,1,7,48,56,98,0,0,41,0,0,2,1,0,0,56,57,0,0,0,0,161,81,3,0,0,0,0,0,0,0,0,269,29,0,0,0,33,0,2,0,2,0,5,3,35,0,0,11,0,0,19,0,21,1,0,16,0,0,0,0,8,7,0,0,0,42,0,0,0,8,0,0,0,0,8,0,83,1,0,0,0,1,20,1,0,0,0,14,4,27,1,0,217,1,29,1,7,0,11,2,96,0,6,0,0,0,0,62,0,136,0,0,84,0,27,0,51,50,0,1,0,0,0,0,0,0,165,0,14,0,0,2,1,0,1,0,169,9,78,0,0,7,53,0,31,0,0,0,0,0,149,0,0,0,24,0,0,0,11,4,0,0,7,0,10,0,0,0,9,3,0,0,0,0,0,0,26,0,0,0,0,12,35,132,194,0,67,1,0,0,0,164,0,40,1,72,0,1,0,34,0,0,19,41,23,19,0,1,0,8,0,0,0,2,1,0,1,0,15,102,0,0,0,0,0,7,0,7,0,0,0,124,50,0,0,7,0,0,37,64,0,0,19,0,0,2,0,1,0,0,0,0,0,60,0,3,0,0,0,0,0,0,0,0,0,0,0,33,29,0,0,6,0,0,17,0,31,0,0,3,0,0,0,6,1,0,0,0,2,0,0,0,1,1,22,2,3,63,1,2,0,26,132,17,0,62,0,0,0,0,83,6,0,0,0,0,0,0,0,23,93,0,0,4,0,0,0,3,0,32,0,12,1,1,0,13,0,13,0,37,0,0,3,0,0,0,0
"ENSG00000256574.8",4,0,0,0,11,7,0,0,0,0,2,0,4,7,0,0,1,0,0,2,0,1,2,0,0,0,0,0,37,2,5,80,1,2,1,1,4,0,0,1,0,1,0,0,0,0,0,0,0,0,0,1,0,5,0,0,1,0,0,0,0,12,0,2,1,6,1,0,0,1,3,4,0,0,0,0,43,0,1,5,7,0,3,0,0,3,0,0,3,0,12,0,3,0,0,0,0,0,4,1,0,0,0,1,0,1,1,1,90,9,1,2,0,0,2,0,1,0,0,1,0,0,0,0,1,0,0,1,2,4,0,0,10,2,0,0,0,0,1,0,0,20,1,1,5,0,1,6,44,12,0,0,1,2,1,2,0,0,0,2,1,1,0,6,12,0,10,3,1,3,0,1,0,11,1,0,2,0,6,0,0,5,0,433,0,0,3,0,0,0,1,9,2,1,0,1,0,0,0,46,1,0,3,3,0,0,0,0,1,0,0,1,0,0,11,0,0,0,12,1,0,0,2,0,0,3,1,0,2,3,1,1,3,0,1,1,0,0,0,2,3,2,0,0,18,4,0,1,0,0,0,0,0,1,0,1,0,0,0,0,0,0,2,3,0,0,15,0,0,0,1,0,0,0,1,0,0,0,1,0,0,0,1,0,0,27,0,3,0,0,1,0,2,0,0,3,1,1,1,5,0,5,19,2,3,0,1,0,0,0,0,3,0,0,0,1,2,41,2,5,0,17,0,90,0,1,2,1,0,0,0,2,0,2,1,0,0,19,0,0,0,1,1,12,0,0,0,4,46,0,0,17,0,4,0,1,1,5,25,2,1,3,1,407,0,0,0,11,0,0,0,0,0,2,0,1,0,0,0,0,0,0,0,0,2,0,2,0,0,0,28,0,1,0,3,0,4,1,1,0,3,0,4,0,3,6,0,27,0,0,0,0,0,0,0,0,2,6,0,0,0,1,6,1
"ENSG00000256663.1",9,0,1,1,106,4,1,2,2,5,0,13,24,66,6,0,1,2,21,13,5,1,3,6,2,8,2,26,2,11,147,91,8,3,0,28,4,1,11,22,0,25,18,1,2,0,0,6,0,6,4,43,4,11,0,5,1,4,20,24,2,21,2,9,0,3,13,2,72,50,32,8,1,0,0,0,47,2,39,19,6,10,16,0,12,2,0,1,6,0,18,10,0,1,1,1,1,40,7,29,1,0,7,3,5,18,5,1,76,5,10,0,2,9,8,0,192,2,11,12,2,5,1,6,1,0,0,2,8,8,0,0,17,1,12,2,7,0,28,0,0,62,16,2,5,81,18,2,9,19,1,0,0,18,2,20,0,19,9,10,1,1,43,11,7,7,11,20,49,51,2,8,19,69,1,3,2,9,9,12,0,15,2,28,13,4,5,1,3,10,0,136,44,16,6,17,2,0,1,46,3,59,15,59,0,1,1,48,3,20,0,20,9,2,10,16,0,0,2,28,0,1,0,2,0,0,8,31,0,7,72,15,2,22,0,13,0,0,17,2,6,7,3,2,14,2,2,0,9,9,1,0,1,14,0,24,10,0,4,39,20,16,28,17,1,7,10,0,42,0,18,0,9,1,0,4,0,2,1,9,48,1,2,0,3,3,0,2,1,7,5,6,1,0,6,17,128,3,0,11,41,0,35,1,0,1,1,5,8,22,8,20,8,3,14,11,13,28,1,3,37,14,1,36,5,36,0,4,0,0,14,2,5,3,33,1,8,85,3,2,0,2,1,7,39,5,0,0,6,0,2,36,0,35,3,1,32,33,17,0,6,0,2,12,23,0,0,46,0,1,7,4,0,3,14,0,21,0,2,24,1,9,4,2,1,1,7,4,3,49,4,7,1,20,0,7,6,20,4,1,5,1,3,2,28,1,8,13,0,5,13,1,3,2,2,3,6,277,24,1,0,0,6,0
"ENSG00000256673.1",2,0,1,2,4,7,4,2,4,3,1,4,12,11,25,3,5,0,5,7,1,1,2,2,8,3,1,4,8,1,43,5,9,9,1,0,5,1,15,6,0,9,8,2,0,2,4,3,0,1,2,1,4,3,0,16,5,33,3,2,1,1,0,3,0,72,6,6,9,9,8,12,0,0,7,0,6,1,19,6,6,9,49,1,7,5,0,2,5,1,5,2,13,0,2,1,2,12,8,3,4,2,3,0,3,16,18,2,52,7,7,3,2,5,8,3,20,12,3,14,0,27,1,15,7,0,0,4,5,28,1,5,48,0,5,0,5,0,17,1,2,32,4,0,6,8,7,27,102,1,1,2,0,2,4,2,1,22,5,6,14,3,3,3,26,2,21,43,3,17,2,8,11,50,0,2,4,8,12,2,0,1,1,21,2,0,7,2,9,45,2,3,6,12,0,22,2,11,1,13,0,2,6,18,0,12,10,2,2,27,0,7,1,6,9,1,1,1,9,15,0,7,4,2,2,0,1,12,0,3,29,4,11,7,1,8,0,3,2,2,6,0,0,5,19,25,9,2,19,0,1,3,1,33,0,19,1,12,2,57,6,0,7,55,2,4,30,3,38,0,4,3,20,0,8,35,10,0,2,6,24,18,1,0,5,92,1,8,1,5,5,0,6,4,7,8,7,1,16,2,4,12,116,1,7,7,2,5,3,19,9,20,1,0,1,1,12,8,2,8,7,9,0,61,4,8,1,0,0,1,2,5,3,3,99,1,1,2,0,4,1,4,1,8,19,3,9,6,73,5,1,18,4,1,1,1,41,28,7,24,3,0,4,57,48,0,2,11,2,1,6,4,0,1,31,0,14,0,2,11,1,8,1,1,2,0,24,1,5,5,14,0,0,6,4,2,15,53,13,1,10,11,6,1,5,9,11,16,3,18,0,1,0,5,0,3,0,56,3,1,1,2,5,0
"ENSG00000256732.1",2,0,0,2,0,10,0,0,0,0,0,0,0,0,0,0,1,5,0,0,1,2,2,7,0,2,1,0,11,0,0,1,4,0,33,4,0,5,0,0,0,0,83,63,1,0,4,0,0,0,44,23,2,0,0,0,0,3,0,0,0,0,0,1,0,0,0,0,15,2,1,5,30,0,0,0,2,0,4,0,5,0,7,38,2,0,2,9,0,0,12,0,1,0,0,0,1,0,3,0,0,0,173,0,52,0,0,0,3,20,0,0,0,0,3,0,0,0,429,1667,0,0,0,0,39,0,1,0,0,0,1,0,37,0,163,0,17,0,0,0,0,0,0,0,0,2349,61,0,1,0,0,1,1,0,0,0,19,14,0,0,0,1,26,16,0,0,9,2,0,2,0,0,110,0,3,0,1,0,0,0,0,17,0,0,0,0,0,0,1,0,0,8,0,0,0,0,0,30,0,6,1,0,1,1,1,80,0,0,0,0,0,1,0,96,0,0,0,0,6,0,0,0,0,37,0,0,0,71,16,0,51,0,22,1,0,8,0,0,0,1,0,0,0,0,6,1,0,2,0,0,0,34,0,17,0,0,0,0,494,5,0,0,309,6,1,5,3,0,0,0,46,0,19,0,0,0,22,0,1,0,0,9,0,0,0,0,0,2,0,352,0,1,0,0,1,1,13,0,1,0,0,0,20,0,13,0,2,0,0,0,0,0,0,201,3,15,0,7,0,0,0,0,0,3,100,0,0,0,140,0,1,0,0,3,1,1,0,125,2,0,0,0,297,0,0,0,0,0,42,0,0,0,0,0,0,0,0,1,2,1,0,0,0,2,0,0,5,10,0,1,0,0,35,0,0,0,0,0,0,0,0,1,0,4,1,0,3,0,0,0,2,0,0,3,0,10,0,0,0,0,0,0,0,0,7,0,474,0,0,0,0,0,0,0,0,0,0,0,2,0,0,0,0,0
"ENSG00000256948.1",0,0,0,1,1,0,17,0,7,8,0,0,26,54,0,6,2,4,1,2,1,60,0,0,0,0,0,0,0,6,0,2,2,1,0,8,0,2,0,0,4,3,2,0,6,1,1,3,6,9,6,14,16,1,0,1,10,0,1,0,0,1,0,4,12,0,0,1,8,8,0,0,0,0,2,1,0,1,1,14,4,2,5,2,1,2,2,0,5,0,4,5,2,5,4,6,8,1,2,37,3,5,6,0,2,0,1,21,0,2,6,107,3,2,0,0,3,3,0,2,1,0,2,1,4,2,5,1,0,3,5,8,1,0,3,10,1,15,1,0,0,2,3,18,2,1,17,0,3,0,1,15,1,2,5,0,1,2,0,0,16,0,0,1,0,4,14,0,0,4,1,1,1,3,0,1,3,2,1,0,27,0,1,1,0,0,4,0,0,0,0,72,4,5,0,0,14,1,1,2,0,2,10,1,2,0,1,4,22,0,3,2,1,1,8,4,2,0,1,1,3,0,3,0,1,12,3,24,8,1,1,4,55,4,0,4,4,3,1,1,1,30,1,1,5,2,0,0,2,0,2,0,5,0,11,5,7,0,0,11,1,2,2,2,40,0,2,30,5,13,27,10,32,3,0,2,1,5,1,51,1,0,6,16,2,2,22,0,3,3,15,1,4,0,3,2,0,0,3,0,4,6,4,33,0,3,0,1,0,0,2,0,0,1,3,0,5,5,0,3,1,0,14,2,17,2,32,0,3,3,0,6,3,4,0,7,0,0,1,0,12,1,0,2,4,0,3,1,4,31,30,2,15,2,0,29,0,2,10,1,1,3,3,0,2,6,0,4,2,0,0,1,0,4,1,1,0,11,0,1,2,9,2,0,10,0,4,2,1,0,1,1,4,3,1,1,12,2,17,21,9,4,2,0,7,6,0,9,5,2,7,6,2,3,2,0,0,5,8,11,31,9,0,35
"ENSG00000257017.9",731,854027,1020,888003,20847,231755,53440,526739,1894862,152826,219699,49799,61725,27974,73369,635201,170935,252202,17176,78030,5655,862412,40925,85977,512335,167128,465142,234235,121550,63386,1973,1472,481268,599037,585756,89913,272795,600604,6819,32852,438100,1154,189002,104255,691796,115029,384750,507533,1178339,454234,157516,20290,696359,85392,4057,84728,1995051,76920,567198,311009,765337,821890,84614,270927,1022394,16644,732068,355972,85710,131879,110562,838409,756173,1331256,532464,832727,10769,171865,138813,392637,111241,267139,25530,702365,98970,45788,868433,143949,356997,666162,931977,376867,35440,24961,69296,629141,3460320,1076128,370825,20528,904350,370633,32444,35367,392013,10775,363912,953706,30973,130026,95505,916923,499460,531601,13005,340700,36442,152233,69973,531284,229087,422464,492703,74921,996252,1092725,667458,527991,28008,40604,668654,1685042,71847,563552,517561,1114991,29415,1491356,58653,295169,481510,112144,47093,890380,73338,9349,5747,11432,40801,186,877649,749897,394191,186573,501594,107506,1234802,256853,173013,255693,148530,962829,665939,55780,9600,208750,323809,43415,534815,242022,149185,175058,171774,44747,1303937,269839,403329,28808,252646,350349,631780,252745,636048,125270,245150,1030312,394931,388598,432280,60177,328811,322,116567,199842,709572,20210,876475,309831,238170,92996,251455,104128,29594,265464,1409549,290341,781127,142617,546924,134036,467399,118466,191449,723707,110433,260,244619,1014410,193419,465646,1334371,504130,205268,501711,439443,446354,293227,29927,98899,239859,117224,606475,221668,445096,284190,804833,690206,164118,299866,1909043,140210,508594,507810,343750,58477,127198,183373,1937244,136557,131517,362909,259850,1812209,7649,641515,286968,985722,497652,672340,264966,253649,422563,44943,71890,2219298,141133,50817,730620,315278,980629,586050,966136,2853,1768521,712814,29095,81980,1139391,561514,48665,183298,521872,181552,1651677,347184,102864,1016328,602801,432996,413113,740912,376801,77566,588912,514804,155885,16167,508116,1662469,391,277684,83691,292,1549969,211437,827079,966455,285231,91978,27338,269705,12849,238788,799281,284072,3283,66736,2958,641847,475491,10064,106951,1262543,1614,1531863,167283,726217,20408,1120187,1956418,12601,426256,793550,355181,209300,1352800,145063,229629,29838,1020694,1139597,1430759,472845,84778,274185,765889,480104,201613,46511,862285,2382721,30548,641150,10366,117431,1556971,31434,8787,36906,9612,497034,807042,338473,49878,60597,830104,210674,96888,1303994,961661,206351,868338,665704,66756,308618,477300,95269,1274312,1400417,167172,803023,403547,1180330,1301066,547176,1080281,48818,64728,485736,23061,98160,291603,525998,13582,15927,179947,240737,75912,157798,1285252,260045,68435,340640,190999,333168,6,176897,86224,651561,832378,396935,351701,800815,1207822,373954,16373,178461,25,138863,832245,1016956,849743,4994,897115
"ENSG00000257035.1",34,0,0,0,0,0,0,0,0,0,0,0,0,11,0,0,0,0,0,0,0,1,0,0,0,8,0,0,0,0,0,0,0,1,0,1,0,41,0,0,0,1,0,2,0,0,0,0,0,0,0,0,0,0,0,0,0,0,0,0,0,0,0,0,1,0,0,1,0,0,0,18,0,0,0,0,0,3,0,15,1,0,0,0,0,0,0,0,1,3,0,1,0,9,0,0,0,0,0,0,0,0,0,0,0,0,0,0,12,0,0,0,0,0,0,0,0,0,0,1,0,0,0,0,8,0,0,17,0,0,10,0,0,0,0,0,0,0,0,0,0,0,10,0,1,0,87,0,1,0,0,0,0,0,1,0,0,0,0,0,0,0,7,0,0,0,0,0,0,34,5,0,2,0,4,0,0,0,0,11,0,0,0,0,0,1,0,45,0,0,0,0,3,0,0,0,2,0,0,0,1,0,0,0,0,0,0,0,0,1,0,1,1,0,0,0,0,1,0,0,0,0,0,102,0,0,0,0,0,0,14,0,5,2,0,5,0,0,12,0,0,42,2,0,0,0,0,0,0,0,0,0,0,123,0,0,0,2,0,0,0,2,0,0,0,0,0,0,0,0,1,0,0,0,0,0,0,0,0,7,0,1,0,0,0,3,0,0,0,0,0,0,0,0,0,0,6,0,10,0,0,0,9,0,0,0,0,0,0,0,0,0,0,51,1,0,0,0,0,0,0,0,0,0,18,0,0,2,0,0,0,0,0,0,0,0,0,0,0,4,0,2,1,0,0,0,0,0,0,0,0,0,0,0,0,0,0,0,0,0,0,3,0,0,0,0,0,0,0,0,0,0,3,0,0,0,0,0,5,0,0,0,0,0,0,0,1,0,0,0,0,0,0,0,0,0,1,0,0,0,10,0,0,0,7,0,0,0,1,0,0,0,0,0,1,0,21,0,0,0,0,0,0,0
"ENSG00000257185.2",0,0,0,0,0,0,0,1,0,0,0,0,1,39,65,0,0,11,0,0,0,0,44,0,1,1,1,1,1,54,0,2,8,2,3,0,9,1,0,0,0,0,0,2,0,0,0,3,0,0,0,5,0,8,0,0,0,0,7,0,0,13,0,0,0,1,0,0,1,0,141,5,0,0,0,0,31,0,1,23,33,22,0,1,45,0,0,3,8,0,0,15,16,1,0,0,0,20,10,3,0,0,0,0,0,29,0,0,72,0,0,0,2,0,0,1,0,0,22,10,3,1,0,0,9,0,0,8,0,27,0,0,18,0,0,0,0,0,8,0,0,0,159,0,0,12,5,0,19,1,0,0,2,13,0,0,11,0,14,10,0,0,0,0,0,2,34,11,0,19,0,30,0,42,0,3,2,44,0,5,0,4,0,1,5,0,5,0,0,9,0,4,0,11,1,1,0,13,0,0,0,2,0,28,0,7,0,0,2,0,0,1,18,4,2,0,0,0,21,3,0,1,0,0,0,0,0,34,0,0,0,7,0,0,3,4,0,0,0,5,3,5,0,0,1,0,16,0,0,0,0,0,0,1,0,0,0,0,67,1,38,0,0,79,0,0,0,0,0,0,5,0,33,0,0,1,9,0,0,2,54,1,6,1,0,0,0,1,0,4,0,0,0,2,0,10,4,0,0,0,0,14,39,0,2,0,0,0,16,4,1,0,0,0,1,0,7,0,0,14,0,0,0,0,0,1,0,0,1,0,33,0,1,0,114,0,0,0,0,0,0,0,5,0,1,0,0,0,0,0,0,2,0,4,0,0,0,0,0,0,7,0,0,0,0,2,0,4,0,2,0,4,0,0,18,0,8,0,0,39,6,0,2,0,0,3,0,3,2,0,1,0,0,0,0,1,22,36,1,0,1,0,0,1,181,0,44,20,0,0,0,0,1,0,0,0,6,1,3,3,0,0,0,1
"ENSG00000257191.1",0,0,0,0,0,0,0,0,0,0,0,0,0,3,2,0,0,1,0,1,0,0,0,2,4,0,0,10,2,7,0,0,3,0,1,0,0,0,0,0,0,0,3,0,0,0,0,0,0,0,0,8,0,0,0,0,0,0,4,0,0,4,0,1,0,0,3,0,0,0,5,0,0,0,0,0,12,0,1,9,1,0,0,0,2,5,0,0,0,0,0,9,8,0,0,0,0,3,4,2,0,0,0,0,0,10,1,0,8,1,0,0,0,0,0,1,0,1,2,0,0,3,0,0,0,0,0,0,0,18,1,0,0,0,1,0,0,0,0,2,0,0,5,0,0,4,2,0,0,0,0,0,0,2,0,0,1,0,2,5,0,0,0,0,0,1,1,0,3,11,3,0,1,8,0,7,7,1,1,7,0,7,2,1,0,0,12,0,0,6,0,0,0,1,5,0,0,0,0,0,0,0,1,13,0,0,0,0,0,2,0,3,1,10,2,0,0,0,7,17,0,2,0,0,0,0,0,30,0,0,0,0,0,0,0,2,0,0,0,3,0,3,0,0,1,0,0,0,0,0,2,0,0,4,0,0,0,0,1,9,6,0,3,5,0,0,0,0,6,0,0,0,0,0,0,0,1,0,0,0,2,0,1,0,1,0,0,0,0,1,0,0,0,0,0,1,37,0,0,0,0,0,0,0,0,0,0,1,7,4,7,0,0,0,0,2,7,0,0,3,0,0,0,8,0,0,0,0,0,0,2,0,1,0,5,0,0,0,0,0,0,0,0,0,5,2,0,0,0,0,0,5,0,4,0,0,0,0,1,0,6,0,0,1,0,0,0,2,0,1,0,0,1,0,0,0,5,0,0,5,0,5,0,0,0,2,0,5,2,0,1,0,0,0,0,0,2,9,2,0,0,3,2,0,0,0,1,0,0,0,0,0,0,0,0,0,0,0,4,0,0,0,0,0
"ENSG00000257345.2",0,0,5,0,2,0,0,0,0,0,32,673,195,4,1,0,4,1,0,0,0,0,2,2,0,0,0,1,0,1,0,0,0,0,0,0,2,0,226,188,0,1,0,1,0,0,0,0,0,0,1,0,0,128,4,1,1,1,0,1,8,0,1,0,0,1,0,5,0,0,1,2,0,0,0,1,1,1,326,3,13,0,1,2,0,0,0,121,0,1,1,10,0,0,2,0,6,0,126,0,1,2,0,0,0,0,2,0,10,1,2,2,0,1,0,0,0,4,11,1727,0,0,0,2,1,0,0,3,0,1,0,0,2,0,0,2,0,0,7,0,1,1,0,0,1,1,6,0,33,0,0,0,0,0,0,1,0,0,64,0,0,0,0,0,4,0,1,6,0,0,0,0,2,1,0,0,1,123,0,8,0,0,0,0,0,0,1,0,2,0,0,1,1,0,0,0,0,3,0,0,0,0,0,0,0,0,0,0,1,0,0,2,0,0,0,0,1,4,3,1,0,0,3,0,0,0,98,0,0,39,0,0,0,54,2,178,0,4,0,0,0,0,1,0,3,2,0,19,10,0,0,1,0,3,0,3,0,0,521,0,2,0,5,81,0,0,1,0,0,0,0,2,25,1,0,4,0,0,0,0,0,152,0,0,0,0,0,1,0,7,1,0,3,1,10,3,0,0,0,0,0,1,14,1,0,0,5,0,1,185,0,7,1,0,0,0,737,23,0,1,0,0,0,2,0,0,0,7,15,0,293,3,1,2,1,0,0,0,1,1,0,128,0,1,1,0,0,5,34,1,0,11,0,18,0,0,0,0,15,0,0,0,10,0,0,0,0,0,0,1,1,3,31,526,1,0,4,0,1,3,1,0,0,0,0,0,28,0,1,0,2,0,0,1,1,0,0,135,0,0,1,0,0,1,0,2,1,0,0,0,0,0,1,0,0,0,0,1,0,1,1,1,67,1
"ENSG00000257523.3",0,0,0,0,0,0,3,0,0,1,0,3,0,0,16,0,0,0,0,0,0,0,4,0,1,0,0,1,2,16,0,0,9,0,3,0,11,0,0,0,0,0,0,0,0,0,0,1,0,0,0,10,0,7,0,0,0,0,0,0,0,12,0,2,0,0,0,0,0,0,19,0,0,0,0,0,0,0,0,5,6,22,0,0,2,0,0,2,0,0,0,0,0,0,0,0,0,1,0,0,0,0,0,0,0,0,0,0,22,0,0,0,0,9,0,1,0,12,0,1,0,8,0,0,9,0,0,8,0,0,0,0,1,0,0,0,0,0,0,4,0,0,0,0,0,0,7,0,0,0,0,0,0,10,2,0,2,0,2,4,8,0,0,0,0,4,10,0,0,10,0,0,0,11,0,0,0,17,0,1,0,0,0,0,5,0,8,0,0,6,0,1,0,7,0,0,0,0,0,0,1,0,0,11,0,13,0,0,13,0,0,0,0,6,2,0,0,0,11,13,0,0,0,0,0,0,0,0,0,0,0,2,0,0,4,8,0,0,0,1,0,0,0,0,0,0,0,0,0,0,0,0,0,0,0,0,0,0,2,0,4,2,0,24,0,0,0,0,2,0,9,0,8,0,0,0,21,0,0,7,0,25,11,0,0,0,0,1,0,0,0,0,0,0,0,12,8,0,0,1,0,0,0,0,3,0,0,0,5,6,1,0,0,0,0,13,7,0,0,9,0,0,0,0,0,0,0,0,9,0,7,0,2,0,0,0,0,0,0,0,0,0,0,0,0,3,2,0,7,0,0,21,0,30,0,0,0,0,0,0,0,0,0,0,0,0,0,0,0,0,0,2,0,6,6,0,3,0,0,6,0,0,0,0,0,1,0,3,2,0,0,0,0,0,0,0,2,10,0,0,0,0,0,0,0,0,5,0,0,0,0,0,0,0,0,0,5,0,0,0,0,0,0,1
"ENSG00000257588.1",12,0,1,0,3,0,1,0,0,57,0,5,0,0,4,0,0,0,0,0,0,0,0,0,0,0,1,0,0,0,1,0,0,0,2,1,0,0,2,1,0,0,0,26,1,0,0,0,0,0,0,0,0,3,4,0,0,1,0,0,13,1,0,1,0,0,0,4,0,0,0,0,0,0,0,0,0,3,24,1,0,0,22,1,0,0,0,0,4,0,0,0,0,0,40,0,0,2,2,0,2,0,6,0,0,2,0,0,0,1,0,0,0,2,0,0,0,0,1,2,1,0,0,0,0,0,0,0,1,1,0,0,0,0,0,0,1,0,15,0,0,0,1,0,0,0,0,0,1,1,0,1,0,2,0,0,0,2,0,1,0,0,0,0,1,1,0,5,0,1,2,0,0,0,0,0,0,0,213,1,0,1,0,0,0,0,0,0,0,1,0,6,0,0,1,1,1,0,0,1,0,0,0,0,0,1,0,1,0,0,0,0,0,0,3,1,3,2,0,0,0,0,0,0,5,0,7,0,0,1,2,0,1,6,7,11,0,3,0,0,3,0,7,2,0,0,0,0,2,0,0,0,0,0,0,0,1,0,2,0,0,0,0,2,0,0,4,0,0,1,0,1,0,0,0,1,1,0,2,5,0,0,0,1,0,1,0,0,0,0,1,0,0,1,12,0,1,6,0,1,1,0,0,0,1,0,0,0,0,2,0,2,0,0,0,0,2,0,1,0,2,0,0,1,0,2,0,56,1,0,23,0,0,0,0,0,1,0,0,0,0,1,0,0,0,0,0,1,0,0,0,0,0,3,0,0,2,0,0,0,0,0,2,0,0,1,0,0,0,0,0,0,0,18,0,0,0,1,0,0,0,0,0,2,0,0,3,0,0,0,0,3,0,3,1,0,2,6,1,0,0,0,0,1,0,0,0,0,0,0,1,0,0,5,0,0,0,154,0,1,0,0,6,0
"ENSG00000257596.1",34,0,23,3,9,4,13,2,10,30,18,10,32,55,74,2,27,17,4,8,4,2,5,6,13,8,6,23,1,18,27,8,5,10,3,4,2,3,21,13,11,21,24,6,7,22,12,5,2,3,10,12,2,37,8,42,11,20,12,24,12,34,7,11,3,18,2,2,14,35,44,8,3,8,4,6,62,29,25,10,19,24,87,4,24,5,9,1,7,4,13,12,7,19,1,0,21,12,31,8,8,2,27,5,5,30,16,3,85,13,4,12,3,24,7,7,41,23,9,45,1,30,1,8,8,3,1,27,9,28,8,0,54,7,6,3,14,2,44,2,0,58,28,2,9,17,39,38,29,7,4,5,8,6,0,9,14,14,17,9,27,3,7,6,19,7,42,62,14,8,8,10,7,76,5,3,12,37,23,2,0,4,9,25,6,1,27,4,3,10,5,27,37,15,1,26,4,17,2,9,3,15,12,49,0,55,3,25,17,14,4,11,12,11,21,7,22,5,9,12,0,4,18,10,3,2,8,21,12,16,43,18,17,18,28,13,7,12,3,10,2,12,6,2,137,46,23,5,10,7,3,9,3,32,1,13,4,8,11,92,7,7,27,41,5,11,45,7,31,2,5,1,50,1,15,14,10,0,4,26,41,26,16,3,5,17,0,7,35,2,7,5,28,6,9,24,29,6,17,18,18,11,60,1,44,4,1,9,8,7,11,25,13,4,6,37,16,30,2,7,5,36,3,90,11,20,2,10,8,1,16,28,1,10,24,1,5,6,6,8,4,5,8,73,17,5,0,13,28,1,3,23,6,34,5,0,29,149,10,53,5,3,11,75,5,6,29,3,8,10,23,10,2,22,89,9,13,22,0,41,7,7,3,2,4,14,22,1,10,3,24,1,0,19,22,15,11,64,15,0,6,14,14,1,25,8,19,30,8,4,9,7,14,6,0,2,6,41,11,0,0,5,20,3
"ENSG00000257636.6",0,0,0,2,1,0,28,0,0,0,0,0,0,32,38,0,0,113,0,0,0,0,0,0,2,0,0,4,33,69,6,0,38,0,60,0,5,0,0,0,0,0,0,0,1,1,0,3,0,0,0,117,0,20,0,0,0,0,2,1,0,104,0,8,0,0,0,1,0,1,63,0,21,1,0,0,0,0,49,37,19,44,1,0,24,0,0,27,0,0,0,10,49,0,0,0,0,0,46,6,0,0,0,0,0,0,0,0,166,67,0,0,0,9,0,2,0,9,14,123,0,46,0,0,3,0,0,0,1,6,0,0,46,0,0,0,0,0,9,1,0,0,35,0,0,1,0,0,7,2,0,1,0,22,0,0,0,1,3,20,2,0,1,0,0,31,25,0,0,19,12,3,0,260,0,0,0,25,0,0,0,0,1,0,79,0,7,0,0,26,0,0,0,52,11,0,0,0,0,0,0,1,0,184,0,75,0,0,1,0,0,0,0,30,102,0,0,0,61,15,0,10,0,0,0,0,1,1,0,0,0,0,0,0,0,2,0,0,0,2,0,0,0,0,0,2,23,0,0,0,0,0,0,0,0,0,0,0,0,89,32,6,0,124,0,1,0,0,46,0,26,0,73,0,0,0,36,0,0,32,53,7,1,2,0,0,0,0,1,0,0,0,0,0,0,119,95,0,0,0,0,3,57,0,23,0,0,0,40,14,29,0,2,0,0,7,23,0,0,5,0,0,0,0,7,0,0,0,4,0,60,0,0,0,0,0,0,1,0,0,0,0,1,0,41,19,3,0,48,0,0,12,0,117,0,0,0,0,0,0,0,0,0,0,0,0,7,20,0,0,0,0,9,10,59,0,30,2,0,1,15,29,0,0,0,4,0,6,2,0,0,0,0,0,0,9,1,274,0,0,0,0,0,0,5,0,1,38,0,0,0,6,0,0,0,0,6,0,0,0,0,0,0,0
"ENSG00000257654.1",1,0,0,0,3,2,0,1,0,0,0,4,4,45,0,0,7,0,0,0,0,0,0,0,1,5,0,3,2,0,4,2,0,0,0,0,1,0,2,0,0,0,17,2,0,0,0,0,0,1,0,0,0,2,1,1,5,1,64,0,2,5,0,0,0,18,0,1,4,10,0,1,0,0,1,0,1,0,3,0,0,0,0,0,0,44,0,0,0,1,0,0,1,0,2,0,2,1,0,0,0,0,1,0,0,10,1,0,0,9,0,2,1,1,0,0,47,1,1,6,1,0,0,0,1,0,0,0,20,1,1,0,1,0,0,0,8,0,9,0,0,4,2,1,1,0,3,2,1,0,0,0,0,2,0,0,0,22,7,0,1,0,0,2,3,0,2,0,1,1,2,0,3,1,1,0,0,3,0,0,0,433,0,0,0,0,0,0,3,1,0,0,2,0,0,0,0,0,0,14,0,26,9,0,0,1,0,0,0,1,0,125,0,1,96,0,0,0,0,0,1,0,15,1,0,0,0,2,0,1,3,0,0,0,7,0,0,1,0,0,7,0,1,0,2,5,0,3,0,0,0,0,0,0,0,1,2,0,0,21,0,0,0,22,0,0,0,0,6,0,0,0,0,0,0,0,2,0,0,2,2,4,1,0,1,0,0,0,42,4,0,0,0,0,4,2,2,1,1,0,0,18,3,0,0,0,0,0,0,5,0,2,0,0,2,76,0,13,0,0,14,1,0,321,0,2,0,18,0,0,21,3,0,11,2,0,1,2,0,0,1,1,0,1,2,0,0,1,1,0,0,1,0,1,0,0,28,0,6,1,14,0,0,43,0,0,0,3,0,1,2,0,0,5,0,0,0,0,0,0,0,1,0,0,0,0,0,1,0,2,8,3,0,9,1,1,1,4,0,0,0,1,0,0,0,0,0,0,0,0,0,0,0,0,0,0,0,0,62,1,0,2,25,0
"ENSG00000257732.1",0,0,10,1,0,0,0,0,0,2,0,0,1,135,8,0,2,3,2,0,1,0,1,1,0,0,2,1,0,1,0,7,3,3,0,0,41,1,0,0,0,15,0,0,0,1,9,8,0,0,0,14,0,0,2,0,0,0,0,0,0,1,0,0,0,0,0,0,1,2,0,6,0,0,1,0,2,1,0,0,0,0,1,4,2,0,0,1,1,3,1,5,0,19,0,0,0,0,0,0,3,1,4,0,6,0,0,0,3,1,0,0,6,0,0,0,2,0,1,40,1,1,0,3,6,0,0,0,1,2,0,0,22,8,9,0,2,0,1,0,0,1,2,0,0,4,0,0,2,0,0,0,0,0,1,0,0,3,0,1,6,0,3,0,1,0,2,5,0,2,0,0,93,0,0,0,1,8,2,9,0,0,2,1,0,3,0,0,0,0,0,25,0,3,1,0,0,43,0,0,0,0,1,0,0,2,0,1,3,0,1,0,3,0,0,0,0,0,5,2,0,0,0,0,0,0,0,9,4,4,0,1,11,1,0,3,0,2,0,0,2,4,0,1,2,7,1,0,2,0,0,0,0,0,0,0,0,0,23,0,0,0,4,0,0,2,3,0,0,0,0,0,4,1,2,0,2,0,0,3,0,0,0,0,0,0,0,1,1,13,2,2,1,0,0,5,0,0,0,0,1,0,1,0,0,2,0,0,1,0,0,0,1,0,3,1,1,0,1,1,0,2,0,0,4,1,0,0,3,0,2,1,2,0,1,0,1,2,0,1,0,7,1,1,0,0,0,1,0,0,0,1,0,1,0,1,0,0,0,0,1,2,9,0,0,0,1,0,0,1,0,1,0,1,0,0,0,0,2,0,0,0,0,5,0,2,0,1,0,0,1,0,0,0,0,0,1,1,2,0,0,0,1,0,6,0,10,5,0,4,3,0,1,0,2,0,1,10,1,0,0,0,9,0
"ENSG00000257743.8",224,0,0,48,113,0,2,14,0,10,3,0,0,19,5,40,0,17,0,2,4,24,14,10,14,1,0,5,0,172,5,697,12,0,8,25,1,73,0,2,0,28,32,1,13,5,3,0,44,2,0,1038,7,1,0,20,1,1,21,1,1,467,0,0,1,42,0,0,179,2,3,11,59,1,0,12,1448,5,35,95,0,67,12,0,2,67,3,0,2,0,40,3,0,8,0,0,0,1,2,4057,3,0,133,0,7,0,10,3,290,10,5,18,2,29,25,0,117,3,4,2,0,1,4,0,4,4,3,0,0,1413,11,28,19,4,9,7,4,0,1,11,6,34,95,6,925,2647,382,0,3,7,8,0,14,1,34,0,10,216,0,2,9,0,385,108,48,4,82,1,116,14309,8,2,1,34,0,3,3,0,11,2,4,314,0,0,0,0,4,1127,78,2,0,1,55,32,12,0,1,0,0,56,0,294,18,523,0,7,7,308,0,3,12,2,1,7,46,31,0,0,85,0,2,0,4,9,11,14,5,62,10,0,1,1,238,7,0,0,2,0,0,1,126,86,0,3,325,9,0,0,1,0,1,5,0,417,8,6,17,0,0,115,3,443,3070,13,10,1,55,7,5,16,12,1,16,8,1,1,3,1,0,34,0,3,0,1,2,5,1,5,8,522,2,4,3,0,1,52,1152,0,1,0,40,1,45,1,1,0,0,0,1,0,1,2,0,189,26,3787,5,49,4,3,16,111,1,28,177,1,0,1,2,4,3,0,100,0,3,13,0,500,1,0,3,1,1504,1,663,17,0,3,3,0,3,25,2,0,0,13,41,4,148,0,0,1,2,0,2,0,0,422,0,2,3,2,7,0,2,0,32,5,3,0,1,93,10,1,32,13,0,8,0,28,114,0,8,2,0,2,7,6,59,23,2,0,61,0,0,4,274,48,0,2,1,0,136,54,13,5,3,1,2,9,1,0,0,4
"ENSG00000257750.2",0,0,0,0,0,0,7,0,0,0,0,1,0,3,2,0,0,1,0,0,0,0,2,0,0,0,0,0,0,0,0,0,0,0,0,0,1,0,4,2,2,0,0,0,0,0,0,0,0,0,0,0,0,3,2,0,0,0,2,0,0,1,0,1,0,0,0,3,0,0,18,0,0,0,0,0,0,0,0,1,42,1,0,0,0,0,0,26,0,0,0,10,0,0,0,0,1,0,1,1,0,0,0,0,0,0,0,0,3,0,4,0,0,3,0,1,0,0,0,5,1,0,0,0,0,0,0,1,0,7,2,0,3,0,0,0,0,0,3,0,0,0,44,1,0,0,0,0,0,0,0,0,0,2,0,0,2,0,16,0,1,0,0,0,0,4,0,0,0,0,0,1,0,8,0,0,0,3,0,3,0,0,0,0,1,1,0,0,0,0,0,5,0,0,0,0,0,0,0,0,1,0,0,1,0,0,0,0,0,0,0,0,0,0,1,0,0,7,0,1,0,2,0,0,0,0,4,0,0,0,0,0,0,1,33,2,0,0,1,0,0,3,0,0,0,0,5,4,0,0,0,0,0,0,0,0,0,0,0,0,1,2,0,2,0,0,0,0,1,0,1,0,0,0,0,0,1,0,0,1,0,11,0,0,3,0,0,0,0,0,0,0,0,0,0,0,0,1,5,0,0,0,10,0,1,0,0,0,1,2,4,0,0,0,1,0,12,0,0,2,0,0,0,0,0,0,0,1,1,0,1,0,2,1,0,0,0,0,1,0,0,0,0,0,3,4,1,0,1,0,0,0,0,1,0,0,0,0,0,0,0,0,1,0,0,0,0,0,0,0,0,1,2,0,3,0,0,0,1,1,4,0,0,0,0,1,0,1,0,0,0,3,0,0,0,0,24,2,0,0,1,0,0,0,9,0,2,0,2,0,0,2,0,0,0,0,0,0,0,0,0,2,0,0
"ENSG00000257761.3",2,0,0,0,0,6,0,0,1,0,1,4,4,32,2,0,0,4,11,7,2,0,0,0,1,27,0,2,2,2,0,15,3,2,2,4,6,0,0,2,0,3,9,8,1,0,0,0,0,1,1,8,0,24,0,0,1,10,0,0,5,5,0,1,1,0,0,4,0,0,34,0,0,0,0,1,9,2,1,0,24,1,1,2,4,1,0,7,1,0,0,12,16,0,0,0,0,6,5,5,0,0,0,2,0,2,4,0,21,13,10,0,1,3,1,3,15,3,1,20,13,0,0,20,1,0,0,0,17,19,0,0,16,0,0,0,0,0,8,0,0,4,4,1,0,3,0,0,0,0,0,0,7,9,2,3,0,1,7,0,0,0,0,1,4,3,5,2,0,6,0,0,3,6,0,3,4,69,4,17,0,0,3,0,7,0,0,0,2,1,1,5,4,0,0,1,0,0,0,5,0,0,9,77,0,2,0,1,0,1,0,0,0,3,5,0,2,0,1,45,0,0,0,1,0,0,0,1,0,4,0,0,1,6,0,12,0,1,0,5,0,2,2,1,4,7,0,0,1,19,0,3,1,0,0,0,0,0,2,0,13,0,10,23,0,2,5,0,7,0,1,0,2,1,3,12,0,0,0,2,5,4,2,0,1,2,0,0,6,0,0,0,5,0,3,5,4,0,0,0,1,0,2,0,0,0,0,0,0,14,0,4,3,2,4,0,18,5,0,5,13,3,0,12,0,0,0,1,0,0,12,2,3,0,4,0,1,13,0,0,2,15,0,0,3,0,0,0,4,0,0,3,0,34,0,1,18,3,17,3,6,0,3,4,11,1,4,11,0,0,0,11,0,0,9,0,1,0,1,2,0,1,2,0,0,0,4,9,4,0,2,0,0,0,6,0,49,4,3,0,0,0,0,1,0,1,2,5,0,0,0,0,1,0,1,0,0,0,0,0,0,0,1,0
"ENSG00000257842.6",0,2,0,0,0,0,11,0,0,0,0,0,1,108,118,0,2,53,1,1,0,0,67,14,3,2,13,1,4,149,0,36,20,5,27,2,43,1,0,0,0,0,0,5,0,1,0,36,0,0,0,24,0,33,0,0,0,0,21,0,0,53,0,4,1,0,0,1,3,0,53,23,7,0,0,0,29,0,3,33,64,32,4,2,54,0,0,11,8,2,4,62,17,25,0,0,0,33,45,24,0,0,0,2,0,41,0,0,77,0,1,0,0,0,8,17,0,0,109,40,4,0,0,0,23,0,0,29,0,94,1,0,29,0,0,0,0,0,31,5,0,0,84,0,0,19,13,0,27,0,0,0,1,90,2,0,27,1,28,13,0,0,0,0,0,6,34,26,1,76,2,24,0,36,0,11,11,264,0,20,0,60,0,0,29,0,45,0,0,32,0,11,0,43,15,7,0,57,2,5,0,0,0,59,0,76,0,0,11,3,0,0,141,15,2,0,0,0,48,13,0,16,0,0,0,0,0,23,15,0,1,21,0,0,2,2,0,0,0,63,22,9,0,0,1,0,11,0,0,0,0,0,0,0,0,0,0,0,145,4,100,0,9,144,0,0,1,0,9,0,31,0,65,0,0,1,133,0,0,13,73,8,21,3,0,2,0,0,0,1,1,0,0,15,0,53,21,0,7,0,0,94,76,0,12,0,0,1,14,11,9,0,3,0,0,0,53,0,1,44,0,0,0,0,1,0,0,0,5,0,67,0,4,0,204,0,0,0,0,0,0,0,10,0,26,8,46,0,7,0,0,2,0,10,0,0,0,1,0,0,15,0,0,0,0,0,5,10,0,9,0,4,10,0,128,0,6,0,3,33,40,1,18,0,0,12,0,10,9,0,3,0,0,0,0,0,21,109,0,0,3,1,1,0,145,0,77,83,0,0,0,0,0,0,0,0,22,5,5,13,0,0,0,0
"ENSG00000257869.1",0,0,0,0,0,0,35,0,0,0,0,5,0,41,67,1,0,23,0,0,0,0,9,5,0,16,0,2,36,51,10,10,13,1,4,0,1,1,2,2,7,0,1,2,0,0,0,2,1,0,0,0,0,3,0,0,0,0,1,0,0,37,8,12,0,0,0,0,0,0,32,0,8,0,0,0,2,1,36,21,23,1,0,0,46,0,0,20,0,2,0,18,43,0,0,0,0,62,33,16,0,0,0,0,0,13,0,0,93,74,8,0,0,0,10,1,0,17,49,69,0,5,0,0,3,0,0,6,0,30,11,0,28,0,0,0,0,0,44,3,0,0,23,0,0,0,4,0,6,0,0,0,0,23,1,0,4,6,65,1,0,0,0,5,0,3,9,0,0,40,0,25,0,50,0,0,16,45,0,22,0,7,0,0,55,0,9,0,3,22,0,24,0,17,2,59,0,0,0,0,1,0,1,120,0,39,0,0,0,15,0,74,27,43,27,0,0,0,17,9,0,1,10,1,0,0,7,23,0,0,0,3,0,0,2,4,0,1,0,17,0,2,0,0,0,0,14,0,0,0,4,1,0,0,0,0,0,0,1,0,15,0,0,76,0,0,0,0,3,0,6,0,34,0,0,0,10,0,0,55,39,41,32,0,0,0,0,0,0,0,0,0,0,1,0,112,31,0,0,0,0,12,45,0,28,0,0,1,24,10,1,0,39,0,0,1,1,2,0,25,0,0,0,0,8,0,0,0,21,0,92,0,0,0,2,0,0,0,0,0,0,0,4,0,19,11,21,0,11,0,2,140,0,28,0,0,0,0,27,2,36,0,1,0,0,1,17,32,0,4,0,42,2,5,35,0,19,0,0,51,39,4,5,0,0,1,0,38,17,0,21,0,0,0,0,0,27,171,1,0,0,0,0,0,0,0,23,25,2,0,4,30,0,0,0,0,17,0,12,0,0,0,0,2
"ENSG00000257883.1",0,0,0,0,22,14,2,7,0,0,0,33,19,113,1,1,11,1,2,7,2,4,3,1,16,6,1,9,3,2,23,0,1,2,0,2,5,0,2,1,4,0,75,1,0,1,0,0,0,5,1,8,1,17,3,0,4,20,184,4,10,12,3,3,0,120,2,1,18,59,1,6,0,1,4,2,5,0,18,2,11,2,0,0,13,164,0,4,1,0,7,0,6,0,6,0,15,10,6,5,0,1,15,0,5,42,11,2,27,94,6,0,0,1,5,0,159,10,20,31,0,1,0,2,5,2,0,1,97,3,1,0,0,0,0,2,73,1,71,1,0,20,2,2,5,11,6,1,1,0,1,2,15,5,1,0,2,63,38,1,0,0,0,7,3,1,22,2,15,17,2,0,18,4,1,0,2,11,0,7,0,996,3,4,5,0,6,3,6,6,0,0,12,2,0,6,2,1,0,80,0,62,42,5,3,6,0,2,1,3,0,324,7,5,284,0,0,1,8,1,2,0,13,7,1,0,0,11,1,5,10,0,4,2,1,6,2,0,1,4,15,9,7,3,22,31,2,2,6,1,0,0,2,2,1,6,1,0,2,54,7,5,0,108,0,3,0,4,29,0,0,2,0,3,1,11,7,0,6,33,14,19,2,0,4,2,0,1,66,13,1,0,1,0,8,9,24,0,3,0,7,85,15,4,0,0,0,1,0,35,4,14,0,0,1,118,5,41,1,1,55,0,0,689,0,5,0,31,7,0,28,12,0,42,10,2,0,30,2,0,3,4,2,0,28,3,4,14,2,3,2,1,4,2,1,6,71,0,52,2,63,0,0,89,0,3,0,32,0,1,8,2,2,10,8,7,0,0,0,9,0,10,1,0,1,0,4,4,5,13,42,12,3,46,5,17,24,50,2,0,4,5,4,0,0,0,0,2,0,1,0,1,2,0,0,2,1,0,210,4,1,8,64,2
"ENSG00000257893.3",0,0,0,0,0,0,197,0,0,0,0,43,0,473,3,0,0,50,0,0,0,0,0,1,119,2,0,306,1,30,0,3,16,75,0,0,39,0,5,0,2,1,0,12,1,0,0,187,1,0,0,296,0,95,0,0,1,0,178,0,0,48,0,35,0,0,1,1,1,1,309,0,5,0,0,0,0,0,3,56,187,468,5,0,70,0,1,8,0,0,0,152,0,0,0,0,0,109,544,0,0,0,9,0,0,0,2,0,9,0,0,1,0,269,0,58,0,20,1,194,1,38,0,0,1,0,2,66,0,1,58,0,144,0,0,0,0,0,0,41,0,0,106,1,0,2,2,0,0,2,1,0,0,109,2,0,0,0,58,230,46,0,0,0,0,118,95,3,1,604,0,1,0,702,1,0,0,216,0,51,0,0,385,0,8,0,154,0,47,54,0,3,0,98,114,0,0,0,0,0,9,0,0,0,0,240,0,0,194,0,0,0,36,1,436,0,0,3,3,661,0,37,0,1,0,0,14,0,0,7,2,13,0,0,172,34,0,0,2,7,0,0,0,0,0,0,90,2,1,0,0,0,0,17,0,0,0,0,2,151,102,1,0,425,0,0,0,1,231,0,93,0,88,0,0,0,10,0,0,35,205,12,204,2,0,0,0,0,0,3,0,0,1,0,0,29,105,0,0,0,0,0,1108,2,11,0,0,0,55,270,163,0,2,0,0,0,124,1,0,92,0,0,0,0,3,0,0,0,0,0,149,0,0,0,0,1,25,0,0,0,0,0,1,0,1,91,0,0,11,0,0,159,1,365,0,1,0,0,0,0,0,1,1,2,0,2,0,0,0,5,0,1,26,19,262,0,324,0,1,239,216,287,115,0,0,2,0,17,10,0,2,0,0,0,0,0,35,0,30,0,91,0,0,0,0,0,71,84,61,0,0,45,0,0,116,0,398,2,1,0,0,1,0,3
"ENSG00000257924.1",0,0,0,0,1,0,6,5,0,0,0,0,28,33,3,5,1,0,0,1,0,0,1,0,1,0,0,0,1,4,0,0,0,0,1,1,0,1,0,0,0,0,3,0,2,0,0,1,0,0,2,16,0,13,0,0,0,0,1,0,0,2,0,0,0,0,13,0,1,2,3,0,0,0,1,1,5,1,3,38,0,4,2,0,0,0,0,1,0,1,3,0,0,1,0,0,0,1,2,5,1,0,3,0,0,0,0,0,0,0,1,0,2,1,1,0,2,1,0,0,0,0,0,0,3,0,0,1,0,11,0,0,2,0,0,0,0,0,1,0,0,1,12,0,1,0,15,0,1,0,0,0,0,0,0,0,3,0,0,0,3,0,0,0,1,12,9,0,0,2,0,2,0,0,0,3,1,1,0,10,0,1,0,2,0,0,2,0,0,0,1,28,8,1,0,0,0,3,0,1,0,0,0,1,0,13,0,0,4,0,1,9,3,3,5,0,1,0,4,0,0,0,0,0,0,0,0,10,2,0,0,2,4,8,0,3,0,0,0,0,1,1,0,0,6,0,0,0,0,0,1,0,0,4,1,1,0,1,1,24,0,10,1,2,0,0,0,0,1,0,2,0,11,0,0,0,2,0,0,3,0,3,1,0,0,0,0,1,10,2,7,0,0,0,0,0,4,1,3,0,0,7,0,0,0,1,2,10,1,1,0,0,0,0,0,0,7,39,0,0,1,1,0,0,1,0,1,0,0,0,0,2,4,0,1,0,0,3,0,0,0,2,1,1,4,0,0,0,2,0,0,9,4,0,0,0,1,0,20,0,1,0,0,12,0,1,2,0,0,0,2,0,2,8,3,1,0,1,0,0,1,6,0,0,2,0,6,0,0,0,0,0,0,0,0,1,0,3,1,0,0,2,1,0,3,1,1,10,0,0,2,1,0,0,0,0,0,5,5,0,0,0,0,1
"ENSG00000258028.3",1,0,0,0,0,0,1,0,0,1,0,5,0,6,32,0,0,1,1,0,1,0,11,1,6,0,0,11,4,72,1,0,32,0,3,0,28,2,0,0,0,0,0,0,2,1,0,2,0,0,0,43,2,30,0,0,0,0,0,0,0,38,0,13,1,0,0,0,0,0,101,0,2,0,0,0,0,1,0,24,17,40,0,0,23,0,0,1,1,0,0,1,4,0,0,0,1,1,0,0,0,0,0,0,1,0,1,0,97,0,0,0,0,17,0,4,0,15,0,5,0,16,0,0,6,0,1,9,0,2,1,0,9,0,0,0,0,0,3,11,0,1,4,0,0,0,20,0,0,1,1,0,0,35,2,0,4,1,18,23,12,0,0,0,0,20,17,1,0,40,0,1,0,68,0,0,0,29,0,0,0,0,0,0,17,1,35,1,0,15,0,2,0,20,2,0,0,0,0,0,8,0,0,84,0,17,0,0,9,1,1,0,1,38,2,0,1,0,55,35,0,1,0,0,0,0,0,1,5,0,0,8,0,0,0,8,0,0,0,8,0,0,0,0,0,1,0,0,0,0,0,1,0,0,0,0,0,0,5,0,26,10,0,73,0,0,0,1,11,0,17,0,20,0,0,0,37,0,0,16,11,25,28,0,0,0,0,0,0,0,0,0,0,0,0,58,42,0,0,0,0,0,0,0,2,0,0,2,10,26,3,0,3,0,1,61,43,0,0,31,0,0,0,0,1,1,0,0,9,0,28,0,5,0,0,0,0,1,0,0,1,0,0,0,3,10,1,0,13,0,1,57,0,52,0,0,0,0,0,0,0,1,0,2,0,0,0,1,1,0,0,8,0,14,15,0,18,3,0,14,0,0,3,0,0,2,0,21,0,0,1,0,0,0,0,0,2,18,0,0,0,0,0,0,0,1,10,0,0,0,0,0,0,0,7,0,8,0,0,2,0,1,0,2
"ENSG00000258038.6",0,0,2,0,0,0,3,0,0,1,0,18,0,12,130,0,0,0,0,0,0,0,27,4,8,0,0,29,5,107,0,0,37,1,7,0,82,3,1,0,0,1,0,0,1,0,0,5,1,0,0,83,2,44,0,0,0,0,0,0,0,92,0,20,0,0,0,0,1,0,206,0,1,0,0,0,1,1,0,37,63,69,0,0,23,0,1,10,0,0,0,5,5,0,0,0,1,1,3,0,0,0,0,0,0,0,0,1,276,2,1,0,0,31,1,12,1,73,0,16,0,44,0,0,14,2,3,13,0,0,2,0,61,0,0,0,0,0,2,23,0,1,11,0,0,0,20,0,0,1,0,0,0,54,5,0,3,0,39,25,23,0,0,1,0,48,52,1,0,124,0,0,0,140,0,0,0,61,0,2,0,0,1,1,15,0,63,0,0,36,0,0,1,37,1,0,0,0,0,0,14,0,0,334,0,24,0,0,13,3,0,0,1,39,6,0,1,0,84,108,0,8,0,0,0,0,0,2,0,0,0,4,0,2,2,22,0,0,0,17,0,0,0,0,3,0,0,0,0,0,0,0,0,0,0,1,1,0,11,0,63,40,0,83,0,0,0,0,40,0,41,0,67,0,0,0,83,0,0,95,15,31,26,0,2,0,0,0,0,0,2,0,0,1,0,123,77,0,1,0,0,0,0,0,17,0,0,1,27,32,3,0,2,0,2,67,96,0,0,30,0,0,1,0,1,0,0,0,12,0,189,0,16,0,1,0,0,1,0,0,0,0,1,0,1,55,3,0,61,0,0,189,0,148,0,0,0,0,1,0,0,0,1,0,0,0,0,0,2,0,0,6,3,28,19,0,129,2,2,52,2,1,2,0,1,1,0,27,7,0,0,0,0,0,0,0,4,45,1,1,0,0,0,0,0,1,19,1,0,0,0,2,0,0,9,1,33,0,0,0,0,0,1,0
"ENSG00000258053.1",0,0,12,3,1,3,2,0,1,4,0,1,0,15,652,4,6,2,0,1,1,0,9,0,0,1,2,0,2,8,0,4,2,0,110,2,1,4,0,0,0,65,3,24,4,1,0,1,0,0,3,1,0,5,0,11,1,2,3,0,7,0,0,1,1,18,0,1,0,2,7,7,0,1,6,0,20,5,1,6,120,1,0,3,1,5,3,0,0,9,9,1,7,0,0,0,0,0,4,0,4,1,12,0,2,2,3,2,7,1,3,0,2,153,0,56,2,3,0,2,0,4,0,0,1,0,0,3,4,3,0,1,10,0,0,0,0,0,176,5,0,3,9,4,63,2,7,328,22,0,0,1,1,1,0,0,1,3,1,0,3,2,6,3,0,0,0,2,0,1,0,8,0,2,1,0,3,8,67,0,0,2,8,0,3,6,0,3,1,34,1,0,0,131,24,0,3,25,1,1,0,2,0,2,3,3,0,2,2,1,6,6,186,1,4,1,0,0,82,5,0,2,11,5,3,0,4,1,0,6,5,0,1,1,0,3,0,1,0,111,0,4,0,3,18,0,0,6,0,0,0,1,0,0,0,0,1,0,0,3,23,3,13,5,0,10,6,1,0,0,1,0,60,2,4,1,3,0,0,0,0,14,21,2,0,3,2,0,1,9,0,0,5,2,1,0,2,1,0,0,1,51,2,0,0,2,1,0,54,160,1,1,0,3,16,0,0,1,0,1,0,0,0,3,1,0,4,0,7,1,73,0,4,4,0,0,0,2,0,0,0,4,72,3,247,0,1,25,65,1,0,10,0,4,0,1,1,65,11,8,0,1,0,13,1,0,1,5,1,1,0,0,3,0,38,2,4,0,1,0,20,5,1,2,0,9,2,0,0,1,8,0,1,7,0,8,0,22,5,0,0,0,7,0,224,3,1,1,0,1,2,0,1,0,2,2,0,0,3,0,3,0,0,2
"ENSG00000258065.1",0,0,0,0,0,0,0,0,0,0,0,1,0,3,16,0,0,0,0,0,0,0,6,0,2,0,0,6,1,6,0,0,2,0,2,0,7,0,0,0,0,0,0,0,0,0,0,0,0,0,0,6,0,7,0,0,0,0,0,0,0,7,0,5,0,0,0,0,0,0,40,0,0,0,0,0,0,0,0,3,7,6,0,0,5,0,0,0,0,0,0,0,0,0,0,0,0,2,0,0,0,0,0,0,0,0,0,0,73,0,0,0,0,4,0,0,0,18,0,3,0,5,0,0,0,0,1,1,0,0,0,0,4,0,0,0,0,0,0,1,0,1,0,0,0,1,4,0,0,0,3,0,0,6,2,0,0,0,1,5,2,0,0,0,0,4,2,0,0,32,0,0,0,35,0,0,0,12,0,0,0,0,0,0,6,0,9,0,0,4,0,0,0,10,0,0,0,0,0,0,3,0,1,30,0,0,0,0,0,1,0,0,0,4,2,0,0,0,7,12,0,1,0,0,0,1,0,1,0,0,0,2,0,0,0,2,0,0,0,1,0,0,0,0,0,0,0,0,0,0,1,0,0,0,0,0,0,0,0,0,11,2,0,27,0,0,0,1,20,0,10,0,10,0,0,0,8,0,0,17,4,6,12,0,0,0,0,0,0,0,0,0,0,0,0,15,9,0,0,0,0,0,0,0,0,0,0,0,1,11,1,0,0,0,0,14,15,0,0,4,0,0,0,0,3,0,0,0,0,0,16,0,1,0,0,0,0,0,0,0,0,0,0,0,2,5,0,0,8,0,0,14,0,22,0,0,0,0,0,0,0,1,0,0,0,0,0,0,0,0,0,1,0,2,2,0,22,0,0,1,0,1,0,0,0,0,0,4,0,0,0,0,0,0,0,0,1,7,0,0,0,0,0,0,0,0,8,0,0,0,0,0,0,0,1,0,4,0,0,0,0,0,0,0
"ENSG00000258081.4",2,0,0,1,0,0,0,1,0,1,0,4,0,8,4,0,0,3,0,0,1,0,1,19,50,0,17,9,8,41,0,1,2,19,3,5,52,0,0,0,0,4,3,22,0,0,0,25,0,0,0,1,0,15,1,0,0,1,1,1,0,6,1,1,0,0,0,0,0,0,78,3,0,1,0,0,4,0,5,20,29,3,0,0,2,2,0,12,0,0,1,2,21,0,2,0,1,8,11,0,1,0,1,0,0,1,2,0,62,2,0,1,0,5,1,2,4,1,8,2,1,0,0,0,0,0,0,16,1,2,6,0,28,7,0,0,0,1,20,1,0,1,41,0,0,152,0,0,0,0,2,0,3,52,31,0,0,3,0,57,26,0,0,0,0,28,1,2,1,75,0,44,5,2,0,0,1,2,0,77,0,2,0,18,0,0,48,0,2,3,4,1,0,11,49,0,0,0,0,1,14,2,0,89,0,2,2,0,1,0,0,0,11,43,33,1,1,0,0,83,0,20,0,0,0,0,0,3,0,0,1,38,0,0,0,0,0,1,2,30,5,3,0,1,4,0,14,0,1,0,0,0,0,0,0,0,0,0,2,1,75,0,0,10,1,0,0,0,4,0,2,0,0,0,0,0,2,0,1,18,54,0,56,0,0,0,0,1,0,0,0,0,0,0,0,7,60,2,1,0,0,0,7,0,0,0,0,6,0,23,7,0,0,0,0,10,31,1,1,1,0,1,0,0,1,1,1,0,3,0,14,0,5,1,5,0,0,0,0,0,0,1,20,0,48,5,0,2,0,1,0,10,0,31,0,0,1,0,1,17,3,2,2,1,0,3,0,0,0,4,1,1,1,0,137,1,185,0,0,29,1,31,1,0,0,0,0,0,0,0,1,0,0,0,0,0,8,33,7,0,0,0,1,0,4,1,4,4,0,1,2,2,2,0,2,0,36,1,0,1,0,0,0,0
"ENSG00000258125.1",0,0,0,0,0,0,32,0,0,0,0,18,1,94,0,0,0,13,0,0,0,0,0,0,69,1,0,121,0,0,0,0,1,40,0,0,28,0,3,0,0,0,1,0,0,0,0,68,0,0,0,149,0,19,0,0,0,0,32,0,0,36,0,19,0,0,1,0,0,0,52,0,4,0,0,0,0,0,0,8,88,64,0,0,24,0,0,0,0,0,0,66,0,0,0,0,0,59,353,0,0,0,1,0,0,0,0,0,2,0,0,0,0,50,0,19,0,7,0,31,0,11,0,0,1,0,0,22,0,1,12,0,107,0,0,0,0,0,0,24,0,0,19,0,0,0,0,0,0,0,0,0,0,64,2,0,0,0,16,95,18,0,0,0,0,94,37,0,0,268,0,0,0,225,0,3,1,84,0,23,0,0,87,0,3,0,68,0,9,45,0,4,0,33,39,0,0,0,0,0,2,0,0,0,0,63,0,0,43,0,0,0,11,0,150,0,0,0,0,506,0,22,0,0,0,0,9,0,0,0,0,3,0,0,5,44,0,0,4,5,0,0,0,0,0,0,14,0,0,0,0,0,0,0,0,0,0,0,0,20,61,0,0,67,0,0,0,0,211,0,52,0,52,0,0,0,0,0,0,17,50,4,43,0,0,0,0,0,1,0,0,0,0,0,0,14,50,0,0,0,0,0,177,0,0,0,1,0,11,112,51,0,2,0,0,0,42,0,0,28,0,0,0,0,1,0,0,0,0,0,85,0,0,0,0,0,4,0,0,0,0,1,0,0,0,35,0,0,2,0,0,1,0,181,0,0,0,0,0,0,0,0,0,0,0,0,0,0,1,3,0,0,0,5,88,0,162,0,0,42,110,159,47,0,0,0,0,7,6,0,0,0,0,0,0,0,22,2,12,0,19,1,0,0,0,0,4,44,13,0,0,22,0,0,61,0,130,2,0,0,0,0,0,0
"ENSG00000258128.2",0,0,0,0,0,0,0,1,0,0,0,0,0,34,1,0,0,2,0,0,0,0,36,0,63,0,1,0,0,2,0,0,0,5,0,0,9,0,0,0,0,1,0,1,3,0,0,0,0,1,0,12,0,62,1,0,3,0,0,0,0,0,0,1,0,1,6,0,1,0,1,0,0,0,0,0,3,1,0,10,69,75,1,0,0,0,0,0,0,0,2,1,1,13,0,1,0,7,58,0,2,0,3,2,0,0,0,0,22,0,0,0,0,0,0,0,0,2,1,18,0,4,0,2,1,0,1,24,0,0,0,0,266,0,0,0,0,0,0,1,0,1,2,1,0,1,0,0,1,0,0,0,0,0,0,0,0,1,1,0,13,0,0,0,0,0,0,0,0,197,1,0,1,1,0,0,0,56,1,1,0,1,0,25,0,0,3,0,2,71,1,0,1,2,0,0,0,0,0,0,0,4,2,2,0,5,2,1,0,0,0,1,0,15,0,0,0,0,1,0,0,7,0,0,0,0,1,2,0,0,0,0,0,1,0,30,0,0,33,0,0,1,0,1,8,0,0,0,1,0,0,4,0,7,0,0,0,1,0,0,1,0,0,2,0,0,0,0,0,0,0,0,84,0,1,0,0,0,0,1,128,0,0,3,0,0,0,0,0,0,0,0,0,0,0,27,3,0,7,0,0,0,29,0,0,0,0,1,0,109,1,3,33,0,0,1,54,3,2,0,0,1,0,1,0,0,0,0,5,0,20,0,2,0,0,0,1,0,0,0,0,1,0,1,1,5,0,0,0,0,0,4,0,1,0,1,0,1,1,0,2,0,0,0,1,1,0,0,0,0,0,0,0,1,0,0,2,4,0,104,9,0,1,0,0,3,0,0,0,0,0,0,0,0,0,0,0,3,0,0,0,0,2,0,0,1,0,0,0,0,0,0,0,0,0,0,142,1,0,0,0,9,0,0
"ENSG00000258162.4",0,0,0,0,0,0,0,0,0,0,0,0,0,0,0,0,0,1,0,0,0,0,0,0,0,0,0,3,0,2,0,1,0,1,1,0,2,3,0,0,2,0,0,1,0,0,0,0,0,0,0,16,0,0,0,0,0,0,1,0,0,1,0,1,0,0,1,0,0,0,2,0,3,0,0,0,1,0,0,41,0,0,2,0,0,0,0,0,0,0,0,0,0,0,0,1,0,16,4,0,1,1,0,0,0,2,0,0,125,0,0,0,1,36,0,1,0,0,0,0,0,1,0,0,0,0,1,0,1,0,0,0,26,0,0,0,0,0,1,0,0,0,6,0,0,1,1,0,1,0,2,0,0,0,0,0,0,0,0,0,0,0,8,0,0,1,0,2,1,101,2,3,0,15,0,0,0,0,0,0,0,2,0,0,0,0,0,0,0,0,0,2,0,0,0,0,1,0,0,0,0,1,0,106,0,0,0,0,0,0,0,0,0,2,3,0,0,0,2,2,0,3,0,0,0,0,0,0,0,0,0,0,0,1,0,2,0,0,0,1,0,0,0,0,0,0,0,2,1,0,0,0,0,0,0,0,0,0,0,0,1,3,1,0,0,0,0,0,0,0,0,0,1,0,0,0,0,0,0,0,0,1,1,0,0,3,0,0,0,3,0,0,0,0,0,0,10,0,0,0,0,21,6,0,0,0,1,0,0,0,0,1,0,1,2,0,0,0,0,0,1,0,0,0,8,0,0,0,0,0,0,0,0,0,0,0,0,0,0,0,0,0,5,0,2,0,0,2,2,0,0,0,0,0,0,0,0,1,1,0,1,0,0,0,0,0,0,1,0,0,0,0,0,1,0,0,0,0,2,1,1,6,0,0,0,0,0,0,1,0,0,0,0,0,0,0,4,1,0,0,0,0,61,0,3,0,128,14,0,0,1,0,0,1,0,0,5,3,0,0,0,0,0,1
"ENSG00000258169.1",1,0,1,2,0,3,0,0,0,0,4,0,1,0,0,0,3,3,1,0,8,0,1,2,1,10,0,1,0,8,2,4,1,1,2,2,4,2,1,0,0,0,1,9,0,1,0,0,0,0,2,2,0,2,24,1,1,0,2,0,3,0,4,2,3,9,0,6,5,3,15,3,6,0,0,0,21,1,0,8,11,2,0,2,2,2,1,2,0,1,6,12,1,1,2,0,5,5,17,1,0,0,6,4,4,2,1,0,11,2,5,2,0,0,3,1,1,2,1,1,4,2,0,3,4,0,0,4,6,4,0,3,4,1,3,0,2,0,0,0,0,4,3,0,1,10,5,0,2,0,1,0,0,2,0,1,0,4,4,3,1,0,2,2,1,0,0,0,0,1,3,2,8,0,15,1,2,5,1,2,0,2,3,3,0,0,1,0,2,3,9,0,4,3,3,1,0,3,0,9,0,0,3,3,0,4,0,16,1,1,1,15,1,1,12,0,2,0,1,3,0,0,3,4,0,0,4,11,8,0,1,0,1,3,0,2,0,0,0,1,7,12,5,1,1,1,0,4,2,2,0,0,0,6,0,2,2,0,3,2,1,2,1,8,0,7,0,0,5,0,0,0,2,1,1,1,1,0,5,3,8,0,0,1,11,0,0,10,2,0,0,7,1,1,5,1,3,1,0,1,0,2,2,0,7,1,0,0,0,4,2,14,2,22,24,0,1,1,0,1,1,0,0,8,2,1,0,17,0,0,1,1,0,7,4,1,4,1,1,4,1,6,1,0,3,1,0,0,0,0,0,0,0,8,1,1,1,0,1,6,6,1,2,1,3,1,1,0,0,3,1,0,0,4,4,1,2,4,0,4,0,1,4,4,0,3,7,3,0,1,0,3,0,6,2,1,56,13,1,0,0,0,6,0,0,0,3,3,0,1,5,0,5,0,0,3,0,0,15,0,0,0,9,0
"ENSG00000258172.1",0,0,1,1,1,0,0,4,2,0,1,0,1,4,0,1,1,0,0,2,2,0,2,1,2,1,0,2,0,2,1,0,1,1,0,0,0,0,0,0,1,0,3,1,2,0,1,0,0,1,0,0,0,3,0,0,0,1,0,0,0,2,0,1,0,1,0,1,6,0,0,1,0,0,0,1,0,0,0,7,4,2,1,1,5,0,0,1,0,0,1,1,1,42,0,0,0,6,0,0,1,0,0,0,1,1,10,0,7,0,0,1,0,1,11,2,2,0,28,20,0,1,0,0,0,0,0,0,2,2,0,0,2,0,2,0,0,0,1,1,0,0,1,1,2,2,3,1,0,1,0,0,1,6,0,0,1,3,7,4,0,0,0,1,1,0,3,1,1,21,1,4,0,0,0,1,3,11,0,0,0,1,0,2,0,1,12,0,4,28,1,0,4,10,0,1,1,7,0,1,0,3,0,7,1,1,1,2,1,4,3,2,1,4,2,0,0,0,3,4,0,34,0,1,1,0,0,2,0,5,0,3,1,1,0,0,0,0,21,1,0,1,0,2,0,3,2,8,3,1,0,0,0,5,0,2,2,0,0,1,7,1,4,2,0,0,0,0,7,1,0,1,4,0,0,1,0,0,0,12,4,2,31,1,0,1,0,1,1,0,0,0,0,1,0,2,2,0,5,0,2,1,1,0,0,0,0,0,2,1,0,0,0,1,0,0,2,0,0,0,4,0,0,0,2,1,0,0,0,0,2,0,0,1,1,0,0,0,0,0,0,0,1,1,3,1,6,0,0,0,0,2,0,7,1,0,2,0,0,0,1,6,0,0,1,0,0,2,1,1,2,2,0,1,1,0,5,0,3,0,5,2,2,0,1,1,0,2,1,1,3,0,0,1,0,0,2,0,1,0,1,2,0,0,3,0,1,3,0,0,0,3,0,0,2,0,6,6,0,0,1,1,4,0
"ENSG00000258240.6",0,0,0,0,0,0,0,0,0,0,0,0,1,3,1,0,0,0,0,0,1,0,0,0,4,1,0,0,0,0,0,0,0,2,0,0,26,0,0,0,0,0,0,0,0,0,0,0,0,0,0,5,0,7,1,2,1,1,6,0,0,89,2,1,0,1,0,0,0,0,23,0,0,0,0,0,0,1,0,3,83,4,0,0,2,1,0,0,0,0,1,0,2,0,0,0,1,1,0,0,0,0,0,0,0,0,0,0,23,0,0,0,0,1,0,1,1,0,0,6,0,7,0,1,0,0,0,0,0,1,0,0,2,0,2,0,0,0,0,1,0,1,3,0,1,0,0,2,0,1,0,0,0,3,0,0,0,0,0,19,0,0,0,0,2,1,0,0,0,3,0,0,1,3,0,0,0,1,1,1,0,0,1,1,0,1,8,0,3,3,0,0,0,3,1,0,0,0,0,2,0,2,0,8,0,4,0,0,0,0,0,0,0,0,0,0,0,0,24,7,0,1,0,0,1,0,3,1,0,0,0,2,1,0,0,3,1,0,0,1,0,0,0,1,1,1,0,0,0,0,0,0,0,1,1,0,0,0,0,0,18,0,0,1,0,0,0,0,0,0,0,0,1,0,0,1,1,0,1,1,2,0,0,0,0,0,0,0,0,0,0,0,0,0,0,1,5,0,0,0,0,0,3,0,0,0,0,1,0,0,0,0,0,0,6,3,1,1,2,1,0,0,0,4,0,1,0,0,0,0,11,2,0,0,6,1,0,0,0,0,0,0,0,1,18,31,0,0,0,0,0,4,0,14,1,0,0,0,2,0,13,0,0,0,0,0,0,0,0,0,0,0,0,0,3,1,1,0,0,0,0,0,2,0,0,0,0,0,0,0,0,1,0,0,0,1,6,0,0,0,0,0,0,1,0,0,0,0,0,0,0,0,0,0,0,3,0,0,1,0,0,0,0,0
"ENSG00000258314.3",3,0,0,0,0,0,0,0,0,1,0,8,0,3,12,0,0,3,0,0,0,0,1,0,0,0,5,1,4,1,3,0,2,0,1,0,3,0,17,6,3,0,3,0,0,4,0,2,0,0,0,4,0,10,0,0,0,0,0,0,0,25,2,0,0,0,0,0,0,0,4,0,0,0,0,0,0,0,9,8,13,8,0,3,10,1,0,8,0,1,0,2,1,0,0,0,0,2,1,0,0,0,0,0,0,1,0,0,96,0,0,0,0,5,0,1,2,0,0,5,0,4,0,0,0,0,0,5,2,0,0,0,1,0,0,0,0,0,14,0,0,0,4,0,0,2,2,0,0,0,0,0,0,12,0,0,0,0,5,6,4,0,0,0,0,7,15,0,0,21,0,0,0,2,0,0,0,11,0,1,0,0,5,6,3,0,0,0,1,5,1,9,3,2,3,1,0,0,0,0,1,0,0,13,0,14,0,0,18,0,0,0,7,0,1,0,0,0,0,1,0,2,0,0,0,0,0,0,0,0,0,0,0,0,2,2,0,0,0,1,0,0,0,0,4,4,2,0,0,0,0,0,0,0,0,1,0,0,1,0,3,8,2,13,0,0,0,0,4,0,0,0,16,0,0,1,66,0,0,2,0,4,9,0,0,2,0,0,2,0,0,0,0,2,0,5,6,2,0,0,0,0,1,0,8,0,0,2,5,4,0,0,8,0,0,0,2,3,0,3,0,0,0,151,0,0,0,0,6,0,4,0,0,0,2,0,1,4,0,0,0,0,0,5,86,6,0,1,8,0,0,6,1,34,0,0,0,0,7,0,7,0,0,22,0,0,0,0,0,2,0,0,0,4,7,0,1,0,0,0,2,8,6,0,0,0,1,2,5,0,0,0,0,0,0,0,4,79,0,0,0,0,0,0,0,0,11,1,4,0,0,5,0,0,0,0,0,0,0,0,0,0,0,0
"ENSG00000258320.1",0,0,0,0,0,0,4,0,0,0,0,10,0,30,63,0,0,1,0,0,0,0,0,1,1,0,0,7,1,9,0,0,0,5,0,0,11,0,53,40,0,0,0,33,0,0,0,0,0,0,0,3,1,1,0,0,0,0,2,0,0,12,5,0,1,0,1,0,0,0,14,0,0,0,0,0,0,0,34,3,56,9,1,0,0,0,0,0,0,0,0,5,0,0,0,0,0,0,300,89,0,0,0,0,0,0,0,0,123,0,0,0,0,2,0,1,0,1,6,52,0,2,0,0,0,0,1,3,0,43,0,0,34,0,0,0,0,0,29,0,0,1,0,0,0,44,0,0,0,0,0,0,0,1,0,0,1,0,40,0,1,0,0,0,0,10,12,1,0,36,0,3,1,36,0,0,0,21,0,113,0,0,33,0,1,0,1,0,1,26,0,0,0,2,7,1,0,0,0,0,0,0,0,18,0,1,0,0,0,0,0,0,2,1,33,0,0,1,0,103,1,15,3,0,0,0,1,0,0,1,0,0,0,1,12,38,0,0,6,2,0,26,0,0,1,0,3,0,0,0,0,0,0,0,0,0,0,0,0,13,8,0,0,7,0,0,0,0,85,0,0,0,17,0,0,0,9,0,0,9,7,40,7,0,0,0,0,0,0,0,0,0,0,0,0,15,45,0,1,0,0,0,12,1,0,0,0,0,3,34,1,0,1,0,0,0,24,0,0,5,0,0,0,0,2,0,0,0,0,0,0,0,4,0,0,0,0,0,0,0,0,0,0,0,9,0,7,0,2,0,0,1,0,102,0,0,0,1,0,0,3,0,1,0,0,0,0,0,0,0,0,5,0,2,8,0,39,0,0,0,2,1,0,0,0,2,0,3,3,0,0,0,0,0,0,0,0,186,0,0,1,0,0,0,0,1,1,0,1,0,0,4,0,0,0,0,6,0,0,0,0,0,0,0
"ENSG00000258332.3",0,0,0,0,0,0,0,0,0,0,10,20,0,2,3,0,0,2,2,0,0,0,0,0,1,0,0,0,0,5,0,0,1,1,0,0,19,0,17,19,4,0,0,79,0,0,0,0,0,0,0,1,0,0,4,1,0,0,2,0,0,4,2,2,0,0,1,17,0,0,18,0,0,0,0,0,0,0,1,7,52,4,0,0,1,0,0,31,0,0,0,5,0,4,0,0,0,0,14,8,0,0,0,0,0,0,0,0,6,0,0,0,0,5,0,0,0,0,0,49,7,7,0,0,0,0,0,2,0,9,0,0,4,0,0,0,0,0,0,2,0,0,8,0,0,3,0,0,0,0,0,0,0,1,2,0,0,0,112,0,2,0,0,0,0,1,2,0,0,1,0,1,0,16,0,0,0,5,0,46,0,0,4,2,92,0,0,0,0,0,0,2,0,1,0,0,1,0,0,0,0,0,0,7,0,5,0,0,1,0,0,0,0,0,4,0,0,0,1,26,0,1,0,0,0,0,13,1,0,13,0,0,0,41,25,4,0,0,0,1,0,2,3,0,3,4,3,0,0,0,0,0,0,0,0,0,0,0,6,1,2,16,2,0,0,0,0,0,2,0,2,0,2,1,0,0,2,0,0,1,4,7,0,0,0,0,0,0,0,1,0,0,0,0,0,0,2,3,2,0,0,0,6,0,0,0,0,0,4,9,12,0,2,0,0,0,6,0,0,2,0,0,0,0,1,1,0,0,16,0,161,0,1,0,0,0,1,0,13,0,0,2,0,0,7,0,9,0,2,0,0,0,0,9,0,0,0,0,0,0,4,0,0,1,0,1,0,0,0,0,0,2,0,2,3,0,6,0,0,3,1,1,3,0,0,0,0,1,2,0,0,0,0,0,0,0,71,8,12,0,2,0,0,0,9,0,4,0,0,0,1,2,0,0,0,0,3,0,0,0,0,0,0,0
"ENSG00000258472.9",0,0,7,0,0,1,68,0,0,0,0,0,3,0,0,0,7,1,0,0,0,0,0,0,15,0,0,0,76,0,0,1,0,0,1,0,0,0,0,16,10,2,1,0,1,0,5,0,0,3,0,0,0,1,0,0,0,2,0,0,7,0,0,6,0,1,6,0,1,0,7,0,0,0,0,1,1,11,0,0,3,10,0,0,2,1,0,0,8,11,0,1,0,17,1,0,1,0,13,0,2,0,0,9,0,4,2,0,4,6,0,1,0,0,0,1,7,0,0,0,0,1,1,0,0,1,0,0,4,1,0,0,0,10,0,0,6,0,0,0,0,1,1,4,0,1,13,1,4,0,0,0,0,11,0,2,9,0,17,0,0,0,1,0,1,0,0,1,0,1,1,6,1,1,0,0,6,3,2,0,0,0,0,0,6,0,0,0,0,1,3,0,2,4,0,22,0,0,0,1,1,0,1,0,0,0,1,0,2,0,0,1,0,4,0,1,1,0,0,20,0,0,0,0,1,0,1,0,0,0,2,8,2,0,21,0,0,0,3,0,1,3,0,0,1,0,0,0,22,9,0,3,0,0,0,0,1,0,0,1,8,0,0,17,0,19,0,1,1,1,0,0,11,0,0,1,0,0,0,3,1,10,0,0,0,0,0,0,5,1,1,0,10,15,0,0,0,0,0,5,7,4,2,0,0,0,0,0,6,0,1,4,1,5,0,2,1,1,1,0,0,4,0,3,1,2,0,1,1,0,1,0,0,9,1,0,0,0,0,25,0,1,0,9,0,2,0,0,0,0,0,27,0,0,0,2,0,22,0,33,2,0,3,2,12,0,16,0,0,0,0,0,0,1,1,1,7,0,0,2,1,1,6,0,0,0,0,0,30,0,10,0,1,0,3,1,1,2,0,1,1,1,1,0,15,25,0,0,15,3,0,3,1,0,0,2,0,5,7,0,0,0,0,0
"ENSG00000258474.1",19,0,0,1,3,5,0,0,0,12,15,1,0,41,24,0,3,0,1,2,2,0,0,1,3,0,0,3,4,40,1,15,7,0,9,0,33,4,2,6,0,3,0,0,2,0,6,4,2,0,0,15,0,7,0,5,7,4,2,0,0,23,2,1,0,1,0,5,44,3,9,15,2,0,0,1,17,1,14,12,38,4,19,31,1,0,3,6,3,2,13,79,14,232,8,0,0,0,5,66,1,0,48,0,1,1,19,0,4,0,4,0,0,15,0,3,7,0,6,135,21,4,0,20,16,1,3,0,9,31,0,0,3,5,6,2,3,1,8,0,0,9,24,1,0,7,37,2,1,12,0,0,1,2,0,8,4,7,34,20,1,10,2,8,2,2,23,9,3,22,28,8,15,23,7,2,13,24,34,15,0,2,42,5,0,0,1,0,0,5,0,0,3,15,17,1,0,44,0,4,0,25,7,5,0,86,0,24,3,0,0,4,59,7,4,2,0,6,22,39,0,0,1,4,0,1,5,0,10,8,3,0,17,14,2,35,0,2,0,3,3,5,10,0,14,25,1,8,9,1,0,1,2,73,0,0,0,7,12,17,6,2,9,0,2,9,9,3,4,0,21,0,8,0,0,0,24,0,6,29,0,29,1,0,0,8,0,0,0,8,1,0,6,1,3,11,25,0,5,1,0,0,1,0,3,2,0,0,2,0,1,1,1,43,19,1,4,3,3,38,1,4,1,3,4,0,2,1,22,0,8,0,1,0,68,0,6,31,2,11,1,1,6,1,36,1,2,2,4,0,1,61,0,2,0,1,5,1,2,29,1,2,1,21,0,1,10,3,0,1,23,27,12,14,9,3,2,0,0,1,0,0,5,2,1,10,0,23,28,0,10,1,0,16,0,1,35,43,11,2,0,0,2,0,57,0,16,5,0,5,1,0,0,0,34,0,1,0,0,2,0,0,5,0
"ENSG00000258525.2",3,2,0,0,9,5,0,0,0,0,0,0,1,0,3,0,3,1,0,0,6,0,0,0,4,5,2,21,1,1,0,2,11,0,3,0,0,1,1,1,0,0,4,0,0,0,1,0,0,0,1,0,0,1,2,1,0,1,0,0,1,9,1,1,0,0,5,0,8,14,36,1,0,0,2,2,10,0,1,1,4,15,18,1,11,0,2,0,3,1,9,2,1,0,0,0,0,1,7,6,1,1,2,1,0,1,22,1,2,11,2,3,1,10,4,0,39,12,5,1,0,7,1,1,1,0,0,1,5,0,0,0,1,0,2,0,0,0,1,0,0,4,0,0,1,13,0,1,1,0,0,1,2,1,0,3,3,41,7,20,2,1,6,6,0,3,5,9,0,0,0,10,0,1,0,0,2,0,9,0,0,1,8,63,0,0,1,0,2,1,0,1,5,6,4,15,0,0,0,2,0,18,6,0,0,3,1,12,0,0,1,3,4,16,4,1,0,0,11,1,0,0,2,1,0,0,1,3,0,4,6,7,1,1,0,0,0,1,0,1,0,2,0,1,10,11,1,0,1,1,0,0,0,1,0,0,0,0,1,2,8,0,3,0,0,13,0,0,0,0,0,0,2,0,0,5,2,0,0,2,13,0,1,0,1,0,1,0,0,0,0,1,0,6,0,5,0,1,0,1,36,0,6,0,5,0,3,0,11,0,0,0,5,6,4,5,0,2,1,1,0,2,0,1,0,10,1,0,1,0,1,0,0,5,3,0,0,3,1,0,0,0,1,4,4,1,0,2,1,0,0,11,1,7,0,0,2,3,3,2,0,2,0,4,1,3,2,1,0,1,1,2,0,0,1,0,17,0,0,3,9,3,1,0,1,0,2,1,0,4,0,0,0,16,0,10,0,2,2,1,2,8,9,1,2,1,7,1,0,1,10,1,3,1,3,0,0,2,2,0,0,0,0,0
"ENSG00000258527.1",1,0,0,2,5,4,3,1,2,0,2,8,5,43,9,0,3,22,7,4,19,1,1,4,19,3,11,13,0,37,3,3,58,63,12,0,40,0,6,11,0,3,2,6,4,0,5,1,1,9,0,14,2,6,2,25,1,2,7,0,8,31,12,3,0,7,2,22,4,7,11,17,1,2,0,2,18,2,6,33,155,77,1,11,92,3,2,1,4,2,8,36,2,0,13,0,22,3,25,2,4,2,6,4,10,1,207,0,30,0,4,2,3,8,4,10,14,3,92,51,7,119,4,0,7,2,0,18,4,6,7,0,15,5,3,1,3,1,12,1,1,7,13,3,0,1,1,20,1,0,0,2,17,23,5,28,1,6,116,44,18,12,1,9,1,7,35,1,11,1,4,4,30,138,0,1,8,49,8,12,0,2,13,20,82,3,4,8,11,39,0,0,2,110,82,11,3,73,5,2,38,37,14,83,5,10,2,21,9,20,2,11,79,1,2,0,13,8,5,36,0,6,0,0,1,1,15,9,0,5,2,6,2,6,10,12,1,2,60,7,0,7,22,2,5,16,35,0,30,58,1,0,1,1,0,19,4,6,1,2,105,21,0,2,0,11,4,1,739,0,13,0,5,1,3,0,2,2,14,1,93,1,35,0,16,2,0,1,0,1,3,1,0,9,14,7,3,10,158,0,13,0,0,6,1,0,0,3,40,57,8,2,3,0,6,0,32,6,5,8,16,3,0,3,8,42,1,13,3,1,25,0,3,0,4,2,42,15,4,2,0,20,1,0,18,13,0,3,0,0,0,47,2,5,8,0,6,0,1,7,38,3,1,3,0,2,1,10,3,1,1,13,0,10,236,1,149,0,6,87,61,1,60,0,3,14,6,45,0,1,10,57,0,10,2,0,70,0,2,1,2,4,0,13,2,2,1,80,0,3,11,5,10,1,20,4,350,0,6,0,1,7,19,0
"ENSG00000258548.6",0,0,1,0,0,0,0,0,0,0,0,0,0,25,0,0,0,0,0,0,0,0,2,3,9,0,1,1,3,5,0,0,1,6,0,0,13,0,0,7,0,0,2,15,0,0,0,10,0,0,0,1,0,2,0,0,0,0,0,0,0,0,0,1,0,0,1,0,0,0,30,0,0,0,0,0,2,0,4,2,4,0,1,0,1,0,0,4,0,0,0,4,3,0,0,0,0,0,3,0,0,0,0,0,0,0,0,0,26,0,0,0,0,0,0,0,4,1,0,0,0,0,0,0,0,0,0,4,0,1,2,0,2,1,0,0,0,0,7,0,0,0,5,0,0,38,0,0,0,1,0,0,0,17,6,0,0,0,0,16,6,0,0,0,0,12,2,0,0,17,0,26,4,12,0,1,0,1,0,23,0,0,0,1,0,0,10,0,0,1,0,0,0,3,37,0,0,0,0,0,24,0,0,103,0,0,0,0,0,2,0,0,31,35,4,0,0,0,0,5,0,5,0,0,0,0,0,4,0,0,0,15,0,0,0,0,0,1,0,5,0,0,0,0,0,0,3,0,0,0,0,1,0,0,0,0,0,0,0,0,12,1,0,3,1,0,0,0,0,0,0,0,0,0,0,0,0,0,0,0,18,0,5,0,1,0,0,0,0,0,0,0,0,1,0,0,15,1,0,0,0,0,0,0,0,0,0,1,0,13,3,0,0,0,0,0,9,0,0,1,0,0,0,0,0,1,0,0,0,0,3,0,1,0,0,0,0,0,0,0,0,0,11,0,6,1,0,0,0,0,0,3,1,3,0,0,0,0,0,0,1,1,0,0,0,0,0,0,0,0,0,0,0,1,56,0,26,0,0,3,1,4,0,0,0,0,0,0,0,0,0,0,0,0,0,0,5,1,2,0,0,0,0,0,0,0,1,2,0,0,0,0,1,0,0,0,1,0,0,0,0,0,0,0
"ENSG00000258609.3",0,0,0,0,42,11,0,0,0,0,0,0,2,2,0,0,1,1,0,0,2,0,3,2,2,0,0,21,7,0,24,1,9,0,0,0,1,2,0,0,0,0,1,3,0,0,1,0,0,14,0,31,1,3,0,41,0,2,5,1,0,1,0,11,0,0,0,0,13,54,7,0,3,0,1,0,1,1,2,3,1,28,0,0,6,2,7,0,0,0,2,0,5,0,0,0,0,126,1,0,1,0,1,0,11,0,4,0,3,4,1,0,0,1,1,0,1,0,0,1,0,28,1,0,27,0,0,12,2,0,0,3,5,1,6,0,0,0,60,0,0,5,5,0,0,1,2,19,0,1,2,1,0,0,1,0,8,4,0,0,17,1,18,7,0,12,18,19,15,12,0,6,0,528,0,0,0,0,0,0,0,2,1,0,0,0,0,0,32,1,0,1,1,1,5,41,0,0,0,18,1,12,7,133,0,12,2,2,2,0,0,10,1,5,25,0,0,1,0,11,0,4,3,1,0,0,2,0,1,0,1,2,0,0,0,0,0,0,2,0,0,5,0,1,12,3,0,0,0,0,0,0,0,1,0,2,2,0,0,1,5,0,8,11,0,6,1,0,7,0,3,0,1,3,1,8,0,0,2,25,14,3,0,1,0,9,0,0,1,9,0,0,2,0,0,0,10,0,2,0,2,0,3,0,15,0,1,0,0,10,2,14,1,3,1,0,2,0,0,6,0,1,0,69,4,2,1,0,0,0,0,3,0,0,0,0,1,4,2,1,0,0,12,0,431,1,0,0,3,0,2,1,0,4,0,1,4,1,1,4,1,2,0,9,0,0,0,4,0,2,0,0,10,0,48,8,178,0,0,2,0,60,6,0,0,0,4,4,9,2,2,1,0,8,1,2,3,3,1,0,0,1,0,0,0,0,3,6,0,0,0,2,2,2,0,0,29,3,15,1,0,1,3,1
"ENSG00000258628.1",82,0,0,5,10,0,0,0,0,9,0,1,0,480,6,4,4,4,0,4,13,3,13,25,1,1,3,4,1,1,1,74,33,1,110,3,1,0,0,2,9,172,3,1,6,0,9,1,5,1,0,37,8,2,0,49,2,1,2,0,0,1,1,0,0,4,2,0,38,15,7,22,6,1,0,1,75,1,1,9,20,28,17,11,55,2,0,0,99,23,26,20,0,3,0,0,1,2,3,10,11,2,64,0,1,0,1,2,6,0,6,16,17,130,2,0,2,0,46,3,0,2,0,1,10,1,11,0,2,71,1,0,134,1,27,3,0,1,1,0,4,12,14,2,4,23,0,0,0,9,4,1,45,2,0,4,3,23,1,39,0,19,96,3,3,11,32,48,1,18,0,2,4,5,2,1,10,7,2,5,0,24,3,51,0,3,4,1,4,0,5,0,1,42,5,2,2,14,2,134,0,2,0,2,0,9,0,57,7,0,5,1,10,3,2,109,1,0,2,5,0,1,0,1,15,0,1,62,63,1,1,10,4,0,0,48,0,0,1,7,31,11,0,8,36,6,2,3,0,0,2,1,2,1,0,7,5,8,0,1,14,4,7,3,4,1,14,5,0,1,69,4,2,5,16,0,2,1,0,0,6,5,67,1,1,3,1,1,1,7,15,1,1,2,3,2,51,1,2,345,3,4,3,0,3,1,1,0,13,2,1,2,1,7,10,42,1,17,4,8,3,186,2,1,28,16,3,0,0,0,1,2,14,2,0,7,0,51,0,23,0,3,9,20,2,27,1,1,0,1,1,4,6,2,2,0,1,521,1,4,32,32,0,3,68,0,58,0,1,12,0,0,3,0,9,0,4,5,0,9,1,0,3,0,0,35,0,16,0,0,3,0,0,0,0,1,1,1,8,2,1,0,3,0,2,0,21,24,2,0,70,12,0,2,12,0,2,0,0,4,1,0,3,0
"ENSG00000258654.1",13,0,38,1,1,3,2,0,0,15,0,0,1,3,0,1,47,21,3,0,13,0,8,2,1,0,0,3,0,0,0,0,8,9,23,1,1,0,0,0,1,0,1,0,2,0,11,4,0,0,8,4,4,4,0,60,0,0,18,0,6,34,0,2,0,0,15,0,25,1,6,15,1,0,0,3,32,7,0,6,1,4,1,10,25,50,3,0,4,3,7,1,2,4,0,0,0,2,0,1,7,2,1,0,5,0,0,1,1,0,19,1,0,1,3,5,1,0,8,0,0,31,3,1,2,2,4,0,5,1,2,0,0,1,14,0,0,4,2,3,1,3,0,0,2,37,1,35,3,0,0,3,1,10,0,0,5,5,1,12,11,1,7,25,2,2,1,0,1,0,3,17,0,3,0,1,7,4,1,0,0,6,0,9,0,2,2,18,25,3,4,0,37,8,1,1,1,2,0,10,1,1,46,1,0,3,15,23,6,1,0,8,9,30,0,0,0,0,2,1,2,0,0,4,1,0,0,1,11,0,0,6,0,0,1,5,0,0,0,0,2,8,1,71,31,0,0,0,2,1,2,3,1,6,1,3,4,5,0,28,2,1,0,0,2,9,13,1,1,1,3,0,6,0,2,6,5,0,0,0,0,1,3,1,0,0,0,0,34,4,6,0,11,0,1,0,5,0,4,2,19,14,0,0,4,4,0,1,35,0,0,0,1,0,6,2,2,3,0,1,1,7,1,13,8,11,0,0,0,1,1,7,0,5,0,0,3,7,0,2,0,1,18,3,2,5,0,0,1,0,0,3,0,11,0,5,0,3,1,42,5,1,2,4,0,0,2,2,3,14,4,0,0,0,19,0,2,2,1,0,4,3,40,6,2,1,4,1,2,0,20,0,0,1,22,1,0,1,3,0,0,3,3,0,0,1,0,3,0,0,14,4,49,6,11,0,1,3,5,1,4,1,0,0
"ENSG00000258673.1",22,0,0,0,0,2,0,0,0,1,1,14,1,0,1,0,1,1,1,0,0,0,0,0,1,3,1,2,0,1,0,0,0,0,0,1,0,0,1,0,0,0,3,19,1,2,0,0,0,0,1,0,0,1,4,2,2,0,0,3,14,5,0,0,0,0,0,1,0,4,1,1,2,0,1,0,0,1,0,1,0,0,1,0,0,0,0,1,6,0,2,2,0,0,6,0,0,0,0,0,1,0,5,0,0,0,7,0,12,1,0,0,0,0,0,0,0,1,0,3,1,0,0,0,0,0,0,1,0,4,0,0,1,0,0,0,0,0,0,0,0,5,0,0,0,1,0,0,2,0,1,0,0,1,0,0,0,0,0,1,0,0,9,0,5,0,0,4,0,0,0,0,2,0,0,0,0,0,0,0,0,0,0,0,0,0,0,0,1,0,0,1,7,0,0,0,0,1,0,0,0,0,0,8,0,0,0,1,0,0,0,0,0,0,2,0,0,1,0,1,0,0,0,0,0,0,5,4,0,1,3,0,0,15,1,0,0,0,0,0,0,0,7,0,11,2,0,0,5,3,0,0,0,0,0,1,0,0,10,0,1,0,5,5,0,0,9,0,4,0,0,0,0,0,0,1,1,0,4,2,3,0,0,0,0,1,0,0,0,1,0,0,0,0,1,0,1,0,0,0,2,0,3,0,0,0,1,1,0,0,2,0,0,0,1,0,0,0,0,0,0,35,0,17,0,3,1,1,0,0,0,0,0,5,0,0,8,13,0,0,0,0,0,0,8,0,0,0,16,1,0,0,0,0,0,0,0,2,2,0,0,0,0,1,3,0,0,0,0,0,1,1,0,3,2,0,1,1,0,1,0,1,0,0,0,0,0,0,2,5,0,9,0,3,1,2,3,0,2,0,0,0,0,0,0,0,3,0,0,0,0,0,0,0,4,1,0,2,0,1,0,0,5,0
"ENSG00000258689.1",3,0,0,6,4,0,1,0,2,4,0,1,1,74,19,0,0,14,2,2,1,0,1,3,1,0,0,4,0,4,0,57,28,0,9,1,116,3,1,0,0,13,0,15,2,0,9,4,0,1,6,8,0,1,2,12,0,1,2,0,1,2,0,1,0,0,1,13,1,1,2,10,0,0,0,0,1,1,5,3,40,1,3,5,3,0,1,46,1,0,3,49,2,0,0,0,3,1,1,0,0,0,1,5,3,0,4,1,1,0,0,2,0,3,0,1,0,1,4,106,343,3,0,11,14,0,0,0,1,15,3,0,33,1,18,0,1,0,0,1,0,0,42,0,1,79,11,0,0,0,0,0,7,5,6,3,0,1,3,3,0,1,4,1,1,1,16,0,0,3,4,3,236,0,1,0,1,0,26,14,1,0,3,1,2,2,0,0,5,0,0,3,4,17,5,0,1,12,0,5,0,0,1,2,0,3,0,2,0,0,1,4,3,1,1,4,6,2,2,17,0,1,0,0,1,0,15,20,1,3,0,1,10,11,1,5,0,17,5,0,1,19,2,1,4,1,0,0,0,10,0,0,0,3,2,1,0,0,33,2,6,5,4,0,0,1,4,0,1,0,10,1,1,0,3,0,1,0,0,1,0,4,1,0,2,0,0,2,0,8,0,5,3,11,40,0,12,1,0,3,0,0,1,1,2,2,2,1,0,1,2,0,4,22,7,12,5,6,0,9,0,1,0,1,13,1,2,7,0,0,136,0,10,0,4,0,6,19,0,1,0,13,5,3,3,1,1,0,1,0,2,1,0,0,1,0,0,2,0,0,2,3,24,1,1,1,3,2,1,2,0,4,3,11,3,1,0,1,2,0,0,0,1,0,0,1,0,14,0,0,0,7,1,1,0,0,16,0,2,1,4,1,1,19,338,0,20,4,0,0,0,0,0,2,2,1,0,7,0,1,1,0,8,1
"ENSG00000258694.1",0,3,3,0,2,0,0,1,0,0,0,0,0,0,0,0,0,0,0,0,0,3,0,0,0,1,0,0,0,0,0,0,0,0,0,0,0,0,0,0,0,0,0,0,2,0,0,0,3,1,0,0,0,0,0,0,0,0,0,0,0,0,0,1,0,1,0,0,0,0,2,0,0,0,0,2,0,0,0,0,0,0,1,0,0,0,0,0,0,0,0,0,0,0,17,0,0,0,0,0,0,0,0,0,0,0,0,0,0,0,0,0,0,0,0,0,0,0,0,0,0,0,0,0,0,1,0,0,0,0,0,5,0,0,0,3,0,2,0,0,0,0,0,1,0,0,0,0,0,0,10,2,0,1,0,0,0,1,0,0,1,0,0,0,0,0,0,0,0,0,0,0,0,0,0,0,0,1,0,0,0,0,0,0,0,0,0,0,1,0,0,8,0,3,0,0,1,0,0,0,0,0,0,0,0,0,0,0,1,0,0,1,1,0,0,0,0,0,0,1,0,0,0,0,2,0,1,0,0,0,0,0,0,0,0,0,0,0,0,0,2,0,0,0,0,0,0,0,0,0,0,0,1,2,1,1,1,0,0,0,1,0,0,0,2,0,0,0,0,0,0,0,0,0,0,0,0,0,0,0,0,0,0,0,0,2,2,0,0,0,3,0,0,0,0,0,0,0,0,0,0,0,0,1,0,0,1,0,0,0,0,0,0,0,0,0,0,0,0,0,0,1,0,2,0,0,0,0,0,0,0,0,1,0,0,4,0,0,0,0,0,0,0,0,0,0,0,1,0,0,1,0,0,0,0,5,0,0,0,0,0,0,0,0,0,0,0,0,0,0,1,1,0,0,0,0,0,0,1,0,0,0,0,0,1,1,0,0,0,0,0,0,1,0,0,0,0,1,0,0,0,0,0,0,0,0,0,0,0,1,0,0,0,0,0,0,0,3,0,1,5,0,0,1
"ENSG00000258700.6",4,0,0,0,1,0,0,0,0,0,0,2,0,10,8,1,0,6,0,0,1,0,2,3,8,2,0,3,0,22,2,1,0,0,0,0,2,0,1,0,0,0,0,0,0,0,0,0,0,35,0,7,0,2,0,0,0,0,30,1,0,11,0,20,0,0,0,0,0,2,36,0,0,0,0,0,0,0,4,18,10,5,0,0,1,6,0,0,0,0,0,5,9,0,0,0,0,3,7,0,1,0,0,0,0,2,6,1,10,0,0,3,0,4,1,1,0,0,0,4,0,0,14,0,2,0,0,2,1,22,1,0,13,0,0,0,0,0,3,3,0,1,2,2,0,0,0,0,0,0,0,0,0,10,0,0,1,0,1,2,2,0,1,0,0,6,4,0,0,2,0,6,0,50,0,0,3,22,0,0,0,7,0,0,0,0,0,0,1,10,0,0,0,4,3,0,0,0,0,0,2,2,0,84,0,14,2,0,0,0,2,4,14,16,9,0,0,0,2,1,1,2,0,0,0,0,0,0,0,1,19,1,1,0,0,0,0,0,0,0,1,0,0,0,1,0,1,0,0,0,0,0,0,0,1,0,0,0,0,10,7,29,0,9,0,0,0,0,11,2,5,0,7,0,0,0,0,3,0,2,19,2,31,0,0,3,0,0,0,0,0,0,0,6,0,0,0,0,15,0,0,1,41,0,0,0,0,3,1,0,2,0,0,0,0,0,6,1,0,5,0,0,0,1,0,0,1,0,1,0,1,0,1,0,1,1,0,0,0,0,1,0,0,0,28,2,0,0,6,0,3,0,0,5,0,0,1,0,1,0,9,0,0,0,0,0,0,0,0,0,0,0,0,0,6,1,4,0,5,12,6,47,22,0,0,0,0,1,0,0,2,0,0,0,0,0,7,2,0,1,1,0,3,0,0,0,2,6,0,0,1,0,0,0,1,0,0,3,3,2,0,0,0,0
"ENSG00000258710.8",2,0,0,0,0,0,0,0,0,1,0,0,0,30,0,1,0,2,0,0,0,0,0,0,0,0,0,6,0,0,0,3,2,3,0,0,0,0,0,0,0,1,0,0,0,0,0,0,0,1,0,107,1,4,0,0,0,0,228,0,0,3,0,0,0,0,0,0,0,0,2,0,0,0,0,0,0,0,0,78,0,207,0,0,1,0,0,0,0,0,0,1,0,0,0,0,2,0,0,0,0,0,1,0,0,0,2,1,6,0,0,0,1,15,0,0,1,0,0,0,0,1,0,0,0,0,0,1,0,0,7,0,19,0,0,0,0,0,0,0,0,0,1,1,0,0,0,0,0,0,0,0,0,2,1,0,0,0,0,17,0,0,5,0,0,1,0,0,0,19,0,1,0,0,0,0,0,0,0,0,0,0,0,2,2,0,2,0,1,6,0,0,0,30,47,0,0,1,0,0,0,0,0,1,0,104,0,1,0,0,0,0,0,15,0,1,0,0,0,28,0,37,0,0,2,0,0,1,0,0,0,0,0,0,0,0,0,0,2,0,0,0,0,0,1,0,0,0,0,0,0,0,0,0,0,0,0,0,0,65,198,4,0,0,0,0,0,0,2,0,0,1,468,0,0,0,0,0,0,0,0,0,3,0,0,2,0,0,0,0,2,0,0,1,0,0,111,0,0,0,0,0,0,0,10,0,0,0,76,0,0,0,0,1,0,264,0,1,0,2,0,7,0,0,3,0,1,0,0,0,2,0,0,0,0,0,0,0,0,0,0,0,0,0,63,5,0,0,0,0,0,1,0,14,0,0,0,18,1,0,4,1,0,0,1,0,0,0,0,0,0,0,0,0,0,0,0,0,0,9,0,9,0,0,0,0,0,0,0,1,2,0,0,0,0,0,5,0,0,0,0,0,0,0,0,10,1,0,3,0,0,0,0,0,0,0,2,6,0,0,0,2,0,3
"ENSG00000258754.8",1,0,0,0,0,1,0,0,0,1,0,5,0,130,91,0,0,1,0,0,3,0,0,0,3,0,0,7,0,1,0,0,2,2,5,0,0,0,0,0,0,1,0,0,0,0,0,0,0,1,0,50,0,16,0,0,0,0,0,0,2,5,0,2,0,0,0,1,0,1,2,0,0,0,1,0,0,0,77,3,0,23,0,0,3,0,0,1,0,6,0,40,0,6,0,0,0,57,101,0,0,0,0,0,1,0,1,0,152,0,0,0,1,0,0,1,1,0,0,99,0,0,0,0,0,0,0,2,0,4,0,0,194,0,1,0,0,0,0,9,1,1,18,0,1,1,0,0,0,0,1,0,1,27,1,2,0,1,95,0,0,0,1,0,0,3,36,0,0,0,0,0,0,6,0,0,0,72,0,0,0,0,0,3,9,0,4,0,0,12,0,206,1,2,8,0,0,0,0,0,0,0,0,2,0,21,0,0,4,0,0,0,0,0,0,17,0,0,1,1,0,28,0,0,0,0,0,1,0,0,0,17,0,1,0,26,0,0,0,7,0,2,1,0,1,0,44,1,2,0,0,0,0,0,0,0,0,0,0,0,30,33,2,0,0,0,0,0,148,0,1,0,43,0,0,0,1,0,0,31,35,26,0,0,0,0,0,2,0,0,3,0,0,124,0,147,5,0,0,1,0,0,0,0,4,0,0,0,1,17,0,0,2,0,0,34,92,0,1,0,0,1,0,0,5,0,0,0,3,0,24,0,1,0,0,0,0,2,0,0,0,0,0,1,0,33,0,0,0,6,0,0,1,12,0,0,1,1,0,0,7,0,0,0,0,0,0,0,0,1,0,2,0,0,39,0,25,0,0,2,0,0,13,0,3,1,0,0,22,0,0,0,0,1,0,0,21,1,0,0,1,1,0,0,11,1,0,0,0,1,0,3,0,0,1,0,10,37,0,0,0,0,0,0
"ENSG00000258763.5",0,0,0,0,1,1,0,0,0,0,0,0,0,6,3,0,0,0,0,0,0,0,1,0,0,1,0,0,0,8,0,0,0,0,1,1,10,0,0,0,0,0,2,1,0,0,0,7,0,0,0,0,0,4,0,0,0,0,0,0,0,1,0,0,0,0,0,0,0,0,142,0,0,0,0,0,2,0,35,6,9,0,0,0,0,0,0,2,1,0,0,0,0,1,1,0,0,0,3,0,0,0,0,0,0,0,0,0,3,1,0,0,0,0,0,0,0,4,0,1,0,0,0,0,0,0,0,0,0,0,0,0,5,1,0,0,0,0,0,0,0,0,0,0,0,0,0,0,1,0,0,0,0,0,0,0,1,2,1,1,2,0,0,0,0,1,0,1,0,0,0,0,0,0,0,0,0,189,1,0,0,0,1,0,2,0,0,0,0,0,1,0,1,0,0,1,0,0,0,0,0,0,0,4,0,9,0,0,3,0,0,0,1,0,0,1,0,0,1,1,0,0,0,0,0,0,0,0,0,0,0,0,0,0,0,0,0,1,0,0,0,0,0,0,1,0,2,0,0,0,1,0,0,0,0,0,0,0,3,0,0,0,0,59,0,0,0,0,0,0,0,0,9,0,0,1,8,0,0,0,0,3,1,0,0,0,0,0,0,0,0,1,1,1,2,26,2,0,0,0,0,0,55,0,2,0,0,0,0,260,0,0,0,0,0,0,147,0,0,0,0,0,1,0,0,0,0,0,9,0,107,0,1,0,0,0,1,0,3,0,0,0,0,0,3,0,0,0,0,0,0,0,0,2,0,1,0,1,1,2,0,0,0,0,1,0,0,0,0,0,0,0,0,407,28,1,0,0,0,0,0,0,0,0,0,0,0,0,0,0,1,0,1,0,0,0,0,5,0,0,0,0,0,0,0,1,0,0,0,0,0,0,0,0,0,0,0,0,0,0,0,0,0,1
"ENSG00000258793.1",100,13,0,38,143,30,55,0,12,369,0,0,8,174,110,25,22,20,5,191,28,2,11,17,2,22,5,26,48,270,123,90,56,28,8,143,8,1,1,1,13,259,74,2,21,15,32,93,8,56,6,340,42,8,0,23,4,16,8,27,1,23,0,56,8,65,53,6,41,27,1564,37,18,2,6,1,40,41,0,11,46,19,66,54,32,140,18,1,60,15,61,46,222,26,0,1,0,0,61,21,75,7,83,1,26,27,80,8,172,209,68,19,32,42,5,8,446,0,3,3,0,11,8,18,9,4,17,2,209,88,20,6,185,10,7,6,0,4,20,20,8,579,349,12,73,12,3,86,99,470,1,12,8,41,1,6,1,71,7,57,122,25,13,55,297,4,127,181,0,36,3,17,10,0,32,1,29,10,34,2,11,205,0,88,1,16,13,0,10,7,58,9,65,97,14,8,9,45,70,69,0,4,110,3,1,0,3,21,20,81,40,56,73,1,135,198,0,0,32,513,1,52,13,43,14,9,0,12,0,0,214,32,12,0,0,4,4,13,80,131,74,66,0,9,383,2,0,0,2,3,4,24,2,25,9,15,18,131,0,2,38,35,13,273,8,55,54,4,72,15,45,11,120,13,3,90,261,7,0,18,43,7,27,8,0,41,8,34,69,4,92,20,217,37,10,253,51,1,0,1012,67,6,116,3,2,11,0,5,13,13,1,301,2,0,14,544,10,260,77,64,500,186,9,23,30,18,30,1,0,5,0,27,28,0,2,18,4,7,1,45,5,1,20,57,22,0,0,82,73,7,7,499,10,156,0,7,920,1088,66,35,7,3,11,462,171,2,6,116,0,19,32,9,5,5,52,14,8,33,1,36,38,17,36,29,50,35,101,73,0,12,109,0,4,91,77,15,75,11,66,6,23,23,19,0,11,0,67,31,8,138,22,21,7,2,45,23,10,0,41,16,5,0,4,21
"ENSG00000258815.1",0,1,0,0,0,0,4,0,0,19,0,11,10,60,32,0,0,14,0,0,0,1,0,10,2,0,0,1,0,43,3,0,7,0,23,0,3,0,45,30,2,0,0,0,0,0,0,4,3,0,0,52,0,25,0,0,0,18,6,0,0,43,0,1,0,0,0,0,0,0,22,0,0,0,0,0,0,0,9,9,6,1,0,0,0,0,0,3,0,0,0,34,0,0,0,0,0,35,9,0,0,0,0,0,0,0,1,0,81,27,0,0,0,0,0,4,0,7,5,28,7,5,1,0,0,0,0,0,0,32,2,0,32,0,0,1,0,0,3,0,0,8,43,0,0,28,17,0,0,2,1,0,0,18,0,0,3,0,3,1,1,0,0,0,0,3,5,0,0,19,0,9,12,97,0,0,0,13,0,16,0,0,0,0,14,0,1,0,0,29,0,0,0,4,4,2,0,0,0,0,0,0,0,25,0,26,0,0,0,5,0,0,10,64,13,0,0,0,7,89,2,15,0,0,0,0,0,54,0,0,0,0,0,0,0,1,1,0,0,6,0,1,0,0,0,27,12,0,0,0,0,0,0,24,0,0,0,0,0,3,33,4,20,13,0,0,0,0,21,0,1,0,28,0,7,0,13,0,0,22,39,1,10,0,0,0,0,0,0,0,0,0,0,9,0,52,86,0,0,0,0,0,37,3,7,0,0,0,26,2,0,0,21,0,0,6,40,3,0,5,4,0,0,0,0,0,0,0,1,3,70,0,1,0,74,0,0,0,0,0,0,5,0,0,30,20,0,0,0,0,0,19,0,105,2,0,0,0,0,0,3,0,5,0,0,0,0,27,0,0,0,11,4,3,36,0,15,3,0,22,1,4,0,0,0,1,0,17,0,0,0,0,1,0,0,0,0,71,0,1,0,0,0,0,23,0,9,29,0,0,1,5,0,0,0,0,4,0,2,0,0,0,0,2
"ENSG00000258837.1",7,0,0,2,96,0,14,5,0,1,0,0,2,29,0,0,2,6,0,0,0,0,9,4,0,0,0,3,2,7,26,58,1,1,0,0,13,1,0,0,0,27,1,0,1,1,0,0,0,0,0,100,0,2,0,4,0,0,10,0,0,0,0,0,0,4,1,0,66,3,2,32,4,0,0,0,149,44,1,75,3,12,1,0,0,0,3,0,0,0,1,2,40,0,0,0,0,0,0,7,0,0,1,0,0,0,1,0,18,2,3,1,0,28,2,0,5,0,0,11,0,4,0,1,28,0,0,0,1,5,0,0,2,0,0,0,0,0,2,1,0,7,177,2,2,16,224,2,1,1,0,2,1,1,0,0,0,14,0,0,0,0,23,10,0,24,2,6,3,603,0,0,0,22,0,0,1,1,0,1,0,0,1,0,0,0,0,0,7,1,0,2,1,2,0,0,0,0,0,0,0,47,1,26,0,0,0,26,40,0,0,19,81,0,6,4,0,0,4,53,0,0,0,0,0,0,0,285,1,0,0,0,6,0,0,3,0,0,0,0,0,53,0,0,2,0,0,0,2,0,0,1,1,16,0,0,0,0,0,125,8,246,26,42,0,13,10,0,2,0,17,0,0,0,2,0,7,0,0,86,0,17,0,0,0,0,0,0,1,12,0,2,2,2,0,14,222,0,14,0,0,0,12,0,37,0,0,0,0,0,0,1,0,1,0,4,36,0,0,3,1,4,0,6,3,0,0,0,0,0,1,1,17,1,0,0,0,10,0,1,0,0,6,0,0,8,0,1,2,0,1,0,1,2,1,0,2,2,0,2,0,0,1,4,0,0,0,1,0,7,1,1,22,1,2,0,0,0,0,1,0,0,0,0,2,0,16,4,2,24,6,0,0,3,0,0,0,12,0,2,0,0,0,0,196,0,5,17,0,0,2,0,1,0,2,1,1,0,1,0,0,0,1,0
"ENSG00000258910.3",198,0,13,0,12,4,0,0,2,311,2,0,1,1,207,0,5,0,0,2,1,0,105,0,0,0,0,0,9,0,3,0,0,0,0,0,0,0,0,0,0,50,14,1,0,0,55,0,0,0,0,4,0,11,0,0,0,0,0,0,0,13,0,0,0,49,0,0,1,3,10,9,0,2,0,0,22,34,1,22,0,0,45,165,0,63,3,0,3,30,0,0,2,0,0,0,3,0,5,0,0,0,170,0,4,65,0,0,100,114,0,0,0,0,13,0,0,0,0,1,0,0,0,0,23,0,0,0,1,161,0,0,2,0,49,0,0,0,0,0,0,26,42,1,68,50,0,9,19,387,0,1,0,0,4,0,0,0,3,2,1,22,0,1,4,1,23,6,0,0,0,0,0,15,1,0,3,0,45,0,0,20,1,0,0,0,0,0,0,1,0,0,213,0,0,0,1,0,0,39,1,0,2,78,0,0,0,49,0,0,20,0,21,2,0,88,0,0,4,0,0,0,0,3,0,0,0,34,0,0,1,18,0,4,0,0,0,0,0,0,23,1,1,12,25,33,3,65,20,0,18,0,0,39,0,0,0,104,0,22,0,0,61,1,0,41,46,0,2,1,0,0,0,0,0,0,52,0,49,1,0,30,0,1,0,1,1,13,0,1,3,0,0,0,6,14,1,0,0,90,0,75,220,1,0,1,0,0,0,0,0,5,0,277,3,18,1,2,6,17,0,157,0,0,0,0,2,0,0,0,0,5,0,0,1,0,1,0,91,1,0,0,3,45,0,0,6,128,0,0,0,59,0,0,0,0,0,113,1,0,38,0,0,18,0,1,30,0,0,19,0,0,8,0,2,0,1,0,0,0,0,0,0,0,0,0,0,130,0,0,15,0,1,0,1,0,9,0,0,0,18,0,51,0,0,0,0,1,0,0,0,0,0,0,0,0,0,52,1,4,0,0,0,1
"ENSG00000258927.2",0,0,0,0,0,1,0,0,0,0,0,0,1,10,10,0,0,0,0,0,0,0,9,0,5,0,0,8,0,26,2,0,15,2,2,0,13,0,0,2,0,0,4,0,0,0,0,0,0,0,0,31,0,11,0,2,0,0,36,1,0,0,0,6,0,0,2,0,0,0,66,0,0,0,0,0,1,0,2,1,51,33,0,0,45,0,0,3,0,0,0,51,0,8,0,0,0,27,3,0,0,0,0,0,0,0,0,1,276,4,0,1,0,21,20,0,0,4,0,14,0,30,0,1,0,2,0,3,0,0,0,0,7,0,0,0,0,0,0,6,0,0,14,0,0,29,0,0,3,0,0,0,0,1,0,0,0,0,18,25,8,0,0,0,0,6,44,0,0,1,1,6,0,53,0,0,0,6,0,0,0,0,0,2,0,0,5,1,0,19,0,20,0,85,0,1,0,0,0,0,1,0,0,7,0,0,0,0,0,21,0,2,5,4,4,0,0,0,53,5,0,13,1,0,0,0,0,71,0,0,0,2,0,0,0,26,0,0,0,0,7,1,0,0,0,1,0,0,0,2,0,0,0,0,0,0,2,0,0,0,5,20,1,1,1,0,0,0,19,0,7,0,9,1,0,0,5,0,0,0,7,3,3,0,1,0,0,0,0,0,0,0,0,0,0,9,23,0,0,0,0,0,0,0,3,0,0,0,1,2,3,0,0,2,0,35,35,1,0,0,0,0,0,0,3,2,0,0,0,0,70,0,2,0,83,0,0,45,0,0,0,0,1,0,46,17,0,0,6,0,0,1,1,46,0,0,0,0,1,0,0,0,0,0,3,0,0,0,0,0,0,0,0,4,25,2,110,0,0,1,2,12,27,0,0,0,0,1,2,0,8,0,0,0,0,3,17,1,0,0,1,0,1,0,9,1,2,1,0,0,0,0,0,0,2,0,8,1,0,0,0,0,0,0
"ENSG00000258932.5",0,0,0,0,0,0,1,0,0,0,0,2,0,22,18,0,0,39,0,0,0,0,44,1,3,0,0,0,0,64,0,10,9,14,0,0,15,0,0,1,0,0,0,6,0,0,0,1,0,0,0,0,0,0,0,0,0,5,1,0,0,14,0,1,4,0,1,1,0,0,38,0,8,1,0,0,0,0,8,48,8,0,0,0,16,0,0,1,0,0,0,16,18,3,0,0,0,31,13,0,0,0,0,0,0,7,0,0,30,6,0,0,0,0,0,11,0,1,55,4,3,0,0,0,2,0,0,1,0,40,5,0,9,0,0,0,0,0,24,5,0,0,24,0,0,0,0,0,0,0,0,0,0,37,0,0,0,0,15,27,0,0,0,1,0,3,11,0,0,25,3,7,1,24,0,11,0,6,0,9,0,0,1,0,7,0,9,0,2,9,0,3,0,10,0,0,0,0,0,1,5,0,0,62,0,6,0,1,0,2,0,0,1,20,18,0,0,0,40,23,0,4,0,0,0,0,1,30,0,0,0,1,0,0,0,2,0,3,10,5,0,7,0,0,0,0,9,0,1,0,0,0,0,0,0,0,0,0,1,0,13,0,0,66,0,0,0,0,0,0,0,0,13,0,0,0,7,0,0,3,24,6,9,0,0,0,0,0,0,0,0,0,0,3,0,35,96,0,0,0,0,0,27,0,0,0,0,0,4,1,5,0,2,0,0,0,9,0,0,12,0,0,0,0,0,0,0,0,0,0,29,0,0,0,0,0,0,0,0,0,0,2,3,0,11,12,7,0,2,0,0,95,0,7,0,0,0,0,5,0,13,7,0,1,0,0,0,7,0,1,0,4,0,0,35,0,12,0,0,26,13,1,8,0,0,0,1,16,1,0,0,0,0,0,0,0,2,5,0,0,0,0,5,0,17,0,3,23,0,0,1,5,0,0,19,0,1,0,2,0,0,0,0,0
"ENSG00000258955.2",2,0,5,11,2,0,0,0,0,1,0,0,0,49,1,0,1,2,0,1,2,0,4,1,0,0,0,0,0,15,0,33,22,1,2,4,1,2,0,0,0,8,1,1,1,1,3,4,0,0,2,4,0,1,0,2,2,0,0,0,0,5,1,0,1,0,1,0,0,1,1,18,2,0,0,0,6,0,0,70,5,7,11,4,1,1,6,2,2,0,11,8,0,0,0,0,2,1,1,6,6,1,5,0,4,0,1,0,2,0,0,2,1,6,1,0,0,0,0,7,4,3,1,3,20,0,0,0,0,11,0,0,27,4,1,0,0,0,0,0,0,2,35,0,0,5,5,0,5,0,0,0,0,15,2,1,2,2,1,4,1,0,46,0,1,0,2,2,0,2,2,4,3,0,1,0,11,0,13,10,1,1,1,2,0,1,1,0,0,1,0,5,3,12,2,0,2,1,0,2,0,1,1,1,0,0,3,0,12,0,2,4,0,0,2,1,4,0,7,2,0,13,0,0,1,0,0,62,22,3,0,3,14,2,0,18,0,0,10,0,2,14,0,0,0,1,0,0,1,0,1,0,0,4,0,0,0,0,0,0,10,1,5,0,0,0,7,0,2,0,7,0,3,0,1,0,3,0,1,2,0,1,0,0,0,2,2,2,0,9,4,2,0,3,7,3,8,0,4,7,0,0,0,1,0,0,0,0,2,0,0,0,0,13,3,7,1,13,1,10,0,8,0,0,26,1,0,0,0,0,0,1,12,1,1,1,0,8,0,0,0,9,5,2,2,1,0,0,3,0,0,9,1,0,0,0,0,1,2,3,1,0,2,0,4,1,4,1,0,5,1,1,1,0,13,0,0,0,1,0,1,4,0,0,1,3,4,1,7,2,2,0,0,0,0,0,4,1,1,0,1,0,0,0,123,0,32,3,0,2,10,0,0,0,2,0,2,310,0,2,0,0,18,1
"ENSG00000258969.2",0,0,0,0,0,0,1,0,0,0,0,0,0,8,1,0,0,0,0,0,0,0,0,0,49,5,0,7,0,0,0,0,30,20,0,0,0,0,0,0,0,0,0,0,0,0,0,8,0,0,0,42,0,2,0,0,0,0,0,0,0,2,0,26,0,0,24,0,0,0,33,0,10,0,0,0,0,0,0,0,3,23,0,0,3,0,1,5,0,0,0,35,1,0,0,0,0,5,0,0,0,0,0,0,0,0,0,0,33,3,0,0,0,20,0,0,0,0,0,0,0,0,0,0,0,0,2,1,0,0,3,0,0,0,0,0,0,0,11,5,0,0,0,0,0,0,0,0,1,0,0,0,0,0,0,0,0,0,0,73,23,0,1,0,0,18,5,1,0,123,0,0,0,0,0,0,0,0,0,0,0,1,11,0,16,0,0,0,0,42,0,0,0,3,18,0,0,0,0,0,0,0,0,3,0,14,0,0,10,0,0,0,0,0,14,0,0,7,49,22,0,11,0,0,0,0,0,3,0,0,0,0,0,0,0,1,0,0,39,0,0,0,0,0,0,0,13,0,0,0,0,0,0,0,0,0,0,0,0,5,15,45,0,72,0,0,0,0,52,0,0,0,26,0,0,0,1,0,0,0,11,8,20,0,0,0,0,0,0,0,1,0,0,0,0,20,2,0,7,0,0,0,0,0,0,0,0,1,0,31,0,1,1,0,0,2,25,0,0,0,0,5,0,0,3,0,0,0,0,0,102,0,13,1,0,0,0,0,0,0,0,0,0,0,48,23,0,0,0,0,0,0,0,36,0,0,1,0,2,0,0,0,0,0,0,0,0,0,0,0,0,0,0,0,60,1,2,0,0,16,23,28,22,0,0,0,1,0,0,0,0,0,0,0,0,5,44,24,0,0,0,0,0,0,9,0,0,0,9,0,0,3,0,0,13,0,44,0,0,0,0,0,0,0
"ENSG00000258976.1",6,0,2,1,9,3,3,0,0,2,0,0,0,4,2,0,16,0,1,1,3,0,1,1,1,24,2,6,8,0,13,0,5,3,0,0,5,1,0,1,0,0,75,0,0,1,0,0,0,2,0,1,0,0,0,2,0,14,0,0,3,1,0,0,0,85,0,0,0,1,7,2,4,0,0,0,14,0,1,9,2,9,1,2,1,6,0,0,2,0,16,0,22,0,0,0,3,1,11,0,0,0,2,0,2,2,2,0,4,112,2,2,1,0,9,0,38,1,9,5,1,2,0,0,2,1,0,2,1,8,1,1,1,2,1,0,1,0,4,1,0,10,2,1,0,8,1,0,11,0,0,0,0,0,0,1,1,2,1,0,0,0,1,9,4,0,15,9,5,3,0,0,3,0,0,0,0,1,5,4,0,4,5,2,1,0,0,0,1,0,0,5,8,0,1,1,0,2,0,8,0,0,5,2,0,0,0,0,0,0,0,0,11,2,5,8,0,0,1,1,0,0,5,1,0,0,1,0,0,0,4,1,1,0,0,1,0,0,0,4,2,4,1,0,8,5,1,0,0,0,1,1,0,13,0,0,1,10,0,0,1,0,8,54,1,1,3,0,0,1,2,0,0,1,2,3,2,0,3,3,3,1,0,0,0,0,0,1,12,1,2,0,8,2,0,5,2,0,0,102,6,2,14,0,1,1,1,2,0,7,2,5,0,9,0,0,2,22,0,0,69,2,0,2,3,0,0,0,0,0,2,1,0,1,1,0,0,14,0,0,0,1,4,0,0,3,0,1,1,0,1,0,0,9,1,1,28,10,11,0,0,0,1,11,17,0,0,7,0,2,0,1,2,0,5,0,0,0,0,1,0,5,0,0,0,0,3,1,4,3,2,2,1,5,1,7,4,13,2,0,0,0,4,0,4,1,0,6,0,0,3,0,1,0,0,3,4,3,4,3,0,1,9,0
"ENSG00000259126.1",0,0,3,0,0,0,0,0,0,0,0,0,4,1,0,0,0,3,1,0,0,0,0,2,9,0,0,0,0,0,0,0,3,5,0,0,0,0,0,0,0,0,0,0,1,0,0,0,0,1,0,0,1,0,0,0,0,0,25,0,0,4,0,1,0,0,3,0,0,12,16,0,0,0,0,0,0,0,1,1,0,6,0,0,1,0,1,1,0,1,0,6,0,0,0,0,0,0,2,1,0,0,0,0,0,0,4,1,6,0,5,0,0,2,0,1,0,0,0,0,0,0,2,0,0,0,0,1,0,0,0,0,0,1,3,0,0,0,18,1,0,0,3,1,0,0,0,0,0,0,0,1,6,1,0,0,0,1,0,27,0,0,0,1,0,1,52,2,6,8,3,0,0,0,1,0,12,1,4,0,0,0,4,2,5,0,0,0,0,5,0,0,0,1,0,0,0,0,0,0,0,0,0,0,0,4,0,0,0,0,0,0,1,0,1,0,1,0,7,1,0,3,1,0,0,0,0,15,0,0,0,0,1,2,3,1,0,0,0,2,0,5,1,0,1,2,1,2,1,1,0,1,0,1,1,0,0,0,0,2,1,4,4,4,0,10,3,0,0,0,1,0,4,0,3,0,2,0,7,0,7,1,3,0,0,1,0,0,0,0,1,0,0,0,0,12,0,2,0,0,0,1,0,0,5,0,0,0,0,7,2,0,2,1,4,16,4,0,0,1,0,0,1,10,0,0,0,0,0,0,17,0,0,1,0,0,1,0,0,0,1,0,0,0,6,3,0,0,0,0,0,0,0,4,6,0,0,0,2,0,0,0,0,0,0,0,3,1,17,0,10,1,0,3,2,0,0,0,0,5,0,3,2,0,0,0,0,3,4,0,1,0,0,0,1,0,4,0,1,0,0,0,0,1,0,0,0,1,0,0,0,0,1,0,2,1,6,0,1,0,0,0,0,0
"ENSG00000259129.6",0,0,0,0,0,0,0,0,1,0,0,0,0,573,179,1,0,144,0,1,0,0,17,1,33,32,0,5,55,229,0,18,144,0,101,0,0,0,0,0,0,0,0,0,2,0,0,3,0,0,0,1,0,22,0,0,1,0,2,0,1,86,6,19,0,0,0,0,0,0,1104,1,0,0,0,0,0,0,78,145,64,3,0,0,18,0,0,1,0,0,0,125,65,0,0,0,0,84,77,24,1,4,0,0,0,0,1,1,327,2,2,0,1,3,0,4,1,1,55,112,0,24,0,0,2,0,0,0,0,104,4,0,41,0,0,1,0,1,19,0,0,1,214,0,0,3,1,0,0,0,0,1,0,192,0,0,16,0,69,5,0,0,0,0,0,31,58,0,0,20,0,3,0,1261,0,0,29,174,0,66,0,0,0,0,0,0,45,0,0,53,0,93,0,207,5,3,0,0,0,0,0,0,0,439,0,76,0,0,0,0,1,0,14,105,144,42,0,0,126,0,0,54,0,0,0,0,0,212,0,0,0,1,0,1,0,7,0,0,0,26,0,0,0,0,1,89,47,0,0,0,8,3,0,1,0,0,0,0,208,179,85,12,0,215,0,0,3,0,272,0,9,1,233,0,0,0,185,2,0,3,208,29,3,0,0,0,3,0,0,0,5,0,0,0,0,212,4,0,0,4,0,0,257,0,34,0,0,3,50,1,0,0,1,0,0,0,146,0,0,53,0,0,0,0,1,0,1,0,3,0,113,0,0,0,65,1,0,0,0,0,1,2,0,0,164,40,56,0,64,2,0,2,0,259,0,1,0,2,0,0,9,0,0,3,0,0,3,215,0,1,0,117,6,38,289,0,16,0,0,193,8,6,0,0,0,0,0,79,6,0,0,0,0,0,0,0,14,190,12,2,5,1,0,0,0,9,3,111,5,0,7,25,0,0,0,0,13,76,1,0,0,0,0,0
"ENSG00000259153.2",9,7,25,5,13,15,118,6,19,205,38,47,127,228,68,9,3,76,50,14,12,4,10,22,30,36,30,63,17,116,39,46,31,18,38,48,41,7,49,30,15,28,33,49,10,44,21,50,11,8,14,56,19,66,49,41,12,29,203,12,20,99,20,24,12,16,6,18,50,82,156,25,6,5,14,6,78,27,163,16,75,25,78,43,39,5,15,42,15,14,45,62,10,72,16,4,91,65,104,61,17,9,60,14,14,24,33,10,279,53,29,14,11,48,2,24,58,9,42,211,13,87,13,71,24,5,2,25,22,83,15,5,126,17,25,2,5,7,37,3,4,30,49,11,15,23,48,9,27,7,5,3,68,80,21,12,15,24,32,60,5,16,18,21,41,14,42,54,53,56,42,21,37,117,23,9,15,77,86,28,4,28,21,31,17,22,29,4,86,77,16,143,14,64,42,45,18,121,27,31,17,102,32,223,8,44,14,48,36,34,9,31,107,15,50,58,14,15,9,146,8,32,62,6,7,3,42,106,1,21,76,14,34,31,22,54,10,49,12,70,9,14,19,2,26,70,47,43,9,26,9,24,10,34,3,13,14,3,31,80,77,23,50,123,6,19,26,4,182,5,46,5,83,5,12,36,107,4,18,44,29,52,22,5,7,61,2,4,64,12,19,4,6,54,52,60,91,34,64,90,35,10,523,8,56,7,11,16,28,40,65,55,50,5,17,175,110,50,29,43,31,8,7,29,32,35,11,37,57,8,86,12,8,58,26,5,48,55,22,47,9,44,11,18,69,18,10,16,119,6,3,132,14,126,7,13,51,14,44,11,34,24,28,48,19,4,8,90,31,17,10,49,24,62,290,11,48,10,5,97,21,26,69,13,7,12,36,15,27,4,85,9,7,30,13,10,48,228,22,5,13,55,4,7,134,24,42,54,26,30,6,21,11,7,24,1,26,214,69,7,4,5,209,12
"ENSG00000259230.1",0,0,2,1,7,6,2,0,1,1,0,77,2,4,2,1,1,0,0,0,51,0,1,3,1,10,2,2,6,4,4,4,0,0,4,3,1,13,13,3,0,2,1,1,1,24,27,1,0,0,0,8,0,6,4,3,2,5,10,22,1,32,0,3,0,2,0,0,3,7,0,0,0,0,1,0,11,0,48,35,65,53,36,23,2,4,0,1,3,0,12,1,0,112,2,0,5,0,6,18,0,1,3,0,30,1,51,0,142,159,55,2,0,1,0,0,21,26,206,7,0,0,0,1,2,0,0,2,5,1,0,0,5,1,63,1,74,0,94,0,0,14,46,1,2,8,2,3,8,1,1,0,7,20,9,0,0,0,2,2,0,24,53,11,1,18,2,19,10,1,3,2,1,0,4,0,1,5,6,0,0,1,2,6,0,0,0,6,20,79,0,2,10,7,3,117,1,2,7,6,2,3,5,1,0,0,0,17,1,0,1,51,4,0,9,1,0,2,2,1,0,0,0,0,0,0,0,1,3,2,4,1,13,0,0,0,0,0,1,2,19,1,1,0,8,62,2,6,24,2,0,0,0,0,0,0,0,2,0,10,5,0,60,16,0,3,2,0,8,0,4,0,18,0,1,51,19,0,1,21,9,2,0,1,1,1,1,2,7,38,0,0,0,0,17,41,1,0,0,0,3,3,26,1,40,0,1,0,113,32,0,8,0,9,0,0,19,9,2,1,144,3,0,58,39,9,2,0,0,0,0,3,1,0,2,0,3,0,0,2,1,0,0,2,3,0,1,1,40,0,0,33,0,46,0,3,1,0,8,2,10,1,1,108,1,1,0,28,2,0,0,2,2,10,30,0,5,0,0,3,1,1,2,0,1,7,94,4,0,81,4,2,3,84,6,42,5,38,0,0,0,13,11,0,3,5,33,6,1,1,0,1,0,0,0,0,19,2,62,1,0,0,1,4
"ENSG00000259235.2",1,0,55,1,0,0,0,0,0,0,0,0,1,0,0,0,0,0,29,2,0,0,0,0,0,0,0,0,0,0,7,0,0,5,0,4,3,1,0,0,0,0,0,1,0,0,0,0,0,0,0,2,1,0,2,0,15,0,0,0,1,1,2,0,0,0,0,6,0,0,0,0,0,0,0,0,0,0,0,0,1,0,0,0,0,0,0,5,9,0,0,4,0,0,0,0,6,0,1,0,0,0,0,0,0,1,0,0,2,0,0,0,0,0,0,1,2,0,0,2,3,20,0,0,0,0,0,0,0,0,0,0,0,0,0,0,0,0,0,0,1,0,0,0,0,0,8,0,0,0,0,0,0,0,0,15,0,0,8,3,0,0,1,0,0,0,0,0,0,0,0,0,8,0,0,0,0,0,0,0,1,0,11,0,7,0,0,0,0,0,0,0,1,0,0,0,0,0,0,0,0,0,0,0,0,0,0,0,0,0,0,0,0,0,0,0,2,10,11,0,0,0,0,0,0,0,14,0,0,1,0,0,0,2,13,0,0,2,0,0,0,0,18,0,1,0,0,0,1,6,2,0,0,0,0,0,0,0,0,0,1,0,0,0,0,0,0,0,1,0,0,0,1,0,0,0,0,0,0,0,1,0,0,0,0,0,0,0,0,1,0,0,0,0,3,0,0,5,0,0,0,0,4,0,0,0,0,0,0,2,3,0,0,0,1,0,0,0,1,1,0,0,0,0,0,0,1,28,1,0,0,0,0,0,0,0,8,2,0,14,0,1,0,0,0,0,0,0,0,0,0,2,0,0,0,0,0,1,0,4,0,0,14,0,1,0,0,0,0,0,0,14,0,0,0,0,2,3,1,0,0,0,0,0,0,0,0,0,0,1,0,2,0,0,1,0,32,2,5,0,0,5,1,0,0,0,2,0,0,2,0,0,0,0,0,0,0,1,1,0,0,0,17,0
"ENSG00000259251.2",9,0,21,1,3,3,1,3,1,27,0,4,7,17,8,1,0,7,2,0,0,3,2,7,4,2,3,2,0,6,2,2,6,0,8,1,22,0,12,4,3,6,7,1,0,8,1,4,0,4,3,4,0,1,1,8,4,2,7,0,2,5,4,2,3,0,0,6,2,3,13,7,1,0,1,1,12,1,2,3,14,5,9,0,8,1,3,0,3,0,1,1,0,2,1,0,4,6,5,3,3,3,33,0,2,5,26,1,7,3,2,5,4,3,2,1,7,0,7,3,3,3,0,10,1,2,0,0,5,56,1,0,8,0,3,0,2,0,14,0,0,13,4,1,2,3,18,0,0,7,0,1,14,11,1,2,2,3,5,5,4,8,4,2,3,2,3,10,6,3,2,4,6,13,4,0,13,6,31,1,0,4,1,6,0,2,11,4,2,3,0,1,13,3,6,5,0,3,4,10,1,1,5,14,1,12,3,6,2,1,0,5,14,6,4,7,5,8,1,15,0,4,0,0,2,0,3,5,3,1,1,3,0,2,1,4,1,3,0,10,4,1,5,3,19,4,2,3,4,9,2,4,0,2,0,0,0,0,0,4,4,2,18,4,3,3,4,0,4,0,3,1,5,0,9,3,1,0,1,8,3,8,8,1,3,4,0,3,8,1,2,0,1,22,10,11,20,2,0,25,6,1,14,0,5,1,1,2,2,4,0,8,3,6,5,4,5,16,5,1,3,11,0,2,1,8,0,6,0,0,2,2,0,2,6,0,12,10,0,2,2,6,3,1,4,1,5,0,7,0,0,8,1,3,1,3,4,15,2,1,12,0,2,4,11,1,1,3,2,1,1,6,2,8,15,1,7,0,1,3,3,1,3,0,1,1,1,5,10,8,5,2,0,2,0,2,0,0,4,0,1,4,0,0,2,2,4,22,1,4,3,0,1,0,1,0,3,0,4,0,1,0,0,1
"ENSG00000259342.1",12,0,0,1,35,0,1,1,0,5,0,0,1,26,2,2,0,15,5,0,0,1,0,0,5,0,0,3,0,22,1,5,1,0,0,3,3,0,0,0,0,2,3,0,1,0,0,9,1,1,0,12,0,1,0,10,0,1,7,0,0,11,0,1,0,0,0,1,3,0,31,2,1,0,1,0,122,1,1,1,0,3,2,0,5,1,1,0,8,0,4,8,0,5,0,0,0,0,0,6,7,1,32,1,1,0,19,1,77,0,5,3,3,3,36,0,9,0,19,1,0,1,0,1,0,0,1,1,3,3,1,1,24,5,3,0,0,0,0,18,0,92,28,0,2,4,1,10,4,2,2,2,0,2,1,7,2,4,0,2,0,0,0,2,56,2,27,53,0,111,3,5,1,0,0,0,4,12,64,0,0,0,0,14,2,0,4,26,1,10,0,2,0,0,14,1,0,1,1,1,0,0,6,0,1,0,0,63,1,0,0,2,16,3,11,4,0,0,3,4,0,0,0,1,0,4,0,2,0,0,0,0,1,1,0,0,0,0,0,0,14,2,0,0,39,0,1,1,1,0,0,0,0,15,0,0,0,3,0,38,0,7,241,33,0,1,34,0,5,0,3,0,0,1,2,0,6,0,0,0,0,0,0,1,18,1,0,1,0,1,5,6,9,0,0,14,55,2,0,2,7,0,6,0,0,0,1,0,0,1,0,19,0,2,0,24,0,3,2,1,5,16,0,3,3,0,2,0,0,0,0,0,0,2,2,1,0,8,0,0,1,0,2,0,2,0,0,1,2,0,5,6,0,0,1,0,1,5,0,5,1,0,0,1,19,0,0,4,1,0,2,1,2,3,2,1,1,7,0,16,0,0,1,0,2,6,0,8,0,1,221,0,0,9,0,5,8,2,7,0,0,0,0,0,4,0,1,11,0,2,0,1,0,0,0,31,3,0,0,1,0,0,1,3
"ENSG00000259349.2",8,0,9,4,7,5,3,2,5,9,1,17,9,31,19,2,5,11,7,17,3,1,4,2,21,3,10,2,3,9,13,5,12,5,2,2,9,4,16,29,1,13,8,6,3,3,2,1,0,4,1,7,1,19,13,14,1,20,4,1,8,7,23,8,0,18,3,11,7,6,28,4,0,2,2,1,28,0,4,8,9,17,6,6,8,6,3,4,13,2,13,16,2,18,0,0,9,4,15,7,2,6,5,5,6,16,10,1,26,4,6,5,4,2,12,6,29,7,17,66,4,10,3,27,5,0,2,18,5,32,4,2,20,0,7,1,3,2,14,4,2,15,7,2,7,7,13,6,12,12,0,2,4,16,2,20,4,4,12,0,5,1,3,6,11,4,7,22,9,18,5,7,20,10,0,2,5,32,18,7,0,7,6,9,18,4,7,2,18,7,10,9,3,18,1,7,5,12,1,6,5,8,9,20,0,30,1,3,4,3,4,5,6,1,3,13,3,5,6,16,0,4,5,1,1,0,15,15,0,9,1,8,10,7,6,11,1,9,3,9,4,9,8,2,18,37,4,5,12,42,0,0,0,17,0,1,3,1,17,7,25,18,13,19,0,3,12,2,15,0,0,1,24,1,5,22,8,0,6,14,10,4,4,0,14,5,0,1,10,7,3,2,2,41,1,16,7,3,14,12,6,1,22,3,6,1,7,8,17,21,12,20,9,4,7,9,18,12,4,4,15,30,4,20,4,19,0,14,0,0,9,1,5,6,25,1,21,17,10,1,1,17,3,11,5,1,0,2,8,0,0,21,4,18,0,1,10,38,27,7,12,4,11,15,19,9,6,7,3,1,2,21,1,16,54,2,3,2,3,12,1,1,9,3,3,4,9,11,4,3,14,1,0,12,4,2,12,16,12,0,1,8,5,4,8,6,5,4,2,2,5,6,6,4,2,2,6,27,24,2,2,5,18,2
"ENSG00000259436.1",10,2,18,7,380,2,2,84,4,4,0,0,10,19,1851,11,39,93,5,258,26,6,245,76,0,1,1,9,15,6,1523,57,138,5,26,25,6,9,0,0,14,10,8,3,15,14,30,16,3,3,7,10,12,12,4,1,2,7,7,3,1,15,0,7,2,13,8,1,7,84,20,10,8,1,0,7,7,55,6,33,2,10,169,9,195,40,4,1,45,5,44,8,2,10,2,4,7,5,6,45,7,4,116,3,3,1,139,17,3203,15,7,55,5,4,3,0,70,5,12,7,2,6,11,4,9,7,10,1,3,891,3,9,583,5,5,5,0,9,178,1,1,311,58,7,29,9,9,35,8,6,2,17,4,49,2,15,2,119,1,52,23,0,48,30,78,12,15,868,10,54,44,2,4,3,10,16,10,3,12,8,2,157,8,0,1,3,9,11,22,23,5,44,444,60,14,550,7,6,0,703,3,1,46,6,9,4,31,133,11,0,17,123,49,3,13,17,2,2,23,3,4,2,10,24,6,6,2,4,4,0,1109,2,18,7,1,10,6,7,6,10,130,4,3,1,21,10,1,7,5,6,9,10,4,25,11,16,12,293,3,2,12,6,34,131,5,32,375,5,37,8,12,8,18,2,6,5,23,4,1,48,2,3,4,5,2,7,6,27,62,9,23,9,1388,2,12,4,71,2,70,34,83,51,42,20,6,3,3,6,5,2,2,3801,0,11,9,6,12,160,20,13,6,4,3,65,5,88,14,1,3,2,6,24,6,127,0,4,2,4,5,0,4,7,0,88,241,1,1,82,38,10,4,2271,13,5,0,6,114,19,50,24,5,16,2,417,4,1,7,4,5,5,6,1,4,5,45,7,2,12,91,12,2,12,1,3,6,5,31,26,1,19,18,4,5,7,37,3,4,3,60,1,4,750,26,0,20,18,5,16,15,7,5,4,1,0,1,2,22,29,10,183,10,103,4,7
"ENSG00000259439.2",159,0,0,13,30,1,4,0,0,0,0,205,0,0,110,2,9,0,0,4,0,0,1,0,0,465,0,13,70,0,1,60,0,0,44,1,0,0,314,363,0,11,329,1,0,0,1,2,0,0,0,7,0,6,0,0,1,368,0,6,0,66,0,0,0,1,0,0,3,8,6,4,15,0,1,0,465,26,2,266,0,3,15,3,0,0,0,0,4,0,16,0,25,50,0,0,0,0,61,82,0,0,238,0,2,0,0,0,98,400,1,0,6,0,54,8,2,7,31,1,0,4,0,0,0,0,0,0,2,542,6,0,2,1,0,0,0,0,0,0,1,211,0,0,5,210,0,3,2,41,0,1,6,0,1,0,0,34,0,0,0,2,6,280,19,1,6,282,6,532,71,2,0,3,2,0,12,0,0,1,0,0,91,0,0,0,0,0,382,0,0,1,2,3,1,5,0,4,0,31,0,1,3,9,0,1,0,1,0,0,1,1,160,219,68,3,2,0,1,7,0,0,2,7,0,0,0,2,36,1,175,60,6,0,0,0,0,0,0,4,4,0,0,1,104,224,0,0,19,1,27,0,0,0,0,0,0,0,0,27,1,0,47,1,0,11,32,0,0,0,1,0,0,0,1,5,35,0,0,128,3,5,0,0,1,0,0,1,37,6,0,2,6,0,2,7,16,0,0,5,0,2,3,0,91,0,0,63,0,1,0,136,0,23,0,0,1,410,0,0,314,0,0,3,71,0,0,0,0,0,0,14,0,9,2,0,0,26,1,4,0,0,44,135,3,0,0,2,5,0,0,30,0,416,0,0,4,249,50,0,359,4,0,233,217,0,433,0,0,1,0,32,92,0,3,0,0,1,0,0,0,0,1,0,0,1,284,65,46,2,3,0,0,6,7,29,0,11,130,0,0,1,0,0,0,0,0,376,0,12,0,0,0,1,0,0,0,33,68,0,0,0,0,0
"ENSG00000259457.1",0,0,0,0,0,0,0,13,0,1,0,0,0,2,0,1,0,2,0,0,1,0,58,1,8,3,0,23,1,2,3,0,0,9,11,2,2,2,0,0,0,0,0,0,0,8,3,0,1,5,0,64,1,0,0,1,1,0,0,6,0,6,0,2,7,0,7,1,4,81,0,1,1,0,0,0,6,0,0,3,1,7,1,0,2,6,0,0,0,0,2,3,0,0,0,0,0,15,0,1,0,0,0,1,0,3,1,0,1,0,0,0,1,1,0,1,0,0,9,0,0,1,2,0,1,4,0,0,3,2,0,0,0,0,1,0,3,0,0,2,0,0,1,1,1,3,3,0,1,0,0,2,2,0,0,0,1,1,0,3,0,0,1,2,0,5,6,0,5,8,0,0,3,1,0,1,0,0,0,2,0,10,0,3,0,0,7,1,0,8,1,0,0,4,2,0,3,0,2,32,1,5,3,9,1,0,1,19,0,6,4,0,0,0,0,0,0,0,0,0,0,0,0,3,0,0,0,15,0,0,0,8,0,0,0,12,0,0,3,0,28,1,0,55,3,0,0,1,0,0,0,0,0,1,1,8,1,0,0,75,8,12,0,0,0,1,0,0,9,0,2,1,0,0,5,0,0,0,0,0,7,0,0,0,9,0,0,0,0,0,0,2,0,0,0,0,3,0,7,0,6,0,2,0,0,0,0,2,0,0,6,0,0,8,44,24,0,0,5,0,0,1,0,5,3,4,0,0,0,0,0,0,3,2,16,1,0,0,0,0,1,0,2,1,3,1,0,8,0,0,0,2,0,0,0,0,0,0,0,0,3,0,0,0,0,0,4,0,0,0,2,0,11,0,12,1,0,2,8,4,0,16,3,0,0,0,0,1,0,36,2,0,0,0,0,0,5,0,0,0,0,0,48,0,0,0,1,1,0,0,1,3,1,0,2,7,0,0,0,1,1,5,0,0
"ENSG00000259459.6",3,1,6,0,4,13,1,0,3,0,0,0,1,3,18,1,1,0,0,11,0,0,8,0,0,1,0,0,0,3,0,1,2,14,1,4,2,1,0,0,0,0,0,0,0,0,1,0,2,1,0,7,2,1,0,0,0,1,0,0,0,0,1,0,0,5,0,0,0,0,1,0,0,0,0,0,2,0,1,1,0,1,11,0,0,15,0,0,6,0,1,6,0,8,1,0,0,0,0,90,2,2,1,1,0,1,75,0,3,1,43,0,3,0,0,1,8,0,1,2,0,0,0,0,0,1,2,1,35,1,1,0,2,0,0,0,0,0,1,0,0,8,6,1,0,8,0,11,1,2,1,0,0,1,1,0,0,1,0,1,1,0,2,18,19,0,7,1,0,0,0,2,0,2,0,0,0,0,20,0,0,3,0,0,0,1,6,0,0,0,0,3,0,1,4,1,0,1,1,2,0,1,10,11,0,0,0,1,1,0,0,1,1,1,5,25,0,0,0,1,0,2,4,2,0,0,0,1,0,0,0,0,1,1,0,7,0,0,0,4,4,1,0,1,12,0,0,0,3,1,0,0,0,0,0,0,0,0,2,13,0,0,0,2,0,2,0,0,11,1,0,0,17,0,0,0,0,0,0,0,1,0,0,1,0,0,1,0,0,2,1,1,4,0,1,2,4,0,0,1,0,14,3,0,0,0,0,0,1,4,0,5,0,1,2,17,0,4,3,0,2,4,1,3,0,0,0,0,0,0,0,0,0,1,0,0,0,1,0,2,0,0,1,0,0,1,0,11,0,0,0,7,0,8,0,0,2,0,0,2,8,3,3,11,11,2,0,2,0,0,0,0,0,0,0,2,3,1,0,0,2,1,7,0,0,0,1,5,0,0,26,0,0,21,21,0,0,0,35,2,0,0,1,0,8,2,8,1,0,5,3,0,1,0,0,0,2,21,1,2,0,0,1,1
"ENSG00000259485.2",6,0,5,1,0,0,0,0,0,0,0,1,0,0,141,1,0,2,0,1,0,0,1,1,0,0,0,9,38,3,63,93,0,0,46,0,2,0,0,0,0,0,0,8,2,0,2,63,0,0,1,21,0,18,0,1,0,0,2,0,0,1,0,0,1,0,0,0,0,1,0,0,1,0,1,0,0,32,4,46,6,16,1,2,9,0,0,0,1,0,0,99,6,0,1,0,0,3,0,1,1,0,1,0,0,1,1,0,210,0,0,0,1,79,0,2,0,0,178,0,0,99,0,2,1,0,0,0,0,259,0,0,0,0,0,0,1,0,0,1,1,1,249,0,1,0,3,0,1,1,0,0,0,15,0,0,0,0,2,144,3,0,0,0,79,0,0,6,2,60,218,4,0,370,0,0,0,0,0,0,0,5,1,0,0,0,6,1,0,109,2,1,0,202,0,0,0,0,0,0,0,0,0,44,0,123,0,1,0,0,0,0,4,1,35,0,0,0,17,0,0,7,0,0,1,0,0,3,0,0,1,0,0,0,1,1,0,0,0,2,2,0,0,0,0,25,1,1,0,0,0,0,0,33,0,0,0,0,0,25,1,0,1,2,1,0,0,0,9,0,0,1,267,0,1,2,483,0,0,0,50,1,205,2,0,0,0,0,0,1,1,0,0,0,1,0,53,1,1,2,0,0,5,0,3,0,0,0,31,1,0,0,0,0,0,1,1,1,0,73,0,0,0,0,2,1,2,1,0,0,4,0,3,0,190,0,1,0,0,1,0,0,4,0,113,1,2,0,66,1,0,2,0,55,0,0,0,4,0,0,10,0,1,168,0,0,8,1,1,13,0,0,1,0,4,1,3,0,3,2,0,41,0,2,2,0,1,5,0,0,1,1,0,0,0,1,1,0,1,1,0,0,2,0,0,1,31,0,0,0,0,1,0,0,0,0,1,9,1,2,0,0,12,0
"ENSG00000259488.2",4,0,44,1,0,6,2,1,3,7,4,10,17,22,11,1,5,5,36,5,2,0,1,2,7,0,6,6,1,12,12,0,9,8,3,13,6,1,4,13,0,3,9,21,3,2,4,2,0,0,0,4,1,15,17,11,9,0,11,1,1,4,19,5,5,4,6,16,9,5,26,3,1,0,3,0,17,2,17,11,2,16,4,2,21,2,1,2,8,0,6,6,5,0,0,0,24,6,7,4,2,3,2,4,2,14,6,0,49,15,2,9,3,1,3,5,24,2,7,7,3,13,3,6,1,0,1,7,10,5,4,2,11,1,0,1,1,1,9,3,0,26,8,1,8,6,7,10,2,4,2,4,14,7,3,15,8,7,12,5,4,0,6,7,2,7,18,6,3,7,2,3,15,86,0,0,5,4,23,3,0,0,50,13,10,1,8,0,0,3,5,9,7,13,2,3,0,2,1,4,0,16,10,24,3,6,2,18,4,8,1,7,2,0,14,7,1,2,10,11,1,2,3,0,1,0,17,15,0,15,7,7,2,12,12,5,1,13,2,2,2,1,10,1,25,6,1,1,13,28,4,1,0,9,2,5,0,3,4,11,21,3,9,7,0,5,3,0,34,1,4,2,5,1,6,7,3,0,5,3,4,2,10,0,5,5,0,0,1,3,0,0,0,3,13,15,12,10,3,5,14,1,27,1,5,0,0,5,4,18,20,11,13,3,2,17,8,29,3,6,5,17,1,15,2,23,0,35,0,1,6,5,0,6,10,0,17,2,0,7,0,12,4,6,3,1,2,2,4,1,0,7,8,7,1,3,8,24,5,3,1,2,12,5,1,6,1,8,7,3,1,28,0,4,26,5,5,0,4,3,0,4,7,0,1,0,17,3,1,2,5,14,0,12,1,1,21,15,29,0,5,5,3,3,6,9,1,1,0,3,6,3,2,2,2,0,2,16,2,0,4,4,12,0
"ENSG00000259503.1",0,0,0,0,0,1,3,0,0,0,8,0,6,0,0,0,0,0,0,0,3,0,0,0,0,0,0,0,0,0,3,0,9,4,1,0,0,0,0,2,0,0,0,0,0,3,0,0,0,0,1,1,0,2,0,1,0,0,1,0,0,6,1,0,0,4,0,0,1,0,0,0,0,0,3,1,1,2,5,1,0,15,0,1,0,0,0,0,0,6,3,39,0,0,0,0,0,0,5,0,1,0,1,0,0,0,5,0,1,4,1,0,0,0,0,0,7,0,2,4,0,6,1,8,1,0,1,1,13,0,0,0,2,0,0,0,2,0,1,0,0,0,0,0,0,0,2,27,0,0,1,0,0,0,0,0,0,17,1,0,1,0,2,0,0,2,1,2,1,0,3,17,0,3,1,1,0,1,0,0,0,8,0,5,0,0,3,4,0,0,0,0,2,7,1,8,0,7,0,0,0,0,0,1,0,12,0,0,13,1,0,0,4,0,6,0,2,0,0,0,0,0,5,0,0,0,0,1,0,1,4,11,2,0,0,2,1,0,2,0,0,0,0,0,5,0,5,0,3,0,0,4,1,7,0,0,1,0,0,5,0,1,0,9,0,1,0,0,0,1,2,0,1,0,0,0,4,0,0,0,6,9,0,1,0,0,0,0,13,0,0,0,1,3,0,9,0,0,0,1,1,0,0,0,2,0,0,0,1,0,0,0,0,0,0,1,0,1,0,0,1,0,0,0,4,0,0,0,0,0,0,1,0,0,0,0,0,0,0,0,0,1,1,0,0,0,0,31,8,0,0,0,0,2,0,0,0,0,3,0,2,2,1,19,0,1,2,3,0,1,0,0,0,2,2,2,1,0,0,2,6,0,1,0,0,11,0,0,0,1,4,0,0,1,1,0,1,5,0,0,4,3,1,0,0,0,1,3,3,0,0,2,0,0,0,2,0,1,1,0,0,0,0,0
"ENSG00000259534.1",0,0,0,1,0,0,0,0,0,0,0,0,0,2,0,15,0,0,0,1,3,0,0,0,0,0,0,0,0,0,0,0,0,0,0,0,0,0,0,1,0,9,0,0,2,0,0,0,10,0,0,3,2,0,0,0,0,0,0,0,0,0,0,0,0,0,1,0,0,0,35,0,0,0,0,2,0,0,0,0,0,0,0,1,0,0,0,0,0,0,1,0,0,0,0,0,1,0,0,6,4,0,13,0,0,0,0,1,4,0,1,9,0,0,0,0,4,0,0,0,0,1,0,0,0,0,1,0,0,5,0,2,0,0,0,0,0,4,0,0,4,0,9,8,2,0,0,0,0,0,1,4,0,0,0,1,0,2,0,0,0,0,0,9,0,2,0,0,0,2,0,0,0,0,2,0,0,0,4,0,0,0,0,0,0,4,0,0,0,0,0,0,0,0,0,0,5,0,0,0,0,0,0,0,0,0,0,0,6,0,3,0,2,0,4,4,0,0,0,0,2,0,0,0,4,3,0,0,0,0,0,0,1,0,1,0,1,0,0,0,0,0,0,0,0,2,0,0,0,1,0,0,2,1,2,0,0,0,0,0,1,0,0,0,1,0,0,3,0,9,1,6,0,3,0,0,1,1,0,0,0,0,0,4,0,5,3,0,0,0,33,0,4,0,0,0,0,0,0,588,0,0,0,5,0,0,0,0,2,0,0,0,0,0,1,0,0,0,0,0,0,5,2,0,3,0,3,0,0,1,0,3,1,0,0,3,0,0,0,0,2,0,0,1,0,0,0,0,0,2,3,43,1,0,1,4,1,636,0,0,0,0,0,0,2,0,0,0,0,0,1,0,0,0,0,0,0,9,0,0,0,0,0,0,18,0,0,1,0,0,0,0,1,0,0,0,0,0,27,6,0,0,0,0,0,1,0,0,0,0,0,0,0,0,0,0,0,0,0,4,9,0,0,4
"ENSG00000259692.6",33,4,0,7,1,21,0,3,0,0,1,6,0,97,88,1,0,13,0,12,0,1,3,1,7,0,0,13,15,65,2,0,18,3,22,0,32,0,0,7,0,0,0,2,4,0,0,0,2,3,1,39,6,48,0,0,13,0,0,0,28,4,9,3,0,17,1,27,0,19,18,1,0,0,0,2,32,1,1,21,18,103,1,3,26,0,0,1,1,0,1,3,9,0,1,3,0,40,14,2,0,1,0,0,2,19,0,9,92,6,0,0,3,8,0,0,1,1,0,9,0,36,0,3,0,0,0,7,3,7,3,0,42,0,0,2,44,0,1,1,0,4,119,2,15,40,1,1,9,1,1,3,4,41,5,1,0,1,32,4,3,15,0,4,2,10,18,1,0,3,1,0,0,170,2,0,18,200,32,0,0,0,0,1,28,0,70,2,46,50,1,0,0,42,7,3,1,0,1,7,3,0,3,59,8,44,0,8,14,0,5,0,0,20,9,18,1,3,32,1,0,5,0,0,1,2,0,48,2,2,21,0,3,19,0,0,0,1,0,0,0,0,1,2,6,14,0,0,7,0,4,19,2,15,1,4,0,0,4,47,22,1,0,70,1,0,0,2,95,0,1,1,86,0,0,0,90,1,0,12,1,51,0,4,1,1,5,0,0,0,8,3,67,0,1,97,132,0,0,0,0,0,33,4,61,2,1,0,13,5,33,0,0,8,0,17,36,2,1,15,0,1,0,1,1,2,1,0,4,5,93,0,3,0,19,0,0,0,0,0,1,0,2,3,37,14,11,0,2,1,0,19,9,33,2,1,51,1,0,0,42,1,1,0,0,0,2,0,0,0,0,0,1,30,97,1,48,6,1,21,2,24,0,6,0,3,1,46,1,6,20,1,0,0,1,1,24,53,7,0,0,0,0,0,51,30,0,30,0,1,9,2,3,0,1,0,44,0,0,1,1,0,1,3
"ENSG00000259772.6",24,0,7,56,25,49,39,6,18,13,115,28,94,146,334,8,17,9,12,22,9,2,299,65,18,64,4,115,10,221,31,68,473,13,269,85,67,6,5,12,6,11,5,0,32,60,583,10,9,33,32,204,13,129,1,188,86,17,32,40,2,79,20,31,17,14,33,19,338,74,48,39,4,7,22,11,24,7,32,230,22,193,273,668,51,8,242,207,369,3,203,31,8,455,38,20,99,166,12,140,20,10,128,4,7,29,29,17,34,10,307,30,144,414,6,12,43,15,491,234,63,69,5,8,27,4,7,62,197,415,48,3,177,11,165,10,8,2,31,27,16,57,61,15,23,6,73,148,208,7,1,4,7,68,52,45,38,4,28,42,35,122,682,20,61,71,38,70,5,39,343,17,21,199,11,8,73,267,138,197,2,0,29,208,9,73,18,201,12,266,2,7,25,791,7,12,30,15,7,91,9,25,116,84,4,476,17,201,237,16,10,127,19,19,14,11,0,1,154,58,1,8,7,65,6,3,44,22,55,0,32,26,72,151,4,522,8,18,136,120,97,9,14,8,30,45,1,167,495,46,6,0,6,16,20,126,3,1,26,124,76,114,80,37,16,58,22,3,337,13,306,4,259,12,43,5,91,3,5,548,48,230,14,10,15,5,6,24,2,388,31,4,29,13,8,75,130,3,28,19,16,43,1,11,19,20,2,6,26,13,19,22,63,322,26,57,41,138,647,111,11,50,9,24,329,37,10,9,8,40,37,45,20,35,65,14,20,3,14,198,4,114,7,13,218,42,0,3,81,3,21,138,15,36,2,7,42,80,31,296,101,17,20,63,27,14,7,18,2,66,126,73,5,84,485,26,23,7,1,160,24,132,206,3,22,44,205,320,58,110,425,14,14,23,5,12,33,17,21,6,12,12,11,10,88,11,38,131,6,609,104,46,83,114,17,20,77,9,20,32,6,6,15,17
"ENSG00000259786.7",11,0,0,1,0,0,0,0,0,1,0,39,0,156,260,4,0,202,1,0,0,2,2,0,35,0,0,31,4,59,1,18,60,2,0,0,21,2,36,81,0,0,4,0,1,0,0,7,3,0,0,131,0,81,0,0,0,0,0,0,0,87,6,14,3,1,0,51,0,3,276,0,41,0,0,0,0,0,2,50,133,20,2,0,49,0,0,10,0,1,0,32,50,0,0,2,1,128,109,0,0,0,1,1,0,4,0,3,143,129,0,0,0,56,0,23,3,56,18,2,0,3,0,0,39,0,3,106,0,414,5,0,97,0,0,16,1,0,85,59,0,0,40,0,0,4,9,0,0,0,0,0,0,24,2,0,3,0,101,33,58,0,0,0,0,96,92,1,0,511,0,0,0,312,0,0,4,144,0,94,0,11,1,8,68,0,73,0,11,179,0,0,0,14,40,0,0,0,0,9,56,0,0,272,0,199,0,0,23,1,0,4,1,117,133,1,1,0,7,100,0,12,8,0,0,0,0,0,0,0,0,23,0,0,0,4,0,0,1,13,0,1,0,0,0,15,37,0,0,1,2,0,0,0,2,0,6,0,18,25,156,123,0,107,0,0,0,0,202,0,8,0,68,0,0,0,26,0,0,48,104,101,11,0,0,0,0,0,6,0,4,0,0,2,0,173,229,0,0,0,4,0,113,0,0,0,0,5,86,91,58,0,4,0,0,0,121,1,1,54,1,0,1,0,5,0,0,5,22,2,88,0,3,1,7,1,1,0,0,0,8,2,0,0,156,47,11,0,31,0,1,96,0,228,0,14,0,0,1,0,1,0,0,0,0,0,0,9,0,1,0,35,5,42,252,2,69,0,0,30,23,60,0,0,0,0,0,71,3,0,1,0,0,0,0,0,69,76,23,0,5,5,1,0,2,0,65,35,0,1,0,0,0,0,136,0,17,0,37,0,0,2,0,1
"ENSG00000259803.7",9,2,5,100,249,38,3899,1,8,95,17,0,829,5,47,22,468,9,2,23,1989,16,3702,8,36,0,12,10,0,1,16,0,3549,5,2,659,4,1509,0,1,0,1083,1,0,4,724,11,3,8,3,0,13,119,5,0,1,12,0,5,1,0,10947,0,17,0,0,1,1,0,8,29,20,579,8,0,2,4,16,1,21,9,4415,1351,31,35,4871,10,0,256,3,9048,5,3,9,1,1,4,1286,2,10,10,8,8,1,4364,4062,933,25,623,1,3396,4,5,0,202,6,10,0,7,22,1,0,1,6,50,15,34,1,2008,5,15,198,16,33,1604,4,2,3,734,0,6,130,49,206,1039,2776,72,4919,1925,16,7,20,12,2,2,114,7115,4,5,1,4,9829,740,551,1195,23,123,898,10,2,0,685,0,85,10369,0,8,3,834,0,1,1449,1,31,0,7,0,0,3210,0,0,6,215,345,5939,1,1,594,0,1180,1,0,2142,9,3,0,19,3,7,0,3193,12459,1908,3887,1,16,20,425,6,4,4,7229,9,4549,12,3,0,2,3,0,1,6,86,13,0,2,3,0,1,4,203,52,10,1,5347,39,2,2350,102,2,1,50,3,0,5,29,3,9,0,1163,23,11,2,7,2,127,47,3,5,2,36,2,124,28,0,0,78,9,0,1,39,2,3,0,0,47,1,3562,0,3831,14,117,9,56,2503,15,0,24,22,8,3111,1348,867,17,26,1314,3,6018,0,50,0,2,0,8166,6236,55,2,163,2848,229,7,6,5,750,10,2534,25,0,2,12,163,1,27,1186,1,21,0,336,0,3143,1,0,713,4420,1,2,1,5353,72,14,3,6,2,4050,1,19,349,17,10,0,244,39,17,13,18,12,3189,2132,7,2050,2,3,647,4,812,0,25,4,0,12,1,1,2,33410,1482,1,2885,9,8,867,3898,0,54,13,16,2,24,57,8,5,1,1,99,0,9,2,12,12,349,102,14,0,4911,3,0,0,44,4,2093,241,1,0,1,20
"ENSG00000259823.6",16,0,0,0,1,6,0,0,0,4,1,0,1,139,2,0,0,0,2,0,2,0,1,0,1,1,1,1,0,1,1,1,2,0,0,0,12,0,0,2,0,0,3,4,0,0,0,0,0,0,0,3,2,8,1,0,3,0,1,0,1,1,0,0,0,0,0,1,1,1,23,0,0,0,1,0,0,0,6,2,5,49,0,3,1,0,0,3,0,0,7,4,6,0,1,0,0,0,0,2,1,0,0,1,1,1,16,0,11,1,6,2,0,0,0,0,2,2,0,2,0,0,0,0,0,0,0,0,2,1,1,0,0,0,3,0,0,0,0,0,0,0,2,0,0,0,4,0,0,1,0,0,2,1,0,0,0,1,2,0,1,1,3,2,3,0,2,0,1,7,1,2,1,27,0,0,2,2,1,0,0,1,0,0,4,0,2,1,0,1,0,1,0,2,2,0,1,0,0,0,0,2,7,18,1,3,0,3,0,0,0,1,25,1,0,0,1,2,3,0,0,0,0,0,0,0,40,0,0,1,1,0,3,4,5,3,0,1,0,0,0,2,1,0,0,2,1,0,0,1,0,0,0,1,1,0,1,0,0,103,4,3,0,0,0,2,0,0,4,0,1,0,10,0,1,1,1,0,1,0,3,1,0,0,0,3,0,1,0,1,0,0,1,0,12,2,1,0,0,0,0,0,1,0,1,2,0,0,0,1,1,2,1,0,1,0,34,5,0,5,4,0,1,4,2,3,0,0,2,0,4,1,1,2,0,0,1,0,1,0,0,1,0,1,0,0,0,0,1,0,5,0,0,0,0,0,76,2,1,0,0,0,0,1,0,0,0,3,0,0,0,0,0,18,1,0,1,0,0,0,0,1,1,0,1,0,4,4,0,0,1,3,0,4,1,0,7,18,0,0,0,1,0,0,0,0,0,2,0,0,0,0,1,1,0,0,1,1,0,1,1,0,0,0
"ENSG00000259828.1",1,0,14,1,0,0,10,0,0,0,0,0,1,14,5,0,0,1,4,0,1,0,0,0,2,0,0,1,0,7,0,0,6,0,0,0,11,6,0,0,0,1,0,32,0,0,1,0,4,0,0,2,0,0,1,0,1,0,2,0,0,5,0,0,0,0,0,12,1,0,16,1,1,0,0,0,0,0,1,5,6,2,5,0,0,0,8,0,0,0,0,163,0,0,0,0,67,2,4,0,0,0,0,0,0,0,6,0,15,1,0,1,5,2,0,2,0,0,2,0,0,2,1,0,4,0,1,0,0,1,4,0,26,0,0,0,0,0,2,0,0,0,20,1,0,1,0,0,3,0,0,1,0,7,0,0,0,32,0,14,3,0,5,0,0,2,1,1,1,0,45,4,0,8,0,0,0,0,0,0,0,0,2,1,6,0,7,0,0,2,0,0,0,2,1,0,2,0,0,0,0,0,1,4,0,31,0,0,0,0,0,0,1,1,3,0,0,0,2,22,0,0,1,0,0,0,1,0,0,0,0,2,0,0,5,0,0,0,0,1,0,0,122,0,10,0,0,5,0,1,0,0,0,6,0,0,0,0,0,20,1,1,0,2,0,0,1,0,2,0,1,0,7,0,0,0,1,0,88,0,1,0,1,0,0,1,0,0,0,1,2,0,0,0,0,3,7,0,0,0,0,0,2,0,3,0,1,0,0,0,0,0,0,1,0,34,0,0,0,0,0,0,0,1,14,0,0,9,0,0,2,0,10,0,1,0,0,0,0,0,0,0,0,3,0,0,0,0,0,0,0,2,0,29,0,0,4,0,23,0,0,0,1,1,0,0,1,0,0,0,0,4,0,0,11,0,3,0,0,0,2,1,0,0,0,1,0,0,0,0,0,24,0,1,0,0,4,2,0,0,0,0,0,0,237,57,4,10,0,0,1,0,0,0,0,0,0,5,0,0,0,0,0,0
"ENSG00000259848.9",0,0,0,0,0,0,0,0,0,1,0,0,0,2,1,0,0,1,1,0,4,0,0,0,0,0,0,0,0,1,0,0,2,0,0,0,2,0,0,1,0,1,0,0,1,0,0,0,0,0,0,3,1,11,0,0,0,0,0,1,0,0,0,0,0,0,0,0,0,0,194,0,0,0,1,0,0,0,0,49,1,33,0,0,0,0,0,0,0,0,0,0,0,1,0,0,1,1,1,0,0,0,0,0,0,1,1,0,276,2,0,0,0,0,0,0,1,0,1,2,0,19,0,0,0,0,0,0,0,0,1,0,2,0,0,0,0,0,0,0,0,0,0,0,0,2,0,0,0,1,0,0,0,0,1,0,0,0,0,0,0,0,0,1,1,2,1,4,1,1,0,0,0,1,0,0,0,6,0,0,0,0,1,0,0,0,2,0,0,0,1,3,0,1,0,0,0,0,0,0,0,0,0,4,0,1,0,1,1,1,2,5,0,0,0,3,0,0,0,4,0,64,0,0,0,0,0,1,0,1,0,0,0,0,1,0,0,0,0,0,0,0,0,0,0,0,0,0,1,1,0,1,0,0,0,0,0,0,1,239,19,0,1,4,0,0,1,0,10,0,0,0,17,0,0,4,0,0,0,2,1,0,2,0,0,0,0,0,0,0,0,0,0,1,0,4,30,0,0,5,0,1,1,0,0,0,0,0,0,1,0,0,0,0,0,61,1,8,0,1,1,0,0,0,1,0,0,0,0,0,5,0,0,0,0,0,0,0,0,0,0,0,0,0,3,4,0,0,0,0,0,1,0,24,1,0,1,0,0,0,4,0,1,0,0,0,0,1,0,0,0,0,0,1,0,0,0,0,0,1,0,0,1,0,0,1,0,0,0,0,0,0,0,0,0,0,23,202,0,0,0,0,0,0,0,0,0,0,0,0,0,1,1,0,2,0,4,2,0,1,0,0,1,0
"ENSG00000259867.6",7,1,3,10,7,0,173,11,12,75,4,6,0,122,2,8,1,0,0,5,5,1,10,3,3,7,19,6,1,257,5,34,6,10,3,7,8,3,4,2,22,24,4,40,11,76,41,2,3,9,4,6,9,7,18,4,11,13,2,11,21,2,1,4,4,4,3,27,128,0,96,17,74,2,13,4,722,38,2,78,2,1,3,97,15,682,1,2,29,142,45,268,5,512,8,1,9,4,4,7,21,1,51,26,7,642,37,0,47,2,26,11,7,3,1,5,12,2,620,9,3,7,11,10,19,3,3,6,3,43,2,8,7,1,8,1,141,1,164,0,1,4,48,10,6,40,21,0,1,1,3,10,3,3,2,1,16,28,3,5,17,44,29,8,8,4,150,2,3,30,13,42,1375,3,3,2,9,3,5,11,2,23,1,2,8,26,6,5,11,1,43,3,903,3,0,1,0,47,2,199,1,5,2,16,3,1,3,0,29,2,10,32,13,3,14,12,3,5,3,10,3,5,8,443,16,1,11,5,396,4,91,4,2,6,17,3,1,16,7,7,1252,67,38,34,4,13,0,41,10,5,5,1,1,98,2,4,1,12,11,8,45,1,18,1,8,113,9,2,5,6,4,10,1,1,5,10,2,1,6,38,10,6,57,6,2,14,1,2,8,14,106,171,0,10,5,0,5,17,13,15,1,519,11,3,7,5,2,200,2,2,2,3,3,13,24,8,3,10,16,30,3,8,0,8,5,3,19,2,4,1,3,2,7,45,16,2,32,31,12,4,0,10,10,12,38,1,12,253,1,0,3,151,7,0,13,4,3,12,3,2,13,23,7,1,107,3,212,29,4,9,11,10,93,0,19,1,0,21,4,7,3,5,0,13,11,12,1,2,7,3,45,14,5,7,11,10,64,2,28,3,6,0,602,8,9,1,33,55,18,5,9,1,5,9,3,4,5,7,10,62,1,2,10,3
"ENSG00000259868.3",20,0,12,1,0,1,2,4,1,4,1,1,0,39,215,1,2,14,0,1,11,0,1,2,18,0,0,7,42,120,3,17,89,0,27,3,17,0,0,2,0,1,1,0,0,0,1,12,0,1,0,52,1,3,0,71,4,4,2,0,0,72,0,0,0,0,0,0,5,1,130,3,2,7,0,0,22,0,15,1,30,56,22,0,8,4,11,12,2,6,5,203,9,9,0,0,6,1,26,1,2,0,4,0,2,3,0,2,19,37,3,4,1,25,17,0,1,0,24,57,0,52,0,3,5,1,0,0,0,6,7,0,12,1,1,0,4,0,0,1,2,5,409,1,3,59,85,0,3,1,2,1,6,60,3,1,3,5,11,96,5,6,34,3,1,12,40,2,0,7,0,27,7,234,2,0,0,2,6,10,0,0,22,2,0,0,0,0,0,0,0,4,3,55,15,0,0,4,0,0,0,0,1,55,0,52,1,0,21,1,3,28,40,230,73,1,5,1,43,23,0,0,0,0,1,1,0,2,1,4,1,3,0,1,0,0,0,0,0,19,2,27,2,2,0,1,0,1,2,0,1,0,4,85,0,0,1,0,22,41,10,2,1,9,1,0,1,0,44,0,31,1,26,0,1,6,45,0,2,8,5,51,8,2,0,0,0,1,3,5,1,2,2,43,0,171,15,0,1,0,1,3,4,0,17,0,2,7,121,1,2,1,2,16,17,17,19,2,2,13,2,1,0,2,0,1,3,0,3,3,0,0,12,0,0,1,0,33,1,5,1,0,55,1,1,7,0,5,4,0,0,6,1,39,0,4,0,13,1,17,0,2,1,1,0,0,14,3,0,0,1,36,0,2,106,0,9,0,2,15,0,1,13,0,0,0,7,46,1,0,27,1,0,1,1,1,11,18,5,0,2,0,3,0,13,16,33,17,0,0,3,1,1,0,0,3,4,7,2,1,0,1,5,1
"ENSG00000259876.1",0,0,0,2,0,8,3,0,1,0,1,0,1,0,0,0,0,0,1,1,3,0,0,0,0,2,0,2,0,0,3,4,82,0,13,0,14,0,2,15,0,4,1,50,0,0,2,0,0,0,0,3,0,8,0,2,1,4,0,2,0,0,1,0,1,0,0,9,1,2,1,14,0,1,6,1,0,0,2,7,32,1,0,9,0,1,4,3,0,0,9,34,7,1,0,0,0,1,4,1,0,0,0,0,0,0,6,0,1,0,17,0,1,4,14,7,2,0,0,41,1,0,1,36,5,0,0,0,40,1,0,0,3,11,1,1,0,0,2,0,0,1,0,0,0,1,3,0,1,0,0,0,4,0,3,2,0,29,7,9,0,0,2,14,0,0,99,1,0,15,0,33,94,3,0,0,13,1,0,3,0,0,0,4,0,8,0,0,17,1,0,0,0,3,0,0,0,20,0,10,3,24,17,0,0,25,3,1,3,2,0,1,3,0,0,0,0,0,3,89,0,1,0,0,0,0,0,2,0,16,0,2,21,4,0,9,0,0,30,1,0,11,4,8,0,4,12,0,33,1,3,0,1,0,0,0,0,1,0,0,8,0,0,7,0,16,5,0,1,0,40,0,17,0,8,0,10,0,0,1,2,2,2,0,0,5,0,0,0,0,0,1,0,2,4,3,3,9,0,0,0,0,0,0,0,0,0,0,1,26,0,1,11,2,1,1,21,1,1,4,0,0,0,0,14,1,0,0,7,0,25,0,1,0,128,0,63,0,0,0,0,0,9,2,20,0,0,0,0,0,0,0,0,49,0,0,0,1,6,8,43,8,22,5,0,0,0,43,1,0,1,10,1,5,1,0,43,1,1,0,0,0,2,0,0,0,0,7,3,1,15,3,0,10,0,0,12,0,0,1,14,0,1,7,1,0,1,33,0,0,4,0,0,1,0,0,0,0,0,1,0,2,0,0
"ENSG00000259878.1",1,0,0,1,0,1,0,0,0,0,0,0,0,1,0,2,1,0,0,0,0,0,0,2,1,0,0,1,0,0,0,0,2,0,0,0,0,1,0,0,0,0,0,0,0,0,1,0,0,0,0,0,0,0,0,1,0,1,1,0,0,1,0,0,1,1,0,0,1,2,2,3,0,0,0,0,0,0,0,3,0,0,6,0,0,0,6,0,7,0,0,0,1,0,0,0,0,0,0,0,0,0,0,0,3,6,0,0,0,0,0,0,0,0,0,0,0,0,0,0,0,1,0,0,0,0,0,0,0,3,0,0,4,0,0,0,0,0,0,2,0,1,0,0,0,19,3,0,0,0,0,0,0,1,0,0,0,2,0,0,0,0,0,0,0,0,5,0,0,0,0,1,0,2,0,0,0,0,0,0,0,2,0,55,0,0,3,1,0,0,0,2,1,4,0,0,0,0,4,0,2,0,1,7,0,0,0,0,0,1,0,0,2,5,1,0,0,0,0,1,0,0,0,2,0,0,1,0,0,0,17,1,0,0,0,0,0,0,0,1,1,4,0,27,1,0,0,0,3,0,0,0,0,1,1,0,0,0,0,0,1,0,0,1,0,0,2,0,0,0,2,0,7,0,1,0,0,1,0,0,0,0,0,0,0,0,0,0,0,1,0,0,0,0,0,5,0,0,0,0,1,0,20,0,0,0,0,2,2,0,0,0,0,1,5,0,0,0,18,4,0,3,0,0,0,0,0,0,0,0,0,0,2,0,0,0,0,2,0,1,0,0,6,0,0,0,0,0,0,0,0,83,2,0,0,0,0,0,0,0,16,0,0,0,0,0,0,0,0,1,0,1,0,0,0,0,1,0,1,0,1,0,4,0,0,1,0,2,1,0,0,0,0,0,0,0,1,0,0,0,0,1,3,0,0,0,10,91,0,2,4,0,3,0,1,0,2,0,0,4,0,0,0,0
"ENSG00000259881.1",20,53,0,23,6,1,0,48,128,5,4,32,2,2,520,54,1,3,13,26,16,39,4,16,2,1,0,0,0,5,20,41,0,385,1,1,7,12,0,0,42,4,4,74,65,0,41,0,39,86,1,13,37,6,69,1,52,1,133,1,0,16,1,59,8,4,53,8,11,1,15,22,6,68,23,156,1,5,0,10,0,1,0,19,3,0,0,10,23,0,7,10,1,8,2,57,260,3,1,5,7,252,0,14,3,3,37,80,4,4,11,79,74,2,3,0,2,2,1,0,0,0,18,3,5,52,30,0,5,7,28,44,5,22,2,136,19,108,3,2,134,4,6,221,13,2,3,4,1,0,108,116,1,67,62,117,12,12,1,5,6,52,15,12,3,12,8,2,5,3,1,1,5,0,40,3,8,0,38,1,65,4,88,6,214,25,3,3,101,9,2,2,1,20,9,0,109,22,0,2,69,0,3,2,135,0,13,54,31,7,32,88,9,3,27,0,1,96,15,2,169,2,0,1,167,47,3,1,0,2,1,0,33,22,48,3,200,2,0,2,11,6,113,3,2,4,1,31,86,47,1,0,79,6,112,21,73,3,4,4,19,1,0,2,6,5,24,49,0,61,2,28,2,20,2,2,1,188,71,1,1,1,78,59,0,3,17,3,0,7,86,0,0,0,1,30,2,73,218,0,35,6,6,191,0,0,1,2,2,0,82,17,2,9,2,5,1,12,54,1,19,7,169,2,58,52,82,1,0,67,0,0,18,10,1,120,126,1,1,10,161,23,7,93,0,0,1,10,0,73,46,15,3,0,16,90,1,2,3,0,0,60,47,1,11,586,0,0,19,0,0,13,0,0,5,72,0,33,212,6,339,3,570,5,44,0,7,1,0,0,5,104,63,2,2,4,2,0,104,53,1,0,12,12,64,4,0,8,0,21,15,2,196,22,5,0,1,13,27,58,164,239,7,24
"ENSG00000259887.1",13,0,0,1,11,3,0,0,11,0,4,13,2,0,14,0,7,3,5,9,24,1,10,5,1,4,0,3,4,2,36,5,13,12,6,1,12,3,3,19,0,2,4,1,0,1,1,0,2,0,7,4,0,13,0,4,3,4,1,1,9,13,6,0,2,8,5,6,13,0,20,4,1,0,0,0,15,1,6,4,8,0,0,5,20,14,0,5,7,1,17,17,10,0,8,1,0,11,13,3,5,4,6,6,4,3,12,0,8,12,19,0,2,2,11,0,24,3,11,22,6,4,0,28,1,1,2,3,4,15,2,1,20,5,4,1,0,1,9,2,1,11,16,0,14,19,17,8,6,0,0,1,18,4,2,7,1,19,3,7,9,6,8,5,2,2,10,13,4,0,0,12,13,15,3,3,9,10,2,2,1,15,9,9,1,4,7,8,3,10,4,3,1,12,4,2,1,12,1,15,1,6,17,38,1,10,0,5,3,2,9,1,1,10,2,0,1,1,3,8,0,4,0,2,0,1,10,4,0,16,2,8,3,13,0,3,0,2,7,0,9,8,5,14,22,19,5,4,29,15,2,6,3,13,1,11,5,9,20,13,5,2,17,8,0,7,2,1,0,0,12,0,1,0,1,9,4,1,5,0,7,4,4,0,2,1,2,9,3,2,0,6,5,5,3,30,3,5,6,3,9,4,0,3,0,0,0,6,22,4,6,21,1,7,13,1,1,6,0,1,5,36,3,4,20,9,0,0,1,0,13,4,4,8,0,3,3,4,0,0,0,2,9,5,2,1,1,1,3,0,2,13,0,22,7,1,5,22,16,3,13,3,2,18,2,4,2,25,1,2,4,5,0,5,4,3,14,1,0,15,6,2,8,2,0,1,2,4,0,2,8,3,0,15,2,3,1,2,13,2,3,0,15,6,3,1,4,21,0,3,12,0,5,1,4,0,0,0,0,2,0,0,3,2
"ENSG00000259895.1",0,0,4,2,2,0,0,1,0,6,0,8,0,4,8,0,1,3,31,0,4,0,1,0,16,3,0,1,0,0,7,1,8,10,1,2,2,0,14,14,3,2,3,4,1,6,0,0,0,2,2,1,2,1,3,7,0,3,8,2,10,5,2,3,3,2,9,4,5,6,6,6,0,0,0,3,1,4,5,5,11,40,1,1,17,3,0,1,3,0,19,11,0,10,4,0,2,14,2,2,0,1,2,1,4,1,5,1,12,2,5,1,0,1,7,5,3,0,2,2,0,8,0,0,2,0,2,1,5,9,5,0,4,1,4,0,10,1,24,0,1,10,4,0,2,15,1,2,3,1,2,0,3,2,1,1,0,1,1,12,6,2,11,6,2,2,7,29,2,4,2,1,1,14,3,2,1,5,1,3,0,2,1,12,3,0,17,3,7,5,2,0,7,1,2,12,0,3,0,7,6,15,2,6,0,8,3,14,4,7,1,16,0,0,2,1,2,0,0,6,0,3,2,1,1,1,3,10,0,1,5,7,2,3,2,1,1,2,0,0,0,0,1,1,4,6,2,2,11,12,1,0,0,2,0,4,1,0,4,11,3,4,10,0,0,2,4,0,23,1,2,2,1,0,2,0,3,0,5,1,7,0,6,0,33,0,0,1,0,2,0,1,2,4,13,0,11,2,0,5,16,0,7,1,0,2,0,2,7,1,5,17,1,20,3,3,0,7,3,2,3,1,0,9,24,37,0,10,0,0,3,0,0,0,16,0,23,1,3,0,2,2,0,7,0,2,3,0,0,0,2,1,4,3,0,3,1,19,2,3,6,3,3,10,10,5,3,2,1,1,5,9,0,1,16,5,2,2,0,15,4,13,5,0,1,0,10,3,0,5,5,5,1,4,4,0,1,3,5,0,3,5,14,0,0,0,0,0,1,1,5,2,11,0,0,1,1,5,8,0,0,4,2,0
"ENSG00000259897.2",0,0,0,0,0,0,0,0,0,1,0,0,0,30,4,0,0,0,0,0,0,0,0,0,10,0,0,0,0,0,0,0,1,0,0,0,28,0,0,0,0,0,0,0,0,0,0,0,0,0,0,41,0,0,0,0,0,0,0,0,0,81,0,15,0,0,0,0,0,0,112,0,0,0,0,0,0,0,0,11,1,73,0,0,4,0,0,1,0,0,0,0,0,0,0,0,0,35,0,0,0,0,0,0,0,0,0,0,4,0,0,0,0,0,0,0,0,0,1,9,0,1,0,0,0,0,0,0,0,5,2,0,0,0,0,0,0,0,0,2,0,0,16,1,0,0,0,0,0,0,0,0,0,0,0,0,0,0,0,9,6,0,0,0,0,80,14,0,0,49,0,0,0,2,0,0,0,9,0,14,0,0,0,15,13,0,0,0,0,39,0,0,0,21,1,0,0,0,0,0,0,0,0,0,0,7,0,0,0,0,0,0,0,0,0,1,0,0,0,0,0,9,0,0,0,0,0,0,0,0,0,0,0,0,0,0,0,0,0,1,0,0,0,0,0,0,0,0,0,0,0,0,0,0,0,0,0,0,0,0,55,23,0,0,0,0,0,0,249,0,0,0,34,0,0,0,0,0,0,54,0,0,0,0,0,0,0,0,0,0,0,0,0,0,0,2,1,0,0,0,0,0,0,0,4,0,0,0,5,0,0,0,0,0,0,0,13,1,0,1,0,0,0,0,1,0,0,0,0,0,98,0,1,0,0,0,0,0,0,0,0,0,0,0,4,83,2,0,0,0,2,0,0,21,0,0,0,1,0,0,0,0,0,0,0,0,0,0,0,0,0,0,0,0,88,0,3,0,0,4,0,3,0,0,0,0,0,0,0,0,0,0,0,0,0,0,0,2,0,0,0,0,0,0,0,0,0,0,10,0,0,0,0,0,120,0,23,0,0,0,0,0,0,0
"ENSG00000259899.1",0,0,0,0,1,3,10,0,2,1,1,1,0,0,0,0,0,1,0,0,3,1,0,0,0,1,0,0,0,0,1,2,65,0,12,0,18,0,9,7,0,8,1,25,0,3,1,0,0,0,0,7,0,7,0,2,1,4,0,0,0,2,0,0,0,0,0,20,1,1,3,12,0,0,11,0,0,0,2,4,31,1,1,13,0,0,34,4,3,0,28,24,5,85,1,0,0,0,2,1,0,0,0,0,0,1,7,0,0,0,16,2,0,0,8,6,1,0,0,25,1,0,5,27,10,0,0,0,23,0,0,0,2,4,3,0,0,0,2,0,0,0,1,0,0,0,1,0,1,0,1,0,1,0,0,0,0,37,4,11,1,1,1,4,0,0,44,1,2,7,0,12,47,0,3,1,21,3,1,2,0,0,2,4,0,5,0,0,17,1,0,0,0,2,1,3,0,23,0,7,3,13,19,2,0,66,2,0,3,1,1,1,11,1,1,0,3,1,0,72,0,0,0,0,0,1,2,4,3,11,0,3,9,3,0,11,0,1,18,0,1,5,2,7,0,1,12,0,21,0,0,0,0,0,0,0,0,2,2,1,1,0,1,11,0,12,5,0,0,0,30,0,36,0,6,1,19,0,0,0,0,14,0,0,0,18,0,1,17,1,0,0,0,1,4,2,1,3,2,0,0,0,0,0,3,1,0,0,0,11,0,0,27,2,0,1,7,0,0,30,0,2,0,0,38,2,1,0,5,0,10,0,3,1,95,0,48,6,0,0,0,0,6,1,18,1,0,1,0,0,0,0,1,36,0,0,0,1,5,0,16,8,24,0,0,0,0,39,5,0,0,7,2,5,0,0,40,0,0,0,0,0,7,3,0,0,1,2,11,0,16,6,0,9,1,0,4,0,1,2,10,0,0,3,1,0,0,16,0,0,1,0,0,2,1,0,2,0,0,1,0,4,0,0
"ENSG00000259923.1",1,7,0,0,0,0,0,0,2,0,0,4,1,0,0,2,0,0,1,2,0,12,0,0,7,2,2,0,0,1,0,0,1,1,0,0,5,0,1,1,9,0,0,0,1,2,0,0,3,0,1,0,1,0,0,0,4,1,7,2,0,1,0,1,5,0,0,1,0,0,0,0,1,16,0,8,0,0,0,0,2,1,0,1,2,0,0,1,1,0,0,0,0,0,0,0,1,1,0,0,1,6,0,0,1,0,2,4,0,0,0,21,0,3,3,1,0,0,0,2,0,1,0,2,0,49,2,0,0,0,0,23,0,4,1,0,2,24,0,0,4,0,0,7,0,0,0,2,0,0,4,13,0,2,0,2,1,0,0,0,2,5,3,0,0,1,1,0,0,4,6,0,0,0,0,0,1,0,8,0,17,0,0,0,1,0,2,4,0,0,1,0,0,0,0,0,7,3,5,0,0,0,0,0,5,0,0,0,4,7,2,0,1,2,0,0,0,9,1,0,10,0,2,0,0,0,0,0,0,1,0,0,0,0,0,0,0,3,0,0,0,0,0,0,0,1,1,4,3,0,573,0,7,1,2,2,5,0,0,0,1,12,0,0,4,0,0,1,2,4,0,10,0,34,1,0,1,2,0,0,5,1,2,25,0,0,5,0,0,0,1,0,0,1,0,0,0,0,2,2,1,0,3,1,0,714,7,0,0,0,2,0,0,1,1332,0,13,0,5,0,0,0,0,0,0,1,3,0,1,4,0,1,3,0,217,49,0,0,1,0,11,0,1,2,1,2,5,0,0,7,33,0,0,0,1,5,0,0,0,56,4,0,3,0,1,3,0,0,5,0,2,6,2,0,0,1,0,1,0,1,1,1,1,0,0,0,0,0,0,0,0,2,0,0,0,0,6,0,0,8,0,0,1,0,0,0,2,0,0,5,0,1,3,4,0,0,2,0,0,13,7,0,0,8
"ENSG00000259937.2",0,0,0,0,0,0,0,0,0,3,0,0,0,0,0,0,0,0,0,2,1,2,0,0,0,0,0,0,0,0,0,0,1,1,0,0,0,0,0,0,0,0,0,1,1,0,0,0,0,0,0,0,2,0,0,0,0,1,7,0,0,2,0,3,0,0,0,0,0,0,0,1,0,0,0,2,0,0,0,0,0,2,0,0,0,0,0,1,0,0,0,5,0,0,0,1,0,0,0,0,1,0,0,0,0,0,0,0,0,0,0,2,0,0,0,1,0,0,0,0,0,0,0,0,0,5,0,0,0,0,0,2,0,0,0,2,0,2,0,0,0,0,0,2,0,0,0,0,0,0,0,0,0,0,0,0,0,0,0,0,2,0,0,0,0,0,0,2,0,0,0,0,0,0,0,0,0,0,0,1,0,0,1,0,0,0,0,0,0,0,0,0,0,0,0,0,1,0,0,0,0,0,0,0,0,0,0,0,0,0,1,0,0,0,3,0,0,0,0,0,2,0,0,0,0,2,0,0,0,0,0,0,0,0,0,1,0,0,0,0,0,1,0,0,0,0,0,0,0,0,0,0,1,0,2,0,1,0,0,0,0,1,0,0,3,0,0,0,1,0,0,0,0,2,0,0,0,1,0,0,0,0,0,0,0,1,1,0,0,0,3,0,0,0,0,0,1,0,0,0,1,0,1,3,0,0,0,0,0,0,0,0,0,0,0,0,0,0,0,0,0,1,1,0,0,0,2,0,0,1,0,0,0,0,0,2,0,0,0,0,0,0,0,0,0,0,0,0,0,1,0,0,0,0,0,5,0,0,0,0,0,0,0,0,2,1,3,0,0,0,0,0,0,0,0,0,1,4,0,0,2,0,1,0,2,0,0,0,0,0,0,0,1,0,0,0,0,0,2,3,0,0,0,0,0,0,0,1,0,0,4,0,1,0,4,0,0,0,0,2,0,1,0,5
"ENSG00000259982.1",12,0,0,6,9,0,0,1,0,5,0,0,0,30,10,0,0,0,2,0,1,1,2,0,3,0,1,4,0,3,11,3,3,0,3,0,1,0,0,0,0,5,2,2,0,0,1,0,0,0,0,2,0,3,2,5,0,1,0,1,0,11,0,0,1,0,0,0,2,0,27,3,0,0,3,0,36,0,0,5,2,9,1,1,2,0,0,7,6,2,2,2,0,25,2,2,2,14,1,0,0,0,0,0,0,0,0,0,30,0,0,0,0,6,0,0,1,2,0,0,0,0,0,4,0,0,1,0,4,4,2,0,1,1,1,1,0,0,3,0,0,0,1,0,0,0,0,1,0,15,0,0,5,0,2,0,4,2,5,1,3,0,8,6,0,1,4,6,3,0,2,0,3,1,0,0,11,0,0,2,0,2,0,3,0,0,1,0,13,0,0,0,14,3,3,1,0,3,0,4,0,2,0,1,0,13,3,0,0,0,1,1,0,9,0,0,1,0,1,0,0,1,0,2,0,2,1,4,0,1,0,0,4,4,0,3,0,0,0,1,1,1,9,0,12,10,0,3,3,1,0,0,0,0,0,0,0,0,2,14,1,1,2,3,0,2,4,1,2,0,11,0,0,0,0,0,0,1,0,7,7,3,0,0,0,0,0,0,0,6,1,0,3,0,0,3,2,2,0,4,1,2,0,0,1,1,0,7,0,0,0,3,0,0,4,2,0,0,5,1,3,0,0,0,0,7,1,3,2,0,0,0,1,0,6,0,2,5,0,0,0,1,1,6,3,0,0,0,0,0,0,12,1,0,0,0,3,12,0,0,0,0,4,11,16,0,5,0,0,0,0,0,0,2,0,0,9,0,0,4,0,1,2,0,0,0,6,0,0,1,0,7,1,0,1,0,2,8,0,3,0,2,0,2,7,5,0,0,0,4,3,0,2,2,1,0,0,6,0,1,0,2,1,0
"ENSG00000259996.1",0,0,0,0,0,0,0,1,0,0,0,0,0,45,32,0,0,11,0,0,0,0,0,2,136,0,0,21,0,1,0,0,22,0,33,0,34,0,0,0,0,0,1,0,4,0,0,3,0,0,0,74,0,3,0,0,0,0,0,0,0,124,0,41,0,0,0,0,0,0,412,0,0,0,0,0,0,0,0,19,4,241,0,0,11,0,0,2,0,0,0,27,8,7,0,0,0,44,5,0,0,0,0,0,0,0,0,0,2,0,0,0,0,1,0,2,0,0,190,63,0,1,0,0,17,0,1,28,0,35,8,0,97,0,0,0,0,0,0,36,0,0,59,1,0,1,5,0,0,0,0,0,0,75,0,0,0,0,145,91,123,0,0,0,0,281,129,0,0,55,0,2,0,7,0,0,25,629,0,0,0,0,0,22,20,0,12,0,0,231,2,0,0,29,33,0,0,0,0,0,15,0,0,1,0,584,0,0,10,0,0,0,52,96,0,0,0,0,1,24,0,152,0,0,0,0,0,0,0,0,0,4,0,1,0,1,0,0,5,5,0,11,0,0,0,0,25,0,0,0,0,0,0,0,0,0,0,0,0,0,204,72,0,3,0,0,0,0,328,0,49,0,9,0,0,0,163,0,0,35,123,5,64,0,0,0,0,0,0,0,1,0,0,112,0,38,3,0,0,0,3,0,7,0,190,0,0,10,107,6,0,0,202,0,0,0,79,0,0,24,0,0,0,0,11,0,0,1,45,0,206,0,3,0,1,0,0,0,0,0,0,0,0,0,35,218,0,0,23,0,0,0,0,165,0,0,1,0,0,0,16,1,0,0,0,0,0,0,0,6,1,12,0,3,193,0,55,0,0,128,1,57,1,1,0,22,0,7,6,0,0,0,0,0,0,0,88,5,0,0,0,0,0,0,0,0,16,4,93,0,0,147,0,0,181,0,54,1,0,0,0,0,0,0
"ENSG00000260010.1",0,0,0,0,0,0,0,0,0,0,0,0,0,0,0,0,0,1,0,0,0,0,0,0,0,1,0,23,0,0,0,2,15,4,3,0,6,0,0,0,0,1,0,0,0,0,0,0,1,0,0,4,0,1,0,0,0,0,0,0,0,7,0,0,0,0,0,0,0,18,0,0,21,0,0,1,9,0,0,0,262,13,0,0,0,0,0,0,0,0,0,67,0,0,0,0,0,1,0,0,0,0,0,0,0,0,0,0,0,0,0,0,0,0,0,1,0,0,0,11,0,1,0,0,1,0,0,0,0,0,0,0,0,0,0,0,0,0,0,0,0,0,6,0,0,0,0,0,0,0,0,0,0,0,0,0,4,0,18,21,0,0,2,0,0,0,12,0,0,4,0,4,0,0,0,0,29,0,0,0,0,0,1,8,0,0,0,0,0,19,0,0,0,208,0,0,0,0,0,0,0,9,0,0,0,0,0,0,0,0,0,0,252,0,0,0,0,0,1,15,0,0,0,0,0,0,0,0,0,3,0,1,0,0,0,3,0,0,4,27,0,0,0,0,0,0,0,0,0,0,0,0,0,0,0,0,0,0,0,0,6,0,0,0,0,0,1,0,54,0,0,0,0,0,0,0,0,0,0,0,22,0,0,0,0,0,0,0,0,0,0,0,0,0,0,0,1,0,0,0,0,0,1,0,0,0,0,14,1,2,0,1,38,0,24,42,14,0,0,0,0,0,0,0,4,0,0,0,0,0,4,0,0,0,2,0,2,0,0,0,0,0,0,0,0,3,0,0,1,0,0,0,0,1,0,0,0,0,0,0,68,0,0,0,0,4,0,0,0,2,0,1,0,0,341,0,8,0,0,7,0,4,1,0,0,1,0,7,0,0,0,0,0,0,0,0,2,0,0,0,0,0,2,0,0,0,0,0,0,1,0,0,0,0,0,0,23,0,0,0,0,0,0,0
"ENSG00000260015.1",94,34,0,3,15,0,0,0,0,1129,1,0,0,15,0,91,0,0,0,11,6,41,1,4,0,0,0,2,0,97,0,10,28,9,1,2,0,0,0,5,0,68,0,0,54,1,0,4,121,7,0,58,102,0,0,0,9,0,1,0,0,1,0,10,0,0,2,0,1,2,696,0,0,40,0,8,2,1,0,0,0,0,17,0,0,0,7,0,0,0,9,14,0,0,0,11,0,0,0,92,32,0,45,0,6,0,0,33,2,0,3,89,2,2,0,0,1,0,0,0,0,0,1,1,0,34,21,0,0,320,13,48,1,3,62,101,0,22,0,0,46,9,115,94,20,48,0,2,1,537,27,87,0,1,0,0,0,54,0,1,0,0,0,46,6,18,1,56,0,2,0,0,20,0,1,0,0,0,742,0,12,0,0,0,0,7,14,0,0,0,0,0,0,25,19,0,62,2,1,0,0,0,1,0,26,188,1,1,34,0,66,5,4,0,72,328,0,0,3,2,21,0,0,0,100,39,0,0,1,0,0,0,17,0,0,0,43,1,0,0,0,13,0,1,14,6,0,0,2,0,2,0,40,3,70,0,63,5,0,7,0,0,1,0,47,8,71,37,2,83,65,34,10,67,1,0,0,47,0,0,1,1,0,51,0,14,30,1,0,5,199,0,1,0,0,3,2,0,0,1537,29,0,3,49,0,5,0,0,7,0,0,0,132,0,3,98,0,3,0,52,3,140,78,0,18,0,72,0,0,48,0,10,23,0,0,113,0,67,0,0,34,0,0,77,1,0,0,0,1,25,41,45,0,0,0,53,0,19,0,1,0,0,1,2,11,1,0,0,0,0,0,2,0,0,3,0,20,119,0,0,0,0,0,0,65,0,4,0,0,1,1,0,43,1,0,12,0,0,287,51,0,0,0,0,2,0,10,0,0,0,46,0,0,1,0,0,0,0,0,75,31,0,0,53
"ENSG00000260019.2",0,0,1,0,0,0,0,0,0,0,0,0,1,40,0,1,0,12,0,0,0,0,3,0,8,0,1,0,2,1,0,0,6,0,1,0,3,0,0,0,0,0,0,1,0,0,0,0,0,0,0,119,0,3,0,0,0,0,1,0,0,101,0,1,0,0,0,0,0,0,7,1,0,0,0,1,12,0,5,0,46,35,0,0,5,0,0,1,0,0,0,1,2,8,0,0,1,18,27,0,0,0,0,0,0,0,0,0,133,0,0,0,0,0,0,0,0,0,0,0,0,0,0,0,0,0,1,0,0,1,0,0,9,1,1,0,0,0,0,0,0,0,1,1,0,42,0,0,0,0,0,0,0,57,0,0,0,0,1,2,0,0,0,0,1,7,14,0,0,8,1,0,1,5,0,0,0,0,2,0,0,0,0,0,4,0,1,0,0,8,0,0,4,2,4,1,1,0,0,0,0,0,0,22,0,2,1,0,0,2,0,0,0,12,0,0,1,0,18,0,0,0,0,0,0,0,0,1,0,0,0,1,0,0,0,1,0,0,0,0,0,0,0,0,7,2,0,0,0,0,0,2,0,0,1,0,1,0,0,0,22,2,0,16,0,0,1,0,13,0,0,0,1,0,1,0,1,0,0,0,0,0,0,0,1,0,1,0,0,0,0,0,0,1,1,15,3,0,0,0,0,0,22,0,21,0,0,0,0,2,0,2,1,0,0,0,2,1,0,0,0,0,0,0,0,0,1,0,0,1,2,0,0,0,0,1,0,0,0,0,0,0,0,2,39,1,3,0,6,0,0,0,0,9,0,2,2,0,0,0,163,0,0,0,0,0,0,0,0,0,1,0,0,4,111,0,0,0,0,0,9,1,0,0,0,1,0,0,0,0,0,0,0,0,1,0,0,11,0,0,0,0,0,0,0,0,0,0,0,1,0,2,0,0,0,0,14,0,1,0,0,0,2,0
"ENSG00000260062.3",0,0,0,5,3,0,0,0,0,0,0,0,0,2,0,0,6,0,0,1,8,2,0,2,8,4,0,0,0,1,0,0,1,1,0,0,0,4,0,0,0,0,1,0,0,0,11,0,0,0,0,1,1,0,0,9,0,1,4,0,0,0,0,0,3,3,0,0,5,1,12,9,2,1,0,2,4,0,3,20,0,7,17,0,16,1,4,0,29,1,3,0,7,10,0,2,0,0,0,0,0,0,0,0,2,33,9,0,3,0,3,0,3,1,0,0,0,0,1,0,0,4,0,0,2,2,0,0,7,30,2,0,0,1,3,0,0,0,9,9,0,4,6,0,0,107,1,0,0,1,0,0,0,1,0,1,2,5,0,7,2,0,0,0,0,0,5,0,0,1,1,4,0,12,0,0,2,1,1,0,0,27,0,362,0,0,8,10,2,0,0,6,11,11,0,0,2,0,15,19,27,3,15,23,0,0,1,6,0,3,0,0,0,23,20,0,0,0,0,4,0,0,0,25,0,0,12,4,0,0,65,10,2,0,0,0,0,0,1,0,1,14,0,329,6,0,0,0,15,1,0,0,0,3,0,1,0,0,0,7,2,0,3,0,0,5,0,1,7,1,2,0,6,0,3,1,0,0,3,0,8,0,0,0,1,0,0,0,0,3,0,2,0,0,0,25,4,0,0,0,5,0,25,0,0,0,0,17,21,0,0,0,0,16,11,0,0,0,48,5,1,0,0,8,2,1,0,0,0,2,0,0,0,0,0,3,0,30,0,1,0,0,60,0,0,1,0,3,0,0,0,171,19,0,1,1,0,0,0,0,34,0,1,0,0,10,0,2,0,0,1,0,4,0,0,0,8,1,0,8,2,1,12,4,0,0,0,10,1,5,0,1,1,4,1,1,9,0,3,0,2,2,4,0,1,0,35,236,0,2,16,1,15,0,5,0,1,0,0,8,0,0,0,0
"ENSG00000260088.1",11,3,4,139,4,12,1,4,6,0,1,0,1,1,5,0,3,6,1,2,3,2,13,3,0,8,0,2,5,8,1,274,3,1,173,0,24,9,0,0,0,2,1,6,1,0,0,8,2,4,2,8,3,2,1,4,1,2,0,0,5,23,6,0,2,2,2,3,5,0,1,25,2,0,0,0,10,10,1,1,1,2,32,0,8,45,2,2,10,2,6,21,2,144,1,1,1,6,0,4,8,0,4,2,3,9,9,1,0,9,0,1,3,1,5,12,3,0,14,3,8,203,1,23,14,3,3,2,7,6,0,4,3,2,3,1,1,0,5,0,1,11,2,0,17,6,66,9,3,7,2,5,4,10,3,17,0,4,91,74,0,4,1,1,2,2,0,5,1,1,3,1,132,2,0,0,2,18,2,4,2,10,0,2,3,4,19,1,6,1,9,0,3,1,10,2,1,7,56,7,0,5,1,11,2,30,3,5,4,6,1,0,2,3,1,7,6,9,53,8,2,0,0,6,1,1,4,6,10,1,5,1,6,12,11,4,0,0,0,32,6,2,27,5,7,10,1,6,3,1,142,0,1,6,0,0,1,15,3,9,9,1,14,5,5,4,3,5,29,1,180,2,0,0,0,3,2,1,2,8,1,1,4,1,3,1,0,7,5,6,4,12,2,0,3,0,1,219,1,12,0,1,1,6,2,2,2,12,2,0,2,8,2,22,5,12,6,11,10,502,1,9,0,1,9,2,2,3,1,1,3,7,3,2,13,2,8,2,1,15,1,1,6,19,2,0,5,14,1,3,2,1,22,2,3,2,1,11,0,178,2,207,2,8,74,10,3,7,0,25,0,28,2,0,3,0,7,10,5,1,0,0,5,9,1,12,22,2,2,0,1,19,2,6,1,8,11,4,2,5,50,1,6,2,2,6,10,8,2,2,38,4,0,1,7,1,0,62,5,1,2,1,13,3
"ENSG00000260209.1",1,0,4,0,1,3,0,3,0,0,1,1,1,2,0,0,0,1,3,1,0,0,1,0,1,1,1,0,1,0,5,2,0,0,1,1,2,0,3,3,0,0,1,1,0,0,0,0,0,2,0,0,0,0,2,2,1,3,4,1,0,0,0,0,1,5,0,0,0,1,30,0,0,0,0,1,1,0,3,3,3,0,1,0,1,0,0,0,1,0,0,0,0,0,0,0,0,1,4,0,0,0,3,1,0,0,3,0,38,6,0,0,1,0,0,1,2,0,0,6,1,0,0,0,0,0,0,1,1,1,1,0,2,0,0,0,1,0,1,1,0,0,0,0,2,1,0,2,4,0,0,0,1,2,1,1,0,6,1,0,0,0,0,0,5,1,0,1,0,0,0,0,2,3,0,0,0,1,10,0,0,2,0,2,0,0,0,0,1,0,0,9,0,6,1,2,0,1,0,1,0,3,0,2,0,0,0,0,0,1,1,1,6,1,1,4,1,0,0,2,0,1,0,0,2,0,1,2,0,5,0,0,0,2,1,1,0,0,0,0,2,0,0,0,1,2,0,1,2,1,1,0,0,0,0,1,0,0,1,4,1,0,1,1,0,0,1,0,3,0,0,0,3,1,1,4,0,0,1,2,2,4,1,0,0,1,0,0,17,0,0,2,0,0,0,0,0,1,1,3,0,1,3,0,2,0,0,4,2,0,4,0,0,4,0,0,0,1,0,0,0,1,0,10,0,2,0,0,0,0,0,1,0,1,1,0,0,0,0,0,0,1,0,1,3,0,0,0,0,0,0,1,0,8,1,0,8,1,0,1,0,0,1,4,3,2,0,0,0,0,1,3,1,1,3,1,0,0,0,2,2,1,0,0,0,0,0,1,0,0,21,2,0,3,1,0,0,54,2,0,1,1,1,0,2,0,0,0,1,1,1,1,2,0,0,0,0,1,1,0,0,1,2,0
"ENSG00000260220.7",526,0,0,58,207,947,3,431,91,4,4,2,0,3,70,11,19,3,2,20,892,1,8,35,1231,20,34,1271,1,15,22,77,772,578,443,2,355,49,0,1,0,1,2,0,63,28,290,2,1,4,275,12,28,0,0,1245,12,21,210,16,0,21,0,607,242,4,172,2,4,12,13,57,0,5,2,19,4,286,70,564,237,62,8,479,859,3,1,0,4,284,9,140,23,19,10,0,0,1,3,5,9,36,3,37,398,0,1328,1,57,2,415,5,4,933,2,10,3,28,922,41,1,1151,0,18,136,0,52,145,1924,46,283,3,42,100,16,0,2,2,361,432,24,39,88,32,8,237,14,1261,34,1,1,1,7,333,109,2,0,3,10,43,84,102,8,1035,14,8,256,13,5,328,8,3,17,6,8,25,345,8,286,3,1,4,1,1,14,577,12,790,638,2684,45,1,8,1188,97,953,2,413,0,189,410,39,656,1,3,242,1,4,27,477,1177,815,7,65,13,3,2,0,109,35,0,39,2,842,20,2,1,5,214,13,27,703,0,3,5,1,3,0,24,18,7,264,2,167,6,10,1,2,990,6,14,3,12,0,2,379,1,3,2,3,1433,68,17,4,3,766,8,8,117,2,52,4,3,1,201,6,1,4,2,35,40,14,30,8,568,2,0,215,0,104,40,23,15,5,0,21,23,7,51,13,71,2,14,3,18,158,0,22,803,222,3,807,2293,839,743,1,239,9,4,839,30,37,10,36,47,415,149,3,2,2,23,6,214,22,1642,0,0,3,3,0,0,0,62,38,125,1344,138,2,13,11,1,244,64,14,18,9,5,41,0,672,607,146,102,511,5,646,0,0,114,209,13,9,3,1,474,89,2302,9,12,684,2308,278,4192,295,212,163,228,4473,13,1158,17,8,15,1784,1188,21,84,2,42,0,247,44,2,1336,2,0,2,3,44,9,53,117,1139,161,578,135,69,2,82,19,4,3,2,3
"ENSG00000260230.5",2,2,9,4,225,11,0,0,0,0,2776,24,2167,2,1,1,0,2,2,2245,3,3,6,1,2,7,0,3,1,3,7,1,0,0,21,1,2,1,5,13,1,10,75,3,1,31,1,4,2,1,4,3,23,97,0,52,5750,347,11,4,49,1,2,1,1,19,0,17,0,9,6,3,1,4,2,1,5,7,17,10,64,14,184,5,7,27,0,3,83,5,76,3,5,3,345,0,4534,1,3,12,0,4,1,0,4,614,125,3,9,16,1,1,261,0,4,7,1827,3,7,23,15,1,0,4,0,2,2,2,3034,2,4,0,7,3,42,0,1,0,228,2,2,191,4,3,0,2,7,319,163,0,1,1,1,0,0,5,62,0,71,3,1,213,1,107,6,1,0,18,42,6,4,2,16,7,3,7,11,5,1,13,0,2,8,2,112,110,8,0,0,23,1,1,7,3,0,519,3,3,2,87,0,1,564,11,1,0,2,4,3,1,36,5,0,1,0,2,1,11,1,14,0,1,46,1,0,2,28,1,0,3,1,0,6,5,6,10,0,0,2,3,31,0,91,1,14,6,6,32,13,15,0,2,1,0,1,2,1,4,8,7,5,158,192,2582,2,1,4,1,0,0,2,0,2,0,0,2249,5,0,68,1,5,88,1,4,1,303,0,10,4,37,1,11,511,1,605,0,4,2,1,1,14,2,22,1,322,0,0,1,16,503,2,250,3,4,15,3,215,385,53,77,1315,1,0,109,6,25,1,5,14,2,10,0,7,0,7,2,1,0,2332,443,0,51,0,2,0,1,2,0,337,0,0,31,4,65,2,2,3521,0,1373,156,1,4,8,51,3,0,0,69,6,7,0,18,3,13,218,0,51,1,1,4,6,1,4,4,32,1,376,3,0,17,9,42,15,1352,112,36,15,7,10,1,5,0,1,0,0,0,440,0,3,42,0,9,1,26,1,0,1,0,0,11,0,0,6,1
"ENSG00000260254.1",0,0,0,0,0,1,0,2,0,0,0,1,3,0,0,0,0,3,0,1,0,0,0,0,1,3,0,12,0,0,0,0,2,8,6,0,2,1,0,1,2,0,0,2,1,1,1,0,0,0,5,2,1,5,0,0,4,1,4,1,1,0,30,6,6,0,6,11,5,0,7,2,0,0,0,1,7,25,2,4,3,17,0,1,1,1,8,0,2,5,0,2,0,0,3,0,1,118,1,0,0,4,0,14,12,0,4,0,7,0,1,0,15,0,0,11,0,0,10,1,4,1,0,1,3,0,0,3,2,3,7,1,2,2,1,1,66,0,7,0,0,0,0,1,0,0,0,2,0,0,0,1,0,11,1,4,0,0,7,51,0,9,0,2,0,0,1,1,3,0,6,0,8,0,9,0,1,19,0,15,0,1,7,1,7,16,27,3,2,3,19,0,4,0,0,3,0,4,3,17,0,7,3,22,0,0,0,0,10,1,2,9,1,0,0,0,0,3,1,1,0,3,0,3,1,0,16,2,1,6,0,4,1,4,5,0,0,6,1,0,2,1,2,3,1,7,0,3,33,6,0,2,0,1,0,12,0,1,2,0,5,2,0,0,0,2,0,2,19,0,2,0,0,0,26,1,0,0,7,1,103,1,5,2,65,0,0,0,0,3,1,26,0,5,0,0,1,4,2,0,1,0,0,0,7,0,2,6,11,17,4,0,2,10,3,0,1,0,3,2,0,4,1,4,29,3,0,0,8,0,1,0,0,7,30,1,4,0,0,1,0,0,1,0,7,0,1,6,0,4,0,8,5,0,4,0,0,0,0,7,20,0,5,11,0,2,0,0,6,0,1,7,0,0,42,0,80,0,0,32,8,5,4,0,0,0,3,2,0,2,3,9,0,2,5,3,11,0,7,0,2,5,8,4,0,0,2,0,0,0,0,1,2,3,3,0,8,0,2,0,1,0,0,1
"ENSG00000260265.1",0,0,0,0,15,0,4,0,0,0,24,15,7,216,0,0,2,14,0,0,0,0,0,23,8,27,0,2,0,161,0,0,9,0,1,0,15,0,17,13,7,2,0,0,0,0,0,4,0,0,0,5,0,16,0,40,0,0,0,0,0,56,0,0,0,2,0,0,0,1,13,0,1,0,0,0,1,1,18,5,1,16,0,0,1,1,0,0,0,0,0,12,0,0,0,3,0,34,42,6,0,0,0,0,0,1,0,1,130,4,0,0,0,0,0,16,0,0,1,8,0,65,0,0,4,1,0,1,1,13,0,0,30,0,0,7,0,0,19,0,4,0,114,0,1,47,0,0,1,0,1,2,0,42,6,0,0,0,31,0,1,0,0,0,0,2,1,24,1,70,160,43,0,219,0,0,0,2,0,9,0,0,0,0,20,0,0,0,0,0,0,6,0,5,3,0,0,2,0,0,0,72,0,201,0,9,0,0,2,54,1,1,1,0,10,0,10,0,1,1,0,2,0,0,2,1,0,53,0,0,0,0,0,0,11,28,1,0,7,11,0,0,0,0,1,0,11,0,0,36,1,1,0,0,0,0,0,1,1,54,18,8,0,73,0,39,0,5,17,0,0,0,4,0,0,0,1,0,0,38,1,4,103,0,0,2,0,0,0,1,0,0,0,0,0,5,32,0,0,0,0,26,93,0,2,0,0,0,0,17,0,0,0,0,1,1,0,11,2,1,0,1,0,0,8,17,0,6,2,2,17,0,10,0,12,3,1,54,0,0,1,0,0,0,11,0,2,0,16,0,1,67,0,3,0,0,0,78,0,0,1,1,0,0,0,0,0,35,0,0,0,0,8,4,73,0,33,4,0,4,0,37,4,0,0,5,1,21,17,1,1,0,2,0,1,9,58,5,1,1,0,0,46,0,11,0,13,11,11,45,0,0,0,0,0,0,1,1,8,2,0,0,1,0
"ENSG00000260284.1",139,9,0,123,30,15,17,94,25,144,68,21,13,1,134,9,35,16,78,5,42,15,20,25,55,18,15,40,1,86,2,164,62,19,22,6,186,122,83,33,12,659,1,10,28,39,47,13,4,13,17,19,27,22,145,76,13,21,82,39,12,475,21,118,21,7,126,67,20,71,115,264,32,6,36,35,135,494,5,68,140,86,257,185,28,38,169,12,6,56,266,84,25,124,12,21,93,15,10,56,66,24,34,32,19,21,165,14,16,9,29,12,8,32,4,15,43,5,37,31,8,290,18,70,201,50,20,51,43,288,84,16,93,104,189,24,20,4,579,18,10,25,106,25,43,28,144,197,0,24,13,30,31,23,11,389,23,36,193,623,38,97,193,253,14,9,312,248,320,167,56,52,92,17,39,10,71,79,33,27,5,0,85,577,24,76,10,71,23,42,78,0,53,51,142,67,10,191,12,176,3,76,49,8,5,110,37,70,272,74,25,10,302,15,46,4,48,39,14,57,18,188,2,59,15,5,9,45,50,26,109,119,84,15,96,381,11,39,14,106,21,127,40,67,241,24,107,29,51,53,24,63,14,69,2,70,10,670,109,118,69,18,185,25,28,422,257,13,221,8,38,6,55,0,74,3,20,0,51,132,35,37,35,8,43,7,2,20,17,50,14,20,12,81,4,12,432,69,364,13,105,7,2,12,21,20,8,42,45,27,135,30,48,153,410,86,16,1,58,217,3,133,5,15,276,318,19,47,2,15,30,4,93,19,476,10,138,9,7,51,4,40,23,1701,194,15,38,144,2,0,3,128,54,42,7,14,19,203,0,133,47,83,187,81,4,83,184,0,15,14,155,142,14,45,305,56,26,36,5,473,37,58,93,12,67,77,289,44,8,290,55,21,1,25,35,3,38,32,55,22,176,46,54,60,24,0,116,2,20,45,171,47,71,69,52,3,72,0,80,3,19,172,29,16
"ENSG00000260285.1",23,0,62,13,23,21,13,12,22,68,53,96,37,65,104,10,24,44,86,15,19,6,18,6,89,28,24,52,6,88,46,42,70,85,15,105,17,15,45,199,11,24,60,58,19,16,21,3,2,20,23,20,10,50,49,82,6,16,52,9,15,31,7,17,15,41,80,27,51,55,261,35,16,3,4,6,36,36,27,56,52,75,106,13,69,38,3,11,53,1,39,49,49,27,8,1,17,17,83,19,20,6,6,12,29,116,52,4,216,78,44,34,24,7,35,11,56,42,38,47,53,49,20,29,26,1,10,13,33,107,17,9,48,34,24,9,94,10,14,15,1,46,69,10,40,72,84,26,15,874,6,13,149,46,8,47,27,46,19,193,38,6,13,38,13,8,62,38,40,59,13,61,32,39,15,9,11,37,67,18,8,40,54,70,79,33,98,21,89,39,12,20,17,49,16,34,16,39,14,49,13,56,29,96,5,17,24,85,14,118,59,31,24,41,110,288,8,3,46,63,2,21,3,12,23,5,48,99,6,19,47,83,38,16,0,20,4,40,12,12,30,49,79,11,32,73,11,4,25,16,7,6,5,42,3,36,8,13,48,41,69,21,36,26,4,24,19,11,57,4,24,12,16,4,33,45,23,5,27,13,55,18,11,2,32,14,2,22,8,11,16,5,8,60,13,226,64,39,58,466,86,22,97,10,11,13,5,40,101,26,27,43,35,44,19,111,17,65,25,13,17,99,6,24,53,97,4,62,16,3,33,19,14,46,33,8,118,46,58,15,6,16,39,54,38,15,16,11,17,3,3,114,34,45,7,6,26,94,33,6,64,3,17,48,81,85,11,29,9,18,20,95,1,21,47,11,18,9,13,41,21,29,38,3,11,7,27,47,32,7,52,35,6,90,14,35,38,42,51,5,99,16,42,23,192,47,22,8,3,22,20,6,26,5,37,12,15,54,59,8,9,5,161,6
"ENSG00000260289.2",1,0,0,4,7,0,1,1,0,0,0,6,2,323,70,2,1,2,0,0,0,0,9,3,1,2,0,134,0,66,5,0,206,12,1,3,161,4,111,67,0,5,2,0,0,1,3,40,1,0,0,309,0,40,0,4,0,2,8,0,0,46,0,13,0,2,0,1,1,1,162,16,1,0,0,0,3,1,1,17,211,106,1,2,54,0,2,0,26,0,4,19,26,169,1,0,1,167,2,78,6,0,5,2,3,2,0,0,72,0,1,0,13,7,4,7,5,6,0,156,0,179,0,3,16,0,4,126,0,83,20,0,43,5,1,0,3,0,2,6,0,5,109,0,0,373,5,0,7,2,0,0,8,43,0,2,0,4,9,149,43,0,1,1,1,48,42,3,1,142,7,4,7,288,1,16,0,24,3,101,0,4,0,11,2,2,12,2,2,40,0,30,2,324,51,0,0,0,2,3,1,1,3,286,0,334,0,0,220,1,3,1,64,26,1,10,2,0,1,107,0,46,0,1,0,0,0,255,2,1,4,25,7,0,1,60,0,0,1,11,6,4,0,2,1,3,0,0,0,15,0,0,0,0,1,0,0,1,91,115,324,184,5,148,0,5,1,0,291,0,70,0,132,0,2,0,8,0,0,64,17,44,29,0,0,3,0,0,2,4,2,1,0,21,1,81,236,0,9,0,3,1,3,0,20,6,0,5,106,131,141,3,0,0,0,2,108,4,14,17,11,1,0,1,15,0,1,1,11,0,342,0,34,0,23,0,0,6,0,0,0,2,13,1,181,64,1,2,0,0,0,10,1,38,0,0,2,0,3,0,0,1,24,2,1,0,3,9,0,55,0,9,1,6,296,0,179,1,1,9,34,2,82,0,0,11,5,36,2,0,2,0,0,1,0,2,23,5,5,0,40,0,1,2,2,0,4,8,68,41,5,1,1,0,59,0,32,3,0,0,0,0,0,0
"ENSG00000260386.6",0,0,0,0,5,4,5,1,0,4,0,0,0,0,1,0,1,9,0,5,0,1,0,1,6,0,7,9,1,4,2,0,4,0,1,0,23,3,1,2,0,1,2,1,2,0,4,0,0,0,1,17,0,15,2,3,1,2,0,0,1,1,2,1,12,0,0,25,9,6,1,10,9,0,0,1,11,1,1,16,20,1,0,1,13,1,10,2,0,7,0,102,0,0,1,0,3,10,4,1,3,0,0,2,4,2,41,0,40,0,8,0,0,6,1,6,2,0,8,31,2,12,0,1,6,0,0,0,2,6,2,3,33,1,1,0,0,3,0,0,0,12,62,3,1,3,14,0,11,1,0,1,7,8,3,7,1,2,10,17,0,3,7,8,0,0,23,9,7,2,4,2,8,2,2,0,5,4,0,2,0,0,0,9,0,5,1,0,4,4,1,0,13,14,0,3,0,8,1,7,2,1,3,51,0,9,2,3,6,1,28,12,175,6,3,1,2,2,1,2,0,1,5,0,0,0,1,3,0,2,24,1,1,2,0,1,0,1,1,3,3,4,4,4,2,15,3,0,8,22,1,3,1,1,0,1,0,1,3,0,10,9,1,1,2,67,5,3,44,0,3,0,11,0,3,1,4,0,4,2,9,23,0,3,1,17,0,1,8,0,0,3,1,13,2,20,19,0,9,0,2,4,0,1,3,0,1,5,27,40,0,4,2,3,14,19,39,0,10,15,0,0,0,2,8,9,3,3,0,1,9,0,0,0,7,1,18,0,1,0,0,0,1,22,79,4,0,0,22,2,2,20,0,6,2,1,0,4,3,60,10,3,2,1,0,2,12,13,0,0,0,14,1,7,86,0,30,4,3,35,1,2,8,1,2,8,3,90,2,0,12,1,1,6,11,0,19,11,6,0,3,6,5,2,4,0,4,32,0,1,3,1,0,2,1,1,12,0,3,4,0,6,0,1
"ENSG00000260426.1",1,0,0,2,5,0,0,0,0,0,0,0,0,0,1,0,31,0,0,0,1,0,3,0,1,0,0,0,0,0,2,0,0,0,0,0,0,2,0,0,0,1,83,3,0,0,5,0,0,0,0,0,0,0,0,0,0,0,0,0,0,0,0,0,0,0,0,0,0,0,0,3,0,0,1,0,0,2,0,0,2,0,1,14,0,38,0,0,4,0,3,0,0,0,7,0,0,0,0,0,0,0,0,0,0,3,0,0,7,26,0,0,0,0,33,0,0,0,0,1,0,0,0,0,15,0,0,0,0,0,0,0,1,0,3,0,0,0,0,0,0,1,0,0,1,1,0,1,12,137,0,0,0,0,0,0,0,0,0,0,0,1,1,0,4,0,0,2,0,0,74,0,0,0,0,0,0,0,0,0,0,8,0,0,0,0,0,0,0,0,0,0,0,0,0,0,0,0,0,1,0,0,1,1,0,0,0,0,0,0,12,3,0,1,0,0,0,0,0,0,0,0,0,3,0,0,0,0,1,0,1,0,0,0,0,0,0,0,1,1,7,1,0,65,1,0,0,4,0,0,1,1,0,0,0,1,0,2,0,0,0,0,1,0,0,0,12,0,0,0,0,0,0,0,0,0,0,0,0,0,0,0,0,0,0,0,0,8,0,25,0,0,0,0,1,0,0,0,0,29,0,170,0,0,3,0,0,0,0,0,0,26,0,47,22,0,0,1,0,0,0,0,0,2,0,0,0,0,0,0,0,0,0,2,0,0,0,0,0,1,0,0,5,701,0,0,0,234,0,0,0,0,0,0,0,0,14,0,0,1,0,0,0,25,1,1,0,0,0,0,0,0,1,0,1,1,0,0,0,0,0,0,0,26,0,0,0,0,0,0,0,0,0,1,0,0,2,0,0,0,0,0,200,0,0,0,0,2,0,0,0,0,0,0,0,0,0,1,1,0,0,0,0,0
"ENSG00000260428.3",81,6,19,15,18,24,38,30,50,455,39,51,18,150,320,6,31,35,37,35,21,5,17,17,6,8,39,28,8,86,32,22,16,25,15,84,54,23,14,16,29,161,11,8,5,23,57,12,6,6,21,4,8,94,24,18,7,123,16,19,17,11,26,38,5,76,23,13,32,31,206,32,8,0,48,5,66,246,30,28,90,60,856,44,13,12,53,17,162,97,145,32,34,180,16,0,7,25,14,2,20,46,45,14,8,60,17,5,86,26,10,0,7,10,41,15,45,22,28,32,1,28,6,43,88,8,7,28,120,110,16,2,108,28,27,2,13,0,147,7,3,57,198,7,10,66,76,380,28,44,1,12,7,17,7,20,57,13,45,56,116,144,101,185,41,24,45,456,6,72,25,392,38,54,15,16,79,69,259,16,0,26,15,42,47,18,17,14,14,45,41,9,78,54,3,28,4,48,1,65,22,71,68,16,0,38,6,6,87,32,11,19,62,6,22,50,75,13,34,30,1,8,20,46,4,1,64,26,21,10,139,59,58,30,65,26,4,21,13,51,9,55,43,15,104,36,26,9,23,31,17,12,0,20,11,16,2,36,42,34,20,7,145,55,9,57,136,3,50,9,23,2,79,2,28,51,172,2,20,44,9,185,47,7,33,5,0,17,47,26,11,12,47,110,22,29,16,17,51,199,37,82,89,6,16,19,24,17,46,38,22,41,27,52,61,64,37,30,30,50,8,156,2,21,56,28,6,9,5,4,78,7,20,28,61,5,34,29,8,28,2,11,12,482,28,0,21,263,30,2,3,73,12,47,32,2,64,157,19,47,30,40,97,109,62,28,174,13,7,43,77,105,12,51,108,37,11,12,14,38,47,9,79,8,10,28,186,6,15,35,331,16,0,84,143,16,14,103,48,1,17,27,81,7,187,10,40,11,3,7,13,56,19,6,12,8,4,70,41,8,4,44,236,9
"ENSG00000260442.5",1,0,8,0,0,1,2,0,3,10,4,0,1,9,13,0,2,10,1,1,6,0,4,2,6,1,5,4,1,2,3,11,2,2,2,15,2,1,0,0,1,4,1,4,0,4,8,5,1,5,1,3,1,6,4,5,3,2,5,3,13,14,0,24,2,1,0,0,1,13,21,7,4,0,3,0,2,5,13,3,4,6,26,13,3,0,4,0,5,0,15,2,1,10,10,0,15,7,1,6,1,5,12,2,3,1,17,0,31,0,0,0,3,2,1,0,0,1,11,14,5,6,0,2,13,0,0,2,2,9,5,0,2,2,9,0,5,2,17,0,0,1,9,2,4,11,9,2,4,3,0,1,2,5,1,7,1,3,18,6,14,1,1,0,0,13,10,31,14,6,0,2,0,0,5,1,5,24,0,3,1,3,2,2,8,6,8,2,1,15,0,11,5,3,6,2,2,1,0,8,0,6,1,1,0,11,3,0,13,0,1,3,13,2,0,0,6,2,5,1,1,6,0,10,0,0,7,5,2,1,11,1,4,1,2,14,0,1,0,8,0,1,3,1,3,21,0,9,1,2,1,10,0,1,1,0,1,5,25,15,17,3,1,11,0,2,6,0,33,0,4,1,35,1,5,1,1,0,4,25,13,10,0,2,1,3,0,1,0,6,7,3,2,4,11,7,2,0,4,3,15,0,48,2,2,4,2,4,1,7,15,1,0,9,8,4,6,3,9,5,1,3,0,2,4,17,1,2,10,0,16,2,2,10,31,0,2,3,1,10,1,2,3,11,18,1,0,5,3,0,0,8,0,15,2,2,1,6,3,1,1,3,1,0,7,1,3,1,0,5,7,3,6,2,27,4,3,0,4,4,1,7,1,12,1,13,2,1,6,2,5,0,0,3,0,0,19,17,5,0,0,8,8,2,4,1,0,3,0,7,1,1,2,0,0,0,4,64,5,0,1,0,1,2
"ENSG00000260493.1",0,0,0,0,0,1,5,3,3,7,1,6,2,7,11,0,0,5,1,0,2,1,1,2,0,3,0,1,0,0,4,3,2,1,0,1,3,0,5,5,1,2,0,4,0,4,1,0,0,1,0,0,0,0,1,2,1,0,0,0,2,1,0,3,0,1,1,0,3,2,18,5,0,2,2,1,4,1,0,4,3,11,6,0,11,0,2,2,3,3,4,1,2,7,0,0,5,2,1,2,1,0,2,1,2,1,2,1,11,2,0,0,2,0,0,2,2,1,3,6,0,2,0,2,3,0,0,3,0,5,0,0,10,0,0,0,0,0,0,0,0,5,4,0,2,1,1,0,3,2,0,0,7,6,1,0,0,2,5,2,1,5,6,0,3,3,2,7,0,4,5,1,2,1,0,1,1,8,13,0,0,0,11,1,0,0,3,0,1,11,3,0,1,1,3,0,0,5,1,0,0,2,2,4,0,5,0,0,0,0,1,0,0,0,2,2,0,1,1,3,0,1,0,0,1,0,3,1,0,1,1,1,3,1,1,9,0,3,4,2,0,1,2,0,3,5,2,2,4,1,0,0,0,17,0,0,0,0,2,1,1,0,2,5,0,2,7,0,1,0,0,1,5,0,3,0,1,2,3,0,1,0,8,0,0,2,0,1,6,1,0,0,0,4,8,3,0,2,8,10,1,0,3,0,2,0,1,1,0,0,1,0,0,0,3,0,2,3,0,1,0,12,0,6,2,0,0,1,2,0,3,0,1,6,1,0,5,3,1,1,0,0,1,12,1,2,2,1,1,0,0,8,1,1,0,1,4,6,3,0,1,0,2,5,50,1,2,4,1,2,0,6,0,0,4,5,0,0,1,2,2,4,1,1,0,1,4,0,0,0,5,5,1,3,0,2,6,7,7,0,1,1,0,0,3,0,2,1,0,1,0,0,3,0,2,0,1,14,0,1,1,0,2,3
"ENSG00000260495.1",18,0,29,0,7,0,10,3,9,20,2,9,6,35,11,2,3,3,3,2,4,0,0,1,7,1,3,2,1,8,8,4,3,4,5,5,1,4,1,10,5,9,8,3,1,11,4,1,0,2,2,4,3,10,4,8,2,3,7,1,4,5,1,6,3,6,2,2,6,6,25,4,1,0,2,0,12,11,9,9,9,9,6,7,14,4,6,4,8,5,5,13,2,15,7,1,14,10,7,4,6,1,3,1,3,2,16,0,24,7,3,3,2,3,4,2,3,3,3,24,3,11,0,2,1,1,1,13,2,23,1,1,18,2,2,1,5,1,13,3,0,16,16,1,4,6,13,9,8,0,2,4,5,3,0,7,4,5,12,4,6,8,3,7,5,1,15,15,2,3,6,3,1,26,7,0,5,7,50,5,1,4,4,6,7,0,2,8,7,16,3,16,14,12,0,14,3,14,0,3,4,2,6,12,0,13,1,3,19,5,6,13,6,0,6,4,6,5,9,5,1,2,3,2,0,1,7,8,5,20,8,8,6,6,9,9,2,4,1,5,1,12,7,1,12,3,9,8,3,13,5,2,1,17,1,1,2,0,8,13,6,5,2,16,1,12,19,0,21,2,4,3,15,1,3,4,9,0,2,6,10,8,6,0,4,3,0,1,8,5,4,2,8,22,7,7,4,3,13,27,5,10,40,3,5,3,0,11,4,9,6,12,5,2,10,10,7,21,8,5,1,12,2,5,4,13,0,3,5,0,2,6,3,3,19,2,5,2,11,5,0,4,6,9,4,0,4,6,12,0,0,13,6,10,1,1,4,39,6,21,1,0,5,18,17,5,12,1,11,4,1,9,0,5,49,5,2,1,1,5,6,6,5,0,2,14,6,2,4,2,7,3,1,3,8,2,9,6,9,0,9,7,4,1,21,9,4,1,3,1,8,3,3,0,0,1,5,24,6,0,0,0,13,1
"ENSG00000260498.6",0,0,0,0,0,1,4,0,0,3,0,2,0,1,5,0,3,2,1,0,3,0,0,0,1,0,2,4,0,0,1,8,1,1,5,0,9,0,0,0,0,1,0,0,0,1,4,4,0,0,0,1,0,0,0,0,0,0,0,0,0,8,3,0,0,0,0,1,7,3,3,0,0,0,0,0,5,3,3,0,0,4,6,7,5,1,2,4,0,1,6,7,0,3,0,0,0,1,3,0,0,0,4,2,0,0,4,3,1,1,3,0,1,0,0,0,1,0,0,3,0,14,0,1,2,1,2,0,2,2,3,0,0,3,0,0,4,0,2,0,0,0,1,0,3,1,10,1,1,0,0,1,2,1,4,1,1,6,6,8,1,6,3,1,2,1,8,0,0,0,3,1,11,1,0,0,0,9,1,1,0,1,0,1,3,0,17,0,5,0,9,0,2,4,3,2,0,4,1,0,2,5,1,0,0,0,0,0,1,4,2,18,13,1,0,3,1,1,0,3,0,0,0,1,2,1,4,0,9,1,0,1,2,0,0,0,0,3,0,0,0,1,0,2,6,4,1,2,2,2,3,1,1,3,0,0,1,4,0,1,1,1,2,0,0,0,8,0,0,0,3,0,0,0,1,0,2,1,0,3,1,1,7,0,1,2,0,1,2,4,0,2,1,4,4,0,3,3,4,3,0,2,0,0,1,0,2,2,0,0,4,1,4,3,4,8,2,0,1,7,1,2,0,0,4,2,0,0,0,0,3,0,0,7,5,0,1,3,0,2,1,0,4,6,4,2,0,6,0,1,0,0,0,7,0,4,2,6,1,1,3,0,1,3,0,0,4,1,0,1,1,1,13,0,2,3,6,0,0,1,5,5,1,0,0,12,0,0,26,0,2,2,0,0,0,6,5,1,0,1,0,0,10,1,3,0,5,1,0,4,0,0,1,0,5,0,0,8,1,0,0,3,2,0
"ENSG00000260518.2",10,0,0,12,241,235,242,0,0,5,0,4,0,263,164,1,117,59,42,489,1747,27,37,136,11,181,754,19,1,93,1301,32,859,40,477,2,58,4,19,98,417,9,1189,0,6,0,14,135,2,3,46,62,3,188,1,0,1,529,2,5,2,873,123,140,78,16,1,2,169,2,545,172,427,0,2,1,294,24,232,297,973,377,1,356,124,1,50,16,95,444,211,551,463,521,2,1,1,133,644,0,200,0,1,8,0,2,544,2,613,1,600,2,34,48,403,92,1,132,831,5,20,2,1,179,349,0,4,101,366,145,4,1,274,144,21,1,0,1,19,14,1,5,53,0,190,38,24,440,189,0,2,0,0,4,109,506,273,87,102,187,237,36,581,1681,232,45,660,2,0,472,13,123,111,135,162,254,823,188,1,215,2,2,90,706,275,0,6,1,40,593,0,1,100,494,156,1470,1,918,0,4,249,2,494,121,1,935,1,1,385,0,109,583,790,1343,0,8,0,0,47,516,1,142,31,180,0,0,19,0,20,122,0,664,3,1,1,294,0,2,351,1034,17,299,0,15,321,33,369,0,8,5,0,4,0,656,0,2,1,102,3,174,631,56,32,1368,0,625,34,2,848,0,552,1,840,3,31,7,252,2,1,4,465,390,1,8,2,268,0,111,573,277,8,325,2,864,0,316,176,2,1,0,647,2,3,2,798,1,2,2,571,591,2,164,327,19,104,1,174,412,101,7,1255,0,1,200,823,2,25,0,344,1,331,32,11,2,3,2,1,4,0,1,2,3,191,0,113,156,158,12,47,0,0,90,10,2045,0,0,12,0,29,3,324,30,2,0,2,6,383,587,15,246,0,264,3,25,75,2,372,2,0,9,122,76,538,183,1,254,88,3,402,23,555,0,1,225,15,13,551,14,5,1,0,348,454,1,2,2,6,783,0,36,159,0,13,1,651,1,205,1,473,4,17,0,6,1
"ENSG00000260573.4",0,1,4,1,0,0,0,0,0,0,260,212,685,0,10,0,0,1,3713,0,1,0,4,1,2,0,0,1,0,0,0,0,27,0,1,161,23,0,1743,1799,0,0,0,601,1,0,0,7,0,0,0,1,0,18,9,1,17,0,0,1,47,0,2,0,4,1,0,443,1,1,0,14,0,2,0,0,0,1,482,0,36,1,0,0,0,0,0,51,1,0,3,857,0,3,144,0,13,1,132,0,0,0,0,3,1,16,0,2,3,0,4,0,0,5,0,0,2,0,0,1011,4,0,0,16,1,0,0,6,1,4,0,0,0,0,3,0,585,0,0,3,0,2,4,1,0,0,58,12,1,1,0,0,0,1,0,1,0,0,2346,4,0,0,0,1,1,0,0,1,0,0,1,1,55,0,0,1,1,358,0,64,2,0,274,0,10,0,0,1,0,0,0,0,0,8,1,0,0,36,0,3,1,1,4,0,2,26,0,0,0,1,0,5,0,0,4,0,7,14,5,17,0,0,0,1,0,0,1560,0,0,473,1,0,0,359,4,81,0,19,0,0,0,1,23,1,1,130,0,0,37,11,0,1,0,0,0,0,0,2,902,0,1,1,2,4,0,21,1,0,0,0,0,0,0,1,0,0,42,0,108,0,0,36,0,0,2,0,0,2,0,2,0,4,0,3,13,2,0,52,0,1,0,0,0,0,0,1,0,0,1,15,396,4,3,1,140,26,21,1,0,4,0,0,0,0,2,0,0,1807,263,0,141,0,1,0,212,1,192,0,84,16,0,39,0,0,0,0,0,4,4,0,0,1,0,22,2,1,4,1,0,14,1,0,196,0,0,1,0,0,44,2,2,40,0,486,1,1,0,0,1,0,0,0,0,0,1,0,30,3,0,4,30,223,0,2,0,0,18,142,35,0,0,0,0,15,1,0,0,0,0,0,0,0,0,0,0,0,0,0,1,1,1,0,102,0
"ENSG00000260585.1",5,0,0,1,1,0,0,0,0,0,7,0,0,6,2,0,0,0,2,4,0,1,1,0,0,1,0,1,0,2,2,2,0,0,0,0,0,0,0,0,0,1,3,3,1,0,1,0,0,0,0,5,0,5,0,0,3,3,1,0,0,11,1,0,0,0,2,5,2,0,14,4,1,0,1,0,3,1,3,5,1,9,4,0,3,0,1,0,0,0,1,8,0,0,2,0,0,0,2,2,0,0,0,0,1,0,2,0,15,0,0,0,1,0,0,0,4,7,4,5,0,4,0,0,2,0,0,2,1,2,0,0,1,1,0,0,1,1,3,0,0,0,7,1,0,4,2,1,2,0,0,0,0,1,0,0,2,7,3,4,0,0,6,1,0,4,1,0,1,12,0,9,2,8,0,0,2,2,0,2,0,0,0,0,0,0,1,0,10,1,0,0,0,3,3,0,0,0,0,0,0,2,1,7,0,4,0,1,1,0,0,3,2,1,9,0,0,0,0,12,0,0,0,1,0,0,2,0,0,1,0,0,0,1,2,1,0,0,0,1,0,0,1,2,0,7,9,1,13,0,0,0,0,8,0,0,0,0,0,1,1,0,0,0,0,1,0,0,0,0,0,0,2,0,0,0,3,0,0,3,8,7,2,0,1,4,0,1,0,5,0,0,0,1,1,3,1,1,1,0,2,0,1,0,4,0,0,0,1,7,0,0,0,1,3,0,1,2,0,1,0,2,0,0,1,0,0,0,4,0,2,1,0,2,5,0,1,0,1,0,0,1,0,0,3,1,0,0,2,0,0,2,0,2,0,0,0,0,0,4,2,0,2,5,0,0,0,2,0,0,1,2,0,3,11,1,1,0,0,0,1,1,1,0,0,1,1,1,0,0,0,0,0,0,3,0,5,4,0,0,2,1,0,0,0,0,2,5,0,0,2,0,2,0,0,0,1,1,2,0,0,0,0,1
"ENSG00000260589.1",6,0,12,4,6,3,1,1,5,24,0,4,21,60,22,1,5,9,8,2,14,0,9,1,15,3,3,1,0,14,14,4,4,13,3,6,16,2,4,8,6,6,7,5,0,1,4,0,3,5,1,6,4,29,6,23,5,8,12,2,3,8,8,10,4,17,11,4,30,7,39,1,1,1,0,1,29,5,11,7,15,21,4,1,29,4,6,10,7,7,10,13,12,8,0,0,5,0,14,1,2,3,1,0,3,15,19,0,58,18,4,7,7,2,14,7,35,3,6,73,6,9,6,12,1,0,0,18,11,13,6,2,23,2,4,2,14,0,16,2,1,20,9,0,11,12,20,43,11,1,2,3,11,10,0,7,8,15,28,12,5,5,8,11,10,6,19,12,10,18,0,5,3,38,0,0,2,15,22,7,0,6,5,19,3,2,8,4,22,8,1,6,6,22,2,22,3,21,1,10,2,20,9,33,0,5,4,6,5,10,7,12,8,8,26,10,0,0,11,24,0,6,2,1,3,0,18,15,1,4,6,9,12,5,2,2,0,1,0,4,0,7,10,0,24,13,4,2,22,17,3,2,1,18,3,7,1,0,4,12,9,8,11,37,0,5,6,0,18,0,1,3,20,1,9,16,7,2,5,8,7,4,10,0,7,4,0,2,3,3,3,3,5,7,4,30,4,8,7,35,17,6,35,10,11,1,0,13,9,6,11,12,3,13,17,45,14,22,8,5,2,29,1,33,15,19,1,3,4,0,3,10,6,10,14,0,6,4,8,7,2,2,6,13,7,3,3,10,9,1,1,24,3,16,2,2,15,29,9,14,1,0,2,25,42,9,1,10,1,4,2,12,0,10,25,5,10,3,1,6,3,12,13,0,1,6,9,8,5,2,22,3,1,10,5,5,7,14,12,2,21,2,14,6,26,12,7,9,2,6,5,0,16,4,5,1,10,20,18,1,1,2,54,0
"ENSG00000260592.1",7,0,0,2,1,0,0,0,10,0,0,0,1,0,5,0,0,0,1,0,0,0,0,0,1,0,0,0,0,2,0,0,1,0,0,3,0,4,1,0,0,6,2,0,0,1,0,0,0,0,0,1,0,2,0,0,36,0,0,0,0,3,0,0,0,0,0,0,4,0,0,1,2,0,1,0,3,0,0,0,0,1,23,0,0,0,7,0,6,0,0,0,0,6,0,0,3,3,0,0,3,0,1,0,0,0,0,0,1,0,0,0,1,0,0,0,0,0,1,0,0,4,0,0,1,0,0,0,0,0,0,0,0,3,2,0,0,0,0,0,0,0,18,0,0,5,5,0,0,0,0,0,0,0,0,0,125,0,0,2,0,2,7,0,0,1,17,0,0,0,0,1,0,1,2,0,2,1,13,0,0,0,0,0,0,0,0,0,2,0,0,1,1,0,1,1,0,2,0,0,0,0,0,2,0,0,6,1,0,0,1,0,0,10,1,1,0,0,1,1,0,0,22,2,0,0,0,2,2,0,0,0,0,1,0,23,0,0,0,1,0,0,0,0,8,0,0,7,0,1,0,0,0,14,0,0,0,1,0,1,0,0,3,0,0,0,0,0,2,0,4,0,0,0,0,0,0,0,0,0,0,14,0,0,0,0,0,0,1,7,0,0,0,1,0,0,5,0,0,2,0,0,1,1,2,0,30,0,0,0,0,0,0,1,0,64,0,0,1,2,1,3,0,0,12,0,1,0,5,0,0,0,0,0,1,0,0,2,0,7,0,0,10,0,0,0,0,0,0,2,1,7,0,0,0,0,0,1,0,0,0,0,0,2,0,0,1,0,0,0,1,0,7,0,0,0,0,0,1,0,0,0,2,0,0,2,0,0,0,0,2,0,0,0,0,3,1,0,1,0,0,0,0,0,0,0,2,0,0,6,2,0,5,8,0,0,0,0,0,0,0,0,0,1
"ENSG00000260593.1",31,0,27,1,2,2,0,1,1,31,1,2,1,3,0,1,1,1,0,1,1,0,0,1,0,0,6,2,1,1,0,3,1,1,0,0,1,0,0,0,1,14,0,0,0,12,0,0,0,3,1,0,2,0,0,10,0,9,0,1,0,1,1,0,0,0,3,0,0,0,7,0,0,0,0,0,3,2,0,1,0,0,2,4,0,0,5,1,0,0,0,1,0,0,0,0,4,0,0,0,0,2,1,0,0,0,15,1,2,0,3,0,0,0,0,0,3,1,3,1,0,11,0,3,0,0,0,1,17,21,2,0,2,1,0,0,2,0,6,0,0,8,0,0,2,1,9,21,0,9,0,1,0,0,1,0,1,0,0,0,3,0,0,4,8,0,11,3,2,1,3,1,0,1,1,0,0,1,9,0,0,0,0,0,0,1,0,0,1,1,0,0,5,10,0,5,0,4,0,0,0,3,4,0,0,1,1,5,110,2,0,4,0,3,3,1,0,1,0,2,0,1,2,1,0,0,0,4,0,1,5,4,3,0,2,0,1,1,0,2,1,1,0,0,23,12,0,0,1,2,0,0,0,12,0,1,0,0,0,0,3,4,2,1,0,8,6,0,1,0,0,2,2,0,0,1,2,0,0,0,0,1,0,1,1,0,0,2,6,0,0,0,3,1,0,7,0,0,5,38,3,0,2,0,9,1,1,1,6,1,0,1,5,1,1,2,1,1,0,0,0,5,0,3,3,5,0,0,0,0,0,4,1,1,1,1,0,0,0,0,0,2,2,21,0,1,0,0,1,0,1,14,2,3,0,0,0,4,3,16,0,0,0,36,4,1,4,0,0,1,0,1,5,0,4,0,1,2,1,0,2,0,1,0,2,0,3,1,6,0,1,1,1,9,3,1,1,3,0,0,4,1,0,0,1,0,1,0,1,0,1,0,1,2,0,0,1,34,5,0,0,2,0,0
"ENSG00000260601.1",0,0,0,0,0,4,7,0,0,0,0,0,0,0,0,1,0,1,1,0,0,0,0,0,0,2,0,0,0,0,0,1,24,0,5,1,11,0,2,10,0,4,0,41,1,2,0,0,0,0,0,1,0,21,1,3,0,1,0,1,0,0,2,0,1,0,1,14,2,0,2,2,0,0,2,0,0,0,1,5,32,0,1,5,2,1,11,0,1,2,7,23,9,18,0,0,0,0,6,0,0,0,0,1,0,0,3,0,0,0,11,0,1,0,2,1,0,0,0,32,1,0,3,20,1,0,0,0,21,0,0,0,1,1,0,0,0,0,1,0,0,0,0,0,0,0,2,0,0,0,0,0,4,0,1,0,0,31,6,8,0,0,2,6,0,0,72,4,1,7,0,27,68,1,8,0,5,0,0,0,0,0,0,0,0,2,2,1,25,2,0,2,0,0,0,0,0,55,0,1,2,18,11,0,0,33,0,0,10,1,0,0,7,0,0,1,1,0,0,69,0,0,0,0,1,0,1,0,1,8,0,5,14,9,0,3,0,1,11,0,0,6,2,2,0,3,30,0,17,0,0,0,0,0,0,0,0,0,0,1,4,2,0,7,0,2,5,0,0,0,12,0,13,0,6,0,11,0,0,0,1,5,0,0,0,2,0,1,8,0,0,0,0,0,3,0,1,0,8,0,0,1,0,0,2,0,0,0,0,30,0,0,10,0,0,1,19,0,0,5,1,0,0,0,26,0,0,0,10,0,25,0,3,0,54,0,31,0,0,0,0,0,6,2,3,0,0,0,0,0,0,0,0,40,0,0,0,0,1,10,23,0,16,8,0,0,0,19,2,0,1,11,0,0,0,0,51,0,0,0,0,0,1,0,0,0,0,4,3,0,21,4,0,3,0,0,8,0,0,0,19,1,0,7,0,0,0,25,0,0,1,0,0,0,0,0,1,0,1,0,0,0,0,0
"ENSG00000260641.1",5,1,1,1,4,0,0,0,1,6,275,559,914,10,3,1,6,1,4,1,0,0,2,0,0,0,0,3,0,6,5,0,2,0,2,8,2,1,675,357,0,1,2,116,2,0,2,0,1,0,3,4,1,7,71,1,8,1,0,0,3,5,0,0,3,0,3,21,2,3,4,4,0,0,0,0,1,2,37,5,38,0,3,0,1,3,2,3,83,0,2,1,1,0,5,0,105,2,10,2,1,0,0,0,2,1,5,0,6,3,0,5,0,0,2,1,2,0,5,21,3,0,1,2,0,0,0,0,0,3,2,2,0,0,2,0,29,0,0,0,0,5,6,0,3,8,2,2,0,1,2,0,1,1,0,1,1,5,65,0,2,0,2,5,3,0,7,2,1,0,0,2,1,23,3,3,0,0,21,5,2,0,4,6,21,0,4,0,11,0,0,43,0,3,1,1,1,7,0,4,0,1,3,9,1,2,17,7,0,1,4,1,1,0,7,1,20,1,5,1,1,0,0,0,0,0,27,7,2,19,1,1,4,25,0,4,1,0,0,3,4,3,69,0,4,12,1,0,10,0,0,0,0,4,0,2,0,0,22,9,2,3,1,1,1,0,0,1,0,0,2,2,0,0,1,2,0,0,49,1,0,0,0,0,1,1,1,4,0,4,1,1,0,1,151,2,9,11,1,2,2,1,0,0,0,1,0,2,2,1,3,1,0,1,7,5,1,10,6,0,0,2,0,12,3,0,0,79,4,0,78,0,1,1,2,0,2,2,104,1,3,5,1,0,2,0,0,1,2,1,1,59,1,0,2,1,0,2,0,0,0,1,8,19,12,2,1,2,1,0,1,20,0,78,7,2,41,0,7,1,0,1,0,0,0,1,4,3,0,0,2,9,1,1,2,0,14,71,8,0,3,1,1,0,9,4,0,0,2,29,5,0,1,1,0,3,17,15,23,2,0,1,52,2
"ENSG00000260644.6",0,0,0,0,0,0,0,0,0,0,0,0,0,7,8,1,0,9,0,2,0,1,1,0,16,0,0,9,0,10,6,0,8,0,2,0,6,0,0,0,0,0,0,1,0,0,0,2,0,0,0,13,0,8,0,0,0,0,0,0,0,10,0,2,0,0,0,0,0,0,12,2,0,0,0,1,0,0,1,4,4,10,0,1,20,0,0,0,1,0,0,4,1,0,0,0,0,5,29,0,0,5,0,0,0,1,1,0,10,0,6,2,0,6,1,3,1,0,7,25,1,0,1,0,1,0,0,3,2,8,0,0,1,0,0,0,1,0,1,2,0,0,0,2,0,11,1,0,0,1,2,0,0,14,0,0,0,2,3,5,1,0,2,2,0,1,12,0,0,19,0,0,0,48,0,0,2,2,1,4,0,0,0,14,6,0,7,0,1,14,2,0,2,17,1,0,0,0,0,5,3,0,0,14,0,9,0,0,1,1,0,0,0,5,2,0,0,0,2,0,0,4,0,0,0,0,1,12,0,0,5,12,1,1,0,1,0,0,2,0,0,0,0,0,2,2,4,0,0,1,0,0,0,0,0,0,0,0,1,4,15,2,0,9,1,0,0,1,30,0,3,0,9,0,1,0,1,0,0,3,16,1,1,0,1,0,0,2,0,1,2,0,1,3,0,3,43,0,0,0,0,0,2,0,0,0,0,0,6,18,0,0,18,0,0,1,6,0,0,0,0,0,0,2,0,0,0,2,0,0,11,0,1,0,0,0,0,0,1,0,0,0,0,0,20,7,0,0,0,0,1,5,2,26,0,2,0,0,0,0,0,0,2,5,0,0,0,5,3,2,0,1,0,4,46,0,18,0,0,26,4,3,0,0,0,0,0,1,1,0,0,0,0,0,0,0,3,5,1,0,1,0,0,0,2,1,1,3,0,0,1,0,0,0,0,0,3,1,0,0,0,0,0,0
"ENSG00000260729.1",8,0,0,9,1,1,0,5,12,2,39,56,11,14,12,1,7,9,14,5,6,5,1,2,26,11,3,5,0,19,12,1,8,9,12,2,32,1,22,112,0,3,7,102,2,0,2,2,2,5,1,1,2,4,12,5,9,3,2,2,25,0,16,4,9,8,15,70,5,5,25,4,2,1,0,4,8,6,5,3,69,6,9,0,6,2,0,22,9,0,0,18,2,3,1,1,10,2,8,3,2,5,0,17,2,1,12,1,14,4,1,3,2,0,6,5,11,26,3,19,5,9,1,21,4,2,0,0,8,15,14,2,19,3,1,4,1,2,8,8,1,7,15,1,5,2,4,3,1,3,0,3,1,10,1,36,17,5,34,20,28,0,6,7,0,4,20,1,0,7,1,16,36,4,0,4,2,0,17,36,0,3,9,34,99,0,1,0,8,2,2,1,4,16,9,1,3,3,1,7,1,5,2,8,0,2,2,4,0,6,6,1,3,6,11,0,5,0,6,63,1,0,0,9,2,1,87,22,0,17,11,7,3,20,0,1,0,26,3,2,3,4,5,4,10,4,4,0,23,43,2,0,1,3,1,0,0,0,51,2,16,12,4,3,2,11,1,1,11,1,0,4,3,0,5,4,0,0,15,2,29,1,1,0,64,0,1,0,0,1,2,3,0,10,0,0,4,9,5,6,3,0,6,1,0,1,4,6,5,16,43,1,2,2,10,5,7,10,1,5,8,8,0,12,2,4,0,57,0,0,14,1,2,1,51,2,35,2,2,2,1,16,13,1,9,1,0,0,0,0,1,3,13,12,18,2,2,13,5,1,15,0,132,1,22,21,0,0,5,0,1,28,1,5,8,1,4,4,2,32,3,1,9,1,2,0,0,6,0,0,12,33,0,3,1,4,21,2,25,3,7,3,7,39,111,13,0,20,0,3,9,1,23,5,2,0,3,4,3,1,4,3,0,0
"ENSG00000260761.1",1,0,0,0,0,0,0,0,0,0,0,0,0,18,12,1,0,3,0,2,0,6,10,0,1,0,0,6,0,6,0,0,2,0,0,0,2,0,0,0,0,0,0,0,0,0,0,0,0,1,0,21,0,18,0,0,4,0,1,3,0,0,0,75,0,0,0,0,0,0,126,8,1,0,0,4,13,0,0,14,35,58,0,0,11,0,0,7,0,0,0,5,0,0,0,1,0,5,0,0,0,0,0,0,0,2,0,0,69,2,2,0,0,1,1,2,0,0,0,0,0,0,0,0,1,0,1,62,0,27,16,0,7,0,0,0,0,1,2,7,0,0,68,1,0,0,0,0,0,0,0,0,0,129,1,0,2,0,0,0,0,0,0,0,0,35,0,0,0,108,0,4,0,155,0,0,0,37,0,0,0,0,0,0,0,0,5,0,0,57,0,0,0,27,15,0,0,0,0,0,0,0,0,4,0,13,0,0,0,0,0,0,0,11,4,0,0,1,39,1,0,9,0,0,0,0,0,0,0,0,0,0,0,0,0,2,1,0,0,0,0,0,0,0,0,0,0,0,0,0,0,0,0,5,0,0,0,0,36,65,41,5,0,43,4,0,0,0,0,1,6,0,15,0,0,0,16,0,0,19,1,12,0,0,0,0,0,0,1,0,0,0,0,0,0,0,104,0,0,0,0,0,13,1,0,0,0,0,14,0,0,0,0,0,0,0,0,0,0,0,0,0,0,0,0,0,0,1,1,1,62,1,0,0,0,0,0,0,1,0,11,0,0,14,30,0,6,0,0,0,3,1,0,38,0,0,0,1,0,0,1,0,0,0,0,1,0,1,0,0,0,2,0,0,4,0,3,0,0,1,0,1,0,0,0,13,0,5,0,0,0,0,0,0,0,0,3,0,0,0,0,0,0,0,0,0,0,0,0,0,0,0,38,1,0,0,31,1,3,0,0,2,0,0
"ENSG00000260777.1",1,0,19,0,1,2,0,0,0,0,0,1,2,34,2,1,0,1,0,2,0,0,1,0,0,1,0,1,0,0,0,3,1,0,0,0,1,0,1,1,0,5,0,2,0,2,1,0,0,0,0,1,0,2,1,1,0,0,6,0,0,34,0,0,0,0,1,0,3,2,15,0,0,0,0,0,9,1,2,0,1,6,0,1,1,2,0,3,0,2,1,0,0,0,0,0,0,0,0,1,1,2,2,0,1,1,8,0,11,3,0,1,0,3,0,0,2,0,0,0,0,1,1,3,2,0,0,0,3,25,0,0,34,0,1,0,0,0,6,0,0,0,0,1,0,2,0,5,0,0,0,0,2,4,0,0,0,2,1,8,0,0,1,0,0,5,1,1,1,2,2,0,0,2,0,2,0,0,1,0,0,1,0,5,0,0,0,0,5,2,0,0,0,1,0,4,0,0,0,2,0,7,0,39,0,1,0,2,1,1,0,0,2,0,2,0,0,0,0,6,0,1,0,0,0,0,0,1,0,0,0,0,1,0,1,0,0,1,0,0,0,0,1,0,7,7,1,0,2,2,0,0,0,0,0,1,0,0,0,3,2,11,4,0,3,0,0,1,15,0,0,0,2,0,0,2,4,1,1,6,13,2,1,0,0,2,0,0,1,1,1,0,0,3,6,0,2,1,1,0,1,0,7,0,13,0,1,0,0,2,0,0,0,0,1,0,5,0,1,0,0,1,0,3,0,7,0,0,0,1,1,0,1,3,2,0,1,2,0,0,0,0,0,0,4,2,0,0,0,0,2,0,0,0,0,0,0,0,0,6,10,1,0,2,6,1,1,3,0,0,0,0,0,0,5,0,0,0,0,11,0,6,2,0,0,0,2,1,0,1,2,0,0,0,0,2,5,0,0,0,0,1,0,0,0,0,1,1,0,0,1,0,0,0,1,0,1,0,9,0,0,0,4,0
"ENSG00000260874.5",0,0,0,2,4,1,3,4,1,1,1,11,2,10,9,3,1,7,13,1,2,0,1,4,15,3,0,19,0,7,5,16,4,9,7,8,5,1,5,11,0,4,1,3,0,0,2,0,1,2,0,7,0,2,4,17,1,0,5,1,3,1,5,6,2,9,9,6,19,10,14,1,2,0,0,0,5,1,2,14,12,19,4,0,15,3,0,0,0,0,2,6,2,0,0,1,2,33,5,3,0,1,1,0,1,4,4,2,15,2,4,2,5,2,5,1,4,0,9,14,1,2,8,2,2,0,1,2,3,11,8,2,2,1,9,1,7,0,13,9,1,6,2,1,5,27,1,3,1,1,0,4,2,4,4,9,0,5,6,8,1,0,3,3,0,16,3,5,2,10,0,8,5,32,0,1,4,5,4,8,1,3,1,12,6,0,6,10,3,7,5,1,2,3,1,4,0,2,3,27,7,55,7,30,1,6,1,6,3,12,4,6,1,6,3,6,0,0,1,9,0,2,0,0,3,2,3,45,0,1,5,5,2,3,1,0,0,0,2,2,1,4,4,1,3,5,2,0,7,13,3,1,0,6,2,10,2,2,3,16,14,5,5,5,0,1,2,1,26,0,3,2,4,0,4,2,0,1,1,5,23,1,3,0,13,0,0,0,0,5,0,1,0,3,0,8,18,7,1,2,17,0,3,0,0,0,0,2,7,18,9,1,8,7,0,12,5,8,1,0,3,11,0,6,9,8,0,4,0,1,13,1,2,0,30,0,6,12,8,1,0,2,8,3,2,4,2,0,2,0,1,16,5,16,4,0,3,5,3,0,23,1,3,8,8,8,0,1,0,1,3,8,1,2,10,0,24,0,3,17,0,12,18,0,1,1,2,1,1,53,0,9,1,6,0,5,11,4,5,0,4,4,5,1,4,4,2,1,0,1,4,1,2,2,4,1,4,3,11,1,1,3,6,1
"ENSG00000260887.3",0,1,0,0,0,5,0,1,2,0,4,0,72,0,0,1,0,1,0,0,0,1,0,3,0,0,0,9,0,0,0,0,6,8,2,6,0,0,8,6,0,0,0,113,2,0,3,0,0,14,11,10,1,4,6,0,34,2,0,0,24,0,0,0,0,3,1,0,0,1,1,0,5,0,0,0,0,10,0,0,16,3,12,0,0,0,1,8,18,1,1,18,1,0,16,0,12,0,4,0,0,5,0,7,0,2,5,0,33,0,0,0,38,4,0,44,2,0,2,126,0,6,2,1,0,1,0,0,5,2,0,0,0,1,1,0,2,0,2,0,0,1,8,1,0,5,0,0,10,0,0,5,0,0,4,0,1,0,0,4,0,7,4,0,0,1,0,5,0,0,12,1,6,538,4,0,1,17,5,11,0,1,0,1,2,6,0,0,0,2,0,0,4,1,2,1,0,11,7,0,5,41,2,2,0,4,3,0,8,0,0,36,0,0,4,0,9,7,2,0,2,0,1,1,0,0,119,0,1,5,0,22,0,32,30,16,0,3,0,2,0,0,4,6,0,0,8,26,6,7,0,0,0,0,0,0,1,0,25,0,5,0,0,8,2,0,2,3,33,0,2,0,3,0,0,0,0,0,3,0,1,32,0,2,49,0,0,10,1,1,1,4,4,1,23,7,0,5,0,0,0,1,0,0,20,3,0,3,5,36,0,14,8,0,1,2,4,0,20,0,0,0,0,0,1,1,1,101,0,0,14,0,3,0,7,1,4,0,15,139,0,3,0,0,0,0,0,92,6,0,1,1,1,4,3,5,0,1,4,76,1,2,49,1,0,0,0,0,0,0,3,0,66,31,196,4,137,0,1,0,0,7,54,0,1,0,1,9,0,0,2,2,0,5,36,0,40,0,1,0,0,1,1,28,8,0,6,0,0,6,3,0,5,7,0,0,0,0,3,0,0,1,1,0
"ENSG00000260918.1",5,0,2,1,3,0,0,0,1,0,1,0,2,21,2,0,0,2,0,1,0,1,4,1,0,2,1,0,3,1,0,7,2,1,0,272,4,0,0,0,0,0,4,2,0,0,0,0,1,101,2,3,2,0,0,0,0,1,1,0,0,0,1,1,0,3,0,1,3,2,6,2,1,0,1,1,3,0,98,11,10,1,2,2,0,0,0,0,0,0,0,4,14,0,1,0,2,0,129,2,0,0,0,1,1,2,0,0,67,30,0,0,0,0,0,1,1,0,0,3,0,0,23,0,0,2,0,1,0,1,1,0,3,0,4,1,2,0,3,0,1,2,1,1,1,2,2,2,2,1,0,0,0,3,0,0,0,1,1,0,0,0,2,0,1,0,4,6,2,3,0,1,0,1,0,0,0,34,6,1,0,3,1,1,0,1,0,0,2,0,1,4,0,0,0,0,0,7,0,2,0,1,2,9,1,4,0,1,0,1,1,0,1,1,9,1,2,0,1,1,0,0,2,0,0,0,1,0,1,5,1,2,1,0,2,2,2,21,0,1,1,1,0,1,11,1,2,0,1,1,0,0,0,3,0,0,0,1,1,6,0,1,12,24,0,2,1,0,0,0,1,0,6,0,0,18,2,0,0,1,1,2,0,0,2,2,0,0,5,3,2,0,2,1,0,1,10,0,0,7,0,2,5,0,0,0,0,0,0,2,0,2,4,0,43,4,4,0,0,0,9,2,1,3,0,0,1,0,1,0,4,1,1,0,0,2,0,3,2,1,1,0,0,2,0,21,0,1,0,0,0,6,0,10,0,0,9,0,9,0,4,0,0,5,3,0,5,1,0,1,0,0,0,0,5,1,0,0,0,0,4,0,0,0,0,1,0,1,7,0,2,0,0,0,0,0,2,248,4,0,0,2,2,0,0,0,2,3,0,0,2,0,0,0,1,2,0,0,0,3,1,0,4,0
"ENSG00000260924.2",45,1,29,6,22,14,64,10,26,25,20,25,45,47,68,12,14,23,20,27,24,9,45,7,34,4,50,9,10,29,45,23,28,31,4,15,30,14,52,42,12,21,19,14,6,54,12,10,5,10,10,19,7,53,23,59,13,29,22,5,30,12,37,14,9,34,16,12,29,29,95,20,7,8,49,4,68,14,57,12,51,57,44,17,33,14,18,4,20,22,43,27,19,209,16,3,12,9,83,2,23,17,14,10,9,53,50,2,96,30,18,8,9,9,23,23,34,41,54,77,8,24,12,75,28,8,4,44,54,55,11,4,64,25,4,4,47,2,18,10,0,60,16,5,20,31,49,58,35,7,3,11,56,19,9,40,11,30,29,42,48,28,7,32,26,9,55,84,6,7,7,22,21,38,13,16,23,259,58,11,2,37,31,28,53,11,27,23,24,22,22,104,25,43,25,61,6,49,6,10,12,54,48,46,2,59,9,22,35,46,18,33,30,9,15,8,22,8,18,48,10,19,18,9,13,1,21,12,5,29,36,40,29,14,42,18,5,11,12,28,2,23,24,6,50,54,58,15,95,40,6,16,7,102,4,12,7,21,19,25,34,30,62,161,8,24,33,7,36,7,21,2,95,1,19,28,73,8,15,28,32,29,17,2,21,39,2,11,67,19,5,13,20,167,22,70,21,28,46,94,43,18,177,21,65,11,2,23,24,33,41,38,52,24,11,25,12,37,16,37,9,89,7,63,37,32,8,22,22,5,23,19,16,34,19,6,61,14,12,21,1,22,19,132,4,13,22,98,39,1,1,70,10,46,16,14,38,129,33,50,15,8,21,57,90,33,28,30,17,15,22,36,6,42,28,30,24,7,8,27,31,16,57,14,8,59,39,19,14,10,76,17,2,32,12,12,26,67,39,5,32,27,11,21,74,19,19,16,4,8,20,21,19,4,18,5,20,62,14,12,1,6,35,5
"ENSG00000260930.2",0,0,0,0,1,0,1,0,0,0,0,0,0,22,4,0,0,3,0,0,0,0,0,5,0,0,0,4,0,39,0,0,1,0,0,0,30,0,0,0,0,0,0,0,0,0,0,1,0,0,0,5,0,9,0,2,0,2,39,0,0,15,0,17,0,1,0,0,1,0,61,0,0,0,0,0,0,0,8,9,11,14,0,1,3,1,0,0,0,0,0,10,2,1,0,0,0,11,24,0,0,0,0,0,0,0,0,0,35,1,0,2,0,5,0,0,2,0,1,0,0,35,0,3,0,1,0,1,0,14,1,0,28,0,0,0,0,0,25,0,0,1,23,0,1,0,7,0,4,0,0,0,0,27,0,0,0,0,5,3,4,0,0,1,0,2,2,1,0,0,0,0,0,78,0,0,0,25,1,0,1,0,0,0,4,0,12,0,1,21,0,2,0,36,1,6,0,0,0,0,0,0,0,45,0,25,0,0,5,2,0,1,1,9,21,0,0,0,8,11,0,2,7,0,0,0,0,36,0,0,0,1,0,0,0,2,0,0,0,1,0,0,0,0,2,2,1,0,0,0,0,0,1,0,0,0,1,0,1,30,27,6,0,61,1,1,0,0,40,0,4,1,14,0,0,0,20,0,0,11,1,19,0,0,0,0,0,0,0,0,0,0,0,0,0,15,56,0,0,0,0,0,3,0,8,0,0,0,6,7,0,0,1,0,1,0,17,0,0,7,0,0,0,1,1,0,0,0,0,0,44,0,5,0,0,0,0,0,0,0,0,0,1,0,50,0,0,0,6,0,0,0,0,53,0,1,0,0,1,0,0,0,0,0,0,0,0,42,0,0,0,0,3,0,67,0,29,0,1,1,6,7,1,0,0,0,0,11,0,0,1,0,0,1,0,0,0,32,0,0,0,0,0,0,4,0,6,15,0,0,1,0,0,0,0,0,19,3,0,0,0,0,0,0
"ENSG00000260942.1",107,2,72,25,55,52,6,18,45,107,93,73,103,247,120,11,59,80,47,36,42,18,39,35,115,35,55,44,10,54,95,68,33,62,38,42,29,19,69,124,3,58,78,29,15,28,28,21,0,42,32,53,18,100,48,148,14,36,52,15,38,40,37,20,29,79,52,19,118,54,266,47,17,4,12,19,78,48,87,60,121,159,97,22,82,26,23,23,80,13,92,102,41,35,21,4,44,33,94,9,36,21,12,19,37,74,50,6,282,70,84,20,30,28,59,48,230,40,53,131,16,123,45,65,34,14,0,51,74,157,25,11,145,27,24,4,169,10,74,15,4,178,56,18,74,119,134,184,58,40,0,16,82,49,10,49,48,115,128,69,88,21,46,84,53,52,125,57,27,34,23,46,34,195,9,26,36,112,232,28,4,42,80,50,69,32,129,27,35,58,18,51,62,101,18,181,18,59,22,30,22,49,89,277,1,126,69,22,32,62,35,84,32,36,93,49,52,10,61,108,8,18,10,30,20,9,30,100,7,73,77,120,46,37,18,37,9,23,22,56,13,41,34,24,207,42,59,21,122,109,8,15,10,68,13,39,16,24,84,59,91,20,47,184,7,46,74,17,82,11,34,11,99,1,85,72,25,1,27,38,105,53,42,2,76,49,2,26,61,22,17,22,32,55,17,209,88,37,133,249,66,39,117,25,40,16,14,63,33,59,64,83,47,25,68,95,74,97,64,68,32,314,4,124,65,79,3,45,17,3,58,44,38,55,154,8,55,50,76,59,9,31,40,143,40,18,20,43,64,3,5,126,55,152,32,8,171,450,88,129,15,10,48,277,219,75,8,61,28,24,29,107,4,34,154,29,84,19,14,102,39,24,50,1,20,35,73,48,45,22,149,36,0,160,67,26,42,99,79,2,99,49,54,36,151,39,25,80,5,11,71,23,59,18,13,17,16,133,125,10,10,24,183,6
"ENSG00000260951.2",0,1,4,0,0,0,0,8,0,0,0,0,0,0,0,0,1,0,0,0,1,0,0,0,0,0,0,0,0,1,0,0,0,686,0,1,1,0,0,0,0,0,0,1186,0,4,0,0,1,0,0,0,0,0,0,0,0,0,0,1,1979,0,0,0,2,0,1,313,0,0,0,9,0,0,0,0,1,0,0,0,0,0,1,0,4,2,0,198,0,0,2,0,2,0,874,0,4,0,0,0,0,0,2,0,0,0,0,0,3,0,0,0,2,0,0,0,0,0,0,70,8,0,0,0,0,0,1,0,0,3,0,0,2,0,0,0,1,0,0,11,0,3,0,0,2,0,0,0,0,0,2,1,0,40,0,0,0,0,0,0,1,0,0,0,0,0,0,1,0,39,2,0,0,4,0,0,0,0,0,22,0,0,0,0,62,2,0,0,0,0,0,0,0,0,2,0,0,1,0,0,0,0,0,1,0,1,0,0,0,0,0,0,0,0,0,0,3,0,0,0,0,2,0,0,0,0,42,2,0,1,0,0,0,1,8,72,0,1,0,0,0,0,13,1,0,0,0,0,1,0,0,1,0,2,0,0,0,6,4,1,2,1,3,1,0,0,0,0,1,0,0,0,0,0,0,0,0,0,374,13,0,0,0,0,0,0,0,1,0,1,1,0,3,0,524,0,2,3,1850,0,0,0,3,0,0,0,0,1,0,0,0,1,0,0,0,0,0,3,1,0,0,0,0,0,1,0,0,6,9,0,797,0,0,0,1,0,0,0,0,0,1,19,0,0,0,0,2,1,0,0,0,1,0,0,0,0,0,0,0,0,1,0,34,0,0,0,0,0,0,0,0,1,0,0,0,3,0,0,13,0,1,0,9,0,0,0,0,0,0,0,0,3,0,0,0,0,12,0,0,0,0,0,0,0,11,0,1,0,0,0,1,0,0,0,5,0,0,2,0,0,0,71,1,1
"ENSG00000260983.2",0,0,0,0,0,0,2,0,0,0,0,1,0,2,0,0,0,1,0,0,0,0,0,0,22,0,0,2,0,2,0,0,1,0,5,0,2,0,0,0,0,0,0,2,0,0,0,0,0,0,0,1,0,1,0,0,0,0,0,0,0,3,0,18,0,0,0,0,0,0,2,0,2,0,0,0,0,0,1,2,0,1,0,0,0,0,0,3,0,0,0,5,1,0,0,0,0,2,3,0,0,0,0,0,0,0,0,0,3,2,0,0,0,0,0,1,0,2,7,3,0,1,0,0,3,0,2,10,0,1,0,0,2,0,0,0,0,0,0,0,0,0,0,0,0,0,0,0,0,0,0,0,0,2,0,0,0,0,6,19,1,0,0,0,0,0,1,1,0,1,0,0,0,1,0,0,0,8,0,5,0,0,0,0,7,0,4,0,0,2,0,0,0,6,4,0,0,0,0,0,6,0,0,2,0,0,0,0,0,0,0,0,0,2,0,0,0,0,9,0,0,5,0,0,0,0,1,0,0,0,0,0,0,0,0,2,0,0,0,2,0,0,0,0,0,0,3,0,0,0,0,0,0,0,0,0,0,0,0,0,24,10,0,0,0,0,0,0,12,0,7,0,2,0,0,0,2,0,0,4,33,1,0,0,7,0,0,0,0,0,0,0,0,0,0,1,4,0,0,0,0,0,2,0,0,0,0,0,0,0,7,0,0,0,0,0,4,0,0,8,0,0,0,0,1,0,0,0,2,0,3,0,0,0,4,0,0,0,0,0,0,0,0,0,6,6,0,0,0,0,0,0,0,0,0,0,0,0,0,0,0,0,0,0,0,0,0,1,0,0,0,1,0,2,1,0,1,0,0,20,6,4,3,0,0,1,0,6,1,0,0,0,0,0,0,0,5,0,0,0,0,0,0,0,0,0,3,0,1,0,0,0,0,0,3,0,5,0,0,0,0,0,0,0
"ENSG00000261008.7",9,2,5,5,4,6,5,0,3,22,1,14,16,233,45,3,0,11,0,15,3,1,4,3,6,2,1,33,12,36,5,12,17,5,3,9,5,0,4,4,5,12,9,1,3,7,1,2,1,3,2,47,3,7,22,2,3,13,11,2,8,37,49,11,9,2,4,10,19,10,191,7,0,1,1,1,16,2,10,23,18,13,18,12,25,1,4,3,6,0,2,19,5,54,2,0,17,13,15,5,1,5,3,0,1,20,14,5,50,11,6,2,5,9,6,3,14,7,8,60,16,58,1,10,5,0,0,9,3,77,0,1,41,2,1,4,2,0,8,5,3,14,32,1,10,12,12,3,21,7,1,4,8,9,5,18,3,15,35,35,10,0,4,2,8,8,26,6,4,52,5,13,4,57,2,1,0,20,48,15,2,1,6,17,35,0,9,1,2,16,1,44,1,43,15,23,3,2,0,1,8,19,10,41,1,8,5,8,2,8,7,21,15,2,27,3,3,7,6,7,0,0,3,1,5,2,25,28,3,4,8,15,14,18,14,8,3,1,2,25,2,7,10,1,16,20,25,1,10,1,1,2,0,23,1,8,1,0,2,61,26,7,7,21,1,0,4,1,30,2,3,2,21,0,5,0,15,1,5,3,23,12,9,1,3,2,2,6,7,2,3,1,2,8,1,54,193,13,0,11,9,1,34,3,3,0,0,1,33,23,1,3,7,5,14,9,12,11,7,3,3,12,0,41,6,5,3,7,1,0,62,1,4,2,8,4,10,8,0,1,1,9,6,9,17,3,1,3,7,1,3,64,4,28,9,1,6,70,4,2,9,2,8,3,11,2,6,6,9,3,2,21,4,9,60,0,5,6,3,17,3,5,5,1,2,3,1,7,5,2,6,11,1,6,0,4,14,23,6,0,14,15,6,2,78,4,20,20,3,13,18,1,5,2,2,2,2,59,10,2,1,1,57,3
"ENSG00000261010.1",0,0,0,0,0,0,0,0,0,0,0,0,0,25,4,0,0,1,0,0,0,0,0,0,9,0,0,0,0,1,0,0,1,0,1,0,22,0,0,0,0,0,0,0,0,0,0,0,0,0,0,24,1,3,0,0,1,0,0,0,1,15,0,21,0,0,0,0,0,0,107,0,0,0,0,0,0,0,0,4,1,79,0,0,1,0,0,0,0,0,0,0,0,0,0,0,0,20,2,0,1,0,0,0,0,0,0,0,16,0,0,0,0,0,0,1,0,2,0,18,0,0,0,0,0,0,0,3,0,1,1,0,1,0,0,0,0,0,1,2,0,0,33,0,0,0,0,0,0,0,1,0,0,1,0,0,0,0,3,14,11,0,0,0,0,117,13,0,1,22,0,0,0,1,0,0,0,60,0,9,0,0,0,12,5,0,0,0,0,58,0,0,0,13,5,0,0,0,0,0,0,0,0,0,0,56,0,0,0,0,0,0,0,0,0,0,0,0,0,0,0,6,0,0,0,0,0,0,0,0,0,0,0,0,0,27,0,0,0,0,0,0,0,1,0,0,0,0,0,0,0,0,0,0,0,0,0,0,0,0,50,17,0,1,0,0,0,0,50,0,2,0,66,0,0,0,1,0,0,85,1,0,0,0,0,0,0,0,0,0,0,0,0,1,0,9,0,0,0,0,0,0,1,0,14,0,0,0,8,0,0,0,1,0,0,0,8,0,0,0,0,0,0,0,4,0,0,0,0,0,58,0,0,0,0,0,0,0,0,0,1,0,0,0,3,106,9,0,0,0,0,0,0,74,0,0,0,0,0,0,0,0,0,0,0,0,0,0,0,0,0,0,0,0,82,0,0,0,0,0,0,1,0,0,0,0,0,0,3,0,0,0,0,0,0,0,0,1,0,0,0,0,0,0,1,0,4,0,43,0,0,1,0,0,47,0,15,0,0,0,0,0,0,0
"ENSG00000261033.1",1,1,27,0,1,0,0,0,0,1,1,1,0,1,12,0,0,0,0,0,0,0,1,1,0,0,1,1,0,0,0,1,0,3,1,4,1,0,2,0,0,0,2,40,0,1,0,3,0,1,1,0,0,1,0,0,2,0,0,1,1,1,0,0,0,0,0,15,0,0,0,0,0,0,1,0,7,0,0,0,0,0,0,5,0,0,1,27,0,0,0,1,0,0,13,0,0,1,1,1,0,0,1,0,3,2,0,0,3,0,0,0,0,0,0,0,0,0,0,54,54,0,0,0,0,0,0,0,0,0,0,1,0,0,0,0,0,1,0,0,0,0,1,0,0,2,0,0,1,0,0,1,1,0,0,1,1,0,1,0,3,1,1,1,1,1,0,0,1,0,0,0,0,1,2,0,0,0,0,0,1,0,1,0,0,0,13,0,0,0,0,5,0,0,0,0,1,0,0,0,1,0,1,0,0,0,0,0,2,0,0,0,0,0,1,2,1,1,0,0,0,0,0,0,1,0,1,1,1,1,0,1,1,68,0,0,0,1,0,1,4,0,22,0,1,10,0,0,1,0,0,0,0,3,2,1,1,2,47,0,0,0,2,1,1,1,0,0,0,0,0,0,0,0,0,0,0,0,0,0,0,0,0,0,1,6,2,1,0,0,0,1,1,0,280,6,0,2,5,1,0,0,5,0,0,1,0,2,0,0,1,5,0,2,2,1,0,3,1,0,0,0,0,1,0,0,1,2,87,1,20,0,0,0,1,0,0,2,0,1,0,1,0,0,0,1,2,0,0,0,0,0,0,0,0,0,2,1,1,0,0,1,1,0,1,0,1,1,2,0,1,0,1,0,0,1,0,0,2,0,0,0,0,0,0,0,2,1,1,1,1,1,0,0,0,0,1,0,3,1,1,0,4,4,0,6,0,0,0,1,0,0,0,0,0,0,0,37,0,1,1,0,136,0
"ENSG00000261040.7",19,0,29,1,85,4,11,6,6,60,9,0,2,1454,206,5,22,50,2,3,9,5,3,4,0,2,5,22,8,12,1,47,15,3,9,44,6,5,1,0,48,281,15,2,32,127,20,8,4,54,11,15,10,11,5,1,10,2,5,0,3,1,0,16,7,2,31,2,11,82,93,42,9,1,0,8,444,107,6,8,33,6,420,227,3,32,25,7,5,504,17,29,4,183,0,0,2,10,5,51,4,1,13,2,6,2,219,9,11,9,16,59,3,5,5,3,8,4,2,6,29,6,182,7,30,1,6,5,5,2476,7,4,110,28,11,4,6,8,4,0,1,15,23,9,11,25,33,3,11,3,3,11,1248,22,3,2,34,3,4,55,20,3,9,7,4,4,16,438,0,48,32,42,1,27,1,15,54,19,722,3,2,144,17,13,0,6,5,1,3,4,13,31,966,6,5,7,63,7,0,38,1,6,13,17,3,796,297,118,29,2,7,16,12,11,7,17,10,1,12,5,0,1,18,6,4,8,1,15,728,12,13,2,125,5,0,10,2,4,3,1,15,32,2,137,429,3,1,3,8,6,5,2,0,64,1,5,4,186,4,8,48,11,73,4,10,59,40,11,78,13,16,4,13,0,8,0,1,0,7,19,40,15,14,7,1,4,4,117,12,49,13,25,56,1,2,1,11,9,4,7,30,20,3,1,6,7,11,4,31,1,4,2,1,32,33,10,8,78,8,64,3,73,3,9,6,5,10,14,15,5,25,44,14,4,8,3,6,4,42,4,4,8,13,133,2,0,34,10,5,6,3,226,11,0,35,3,0,50,18,27,3,28,4,12,4,5,156,4,6,25,5,1,16,5,18,2,163,1,6,115,33,10,5,1,7,6,37,70,24,3,14,5,0,5,8,18,7,2,13,0,4,21,32,2,42,12,0,13,46,7,16,18,1,3,0,0,306,2716,6,2,1,5,4,4
"ENSG00000261046.1",0,0,0,0,0,0,0,0,0,0,0,0,0,15,2,0,0,5,0,0,0,0,0,0,15,0,0,0,0,1,0,0,5,0,0,0,4,0,0,0,0,0,0,0,0,0,0,0,0,0,0,0,0,0,0,0,1,0,0,0,0,45,0,0,0,0,0,0,0,0,87,0,0,0,0,0,0,0,0,4,1,90,0,0,2,0,0,0,0,0,0,3,0,0,0,0,0,1,3,0,0,0,0,0,0,0,0,0,2,0,0,0,0,0,0,0,1,0,55,1,0,0,0,0,0,0,0,1,0,6,0,0,1,0,0,0,0,0,0,14,0,0,24,0,0,0,2,0,0,0,0,0,0,15,0,0,0,0,22,28,0,0,0,0,0,43,11,0,0,9,0,0,0,0,0,0,0,31,0,0,0,0,0,0,4,0,0,0,0,51,0,0,0,14,2,0,0,0,0,0,0,0,0,0,0,14,0,0,2,0,0,0,0,24,0,0,0,0,0,2,0,28,0,0,0,0,0,0,0,0,0,0,0,0,0,0,0,0,0,0,0,0,0,0,0,0,0,0,0,0,0,0,0,0,0,0,0,0,0,0,52,0,0,0,0,0,0,0,90,1,0,0,0,0,0,0,4,0,0,6,0,0,0,0,1,0,0,0,0,0,0,0,0,0,1,13,0,0,0,0,0,0,0,0,17,0,0,0,43,0,0,1,15,0,0,0,62,0,0,0,1,0,0,0,0,0,1,0,3,0,54,0,0,0,0,0,0,0,0,0,0,0,0,0,0,9,0,0,5,0,0,0,0,20,0,0,0,0,0,0,0,0,0,0,1,0,0,0,0,0,0,0,0,0,34,0,7,0,0,0,1,2,0,0,0,0,0,0,1,0,0,0,0,0,0,0,0,0,0,0,0,0,0,0,0,0,1,0,1,0,0,14,0,0,15,0,19,0,0,0,0,0,0,0
"ENSG00000261054.1",9,0,1,7,4,10,0,16,1,0,11,0,1,11,103,1,303,7,9,5,13,0,2,3,2,12,3,3,23,3,21,3,4,40,36,1,8,3,0,0,2,5,6,1,2,6,2,10,0,2,1,3,2,1,0,18,1,19,8,2,6,115,1,12,2,13,0,1,15,25,18,4,10,2,1,1,35,3,3,7,8,50,0,19,28,30,11,5,8,11,6,32,5,0,16,3,9,3,8,0,5,2,2,4,2,33,99,3,19,2,3,6,7,5,5,0,56,3,7,2,14,23,6,4,5,1,2,18,27,21,8,1,32,5,5,2,7,3,67,0,6,28,2,1,1,6,1,35,3,10,3,0,7,9,1,31,17,2,35,9,13,1,11,24,11,4,25,5,20,5,3,12,1,73,1,0,5,4,1,7,0,31,5,20,13,3,9,11,89,22,0,3,234,19,26,13,5,4,0,6,130,18,18,25,1,178,1,9,5,4,6,8,17,41,4,4,8,3,8,11,2,2,2,58,0,1,17,14,12,4,11,3,2,5,9,14,4,0,1,15,14,8,5,5,68,1,0,0,27,3,1,1,0,2,3,2,4,27,5,14,12,22,4,2,0,12,21,4,20,1,6,0,2,1,8,13,6,13,3,1,55,6,2,0,7,4,0,11,8,3,2,4,17,2,2,3,18,1,24,9,6,234,1,2,3,3,0,21,37,2,4,30,0,14,19,1,5,8,2,10,13,3,4,11,15,16,1,9,1,2,6,14,4,5,21,1,1,20,25,8,2,1,10,3,4,3,15,11,6,0,2,17,8,5,4,3,19,3,6,12,63,1,3,35,0,32,68,3,0,11,3,4,0,0,309,1,17,0,13,34,27,1,20,2,2,15,1,2,3,0,2,4,2,7,34,3,10,16,4,2,1,2,77,11,11,0,8,44,0,3,21,4,7,0,17,6,8,3,20,2,2,20,2,1
"ENSG00000261058.1",0,7,0,10,2,10,0,4,2,0,0,14,1,1,0,36,1,8,5,6,8,24,1,16,222,74,0,16,1,2,0,0,10,51,17,0,9,13,11,74,1,0,0,1,86,1,0,11,14,7,5,1,68,2,2,29,20,3,27,0,0,18,25,19,10,0,52,28,19,3,6,6,2,43,7,107,0,3,0,53,9,8,0,6,70,1,6,1,0,12,1,41,0,0,2,41,15,148,3,0,15,95,0,27,22,0,34,33,0,0,1,41,2,0,0,64,0,9,1,6,0,29,9,8,6,13,1,16,0,2,23,115,2,2,8,113,36,94,3,4,22,0,1,136,0,0,0,0,0,0,25,64,48,22,34,9,2,11,23,21,7,0,5,3,0,10,3,1,36,8,10,14,10,21,0,69,6,3,13,76,47,0,9,6,32,15,173,84,1,30,4,0,1,28,3,16,106,42,1,0,14,17,0,9,115,13,7,23,9,36,16,1,0,25,22,0,1,7,1,43,56,41,0,0,54,49,18,20,0,40,0,15,1,3,3,8,79,1,11,0,0,0,5,6,0,0,11,0,63,11,25,0,23,0,40,19,96,0,1,18,91,86,1,1,23,3,1,104,67,24,9,34,9,57,25,2,0,40,10,0,58,0,39,15,38,1,14,0,0,7,17,13,0,1,1,0,0,24,38,0,10,0,0,62,1,2,8,32,2,8,123,1,78,5,15,0,13,1,0,8,0,7,44,1,25,0,49,0,0,32,7,1,12,13,118,119,15,2,0,0,127,33,12,1,20,20,7,0,1,22,24,0,40,3,1,82,0,0,1,12,34,18,6,0,2,26,2,0,3,5,6,5,0,3,5,11,2,20,84,69,18,26,53,3,31,5,0,30,10,18,1,51,47,10,0,3,58,1,12,28,43,5,0,28,1,0,1,1,5,0,21,9,16,52,6,1,12,0,1,80,101,53,2,37
"ENSG00000261089.1",10,0,3,1,0,0,0,1,2,5,0,2,1,21,26,1,1,5,0,3,3,0,2,2,0,0,3,5,0,5,3,6,5,0,1,4,0,1,0,4,0,1,3,1,2,1,7,2,0,4,0,4,2,2,8,11,0,3,0,3,3,15,2,0,0,0,1,2,2,3,24,3,0,0,2,0,10,2,0,9,4,17,0,12,0,2,1,4,5,1,21,3,1,26,0,0,1,8,2,3,1,1,5,3,0,1,0,3,5,5,3,0,1,1,1,0,17,1,11,5,7,10,1,1,6,0,2,3,0,7,0,1,16,1,4,0,1,0,5,0,0,0,5,1,0,2,1,23,2,14,2,1,4,5,0,9,6,3,3,10,0,6,5,5,7,3,5,16,4,4,0,1,3,32,0,0,8,0,8,3,0,0,2,5,0,3,1,0,4,1,1,0,7,11,0,3,1,12,0,3,0,2,6,18,1,18,2,7,0,5,0,4,6,4,0,0,1,0,2,1,0,3,0,2,0,0,3,4,1,1,3,6,2,8,0,11,0,3,0,4,1,6,3,0,10,8,3,1,2,2,0,7,2,3,0,0,0,5,17,5,1,0,4,1,0,7,9,0,3,0,4,1,2,0,0,1,1,0,0,6,6,3,1,0,2,0,1,0,3,9,2,1,2,6,1,2,2,4,1,12,7,1,0,1,7,1,0,5,3,1,0,6,7,5,3,2,0,8,3,4,4,4,0,5,4,11,3,0,12,1,1,0,0,2,3,0,0,6,0,0,0,1,3,6,2,0,0,0,1,0,1,18,4,0,0,0,2,4,3,0,2,0,1,1,36,0,0,3,0,0,0,7,2,2,1,2,4,1,0,4,0,0,1,0,0,5,1,3,6,1,5,4,0,2,0,3,2,4,2,0,0,2,2,0,7,0,5,2,0,5,1,2,1,1,0,0,0,2,0,0,1,0,10,0
"ENSG00000261103.3",0,0,2,2,0,0,0,0,1,1,2,0,0,1,0,1,0,0,0,0,0,2,0,0,0,0,0,0,1,0,0,0,0,1,0,0,1,1,0,1,0,2,0,1,1,1,0,1,0,1,0,0,1,1,0,1,1,0,0,1,0,0,0,1,1,0,0,1,1,0,1,0,0,0,0,0,0,0,0,0,0,0,0,0,1,0,0,1,2,0,0,0,0,1,0,0,5,1,1,0,0,1,2,1,0,1,2,1,0,0,1,7,0,0,1,0,1,0,0,0,0,0,1,1,1,4,1,0,0,2,2,6,1,0,1,0,1,1,1,0,0,1,0,7,0,0,0,2,0,0,3,1,0,0,2,0,0,0,0,0,1,0,0,0,0,0,3,3,1,0,0,1,1,0,0,0,0,0,0,1,1,0,0,0,0,0,1,1,0,0,0,8,0,0,1,1,2,2,0,1,0,0,1,0,2,0,0,0,0,0,1,1,0,0,0,0,3,0,2,1,0,0,0,0,3,1,1,0,1,0,0,1,1,1,1,0,4,0,0,0,0,0,0,0,2,0,0,0,0,0,0,0,2,0,3,0,5,1,0,0,0,0,1,2,0,0,0,4,0,1,0,1,0,2,0,0,0,1,0,0,0,3,0,3,0,0,0,1,0,0,0,0,1,0,0,1,1,0,1,1,2,0,4,3,0,0,1,0,1,0,0,0,0,0,1,1,0,0,0,0,0,0,9,1,0,0,1,0,0,1,0,1,4,0,0,3,1,0,0,0,2,1,0,0,0,0,0,4,0,3,5,0,1,0,0,6,0,1,0,0,1,1,0,0,2,0,0,0,0,0,3,0,0,0,0,1,0,1,1,0,0,0,0,0,1,2,1,0,0,0,0,0,1,1,0,0,0,0,9,1,0,0,0,0,0,2,0,0,2,1,0,1,0,0,0,0,0,0,0,6,0,0,0,5
"ENSG00000261115.6",5,0,445,18,490,264,0,378,83,53,124,30,39,3004,8,47,24,6,0,188,180,7,27,28,9,52,0,13,1,114,65,429,18,27,313,3181,39,19,1,13,2,27,10,503,55,3,3,21,2,17,13,26,42,23,1469,1,316,3,10,1,19,27,1,8,6,24,11,65,7,144,500,53,4,4,4,6,10,10,230,680,93,5,603,31,137,66,3,2,350,2,457,90,148,0,238,3,337,32,650,197,13,21,52,3,23,72,8,20,269,16,63,36,48,21,109,7,190,3,885,136,115,2,22,27,15,1,28,0,24,724,18,14,438,9,241,3,2,3,13,7,25,255,85,16,91,5,7,4,75,8,6,6,0,679,55,1,4,84,1140,39,15,66,856,112,182,30,549,154,6,10,9,1,7,6,35,40,34,2,81,21,3,408,4,43,5,9,59,31,4,3,8,5,9,17,15,291,8,2,181,858,3,14,260,19,7,1,25,20,10,6,137,95,2,6,43,27,186,0,35,4,5,8,2,4,56,17,7,13,2,23,2,26,42,150,16,138,3,5,1,3,454,27,390,572,875,187,0,103,10,7,12,1,9,199,7,16,26,534,390,11,41,8,2,6,6,18,15,5,5,4,19,29,268,13,6,3,27,3,4,10,4,14,167,7,3,12,2,38,75,35,83,24,180,0,1322,177,154,4,614,21,33,166,33,8,4,12,8,10,2,21,17,12,4,92,811,97,14,525,121,11,27,553,7,35,26,202,71,29,3,3,811,23,31,219,14,13,14,884,1518,232,17,5,16,354,196,76,8,12,98,8,8,1490,27,29,0,13,526,98,6,2,5,56,11,549,52,5,3,15,15,8,4,10,1,16,20,12,3,21,61,4,6,13,6,7,70,1,262,105,181,6,13,6,14,20,141,11,339,66,101,2,2,8,208,1,12,113,2,2,8,184,55,5,17,65,1,407,13,32,289,64,7,5,21,8
"ENSG00000261136.1",23,0,5,2,12,7,11,6,17,19,2,7,24,65,55,1,11,22,13,2,8,2,6,1,22,11,7,3,1,18,7,10,18,9,18,9,6,2,2,24,3,8,14,4,7,3,7,2,0,7,3,13,5,22,2,29,2,0,11,1,7,20,3,1,8,11,16,2,13,6,60,6,2,2,3,3,17,7,17,14,16,46,13,1,53,9,4,2,15,2,17,29,5,8,1,0,0,7,13,1,8,2,1,1,5,7,15,3,37,15,7,11,11,5,11,4,15,3,10,45,4,5,6,5,8,0,0,11,2,66,7,1,41,2,5,0,6,1,14,5,0,22,27,5,15,24,18,29,12,4,1,6,12,12,0,13,7,14,18,19,15,1,9,14,7,1,27,15,4,11,1,5,4,33,1,5,7,12,79,10,2,6,10,17,5,3,17,13,8,13,0,23,16,31,0,24,6,13,4,7,0,16,15,16,1,26,6,12,13,14,9,15,4,10,20,10,6,1,11,12,2,2,1,1,2,1,8,18,3,11,11,23,15,9,1,7,0,1,4,8,0,8,8,1,54,12,7,2,30,22,2,3,3,7,1,7,0,2,2,24,19,10,9,20,2,7,17,3,9,1,8,1,25,2,16,8,6,0,1,11,8,6,13,0,7,6,0,2,10,15,2,7,7,19,2,38,14,8,27,55,13,4,40,4,12,3,1,21,15,4,16,15,2,8,10,20,8,42,10,6,4,81,2,10,10,26,1,0,2,1,7,4,13,13,10,0,6,2,2,7,1,6,10,12,7,6,1,0,9,1,2,42,6,13,2,0,22,44,8,16,4,1,5,28,21,14,1,5,5,2,5,17,0,9,43,4,8,0,1,8,6,10,17,1,3,4,13,10,8,3,7,5,0,13,5,4,24,3,23,0,9,6,6,3,19,16,11,13,1,2,16,1,12,4,6,1,3,46,10,1,0,4,30,2
"ENSG00000261150.3",118,9,4,40,772,2153,180,76,412,358,12,504,164,987,171,27,159,31,93,939,2292,44,31,991,300,324,576,263,21,908,958,302,868,75,711,217,65,31,28,275,138,569,407,0,57,579,19,21,58,21,18,229,39,654,0,298,66,556,628,277,2,730,8,1360,4,159,26,149,40,374,1247,135,29,12,442,11,165,93,515,82,1345,542,773,2826,78,121,264,1,27,19,618,528,1100,280,1,3,6,149,6358,57,10,9,598,22,174,169,659,14,684,195,1249,52,13,1323,1613,149,912,38,816,31,2,393,11,0,157,33,23,46,1664,105,130,114,123,83,342,49,7,15,1337,77,19,635,283,70,497,675,15,4007,926,674,54,12,77,690,4,37,49,937,54,834,310,497,115,3419,1077,790,3788,897,176,1497,358,25,8,120,425,895,1510,146,2769,22,1,40,29,1020,2,29,64,63,829,1819,39,5,149,1788,798,264,50,654,8,1117,278,553,3658,4,28,27,16,837,216,562,385,2785,2000,37,3294,630,28,28,9,81,10,90,715,8,38,28,21,205,506,168,298,215,1029,2,3,4,22,7,77,1038,56,2544,12,21,2671,335,206,44,214,13,15,36,14,262,34,381,52,55,4,546,933,38,484,1974,47,2006,431,28,1199,28,424,21,9,23,456,326,354,75,3,144,192,183,5,23,19,137,20,83,1895,1005,103,36,533,79,32,526,3402,32,55,275,412,18,159,37,368,49,108,16,797,2948,7,5078,2510,288,95,97,318,483,58,314,1198,664,20,2528,13,1452,67,6,5,32,76,112,18,330,53,42,26,1821,7,335,25,11,254,2470,219,90,92,88,18,24,76,6231,16,984,70,170,230,197,117,1177,1477,755,68,7264,5730,27,63,1531,2,77,69,147,490,340,391,44,1686,40,13,144,111,19,1086,16,146,19,1603,3091,397,907,10126,12,24,1841,1069,165,19,712,149,19,21,553,61,27,366,5,37,75,35,9,78,786,492,167,64,55,452,6,967,63,12,12,47,108
"ENSG00000261159.1",50,0,44,90,7,15,11,5,15,25,6,8,14,13,18,7,10,9,65,19,7,5,9,3,23,1,20,12,5,4,11,32,0,3,31,17,87,57,8,3,22,4,43,13,6,26,39,13,3,4,23,3,12,9,18,84,5,47,21,5,25,1,62,19,5,26,54,14,105,15,13,128,6,0,15,6,26,14,8,13,16,27,54,12,32,13,6,35,40,13,39,13,9,139,45,2,15,40,13,3,16,2,9,15,7,8,8,6,272,74,3,9,18,5,11,16,32,21,18,13,4,213,6,69,9,5,6,13,26,145,19,3,77,61,18,7,8,4,48,0,1,19,9,8,9,19,98,207,22,7,4,14,39,17,81,322,10,31,96,71,43,18,55,9,35,8,11,146,1,18,18,28,85,15,10,2,8,48,14,9,1,3,54,30,5,14,16,6,2,32,54,12,21,6,25,111,7,43,3,12,5,26,8,11,1,112,9,48,22,19,31,3,12,3,9,17,23,9,51,9,5,13,16,3,1,2,19,24,1,10,23,12,12,9,33,143,23,38,4,29,4,40,39,69,27,30,25,14,16,110,38,18,2,66,4,72,2,13,14,25,19,14,10,36,0,9,38,3,27,6,19,1,43,4,69,38,10,4,23,65,42,6,11,1,19,9,0,5,47,10,5,9,13,78,19,3,10,38,16,27,10,6,29,6,12,6,8,9,12,18,28,43,6,25,9,5,7,16,10,220,12,26,2,49,9,105,4,90,13,7,13,13,4,14,22,8,73,18,22,27,2,260,2,10,4,2,12,37,13,1,3,21,16,17,3,5,29,15,6,128,7,31,14,136,32,11,7,17,0,10,44,8,6,42,33,18,16,9,3,36,21,6,44,2,8,10,39,50,28,22,32,12,4,44,41,8,56,38,16,3,23,38,15,11,298,4,3,12,7,4,102,18,6,64,3,4,10,66,134,6,7,15,42,5
"ENSG00000261175.6",4,2,0,6,17,1,0,3,1,317,2,1,0,1,10,3,6,1,0,12,2,1,7,0,1,0,1,3,0,0,892,720,6,2,1,9,6,2,0,2,0,368,4,0,3,0,0,15,1,0,4,30,6,0,0,2,0,0,4,0,3,25,0,0,2,4,1,0,3,3,42,5,9,0,2,3,1,5,2,41,7,1,2001,60,5,0,5,0,1153,2,4,68,0,3,1,0,1,2,1,2,4,3,11,1,9,390,0,1,112,0,3,0,12,7,0,1,5,0,0,0,0,5,0,0,5,0,12,2,1,422,3,1,14,3,135,2,3,1,3,0,2,24,494,2,21,5,2,91,15,11,1,1,0,15,1,0,0,13,1,10,3,0,2,3,360,1,11,7,0,17,2,1,11,1,29,3,5,3,10,0,0,12,0,0,7,1,15,14,1,1,0,7,4,10,37,1,1,42,1,2,1,1,14,6,2,1,2,2,8,2,3,5,45,7,10,18,2,0,7,20,0,3,0,3,9,1,3,3,0,7,0,1,3,2,0,0,1,2,0,1,294,5,0,5,7,3,0,2,6,1,1,1,2,0,1,2,2,241,1,3,9,5,0,1,4,6,103,2,1,2,1,3,4,3,0,1,7,0,2,0,2,3,2,2,2,2,4,30,2,1,7,0,3,3,0,2,14,0,0,440,3,1,13,1,2,1,2,3,2,1,2,4,0,85,7,1,3,237,423,2,7,0,0,3,5,1,3,0,1,2,1,0,8,0,0,2,0,5,1,1,2,0,6,3,1,4,0,380,1,2,6,65,2,0,0,9,77,959,1,0,2,2,3,11,123,0,1,5,0,0,0,2,2,0,0,3,0,1,1,1,1,2,0,0,0,0,1,6,0,2,5,3,3,3,0,3,2,2,19,0,1,1,25,1,87,0,9,1,1,4,8,1,4,2,7,0,2,13,0,369,1,2,0,2
"ENSG00000261192.1",0,0,2,9,1,17,1,3,0,1,0,1,0,23,1,1,5,7,5,3,2,0,19,1,10,5,20,5,6,2,12,45,14,14,14,1,5,2,1,0,0,1,7,11,1,1,0,27,0,4,0,16,2,5,1,31,5,5,14,8,2,122,4,0,7,1,3,9,9,5,121,20,0,0,12,1,9,3,0,21,48,51,5,3,3,5,5,2,29,5,21,11,1,58,2,1,6,4,2,13,1,2,166,1,3,28,4,3,86,8,17,4,0,4,0,17,3,3,29,35,0,5,3,21,2,1,1,1,2,86,8,2,13,3,46,0,3,1,1,2,0,4,2,0,4,1,32,11,17,1,1,3,8,28,1,3,0,2,5,9,2,19,11,0,7,15,13,31,2,8,1,3,2,13,15,2,2,4,4,10,1,30,0,2,8,2,1,9,68,7,5,3,7,9,6,3,2,4,0,17,2,7,0,21,0,47,4,6,12,2,1,20,27,1,1,1,1,5,2,56,0,2,0,0,1,0,2,2,0,0,0,2,28,3,4,3,0,10,52,4,6,2,12,7,13,162,6,0,13,10,3,2,2,0,1,4,1,3,4,8,6,14,7,11,3,3,3,2,24,0,17,0,2,2,1,8,19,2,7,4,3,0,4,1,3,2,0,4,0,19,0,0,0,6,66,16,4,48,9,1,3,3,10,2,6,6,3,1,10,6,3,0,0,22,0,1,15,3,1,0,0,0,0,3,9,44,0,33,0,0,10,2,4,0,2,0,5,34,0,0,4,8,2,7,32,54,4,0,7,1,0,8,4,1,6,0,4,2,0,18,35,4,4,4,0,6,8,1,2,2,1,13,11,1,15,5,4,0,0,3,5,15,45,4,0,3,17,6,6,0,7,8,1,0,4,1,3,3,17,7,0,1,2,3,43,4,1,39,0,3,0,3,2,2,45,0,3,6,7,0,2,0,55,1
"ENSG00000261239.6",0,0,2,0,0,0,0,0,0,2,0,0,0,4,19,0,0,0,0,0,0,0,0,0,1,0,0,0,0,0,2,0,4,1,1,0,0,0,0,0,0,3,0,0,24,0,0,0,2,0,0,231,0,2,0,0,0,0,1,0,0,0,0,0,0,0,0,0,0,0,973,0,0,0,0,0,1,1,0,181,36,236,2,1,1387,0,0,17,0,0,1,10,1,4,0,0,0,0,425,0,0,0,0,0,0,0,0,0,979,0,0,0,1,0,0,0,2,0,2,2,0,9,0,0,86,0,4,0,0,0,0,1,1504,0,0,0,0,0,469,0,0,0,3,0,0,0,0,2,0,1,0,0,0,382,0,0,0,1,1,0,97,0,0,1,0,119,1,0,0,13,0,0,0,51,0,0,0,0,0,0,0,0,0,0,612,0,1,0,0,214,0,2,0,3,2,0,2,0,0,0,0,0,0,9,0,3967,0,1,0,0,0,1,0,0,1,0,0,0,26,12,0,0,0,1,0,0,0,1,0,1,0,0,0,0,0,0,0,1,0,10,0,0,0,0,5,0,0,0,1,1,0,0,0,0,0,0,0,0,0,1,7,0,0,982,0,0,0,0,3,2,5,0,250,0,0,0,0,0,0,0,0,13,2,0,1,2,0,0,0,0,0,0,2,0,0,46,3,0,0,0,0,0,589,0,0,0,0,0,25,380,0,0,2,0,1,0,1,0,0,0,0,0,0,0,14,2,0,0,0,1,13,0,0,0,0,0,0,1,1,1,1,0,0,0,0,0,0,0,193,0,0,1,0,148,0,2,0,0,1,0,2,0,0,1,0,0,0,1,0,0,0,0,0,1,9,0,209,0,5,0,0,3,0,0,0,38,1,16,0,0,0,0,0,0,0,0,5,0,0,0,0,1,0,0,2,1,1,1,0,0,0,0,0,0,0,0,0,0,1,0,1,0,1,0
"ENSG00000261319.1",0,0,12,1,2,0,0,1,1,1,0,0,0,246,70,0,5,0,0,0,1,0,0,5,1,0,1,3,0,38,0,0,48,0,0,0,20,0,2,3,0,1,3,0,1,0,1,1,0,0,0,13,0,0,1,2,0,1,1,0,2,1,0,0,3,0,2,1,1,0,142,29,2,0,3,0,0,2,0,4,38,7,2,2,2,0,0,0,41,0,4,4,1,0,0,0,0,6,3,0,6,2,0,3,2,0,0,0,30,0,2,1,5,2,1,1,3,0,1,37,0,35,0,4,1,0,0,1,1,1,0,0,11,1,1,0,3,0,0,1,0,0,164,0,0,31,5,1,3,0,0,0,0,4,0,0,0,1,2,14,15,0,1,3,2,2,6,2,0,0,0,1,1,1,0,0,0,0,4,2,0,0,2,2,1,1,2,7,1,0,0,2,8,59,5,0,0,6,2,1,0,1,4,0,0,21,0,2,3,0,1,2,14,1,1,0,5,0,4,13,0,4,1,1,1,0,2,1,5,3,3,11,2,2,3,7,0,0,0,2,0,4,0,1,6,1,2,0,1,1,0,0,0,0,0,0,1,0,29,3,17,3,1,2,0,4,1,0,42,0,6,0,40,0,2,0,3,0,0,3,1,11,0,1,0,2,0,0,2,0,0,0,1,4,0,67,3,0,14,0,6,6,4,0,0,5,0,0,32,2,23,3,2,0,1,0,18,2,19,0,1,2,0,6,5,3,0,1,1,0,14,0,4,1,0,0,5,0,0,1,0,0,9,3,23,0,0,8,0,0,1,5,1,1,0,0,0,0,1,7,0,1,7,6,2,0,0,1,2,0,1,2,0,2,57,0,7,0,0,0,0,2,3,0,0,1,0,0,0,0,2,0,0,5,1,1,4,0,1,0,4,2,2,0,5,0,0,0,0,8,3,1,0,0,5,0,1,0,1,0,0,0,0,1
"ENSG00000261342.1",45,6,18,7,41,1,8,2,5,23,4,27,7,32,33,1,14,4,5,16,4,3,15,6,5,20,31,7,1,10,23,36,4,6,1,27,25,8,67,28,2,7,15,1,4,7,4,26,3,6,6,14,3,8,4,4,3,8,7,18,0,25,1,48,2,6,5,2,12,8,78,5,5,1,70,1,79,8,8,4,9,19,78,33,4,14,4,8,17,8,89,19,4,96,18,0,10,16,10,11,16,0,36,3,8,4,38,0,43,9,2,10,7,1,5,17,49,4,2,3,1,5,2,25,22,1,2,49,5,38,3,2,313,10,14,2,12,0,118,1,6,42,19,0,8,26,4,85,28,20,1,4,12,18,6,5,6,2,13,5,18,14,28,13,50,6,9,19,18,58,9,14,4,7,10,3,8,12,5,7,0,11,3,3,5,6,10,10,5,35,9,47,103,9,9,11,2,10,2,13,0,44,8,50,2,10,4,8,8,11,7,6,4,3,9,26,4,6,10,15,1,7,25,8,3,4,9,5,14,0,212,3,11,5,3,48,2,3,5,8,16,11,4,12,37,12,9,1,11,21,5,6,1,31,1,2,1,16,12,5,11,11,17,51,1,12,17,4,32,3,7,2,10,1,14,3,6,1,0,124,6,9,11,2,1,6,2,8,15,7,3,4,19,58,8,4,48,2,14,26,11,6,78,2,8,14,0,4,5,9,6,49,18,4,25,35,4,12,15,8,18,49,2,17,9,20,6,2,15,1,12,3,9,65,22,4,9,28,11,12,0,12,2,15,35,1,1,202,3,7,2,3,2,7,7,8,23,52,10,3,5,16,11,25,194,5,75,3,0,25,9,16,4,11,81,9,7,5,3,6,4,4,9,11,4,3,38,0,24,4,11,5,1,4,4,7,6,6,7,0,1,16,35,2,45,14,3,4,4,8,4,16,2,6,18,1,46,490,31,2,2,2,10,4
"ENSG00000261357.1",2,0,0,0,3,1,0,1,4,1,1,1,1,6,1,0,1,1,0,4,2,1,0,1,2,1,0,1,0,7,1,6,5,0,2,1,0,0,1,5,3,1,4,3,0,2,1,3,0,5,1,7,1,2,1,6,1,1,4,1,3,1,1,1,0,2,0,1,1,0,25,9,2,0,3,0,13,7,11,1,0,0,4,2,0,1,5,0,8,3,7,2,1,11,1,0,9,1,4,5,1,1,10,0,1,1,5,2,3,2,4,2,2,7,3,5,1,0,2,7,0,1,0,1,2,0,2,0,0,2,0,0,2,7,2,0,2,0,1,1,1,2,4,0,9,0,4,1,6,1,0,0,2,2,0,1,1,6,2,0,0,2,2,18,3,1,19,6,2,5,5,0,2,1,3,1,10,4,26,1,1,2,6,3,0,4,2,1,2,0,8,3,2,5,3,4,0,3,0,0,0,1,5,0,1,3,0,1,1,0,1,5,3,1,11,1,1,0,1,9,0,7,13,3,2,0,1,0,5,5,2,0,5,0,1,0,0,0,0,3,4,4,0,0,1,3,0,0,6,0,0,4,0,7,1,3,0,1,0,3,1,0,1,18,0,3,6,0,1,1,1,0,1,0,3,0,6,0,0,0,0,4,1,0,1,12,0,2,9,10,0,10,0,4,2,4,1,2,1,2,7,1,5,0,1,2,0,1,0,0,0,3,5,2,1,6,1,1,4,2,1,2,0,10,3,2,0,0,2,0,1,0,1,1,1,0,0,7,1,1,0,1,2,1,0,0,2,2,2,0,1,2,1,18,0,1,3,0,1,5,0,13,0,4,0,1,4,1,0,0,0,2,3,1,7,0,0,0,2,1,1,0,1,3,2,1,1,2,1,2,17,2,1,5,0,2,4,6,3,0,0,2,7,0,3,1,0,1,1,1,4,1,1,1,0,1,0,4,2,1,1,1,1,0
"ENSG00000261379.1",1,0,0,2,2,3,0,2,2,0,3,13,0,3,4,1,5,4,6,9,3,0,1,0,3,3,2,5,0,2,4,3,2,6,1,0,0,0,2,24,0,0,3,11,1,0,1,0,0,1,4,2,0,0,2,5,0,5,0,1,7,0,10,0,5,2,3,8,0,1,4,1,1,0,0,1,2,1,3,6,12,8,0,0,5,1,0,7,1,0,1,6,3,0,3,0,0,1,3,2,2,4,0,9,1,5,2,0,2,1,2,1,5,0,4,3,7,12,0,4,1,17,1,2,0,0,0,1,34,2,1,0,5,0,4,1,29,0,5,1,0,2,3,1,5,9,2,4,0,1,0,0,3,1,0,9,1,0,9,3,2,0,0,4,0,2,1,2,0,2,2,2,29,39,1,2,0,1,5,10,0,0,4,1,7,0,6,1,1,3,1,0,9,4,0,5,0,0,1,3,2,16,4,18,0,1,0,4,0,13,4,0,0,0,7,0,4,0,2,6,0,0,0,1,0,0,23,28,0,15,2,26,0,3,0,1,1,2,1,0,0,1,2,5,4,8,0,0,3,15,0,1,0,0,0,2,3,0,19,23,9,2,4,9,2,4,0,0,7,1,0,2,0,0,5,1,0,0,0,1,6,0,0,0,48,0,0,0,0,6,0,0,7,0,1,0,9,4,3,0,1,0,1,1,1,0,0,6,4,5,22,0,4,1,6,2,2,6,1,0,4,0,1,22,0,0,1,24,1,0,7,1,0,5,33,0,23,0,7,0,0,1,3,0,1,0,1,0,3,0,1,14,10,0,4,0,10,0,4,4,13,0,8,47,1,10,0,0,0,0,5,27,0,1,1,1,9,0,0,1,0,1,3,0,0,2,3,4,0,12,0,31,0,10,16,1,7,0,11,0,0,2,6,8,1,1,1,0,0,2,4,0,4,3,2,0,0,4,10,0,1,2,0,0
"ENSG00000261426.1",1,0,0,0,12,0,0,0,0,114,0,1,0,0,0,0,0,0,0,1,0,0,20,0,0,0,0,1,0,0,0,36,0,2,6,0,4,0,0,0,0,0,1,121,0,0,0,14,0,0,0,119,0,0,0,0,1,0,0,0,0,0,0,0,1,0,0,0,1,0,9,0,31,0,0,0,0,119,1,0,1,1,0,12,1,0,19,8,78,0,0,0,0,0,1,0,0,0,0,0,0,0,0,0,0,0,0,0,0,0,0,6,1,0,0,0,0,0,0,82,2,0,0,0,11,0,0,0,1,0,0,0,31,0,0,0,0,0,0,0,0,0,431,1,0,0,167,0,0,0,0,0,0,0,4,0,0,9,0,1,2,0,173,0,1,0,1,1,0,0,0,0,46,0,0,0,1,0,2,70,0,0,1,0,0,0,1,0,0,0,0,0,0,0,0,0,0,8,0,0,0,0,0,0,0,1,0,0,42,0,0,0,0,0,1,0,1,0,8,1,0,0,0,0,3,0,0,0,4,1,5,0,0,1,0,7,0,0,1,0,7,5,11,0,4,0,0,1,0,0,0,1,0,2,0,0,0,0,1,0,1,0,1,1,0,22,0,0,0,0,161,0,1,0,114,0,0,0,0,1,0,0,0,1,0,1,0,0,0,1,3,0,0,0,5,1,0,0,0,0,0,1,0,0,0,43,0,1,0,0,0,0,0,0,2,8,1,0,0,18,0,1,0,0,0,0,6,0,1,0,0,0,0,0,0,1,0,0,0,10,0,3,0,3,0,0,0,0,0,0,0,4692,0,0,0,0,0,1,0,0,17,0,2,0,0,0,0,0,0,4,3,2,0,0,0,0,0,3,1,0,3,0,0,3,1,1,0,0,0,2,0,0,0,0,0,0,0,0,25,0,0,0,0,0,0,0,58,0,0,0,1,0,1,0,31,0,5,0,0,11,0,0,2,0
"ENSG00000261502.4",18,3,32,0,3,0,0,0,0,43,0,0,0,12,72,0,0,1,0,0,0,0,0,0,0,6,0,13,0,1,0,0,0,0,1,0,1,0,0,0,0,8,1,0,1,0,0,1,0,0,0,54,0,0,0,0,0,0,1,0,0,134,0,12,0,0,0,0,0,0,278,0,2,0,0,1,1,0,0,34,2,11,0,0,6,0,0,0,1,0,0,50,0,1,0,0,0,0,0,2,0,0,0,0,0,0,0,0,135,1,1,0,1,38,0,0,0,0,0,25,0,0,0,0,0,1,2,0,0,1,0,1,5,0,0,1,1,0,0,0,1,1,150,1,0,0,2,0,0,57,1,0,0,7,1,0,0,0,1,7,0,0,5,0,0,0,92,2,0,78,0,0,0,3,0,0,0,43,0,1,0,0,0,0,0,1,0,0,0,0,1,0,0,0,48,0,0,0,0,1,0,0,1,133,0,58,0,0,0,0,0,1,4,0,0,0,0,0,1,0,0,0,0,0,0,0,0,0,0,0,0,0,0,0,0,11,0,0,0,0,0,0,0,0,1,0,0,0,0,0,0,0,0,2,0,0,0,0,4,2,2,1,0,0,0,0,1,1,0,0,7,0,44,1,0,0,22,0,0,1,43,0,0,0,2,1,0,0,0,0,0,0,0,0,0,55,0,0,0,0,0,0,69,0,7,0,0,0,2,0,0,0,0,0,4,30,46,0,0,0,0,0,0,0,5,0,0,0,0,0,62,0,0,0,0,2,1,0,0,0,0,0,0,0,1,0,0,0,11,1,1,10,0,26,0,2,0,11,0,0,1,0,0,0,0,0,0,12,0,0,0,0,0,0,3,0,0,1,0,0,0,1,0,1,0,0,0,2,0,0,0,0,0,0,0,0,0,0,1,0,0,0,1,0,0,119,0,6,0,0,0,0,0,0,1,0,0,0,1,0,1,0,0,1
"ENSG00000261520.5",5,0,1,0,0,0,0,0,0,0,0,0,1,40,0,10,0,1,0,0,0,0,0,0,0,0,0,0,0,19,0,0,0,0,0,89,1,0,0,0,0,1,0,0,2,0,0,0,0,0,0,128,0,7,1,0,0,0,0,0,0,0,0,0,0,0,1,0,0,0,0,0,0,0,0,1,1,0,0,106,2,2,0,9,0,8,0,0,1,0,1,1,0,0,0,0,0,0,1,0,0,0,0,0,0,1,0,0,6,0,0,2,0,0,0,0,0,0,0,1,0,0,0,0,2,0,0,0,0,0,0,0,1,0,0,1,0,0,2,0,0,1,2,0,0,0,2024,1,0,1,0,0,0,1,0,0,0,2,0,0,0,0,0,0,0,6,0,0,0,0,0,0,0,0,0,0,0,0,1,8,0,0,0,0,0,0,0,0,0,0,0,1,24107,0,0,0,0,0,0,0,0,0,1,0,0,0,0,0,0,0,0,1,0,0,2,0,1,0,0,0,1,23,0,0,0,0,0,499,0,0,4,3,0,0,0,0,0,1,0,0,1,0,0,0,1,0,0,0,0,0,0,0,0,0,0,0,0,0,0,3,1,1,0,0,0,0,1,0,3,16,1,0,1,0,0,0,0,0,0,1,2,0,0,0,0,0,0,0,0,0,0,0,0,0,0,1,0,0,1,0,0,0,0,0,0,0,1,0,0,0,2,0,0,0,5,0,1,3,0,0,0,0,0,0,4,0,0,0,0,0,0,1,1,2,0,0,0,0,0,0,0,1,1,3,1,2,0,0,0,1,0,21,0,0,0,1,0,0,0,0,0,0,0,0,0,0,0,0,0,0,0,0,1,1,3,0,0,0,0,0,0,3,0,0,1,1,1,0,0,0,0,0,0,0,0,0,2,0,6,1,0,0,20,0,0,0,0,0,29,0,0,0,0,0,1,0,0,0,0,0,0,0,0,0
"ENSG00000261522.5",1,1,3,1,0,4,2,3,0,0,0,4,0,1,2,0,1,2,0,1,1,0,3,0,11,2,0,0,2,0,0,0,1,1,13,3,2,0,1,5,0,1,0,3,0,0,1,0,1,0,0,0,0,3,5,0,1,2,3,0,0,1,0,2,0,0,1,1,0,0,9,10,0,0,2,1,0,0,0,0,5,0,0,12,6,0,0,15,0,0,0,18,1,0,0,0,0,0,0,0,0,0,0,1,1,0,2,0,2,1,4,0,0,0,4,6,0,1,68,16,3,5,2,2,7,0,0,3,3,0,0,0,4,1,1,0,0,0,7,0,0,1,5,0,0,5,0,1,1,0,1,1,42,10,1,2,0,2,4,13,0,0,41,2,0,1,2,0,0,3,22,0,0,1,2,2,0,1,0,3,1,0,0,0,2,0,10,0,1,4,0,0,0,5,2,0,0,1,0,0,0,1,0,0,2,4,1,0,0,0,1,3,2,33,5,0,1,2,0,3,2,2,0,0,0,0,2,0,2,3,1,3,0,0,0,6,2,0,1,4,14,9,0,2,1,2,0,7,5,0,1,0,0,1,1,0,0,0,4,1,5,5,0,0,0,2,0,0,1,2,2,0,0,0,3,0,1,0,1,1,2,1,4,1,3,1,0,1,0,2,0,3,0,0,0,0,2,0,0,0,0,0,0,0,2,0,1,0,3,8,0,0,12,3,20,1,0,2,0,2,0,1,0,1,18,0,0,0,1,0,0,0,0,1,0,0,0,0,0,0,0,0,11,1,2,1,5,0,1,0,0,5,1,2,0,0,0,2,1,0,20,0,1,5,0,0,4,1,0,0,1,1,1,0,1,0,6,0,0,0,4,16,0,2,0,0,0,5,4,0,3,0,0,0,0,0,3,0,0,0,0,1,3,0,9,0,3,4,0,0,1,1,0,0,0,0,1,0,3,0,2,0,3,0
"ENSG00000261580.1",0,0,0,0,1,2,0,0,0,0,0,0,0,0,0,0,3,1,0,13,98,1,0,4,0,0,0,0,0,0,0,0,35,0,26,0,6,0,0,0,0,0,0,0,0,0,0,3,0,0,1,4,0,11,0,0,0,0,0,0,0,40,2,0,1,0,0,0,0,0,3,0,0,0,0,0,0,0,1,16,57,18,0,10,9,0,0,0,0,4,0,59,9,0,0,0,0,0,7,0,0,0,0,0,0,1,42,0,2,0,28,0,0,1,18,0,0,2,14,0,0,0,0,8,0,0,0,0,0,0,0,0,8,0,1,0,0,0,0,1,0,0,2,0,24,0,1,2,6,0,0,0,0,2,6,6,0,0,1,7,12,0,19,30,0,4,19,0,0,15,0,7,0,0,0,0,38,2,0,1,0,0,0,4,49,0,0,0,0,23,0,0,1,8,5,25,0,19,0,0,1,0,20,0,0,9,0,0,1,0,0,7,16,46,0,0,0,0,1,97,0,1,0,0,0,0,0,0,0,0,0,1,0,0,0,2,0,0,0,8,0,0,0,0,0,2,9,0,0,0,0,0,0,8,0,0,0,0,0,1,16,0,3,27,0,16,0,0,1,0,8,0,13,0,0,0,5,0,0,1,2,3,0,0,0,0,0,10,0,0,0,0,0,4,0,10,4,0,0,0,3,0,0,0,1,0,0,0,9,78,0,0,1,0,34,0,11,3,0,0,11,0,0,0,5,0,2,0,0,0,32,0,2,0,10,0,0,0,0,0,0,0,0,0,11,7,0,0,0,0,0,0,0,99,0,0,0,0,0,0,22,0,0,0,0,0,0,14,0,0,0,4,0,1,1,0,21,0,0,0,0,1,11,0,0,0,0,0,5,0,4,0,0,0,0,0,13,0,1,0,0,5,7,0,0,0,0,16,0,0,0,0,0,0,13,0,2,0,7,0,0,0,0,0
"ENSG00000261587.2",3,1,0,3,7,0,3,0,2,10,0,2,7,9,13,0,1,1,8,1,2,1,0,0,0,0,0,3,0,26,2,0,2,3,0,0,0,0,5,4,1,2,0,0,1,5,3,0,0,2,2,0,0,6,1,2,0,9,2,1,0,4,0,4,0,2,6,0,0,1,7,1,0,0,8,0,0,16,2,4,8,0,54,0,2,0,5,1,4,5,3,0,1,16,0,1,3,4,1,0,0,1,2,1,2,1,0,1,13,2,1,1,1,0,1,4,1,0,2,4,0,1,2,11,2,1,2,3,7,3,0,0,16,2,3,0,4,0,19,1,0,2,7,1,4,0,6,7,1,0,0,0,0,0,1,1,1,1,2,10,10,12,1,5,1,3,6,5,1,4,1,12,3,0,2,1,2,3,2,0,0,1,1,3,0,1,0,0,1,3,4,13,3,4,0,12,0,12,0,0,0,4,3,2,1,0,1,0,2,0,2,4,7,0,6,1,2,2,1,2,0,2,0,1,0,0,5,0,0,0,7,8,1,2,3,2,0,0,2,1,0,6,1,0,4,3,9,2,0,13,2,2,2,3,1,1,0,0,0,4,0,1,18,2,0,5,2,0,6,1,1,2,12,0,1,1,3,0,3,13,5,17,6,0,5,2,0,1,0,1,0,0,1,11,3,3,4,6,1,1,1,0,73,1,3,0,2,0,0,1,7,5,0,0,1,2,1,2,1,1,2,2,0,2,1,6,1,0,0,0,1,0,3,18,3,1,4,0,0,4,0,1,2,9,0,1,1,9,7,0,0,2,3,3,1,1,9,1,4,15,0,6,2,4,12,0,0,7,3,1,6,14,2,1,12,1,3,0,0,7,1,1,0,0,1,0,8,1,2,0,19,1,1,1,12,1,2,6,3,0,3,3,3,0,4,2,1,2,0,1,2,3,2,0,1,0,0,19,1,0,1,2,4,0
"ENSG00000261594.4",26,1,49,11,16,28,9,5,36,29,5,8,410,43,46,2,7,247,6,22,79,12,21,7,71,3,17,7,4,15,6,13,10,8,126,26,7,5,3,7,10,34,8,5,12,6,6,18,4,2,8,18,8,4,469,17,22,9,12,1,55,35,83,15,5,11,12,4,7,88,15,19,8,4,2,1,5,10,88,7,9,7,75,78,68,42,0,0,187,6,179,78,7,24,200,0,123,32,14,9,13,7,25,8,112,53,12,2,84,29,43,21,112,17,16,9,17,65,210,19,12,2,3,1,7,11,17,1,25,22,7,3,7,8,95,6,54,4,232,5,1,50,48,6,39,15,14,12,42,3,4,9,391,11,11,0,7,83,56,175,10,158,42,16,22,15,35,30,20,26,2,7,2,4,678,8,55,73,24,62,3,220,14,295,7,6,18,18,11,7,784,319,40,21,28,71,2,4,22,57,3,1,32,4,2,1,3,8,19,1,82,74,25,4,20,11,12,2,40,24,2,11,14,8,2,4,44,10,8,14,19,13,40,9,7,19,1,4,6,14,55,12,94,87,22,81,17,601,11,2,3,20,3,5,4,535,5,7,5,8,51,20,36,10,8,8,5,7,5,3,21,5,26,6,14,19,36,3,22,17,5,8,6,7,39,8,9,47,53,12,21,11,11,16,1920,9,38,58,39,13,22,32,37,8,11,8,4,5,28,53,6,15,2,8,22,17,17,45,111,13,9,4,4,19,16,819,10,0,2,2,0,12,21,1587,4,1,2,16,54,335,10,3,6,6,13,13,19,10,40,14,1,466,5,23,2,3,1,4,23,7,6,39,2,17,23,10,8,159,7,4,49,2,5,7,33,4,2,7,12,5,8,31,3,10,8,5,71,81,6,11,9,6,4,52,24,116,882,8,15,2,2,261,16,16,34,23,41,12,11,165,22,45,10,14,3,5,54,484,529,4,5,52,642,5
"ENSG00000261634.4",8,0,0,0,23,0,1,0,1,233,0,0,0,76,53,0,0,9,0,2,2,0,12,3,1,0,0,4,0,2,8,11,8,1,30,5,0,0,1,1,0,64,0,0,0,5,0,0,1,1,1,15,3,12,0,18,0,0,0,0,0,1,3,2,0,4,0,0,10,49,205,0,0,0,0,0,149,1,1,1,27,4,3,4,4,1,0,0,13,0,2,0,0,0,0,0,2,5,0,7,2,0,95,0,1,3,2,0,53,2,5,2,10,5,0,0,9,0,32,6,1,1,12,0,2,0,0,0,2,94,0,1,31,0,6,3,2,1,1,0,0,8,4,1,8,23,5,0,3,7,0,1,48,0,1,14,1,7,16,24,0,3,1,6,5,0,2,50,0,2,0,3,1,58,1,0,4,46,3,4,1,6,2,72,0,2,0,0,0,0,0,1,8,13,9,3,4,6,0,38,0,2,4,5,0,11,4,59,7,0,5,1,2,2,3,25,1,0,3,0,0,0,0,3,5,0,0,118,3,3,12,1,1,0,1,0,1,0,0,0,8,3,2,3,35,3,2,0,10,0,1,1,1,0,0,55,1,0,0,5,9,0,6,2,0,5,24,3,0,1,1,2,60,1,4,0,7,0,1,0,4,3,6,2,2,0,1,1,0,4,0,1,0,6,1,8,62,0,0,42,0,6,1,1,5,0,0,2,9,0,0,5,1,10,0,1,0,5,10,1,14,107,4,8,1,27,2,0,0,0,0,0,1,0,2,5,2,23,0,2,0,0,3,10,3,3,0,4,4,0,0,70,1,2,0,0,3,41,5,8,0,0,2,4,8,0,4,9,1,1,0,0,0,0,17,0,1,0,1,15,1,1,1,0,1,4,0,2,0,2,30,0,1,10,1,0,12,0,11,1,2,0,0,1,57,1,6,7,0,1,7,10,0,1,3,1,0,8,0,3,1,0,1,3
"ENSG00000261664.5",52,0,0,2,1,2,0,0,1,24,0,0,1,5,54,2,14,4,0,3,3,1,12,5,0,1,0,0,0,0,0,17,19,0,2,14,12,2,0,0,0,10,0,0,0,1,7,0,4,0,0,18,1,0,0,2,0,0,0,0,0,5,1,2,0,1,0,0,1,3,6,0,0,0,0,0,5,0,0,0,3,2,9,14,2,1,0,2,3,2,11,3,1,1,2,0,0,0,4,5,2,0,13,1,2,0,8,0,2,0,3,1,5,1,0,3,9,0,11,1,0,1,1,0,2,3,3,0,5,19,0,0,13,3,6,0,0,0,1,7,0,13,4,0,3,16,0,10,1,58,3,0,1,3,0,19,1,4,4,4,4,6,12,1,6,2,13,11,0,9,0,1,6,0,1,0,7,10,19,1,0,7,0,1,0,0,6,4,1,0,0,0,2,6,1,5,0,4,2,4,0,2,2,1,0,12,1,6,1,0,0,6,24,1,0,21,0,1,2,7,0,0,4,0,2,0,0,2,3,0,0,0,0,1,0,14,0,0,1,2,3,6,0,3,9,2,2,0,1,0,0,4,0,17,0,0,0,19,0,1,1,5,11,1,1,4,4,0,0,1,4,0,3,0,4,0,10,1,0,10,1,9,1,0,0,0,4,2,3,2,0,1,7,16,0,12,17,0,4,25,8,3,3,0,2,2,0,0,2,0,0,1,0,9,5,87,0,0,1,3,2,16,0,0,2,0,1,2,0,0,0,0,3,0,0,2,0,11,0,13,1,3,0,5,3,1,0,8,2,0,1,10,0,1,0,1,4,28,0,11,0,0,0,11,12,1,3,1,0,0,0,2,0,0,28,0,1,3,0,1,2,0,4,2,1,12,1,7,1,6,3,0,0,3,1,0,4,2,8,0,2,0,14,0,8,0,0,4,0,3,5,1,3,1,2,3,8,0,6,0,0,2,0,0
"ENSG00000261678.3",0,0,8,0,5,0,3,2,0,8,1,8,4,2,5,3,0,1,3,0,2,0,1,1,8,2,2,1,0,2,1,1,0,1,2,3,5,0,15,16,3,0,0,2,0,0,0,6,1,0,1,1,2,1,0,1,0,1,1,1,0,4,2,1,0,3,6,2,1,11,28,0,2,1,3,0,9,3,37,2,5,6,1,7,1,0,0,1,0,1,7,2,1,0,0,0,0,8,15,0,0,0,1,0,2,0,1,0,27,1,2,1,0,0,1,5,2,0,1,1,0,0,1,4,0,0,0,2,1,0,2,0,7,0,1,0,7,1,4,1,0,2,3,0,1,2,4,2,6,1,1,0,1,0,1,8,1,3,18,5,2,5,1,3,0,0,0,5,4,0,2,8,2,5,2,0,1,5,3,0,0,35,3,2,1,0,12,0,2,2,2,0,1,2,0,1,0,8,0,3,0,6,1,7,0,0,0,2,6,3,0,4,1,0,5,1,0,0,0,1,0,3,1,1,1,0,13,3,1,5,0,3,1,2,1,4,0,1,1,0,0,0,1,0,1,2,2,5,3,14,0,1,0,4,0,0,1,0,7,3,1,7,0,1,2,0,4,0,4,0,0,1,0,0,2,2,5,1,0,1,3,1,1,0,11,0,0,2,0,1,2,1,0,7,13,12,1,0,1,2,5,4,29,0,5,0,0,2,6,3,3,11,6,2,4,2,0,3,0,1,1,3,0,1,0,3,0,2,2,1,2,0,2,14,10,0,9,3,5,1,0,1,1,3,0,0,1,2,0,0,0,9,0,5,3,0,3,0,6,1,1,0,1,0,0,24,8,2,1,0,0,5,0,1,4,1,2,0,1,1,2,1,1,0,0,1,0,2,6,1,3,1,0,2,0,2,3,29,10,0,1,2,3,0,2,0,0,3,0,0,0,3,1,0,1,0,1,0,2,0,0,0,8,0
"ENSG00000261713.6",36,1,0,1,1580,29,350,70,0,165,1,0,0,0,22,3,2526,0,0,245,7,11,6082,980,0,8,0,41,0,12,2418,491,365,0,1,0,0,19,0,0,0,838,5,0,9,5,3,2,5,0,1,7,0,0,0,8,0,0,0,2,0,0,0,2,1,33,0,1,24,0,243,3,106,7,5,1,107,347,6,1,1,32,542,0,1,1376,0,0,10,0,78,52,1,964,0,0,1,1,0,37,3,2,748,0,1,15,6,0,30,2,2,0,0,0,22,4,340,0,0,3,0,1,0,2,1,3,2,2,1,10,3,0,0,0,27,8,4,0,19,0,2,704,59,0,365,2676,1120,570,4,484,6,0,2,2,0,1,0,92,1,3,0,6,3,1297,442,0,140,4758,0,48,0,2,9,2,36,0,0,7,0,1,0,1361,0,0,3,0,2,0,16,2,8,0,168,0,0,6,0,2417,1,1690,30,0,11,0,1,2492,1,71,1,0,1546,773,4,0,110,33,1,0,0,1,2,0,0,387,0,1,0,8,0,1,4128,2,0,0,4,0,2,1,1,0,668,7,0,229,59,0,0,3,0,1,19,1173,0,1076,0,97,0,5409,4,9,1,2,6,78,0,924,2635,0,4,0,14,0,1,0,1,1,525,1,0,2,6,2,0,1,1,2,1,351,3,1,1,16,120,1,0,32,1146,0,1,44,1693,839,71,0,1,1,0,391,4,1,1,729,1,1704,2,175,0,82,6,0,215,7,2,1581,45,84,0,1,0,0,0,51,0,0,1,16,0,1,1,0,3,2,2,30,0,1,1,693,0,0,0,749,0,0,0,2,110,386,0,4455,0,0,3,3614,0,1,130,2,0,0,0,0,19,0,33,64,1,0,0,51,0,1,2,5,2,1,60,28,0,3,3,0,2,9,55,0,1,2,0,2,0,0,2366,0,4,0,1,0,0,0,0,0,0,0,1,234,0,0,500,13,0,0,1,1
"ENSG00000261716.2",38,2,10,56,75,60,16,407,40,162,158,229,117,1117,199,29,70,73,256,54,104,18,135,30,127,36,14,138,17,51,158,518,55,227,56,569,51,54,77,280,17,76,615,251,61,33,46,30,13,95,17,147,45,105,146,88,41,108,47,39,32,83,86,74,31,180,113,94,238,62,409,86,57,10,8,32,187,38,95,122,117,423,290,66,350,135,28,61,122,18,257,195,66,98,63,8,32,101,154,89,74,29,102,63,55,48,143,19,416,376,116,52,108,54,201,33,319,87,44,281,111,171,39,76,72,6,6,142,93,182,44,84,184,48,80,24,132,14,257,17,6,73,101,44,73,421,214,77,34,251,7,16,101,42,40,100,57,178,830,163,56,62,145,90,19,70,103,91,195,571,54,41,272,440,80,51,27,219,545,187,7,182,308,357,90,17,137,72,101,126,34,103,169,165,218,105,51,44,37,180,95,214,60,724,34,120,20,115,40,127,107,529,203,72,64,156,31,57,73,241,8,50,30,107,30,22,127,456,19,76,69,224,51,77,21,109,13,28,73,30,154,51,76,172,337,215,44,23,110,233,21,47,34,55,15,79,12,14,127,429,428,88,378,232,47,61,69,34,255,8,168,19,127,29,24,45,40,12,68,144,385,23,26,2,176,63,12,55,33,74,36,104,43,154,32,173,139,225,208,304,256,7,108,23,145,28,29,39,74,391,279,47,188,207,274,1250,92,450,81,21,329,745,17,104,119,142,35,121,22,12,208,36,22,86,172,22,145,692,207,81,15,165,145,133,70,74,2,65,33,6,55,584,79,126,46,14,183,701,74,47,65,23,90,292,157,134,33,221,30,57,50,72,21,89,443,28,179,10,104,529,20,155,68,41,33,48,79,59,44,362,217,403,14,141,17,43,265,87,78,12,70,15,95,112,174,23,99,99,19,50,166,9,63,24,537,57,38,65,52,32,7,50,399,35
"ENSG00000261742.6",11,0,2,0,0,0,0,0,0,0,0,0,0,5,2,0,0,0,4,0,0,0,0,0,1,0,0,0,0,1,0,0,0,1,0,2,0,0,0,0,0,7,0,1,0,0,0,7,0,0,0,5,0,1,0,0,0,0,0,0,0,0,0,0,0,2,0,57,0,0,98,1,0,0,0,0,0,0,0,2,3,5,6,0,0,0,0,1,5,0,0,3,0,0,0,0,0,0,0,1,0,0,0,0,0,0,1,0,16,0,0,0,8,1,0,1,0,3,0,5,0,0,0,0,0,0,0,1,0,1,0,0,0,0,0,0,1,0,0,0,0,0,14,0,0,0,28,0,0,0,0,0,0,0,1,0,0,0,26,4,0,0,0,1,1,0,0,1,0,0,1,0,1,0,0,0,0,4,3,0,0,0,0,0,0,0,0,0,0,0,0,0,1,0,1,0,0,0,0,0,0,0,2,2,0,0,0,0,0,0,0,1,0,0,0,0,2,0,3,1,0,1,0,0,0,0,0,0,0,1,0,0,2,0,0,39,0,0,0,20,0,0,2,0,0,0,0,0,0,0,0,0,0,1,0,0,0,0,1,0,5,0,1,0,0,0,1,0,0,0,0,1,0,0,3,0,1,0,0,3,0,0,0,1,0,1,0,0,0,0,0,1,0,0,15,0,1,0,1,2,1,0,2,1,2,0,2,0,0,1,72,0,0,0,0,36,0,0,4,0,0,4,0,1,2,0,0,0,10,0,0,0,1,0,0,0,0,0,1,2,0,0,0,0,1,0,5,0,0,0,0,0,0,0,0,1,0,1,0,0,0,0,1,0,0,0,0,0,3,0,0,1,7,1,0,0,0,0,0,0,0,1,0,0,0,0,1,0,2,0,0,0,0,0,0,1,121,0,0,0,0,0,0,1,131,1,6,0,2,3,1,0,1,0,0,0,2,4,1,0,0,0,0,0
"ENSG00000261761.5",0,0,0,0,0,0,0,0,0,0,0,7,0,537,36,0,9,6,0,0,0,0,147,0,32,0,0,50,0,111,1,0,17,7,3,4,88,0,0,0,1,0,11,0,3,0,0,11,0,0,0,201,0,113,0,1,2,0,34,1,0,0,0,12,0,0,1,0,0,0,312,1,2,0,0,0,0,2,30,86,56,44,0,0,19,0,0,30,14,0,0,120,0,0,0,0,0,154,3,2,0,0,0,0,0,0,0,0,408,0,0,0,0,10,0,15,0,0,0,74,0,95,0,0,0,0,6,63,0,4,2,0,79,0,0,0,0,0,75,9,0,0,270,0,0,23,15,0,0,0,0,0,1,37,2,0,0,0,57,41,5,0,0,0,0,8,78,0,0,88,3,116,0,349,0,0,0,51,0,6,0,0,0,0,2,0,21,0,0,81,0,0,1,26,4,0,0,0,1,0,11,0,0,187,0,139,1,0,9,3,0,1,61,11,97,0,0,0,76,87,0,15,0,0,0,0,2,75,0,0,0,3,0,0,7,124,0,1,4,8,0,6,0,0,0,0,12,0,0,0,0,0,0,0,0,0,0,0,35,92,100,117,1,0,0,0,0,0,51,0,1,0,46,0,0,0,38,0,0,11,123,3,0,0,0,0,0,0,0,0,5,0,0,0,0,85,287,0,1,0,0,0,223,0,0,0,0,8,17,13,0,0,20,0,0,1,140,0,0,15,0,0,0,0,0,0,0,0,8,0,53,0,15,0,0,0,1,35,0,0,0,0,6,0,123,48,0,0,59,0,0,212,0,146,0,0,0,0,0,0,9,0,0,0,0,0,0,7,0,1,0,7,0,5,430,0,37,0,0,125,11,24,7,0,0,31,0,6,5,0,0,0,0,0,0,0,262,0,6,0,0,0,0,0,23,0,3,116,10,0,0,0,0,0,19,0,34,0,3,0,0,1,0,1
"ENSG00000261787.2",1,0,0,0,0,0,3,0,0,0,0,1,2,12,17,0,0,3,0,0,0,0,0,0,0,1,0,0,0,2,3,0,0,0,4,0,4,0,0,0,0,0,1,0,1,0,1,0,0,0,0,6,0,8,0,0,0,0,0,0,0,16,0,0,0,0,0,0,0,0,155,0,0,0,0,1,4,1,4,9,3,1,0,0,2,1,0,0,1,0,0,0,4,0,0,0,0,8,27,0,1,2,0,0,0,6,0,0,73,0,0,0,0,2,6,0,0,0,14,13,0,1,0,0,0,0,0,0,0,3,0,0,49,0,0,0,0,1,1,0,0,0,18,0,0,13,0,0,16,0,0,1,0,0,0,0,0,0,0,0,0,0,1,4,0,13,9,10,0,0,0,4,0,0,0,0,0,10,1,0,0,12,1,0,1,0,0,2,0,1,0,0,10,1,0,1,0,1,0,16,0,0,17,22,0,7,0,0,0,0,0,3,10,2,1,0,0,0,6,3,0,0,3,0,0,0,0,9,0,0,0,0,1,0,0,0,0,0,0,0,0,0,0,0,0,0,1,0,0,1,0,0,1,0,0,0,0,0,0,6,1,0,1,42,0,0,0,1,0,0,2,0,25,1,0,0,38,0,0,0,0,8,1,0,0,0,0,0,16,8,0,0,0,1,0,11,6,1,0,0,0,4,6,0,10,0,1,0,0,5,0,1,0,0,0,0,2,0,0,0,0,0,0,2,0,0,0,0,0,0,8,0,0,0,15,0,0,1,0,0,0,0,0,0,37,0,0,0,11,0,1,1,0,21,0,1,0,0,9,0,2,0,0,7,1,0,0,21,0,0,0,0,10,3,0,0,11,0,1,0,0,1,1,0,0,0,0,0,0,0,53,0,0,0,0,0,2,48,1,0,0,1,0,0,0,0,20,8,0,0,0,0,2,0,0,0,8,25,0,0,0,1,0,0
"ENSG00000261798.1",17,0,0,0,2,3,1,1,1,15,0,0,1,19,5,0,6,1,2,1,5,0,4,0,2,0,0,0,1,13,0,7,3,0,4,4,0,0,0,0,6,20,3,0,1,4,0,2,0,0,0,1,2,6,0,23,1,2,5,2,0,2,0,0,0,3,1,0,0,5,16,0,0,0,0,3,19,2,1,1,0,16,25,3,10,3,1,0,8,2,9,0,1,0,2,0,1,0,12,0,1,0,9,0,2,3,13,0,14,0,3,0,2,0,0,5,7,5,10,6,0,0,0,0,1,0,0,0,0,22,3,1,0,0,3,0,0,0,21,0,0,16,2,0,2,13,1,15,9,7,0,1,5,1,0,1,5,0,2,0,1,17,0,3,3,11,6,0,1,0,5,0,0,29,3,1,2,57,14,3,0,1,9,11,0,0,1,1,11,1,1,6,3,6,3,5,1,0,0,2,0,22,2,14,0,0,0,3,5,7,7,14,0,5,4,7,0,0,2,0,0,8,0,3,1,0,0,1,2,0,16,12,0,1,0,0,0,0,0,3,1,0,0,0,20,24,0,1,0,0,0,6,1,27,0,3,0,1,7,25,1,1,4,0,0,0,3,2,0,0,0,0,0,0,0,3,10,0,0,6,6,0,0,0,9,2,0,1,1,2,2,0,5,0,0,18,9,0,17,25,7,4,3,2,4,1,2,4,0,0,2,2,16,6,3,17,0,8,3,0,0,20,0,6,2,12,0,0,1,0,1,1,1,2,11,1,0,2,0,4,0,1,0,47,0,0,3,2,4,0,1,15,0,1,0,0,11,19,1,12,0,0,0,7,40,0,11,0,1,11,0,10,0,3,17,5,6,0,0,3,0,0,3,0,1,11,9,3,7,1,16,0,0,4,7,1,9,1,3,0,0,0,3,6,7,1,0,0,3,2,0,1,0,0,0,0,13,5,7,0,0,3,13,0
"ENSG00000261800.2",0,0,0,0,0,0,0,0,0,0,1,0,0,62,13,0,1,0,0,0,0,0,0,0,2,0,0,0,0,0,0,0,1,0,0,0,0,0,0,0,1,0,0,0,0,0,0,0,0,0,0,59,0,1,0,0,1,0,0,0,0,11,0,24,0,0,0,0,0,0,229,0,0,0,0,0,0,1,0,6,8,54,0,0,10,0,0,0,0,0,0,1,0,3,0,0,2,8,1,0,1,0,0,0,0,0,1,0,50,0,0,0,0,1,0,0,0,0,0,13,0,0,0,0,1,0,0,53,0,0,0,1,1,0,0,0,0,0,1,0,0,0,67,0,0,0,0,0,0,0,0,0,0,0,0,0,0,0,0,8,14,0,0,0,0,64,4,0,0,5,0,0,0,0,0,0,0,36,0,0,0,0,0,0,1,0,5,0,0,46,0,0,1,17,1,0,0,0,0,0,0,0,0,0,0,1,0,0,2,0,0,1,0,1,0,2,0,0,0,0,0,47,0,0,0,0,0,0,0,0,0,5,0,0,1,0,0,0,0,0,0,0,0,0,1,1,0,0,0,0,0,0,0,0,1,0,1,0,1,0,155,8,0,2,0,0,0,0,142,0,0,0,6,0,0,0,0,0,0,13,30,1,0,2,0,0,0,0,0,0,0,0,0,0,0,4,2,0,0,0,0,0,4,0,0,0,0,0,5,0,0,0,0,0,0,0,58,0,0,0,0,0,0,0,1,0,0,0,0,0,120,0,0,1,0,0,0,0,0,0,0,0,0,0,3,43,1,0,0,0,0,0,0,127,0,0,0,0,0,0,0,0,0,0,0,0,0,0,0,0,0,0,0,0,78,0,89,1,0,5,0,11,0,0,0,0,0,1,0,0,0,0,0,0,0,0,1,0,0,0,0,0,0,0,0,0,1,0,7,0,0,1,0,0,0,0,13,0,0,0,0,0,0,0
"ENSG00000261821.2",10,0,3,4,2,4,0,10,1,0,0,11,8,6,32,0,0,5,2,1,3,1,0,2,0,8,29,0,0,0,0,4,1,16,10,1,4,0,6,19,0,5,12,1,1,12,1,5,1,3,3,9,4,7,1,19,1,1,0,2,10,4,3,0,9,1,2,1,10,25,9,7,1,1,0,1,0,2,7,5,6,0,17,3,34,3,2,2,22,4,5,0,0,0,1,0,10,8,5,4,4,5,4,0,4,11,24,0,32,9,18,1,1,4,0,3,7,20,10,0,0,0,4,13,7,0,0,2,17,34,9,1,23,2,11,0,9,0,3,0,0,43,1,0,0,10,0,0,9,0,2,1,25,11,4,10,5,6,15,13,6,7,6,5,5,1,0,4,6,0,0,6,3,0,0,3,10,21,24,8,1,10,11,11,1,2,32,3,4,0,3,2,44,1,0,0,5,7,3,7,1,16,5,108,0,0,6,13,7,16,1,0,4,17,6,1,3,2,2,16,0,0,0,1,1,0,2,13,0,18,19,11,1,0,7,1,1,7,4,4,0,1,14,2,51,3,6,2,15,12,0,1,1,8,1,9,0,4,7,1,7,2,6,0,1,1,8,0,0,1,5,0,0,0,18,7,0,0,3,0,0,0,8,0,14,1,0,0,1,1,3,1,2,11,5,7,1,4,32,0,8,0,2,4,2,0,5,23,17,0,0,9,4,15,3,0,4,6,5,4,1,107,0,9,2,11,1,7,1,0,0,4,1,20,3,1,0,10,0,11,0,8,12,9,7,0,0,5,3,0,1,55,11,1,5,1,3,31,2,7,7,2,13,0,0,10,3,2,6,2,2,17,2,0,0,0,0,4,7,0,23,1,15,1,1,2,0,1,10,1,34,9,0,3,1,16,4,3,5,0,3,2,4,3,0,0,11,0,0,1,2,0,1,0,2,5,0,8,0,6,0,0,3,1
"ENSG00000261823.1",0,0,0,1,0,0,0,36,0,1,0,1,0,1,0,0,0,0,0,0,0,0,1,2,11,1,0,2,0,0,0,0,2,0,0,0,0,0,0,1,0,1,1,0,0,0,0,0,0,0,0,1,0,1,0,2,0,1,1,1,0,0,0,4,0,1,2,2,0,0,4,0,0,0,0,0,0,1,0,1,1,1,0,0,15,0,0,0,1,0,0,0,0,0,0,0,0,8,1,4,0,2,0,0,0,0,5,0,0,0,1,0,1,1,0,1,0,0,0,0,0,14,0,0,1,0,0,3,3,4,1,1,5,0,0,0,0,1,1,4,0,1,1,0,0,1,0,4,0,0,0,0,0,8,0,0,0,1,0,7,0,0,0,0,0,1,2,0,2,1,0,1,0,9,0,0,0,0,4,0,0,0,0,3,0,0,17,14,2,19,0,0,0,3,2,1,0,0,0,1,2,7,1,2,0,0,1,0,0,0,2,4,0,4,6,3,0,0,0,0,0,5,0,0,0,0,0,3,0,0,0,6,1,0,0,0,0,0,0,0,0,0,0,0,2,0,0,0,1,0,0,0,1,0,0,0,0,0,0,2,13,4,1,0,0,1,0,1,25,0,0,0,0,0,0,0,0,0,0,0,2,0,0,0,25,0,0,0,0,0,0,0,0,0,0,1,3,0,0,1,2,0,0,0,0,0,0,0,2,2,2,4,3,2,0,0,0,2,2,0,1,10,0,0,1,2,0,0,0,0,0,0,0,0,2,0,0,1,0,0,0,0,0,0,0,3,0,0,0,0,0,0,6,0,0,0,0,2,0,0,0,0,1,0,2,1,0,1,0,0,0,0,0,0,3,0,30,0,0,12,2,2,2,0,0,0,0,2,0,1,0,3,0,13,1,3,1,0,0,0,0,1,0,3,0,1,0,0,0,0,2,0,6,0,2,0,1,0,0,0,0,0,2,1
"ENSG00000261873.2",2,0,5,0,6,12,0,2,0,0,4,3,4,0,2,2,4,0,0,6,6,0,0,0,0,0,0,4,0,0,3,11,1,0,4,0,0,0,0,3,0,0,0,0,0,1,0,0,0,0,0,8,0,4,0,0,0,0,5,0,0,5,0,0,0,4,1,0,6,3,15,0,1,0,0,0,5,1,1,0,4,4,0,1,0,3,0,1,0,0,1,3,1,0,0,0,0,0,6,0,0,0,1,1,3,2,5,0,2,0,4,0,0,0,2,1,23,1,7,3,0,5,0,0,0,0,0,1,7,1,0,0,3,1,0,0,1,1,1,0,1,3,5,0,4,5,1,6,3,1,1,1,0,0,0,1,0,14,1,0,1,4,1,3,3,0,6,0,3,14,0,4,0,2,0,0,1,2,0,0,0,1,1,0,4,0,0,1,6,0,0,0,0,0,2,14,0,0,1,10,0,0,7,1,0,5,0,0,0,0,3,4,3,3,4,0,0,0,3,1,0,0,0,1,0,0,4,0,0,0,1,0,2,0,0,0,0,0,0,1,2,0,0,3,7,2,1,0,8,0,0,1,0,1,1,5,0,0,0,10,4,0,2,2,0,4,0,0,0,0,1,0,4,0,0,2,2,0,0,2,1,1,0,0,1,0,0,0,1,4,0,4,1,0,1,3,0,0,1,0,1,1,0,1,1,0,0,1,2,3,0,1,0,1,11,8,0,4,0,1,8,0,0,3,1,0,0,0,1,0,10,0,0,1,3,0,0,12,0,0,0,0,0,2,2,0,0,1,0,0,0,0,0,12,0,0,2,0,10,3,7,0,1,24,0,0,1,3,0,3,0,0,0,5,5,0,0,0,0,1,0,0,0,0,0,0,2,0,0,10,9,0,0,1,0,0,3,1,1,0,0,1,4,0,1,0,3,5,0,0,2,1,0,0,1,0,0,1,1,1,0,0,4,0
"ENSG00000261886.1",0,0,1,0,2,1,2,1,1,4,1,2,3,3,6,0,2,3,2,0,0,0,4,4,0,0,7,1,0,2,1,5,0,3,2,1,2,1,3,5,0,0,1,2,0,6,2,0,0,0,0,0,0,10,1,4,0,2,2,1,4,2,12,1,1,1,0,1,1,7,12,0,0,0,9,0,5,1,4,2,3,8,4,1,5,5,2,1,1,5,2,5,1,56,4,0,9,0,2,1,2,0,0,1,0,3,2,0,9,3,2,1,0,1,0,2,6,0,3,11,0,1,1,10,5,0,0,7,0,14,1,0,12,0,2,0,4,0,1,1,0,0,1,1,0,3,4,8,3,1,0,0,3,1,1,5,1,3,12,0,2,0,1,0,5,2,3,12,4,0,0,1,2,0,2,0,3,40,2,5,0,9,1,3,2,0,0,1,1,2,1,1,2,6,0,2,0,4,0,3,0,5,3,3,0,19,1,3,4,1,0,2,3,0,2,0,4,0,3,4,0,2,4,0,0,1,6,3,2,0,3,5,0,3,10,3,1,3,0,5,1,2,4,0,7,15,4,3,1,6,1,0,1,2,0,0,0,6,6,5,1,2,8,8,0,1,3,0,3,1,3,0,9,0,1,1,12,0,5,2,2,9,0,0,2,3,0,1,2,5,0,0,1,50,3,4,0,6,1,2,4,4,3,1,6,0,0,2,0,4,1,2,10,2,1,4,4,5,2,0,2,6,1,6,1,3,0,3,2,0,0,2,2,1,6,0,2,2,1,7,0,3,1,5,2,2,2,12,0,0,0,4,1,2,1,0,4,5,2,6,2,0,1,10,4,1,2,2,0,2,1,4,1,4,6,3,0,0,1,3,6,1,0,2,0,10,0,2,2,1,1,2,0,2,3,1,8,5,1,3,2,2,4,1,3,2,0,0,2,0,0,1,0,1,1,0,0,4,1,0,2,1,7,0
"ENSG00000261949.6",0,0,0,0,0,0,5,0,0,0,0,0,1,53,19,0,0,2,0,0,0,1,0,0,0,0,0,6,0,1,0,1,0,0,0,12,0,0,0,1,0,1,1,0,1,0,0,2,0,0,0,0,0,2,0,1,0,0,0,0,0,0,1,0,0,0,0,0,11,0,8,0,0,0,0,0,1,9,0,162,2,1,3,0,1,0,0,0,2,0,0,1,0,1,1,0,0,5,0,16,1,0,2,0,0,0,8,0,67,0,0,0,0,0,0,1,0,0,9,2,0,1,0,0,0,0,0,8,0,1,0,0,58,0,0,0,0,0,0,0,0,0,5,0,0,19,0,2,4,0,0,0,0,0,1,2,0,1,4,1,0,6,1,0,0,3,0,0,0,44,1,0,3,8,0,0,0,3,1,1,0,41,0,2,0,0,2,0,12,2,0,3,0,1,1,5,0,1,0,0,0,1,0,89,0,4,0,0,6,0,0,3,11,0,0,0,0,0,0,1,0,0,0,2,0,0,0,1,2,2,2,6,0,0,1,0,0,0,0,1,0,0,0,1,0,23,4,0,3,0,1,0,0,0,0,1,0,0,0,4,1,0,4,0,0,0,0,0,3,0,0,0,0,0,0,0,1,0,0,0,1,0,1,0,1,0,0,1,2,2,0,0,0,1,0,111,7,0,1,0,0,0,21,0,6,0,0,0,0,2,1,1,0,0,2,0,22,2,0,0,0,0,0,2,1,1,0,1,0,0,4,0,0,1,8,0,0,3,0,0,0,1,0,0,2,2,0,0,1,0,0,5,0,2,0,0,0,0,4,2,9,1,0,4,1,0,0,8,0,1,0,1,1,1,23,0,3,0,0,2,0,1,1,0,0,0,0,1,2,0,35,0,0,0,0,0,2,0,0,0,0,2,0,0,1,0,4,0,0,3,0,4,0,0,2,0,0,13,0,1,0,0,1,0
"ENSG00000262003.1",5,202,22,85,16,2,3,1,1,30,1,1,0,3,47,64,125,2,0,23,50,103,20,4,1,1,2,50,24,3,48,1,20,9,2,4,7,32,0,0,118,5,0,2,138,8,47,249,159,0,49,14,15,0,2,143,10,1,0,20,1,1,1,7,6,60,1,1,11,85,4,7,52,105,108,69,9,32,17,14,0,0,10,12,148,2,11,0,10,0,242,61,0,17,1,17,271,3,1,5,109,96,42,0,9,2,1,102,14,1,2,186,8,13,9,330,6,1,0,15,87,2,26,1,16,81,47,2,4,30,201,5,81,33,3,16,0,37,3,0,30,18,8,221,2,2,4,1,16,0,399,58,0,1,41,225,376,29,17,27,1,3,1,8,6,11,4,15,163,1,0,42,1,1,4,113,21,1,21,0,3,5,277,171,5,72,4,4,165,0,86,99,2,4,1,143,230,2,3,26,1,1,4,4,203,1,264,4,11,1,23,7,1,0,15,2,1,5,2,214,5,0,0,0,29,172,91,0,1,0,21,2,22,16,184,6,53,1,12,2,1,6,45,6,7,27,5,7,4,1,40,1,3,3,47,11,159,221,1,2,4,0,3,0,182,43,3,310,0,146,2,3,1,3,1,2,0,77,21,4,1,0,2,134,0,5,232,35,1,14,87,88,13,0,28,6,1,0,7,0,181,1,5,164,0,8,4,288,112,0,70,14,0,73,23,1,1,1,12,32,36,6,258,1,249,12,85,0,18,184,0,19,7,18,135,41,0,20,0,3,90,68,63,17,0,1,75,6,1,94,210,2,1,2,0,181,6,2,3,0,1,4,3,22,4,6,6,2,102,0,0,111,70,0,3,2,0,177,40,3,1,0,0,3,8,0,6,26,2,22,2,68,65,5,0,1,0,4,33,10,0,1,96,1,110,36,1,0,0,33,81,2,0,2,2,7,1,1,0,33,117,26,0,207
"ENSG00000262136.1",1,0,20,9,0,1,58,0,0,3,4,0,3,28,36,0,1,0,1,0,2,0,15,1,0,0,0,8,1,13,2,17,21,3,15,3,2,2,0,1,0,6,0,13,1,3,1,3,0,2,10,14,1,2,0,23,5,1,0,0,12,17,7,0,0,0,0,0,5,0,2,16,2,1,0,0,9,0,0,9,25,1,2,35,0,1,4,1,9,29,6,2,0,115,1,0,0,0,0,3,20,1,0,0,10,0,3,0,4,0,2,0,14,3,1,0,2,6,8,51,20,1,0,45,38,0,0,0,2,6,1,3,17,3,9,0,10,0,9,0,0,1,14,2,5,9,20,3,12,1,0,0,1,1,10,0,4,0,1,0,3,18,11,0,0,2,4,10,0,3,0,6,17,0,18,0,2,64,22,2,0,1,10,0,1,0,0,4,7,1,4,0,1,1,0,0,1,50,20,7,3,0,5,0,1,72,0,0,0,0,3,5,46,1,0,0,0,19,0,3,0,0,0,1,2,0,52,0,12,2,0,0,12,48,0,3,0,0,17,7,0,15,0,0,0,1,0,2,1,11,0,0,1,3,0,0,0,0,21,1,4,1,4,0,0,1,7,0,0,0,33,0,0,2,10,0,33,1,2,11,1,0,4,2,1,6,0,6,2,22,1,13,0,13,0,62,0,1,2,0,0,0,1,1,6,4,3,14,11,0,2,0,14,35,19,1,1,0,3,0,4,2,2,0,0,0,1,0,52,0,74,0,1,0,30,1,0,4,0,13,1,1,0,0,0,0,0,2,1,1,0,9,4,0,2,1,0,12,1,0,15,1,26,1,3,0,46,13,0,7,0,13,2,32,5,0,0,0,1,0,0,0,1,15,1,81,0,1,0,11,9,0,0,6,1,1,5,0,4,0,1,0,0,22,31,3,1,28,1,3,8,0,0,3,1,1,3,38,2,0,0,0,15,2
"ENSG00000262172.1",0,0,2,2,5,3,2,1,4,0,1,5,1,4,15,0,2,4,4,1,8,0,1,2,0,2,7,2,1,1,6,11,12,1,4,4,13,3,5,14,0,8,2,1,1,0,5,10,0,1,1,15,0,6,10,2,0,4,0,0,0,5,5,1,0,5,1,4,30,17,12,4,0,0,0,0,37,0,4,5,15,9,1,10,10,2,3,6,4,2,10,26,11,8,1,0,3,7,40,6,3,0,18,1,2,8,21,2,32,5,7,2,2,2,4,3,13,0,32,23,1,8,0,8,18,0,1,5,7,7,0,1,37,6,6,0,17,0,45,1,0,6,7,0,4,7,16,8,8,4,0,0,15,3,0,16,0,13,8,13,17,16,19,2,3,8,41,9,1,36,2,3,11,5,3,5,8,33,0,4,0,17,7,3,3,0,11,1,1,2,5,1,8,15,2,11,1,6,5,12,1,10,16,1,0,21,0,2,1,10,2,10,23,8,3,3,3,3,4,14,0,1,0,4,0,0,3,3,2,8,6,0,3,0,0,13,0,0,6,5,1,5,4,0,65,23,3,0,3,4,1,2,0,3,0,2,2,1,9,7,1,5,10,73,1,2,2,1,2,0,0,0,10,0,2,1,19,0,1,29,4,31,10,1,0,11,0,0,0,15,1,2,1,9,8,32,21,1,7,5,5,6,10,3,1,1,1,0,2,12,1,9,8,35,16,25,5,4,9,4,7,2,0,3,2,8,0,1,1,0,4,1,2,3,8,1,9,16,6,3,1,1,4,4,17,0,0,8,7,1,1,6,0,19,2,1,7,27,25,3,9,4,3,16,1,2,5,18,3,3,1,7,2,5,12,5,60,0,0,7,3,4,5,0,3,7,2,9,3,4,26,0,0,1,3,0,6,15,2,0,1,8,3,1,3,0,1,10,0,1,1,2,1,0,5,2,14,14,16,1,0,1,0,1
"ENSG00000262179.3",5,1,4,14,12,0,1,8,2,3,22,464,4,7,1,2,5,1,7,5,6,0,60,15,0,7,0,4,3,2,0,2,5,3,3,4,27,2,201,205,1,47,1,3,1,8,1,3,0,4,4,3,2,8,36,4,2,1,14,31,12,1,9,5,1,4,5,4,0,2,4,9,5,0,9,1,3,38,11,9,28,5,7,7,21,0,1,5,15,0,62,10,0,1,37,2,2,14,0,24,1,5,64,25,3,4,13,0,5,2,6,6,3,41,4,2,16,2,4,30,3,3,0,2,9,2,2,3,2,368,4,2,7,1,3,2,0,2,7,4,0,22,1,4,2,27,1,0,3,0,6,2,1,40,6,3,3,8,14,10,2,3,9,19,1,7,2,2147,41,3,311,2,7,5,11,1,14,9,3,5,1,5,1,8,25,9,7,94,5,4,4,5,15,5,0,0,1,8,1,112,5,3,5,20,1,1,8,28,6,0,5,29,0,1,5,2,2,2,2,14,1,9,0,0,0,0,34,5,1,3,107,0,12,15,6,23,0,4,5,3,8,8,5,8,9,9,1,0,63,88,1,6,1,2,3,18,3,18,9,10,7,5,45,0,3,14,49,1,0,0,6,2,2,4,3,0,5,1,29,175,2,7,20,5,10,1,0,10,0,3,1,6,10,6,118,8,187,14,16,1,35,8,170,7,2,5,0,0,13,1,15,13,8,161,4,0,10,12,3,35,10,2,2,18,21,22,2,912,2,0,15,3,8,1,20,2,37,6,12,8,2,3,0,27,32,5,2,7,8,0,1,7,2,2,12,2,9,11,2,4,4,4,21,2,0,5,11,5,39,3,5,18,1,41,8,4,5,0,11,4,1,67,9,2,1,2,17,9,2,13,2,35,2,12,7,0,51,18,15,0,1,0,21,2,3,3,25,1,4,6,2,4,4,0,2,21,12,4,1,6,3,4,8,1
"ENSG00000262198.1",0,0,0,0,0,0,0,0,1,0,6,0,0,3,0,0,0,0,0,0,0,0,0,0,4,0,0,1,0,0,0,2,0,36,1,3,10,0,0,0,0,1,0,34,0,0,0,0,0,0,0,0,0,0,0,2,1,0,0,0,0,50,0,2,0,0,0,0,0,0,0,0,0,0,0,0,0,0,0,1,0,0,25,0,0,0,0,3,9,0,0,49,1,0,0,0,0,0,0,0,0,0,0,0,0,1,0,0,34,0,0,0,4,0,0,0,0,0,1,27,1,0,0,0,1,0,4,0,0,0,0,0,0,0,0,0,0,0,2,0,0,0,1,0,0,0,2,0,0,0,0,0,0,6,0,0,1,0,0,0,1,0,3,0,0,5,0,0,0,0,3,0,0,2,0,2,0,0,1,6,0,0,0,0,3,0,0,0,0,4,0,7,0,0,6,0,0,0,0,0,0,15,0,9,0,0,0,0,0,0,0,0,2,0,0,3,0,0,1,4,0,0,0,0,0,0,1,0,0,0,0,0,0,0,0,1,0,0,0,0,0,0,25,0,1,0,0,0,0,0,1,0,0,0,0,0,0,0,0,4,2,0,0,0,0,1,0,0,4,0,0,0,1,0,0,0,0,0,0,2,0,0,0,0,0,0,0,0,0,1,0,0,0,0,0,0,1,1,0,0,0,0,2,0,0,0,0,0,0,0,4,0,0,0,0,0,0,1,8,0,0,2,0,0,0,0,0,0,0,0,4,0,0,0,0,0,0,0,0,43,0,0,0,0,0,0,0,0,0,0,0,0,0,0,0,0,1,0,0,0,0,0,0,9,0,18,0,0,0,0,0,0,0,0,13,1,2,0,0,0,1,0,0,0,0,0,2,0,1,0,0,0,0,0,0,0,0,0,0,0,0,0,1,1,0,0,0,0,0,7,0,0,1,1,22,0,0,0,0,0,0,0,0,3
"ENSG00000262267.6",0,0,0,0,0,0,0,0,1,0,0,0,0,355,3,0,0,0,0,0,0,0,0,1,2,0,0,2,0,1,0,2,2,0,1,0,31,0,0,0,0,3,0,0,1,0,1,0,0,0,0,1,0,2,0,0,0,0,0,0,0,5,0,3,0,0,0,0,0,0,9,5,0,0,1,0,0,0,0,36,310,43,1,4,1,0,0,2,6,9,20,19,1,0,0,0,1,0,0,0,0,0,0,0,2,0,4,0,64,0,0,0,0,0,0,0,0,0,1,1,0,0,1,0,6,0,0,2,0,2,0,0,11,0,1,0,0,0,1,0,0,0,0,0,0,0,0,0,1,0,0,0,0,6,0,0,3,5,0,7,0,0,5,0,0,11,2,2,9,4,1,2,0,0,1,0,1,4,0,0,1,17,22,0,0,0,1,0,15,6,0,0,1,7,14,0,0,7,0,0,0,0,0,13,1,179,1,0,2,0,0,0,6,0,0,0,0,0,3,6,0,1,0,9,0,0,1,2,0,0,0,0,0,0,0,10,0,0,0,0,0,0,0,1,0,0,0,0,0,0,0,0,0,0,0,0,0,0,1,4,18,130,1,11,0,0,1,0,54,0,1,0,2,0,0,0,1,1,0,3,4,2,0,0,0,0,1,0,1,1,1,0,0,1,2,1,1,0,0,0,0,0,1,0,3,0,0,0,3,1,0,0,0,9,2,4,75,0,0,0,0,0,0,0,5,0,0,0,7,0,4,0,4,1,0,2,1,1,0,0,1,6,0,1,0,14,0,0,1,0,0,0,0,16,0,0,0,0,0,0,1,1,0,2,2,0,3,0,0,4,0,1,27,0,9,0,3,0,0,0,7,30,0,0,0,0,0,0,0,0,0,0,0,0,0,0,1,1,0,0,0,0,0,0,4,0,1,13,0,0,0,0,0,0,1,0,1,0,2,0,1,0,0,0
"ENSG00000262406.3",10,0,15,46,22,3,11,1,4,5,4,4,20,4026,38,6,1,43,28,1,82,0,7,12,5,0,2,202,0,985,0,3,88,12,1,3939,242,0,0,9,0,31,23,0,5,0,53,34,2,8,0,9308,6,98,3,1,75,6,20,1,1,582,2,9,0,6,8,5,24,13,11,177,48,1,0,0,29,1,306,104,13,17,255,19,5,3,9,0,172,15,29,8,2,47,0,0,0,1,132,169,21,2,286,1,126,5,2,16,1771,1,109,139,0,1262,282,3,9,0,22,651,1,28,10,4,10,2,5,0,1,0,7,1,30,35,14,0,15,0,3,9,0,13,575,1,13,69,192,1,193,25,2,2,26,31,7,13,3,36,8,82,8,58,3,16,25,4016,88,21,0,135,1,75,19,45,138,16,33,16,75,30,0,5,451,294,0,11,17,1,7,0,1,677,272,7,10,0,1,32,1,44,0,1,204,5,7,1,8,0,2,1,1,45,320,6,185,0,7,8,86,139,0,0,9,1,1,19,1,954,9,153,66,2,8501,230,0,328,2,11,0,91,6,805,1,1,1631,86,5,4,1,3,1,0,0,121,3,0,0,2,6,103,0,6,452,97,1,4,4,19,30,6,210,6,682,0,3,2,389,0,2,191,2,14,14,1,0,66,2,47,29,105,2,8,1,21,9,1035,1325,11,101,24,58,0,707,0,38,3,6,10,0,5,2,2,4,11,41,1807,587,559,9,19,7,76,0,2,114,0,6,4,144,0,2,5,27,6,3,3,0,334,7,0,0,20,25,3,6,24,1,0,144,1,33,3826,3,7,2,27,25,17,177,1,4,5,69,3,14,2,2,32,0,4,5,111,20,81,40,0,1,1,1,20,0,2,0,12,3,2,71,30,4,0,112,1,0,17,2,46,14,113,7,1,2,28,19,0,494,4,1007,74,0,22,97,0,5,5,9,2,9,12,94,3,1,0,18,4
"ENSG00000262410.1",12,0,21,9,8,10,6,9,11,19,31,13,20,18,41,2,13,103,28,12,9,2,4,10,48,5,9,20,5,15,43,1,9,38,9,3,18,1,38,43,8,14,9,6,5,5,13,5,0,14,7,10,6,10,49,41,5,12,15,5,9,57,24,1,21,8,11,15,45,32,30,12,12,1,6,4,68,5,8,1,58,42,21,8,56,38,4,4,11,17,38,47,7,8,9,3,15,19,38,8,9,4,8,3,5,19,28,3,29,8,18,3,8,6,13,12,85,14,5,19,1,15,14,7,7,2,3,82,24,28,13,2,60,10,12,1,8,1,36,5,4,34,18,5,6,31,4,66,13,21,4,8,24,16,4,39,10,24,17,56,18,16,7,27,15,9,24,26,8,9,9,8,3,63,11,4,8,11,30,8,3,12,20,48,16,5,12,17,30,26,13,6,26,29,10,94,7,10,3,13,31,3,23,125,1,75,19,72,38,35,12,19,20,40,29,2,25,5,9,16,2,3,8,21,9,1,9,19,9,17,20,120,9,5,7,11,7,3,7,5,4,10,11,16,63,4,11,14,32,29,3,11,1,10,7,9,1,6,11,14,14,8,36,15,1,13,18,2,29,1,6,3,48,1,16,11,7,0,4,4,22,16,6,1,68,8,1,3,25,5,5,4,8,14,14,48,20,14,133,18,25,16,8,6,9,2,2,9,19,9,1,25,24,12,34,54,8,6,14,9,12,17,3,29,12,43,1,15,6,3,20,8,2,7,35,3,17,10,11,13,2,17,11,36,22,3,8,7,16,0,1,81,21,14,4,0,17,23,10,53,11,5,53,25,17,10,35,26,2,5,8,30,0,5,112,9,44,1,7,16,32,12,15,2,9,21,10,11,5,19,41,9,2,16,19,10,8,13,23,3,14,22,9,12,23,21,16,31,0,2,27,3,23,4,9,10,7,6,28,9,7,7,18,5
"ENSG00000262619.2",0,0,4,1,1,1,1,0,0,0,1,1,2,6,5,0,0,1,0,0,2,1,1,2,89,0,0,28,1,0,0,0,2,54,0,3,52,0,0,0,0,2,1,274,2,0,1,0,0,1,1,32,1,1,2,3,0,1,1,0,0,220,3,0,0,0,0,0,0,0,1,1,0,1,0,0,1,1,0,0,209,2,5,1,8,1,0,45,11,0,0,190,0,0,0,0,4,0,1,0,6,0,0,1,2,2,0,1,65,3,1,1,8,2,0,1,0,1,3,241,2,1,0,0,5,2,4,2,0,1,0,1,9,0,1,1,2,0,3,0,0,0,0,0,0,0,99,0,1,0,0,0,0,275,1,0,0,2,0,3,1,0,25,0,1,274,2,0,1,21,4,0,2,76,0,3,0,1,2,7,0,1,3,1,14,11,0,0,1,2,1,8,0,226,24,0,0,0,0,0,1,27,2,264,0,127,0,0,7,0,0,2,5,0,0,0,0,4,2,4,0,12,0,0,0,0,9,0,0,0,0,1,0,3,4,79,0,0,15,2,0,0,22,0,1,0,0,0,1,1,3,0,0,0,0,0,0,0,3,6,27,2,0,1,1,7,1,1,69,0,23,1,2,0,4,0,1,0,0,6,3,0,0,2,1,0,0,0,0,0,2,2,0,0,0,4,3,1,0,0,0,0,0,2,0,0,0,1,2,97,3,1,8,0,0,0,29,0,6,7,0,0,0,0,19,2,2,0,0,0,214,0,10,1,2,0,1,0,0,2,0,0,1,1,0,18,0,0,0,0,2,2,1,9,1,1,2,0,0,0,1,0,0,5,0,16,3,0,0,0,0,2,0,2,81,0,497,2,2,4,3,8,17,0,2,3,1,1,0,0,1,0,0,1,0,0,0,3,8,0,1,0,2,8,2,0,0,0,0,1,6,0,6,0,198,0,2,1,0,0,1,1,0,0
"ENSG00000262668.2",0,0,1,0,0,0,13,0,0,0,1,1,0,0,25,1,0,2,4,0,19,0,0,0,0,1,0,2,0,1,0,2,0,1,0,1,59,0,0,0,0,0,0,5,1,0,1,47,0,0,2,91,0,9,5,1,0,0,3,0,8,23,12,0,21,0,4,21,1,8,1,25,12,0,0,1,1,51,10,40,35,23,33,8,0,0,2,5,117,4,7,12,0,5,3,0,1,8,2,0,0,0,0,0,149,0,53,0,10,0,56,0,33,3,0,3,1,3,12,74,1,0,0,7,12,0,1,1,7,0,3,0,60,2,61,0,0,0,6,4,1,0,3,1,0,0,1,1,26,0,0,0,1,52,3,23,35,0,1,5,0,248,27,2,0,14,7,0,13,43,0,3,3,2,245,0,108,35,1,28,1,0,18,3,0,6,0,0,0,2,6,0,0,11,20,3,1,8,0,16,0,2,34,0,0,3,0,0,1,1,0,1,9,2,0,2,15,0,1,24,0,20,4,21,0,0,0,0,1,19,0,0,1,18,4,232,0,9,15,4,0,7,7,1,3,5,33,111,0,7,0,0,0,0,0,4,0,0,0,1,0,1,9,2,0,1,1,0,12,0,4,0,25,0,15,0,0,0,1,17,8,50,7,0,6,0,0,0,0,2,0,0,1,82,86,9,0,1,0,0,0,0,4,0,7,0,22,1,0,9,4,0,3,5,96,12,86,1,57,11,0,3,0,0,46,5,0,1,36,0,5,0,0,1,11,0,3,0,0,32,0,9,0,1,1,1,1,0,1,0,0,2,0,5,0,1,0,0,0,1,41,0,3,0,0,1,7,2,2,21,7,0,4,0,36,1,13,0,0,3,17,0,14,22,2,0,8,2,1,0,85,1,0,1,0,0,80,0,1,0,1,8,0,3,0,0,24,0,0,76,1,1,0,0,0,1,6,14,4,0,0,0,8,0
"ENSG00000262703.1",2,0,4,1,1,0,0,0,1,0,0,0,0,16,1,1,0,0,1,3,0,0,1,1,2,0,0,7,0,2,23,1,1,0,0,1,0,1,0,3,0,1,2,1,1,0,0,0,0,1,0,1,3,3,0,4,0,1,0,0,1,2,0,0,0,4,0,0,5,6,12,1,1,0,0,0,2,0,4,6,3,14,4,0,3,0,0,0,1,0,7,3,1,0,0,0,0,2,3,2,0,0,0,0,2,2,2,0,9,1,3,0,1,0,0,0,11,1,1,5,0,2,0,1,2,0,0,1,1,1,0,0,3,0,4,0,0,0,4,0,0,13,3,0,6,16,7,0,0,0,0,1,1,0,1,3,0,2,6,4,0,0,3,3,1,4,9,5,1,6,0,3,2,9,0,0,0,3,7,2,0,2,1,6,2,0,2,0,1,8,0,2,17,9,0,3,1,0,0,12,0,9,0,36,0,1,2,5,1,3,1,1,0,0,0,2,3,0,1,6,0,0,0,0,0,0,2,17,0,2,1,3,1,1,0,0,0,0,1,0,0,2,0,1,12,4,2,1,2,0,0,0,0,1,0,0,0,0,1,6,7,2,2,4,0,2,2,0,7,2,3,0,1,0,3,0,1,0,0,0,10,1,1,0,0,1,0,1,0,2,0,0,0,2,0,15,9,1,0,4,8,0,0,0,0,0,0,1,3,6,1,0,0,8,2,7,0,14,1,0,1,14,0,9,0,4,0,0,0,0,1,2,2,2,14,0,1,8,0,1,0,3,0,1,2,0,0,0,0,0,1,4,0,0,0,0,1,14,1,0,3,0,2,9,10,0,0,2,0,0,2,3,0,0,5,0,13,0,0,6,0,0,1,0,0,0,1,2,0,5,1,0,0,2,0,1,1,0,0,0,0,1,0,1,5,1,5,1,0,0,2,0,3,0,0,0,0,3,0,0,0,0,18,0
"ENSG00000262768.2",1,0,0,0,0,1,13,0,0,0,1,1,0,0,0,0,1,0,0,0,1,0,0,0,2,0,0,0,1,9,5,1,1,2,0,0,1,0,2,5,0,1,0,0,0,0,2,0,2,0,0,3,0,0,2,0,0,1,0,0,0,1,0,0,1,0,1,2,0,0,44,0,0,0,0,0,25,0,1,1,2,0,4,0,0,0,0,0,1,0,0,13,0,1,0,0,0,0,1,0,1,0,12,0,2,1,2,0,18,0,2,0,1,0,0,0,0,0,0,2,0,0,0,1,0,0,0,4,0,2,1,0,3,0,0,0,0,0,1,1,0,0,4,2,13,7,19,2,5,0,0,0,0,3,1,4,2,0,0,1,0,15,0,1,1,0,2,0,0,16,2,0,1,0,4,0,1,2,1,0,0,0,0,0,0,3,0,0,3,0,0,1,0,1,0,0,0,7,1,0,4,2,0,2,0,0,0,0,0,0,0,4,2,0,2,0,0,0,0,3,0,1,0,1,1,0,0,0,0,0,0,0,0,0,1,0,0,1,0,0,0,1,1,0,0,5,0,3,0,2,0,10,0,8,0,1,0,0,0,3,1,1,0,0,0,0,0,0,1,0,0,0,0,0,1,0,1,0,0,3,3,0,3,0,0,0,0,0,0,0,1,2,1,0,2,28,10,0,1,3,0,0,2,0,0,0,0,3,0,2,5,0,1,2,1,1,0,1,0,0,0,0,0,0,0,4,0,0,0,0,9,0,1,0,0,0,0,0,0,0,0,0,0,1,1,5,0,0,0,0,0,2,0,3,0,0,0,0,1,0,0,0,2,0,0,0,0,0,0,0,1,3,0,0,25,0,0,0,0,14,0,0,0,0,0,7,2,1,0,0,2,1,0,0,0,0,2,1,0,0,1,0,0,0,0,0,0,0,0,1,0,3,0,0,2,0,1,1,0,0,0,1,0,0
"ENSG00000262772.2",109,0,15,3,100,34,19,0,1,37,7,3,39,2,6,1,19,3,2,5,26,2,3,3,1,6,1,15,25,2,31,2,1,2,0,0,2,27,1,2,3,49,11,20,6,6,0,1,3,1,2,13,3,19,19,5,1,3,1,0,2,5,9,1,0,63,1,5,5,1,145,0,1,0,0,1,198,15,8,15,30,5,47,3,2,10,4,5,6,6,98,80,8,100,1,0,0,0,19,6,1,0,19,2,35,33,2,0,198,4,116,7,1,2,4,5,11,2,2,36,0,2,2,0,19,5,3,22,5,51,4,1,54,1,7,1,2,0,36,1,0,21,75,2,85,27,79,92,212,4,5,1,1,4,0,1,0,4,6,2,2,42,0,45,6,6,12,7,1,29,0,0,4,8,33,1,7,16,85,2,2,3,3,1,0,0,1,2,0,1,3,4,12,1,1,23,1,30,0,15,23,5,58,7,0,0,4,3,3,6,3,174,12,1,40,2,0,3,1,46,0,1,1,9,2,0,1,12,5,0,0,2,0,1,2,0,0,3,3,0,3,38,0,4,10,141,0,35,7,48,3,14,1,3,1,7,0,2,4,21,7,0,2,48,1,20,17,0,17,4,3,0,11,2,0,2,20,1,1,14,18,28,5,3,2,34,1,7,11,2,6,27,56,1,53,170,24,7,1,27,5,48,125,2,24,2,1,0,2,24,35,14,0,41,5,45,25,18,4,20,4,312,1,11,0,271,1,0,5,0,98,9,6,6,10,6,14,7,1,1,0,3,12,55,14,6,18,13,4,0,2,4,1,70,1,1,22,74,21,3,3,0,1,8,18,1,2,34,0,6,1,10,9,11,17,1,19,1,1,19,3,4,5,0,9,1,197,5,1,6,187,3,1,14,53,1,12,18,24,1,1,4,37,1,11,0,10,3,0,2,3,3,0,0,0,2,24,13,7,2,1,1,21,4
"ENSG00000262877.5",134,1,78,32,38,23,70,49,65,156,108,287,146,96,894,12,150,28,201,77,30,5,23,71,147,103,85,122,17,47,183,80,47,92,20,37,10,86,263,227,3,55,89,61,84,68,38,8,3,38,106,33,49,74,97,409,10,262,68,193,121,25,200,186,17,72,38,70,315,222,547,80,14,10,94,80,191,327,108,39,61,295,351,33,41,176,27,72,72,41,292,102,24,107,20,5,500,20,71,14,48,36,90,65,42,365,39,2,86,102,34,12,26,19,66,84,154,26,27,71,10,45,57,177,53,40,24,311,66,43,88,10,129,8,45,16,374,6,285,22,17,172,70,6,41,98,118,220,34,64,12,40,28,23,6,148,28,31,106,95,123,37,75,111,37,82,39,1153,45,32,11,129,69,587,16,28,34,435,151,106,7,18,52,178,113,39,335,75,164,167,136,10,127,99,14,36,64,26,12,156,80,142,120,437,11,188,58,92,264,147,146,46,32,29,37,63,64,23,32,71,11,33,30,33,38,4,480,95,10,34,359,168,25,64,141,32,13,102,7,29,13,43,113,118,153,150,45,27,167,159,30,48,18,123,2,17,0,95,123,503,121,46,44,138,6,140,122,16,569,50,41,28,246,2,40,82,38,2,70,82,258,20,28,10,181,41,2,25,41,58,36,59,141,584,111,64,337,99,51,256,221,161,165,84,55,15,21,254,120,52,537,190,8,19,72,78,39,45,46,20,30,295,24,338,54,204,32,90,50,25,198,15,24,55,697,5,260,49,88,45,6,25,74,53,21,40,30,502,21,3,11,77,251,298,54,35,118,389,18,33,12,5,218,120,128,276,33,31,31,56,400,457,12,43,3905,64,122,35,35,393,80,52,109,17,49,77,175,14,12,34,112,108,3,34,197,31,59,215,422,11,74,26,142,213,124,53,12,3,26,30,24,54,71,28,118,9,34,254,58,6,12,44,155,22
"ENSG00000262904.1",2,0,0,0,4,2,1,1,2,13,0,6,16,61,16,0,2,3,5,5,1,0,1,1,2,3,0,8,2,3,0,1,7,5,1,0,3,0,4,1,1,2,4,0,1,9,0,1,0,7,1,2,0,10,1,3,0,3,4,1,1,15,1,1,1,4,0,5,8,8,14,2,2,0,3,1,13,2,3,5,9,3,7,4,8,1,3,0,0,0,0,1,3,0,5,0,0,9,8,1,1,0,16,0,6,1,22,0,31,4,3,0,2,8,0,1,16,1,22,16,1,6,0,3,2,0,0,6,6,14,0,0,20,0,4,1,3,0,7,0,0,6,4,0,1,10,20,6,1,8,0,0,7,14,5,8,1,3,28,3,3,1,3,1,7,7,4,5,1,17,7,4,2,22,4,1,4,9,1,8,0,7,6,8,3,0,4,1,0,6,0,6,3,13,3,5,2,2,0,2,1,6,9,10,0,9,3,1,3,3,0,5,19,4,1,2,4,0,0,0,0,2,0,0,1,0,0,7,1,5,14,4,2,1,1,10,2,1,1,5,0,0,1,0,9,21,4,1,0,5,1,1,2,5,0,3,0,0,13,8,19,8,9,20,0,1,2,0,47,0,3,0,12,0,3,1,7,0,2,6,9,3,7,0,1,3,0,1,6,2,3,0,4,7,12,12,15,0,2,6,5,1,44,1,3,1,0,1,7,17,0,7,9,6,7,10,45,3,0,3,0,1,0,7,3,0,0,2,1,2,9,4,1,3,8,0,8,3,1,0,0,2,4,1,15,1,2,0,4,0,1,4,0,13,1,1,9,11,3,1,3,0,3,6,15,1,3,2,2,2,4,1,1,3,32,0,2,0,2,12,2,9,7,1,1,4,9,2,4,7,6,1,0,0,4,3,8,4,1,0,1,8,0,0,4,0,4,5,2,1,2,4,4,1,6,3,6,10,0,1,0,1,9,0
"ENSG00000263080.1",1,1,1,1,3,2,20,0,3,2,1,12,9,44,6,3,1,2,2,0,1,2,0,0,10,0,0,18,0,5,18,1,8,0,0,2,4,0,10,7,0,0,1,1,4,3,0,2,0,2,2,2,5,15,2,7,3,3,10,2,2,2,1,6,0,2,2,5,6,9,16,1,2,0,1,0,5,1,8,22,8,5,9,7,3,0,2,2,2,1,5,10,2,37,1,0,1,22,1,5,2,1,6,0,3,4,8,1,6,2,3,0,2,3,2,0,7,2,8,19,5,10,2,20,3,0,0,16,1,10,1,0,1,0,6,1,0,2,12,0,0,5,3,3,1,15,27,4,4,0,0,0,3,2,2,2,0,5,4,4,4,4,4,2,3,5,17,9,4,7,3,0,2,18,5,1,0,17,7,3,0,0,1,28,2,2,2,1,1,12,3,3,20,5,0,3,0,7,5,15,1,19,4,53,0,10,2,4,28,3,1,5,4,10,5,1,0,0,7,7,0,18,2,0,2,0,4,17,1,3,9,8,1,7,0,6,2,1,2,7,1,3,2,0,2,15,3,1,3,14,1,2,4,1,0,2,2,1,3,27,27,5,5,13,0,5,5,0,41,2,12,0,27,1,1,7,17,1,4,10,30,1,5,0,0,6,0,0,1,1,0,1,1,1,4,13,6,2,1,1,17,0,11,2,8,1,2,1,4,10,5,2,3,7,5,0,10,8,3,4,1,3,0,3,11,4,0,2,1,1,5,2,1,1,29,1,11,22,0,0,0,4,2,0,9,9,0,1,1,0,0,5,2,14,3,0,2,3,3,2,4,1,7,7,9,1,6,9,0,1,9,1,2,2,63,0,22,1,1,27,1,2,2,2,5,1,7,3,6,5,2,10,3,2,1,0,6,15,2,0,1,0,0,3,2,0,2,10,13,0,2,1,5,3,1,1,7,2,7,5,1,2,15,0
"ENSG00000263257.3",0,0,0,1,1,0,0,3,3,1,1,65,0,14,1,3,1,12,0,0,23,0,5,4,98,35,0,2,0,1,1,1,0,10,0,2,130,1,0,0,0,1,0,10,1,2,2,0,1,3,0,1,0,2,9,60,1,0,36,1,132,0,0,8,0,0,9,34,2,0,0,6,1,1,0,0,0,3,0,3,39,11,1,3,122,0,1,109,0,3,6,31,0,0,17,6,0,2,1,0,4,34,1,29,1,0,1,1,3,0,0,3,2,29,0,11,0,160,0,30,294,8,20,12,13,0,5,11,0,3,4,0,12,1,0,4,0,1,0,0,1,1,3,2,0,3,1,0,0,0,2,2,40,57,7,2,1,0,17,166,24,0,19,0,1,28,2,3,9,11,95,0,13,2,2,8,0,2,3,36,0,0,1,0,96,0,48,42,0,33,19,0,0,16,49,1,3,2,0,3,28,9,1,5,3,2,13,2,3,11,1,1,0,0,0,0,76,3,2,9,3,0,0,0,1,1,13,27,0,16,2,2,5,31,8,32,3,35,14,14,31,6,84,2,3,0,0,2,102,16,10,0,1,7,5,2,1,0,28,0,26,309,1,4,1,1,8,2,3,0,1,0,0,0,6,0,0,3,94,14,56,2,1,0,50,0,0,1,0,3,0,0,0,0,21,1,7,191,9,0,5,1,2,0,0,1,0,67,10,5,23,0,6,3,2,0,0,0,2,4,0,2,0,1,7,0,0,65,4,1,61,0,0,0,86,5,0,1,0,1,3,18,7,1,6,12,86,0,0,0,3,1,50,3,21,0,0,0,0,1,26,2,17,0,1,67,0,1,105,10,9,29,0,2,0,1,3,2,0,64,39,3,23,0,0,0,0,1,6,23,1,142,0,1,0,0,86,1,1,1,5,19,17,57,39,1,27,0,0,2,1,2,11,0,2,0,1,2,1,1,0,0,11,1
"ENSG00000263412.1",28,0,14,8,14,14,17,14,21,65,27,60,26,85,57,8,6,21,23,6,15,3,16,4,29,12,36,15,3,25,56,22,30,26,13,4,30,9,71,46,10,35,20,14,6,28,15,6,2,16,5,25,1,60,34,74,6,10,20,7,23,12,54,8,7,29,15,24,47,39,135,21,11,2,30,5,132,22,10,14,44,119,14,22,67,8,16,7,10,15,38,58,24,408,10,2,33,38,55,24,24,3,7,7,11,27,47,1,88,44,13,7,5,5,24,26,55,12,38,63,12,71,23,50,19,2,1,45,30,54,15,0,61,14,9,3,50,6,32,6,1,48,25,3,15,33,90,44,36,20,0,7,63,39,7,43,9,30,115,47,53,25,20,10,12,10,32,79,27,49,16,14,22,71,10,4,21,154,60,37,3,14,32,30,53,13,50,16,38,22,9,25,26,26,23,37,6,29,16,23,11,71,19,90,2,417,13,12,18,35,14,23,24,7,21,20,11,10,25,30,4,36,16,2,2,1,23,30,11,31,21,35,10,21,22,58,0,17,10,15,2,18,29,3,29,133,14,13,76,80,9,15,3,53,3,10,5,36,48,17,51,28,30,43,1,9,18,6,103,2,7,3,44,3,14,30,34,0,17,21,53,31,27,2,19,10,2,13,19,15,4,6,15,174,26,79,30,37,77,111,31,31,86,12,47,15,2,29,49,26,59,37,47,25,11,44,42,33,11,23,22,37,7,34,33,89,4,28,21,5,28,15,10,18,49,7,48,11,22,6,0,33,8,42,26,11,9,23,20,1,4,40,14,34,8,2,18,69,30,41,15,10,15,43,51,34,45,36,18,20,14,44,6,30,99,19,18,2,15,23,30,15,36,2,6,33,30,28,30,4,36,19,1,31,13,7,51,51,11,2,39,23,21,17,28,14,4,10,13,12,27,11,11,2,5,2,23,64,14,4,9,13,55,3
"ENSG00000263417.4",0,0,0,1,1,0,1,0,0,12,0,0,0,1,0,0,0,0,0,1,1,1,0,0,0,0,0,0,0,0,0,1,1,0,0,0,0,0,0,0,0,1,0,0,1,0,0,0,1,0,2,0,1,0,0,0,0,1,0,1,0,0,0,0,0,1,0,0,3,0,1,1,0,0,0,5,1,0,0,0,0,0,3,0,0,0,1,0,3,0,0,0,0,0,0,2,0,0,0,0,1,1,4,0,2,1,1,1,0,0,0,0,0,1,1,0,1,0,0,0,0,0,0,0,0,0,0,0,0,1,1,2,0,1,1,8,0,0,1,0,0,6,1,5,2,0,1,0,3,2,3,3,0,0,0,0,0,1,0,1,1,0,0,1,0,0,1,0,0,1,0,0,0,0,0,0,1,0,0,0,0,2,3,1,0,0,1,0,0,0,0,0,0,1,0,0,1,0,0,1,0,0,0,0,1,0,0,0,3,0,2,1,1,0,0,0,0,0,0,1,2,0,0,0,2,0,0,1,0,1,0,1,3,0,0,0,2,0,0,0,0,0,0,0,1,1,0,0,0,0,0,0,0,2,4,0,5,0,0,0,1,1,0,0,4,0,0,1,0,2,1,1,0,2,0,0,1,1,0,0,0,1,0,0,0,1,0,0,0,1,1,0,0,0,0,0,1,0,0,14,0,1,5,0,0,0,0,1,2,0,0,0,0,1,0,1,0,31,0,0,1,3,1,1,0,0,3,0,0,0,0,3,1,0,0,4,0,0,0,0,0,0,0,2,0,0,0,1,0,0,1,3,1,0,0,0,0,0,0,0,0,1,0,2,6,0,0,0,0,1,0,0,0,0,0,0,0,0,0,0,0,0,1,1,1,0,0,1,0,0,0,0,4,0,0,0,0,1,1,2,0,1,1,0,1,0,2,1,1,0,3,0,0,0,2,0,0,2,0,6,0,0,0,8
"ENSG00000263427.1",0,0,0,0,0,3,1,0,0,1,52,0,2,1,0,0,0,0,0,0,0,0,0,0,0,0,0,0,0,0,1,0,0,0,1,1,0,0,0,0,0,0,0,0,0,0,0,0,0,0,0,1,0,0,0,0,0,1,0,0,0,0,0,0,0,0,0,0,0,1,0,0,4,0,0,0,0,0,13,0,1,0,0,1,0,0,0,0,0,0,0,0,0,0,0,0,0,0,54,0,0,0,0,0,0,31,0,0,2,1,4,0,0,0,1,0,1,2,0,2,0,0,0,0,3,0,0,1,7,0,0,0,3,0,1,0,9,0,1,0,0,0,0,0,1,1,0,0,4,0,0,0,0,0,0,0,0,1,1,0,0,2,0,1,0,0,9,0,3,0,0,0,0,0,4,0,0,3,4,0,0,2,0,0,0,0,0,0,0,0,0,3,0,0,0,7,0,0,0,0,0,1,13,5,0,0,0,1,0,0,0,0,0,0,29,0,0,0,0,0,0,0,0,0,0,0,0,0,0,12,0,0,0,0,0,0,0,0,0,0,1,0,0,0,0,0,2,10,0,0,0,0,0,0,0,0,0,0,0,0,0,0,1,0,0,2,0,1,0,0,0,0,0,0,0,9,3,0,0,0,0,8,0,0,0,3,0,0,6,0,0,0,0,0,0,1,3,1,1,0,0,0,3,0,0,0,0,0,0,7,0,0,0,3,1,0,2,0,0,0,0,0,0,0,0,0,0,0,0,0,0,0,0,3,0,0,1,12,12,0,0,0,11,2,0,0,0,1,0,0,0,1,0,6,0,0,2,0,2,10,0,0,0,2,0,0,0,9,0,0,0,0,0,0,0,0,2,0,0,0,0,0,0,0,0,1,0,0,0,2,16,0,0,4,0,0,0,14,0,0,0,0,0,0,0,0,0,5,0,1,0,0,0,0,0,0,0,3,1,0,0,0,18,0
"ENSG00000263443.1",0,0,11,3,2,8,6,0,1,0,0,3,2,5,8,0,0,5,24,2,5,0,1,2,2,12,2,1,1,0,8,2,3,2,1,0,11,1,1,1,0,3,1,2,0,0,3,4,0,0,1,18,0,0,0,0,1,1,0,0,0,87,0,0,0,6,0,3,1,0,7,4,4,0,2,1,2,0,0,0,17,23,0,3,8,1,1,1,6,0,5,71,13,0,2,0,0,1,0,0,4,0,1,0,3,0,14,0,19,12,3,1,4,0,0,1,6,0,3,25,4,0,1,6,3,0,0,1,2,14,0,3,112,1,5,1,0,0,7,1,0,2,0,0,11,8,0,4,17,2,0,2,1,3,0,2,0,11,15,0,4,6,8,1,0,2,2,18,4,40,0,4,0,5,0,0,10,57,0,2,1,0,0,6,1,0,2,0,3,0,4,0,2,4,21,7,2,14,2,3,1,0,0,3,0,9,1,4,2,1,0,5,29,2,2,2,0,0,1,2,0,1,0,4,0,0,0,7,0,1,0,0,2,0,5,4,0,4,2,3,1,1,4,2,57,0,0,0,3,3,0,5,0,4,1,2,2,3,1,0,3,4,27,0,0,1,2,1,3,0,6,0,3,0,10,3,23,0,1,1,0,1,4,0,1,1,0,0,2,0,0,0,1,20,8,53,12,2,2,1,5,3,13,0,1,0,0,4,0,0,0,2,2,6,23,1,0,5,1,0,14,1,0,2,0,0,0,3,5,1,1,1,0,3,2,1,1,0,0,1,1,1,3,1,46,0,0,0,5,0,0,5,1,42,1,1,13,1,16,1,6,0,4,21,1,0,6,43,0,3,1,9,6,0,7,1,3,0,0,0,2,1,18,6,1,16,2,2,7,2,11,4,0,1,0,3,0,2,1,0,0,0,2,0,1,0,22,51,0,1,4,3,2,0,7,0,0,0,2,0,0,0,0,0
"ENSG00000263513.5",0,2,0,3,9,6,19,1,3,15,0,15,17,183,11,0,2,8,12,2,10,0,0,10,2,3,3,37,6,1,12,16,8,4,1,8,3,5,23,5,5,16,16,3,2,4,4,7,2,0,7,21,0,24,1,12,2,18,26,24,6,39,4,16,2,2,1,3,20,14,24,4,4,0,3,0,15,12,16,16,6,13,34,5,22,7,10,1,1,3,12,6,3,14,1,0,0,30,7,14,3,0,45,3,3,23,14,0,130,17,14,1,1,17,5,2,8,10,4,59,2,21,1,24,13,0,3,31,9,43,3,1,33,3,10,0,3,0,23,2,0,17,7,1,2,25,44,8,39,16,5,1,5,17,2,13,2,11,9,5,6,5,31,1,2,14,44,83,36,144,2,4,16,41,15,3,6,15,17,4,0,6,6,35,5,1,8,0,6,29,2,84,33,34,4,24,1,12,2,38,7,36,21,36,0,21,0,6,27,1,3,8,39,1,6,6,2,2,5,9,0,8,14,0,2,0,6,19,7,5,31,15,25,14,13,20,2,3,7,5,3,13,1,0,34,33,2,15,5,17,3,17,4,19,2,10,1,7,8,83,5,7,252,14,2,5,45,2,35,0,23,1,43,2,0,20,26,0,0,63,23,28,9,0,2,22,0,2,16,14,2,17,8,2,13,22,33,4,5,1,17,3,80,1,45,1,2,4,8,9,13,4,17,14,0,14,60,25,2,9,37,7,3,50,14,27,1,1,11,0,21,9,6,2,15,1,6,55,2,5,0,10,3,60,48,6,0,4,17,1,1,14,0,10,1,3,8,25,21,6,11,2,16,54,10,0,5,14,4,24,12,7,17,14,43,0,21,4,2,15,0,19,11,0,5,12,39,4,14,23,10,20,0,4,8,9,16,39,1,0,7,11,7,0,36,2,13,7,23,1,5,10,2,1,17,3,8,34,2,4,0,0,82,3
"ENSG00000263551.6",0,0,1,0,0,1,1,0,0,0,0,0,0,31,13,0,0,5,0,1,1,0,0,2,0,0,0,2,0,22,1,2,3,0,3,0,0,0,0,0,0,0,1,1,1,3,0,0,1,0,1,9,0,7,0,0,0,3,0,0,0,2,0,1,1,2,0,0,0,3,11,0,0,0,0,0,0,0,3,4,6,3,0,0,0,2,0,6,0,1,0,3,3,0,0,0,0,0,2,0,0,0,1,0,0,2,0,0,33,0,3,1,0,6,0,0,0,0,2,6,0,7,0,0,0,0,0,3,0,6,0,0,11,1,0,0,0,0,4,0,1,0,12,0,2,8,2,4,7,0,0,0,0,0,1,0,1,1,1,3,0,0,0,0,0,1,5,0,0,1,0,0,0,33,0,0,0,3,18,3,0,0,0,0,0,0,0,0,1,4,0,5,0,8,0,2,0,0,0,0,0,0,4,11,0,1,0,1,0,0,0,0,0,7,2,0,6,1,3,8,0,0,0,0,0,0,0,21,0,0,0,1,0,0,0,4,0,0,0,0,0,0,0,0,0,11,0,0,0,0,0,0,0,2,0,3,0,0,1,3,0,0,0,5,0,1,0,0,2,0,2,0,7,0,1,0,7,0,0,1,1,0,0,0,0,0,0,0,0,0,0,0,0,0,0,8,14,0,0,0,0,0,9,0,0,0,0,0,4,5,0,0,0,0,3,3,3,0,0,3,0,11,0,0,0,1,0,0,0,0,11,0,0,0,5,0,1,0,3,1,0,0,0,0,4,0,0,0,2,0,0,0,0,5,0,0,0,0,0,0,0,0,0,1,0,2,0,0,0,0,3,0,0,0,7,0,4,0,0,6,2,0,0,0,0,0,0,6,1,0,4,0,0,1,1,0,1,9,0,0,0,0,1,0,0,1,3,17,0,2,1,0,0,0,3,0,0,0,0,0,0,0,0,0
"ENSG00000263574.2",0,0,0,0,0,0,0,7,0,0,0,84,0,0,0,0,0,0,7,3,0,0,0,0,0,0,11,0,0,0,0,0,1,0,0,1,4,0,46,20,0,0,8,0,3,0,0,3,0,0,0,0,0,5,53,0,1,3,0,0,0,0,0,0,0,6,0,3,1,1,0,1,0,0,2,0,2,0,4,0,23,0,0,2,1,0,0,0,0,0,3,6,2,1,0,0,4,0,1,2,0,0,0,7,1,1,0,0,0,0,2,0,0,3,3,0,2,3,4,0,2,0,0,1,0,0,0,0,2,0,0,0,0,0,0,0,1,0,3,0,0,1,0,0,0,0,0,1,2,1,1,0,5,0,0,0,0,1,8,1,0,3,0,0,0,0,0,0,0,0,0,0,1,0,0,0,2,11,0,2,0,2,0,1,3,0,0,1,0,0,0,1,0,3,0,1,0,0,0,0,0,3,4,0,0,2,0,0,0,0,0,1,21,0,1,0,2,0,0,1,0,0,0,0,0,1,4,0,0,1,0,0,0,15,0,0,0,2,0,0,2,0,0,0,0,11,1,0,2,21,0,2,0,0,0,0,1,0,6,3,1,1,2,1,0,0,0,0,4,0,1,0,0,0,0,0,0,0,1,0,0,0,0,1,9,0,0,0,4,0,0,0,0,1,0,0,3,7,4,0,0,2,0,1,2,0,0,1,0,10,0,8,1,0,4,0,21,2,0,0,5,1,0,0,0,2,0,9,5,0,3,0,2,0,8,0,22,1,0,0,0,0,0,1,0,0,36,2,0,0,0,0,5,0,2,0,1,0,0,0,0,0,3,0,0,0,0,0,20,0,1,1,0,5,4,0,1,0,0,0,0,0,0,0,0,0,0,13,0,0,3,5,0,4,0,0,5,0,5,0,0,3,1,1,0,0,0,0,0,0,0,0,0,1,3,0,1,0,0,0,0,1,0,0
"ENSG00000263680.2",16,0,1,15,7,0,1,0,2,0,1,0,5,201,13,0,0,2,2,0,1,0,0,1,0,0,0,32,0,18,2,89,3,0,9,1,59,0,1,1,0,4,1,2,1,10,0,10,1,0,0,5,0,187,0,19,76,0,0,1,0,2,84,0,0,0,2,10,2,17,5,8,2,0,1,0,32,6,2,12,26,21,4,3,4,0,2,2,0,0,2,63,4,0,0,0,100,3,9,4,22,0,10,0,2,0,1,0,3,0,1,2,3,54,1,1,2,0,4,233,1,1,0,3,5,0,1,0,3,16,1,0,104,12,0,2,1,0,2,0,1,3,15,3,2,5,9,0,4,0,0,1,4,3,3,31,33,1,23,25,0,3,42,2,5,0,6,16,2,197,0,0,190,4,15,0,1,12,8,391,0,0,2,26,0,0,2,0,3,4,9,0,1,96,1,2,2,74,0,18,0,0,1,39,0,0,0,4,72,2,0,1,5,0,2,1,9,194,33,82,0,25,0,0,0,0,0,165,1,82,7,7,1,43,0,48,0,1,11,4,1,18,0,0,8,20,9,1,11,4,0,0,0,1,0,19,0,0,10,4,9,3,33,1,1,2,21,0,93,0,18,3,0,0,5,0,17,0,0,3,17,590,47,0,0,3,1,5,2,63,5,8,2,33,0,13,14,1,0,5,6,0,11,0,50,9,7,2,4,9,3,1,0,1,11,0,816,2,0,10,1,6,0,2,58,2,5,0,5,0,3,3,19,0,3,0,25,44,1,4,0,72,1,1,1,2,0,0,17,0,0,11,0,2,0,0,4,29,3,4,0,1,92,5,15,0,9,27,0,1,6,17,5,7,15,0,0,1,0,9,0,4,1,2,0,14,5,36,0,1,4,0,0,1,1,0,14,6,6,0,1,1,2,0,2,0,28,1,0,1,26,2,7,3,4,0,3,2,11,0,0,0,5,1
"ENSG00000263711.6",0,4,0,3,0,1,1,0,2,2,0,0,3,3070,8,0,1,5,0,1,0,0,5,2,37,0,1,621,355,1697,0,0,23,9,0,0,157,3,2,0,4,0,1,7,3,6,5,19,30,3,2,11,0,340,1,0,6,0,4,4,0,7,0,177,0,0,0,0,1,3,1439,2,50,0,2,0,3,2,71,503,2174,172,0,0,19,1,0,34,2,1,0,670,561,5,0,1,0,518,2340,2,0,1,2,1,1,3,1,0,715,10,0,0,0,12,0,301,4,9,3,293,137,25,0,1,16,1,1,192,1,0,1,0,1395,1,1,0,0,2,8,338,1,2,2,0,1,2,0,2,5,2,0,1,1,1311,2,0,0,0,74,0,16,1,1,1,1,514,67,6,1,2782,217,0,2,200,0,0,1,692,0,1214,0,2,1,0,176,0,68,0,1,554,1,0,7,471,103,1,0,2,1,2,0,0,1,10,0,56,1,0,630,2,0,2,1,518,2,0,0,1,12,2,0,766,2,1,0,0,11,2,0,1,1,42,1,0,0,913,0,0,0,0,1,0,2,0,1,0,322,0,1,0,0,0,2,3,1,1,0,1,104,2,744,2,2,684,0,2,1,0,1569,0,67,0,1294,0,0,1,1476,0,0,182,198,690,1013,0,771,2,15,0,7,1,8,1,2,0,3,3252,13,1,4,2,1,2,6,0,140,0,0,8,1,769,0,0,1,0,1,0,1062,1,0,32,21,1,241,1,9,1,1,1,197,2,745,0,188,0,0,0,2,0,0,0,56,59,227,4,820,821,1,7,8,0,3,1,1,1661,0,1,1,1,2,7,0,1,10,1,0,0,0,3,3,1,0,0,0,172,815,1,2043,1,5,161,169,0,1,0,1,2,0,34,3,2,5,1,0,1,0,0,60,2,0,8,3,1,5,0,11,0,279,353,1,0,0,3,1,1,1,0,340,1,0,0,0,1,0,0
"ENSG00000263745.7",1,0,0,8,0,15,0,2,0,3,0,0,0,172,12,0,1,6,0,0,1,1,2,0,8,0,0,32,0,71,4,9,3,3,15,0,31,1,0,0,0,5,6,0,0,0,0,2,0,0,1,30,0,14,0,0,0,2,8,4,1,146,0,5,0,3,1,0,6,0,6,1,5,0,0,1,217,1,5,19,34,23,0,1,1,3,0,2,1,2,0,11,0,0,0,0,0,13,9,2,1,0,0,0,2,3,11,1,144,22,0,4,0,5,3,0,18,0,13,21,0,70,1,1,1,0,0,3,0,12,2,0,38,0,5,0,0,0,2,0,0,1,94,0,0,21,10,3,6,1,0,3,12,38,0,0,0,26,16,5,1,0,0,12,0,4,10,1,0,14,41,2,0,21,0,0,0,9,0,7,0,0,1,15,6,0,14,1,8,28,0,12,6,15,6,3,0,0,0,0,0,0,37,136,0,20,0,0,0,2,6,3,1,30,8,0,0,0,13,2,0,21,0,0,0,0,3,74,0,0,4,3,2,0,2,1,0,0,9,9,0,2,0,6,7,2,0,0,16,2,0,0,0,0,0,0,0,0,1,6,29,1,3,65,0,5,2,0,40,0,3,0,145,0,0,1,107,0,0,2,18,9,59,0,1,2,0,1,0,1,1,0,1,0,0,35,40,0,2,9,0,1,48,0,17,0,0,0,0,17,0,0,1,1,0,6,27,3,0,0,1,0,0,2,8,1,0,3,0,0,40,0,3,0,9,0,1,0,0,1,1,1,16,0,12,8,0,0,9,0,0,12,0,23,0,1,1,1,0,2,4,4,1,3,3,0,0,22,0,0,0,1,1,5,47,0,25,0,1,6,8,8,3,0,0,1,1,6,3,2,0,0,0,0,0,1,119,70,0,0,0,1,0,0,34,0,2,31,1,0,6,2,0,0,6,0,8,29,3,2,0,1,0,0
"ENSG00000263761.3",0,380,0,5,19,2,0,7,0,529,10,17,0,0,0,1770,34,0,0,279,335,1646,7,29,0,1,0,1,0,0,0,8,1,652,0,0,0,314,2,0,0,0,0,3,2009,2,1,12,1002,0,46,0,1661,0,0,0,240,1,3,1,1,1,0,582,438,0,0,0,222,0,117,1,0,734,63,1705,14,1,0,2,0,0,0,3,0,0,1,0,0,0,2,7,0,2,8,891,256,0,0,68,190,1695,1,2,25,10,0,1201,1,0,11,1440,0,1,0,1,2,0,0,0,0,0,27,0,0,893,460,0,0,142,462,2642,0,0,8,1810,0,1875,0,0,695,5,8,2976,116,11,0,0,0,0,1206,1018,0,0,485,0,0,455,0,0,0,0,0,72,10,205,5,1,0,3,1,0,0,0,17,0,12,0,701,0,472,0,1,0,4,37,136,96,0,1,26,0,2,0,0,1,1328,0,1,0,3,2,5,0,1079,9,0,16,452,8,727,43,1,1,376,1,0,7,0,0,591,2,0,0,1228,1662,70,0,0,0,0,0,0,2,0,1,969,21,0,1,1,4,0,60,1,12,0,1,0,0,172,5,477,1,1186,60,2052,0,0,0,268,38,0,0,1962,0,18,1442,0,823,1,794,0,1840,0,0,0,1080,1,2,0,1,3,618,0,232,838,0,0,22,2015,11,10,0,1,0,0,1,13,1,622,0,1,4313,0,42,1,2,12,1,2,0,0,2,55,0,0,0,0,12,0,10,1060,0,5,0,2471,0,0,863,0,92,203,71,1,2145,0,1,1,0,1682,0,0,78,0,19,7,4,2,1674,1434,1,90,0,12,3515,1,22,0,0,0,0,110,0,268,0,1,2,13,23,0,15,0,0,3,106,0,1085,0,0,0,0,36,18,1549,0,3,33,4,2,2,3,563,0,0,10,1,2,1949,870,0,0,0,0,134,59,0,1,7,0,285,81,0,60,1,2,0,0,0,3631,1404,337,0,844
"ENSG00000263893.2",25,1,0,0,0,2,0,0,0,0,0,0,0,11,1,1,0,0,0,0,1,0,0,0,0,1,0,0,0,11,0,0,4,0,1,0,1,0,4,2,0,27,0,0,2,0,1,0,1,1,0,21,0,0,0,0,0,0,0,1,0,9,0,0,0,0,0,1,11,5,114,0,0,0,0,0,8,0,12,0,31,6,2,6,1,1,0,0,0,0,3,55,0,0,0,0,1,0,7,0,1,0,1,0,0,0,2,1,9,1,24,2,0,11,0,0,2,0,0,30,0,0,0,2,1,0,0,0,0,3,0,1,24,0,52,0,2,0,1,0,0,0,21,0,0,64,1,1,3,0,0,0,0,1,0,0,1,1,2,0,0,1,0,0,21,0,1,0,0,5,0,0,0,0,5,0,1,28,3,0,0,5,0,0,0,0,0,0,1,1,0,0,2,0,0,24,1,0,0,0,0,0,6,0,0,3,0,1,0,0,0,100,1,0,2,0,0,0,0,0,0,0,0,0,2,0,0,48,0,0,0,1,0,0,0,1,0,0,1,0,0,0,1,1,0,3,0,0,2,0,0,0,0,1,0,0,0,0,2,5,2,3,0,0,0,0,0,0,10,0,1,0,2,0,0,0,41,0,0,5,0,0,0,1,0,1,0,0,0,1,1,1,0,1,4,244,21,0,5,0,1,2,0,0,15,0,0,0,4,1,0,0,0,6,0,0,4,1,0,0,0,66,0,1,0,0,0,0,1,0,0,0,1,0,2,1,0,217,0,0,0,0,0,5,6,5,0,1,2,0,1,1,0,1,0,2,0,2,3,18,0,0,0,3,6,0,0,1,0,0,0,1,2,0,18,0,0,0,0,0,0,1,0,0,2,3,45,1,0,0,0,0,3,6,1,0,3,4,4,1,0,0,4,0,0,1,2,0,0,1,0,0,0,0,1,0,2,0,1,0,0,0,0,1
"ENSG00000264080.1",0,0,0,3,0,6,0,15,0,0,0,0,0,7,1,1,3,31,0,0,13,0,4,1,22,17,8,29,1,0,1,2,0,3,10,0,1,0,0,0,0,0,1,0,1,8,0,2,0,0,1,13,2,0,0,2,0,1,3,1,0,10,0,8,2,2,4,0,3,2,8,2,7,0,1,0,3,5,3,15,13,6,0,2,56,1,1,2,0,0,9,5,0,4,0,0,0,16,7,0,0,0,1,1,1,2,13,2,9,8,6,1,0,11,0,0,6,1,3,2,0,6,1,0,1,0,2,16,0,1,2,0,11,0,8,0,0,1,0,1,0,0,0,1,1,8,5,0,1,0,0,0,31,94,7,0,0,49,0,32,33,0,0,5,0,21,6,1,39,10,32,1,0,11,0,0,0,2,0,0,0,7,0,27,8,1,162,9,6,20,0,0,2,15,33,0,0,0,0,0,16,19,18,14,0,2,0,0,0,3,2,12,7,7,0,0,0,0,1,0,0,19,4,2,0,0,0,8,0,0,3,9,3,0,0,2,0,0,17,5,1,1,0,1,10,2,2,0,16,0,0,2,1,0,0,4,2,0,1,5,58,24,6,1,0,4,8,1,33,0,10,0,2,0,2,0,7,1,0,1,34,0,5,0,35,2,1,4,0,1,1,2,0,2,0,3,0,6,23,0,2,0,6,0,10,0,0,2,2,3,0,6,6,9,2,4,3,0,0,2,0,0,0,0,11,4,0,0,0,0,0,0,0,40,0,1,1,0,0,0,0,0,15,0,3,29,4,0,4,0,0,2,11,6,0,1,0,0,0,12,10,8,0,3,0,6,0,2,2,1,2,0,0,0,91,6,130,3,1,27,20,23,52,0,0,1,0,1,21,4,0,0,1,3,1,1,22,0,0,0,0,5,2,2,0,0,2,11,0,0,2,0,10,0,14,4,16,0,0,1,0,4,0,0
"ENSG00000264260.2",0,0,0,0,0,0,0,0,0,0,0,0,0,37,0,0,0,1,0,0,0,1,2,0,6,0,0,7,0,13,4,0,11,0,1,0,2,0,0,0,0,0,4,0,0,0,0,0,0,0,0,1,0,16,0,0,0,0,15,0,0,5,0,3,0,0,0,0,0,0,27,0,1,1,0,0,0,0,1,11,2,13,0,0,11,0,0,2,0,0,0,0,0,0,0,0,0,8,0,0,0,0,0,0,0,0,0,0,51,1,0,2,1,0,0,1,0,2,0,3,0,6,6,0,0,0,0,6,0,2,1,0,1,0,0,0,0,0,1,2,0,0,0,0,0,0,0,0,0,1,0,0,0,7,2,0,0,0,5,10,0,0,0,0,0,2,4,4,0,1,6,0,0,14,0,0,0,0,0,1,0,0,1,0,6,0,1,1,0,1,0,10,1,7,1,0,0,0,0,0,0,0,0,18,0,0,0,0,2,1,0,0,1,0,1,1,0,0,8,6,0,13,0,0,0,0,0,2,0,0,0,1,0,0,1,1,0,0,0,0,0,0,0,0,0,0,0,0,0,0,1,0,0,0,0,0,0,0,2,3,21,3,0,0,0,0,0,0,20,0,0,0,4,0,0,0,0,0,0,3,6,0,3,0,0,0,0,0,0,0,0,0,1,0,0,4,11,0,2,0,0,0,1,0,10,0,0,0,1,7,3,0,0,0,0,0,10,3,0,0,0,1,0,0,0,0,0,0,0,0,2,0,0,0,4,0,0,0,0,0,0,0,0,0,5,4,2,0,0,0,1,1,0,3,0,0,0,0,0,0,1,0,0,0,0,0,0,0,0,0,0,1,0,0,29,0,0,0,0,6,4,2,12,1,0,0,0,3,7,0,0,0,0,0,0,1,8,0,1,0,0,0,0,0,0,0,0,0,5,1,0,2,0,0,0,0,10,1,0,0,0,0,0,0
"ENSG00000264269.1",2,0,0,1,0,4,0,0,1,96,1,0,0,3,1,0,1,0,0,1,4,1,0,0,0,0,0,2,0,8,4,12,1,0,1,5,1,0,0,4,1,6,0,0,0,0,0,0,0,0,0,2,0,0,0,0,0,0,0,0,0,0,0,0,0,2,1,1,0,0,4,3,0,0,0,0,0,0,0,0,0,2,7,21,3,0,0,0,5,0,20,3,0,3,0,1,0,0,2,2,0,0,6,0,4,0,0,0,8,0,22,3,2,1,0,0,2,1,2,0,0,1,0,0,1,0,0,0,3,5,1,0,0,0,6,0,1,0,0,1,0,1,17,0,1,1,0,2,2,19,0,1,0,0,2,0,0,0,0,2,0,20,1,3,1,0,12,5,0,4,12,0,1,2,2,1,23,9,8,0,2,0,1,3,0,0,2,0,1,0,1,0,0,1,0,0,0,8,0,2,1,1,5,1,0,0,0,0,0,0,1,10,1,1,1,10,1,0,0,8,0,0,0,0,0,0,1,1,1,0,0,0,4,0,0,0,0,0,0,0,0,9,2,0,7,1,0,1,0,1,0,0,0,1,0,0,1,0,0,0,2,0,3,0,0,9,0,0,1,0,2,0,0,0,1,1,0,0,0,20,2,0,1,0,6,0,1,1,0,1,2,0,0,0,0,7,6,0,1,48,2,0,0,0,0,0,0,0,2,0,0,0,0,11,1,61,1,0,0,0,6,41,0,0,0,0,0,1,0,0,0,0,0,1,2,0,1,1,1,0,0,0,0,18,1,0,0,0,1,0,0,67,1,0,0,0,0,27,1,10,1,1,0,8,35,1,0,0,0,0,1,2,0,0,1,0,0,0,2,1,0,0,0,0,1,8,13,2,7,0,7,0,0,11,1,0,1,0,2,0,0,0,0,0,1,0,5,0,0,0,1,4,0,2,1,1,0,0,0,0,0,1,0,0
"ENSG00000264370.1",0,0,0,1,0,0,0,0,0,0,1,18,3,20,1,2,1,0,0,0,0,0,2,0,2,0,0,2,0,0,0,0,2,0,0,0,3,0,0,3,0,0,1,3,0,0,0,0,0,0,0,8,0,27,0,1,0,0,0,0,2,0,0,1,0,1,1,3,1,1,9,0,0,0,0,0,0,0,10,0,30,14,0,0,0,2,0,0,0,0,0,0,2,0,0,0,0,0,7,0,0,1,0,0,0,1,0,1,5,0,0,0,1,1,0,0,1,6,0,127,27,0,0,0,0,0,0,3,2,3,1,1,0,0,0,1,1,0,0,0,0,2,0,0,2,12,0,0,0,0,0,0,0,10,1,0,0,3,0,3,0,0,1,1,0,3,16,0,0,0,0,0,0,2,0,0,0,4,8,3,0,0,0,0,1,1,0,0,0,4,0,0,0,2,0,0,0,0,0,0,0,0,0,18,0,0,0,0,10,0,1,0,0,0,1,0,0,0,4,0,0,0,0,0,0,0,8,3,0,4,1,0,1,0,7,0,0,1,0,0,0,0,0,0,1,1,0,0,1,0,0,0,0,0,0,1,0,1,0,0,2,0,2,31,0,0,0,1,0,0,1,0,0,0,0,1,2,0,1,0,0,0,0,0,0,0,0,0,0,0,0,0,0,0,0,5,1,1,0,0,0,0,7,0,1,1,0,2,0,33,12,1,0,1,1,1,50,2,0,0,0,6,0,0,1,0,0,11,13,0,16,0,0,1,1,0,0,1,2,0,0,1,0,0,0,0,0,0,0,0,0,2,0,50,0,0,0,0,0,0,0,0,18,1,2,0,0,0,0,0,0,8,0,17,15,0,0,0,0,1,0,1,0,0,0,0,0,1,0,0,0,1,0,0,0,0,0,5,0,0,0,0,0,0,2,0,1,0,0,0,0,0,1,1,0,0,1,4,0,1,0,0,0,0
"ENSG00000264424.1",4,0,0,1,648,12451,2,0,0,6,0,2,0,6,0,52,1122,0,0,3990,1873,0,13965,0,611,2597,28,88,12838,36,917,12,78,0,0,0,145,2401,0,1,1,14,0,0,0,17,73113,64,1,0,2,6512,12769,19,0,0,12,0,1,147,0,1067,0,891,4,3556,0,7,0,2370,23,47,750,6,0,0,618,5440,1,1206,82,1518,53,3651,112,21597,1,0,7321,3,3095,0,529,15,0,0,0,23,0,87,7,0,215,0,7639,18487,8,20,8343,3,2344,0,6408,398,146,1,2123,0,0,1,0,18,28,0,57,138,27,18370,549,1,45,1,87,22,4220,1,1,1,432,47,30,5999,0,1,6782,102,0,2624,325,17,0,33,0,98,7,25,0,0,4,2,4,514,14,329,43,0,2865,4,1,180,33,1834,4,184,16509,7,0,3,0,0,0,21626,0,7,13,3,639,1,82,405,0,19,31,47,1,13,19,13,16975,52085,0,2,5354,650,0,5,3,2,4782,0,29101,3639,2,0,250,2,0,5,85,1,0,516,0,52711,0,3,0,0,22084,0,2245,203,0,0,0,0,5,0,0,130,50990,6,0,15249,3579,2,0,1,0,50,1,9733,19,4,1,115,0,773,0,0,3907,69,26,2,3,7,145,0,74,14,23,465,28,1,25,373,5,0,0,49,92,1,0,2,1,264,0,7312,1564,10093,3,0,10410,0,8,0,28,3,0,1,0,21184,0,6,43,4503,0,25778,106,8,0,3953,0,63147,5,5,11,86,16649,5931,648,0,0,574,4856,1,0,0,6,25,1,0,240,0,0,1,0,0,11,655,3,0,2922,3,2,119,1,29625,0,2,8,53,2,20,0,0,505,1,1,0,5338,0,1,63,1,0,1,0,0,48,0,0,74,0,2343,0,7980,2,0,957,227,345,2,105573,24621,0,683,461,0,1,1728,0,103,3251,17471,2161,30,1,0,0,0,2,21282,0,0,0,16,81,5154,19662,0,0,1,0,0,10912,6447,0,1384,2541,0,1,0,1
"ENSG00000264425.1",4,0,0,0,2,6,1,1,4,13,1,2,1,13,10,0,3,5,11,7,2,0,7,0,3,1,3,1,0,16,3,8,6,6,4,6,2,5,1,4,0,5,10,1,0,0,5,3,1,0,0,27,0,1,2,6,0,1,0,0,0,3,2,2,2,0,2,1,10,2,17,3,1,0,1,0,3,2,6,4,6,7,21,1,9,2,0,6,1,0,9,21,6,0,2,0,0,1,3,0,3,2,2,2,0,3,6,0,1,1,8,1,1,4,3,3,6,7,4,3,0,3,1,5,1,0,1,0,3,12,3,0,6,1,3,1,4,1,1,0,1,4,13,0,5,3,0,4,5,45,0,0,4,3,2,2,1,8,0,4,8,0,9,4,4,2,3,1,1,21,5,1,5,1,0,1,4,2,21,1,0,2,4,7,3,3,4,1,0,2,3,7,2,2,7,8,1,2,2,10,2,2,24,1,0,1,3,5,0,0,2,10,0,8,1,14,0,5,3,6,0,0,0,4,0,0,7,1,3,3,6,10,1,6,0,5,0,1,6,7,2,3,1,1,9,2,0,0,0,3,1,0,0,3,0,0,1,0,4,3,27,2,24,6,1,9,1,0,1,0,4,2,4,2,10,0,1,1,1,17,0,4,0,0,3,1,0,1,3,2,0,3,2,1,3,10,23,0,4,4,2,1,2,0,1,3,0,0,10,4,1,13,2,1,3,6,1,14,0,3,5,20,0,3,0,1,1,4,1,1,8,0,1,3,1,2,9,1,0,0,0,2,6,12,7,5,0,2,1,0,1,6,2,12,1,1,14,18,1,0,2,0,1,31,33,3,0,0,3,1,1,20,0,0,3,1,9,3,2,1,3,0,3,0,2,1,10,3,0,4,2,1,0,7,2,0,1,3,1,0,1,0,3,0,31,0,3,2,0,1,2,0,3,0,3,0,2,0,3,0,0,2,1,3
"ENSG00000264548.1",10,1,14,0,0,2,13,5,3,16,1,14,14,17,60,1,2,12,12,2,0,0,2,0,16,3,8,6,1,8,8,14,6,8,5,5,2,2,53,29,7,0,4,6,2,11,5,0,0,1,9,5,2,4,14,15,5,7,10,6,21,6,9,1,2,1,5,6,3,9,37,4,2,2,4,3,29,8,13,5,5,7,14,5,10,0,3,7,24,2,6,16,3,58,4,1,16,7,6,1,2,2,8,3,1,2,8,1,11,6,3,4,3,1,0,6,14,3,2,22,5,7,0,15,3,1,3,19,4,12,3,3,7,0,1,1,13,0,6,7,1,14,16,1,3,3,22,29,9,9,0,1,8,8,3,9,2,1,18,15,7,6,8,2,4,4,12,21,5,3,3,3,11,8,3,3,3,10,15,6,0,1,18,18,18,7,15,9,18,11,5,7,8,4,1,6,2,13,3,3,2,2,1,8,0,47,1,3,9,7,2,7,6,0,2,6,7,5,4,9,1,13,8,1,3,0,13,5,2,7,11,9,1,13,11,8,0,5,0,3,1,5,1,1,22,23,10,4,10,14,2,4,2,7,0,1,0,0,17,3,7,6,3,0,1,5,5,1,28,2,2,0,20,0,0,0,19,2,9,3,24,7,9,0,12,3,0,0,12,6,1,5,7,33,4,73,9,3,6,14,8,8,14,1,6,2,4,5,10,7,12,6,25,2,3,20,8,7,2,0,5,24,0,7,7,24,0,17,7,0,11,1,1,2,12,1,7,3,8,3,1,6,2,8,8,5,1,10,8,0,0,8,8,11,0,0,6,14,1,8,2,4,4,13,12,7,15,6,3,5,2,21,1,5,36,2,14,1,0,31,1,4,9,1,4,24,4,5,0,3,14,9,0,7,7,5,6,26,15,0,7,2,5,3,11,5,2,4,0,1,0,11,1,1,4,3,5,18,9,0,1,3,13,4
"ENSG00000264755.1",0,0,0,1,8,3,0,0,2,5,40,6,0,1,0,0,4,1,5,5,3,0,3,1,2,0,2,0,0,4,3,4,1,4,0,0,2,0,0,0,0,0,1,0,0,0,2,0,0,0,1,9,0,5,2,1,1,0,1,0,1,2,0,1,0,2,1,6,8,0,7,1,0,2,0,0,36,0,12,2,12,3,0,22,0,0,0,1,0,0,0,0,1,0,0,0,1,1,34,0,0,0,0,0,2,0,2,0,31,0,2,0,0,0,19,0,1,9,1,0,0,0,1,0,0,0,0,0,4,1,1,1,1,7,0,1,2,1,0,0,0,4,0,0,0,0,5,0,2,1,0,0,5,0,0,4,3,0,0,0,8,0,2,12,1,0,1,1,0,6,0,1,0,0,0,6,2,0,7,3,0,7,13,1,4,3,0,0,2,9,11,0,0,3,4,0,0,1,0,0,0,5,1,0,0,3,0,1,0,0,1,1,0,4,0,0,0,0,0,1,0,0,0,1,0,0,2,0,0,4,2,0,0,1,4,3,1,0,0,3,0,0,6,0,0,0,2,0,3,3,0,0,0,1,0,5,1,1,0,2,2,1,7,4,0,8,2,0,1,0,2,0,0,0,15,0,2,0,1,0,0,1,0,0,2,0,0,2,0,3,0,2,0,0,0,6,15,0,0,3,8,0,3,2,0,0,0,0,8,3,4,2,2,0,1,0,1,2,0,0,6,1,0,6,0,0,1,2,1,0,0,0,2,2,5,0,1,7,3,0,0,3,1,1,3,4,2,0,0,0,0,3,0,8,1,0,1,0,0,3,0,0,6,6,1,0,0,10,5,0,0,3,0,3,0,1,3,0,0,0,8,0,1,0,0,0,4,2,0,0,6,10,0,5,1,2,0,5,1,0,0,0,4,0,4,0,6,8,0,0,0,0,1,0,0,1,1,0,3,1,0,1,0,0
"ENSG00000264769.1",1,0,2,18,1,2,1,0,3,2,10,7,3,8,35,3,0,4,13,4,3,3,4,1,8,0,7,4,1,6,5,4,33,10,13,1,33,1,7,41,0,1,3,7,4,0,4,0,0,1,13,2,6,2,3,35,6,0,0,1,3,4,4,0,3,1,3,17,9,3,2,4,2,0,0,3,2,0,1,8,52,11,1,6,8,3,0,2,2,1,5,13,0,0,0,0,3,1,7,5,4,3,0,0,5,0,1,1,1,2,10,0,5,0,1,2,17,5,6,178,11,4,0,7,1,1,0,0,7,13,6,1,14,0,24,0,3,2,2,0,0,7,13,1,7,31,10,2,5,4,2,4,1,3,1,11,2,8,9,8,1,2,5,5,1,2,13,4,1,1,0,3,9,9,1,3,32,2,26,12,0,1,4,10,6,1,2,5,2,6,3,2,1,50,0,4,3,1,1,11,3,2,5,2,0,2,1,4,0,6,11,2,29,27,7,4,4,0,7,19,0,0,0,1,0,2,12,92,0,35,0,3,6,16,0,34,7,7,8,2,4,19,1,5,9,25,2,0,12,32,0,0,3,1,1,1,2,2,1,3,5,1,12,2,1,3,3,0,0,0,8,0,3,0,9,0,0,0,1,2,2,1,1,0,2,1,0,1,0,10,5,3,0,3,7,22,19,2,4,0,6,0,2,3,0,2,4,2,20,3,1,4,6,10,36,6,51,2,7,18,3,10,1,10,3,5,0,14,12,0,221,0,2,2,18,2,9,66,4,1,2,21,11,3,4,0,0,0,2,0,2,11,3,11,2,2,2,6,5,1,6,0,7,3,0,3,5,7,4,7,0,8,0,19,4,0,8,0,2,8,0,3,4,0,1,41,0,2,6,7,5,14,0,2,1,2,7,0,7,0,3,0,7,5,3,6,20,8,0,2,16,0,4,8,4,0,1,6,7,0,0,2,38,2
"ENSG00000264785.1",0,0,0,2,0,0,0,0,0,0,0,2,2,0,16,0,0,0,1,0,0,0,0,0,0,0,0,1,0,0,0,0,0,0,1,0,90,0,0,2,0,0,0,12,0,0,0,0,0,0,0,0,1,1,3,9,22,0,0,0,0,0,1,0,0,0,0,73,0,0,1,1,0,0,0,0,1,0,0,0,0,0,0,0,0,0,0,1,0,0,0,1,0,3,0,0,21,0,0,0,1,0,0,0,0,0,0,0,0,0,0,0,1,0,1,0,0,0,1,16,5,0,0,71,1,0,0,0,0,0,0,0,0,1,2,0,45,0,0,0,0,0,1,0,0,38,0,0,0,0,0,0,0,0,0,17,0,1,1,1,0,1,1,0,0,0,0,0,0,0,0,1,304,0,0,1,2,1,7,16,0,0,1,0,1,1,0,0,0,0,1,0,0,1,1,0,0,47,0,6,0,0,0,0,0,1,0,0,0,0,0,1,0,0,0,0,9,17,3,35,0,0,0,0,0,0,9,7,1,4,0,0,0,48,0,23,0,12,0,0,0,0,11,0,0,3,2,1,1,19,0,0,0,0,0,0,0,0,7,0,0,0,0,1,0,0,1,0,0,0,0,0,0,0,2,0,0,0,0,0,0,9,0,0,3,0,0,0,0,0,0,0,1,4,3,0,0,3,0,0,1,0,0,0,0,0,4,0,0,1,7,0,0,1,10,0,2,0,0,0,0,0,0,0,0,0,0,39,5,0,83,0,3,0,5,0,11,1,0,0,0,97,0,1,0,0,0,0,0,0,0,0,0,0,1,0,0,0,0,0,0,0,31,0,1,0,0,0,2,0,0,16,0,1,0,0,0,0,0,0,0,0,0,0,0,0,0,3,0,0,1,4,0,1,0,0,3,0,0,1,0,0,0,8,17,1,9,0,0,0,1,0,0,0,0,0,0,0,1,1,0,0,96,0
"ENSG00000264813.6",6,0,0,0,0,0,0,0,0,10,11,0,1,0,0,0,0,0,10,0,0,0,0,0,5,0,0,0,0,0,0,0,0,8,0,0,0,0,1,0,0,0,0,4,0,0,0,0,0,0,2,0,1,0,25,0,0,0,0,8,2,0,2,0,0,0,0,0,0,0,0,0,0,0,0,0,1,0,5,1,1,0,0,0,2,4,0,1,1,0,1,0,0,0,28,0,0,0,1,0,0,0,2,0,0,1,6,0,0,1,0,1,0,0,0,0,0,0,0,0,0,0,0,0,0,0,0,48,1,0,0,0,0,0,0,0,0,0,3,1,0,0,0,0,0,0,0,0,1,1,0,0,0,0,0,0,0,1,10,0,0,0,0,0,0,2,0,0,34,2,4,0,0,0,0,0,0,4,0,0,0,3,0,0,0,0,5,18,3,2,0,0,0,0,0,0,0,0,0,2,0,2,0,48,0,0,0,2,0,0,0,0,0,0,0,1,0,0,1,0,0,0,0,1,0,0,0,0,0,0,1,0,2,4,0,0,0,0,1,0,2,0,0,2,2,0,0,1,2,0,0,0,0,0,0,0,0,0,3,0,0,1,0,0,0,0,1,0,0,0,0,0,0,0,0,0,0,0,0,6,9,1,6,0,1,0,1,0,0,0,0,0,0,0,3,0,1,0,0,4,0,3,2,0,0,0,0,1,0,0,0,0,0,8,1,1,0,0,0,0,1,1,0,0,0,1,0,22,1,0,0,0,0,2,6,0,0,1,15,0,0,0,0,0,2,0,1,1,0,0,1,0,0,0,0,0,1,2,0,0,0,0,0,0,0,23,0,0,1,0,1,0,0,0,0,13,6,0,0,0,1,0,17,0,0,0,0,0,1,0,5,1,0,0,0,0,1,16,1,0,0,0,2,0,1,0,0,0,0,0,0,0,0,0,0,0,0,0,17,0,0,11,0,0
"ENSG00000264956.2",0,0,0,1,0,0,0,0,0,0,0,0,0,1,31,0,0,5,0,0,0,0,1,4,47,0,0,0,0,3,0,0,0,1,0,0,1,0,0,0,0,0,0,0,0,0,0,2,0,0,1,16,0,0,0,0,0,0,1,0,0,46,0,12,4,0,0,0,1,0,4,0,0,1,1,0,0,0,0,16,2,0,1,0,120,0,0,0,0,1,0,16,0,13,0,0,0,0,0,18,0,0,0,0,0,0,116,0,4,0,0,0,1,0,0,0,0,1,0,3,2,1,0,0,0,0,0,1,1,19,1,0,23,0,0,0,0,0,31,6,0,0,1,0,0,0,0,0,1,0,0,0,0,23,0,0,0,0,130,3,0,0,0,0,0,16,1,0,0,23,0,0,0,29,0,1,0,14,0,2,0,0,0,0,73,0,0,0,0,5,0,0,0,1,0,0,0,0,0,0,14,0,1,50,0,1,0,0,0,0,0,0,0,0,0,0,0,0,0,1,0,1,0,0,0,0,0,0,0,0,0,0,0,0,0,0,0,0,0,1,1,2,0,1,0,0,0,0,0,0,1,2,0,0,0,0,0,0,0,16,18,0,2,2,1,0,0,0,4,0,0,0,14,0,0,0,0,0,0,2,42,1,0,0,0,0,0,0,0,0,0,0,0,0,0,0,4,0,14,0,0,0,0,0,0,0,0,0,0,4,0,0,3,1,1,0,22,0,1,0,0,0,0,0,0,0,2,0,0,0,94,0,2,0,6,0,0,0,0,0,1,9,0,0,2,3,1,0,2,0,0,1,0,3,0,1,0,0,0,0,4,0,1,0,1,1,0,0,0,1,0,0,0,0,36,0,9,1,0,1,0,0,2,0,0,1,0,25,0,0,0,0,0,0,0,0,10,2,0,0,0,0,0,0,0,29,3,0,9,0,0,0,1,0,1,0,19,1,1,0,0,1,1,0
"ENSG00000265046.1",0,0,0,0,6,1,0,3,0,0,0,0,0,1,0,0,1,4,0,4,3,0,0,1,0,0,1,1,0,2,17,8,2,2,2,0,0,1,0,5,0,1,4,0,0,1,0,0,0,0,0,2,0,2,1,6,0,1,0,0,0,1,1,0,0,7,0,0,10,2,7,1,0,0,0,1,1,0,0,1,1,9,1,2,7,1,0,0,0,1,2,0,7,0,0,0,0,0,1,0,0,0,0,0,0,0,0,0,1,6,9,0,0,0,1,0,9,0,2,0,0,5,0,0,1,0,0,0,12,2,0,0,5,0,6,0,1,0,0,1,1,2,4,0,4,2,5,1,2,2,0,1,4,0,0,3,0,3,3,5,0,0,1,5,0,2,1,1,3,4,0,4,0,7,0,0,4,0,4,0,0,1,4,25,0,1,5,0,1,4,2,0,0,5,1,3,1,0,1,22,0,19,7,1,2,0,0,13,0,1,4,1,0,1,8,3,0,0,0,12,0,0,0,0,1,0,0,7,0,0,1,9,0,0,0,0,0,0,1,0,0,4,0,3,4,1,0,0,0,7,0,0,0,0,0,6,0,0,0,5,5,3,0,0,0,5,0,0,1,1,2,0,0,0,4,0,0,0,0,0,4,1,0,0,0,0,0,0,0,2,0,3,1,2,0,5,4,0,1,1,9,0,0,0,1,0,0,1,0,3,0,3,0,9,0,0,1,4,1,4,3,3,0,1,1,12,0,0,0,0,0,0,3,0,2,0,2,8,0,0,0,0,7,1,0,1,0,1,0,0,0,11,0,2,0,2,2,2,4,0,7,0,2,0,2,0,1,5,0,0,0,0,0,0,5,0,14,0,0,7,0,1,0,0,0,0,1,3,0,5,13,0,1,2,5,1,3,0,0,1,4,0,1,0,0,0,2,4,0,0,0,0,1,0,1,10,0,0,3,0,0,1,0,0
"ENSG00000265096.2",21,1,379,11,3,8,3,0,97,15,0,1,1,48,111,8,8,2,0,1,11,4,18,6,0,66,13,1,0,29,1,30,8,2,2,62,26,10,2,2,1,26,0,5,6,4,42,12,4,2,0,71,9,21,1,1,287,11,0,1,8,6,0,3,0,13,1,6,7,6,7,57,4,1,0,5,177,10,13,2,1,0,168,29,1,21,26,70,202,7,208,158,0,516,2,0,53,1,51,18,6,3,324,2,11,3,2,4,3,0,16,4,135,45,1,9,3,2,17,23,6,3,4,57,90,2,3,0,2,28,16,2,12,95,38,3,3,1,1,0,5,2,38,11,4,23,17,5,7,2,5,4,11,6,6,2,124,37,2,0,1,33,150,3,5,1,51,46,3,59,2,2,506,2,5,0,77,3,13,11,4,12,7,2,0,70,3,0,2,0,0,3,14,5,1,1,4,49,0,77,0,5,2,0,1,6,2,3,3,1,2,1,14,0,0,0,2,0,1,16,0,0,5,3,6,2,1,2,82,17,58,1,84,1,0,98,1,1,0,2,87,112,8,20,44,30,0,44,12,5,4,0,0,15,5,1,2,24,59,4,8,3,381,1,9,16,3,7,1,2,44,2,28,7,15,1,16,1,13,65,0,70,0,1,1,2,7,28,10,157,16,13,8,0,39,13,54,7,10,902,5,27,2,9,0,22,1,13,3,0,2,10,0,406,10,11,1,4,72,33,9,15,3,0,311,2,32,2,11,4,8,1,27,3,320,4,58,166,0,6,2,132,34,25,0,1,2,53,3,4,4,15,4,3,0,3,6,14,1,30,1,3,36,2,28,6,52,2,7,4,19,16,20,16,3,0,6,2,0,0,0,2,1,121,36,3,0,45,1,2,6,3,1,12,17,4,10,5,10,0,0,0,32,1,19,13,220,0,0,183,5,3,1,53,5,0,2,1,0,8,2,3,92,2
"ENSG00000265217.2",0,0,0,0,0,0,2,0,0,0,0,91,0,0,64,0,0,5,0,0,0,0,0,0,3,0,0,2,0,0,0,0,0,0,0,0,0,0,105,214,0,0,0,0,0,0,0,0,0,0,0,2,0,3,0,0,1,0,0,0,0,89,0,0,0,0,0,0,0,0,13,0,0,0,0,0,0,0,0,28,29,49,0,0,0,0,0,0,0,0,0,0,0,1,0,0,0,0,0,0,0,0,0,0,0,0,0,0,1,0,0,0,0,0,0,2,0,0,0,11,0,1,0,0,1,0,0,1,0,0,0,0,132,0,0,0,0,0,0,0,0,0,26,0,0,0,0,0,0,0,0,0,0,25,0,0,0,0,140,3,31,0,0,0,0,0,1,2,0,31,0,2,0,0,0,0,0,164,0,1,0,0,0,0,0,0,0,0,0,0,0,0,0,1,23,0,0,0,0,0,0,0,0,46,0,5,0,0,10,0,0,0,3,0,59,0,0,0,0,5,0,4,0,0,0,0,0,0,0,0,0,0,0,0,0,2,0,0,2,4,0,0,0,0,0,0,0,0,0,0,0,0,0,0,0,0,0,0,0,0,15,15,0,7,0,0,0,0,0,0,1,0,34,0,0,0,0,0,0,0,20,0,1,0,0,0,0,0,0,0,0,0,0,0,0,0,3,0,0,0,0,0,3,0,23,0,0,0,0,0,0,0,0,0,0,13,0,0,0,1,0,0,0,0,1,0,0,0,0,0,4,0,0,0,0,0,0,0,0,0,0,0,0,0,36,44,0,0,2,0,0,0,0,41,0,0,0,0,0,0,0,0,0,0,0,0,0,0,0,2,1,2,0,0,1,0,1,0,0,132,0,2,0,0,0,1,0,0,0,0,0,0,0,0,0,0,1,0,0,0,0,0,0,0,0,0,11,0,1,0,0,0,0,0,0,0,1,0,0,0,0,0,0,0
"ENSG00000265342.1",2,0,2,0,1,0,1,2,1,3,2,1,3,5,1,0,0,2,1,0,0,0,0,0,4,0,4,2,2,1,1,2,0,1,2,0,3,0,12,4,0,3,0,1,0,1,0,1,0,0,0,1,0,8,1,0,1,1,2,0,1,3,4,1,0,0,3,3,3,2,1,1,0,0,1,0,2,1,0,1,2,3,1,1,2,0,0,3,1,3,3,4,1,0,1,0,3,1,6,1,0,1,4,0,0,0,5,0,10,0,2,1,1,0,1,0,0,0,2,4,1,1,1,7,0,0,0,1,0,6,0,0,6,0,0,0,1,0,3,0,0,1,2,0,0,1,1,0,3,3,0,0,0,6,1,0,0,1,8,2,0,0,0,0,1,3,0,5,0,0,0,1,0,4,3,0,0,5,0,1,0,1,1,1,4,1,0,0,7,2,0,4,0,1,1,0,1,5,4,2,1,1,0,2,0,9,0,1,0,2,0,1,4,1,1,1,1,5,0,0,0,1,2,0,0,0,2,1,0,2,0,0,0,1,5,3,0,2,0,3,0,2,1,1,2,6,0,4,1,9,0,0,0,0,0,0,0,2,3,3,0,5,3,0,0,0,0,0,7,0,0,0,5,2,1,3,8,0,2,2,1,1,2,0,0,0,0,0,1,1,0,0,0,9,1,8,4,3,4,1,2,0,2,0,11,0,0,0,4,1,6,1,5,3,3,3,8,0,1,0,0,3,0,3,1,2,0,2,3,0,0,2,2,3,2,0,3,1,1,0,0,7,0,0,1,1,2,1,0,0,3,8,1,4,0,1,0,1,3,0,4,0,0,3,1,1,0,1,2,1,0,4,0,0,2,0,1,0,1,4,0,1,0,0,0,6,0,3,6,0,1,0,0,0,1,0,1,7,1,0,1,1,0,1,0,2,1,2,1,1,0,0,0,0,1,0,5,3,2,0,0,1,1,0
"ENSG00000265554.2",17,1,10,0,0,2,0,0,0,30,6,0,0,0,0,2,0,1,0,3,1,0,0,0,0,0,0,0,0,0,0,0,0,0,0,2,0,0,0,0,0,3,0,108,0,0,0,0,0,0,0,0,0,21,1,0,4,0,0,0,0,0,0,0,0,1,0,26,0,0,3,0,0,0,0,0,0,0,3,2,1,0,9,0,0,0,0,0,1,0,2,1,0,0,82,0,19,1,5,0,1,0,1,0,0,3,0,0,3,0,2,0,0,0,0,0,4,0,0,58,0,0,0,0,0,0,0,0,1,10,0,0,0,0,0,0,0,0,0,0,0,13,2,0,1,0,0,0,2,4,0,0,0,0,0,1,0,0,0,0,1,7,0,1,1,0,1,0,0,0,0,0,0,0,5,0,0,27,0,4,0,0,0,0,1,0,0,0,0,0,0,0,0,6,0,0,0,0,1,0,0,0,4,0,0,0,0,0,0,0,0,4,2,0,0,4,9,0,0,0,0,0,2,0,2,1,0,0,0,0,0,0,0,18,2,1,0,0,0,0,5,0,9,0,0,0,0,8,1,0,0,0,0,0,0,0,0,0,9,0,0,0,0,0,0,8,0,0,0,0,0,1,0,0,0,0,11,0,6,0,0,35,0,0,0,0,0,0,1,0,1,0,25,0,20,5,0,1,0,2,0,0,7,0,1,0,0,0,0,2,3,18,0,0,1,1,0,3,1,0,4,6,0,1,0,0,0,0,0,0,1,0,0,1,0,1,0,0,4,4,0,0,0,0,0,0,0,0,2,0,0,5,0,0,0,0,4,1,0,4,0,0,5,0,3,0,0,2,0,0,0,0,0,0,1,0,0,0,0,0,0,0,0,0,1,0,8,0,0,0,5,0,0,3,14,0,0,87,1,0,0,0,0,0,0,0,0,0,0,1,0,0,0,0,0,0,0,1,0,0,0,0,37,0
"ENSG00000265660.1",43,0,3,20,58,44,0,5,9,0,4,68,32,22,4,6,8,44,31,57,49,3,13,17,23,24,4,14,0,9,82,15,65,54,11,54,20,8,3,23,1,26,34,26,5,0,18,9,2,18,9,23,3,19,6,47,7,15,4,4,13,5,9,8,1,6,7,18,26,13,44,22,5,0,1,3,10,2,6,5,95,38,5,0,29,19,0,10,5,0,12,13,10,0,1,1,0,68,50,6,8,2,0,20,17,26,23,2,20,18,18,5,10,4,57,5,50,11,22,24,9,1,13,30,15,0,1,0,78,25,12,11,13,23,50,3,9,1,11,4,3,14,46,7,110,42,3,9,6,35,2,3,103,22,17,21,1,84,23,35,7,8,23,28,1,7,20,3,11,36,0,19,99,16,1,14,65,2,15,43,2,55,16,32,7,11,16,14,17,6,18,1,16,36,9,7,6,8,10,55,10,70,164,13,12,1,2,25,0,21,37,25,20,25,44,52,10,0,12,42,2,2,0,4,7,11,23,51,0,53,4,15,30,12,0,7,2,12,50,11,16,25,51,30,6,9,5,0,3,31,8,0,1,1,9,42,4,2,24,16,34,10,24,26,1,27,7,6,43,0,36,3,3,0,63,30,0,2,13,1,34,4,4,0,37,3,1,1,0,11,6,28,1,9,2,53,26,54,1,88,100,0,12,2,0,1,12,21,9,86,27,33,33,16,27,44,20,10,13,27,39,53,1,25,10,34,8,36,0,3,35,0,11,45,28,0,59,45,33,0,4,15,16,2,5,19,2,0,0,7,1,51,15,39,29,5,5,8,40,0,40,19,10,14,49,79,0,119,0,0,7,62,0,5,0,1,41,2,23,11,0,9,58,1,4,2,6,46,3,43,86,48,3,42,1,29,18,2,51,0,19,1,15,28,18,1,3,14,0,1,10,0,20,4,12,3,3,2,19,4,2,2,1,0
"ENSG00000265683.1",3,0,0,0,2,4,5,4,1,3,7,8,0,15,7,0,1,0,1,1,6,1,0,0,6,3,7,3,0,3,7,2,8,4,1,0,13,1,5,17,1,2,4,0,1,4,4,0,0,0,1,16,1,13,1,5,0,3,2,0,1,6,6,0,1,3,3,1,12,2,18,6,0,0,0,0,22,0,2,2,8,13,4,1,8,2,1,2,1,2,4,13,3,0,0,0,2,0,13,0,0,2,1,1,4,1,5,0,13,5,6,1,1,3,2,9,19,7,21,22,1,14,3,8,1,0,0,6,9,22,2,0,15,0,4,0,10,1,2,5,0,8,5,0,7,17,10,17,9,0,1,0,10,4,1,15,4,14,26,4,9,3,3,3,0,6,12,9,3,3,2,7,2,8,0,1,5,18,5,1,0,1,5,20,3,0,1,3,9,2,2,1,3,27,3,7,0,14,2,4,3,6,12,11,0,9,1,5,0,3,4,4,4,6,9,3,4,0,0,12,0,3,4,1,3,1,0,4,0,8,2,9,2,0,0,7,0,3,1,8,1,2,1,0,20,20,4,0,30,2,0,0,0,10,0,1,0,1,5,13,13,7,12,7,1,6,3,2,5,0,3,2,11,0,7,3,5,0,2,5,5,3,1,3,1,4,0,0,5,5,1,3,0,13,3,23,18,4,10,3,7,1,38,1,31,2,0,6,5,7,0,6,11,4,7,8,4,7,0,1,3,4,0,10,2,5,1,0,1,0,3,2,0,1,12,0,1,5,0,2,0,2,4,7,6,3,3,1,4,0,0,6,3,36,1,1,7,11,6,10,11,2,1,18,19,3,5,14,1,1,1,6,1,0,13,0,10,1,0,2,1,4,3,2,3,5,3,3,13,6,6,1,0,1,0,0,10,6,7,0,2,10,3,2,7,2,4,9,0,0,10,1,5,0,2,2,7,2,1,2,0,2,3,0
"ENSG00000265688.2",160,11,49,32,94,14,138,11,9,290,132,584,288,93,709,31,10,74,155,38,44,7,37,80,59,63,100,62,8,122,38,100,95,22,12,310,151,50,444,251,173,77,8,61,26,103,19,88,14,22,37,122,15,144,177,41,23,82,38,34,146,241,73,52,12,15,7,78,55,178,492,25,31,7,39,4,224,90,350,42,366,27,192,272,185,8,31,32,70,43,338,100,8,1239,40,1,287,17,201,121,39,14,403,18,45,20,109,7,205,62,77,27,88,17,14,103,174,19,175,1525,11,13,3,71,75,5,10,568,40,810,21,3,178,21,138,11,32,7,520,13,4,172,119,35,48,167,93,55,236,328,8,15,59,126,26,191,42,98,181,132,82,204,143,59,202,159,100,537,50,78,77,107,88,82,134,135,52,857,117,98,4,5,55,63,25,44,164,19,36,27,101,92,113,98,21,121,10,49,41,187,9,165,161,66,12,420,18,155,179,39,46,148,201,16,28,482,40,121,17,51,7,51,66,32,17,8,87,74,14,93,207,32,33,141,36,332,13,262,11,60,21,18,83,8,162,602,28,185,95,115,8,58,12,142,15,86,12,37,324,247,120,20,463,244,6,71,119,17,81,8,29,10,551,11,48,17,206,10,90,57,96,125,52,16,48,223,6,15,184,35,39,34,85,210,2147,857,346,52,9,131,124,18,481,22,43,31,40,35,83,267,127,193,41,41,189,84,971,63,103,21,41,301,19,81,35,289,20,153,568,8,603,9,21,159,115,31,180,75,51,57,6,197,38,124,66,36,27,132,30,9,13,154,32,283,46,16,79,347,156,17,5,39,55,58,273,19,329,109,43,124,64,63,26,229,514,10,40,24,12,26,14,76,49,79,26,65,173,58,82,97,319,207,14,28,25,16,33,396,112,11,16,104,33,12,127,19,77,32,16,46,30,143,10,29,27,32,48,251,135,27,8,5,1346,25
"ENSG00000265692.1",0,1,14,1,4,2,6,24,3,7,4,25,3,18,26,1,5,7,8,1,1,2,5,4,26,2,8,13,0,3,3,14,6,2,9,5,18,0,47,18,5,2,1,4,0,13,0,8,3,4,1,10,1,23,12,27,0,8,17,2,19,10,20,11,5,3,1,10,8,8,8,1,5,0,4,1,46,4,15,4,2,11,1,4,11,1,0,7,4,6,6,14,2,14,3,1,7,14,20,1,4,4,4,2,1,7,3,0,14,5,2,5,1,9,1,10,8,5,17,22,8,10,3,21,8,0,2,30,3,3,3,0,14,1,1,0,6,0,17,1,0,5,4,0,3,7,6,22,6,4,0,3,22,8,3,19,4,9,35,4,3,7,0,5,0,6,6,19,8,18,4,4,3,14,2,1,4,37,8,6,0,5,12,8,15,1,19,7,10,10,4,4,1,7,0,17,2,8,2,1,0,0,3,24,1,37,1,5,5,9,4,3,4,4,2,4,8,6,3,9,1,18,2,2,2,0,5,4,4,9,1,4,5,17,11,13,3,8,2,1,1,0,6,0,18,22,5,2,19,24,4,1,1,5,0,1,2,5,9,10,18,26,4,8,0,2,3,0,37,0,3,0,7,1,3,3,5,0,5,5,36,4,12,3,5,10,0,0,8,7,2,0,0,39,18,53,5,17,16,7,5,0,11,6,16,2,2,3,19,4,9,7,25,6,5,7,3,9,1,3,3,38,1,4,5,23,1,11,9,0,15,0,3,3,8,2,20,10,5,3,1,7,3,18,13,9,12,1,9,0,1,4,3,3,3,1,3,12,3,1,1,1,4,16,12,4,13,5,5,6,2,24,4,4,41,1055,14,0,5,15,3,7,10,2,2,7,18,8,4,2,10,9,1,8,3,4,9,13,6,0,7,8,2,7,2,5,7,3,4,4,2,2,3,1,2,0,11,3,7,1,4,1,10,0
"ENSG00000265717.1",0,0,0,0,0,0,0,1,0,0,0,5,0,50,3,1,0,1,0,0,0,0,2,1,17,0,0,9,0,32,5,1,10,1,1,0,9,0,0,0,0,0,6,0,0,0,0,0,0,0,0,21,0,15,0,0,0,0,8,0,0,4,0,9,1,0,1,1,0,0,20,0,1,0,0,0,0,0,4,29,10,9,0,0,21,0,0,0,0,0,0,2,0,0,0,0,0,21,0,0,0,1,0,0,1,0,0,1,78,0,0,1,4,1,0,1,2,0,0,7,4,20,9,0,0,0,0,5,0,10,2,0,3,0,0,0,0,1,0,7,0,0,3,0,0,0,0,0,0,0,0,0,0,17,5,0,0,0,6,23,3,0,0,0,0,6,5,1,0,6,4,0,0,50,0,1,0,13,0,0,0,0,0,0,11,0,2,0,1,13,0,12,0,21,1,0,0,0,0,2,1,0,0,24,0,0,0,0,1,9,0,0,0,3,2,0,0,0,11,7,0,6,0,0,0,0,1,20,0,0,0,10,0,0,0,4,0,0,0,0,0,0,0,0,0,0,0,0,0,0,0,0,0,0,0,0,0,0,5,1,25,23,0,3,0,0,0,0,48,0,0,0,8,0,0,0,0,0,0,1,19,2,11,0,0,0,0,0,0,0,3,0,3,7,0,8,46,0,1,0,0,0,1,0,2,0,0,0,4,10,5,0,2,0,0,1,12,0,0,2,0,1,0,0,0,0,1,0,0,0,10,0,3,0,9,0,0,0,0,0,0,0,1,0,25,13,3,0,2,0,0,0,0,20,0,0,0,0,0,0,1,0,0,0,0,0,1,0,0,0,0,1,0,0,37,0,3,0,0,14,3,6,19,0,0,0,0,9,2,0,0,0,0,1,1,2,15,1,1,0,0,0,0,0,0,0,1,1,1,0,1,0,0,0,0,0,12,0,0,0,0,6,0,0
"ENSG00000265728.1",3,0,0,0,1,0,0,1,1,0,1,0,0,2,24,0,0,1,0,0,0,0,0,1,0,1,0,0,0,0,4,1,2,0,1,0,2,0,0,0,0,3,1,5,0,1,0,0,0,2,0,3,1,1,4,0,0,0,0,0,3,6,0,8,0,0,0,1,2,0,1,2,0,0,0,0,2,0,0,4,2,3,53,0,0,28,0,0,2,0,1,0,0,0,0,0,0,1,2,0,0,1,0,0,0,1,0,0,39,0,1,1,5,3,2,0,1,0,8,2,2,6,4,0,1,0,0,0,2,1,1,0,15,0,1,0,0,0,16,0,1,0,2,0,1,433,25,1,0,2,0,1,1,2,0,0,2,1,1,5,0,0,1,0,3,2,16,0,1,0,0,1,0,8,0,0,0,1,0,0,0,2,0,0,0,1,1,0,5,56,0,7,0,3,61,0,2,2,0,5,0,0,2,9,0,21,2,0,0,0,0,1,0,2,15,9,1,0,1,4,0,0,0,1,2,0,0,0,0,0,3,0,1,6,0,1,0,0,0,0,1,0,0,1,2,2,0,0,4,0,0,1,1,1,0,0,0,0,1,1,27,10,0,3,0,0,0,0,0,0,0,0,0,0,1,0,0,0,0,0,0,2,1,0,0,0,1,0,2,0,1,0,0,0,0,1,3,0,1,3,0,2,6,0,0,1,0,0,0,1,0,0,0,0,6,1,0,4,1,4,0,14,0,4,0,0,1,0,0,0,6,0,0,1,4,0,1,17,0,2,1,0,1,3,0,0,0,0,15,0,0,4,0,1,1,1,1,6,3,2,1,0,2,12,0,0,0,0,0,0,1,1,0,0,0,0,1,4,0,0,29,0,0,0,1,1,2,1,0,1,3,0,0,0,0,0,8,1,5,0,0,0,0,0,0,1,5,1,0,0,0,0,2,0,0,0,0,7,4,3,0,0,2,0
"ENSG00000265750.1",0,1,5,12,26,13,1,2,0,3,0,5,18,87,2,2,0,13,0,6,8,0,2,2,8,0,32,2,12,5,21,4,147,1,10,0,56,4,2,1,0,6,2,0,5,1,14,7,0,1,7,7,8,3,2,11,2,5,2,1,0,3,70,0,0,1,0,3,7,1,16,15,0,2,0,0,15,2,0,0,144,7,10,30,2,0,0,54,4,0,40,13,5,0,0,0,2,2,3,3,27,0,4,0,21,2,7,0,12,7,5,0,3,3,0,1,18,1,58,187,0,9,1,53,11,1,0,4,1,14,3,1,14,6,142,2,4,1,7,1,0,49,2,1,24,4,2,26,1,1,4,1,4,9,5,61,1,10,2,4,2,4,4,2,10,1,6,11,1,0,0,2,96,4,9,1,15,63,7,21,1,1,1,3,2,9,3,0,9,0,4,3,0,106,2,23,1,32,3,55,1,1,21,3,0,4,2,1,0,2,13,30,1,3,3,0,3,3,32,105,1,3,0,2,1,1,20,160,0,2,8,10,1,61,0,1,0,1,0,6,1,7,0,0,9,2,0,9,15,10,1,0,1,0,0,7,3,1,77,1,3,0,8,8,1,6,13,1,3,1,42,1,80,0,43,5,2,0,3,1,1,0,2,1,0,8,1,2,5,2,1,0,6,6,10,24,6,13,8,3,1,0,16,1,7,2,0,6,9,2,2,36,21,21,36,0,0,9,4,70,10,6,0,31,3,6,1,0,0,1,154,2,13,6,14,4,1,94,1,21,1,0,3,12,3,0,1,0,8,0,0,13,2,0,1,1,8,11,23,10,4,1,254,30,17,2,6,26,1,6,0,52,2,54,5,0,1,1,0,1,2,2,2,4,0,2,12,0,3,23,4,1,1,6,11,2,3,1,6,4,1,10,0,82,3,3,88,1,0,2,16,0,2,1,5,1,4,10,16,1,2,1,85,2
"ENSG00000265933.5",4,0,0,0,0,0,0,0,0,0,0,0,3,309,18,0,0,2,1,0,64,0,20,13,3,0,6,8,0,17,0,0,89,1,80,0,62,0,0,0,0,0,0,0,0,0,0,10,0,0,3,81,0,225,1,1,0,0,3,0,0,71,0,2,0,0,0,0,72,0,99,0,1,1,0,0,101,1,3,101,182,66,0,0,2,1,0,52,3,3,0,0,2,8,0,0,0,6,0,0,0,0,0,0,0,0,0,0,450,1,149,0,1,22,0,21,0,0,733,96,0,1,0,1,1,0,3,4,1,14,0,0,170,0,1,0,0,0,2,5,0,0,0,0,0,123,4,0,21,0,4,0,1,6,1,0,0,2,2,17,5,0,0,0,2,66,44,2,0,15,0,0,0,61,0,0,18,171,114,18,0,10,1,14,1,1,1,0,4,15,0,51,0,610,37,0,0,0,0,0,0,1,103,181,0,46,0,0,7,0,0,116,347,76,0,0,1,0,22,22,1,31,1,1,0,0,1,19,0,0,0,1,8,0,0,9,2,0,0,5,0,6,2,126,10,29,0,4,2,0,0,0,0,0,0,0,0,1,0,161,62,32,1,26,1,5,0,0,281,0,16,0,9,0,0,0,18,2,0,145,26,87,0,0,0,0,0,0,0,1,2,0,0,24,5,90,17,2,0,0,0,0,21,0,216,0,1,0,16,4,0,1,18,0,0,0,107,1,0,14,0,0,0,4,5,0,0,0,6,0,132,0,1,0,5,1,0,8,0,0,0,0,1,3,3,44,0,0,64,0,34,0,0,8,0,2,0,0,0,0,33,0,0,1,0,0,0,0,0,2,1,2,54,5,250,0,11,0,1,1,0,7,56,1,1,0,0,2,38,0,9,0,0,0,0,0,37,12,0,0,0,0,0,0,1,1,1,7,1,0,0,0,0,0,1,0,161,0,0,0,0,1,1,0
"ENSG00000266261.1",1,0,8,8,1,0,4,0,0,1,0,0,0,2,4,1,2,1,1,0,1,0,0,0,1,0,1,0,1,2,1,0,9,1,0,3,10,0,0,0,2,2,2,1,0,12,1,4,0,1,1,1,1,0,1,44,1,1,2,0,0,1,1,1,1,0,0,1,1,0,2,2,1,3,1,0,7,2,1,2,3,2,3,1,1,0,2,2,2,1,0,1,1,11,1,0,0,1,0,0,2,0,3,1,0,1,1,0,11,2,0,0,2,0,0,0,0,3,0,8,3,5,1,3,9,0,0,0,0,0,0,0,9,2,1,2,0,1,1,0,0,4,1,0,0,4,6,3,2,1,0,1,0,0,0,1,3,0,0,0,1,0,2,2,1,0,4,1,0,4,0,3,8,4,0,1,2,4,0,1,0,0,0,0,0,0,0,0,0,1,1,12,2,17,0,1,0,56,0,0,1,0,1,3,0,11,1,1,5,0,5,0,2,0,4,1,3,2,1,14,0,0,0,0,1,0,3,28,5,0,4,1,0,4,1,3,1,2,1,0,0,1,0,0,0,0,1,0,0,0,0,3,0,0,0,1,0,4,1,5,3,0,4,1,0,1,1,0,1,0,11,1,17,0,0,2,5,0,0,2,0,4,2,0,0,1,1,0,2,3,0,0,1,0,0,0,0,0,0,2,0,4,3,2,9,0,0,2,5,2,2,1,0,0,2,1,8,0,1,6,0,10,0,5,8,0,1,2,9,0,13,0,2,0,3,0,0,2,1,1,0,7,13,7,0,1,0,5,1,0,0,0,0,2,0,0,1,5,0,1,0,0,3,4,3,1,4,6,1,11,0,1,1,2,2,0,0,0,0,1,0,0,0,0,0,62,0,2,6,0,0,0,0,2,2,4,3,6,2,0,1,0,0,7,0,0,5,2,0,0,6,0,1,2,1,2,0,0,1,0,0,0,7,0
"ENSG00000266401.2",0,0,1,0,0,0,15,0,0,1,0,10,1,76,38,0,0,1,16,0,0,0,0,1,0,0,0,0,0,0,0,3,2,0,1,0,203,0,1,1,0,1,0,0,1,0,1,2,0,0,0,3,0,19,0,0,0,0,0,0,0,2,1,0,0,0,0,6,2,1,0,1,0,0,0,0,0,0,12,10,9,0,4,2,0,0,0,3,0,0,2,3,0,12,4,0,0,1,2,0,1,0,0,0,0,1,0,0,7,0,0,0,2,1,0,0,0,0,20,363,7,10,0,12,19,0,0,0,1,4,0,0,200,3,9,0,1,0,2,0,0,0,10,0,0,19,1,0,3,0,0,0,0,0,1,6,0,0,4,1,1,3,1,0,0,0,4,0,0,1,0,1,28,3,3,0,0,78,16,27,0,0,0,4,1,0,0,0,2,0,0,3,0,8,0,0,0,126,0,2,0,0,1,1,0,8,3,0,2,0,0,0,29,0,1,0,5,3,6,39,0,0,0,0,0,0,0,6,0,9,0,0,14,3,1,18,0,5,8,2,0,0,0,0,0,345,14,0,5,14,0,1,0,0,0,0,0,0,14,2,0,2,6,1,1,0,4,0,1,0,20,0,37,0,1,0,10,0,0,2,0,60,0,0,1,16,0,0,0,1,2,1,0,4,4,305,0,0,0,1,0,0,0,0,22,0,0,0,4,17,0,0,2,1,2,0,180,0,1,7,0,0,0,0,3,0,0,0,1,0,46,0,2,0,19,0,10,19,0,0,0,18,2,3,0,0,0,0,16,0,0,0,0,1,0,0,0,0,0,0,2,0,25,1,0,0,1,16,1,1,0,2,0,13,0,0,0,0,0,0,0,0,0,0,0,69,0,1,2,0,2,1,0,0,0,0,93,1,0,0,0,0,0,0,2,0,42,67,0,0,0,0,0,0,0,0,0,12,1,0,1,0,109,0
"ENSG00000266402.3",31,2,17,14,23,22,64,21,22,48,26,23,29,28,96,10,30,34,7,57,10,5,50,7,55,5,75,12,30,28,84,9,13,26,11,15,12,4,68,35,15,34,44,13,5,133,23,10,21,22,18,8,8,84,8,62,9,63,14,39,22,29,103,22,11,55,9,28,28,34,88,10,15,4,96,6,111,79,32,34,31,49,114,84,7,30,18,12,30,74,41,39,21,1025,31,3,68,16,67,10,14,14,55,6,9,63,28,1,68,62,8,4,12,11,10,29,97,37,143,43,8,24,12,75,35,14,10,150,34,27,8,8,27,36,21,5,41,9,64,4,3,54,17,11,20,25,104,145,46,32,13,26,28,35,8,13,36,32,27,24,75,90,23,23,142,35,61,243,28,19,25,34,7,11,15,12,28,533,2,24,2,104,15,47,32,14,5,10,61,17,27,19,46,19,2,31,15,46,17,47,21,30,60,24,6,264,13,17,208,29,15,45,51,39,33,11,18,21,16,20,6,22,1199,35,3,2,27,13,31,15,332,48,12,22,91,55,7,18,6,39,14,10,40,15,85,320,61,33,39,17,11,33,8,43,4,24,8,129,54,60,25,21,20,107,6,32,43,11,72,4,8,8,80,0,39,38,90,3,17,21,25,262,15,12,41,27,2,39,274,66,10,5,48,183,31,58,37,10,65,24,14,87,128,15,482,9,10,47,44,25,24,70,46,20,16,11,24,21,34,14,18,25,11,88,24,147,9,16,39,8,8,20,9,22,41,24,18,37,5,65,6,26,12,86,25,19,19,407,65,6,7,60,11,36,8,7,37,95,7,84,14,22,37,189,28,29,187,21,24,11,47,43,22,13,158,92,5,20,18,8,92,25,31,41,11,46,44,15,44,12,152,11,2,25,102,17,12,272,20,6,30,25,47,9,12,11,17,23,33,9,6,57,12,5,13,19,22,44,50,6,10,22,8,26
"ENSG00000266456.1",9,0,0,1,4,5,0,0,1,7,5,7,8,6,1,1,7,2,16,3,3,0,0,0,19,6,1,6,1,2,15,1,3,5,0,1,1,1,1,9,0,2,17,3,1,0,2,3,0,1,0,7,0,13,0,6,1,0,2,4,2,14,0,2,0,3,1,3,4,5,4,0,0,0,0,2,17,2,4,2,5,4,1,0,9,4,0,1,1,0,11,3,6,0,2,0,5,10,18,0,4,2,1,1,0,9,1,0,12,8,7,0,0,2,6,0,64,2,4,17,1,7,1,9,5,0,1,11,8,4,0,0,14,1,8,0,1,1,3,1,0,22,3,0,5,5,2,12,5,4,0,0,4,3,1,1,2,3,2,17,5,1,2,3,0,4,10,2,8,8,1,5,4,25,0,0,1,0,14,3,1,2,4,59,4,1,9,1,0,2,1,0,8,5,3,8,1,11,0,20,1,4,17,43,0,4,2,11,0,3,4,1,1,3,19,7,0,0,0,9,0,0,0,0,3,0,4,15,0,6,16,4,0,5,0,6,0,1,2,1,0,1,1,1,20,10,0,0,5,17,1,0,0,5,0,5,0,0,1,8,8,2,8,6,2,9,0,0,10,1,0,0,2,0,1,3,1,0,6,0,27,1,2,0,3,2,0,0,1,0,3,0,3,0,5,6,14,1,4,10,19,0,3,0,0,0,2,8,1,4,4,14,5,4,2,10,2,6,0,0,12,13,0,9,2,25,0,3,0,0,1,0,0,23,3,0,3,1,7,0,0,0,4,11,5,3,0,2,0,1,0,4,3,24,5,0,4,19,3,1,1,0,6,19,11,2,0,2,0,0,2,14,0,0,5,0,8,0,0,33,2,2,0,2,0,0,2,0,1,3,0,5,0,9,4,2,2,8,1,0,4,3,4,1,2,1,3,5,0,1,4,2,4,0,3,2,2,3,3,0,2,2,3,0
"ENSG00000266524.3",7,0,0,4,20,119,0,0,0,9,0,1,10,4,0,11,2,3,0,2,106,0,42,9,0,0,0,2,24,3,2,39,58,9,10,1,1,2,0,1,0,11,1,0,9,2,3,15,5,1,5,14,8,13,0,0,5,1,0,0,0,16,0,3,0,0,0,0,0,49,2,15,1,3,2,10,14,1,9,10,766,17,1,228,1,109,1,4,21,0,141,1,1,0,2,2,0,0,703,5,1,5,16,0,24,971,0,3,859,11,24,7,64,7,298,0,9,0,0,954,0,0,0,0,12,1,1,0,0,10,4,11,2,3,119,6,0,5,10,0,3,6,13,11,55,12,1,2,37,15,4,1,0,0,10,0,1,20,0,5,74,38,50,15,5,137,106,35,0,6,0,0,1,7,3,1,1,0,45,0,0,245,1,1,0,0,73,1,0,1,1,0,821,2,1,0,16,1,0,0,0,2,22,164,6,2,6,156,6,0,93,6,1,0,31,27,0,0,13,11,2,0,5,0,12,3,0,857,1,5,9,1,13,6,0,116,6,0,0,4,79,4,0,43,5,58,0,53,7,0,1,1,0,1,6,0,5,42,0,4,18,1,1,51,6,23,32,2,3,1,3,2,499,4,12,995,236,3,4,3,0,98,1,2,0,23,1,4,3,5,35,0,1,0,118,134,18,0,0,12,23,38,7,8,39,2,1,1,10,6,1,285,0,3,23,2,6,219,256,0,18,1,10,521,5,0,8,0,162,3,200,1,4,389,6,9,0,9,0,1,5,1,2,4,143,2,0,17,112,4,5,83,1,213,0,11,7,1,49,0,0,0,130,2,4,2,0,925,0,1,0,3,0,250,7,0,0,1,0,0,0,45,0,5,2,0,1,0,5,0,16,0,1,225,0,1,224,1378,49,2,14,0,109,0,1,2,0,1,2,37,12,1,0,0,1,1,7,2,36,12,2,0,1,5
"ENSG00000266602.2",1,0,0,72,0,220,14,3,0,0,0,0,0,723,33,5,44,47,1,0,1,2,125,0,109,3,1,65,14,1,33,106,11,35,276,0,8,0,0,0,0,0,56,0,13,62,0,100,7,0,40,188,1,11,0,4,2,204,322,31,73,129,0,79,3,70,23,0,57,18,131,0,137,1,0,0,244,36,114,5,400,261,2,330,19,87,6,86,0,0,1,41,0,60,1,2,0,0,242,55,0,0,292,0,68,105,91,7,252,291,6,48,0,76,20,2,157,5,552,138,5,3,1,3,1,46,21,152,0,153,14,3,307,0,214,18,0,21,10,5,2,28,0,3,5,232,407,4,45,0,8,11,244,56,57,0,1,583,3,9,96,2,10,99,0,135,248,8,0,147,290,17,0,215,0,20,0,125,1,18,5,71,148,119,132,25,2,111,76,82,0,7,142,392,159,72,0,0,0,6,11,3,663,445,0,580,0,0,6,0,25,150,169,207,6,2,0,0,63,0,2,23,83,28,1,4,78,459,45,0,95,77,40,0,0,58,0,0,136,222,34,5,0,98,182,89,68,0,155,0,0,0,4,2,1,1,42,16,56,136,175,14,151,104,11,20,303,4,370,3,220,0,257,3,1,1,218,0,0,60,194,3,0,6,10,68,6,72,48,45,5,1,0,0,1,289,4,0,25,0,1,39,397,4,350,0,0,32,6,91,1,3,33,72,9,61,87,7,0,1,32,5,1,9,158,1,5,37,87,2,19,5,1,5,0,15,83,0,0,0,0,4,211,0,118,173,54,11,67,5,2,25,9,330,0,6,23,0,6,210,141,106,2,136,1,4,55,271,135,3,4,2,165,19,454,2,305,8,2,238,105,114,110,0,0,3,37,0,2,59,1,0,0,1,1,24,106,6,1,0,1,1,23,0,2,1,78,203,6,0,97,1,4,0,211,1,79,6,22,9,0,2,0,0
"ENSG00000266743.1",0,0,0,0,0,0,0,0,0,0,0,0,0,23,0,0,0,0,0,0,0,0,0,0,3,0,0,5,0,28,8,0,2,0,2,0,1,0,0,0,0,0,1,0,0,0,0,0,0,0,0,1,2,14,0,0,0,0,17,0,0,3,0,1,0,0,1,0,0,0,24,0,0,0,0,0,0,0,0,14,10,11,0,0,12,0,0,1,0,0,0,0,1,0,0,0,1,26,0,0,0,0,0,0,0,0,0,0,93,0,0,0,0,0,0,1,0,1,0,0,0,11,4,0,0,0,0,6,0,8,0,0,0,0,0,0,2,0,3,0,0,1,4,0,0,0,0,0,0,0,0,0,0,18,1,0,0,0,2,24,3,0,0,0,0,3,1,5,0,2,1,1,0,4,0,0,0,0,0,0,0,0,0,0,1,0,1,0,0,8,1,19,0,4,0,0,0,0,0,0,0,0,0,38,0,0,0,0,5,1,0,0,0,0,0,0,0,0,5,5,0,5,0,0,0,0,0,2,0,0,0,4,0,0,0,0,0,0,0,0,0,0,0,0,0,0,0,0,1,0,0,0,0,0,0,0,0,0,5,1,25,3,0,0,0,0,0,1,14,0,0,0,1,0,0,0,0,0,0,0,8,0,13,0,0,0,0,0,0,0,0,0,0,0,0,3,10,0,2,0,0,0,1,0,1,0,0,0,1,17,3,0,0,0,0,0,14,0,0,0,1,0,0,0,0,0,0,0,0,0,0,0,0,0,1,0,0,0,0,0,0,0,0,0,14,5,4,0,0,0,0,0,0,4,0,0,0,0,0,0,0,0,0,0,0,0,0,0,0,0,0,0,0,0,49,1,1,0,0,3,6,0,5,2,0,0,0,5,0,0,0,1,0,0,0,0,21,1,1,0,0,0,0,0,0,0,0,0,0,1,1,0,0,0,0,0,3,1,0,0,0,1,0,0
"ENSG00000266830.1",3,0,0,0,135,171,0,0,0,0,0,0,0,0,0,0,0,0,0,25,68,0,0,0,0,0,0,0,0,0,5,0,0,0,6,0,0,0,0,0,0,0,0,0,0,3,0,0,0,0,0,2,0,0,0,4,0,0,29,0,0,56,0,0,0,269,0,1,0,0,83,0,0,0,1,0,950,0,0,1,0,2,0,0,26,6,0,0,0,1,617,0,0,0,0,0,0,0,0,0,2,0,376,0,0,0,21,0,356,0,83,0,0,0,0,0,10,1,2,0,0,2,0,2,1,0,1,0,1,0,0,0,4,0,387,1,0,0,2,0,0,0,0,2,6,19,0,159,380,0,0,2,2,0,1,0,0,0,0,0,0,73,2,141,48,1,0,11,14,1,0,2,0,11,0,0,2,2,0,0,0,33,1,1,0,0,0,0,0,0,6,0,0,0,1,2,0,0,0,193,0,1,687,4,0,1,0,0,0,3,2,40,3,0,0,0,0,0,0,0,0,0,3,0,0,1,0,0,1,0,3,0,0,0,0,0,0,0,0,0,0,0,0,0,3,0,0,21,0,0,0,0,0,1,0,6,0,0,0,0,0,0,5,1,0,4,0,0,1,0,0,0,56,0,0,9,9,0,0,1,1,0,0,0,0,0,0,0,0,10,4,0,0,9,0,3,2,0,1,0,7,0,23,1,90,0,0,0,0,0,0,4,0,22,0,0,0,7,0,5,5,0,0,130,0,914,0,0,0,1,0,0,4,10,0,4,0,0,0,0,0,0,0,20,0,0,0,0,28,1,0,0,0,4,0,0,3,0,42,12,0,0,0,26,33,0,0,319,0,0,0,0,1,0,1,1,0,0,1,0,0,1,1,0,0,0,1,0,0,10,243,0,0,19,1,0,0,0,0,0,2,3,0,0,1,0,0,0,0,0,0,0,2,0,0,1,1,0,0,0,0,0,1,0
"ENSG00000266835.6",5,2,22,29,9,10,2,2,34,10,9,24,8,43,29,4,1,18,6,1,7,4,12,3,0,15,4,9,7,9,0,28,8,3,3,124,140,2,14,5,5,14,7,105,3,511,44,46,10,5,36,24,7,43,6,2,32,3,4,5,449,19,39,4,13,2,14,65,8,68,9,18,20,4,8,1,4,178,114,6,13,6,189,98,4,806,23,9,203,9,6,4,0,17,754,2,47,2,17,5,29,4,49,5,17,397,20,9,11,3,4,3,43,21,6,2,10,0,13,44,9,5,3,29,7,8,3,7,24,7,37,3,16,11,18,3,16,4,6,5,1,22,16,4,10,81,1,5,4,5,4,3,3,5,4,39,27,7,26,20,2,74,5,9,3,9,12,6,14,11,1,6,67,5,87,6,31,1025,44,8,6,399,28,21,3,6,7,8,0,4,335,312,111,14,7,25,7,13,105,73,0,7,43,3,5,5,0,4,14,37,57,1,6,3,2,8,96,1,12,35,2,6,2,21,2,1,42,6,9,23,146,3,35,4,15,39,1,109,4,28,784,20,71,351,15,11,24,28,38,5,4,0,3,4,5,53,0,13,11,11,7,4,25,6,9,17,8,8,0,2,12,2,7,6,11,6,11,0,20,8,3,4,19,7,26,5,0,36,7,4,11,45,6,25,122,8,21,53,6,4,13,82,23,7,13,12,2,127,22,2,7,8,12,114,11,18,4,5,67,39,10,12,5,6,41,33,5,47,12,0,21,9,15,2,48,1,3,14,2,94,1,34,8,1,8,9,70,548,6,9,5,11,32,12,6,1,4,8,2,2,11,25,60,3,10,1,30,4,64,57,6,29,88,4,14,2,5,1,3,18,3,1,1,75,5,7,11,9,2,8,6,13,0,11,20,4,551,17,9,1,22,10,875,7,25,12,166,1,20,106,17,192,2,6,13,1,6,12,2,28,1,3,20,21
"ENSG00000266869.2",0,0,0,1,2,0,0,1,0,0,0,0,0,14,53,0,0,3,0,0,0,0,4,2,1,2,0,0,1,143,0,12,4,1,0,0,8,0,0,0,0,0,0,0,0,0,0,0,0,0,0,4,1,1,0,0,0,0,0,0,1,46,0,0,0,0,0,0,0,0,2,0,0,0,0,0,23,0,1,1,4,0,2,0,5,0,0,1,1,0,0,4,0,0,0,0,0,6,5,0,0,1,0,0,0,0,0,0,35,0,0,0,0,52,0,0,0,0,0,0,0,46,1,0,0,0,0,0,0,0,0,0,3,0,0,0,0,0,0,0,0,0,60,0,1,15,2,0,2,0,0,0,0,9,1,0,0,1,0,5,0,0,0,0,0,0,13,1,0,0,0,4,0,2,0,0,0,25,0,0,0,4,0,0,12,0,0,0,0,26,0,1,0,54,4,0,0,0,0,1,0,0,0,45,0,5,0,0,0,0,0,5,17,2,3,0,0,0,0,0,0,0,0,0,0,0,0,1,0,0,0,0,0,0,0,0,0,0,0,1,1,0,0,0,0,2,2,0,0,0,2,0,0,0,0,0,0,0,0,3,0,0,0,1,0,0,1,0,14,0,1,0,2,0,0,0,55,0,0,12,34,0,9,0,0,0,0,0,3,0,0,0,0,0,0,45,7,0,0,0,0,0,39,0,5,0,0,0,3,0,0,0,0,0,0,1,3,0,0,0,0,0,0,0,0,0,0,0,0,0,10,0,0,1,0,0,0,1,0,0,0,0,0,0,6,0,0,0,22,0,1,4,0,7,0,0,0,1,0,0,0,0,0,0,0,0,0,0,0,0,0,0,0,2,56,0,0,0,0,79,2,1,0,0,0,0,0,36,1,0,2,1,0,0,0,0,3,47,0,0,0,0,0,0,8,0,1,1,0,0,1,0,0,1,0,0,3,21,0,0,0,0,0,0
"ENSG00000266976.3",2,2,0,622,96,28,46,6,7,0,0,0,1,4433,231,17,10993,77,25,2,0,8,41,152,7,74,2,61,1,13,2,867,2117,18,55,0,56,6575,0,0,10,3,9,0,9,150,42,1880,0,0,2,5152,63,38,0,2498,1,0,5,1,0,117,0,2,10,0,79,3,5,1213,8,2315,2860,2,0,1,13156,5,8,181,68,1650,12,14,18,794,277,2,3,3,0,61,1,47,1,1,0,39,5,25,0,0,26,0,1,0,74,29,682,7211,1,20,1,29,202,0,1143,17,1,602,0,456,0,0,2448,4,23,12,0,215,352,0,8243,1137,572,5,0,21,1,13,5,1456,98,1,3,4556,8279,0,1,15,4,28,6,1,147,4,12986,380,6,9,2062,0,2628,8,6362,48,8962,3,1,132,1,621,78,8262,6,7,784,25,14,35,0,9,35,1435,7,954,21,24,13321,2,4,77,9661,145,1003,2,0,20,0,379,0,235,2,21360,19,36,1,2908,307,9,1226,5,27679,2494,359,278,0,4,4229,196,1,14,6,1978,0,0,0,22871,1348,138,428,49,3205,0,4,2820,0,0,2,23,0,1484,0,4,10,1,0,0,1,2,2,0,1,40236,1,2,11,0,5,5891,61,151,93,11,0,6,9,0,750,2,1703,4,1,7,20,4,3243,0,1,101,415,2068,45,5,0,0,2,41,103,35,67,300,0,4,0,493,39,1,0,1,15,0,2,0,247,60,607,135,9,16,0,13,0,240,35,590,1547,5476,0,886,8,12,1,10,333,0,2,0,4668,7,0,1237,353,27,0,30,1,79,4,0,9,11,5550,1,134,39,0,115,332,0,2,30,5,1630,0,5,56,0,10,730,23,67,26,10680,310,13,3967,1,0,46,406,379,10,49,665,100,1024,6,1,45,43,83,513,1455,44,71,0,700,109,58,6,4,83,0,2,5,54,148,3,3,6,1,0,0,3709,0,174,10124,63,20,144,1,53,140,2065,0,2112,0,6611,22,0,0,1,0
"ENSG00000266998.1",0,1,0,0,0,1,2,6,1,1,0,0,0,0,2,2,0,10,17,3,4,0,3,0,34,8,1,12,3,0,1,0,0,0,1,0,3,0,0,1,1,1,2,14,1,1,1,0,1,0,1,0,2,3,1,5,6,0,7,3,63,0,50,10,0,2,3,30,0,15,2,3,1,1,1,0,0,1,6,1,18,15,0,0,3,3,1,13,4,2,1,3,0,0,31,0,45,130,0,0,2,7,1,1,0,1,0,0,2,2,0,3,2,1,1,0,2,66,0,14,38,3,0,1,2,3,0,29,11,1,1,2,3,0,2,0,39,2,0,0,0,1,0,0,1,3,1,0,0,1,4,1,7,28,6,0,0,1,4,22,6,0,8,2,0,6,0,1,6,0,2,0,2,3,0,0,2,8,1,5,1,31,1,7,42,1,31,0,1,19,8,0,3,2,0,0,1,0,0,3,6,35,1,16,0,1,2,6,10,55,2,2,0,0,0,0,15,1,15,2,8,0,1,0,1,2,74,1,0,2,1,28,0,29,9,20,0,24,2,2,8,2,84,0,1,0,1,2,3,4,1,0,2,0,1,18,1,0,13,6,4,13,1,0,0,0,1,1,23,1,1,0,0,1,12,1,2,0,11,5,13,1,2,0,12,0,0,0,0,0,0,0,0,0,3,0,0,78,17,0,1,3,15,1,2,1,0,3,0,5,0,2,2,3,1,1,1,2,9,0,0,1,2,0,2,6,3,51,0,1,50,0,0,1,76,1,30,3,0,1,1,1,0,0,1,1,18,3,1,1,0,0,25,0,0,1,2,3,0,1,14,2,2,1,3,24,0,0,29,1,62,16,0,5,58,1,9,0,0,9,4,6,11,0,0,4,0,0,4,1,0,6,0,0,0,0,10,2,12,0,0,12,3,0,0,1,0,2,0,2,0,1,1,0,24,2,9,1,5,0,1,2,20,1
"ENSG00000267013.6",5,0,4,1,1,5,1,7,2,12,3,9,1,314,57,0,1,2,2,0,2,0,2,1,2,0,0,0,0,14,0,2,1,157,0,3,9,1,1,3,0,14,3,6,0,0,0,1,2,23,0,10,2,0,4,2,68,24,4,1,4,138,0,4,2,7,3,7,2,0,951,3,1,0,3,0,2,1,1,112,3,60,2,0,2,2,0,1,33,0,0,7,0,174,1,0,9,6,13,15,7,3,7,2,0,2,10,0,398,1,0,2,1,1,0,83,1,1,2,11,1,7,267,1,1,0,1,0,1,133,10,3,20,3,3,1,1,1,6,2,0,4,11,2,1,6,2,3,17,6,0,1,2,1,2,1,4,1,1,1,2,0,5,1,0,4,3,3,5,2,4,3,9,7,0,8,1,6,1,1,0,1,201,0,4,7,20,7,1,5,0,149,4,2,56,1,0,68,2,1,1,1,3,1,0,4,57,0,3,4,3,1,4,1,3,1,0,0,0,5,0,5,0,0,3,0,4,1,1,3,1,0,0,0,14,0,0,7,0,0,3,0,6,0,849,1,0,0,8,2,1,1,0,11,1,1,0,0,3,4,1,3,80,4,1,1,1,1,2,8,0,2,3,4,0,0,5,0,0,3,3,1,1,0,1,11,1,1,2,2,1,2,1,0,0,11,2,5,22,13,0,1,16,0,4,2,1,1,2,5,1,0,2,1,6,14,3,1,4,1,8,3,1,66,282,2,2,2,0,5,1,2,2,6,0,0,2,4,0,3,0,0,2,6,2,0,1,0,299,0,0,4,1,5,4,0,3,17,9,0,3,6,1,3,58,0,0,23,3,1,2,1,6,1,3,1,2,5,2,9,0,4,9,0,1,1,2,1,1,14,3,0,0,1,0,0,85,3,1,0,1,1,1,2,2,1,24,4,3,5,3,1,4,1,6,0,555,8,1,2,0,2,10,5
"ENSG00000267014.6",0,0,69,41,3,2,2,0,0,0,5,3,4,36,5,1,10,2,33,2,4,0,0,4,0,5,0,17,5,0,3,219,64,0,4,0,49,1,35,35,0,0,5,14,1,11,1,12,0,0,0,3,0,31,0,58,33,0,4,0,0,0,13,0,0,0,0,0,3,8,0,97,67,3,0,0,14,15,2,5,28,23,0,11,0,13,19,2,0,11,17,21,11,0,9,0,8,3,0,30,0,1,32,0,4,1,2,0,9,162,7,0,0,26,3,0,9,1,0,739,0,10,0,4,49,0,1,0,3,63,1,1,88,15,53,0,5,1,0,0,0,1,7,0,5,19,128,0,11,0,0,0,0,0,0,40,8,8,102,46,1,39,42,0,3,1,20,7,0,2,0,3,30,61,105,1,13,52,1,82,0,3,8,16,0,1,0,0,11,0,0,0,2,81,12,0,0,180,0,25,0,1,9,53,0,52,0,44,94,2,6,1,301,5,18,0,9,5,23,51,0,1,0,5,0,0,0,152,9,24,6,1,0,2,10,241,0,2,5,0,1,26,3,0,37,7,4,0,8,1,0,6,0,18,0,14,0,0,14,36,0,6,48,2,2,35,31,0,37,0,78,0,20,0,6,0,2,0,5,3,12,45,2,0,0,5,0,39,2,7,1,8,8,76,20,0,11,6,0,0,23,0,0,0,66,3,4,28,3,1,0,2,0,59,28,1,219,1,2,113,0,1,0,13,47,20,1,0,34,0,1,12,13,2,38,0,21,47,81,7,0,15,17,1,1,4,0,5,89,0,0,0,0,86,0,0,7,5,9,73,1,5,12,1,3,0,93,70,0,32,8,27,1,59,3,0,17,0,0,51,0,11,1,15,1,3,1,11,30,0,17,0,0,3,6,0,21,76,3,0,0,0,1,1,2,17,1,41,0,2,22,11,2,2,88,0,19,1,7,1,0,0,0,0
"ENSG00000267015.1",2,0,0,7,4,6,26,0,0,2,0,0,3,83,85,1,3,5,0,0,0,0,56,0,0,0,0,4,6,1,13,23,0,1,0,0,0,0,0,0,0,38,10,0,4,3,0,13,0,1,0,10,2,0,0,21,2,75,13,5,0,1,0,0,0,9,0,0,14,19,41,1,0,0,0,0,5,1,7,3,0,9,136,10,7,1,0,0,2,3,0,0,8,289,0,0,0,0,3,11,0,0,220,0,0,1,5,0,24,27,0,0,2,7,52,0,32,0,4,0,0,3,0,0,14,0,0,1,10,23,0,0,127,0,56,0,0,0,2,0,0,57,9,0,1,18,0,9,2,78,1,0,0,1,4,0,2,23,0,0,5,1,19,2,9,0,12,499,0,3,0,2,0,464,0,0,2,0,37,0,0,14,12,0,0,0,0,0,0,0,0,0,1,1,1,17,0,17,3,65,2,16,5,9,0,2,0,48,0,0,2,0,151,8,0,23,0,0,0,4,0,0,62,2,0,0,1,33,20,0,6,1,2,0,0,0,0,0,0,0,0,0,1,2,95,39,1,0,0,0,0,0,0,100,0,0,1,8,0,35,0,0,28,18,1,0,23,0,0,0,2,0,71,1,1,34,188,0,0,13,1,7,0,0,0,3,0,13,14,25,1,0,2,0,0,41,64,1,0,19,1,4,1,0,197,0,0,0,0,0,0,8,2,89,1,6,0,37,1,4,11,4,0,60,1,0,0,0,0,0,0,6,10,0,1,0,0,6,0,10,0,0,0,114,0,3,0,63,25,0,0,11,0,25,0,0,16,16,47,3,0,0,1,65,1,0,28,65,0,12,0,1,19,0,0,0,0,0,1,17,0,4,0,0,1,0,9,0,24,16,11,0,0,6,4,0,8,0,0,0,2,0,18,0,63,0,22,39,0,4,5,0,1,8,0,0,0,0,33,0,0,0,79,1
"ENSG00000267053.8",35,0,33,5,12,1,3,9,1,7,1,0,2,26,22,0,15,11,0,20,2,1,3,3,1,1,0,1,4,17,8,1,1,55,0,3,1,2,8,4,0,10,2,2,2,3,8,1,1,2,5,2,2,3,2,1,3,7,7,0,3,23,0,6,1,21,11,1,3,0,112,18,1,2,1,4,39,5,0,0,16,26,3,4,2,1,0,2,5,0,5,9,2,4,0,0,8,0,10,1,0,3,21,0,0,68,8,1,105,0,5,1,7,2,1,0,16,0,19,4,0,0,5,2,6,0,0,1,8,7,5,2,5,4,1,1,2,1,17,6,0,29,19,3,5,0,1,5,7,1,2,2,0,7,3,0,0,5,0,1,8,4,2,13,16,14,29,7,2,8,3,2,3,0,2,0,3,0,6,0,1,3,1,1,28,2,4,4,2,0,0,2,0,1,0,7,3,1,0,2,3,4,7,2,1,1,1,3,2,1,3,20,11,30,8,2,4,0,0,2,0,2,15,5,0,0,7,0,0,2,3,2,3,1,0,0,0,1,1,18,8,3,2,2,10,2,0,0,25,5,2,3,1,1,6,2,3,11,3,6,16,1,4,114,0,2,5,0,1,0,3,0,29,0,9,6,38,0,0,5,14,0,1,0,8,3,0,4,19,5,4,1,7,0,3,5,45,0,8,10,5,0,58,2,32,5,1,15,10,24,8,16,0,2,6,30,2,10,10,0,9,13,1,70,1,1,2,2,8,0,6,3,3,8,1,2,0,3,0,5,2,0,10,5,2,0,3,1,10,0,0,23,1,25,0,3,23,21,6,1,2,1,1,20,4,6,0,1,3,1,2,3,3,10,24,1,36,1,5,5,0,1,2,2,1,0,10,0,2,1,48,0,0,15,3,0,6,14,14,0,1,1,14,3,1,16,15,7,0,7,7,0,5,5,2,2,4,0,8,2,0,0,9,0
"ENSG00000267128.2",147,3,3,5,125,22,11,1,2,537,45,133,40,86,120,12,8,8,1,46,4,2,5,2,2,2,1,7,6,3,66,106,28,5,3,11,3,1,18,16,0,136,1,371,7,2,4,6,6,4,0,1,5,41,32,13,14,0,4,5,14,7,2,3,4,24,5,51,2,13,299,4,1,1,0,0,14,0,32,6,3,9,20,2,12,2,3,27,24,0,16,22,27,54,293,1,17,9,36,35,25,3,59,2,4,26,48,1,36,0,2,9,4,0,6,0,473,4,0,147,4,13,3,3,5,2,9,1,15,442,6,3,16,6,3,3,9,0,19,3,4,275,81,10,18,80,2,29,53,108,5,12,4,10,4,44,0,12,22,12,10,8,4,22,75,7,72,155,5,30,4,1,839,52,5,1,5,79,10,4,1,7,6,60,10,4,1,5,10,13,1,4,5,10,2,29,9,68,2,171,13,77,32,29,2,4,2,20,13,49,9,8,5,5,21,46,6,28,3,22,0,0,2,0,13,3,45,25,0,14,122,2,12,123,7,29,1,10,2,1,8,6,22,2,231,36,0,20,10,13,4,0,3,1,2,5,5,23,303,5,10,2,116,74,1,19,178,2,3,4,4,9,36,3,1,23,40,0,16,52,9,59,1,0,2,22,2,5,11,2,62,1,210,0,14,62,32,33,31,191,13,12,43,5,0,5,0,3,4,73,33,130,8,61,20,13,3,117,9,1,58,157,5,5,3,83,26,449,29,4,69,8,7,11,40,2,10,2,66,38,2,97,3,148,5,2,0,24,23,1,2,93,5,44,3,1,131,118,21,17,39,0,556,85,266,20,0,36,5,0,48,4,5,82,9,1,50,24,3,45,15,1,8,0,2,1,28,42,0,45,38,81,4,40,10,5,16,93,27,2,4,1,9,0,14,2,9,14,0,7,15,2,6,1,1,1,0,1,17,14,1,1,382,10
"ENSG00000267147.2",0,0,0,1,3,0,0,1,0,0,0,2,2,1,60,1,1,1,2,0,1,0,2,2,1,0,2,1,0,0,1,55,0,1,0,3,3,0,1,0,7,2,8,0,1,0,0,0,0,0,0,2,0,0,0,0,2,0,0,1,2,4,0,1,0,0,1,1,1,1,3,0,0,0,1,0,41,1,0,6,3,1,3,8,2,0,0,1,1,0,4,2,1,0,0,0,12,3,6,2,0,3,12,0,1,1,6,0,23,1,7,0,4,0,2,0,0,0,26,15,0,0,0,0,0,1,0,1,0,1,0,0,7,2,40,0,0,0,0,0,0,1,8,0,5,3,2,1,3,1,0,0,0,2,0,0,27,0,2,0,3,26,24,7,3,0,4,0,1,6,0,1,0,1,5,1,2,3,0,6,0,3,2,0,2,3,0,1,0,0,0,3,6,1,5,0,1,8,0,118,0,1,8,2,0,0,0,3,0,1,0,5,1,0,1,1,0,0,3,4,0,4,6,0,0,0,1,4,0,3,3,2,5,3,0,0,0,4,1,1,0,0,1,0,4,5,0,5,1,3,0,1,0,3,0,1,0,0,1,3,2,0,0,3,0,1,1,0,2,1,4,0,1,0,0,3,3,0,5,58,1,0,0,0,0,3,0,3,0,4,4,1,0,4,1,2,0,0,0,0,1,0,3,1,3,0,2,0,1,0,2,0,5,12,0,1,3,8,1,5,2,2,0,0,11,1,0,2,10,1,0,0,1,1,0,0,1,1,1,2,0,4,1,1,0,1,0,4,1,0,0,40,0,0,0,1,1,0,3,0,4,3,0,1,5,0,0,9,1,0,2,2,2,3,1,0,1,0,0,1,1,4,0,1,1,0,12,0,1,0,2,0,0,1,0,1,3,1,2,0,1,0,4,0,0,1,1,0,1,10,0,0,1,7,0,0,0,7,1,1,0,0,4,0
"ENSG00000267150.1",3,0,16,1,2,1,0,0,0,5,0,2,3,8,4,0,2,0,0,0,0,0,0,1,2,1,0,3,1,0,2,1,2,0,1,0,0,0,1,0,0,1,3,0,1,0,1,0,0,1,0,1,0,4,0,5,0,2,5,1,1,2,1,0,0,1,1,0,3,5,7,0,1,0,0,0,1,0,1,7,0,4,4,0,1,2,0,2,6,0,0,2,1,0,2,0,0,4,1,1,0,0,0,0,0,6,0,0,27,6,0,1,0,2,0,0,5,1,5,3,0,0,0,1,2,0,0,3,1,3,2,2,10,0,1,0,4,0,3,1,0,8,8,0,0,2,0,17,5,1,0,1,1,0,0,2,1,0,3,0,0,1,1,2,1,2,5,0,3,0,2,1,2,11,1,0,0,2,5,1,0,2,2,1,1,2,1,3,0,6,0,6,0,7,0,2,0,0,0,3,1,3,5,9,0,0,1,2,2,0,1,0,3,0,1,0,1,0,0,1,0,0,0,0,1,0,0,6,0,2,2,1,1,2,0,3,0,1,0,2,0,1,0,0,9,4,2,0,4,1,0,0,0,1,2,1,0,0,1,19,3,0,3,4,0,3,6,2,0,0,0,0,3,0,1,0,0,0,0,0,7,2,0,0,0,2,0,0,1,1,0,0,0,0,0,2,13,0,3,2,1,0,11,1,1,1,0,0,2,2,3,2,2,1,2,1,1,1,4,3,1,11,0,17,0,4,1,0,0,0,2,0,2,4,5,0,0,1,0,0,0,0,0,11,0,1,1,0,0,0,0,5,0,7,0,0,3,17,4,2,3,0,1,10,6,0,0,2,0,0,3,3,0,0,4,0,1,0,0,5,0,0,0,1,0,1,2,0,0,1,1,1,0,3,1,0,2,6,1,0,1,1,5,0,3,6,0,2,0,1,2,0,0,1,0,0,1,13,0,0,0,0,3,0
"ENSG00000267201.1",2,0,2,2,0,4,1,0,0,1,0,2,3,1,2,0,0,2,2,0,2,0,0,0,1,3,5,8,0,1,9,1,4,1,0,5,1,2,1,3,0,8,10,0,1,1,0,1,0,1,3,4,0,0,1,3,0,6,1,0,0,2,0,1,0,5,1,0,10,1,7,1,0,0,0,0,8,0,1,3,4,6,3,0,7,0,0,0,0,0,1,2,2,10,0,0,0,1,1,7,0,0,2,1,1,2,0,0,7,2,4,0,0,1,0,1,13,0,5,1,0,1,0,2,1,0,0,2,1,2,2,0,3,0,3,0,2,0,4,0,0,2,2,1,2,9,1,3,3,10,0,0,5,2,0,1,2,5,0,2,0,2,0,1,0,2,3,4,5,10,0,0,1,6,1,1,1,29,0,5,0,2,0,1,1,2,1,0,0,1,1,1,0,1,1,1,0,0,0,4,0,16,7,9,0,1,0,6,0,7,2,0,1,0,14,2,0,1,0,4,0,1,1,1,0,0,0,5,0,1,3,0,0,0,0,0,0,1,1,0,0,2,0,2,4,2,0,0,0,3,0,1,0,2,0,0,0,1,1,1,8,1,4,5,0,2,0,0,7,1,3,0,0,0,0,0,2,0,0,0,4,2,0,0,0,1,0,0,1,0,0,2,3,1,0,2,17,0,0,1,3,0,0,0,1,0,0,6,4,3,1,5,2,2,2,3,4,2,0,0,5,1,0,6,1,1,0,1,3,0,1,0,1,2,6,1,1,5,0,0,1,0,2,2,1,2,0,1,0,0,0,2,0,2,0,2,1,1,0,0,2,0,0,1,13,0,3,6,1,1,0,4,0,0,1,1,3,0,0,4,0,3,1,4,0,1,0,1,0,3,4,1,0,5,1,1,0,1,1,1,0,0,1,0,6,0,1,1,0,0,1,1,0,0,1,2,0,4,2,0,0,0,2,0
"ENSG00000267260.2",5,0,32,3,5,0,4,2,2,3,0,0,0,23,1,0,1,24,1,2,1,1,2,1,2,0,2,0,0,0,8,2,1,2,0,3,0,1,1,1,1,1,5,1,1,3,1,1,1,1,2,1,0,14,1,1,1,24,15,1,2,6,2,5,0,12,1,0,1,1,219,0,1,0,8,0,7,0,6,0,23,7,1,0,2,0,2,0,4,1,3,1,2,4,0,0,0,4,4,11,2,0,55,0,1,2,24,0,154,6,2,1,3,3,2,9,10,0,8,7,0,0,0,0,1,0,0,0,1,1,1,1,8,0,2,0,3,0,3,0,1,7,0,0,0,0,6,20,7,0,0,0,3,3,1,0,0,4,0,1,1,1,0,13,13,0,6,9,7,1,0,0,1,105,0,0,1,3,2,0,0,4,4,8,2,3,0,1,6,2,1,5,0,0,1,0,0,0,0,0,0,0,8,2,0,1,0,2,4,2,0,1,1,4,1,3,0,2,3,1,0,1,13,1,2,0,2,0,0,0,2,2,1,0,0,1,0,0,0,1,2,0,1,2,31,2,0,0,0,2,1,1,0,1,3,0,1,4,4,3,33,0,2,19,0,1,1,0,0,0,4,1,36,1,1,11,145,1,1,0,9,4,0,1,1,34,2,0,11,2,3,0,2,0,0,1,2,1,8,0,1,1,486,1,1,0,0,2,1,40,3,8,0,1,3,7,18,17,2,2,48,1,0,2,2,1,2,2,2,0,2,3,1,8,0,0,0,0,0,1,1,2,1,0,24,1,4,2,40,0,1,0,2,49,0,1,25,2,38,0,1,1,1,7,2,0,27,17,1,6,1,0,3,17,30,0,2,0,1,13,0,0,1,2,0,0,5,0,0,0,4,0,0,21,2,2,1,17,2,0,1,0,3,0,1,11,7,10,0,2,1,3,1,0,2,0,1,7,0,1,0,0,1,1
"ENSG00000267284.2",0,0,2,1,0,0,0,0,0,0,0,0,0,182,69,0,0,25,0,0,0,1,1,0,45,0,0,43,0,29,0,2,13,1,0,0,9,0,23,22,0,0,0,0,1,0,0,0,2,1,0,35,0,67,0,0,1,0,59,1,0,62,0,7,0,0,0,0,0,0,583,0,0,0,0,0,0,1,1,67,28,118,0,0,38,0,0,0,0,0,0,15,1,0,0,0,0,78,4,0,1,0,0,0,0,1,0,0,191,12,0,1,0,0,0,1,0,0,1,6,0,76,1,2,0,0,0,10,0,1,3,0,110,0,0,0,0,2,13,0,1,0,82,0,0,0,0,0,0,0,0,0,0,50,1,0,0,0,6,92,15,0,0,0,0,4,29,0,0,138,0,1,0,239,0,0,1,72,1,0,0,0,0,0,53,0,82,0,0,14,0,46,0,105,8,0,2,0,0,0,0,0,0,216,1,54,0,0,19,1,1,0,0,0,48,0,0,0,49,4,0,32,0,0,0,0,1,2,1,0,0,4,0,0,0,14,0,1,0,48,0,0,0,0,0,2,2,0,1,0,0,0,0,0,0,0,1,0,1,72,124,53,0,184,0,0,0,0,91,0,1,0,153,0,2,0,68,0,0,3,63,46,0,2,0,0,1,1,0,0,0,0,0,0,0,162,159,0,0,0,0,0,25,0,0,0,0,0,22,105,0,0,0,0,0,0,39,1,0,5,0,0,0,0,1,0,1,0,1,0,114,0,0,0,0,2,0,1,0,0,0,0,0,0,58,60,0,0,7,0,0,14,0,133,0,0,1,0,0,0,0,1,0,0,0,0,0,0,0,0,1,0,0,5,267,0,97,0,0,10,10,92,0,0,0,7,0,10,0,0,0,0,0,0,0,0,1,32,1,0,0,0,0,0,2,1,0,0,45,0,0,0,0,0,0,0,142,1,2,1,0,0,0,0
"ENSG00000267327.2",0,0,9,1,0,0,16,1,0,0,0,0,0,400,13,0,0,10,0,1,1,2,4,9,4,0,1,24,0,205,1,0,9,1,0,1,30,0,2,1,0,0,2,0,3,0,0,36,0,0,0,59,0,134,0,6,0,1,44,0,0,53,0,18,0,0,2,0,1,0,302,0,1,0,0,1,2,0,22,64,83,64,1,1,26,0,0,0,1,1,0,14,14,0,0,0,0,124,112,0,0,2,1,0,1,1,0,0,252,1,0,1,0,44,0,0,13,0,3,1,1,101,0,5,0,0,0,3,2,34,0,0,163,0,0,3,0,2,81,1,0,1,151,2,2,0,3,0,26,1,1,0,1,43,0,0,3,1,32,61,13,0,0,0,1,27,74,0,0,7,0,22,0,249,0,0,0,104,3,0,1,0,0,0,15,0,139,0,0,55,0,37,0,105,5,28,0,0,0,1,0,0,3,194,0,84,0,1,12,1,1,0,3,36,135,3,1,0,40,110,1,58,11,0,0,0,1,218,0,1,0,4,0,0,0,10,0,0,9,12,1,1,0,0,2,0,15,0,1,1,0,0,3,1,0,2,0,0,2,72,160,11,0,405,3,0,0,0,157,0,4,2,168,3,0,3,68,0,0,23,26,81,0,0,0,0,0,1,0,0,3,0,1,0,1,156,406,0,0,0,0,0,87,0,8,0,1,0,17,152,0,0,1,0,0,1,80,0,0,21,2,0,0,5,1,0,0,0,0,0,110,0,39,1,1,0,0,0,0,0,2,0,0,0,113,5,0,0,11,0,0,4,1,180,0,0,0,1,9,0,0,0,0,0,0,1,0,105,1,0,0,2,8,12,102,0,193,1,0,14,25,69,3,0,0,1,0,36,5,1,3,0,0,1,0,1,2,74,0,0,7,1,0,0,12,1,24,171,0,2,1,1,0,1,2,0,44,29,2,1,0,0,0,3
"ENSG00000267339.7",5,0,224,6,5,3,0,0,0,2,86,1,3,8,1,1,98,0,2,4,6,0,0,1,0,8,0,0,7,1,18,1,2,6,5,0,0,8,0,2,0,4,0,35,0,1,0,4,0,0,0,1,0,7,0,22,17,1,5,7,0,0,0,2,0,62,0,0,12,4,1,9,8,0,0,0,10,0,0,0,49,27,1,0,0,216,4,6,0,1,11,5,4,1,20,0,0,0,2,0,1,0,23,0,0,2,0,0,5,10,1,0,8,4,0,0,19,0,0,21,0,0,232,1,3,0,0,0,9,22,0,1,2,4,2,1,2,1,0,0,1,46,1,0,2,2,4,0,2,0,1,0,0,0,1,1,3,10,3,2,23,12,4,2,0,2,2,11,0,0,0,5,2,9,4,0,3,7,0,14,0,95,49,1,170,4,1,3,516,0,0,0,0,9,31,0,0,4,0,9,2,2,11,752,0,13,488,25,2,1,3,0,7,13,2,0,67,0,21,2,0,1,0,2,2,0,0,5,3,3,1,1,5,5,12,28,1,1,0,1,0,0,0,0,40,0,0,0,3,2,0,1,0,14,0,0,0,5,8,30,0,0,19,1,0,3,27,0,2,1,6,0,2,0,0,0,2,1,37,2,0,0,0,0,0,3,0,2,1,1,4,2,4,7,2,0,0,6,0,3,1,3,3,0,11,0,0,7,0,0,0,7,1,2,3,1,36,10,2,14,3,0,0,0,4,2,0,0,4,0,1,1,0,0,0,0,4,3,201,1,1,0,98,0,0,0,0,3,2,0,0,0,0,92,0,0,12,0,2,0,0,0,0,3,5,0,4,3,0,2,6,13,0,21,0,4,6,0,0,0,0,0,19,3,0,0,6,0,0,0,2,1,1,3,9,0,2,30,2,0,0,0,4,1,5,194,0,0,0,2,4,0,1,1,513,0,4,0,5,0,0,2,0,0
"ENSG00000267374.2",1,0,1,1,8,5,13,4,1,149,3,8,42,404,52,3,1,5,0,2,17,0,11,9,1,8,7,180,0,163,39,0,3,30,12,61,9,0,4,4,1,27,13,3,3,2,0,26,2,23,0,85,19,29,0,1,3,37,241,83,0,103,1,74,3,0,3,2,81,93,121,5,1,0,1,0,57,2,73,63,31,82,72,1,40,50,5,6,15,1,3,20,9,21,0,1,0,122,10,0,0,3,164,1,1,28,33,3,244,2,9,6,2,41,8,8,204,5,42,50,13,137,14,1,11,1,0,43,34,70,1,0,114,1,1,1,20,0,170,5,0,58,61,4,3,9,15,59,13,21,3,0,3,9,2,2,13,2,30,11,24,11,51,19,0,169,30,178,3,229,3,1,4,628,2,3,5,99,0,37,0,8,0,6,0,0,57,3,10,80,0,28,0,5,19,20,0,20,3,0,2,334,1,398,0,61,25,1,93,91,1,7,0,24,14,49,0,11,2,55,0,27,0,1,1,0,9,2,1,8,43,22,2,21,0,36,0,1,1,11,4,10,4,2,29,145,36,8,2,18,0,2,0,0,0,27,0,0,12,299,98,104,66,105,1,0,0,2,211,0,30,0,74,1,0,16,70,0,1,24,148,49,129,0,1,25,0,10,1,1,3,0,0,2,5,163,421,6,3,4,15,10,132,0,24,1,0,0,14,64,31,3,19,3,8,20,257,8,1,16,28,32,0,103,14,28,0,0,6,0,38,17,2,10,84,0,0,52,0,0,0,1,5,12,202,44,3,2,14,0,0,94,2,122,0,0,1,70,11,0,34,2,2,0,122,8,23,49,3,22,87,27,7,9,520,6,166,2,2,129,1,57,16,1,11,17,33,1,3,0,0,0,4,5,0,0,54,112,1,0,6,13,9,0,6,7,19,17,7,7,3,33,1,1,1,0,47,207,23,2,1,1,65,3
"ENSG00000267413.1",1,0,0,0,0,0,0,1,0,0,0,1,0,61,1,0,1,0,2,0,0,0,0,0,0,0,0,5,0,23,1,1,0,0,4,0,0,0,3,1,0,0,0,0,2,0,0,0,0,0,0,8,1,0,0,1,1,0,8,0,0,19,0,1,0,0,0,0,0,0,35,3,0,0,0,0,0,0,26,11,1,14,0,0,1,0,2,6,2,0,0,1,4,0,0,0,0,25,2,1,0,0,0,0,0,2,0,0,73,0,1,0,1,6,0,0,0,0,0,16,1,17,0,0,0,0,0,0,0,3,0,0,28,0,1,0,0,0,0,0,0,2,18,0,1,2,0,0,1,0,0,0,0,1,0,1,1,2,0,0,0,0,0,0,0,2,14,0,3,1,0,0,2,51,0,0,0,39,0,19,0,1,1,0,0,0,0,0,0,17,0,0,0,0,18,0,0,0,0,0,0,0,0,8,0,9,0,0,0,1,1,0,1,0,1,0,0,0,1,25,0,7,0,0,0,0,0,1,1,1,0,1,1,0,0,1,0,2,0,2,0,0,0,0,0,0,4,0,1,0,0,0,0,0,0,0,0,0,1,0,20,26,0,39,0,4,0,0,25,0,1,0,20,0,2,0,13,0,0,3,7,0,25,0,0,0,0,0,0,0,0,1,0,0,0,64,115,1,0,0,0,0,27,0,0,0,0,0,0,0,0,0,1,0,0,0,3,0,3,4,2,0,0,0,0,0,0,0,0,0,12,0,2,0,0,0,0,0,0,0,0,0,1,0,4,3,0,0,3,0,0,0,0,40,0,0,1,0,0,0,0,0,0,0,0,0,0,0,0,0,0,0,0,1,47,0,45,0,0,52,0,6,0,0,0,2,0,1,0,0,0,0,0,0,0,0,4,54,0,0,1,0,0,0,0,0,0,0,0,1,0,2,0,0,0,0,2,2,0,0,0,0,0,0
"ENSG00000267424.1",0,0,0,0,0,1,1,0,0,0,0,0,0,3,25,0,0,5,0,0,0,0,0,0,0,2,0,1,0,3,0,6,1,1,0,3,5,0,0,0,8,0,0,12,0,0,1,3,0,1,5,0,0,1,3,0,0,0,3,0,26,5,5,1,0,1,1,5,1,1,3,0,0,0,0,0,8,0,1,1,0,4,1,0,2,0,0,0,5,4,0,0,0,6,0,1,3,9,3,3,3,0,15,0,1,0,1,0,46,0,0,0,0,2,0,0,1,0,2,0,0,2,0,3,0,0,0,12,0,2,0,1,12,2,1,0,1,0,0,0,0,0,0,1,0,1,0,0,0,0,0,1,1,2,3,12,3,0,1,2,0,2,3,0,0,1,1,1,0,1,0,7,2,0,1,0,0,8,0,0,0,0,1,1,0,0,1,2,1,0,2,5,0,1,1,0,0,1,1,0,0,2,0,1,0,0,1,0,10,1,0,0,3,0,0,0,8,11,0,0,0,0,0,2,0,0,0,1,0,1,5,4,0,0,3,3,0,5,0,4,0,0,0,0,0,0,0,0,1,3,0,0,0,0,0,1,0,0,2,3,0,2,2,2,1,0,2,0,26,0,0,0,0,0,0,0,3,0,11,1,2,1,13,0,3,0,0,0,2,0,0,0,0,33,2,2,0,0,0,0,1,0,2,0,0,0,0,3,1,0,21,0,0,0,0,0,1,1,0,0,0,0,0,1,0,1,0,2,1,0,0,0,2,0,0,0,2,0,0,1,0,8,0,0,0,6,1,0,1,0,0,9,0,0,0,0,0,0,0,0,1,2,1,0,0,1,26,0,5,0,0,2,0,2,14,1,0,0,0,7,0,0,22,0,0,7,0,0,1,0,0,3,0,0,0,0,1,3,10,0,0,0,0,0,0,0,1,0,0,0,0,16,1,0,1,0,4,0,1,0,1,2,0,0
"ENSG00000267444.1",0,29,0,7,0,0,0,57,115,5,0,0,0,0,0,200,0,7,4,6,62,245,0,6,33,0,0,16,0,0,0,0,2,107,73,0,2,0,0,0,0,0,0,0,90,6,41,0,116,78,17,3,78,0,0,0,46,0,8,26,5,22,0,36,115,0,27,1,0,2,5,1,1,128,4,283,1,0,0,2,4,115,4,1,18,0,0,0,4,0,0,28,0,0,9,200,17,408,0,4,11,45,0,0,1,0,1,118,0,0,2,82,6,8,0,1,0,1,0,0,0,8,78,0,2,61,23,10,0,0,43,317,3,2,5,220,0,95,0,3,141,0,1,194,0,0,0,1,0,0,67,86,0,110,120,0,8,12,2,11,31,0,84,1,0,12,0,0,0,0,55,0,30,3,0,2,1,0,39,0,277,0,0,17,0,48,80,68,0,6,0,0,1,13,63,0,197,0,14,9,15,88,0,0,131,0,17,17,6,114,20,2,0,2,2,0,2,13,1,7,235,0,0,69,107,108,2,2,1,0,35,74,1,0,0,12,213,0,48,0,0,6,16,1,0,0,0,15,19,10,4,0,139,0,158,3,265,0,1,11,31,34,0,0,84,0,0,41,1053,131,2,116,0,255,0,0,0,74,2,72,106,0,36,28,20,4,54,0,0,1,77,0,0,0,3,0,0,2,131,0,8,0,0,73,3,0,2,4,2,0,0,0,12,1,0,0,0,0,79,10,0,5,74,0,21,14,56,0,0,120,0,1,46,0,0,133,13,2,0,2,304,14,1,1,24,1,0,0,0,56,150,0,19,0,0,164,0,0,0,0,6,35,0,0,2,1,0,0,0,1,453,0,1,0,4,104,69,42,38,118,3,11,134,0,17,4,0,1,0,0,0,40,74,0,0,1,183,0,8,130,3,0,0,3,7,0,3,0,4,26,8,1,174,79,37,0,29,0,1,76,122,70,0,59
"ENSG00000267586.7",12,57,16,4,1,1,1,7,122,12,3,1,1,34,2,1,2,3,2,1,10,148,2,1,6,3,0,0,2,5,4,6,1,33,3,18,1,2,2,0,0,12,4,14,56,1,318,0,169,104,2,28,6,2,2,3,5,2,3,3,48,3,0,0,8,6,2,6,3,28,11,3,1,43,0,2,5,10,10,8,3,1,3,2,12,9,22,4,15,3,4,5,0,1,3,9,32,2,4,0,5,114,8,0,4,19,2,146,24,5,0,6,65,65,3,4,7,3,1,8,1,6,13,4,12,192,64,5,5,10,76,167,7,2,3,72,4,3,2,3,77,7,11,7,6,7,8,0,2,4,32,27,7,15,6,0,9,22,1,70,4,0,65,6,4,8,7,3,0,0,2,1,7,181,2,0,1,11,5,5,78,6,11,5,3,1,0,0,4,0,5,6,2,1,5,0,178,3,6,0,2,2,4,132,30,0,21,0,8,0,5,2,2,2,17,3,7,3,3,68,202,17,0,74,88,1,2,5,3,0,99,6,1,32,3,1,1,6,4,5,2,5,9,15,13,3,0,3,1,30,1,4,63,8,118,4,156,2,3,1,2,1,3,4,12,1,1,23,1,68,0,1,99,128,4,1,2,0,6,0,1,1,76,6,0,3,0,3,6,1,53,6,2,2,1,2,4,4,21,4,11,5,29,0,1,2,1,9,2,1,3,2,0,6,5,6,3,4,8,8,5,16,3,4,1,1,3,0,2,22,2,4,39,1,0,31,3,0,3,5,204,6,12,19,1,3,2,7,5,1,84,137,34,2,0,10,1,13,3,6,2,0,7,11,4,8,3,25,0,3,4,6,1,4,27,5,2,25,3,11,6,4,7,1,3,0,1,2,0,1,4,4,1,1,5,3,23,6,93,155,3,3,9,0,5,11,4,43,1,127,4,0,26,7,8,2,1,1,12,12,20,9,3,7
"ENSG00000267605.7",14,0,97,4,1,3,0,4,4,5,1,0,0,3,5,0,7,3,1,7,0,3,1,0,1,0,0,1,1,4,4,0,1,17,0,2,1,2,1,2,0,5,1,0,1,0,0,0,0,1,1,5,0,5,1,1,2,6,5,1,0,9,1,5,0,6,1,1,3,0,61,2,1,1,0,0,7,7,0,1,5,7,2,3,1,0,0,4,7,2,1,1,2,1,0,0,0,0,0,3,3,3,24,1,1,23,10,0,59,0,1,2,4,0,2,1,14,4,3,4,2,0,4,0,1,0,1,2,6,2,2,0,6,5,0,0,2,0,7,4,0,13,5,1,5,1,1,4,6,1,0,0,2,2,0,0,0,4,0,2,4,0,2,9,12,4,12,3,0,14,2,1,0,9,0,1,0,0,6,0,0,2,0,1,9,0,3,4,4,6,0,4,0,1,0,4,0,1,0,0,4,1,11,2,0,1,1,1,3,0,2,15,0,14,5,2,1,0,4,1,0,2,1,0,0,0,2,0,4,1,1,1,4,1,0,4,0,4,0,1,2,3,3,0,5,5,0,1,20,2,0,0,0,2,2,1,0,6,5,4,10,0,1,34,1,3,3,1,5,0,0,0,10,0,5,6,24,0,2,15,18,0,1,2,2,1,1,8,1,6,0,1,2,1,2,3,25,0,5,8,1,0,18,2,5,4,1,4,2,21,6,15,0,2,11,17,3,1,8,1,25,2,0,18,1,1,3,2,6,0,9,3,6,6,1,1,3,0,0,0,0,0,1,4,10,1,1,0,13,0,0,4,1,18,0,0,8,13,2,0,2,0,5,12,2,1,0,0,0,0,2,1,1,3,15,1,16,0,0,5,0,0,1,2,4,0,1,2,0,3,8,0,0,9,4,0,6,12,7,0,2,0,9,1,3,10,1,2,0,4,10,0,7,7,1,1,1,3,4,2,1,3,1,0
"ENSG00000267674.1",0,1,0,0,2,0,0,8,21,0,2,0,6,0,0,14,0,0,0,0,1,6,1,1,0,0,0,0,0,0,0,2,0,3,1,0,0,0,0,0,0,0,2,3,2,0,0,0,7,2,0,0,9,0,0,0,5,0,7,2,1,0,0,2,7,0,1,1,0,0,0,0,0,3,3,10,0,1,0,1,1,5,1,0,0,0,1,0,1,0,0,2,0,0,1,12,1,10,0,1,0,1,0,0,0,0,1,1,0,0,0,15,3,0,1,0,0,2,0,0,0,4,3,0,1,8,10,1,0,1,0,6,0,0,0,16,2,3,1,0,5,0,1,6,0,0,0,0,0,0,5,8,0,4,4,0,1,0,1,2,13,0,8,0,0,0,1,0,2,1,5,0,0,0,1,1,0,1,0,0,16,1,1,2,0,2,0,2,0,0,1,0,0,0,12,0,6,0,1,2,0,1,0,0,1,0,0,0,0,4,1,4,1,0,1,0,1,2,1,0,16,1,0,9,6,7,0,0,1,0,0,10,0,2,2,1,9,0,1,0,0,2,4,0,0,0,0,7,4,1,0,0,25,0,7,1,7,1,0,1,0,0,0,0,13,0,0,0,125,18,0,4,0,21,0,0,0,3,2,4,1,0,3,5,3,0,1,0,2,0,17,0,1,0,3,0,0,0,12,0,2,0,2,1,0,0,0,2,0,0,1,0,0,0,0,0,0,1,2,0,0,0,4,0,0,1,2,0,1,5,0,0,5,2,0,12,0,0,0,0,5,4,0,0,0,0,0,0,0,10,32,0,6,1,0,13,0,0,0,0,0,11,1,0,0,0,0,0,0,1,51,0,0,0,1,21,4,6,2,7,0,0,13,0,2,0,2,0,0,0,0,2,2,0,1,2,12,1,2,13,0,0,0,0,0,0,0,0,5,1,0,0,20,13,5,0,2,6,3,4,2,2,0,4
"ENSG00000267683.1",1,0,5,3,5,4,0,0,0,0,5,0,1,1,0,0,29,0,0,0,1,0,0,0,0,1,0,0,0,0,14,0,1,1,0,0,0,3,1,0,0,0,2,2,0,0,0,0,0,0,0,0,0,9,0,0,2,0,0,0,0,0,0,0,0,51,0,0,0,0,0,0,1,0,0,0,1,0,0,0,5,16,0,0,0,10,0,4,0,2,3,1,8,0,3,0,0,0,0,0,0,0,1,0,0,0,0,0,1,9,1,0,0,0,0,0,6,0,0,33,0,0,36,2,0,0,0,0,3,4,0,0,0,0,0,0,0,0,0,0,0,22,0,0,0,0,0,0,4,0,0,0,0,1,0,0,0,0,0,0,5,4,0,1,3,0,0,17,0,0,0,0,1,1,0,1,0,0,0,11,0,5,25,0,31,1,0,0,125,0,0,0,0,1,6,0,0,9,0,1,0,0,1,173,0,0,87,10,1,0,0,0,0,1,2,0,15,0,7,0,0,0,0,0,0,0,0,0,0,3,1,0,1,0,0,8,0,0,0,0,0,0,0,0,64,0,0,0,0,0,0,0,0,0,0,0,0,0,2,0,0,0,14,0,0,0,2,0,0,0,0,0,0,0,0,0,1,0,2,0,0,0,0,0,0,3,0,0,0,1,0,0,3,0,0,0,0,1,1,0,0,0,0,0,0,0,0,0,0,1,0,3,3,3,0,0,5,7,0,0,1,0,0,1,2,0,0,0,0,0,0,0,0,0,0,0,4,0,15,0,0,0,11,2,0,0,0,0,1,0,0,0,0,20,0,0,11,0,0,0,0,0,0,9,1,0,0,0,0,0,0,14,0,7,0,0,0,0,0,0,0,0,27,0,0,0,0,1,0,0,2,0,0,1,6,0,1,23,0,0,0,0,1,0,7,37,0,0,0,0,2,0,0,0,11,0,0,0,1,0,0,0,0,0
"ENSG00000267733.5",4,0,1,0,5,1,0,0,0,4,1,0,3,20,3,0,2,0,0,0,3,0,0,0,1,2,3,0,18,1,1,2,3,4,0,1,0,0,0,1,0,2,0,4,2,1,3,1,2,4,0,2,0,2,0,2,3,1,1,0,0,95,1,0,0,1,2,0,2,0,121,1,0,0,4,0,1,0,0,5,5,1,1,2,0,0,2,0,5,0,5,2,2,6,2,0,0,0,4,1,0,1,3,0,2,4,2,2,99,0,0,4,1,5,2,0,5,2,0,4,1,0,2,0,2,0,0,0,1,1,0,1,0,0,2,0,0,0,1,0,0,2,0,0,0,7,1,5,11,0,0,0,1,0,0,1,0,1,0,2,1,2,0,9,2,3,11,5,3,36,0,5,0,222,0,0,1,0,0,0,0,0,2,1,23,0,1,1,0,1,0,3,0,5,0,4,0,1,0,13,0,5,10,136,0,7,3,2,2,1,0,3,8,0,0,0,2,2,1,1,1,2,0,0,1,0,1,14,1,1,0,0,0,0,2,1,0,1,0,0,2,3,1,1,27,3,1,0,2,0,0,0,0,2,0,0,0,0,1,4,0,3,0,2,0,2,0,2,3,1,0,1,11,0,0,1,27,0,1,7,17,1,26,0,1,1,1,0,1,0,0,2,0,0,0,20,3,0,2,0,0,5,6,0,3,0,1,1,1,8,0,1,1,7,0,2,6,3,2,2,0,1,0,12,2,8,0,1,0,0,0,0,1,2,1,2,0,2,2,1,0,1,0,0,65,1,2,0,3,3,0,2,2,3,0,1,2,0,0,1,1,0,1,97,2,1,6,2,1,1,0,7,0,1,2,0,2,1,2,7,1,1,20,0,1,3,5,1,1,0,3,1,0,1,0,1,26,1,0,0,0,0,2,0,1,0,0,5,1,0,0,0,1,3,2,0,5,24,7,3,0,0,0,2
"ENSG00000267736.2",7,0,0,7,9,1,1,0,0,14,0,0,0,38,10,0,2,4,8,0,2,0,5,0,2,1,8,2,1,17,1,55,1,1,3,11,5,0,3,1,0,6,13,1,2,4,2,1,2,0,0,0,1,4,1,15,1,0,4,1,1,3,0,4,0,0,5,2,3,7,9,8,2,0,0,0,25,4,1,7,4,23,1,3,7,0,1,2,0,3,4,0,0,0,0,0,1,10,3,0,0,1,6,0,0,1,5,1,1,1,2,1,14,8,0,1,8,1,7,6,0,5,0,2,5,0,0,2,1,11,1,1,78,3,3,0,1,1,3,0,0,2,9,1,1,6,4,8,4,2,2,0,3,12,0,1,0,2,5,12,1,1,19,4,3,1,27,6,2,11,0,7,1,2,3,1,1,0,28,4,0,0,0,29,1,0,3,0,2,0,2,4,6,13,1,2,0,6,0,6,0,13,1,14,0,0,0,7,6,0,0,5,2,3,6,10,2,1,3,4,1,3,0,1,0,0,0,19,6,0,2,8,3,1,0,20,0,0,7,0,0,3,1,2,8,1,1,3,5,2,0,1,0,5,0,5,1,1,0,3,6,1,9,2,0,2,17,0,8,3,6,1,3,0,10,1,0,0,1,6,0,11,17,1,0,1,1,0,4,2,5,0,2,5,1,0,6,1,0,20,8,1,0,2,1,4,1,0,0,0,1,3,1,2,3,32,13,3,0,0,2,15,0,4,9,11,0,0,0,1,0,2,5,0,0,0,0,8,0,0,1,1,8,9,0,1,0,3,1,1,0,2,0,2,0,0,3,39,3,8,1,0,2,2,3,1,4,4,0,7,15,0,0,0,13,0,4,5,0,3,5,2,0,1,1,8,9,3,4,0,4,3,1,3,1,0,0,0,5,0,1,13,3,0,4,0,0,5,0,0,7,2,11,0,3,0,3,1,4,2,0,0,0,2
"ENSG00000267751.5",10,8,3,13,52,12,47,2,9,33,19,12,1,49,39,1,2,17,14,7,4,2,16,13,16,14,18,32,5,42,72,61,7,8,7,20,11,14,41,20,1,28,24,9,9,21,4,35,4,7,18,79,4,14,2,12,4,45,21,15,6,45,8,3,1,14,5,2,49,85,43,7,17,0,14,3,116,12,52,15,36,20,50,20,21,11,9,1,14,5,31,55,1,140,5,1,16,77,8,10,6,3,48,8,23,6,2,6,116,10,11,4,10,27,2,7,25,7,107,53,2,8,3,22,4,1,2,8,15,30,4,6,59,17,46,1,13,6,24,11,4,66,12,4,17,59,102,64,23,8,6,6,25,22,6,3,20,34,43,41,13,12,3,21,56,16,33,10,64,29,6,52,12,149,25,5,16,5,10,0,5,28,28,14,4,5,20,8,19,1,19,12,64,5,45,25,1,17,13,99,5,45,53,15,3,168,1,36,49,23,4,1,102,131,11,8,6,9,3,16,4,9,15,18,7,2,0,18,5,14,50,12,7,9,6,58,4,17,3,10,1,8,13,2,140,7,0,12,6,13,1,49,4,30,1,3,6,104,34,44,32,16,87,63,5,20,18,2,27,3,17,0,2,1,5,6,72,5,5,22,37,2,17,2,4,22,3,5,46,2,3,24,12,27,41,43,17,16,6,19,11,5,71,13,8,4,5,50,21,13,11,31,13,97,14,8,17,79,21,3,33,12,4,15,18,15,5,8,8,0,12,5,8,38,7,5,8,21,8,36,1,17,13,43,39,19,7,23,36,3,4,52,6,80,3,6,25,31,8,46,9,9,9,137,42,6,67,106,5,20,5,23,12,17,116,3,32,2,13,65,12,10,22,11,5,22,4,14,9,14,27,5,2,6,3,9,1,28,11,4,5,11,13,4,26,0,1,66,7,17,5,24,2,1,2,10,3,4,31,0,10,4,20,5
"ENSG00000267774.2",0,2,3,0,0,0,0,0,0,0,0,0,0,0,1,5,0,0,0,0,0,0,0,0,0,0,0,0,0,0,0,0,0,0,0,0,0,0,0,0,0,0,0,0,3,0,0,0,3,0,1,0,4,0,0,0,0,0,0,0,0,0,0,0,0,0,0,0,0,0,0,0,0,1,0,0,0,0,0,0,0,0,0,0,0,0,0,0,0,0,0,0,0,1,0,1,0,0,0,0,0,2,0,0,0,0,0,0,1,0,0,3,0,0,0,0,0,0,0,0,0,0,0,0,0,1,0,0,0,1,0,4,0,0,0,2,0,0,0,0,1,0,0,3,0,1,0,0,0,0,0,1,1,0,1,0,0,0,0,0,1,0,0,0,0,1,0,0,0,0,0,0,0,0,0,0,0,0,1,0,2,0,0,0,0,0,1,1,0,0,0,2,1,0,0,0,2,0,0,0,0,0,0,0,4,0,0,0,0,0,0,0,0,0,2,0,0,0,0,0,0,0,0,0,3,1,0,0,0,0,0,0,0,0,0,0,0,0,0,0,0,0,0,0,0,0,0,0,0,0,0,0,0,0,0,0,1,0,0,0,1,0,0,0,0,0,1,5,0,1,0,0,0,1,0,0,0,1,0,0,0,0,0,1,0,0,2,0,0,0,2,0,0,0,0,0,1,0,0,0,1,0,0,4,0,0,0,0,0,0,0,0,0,0,1,0,0,0,0,0,0,0,1,0,0,0,1,0,0,0,0,0,0,0,0,5,0,0,0,0,0,0,0,0,0,0,0,0,0,0,1,0,0,0,0,1,0,0,0,0,0,1,0,0,0,0,0,0,0,0,0,0,0,0,0,0,0,2,0,0,0,0,0,0,1,0,0,0,0,0,0,0,2,0,0,1,0,0,0,2,0,0,0,0,0,2,0,0,0,0,0,1,0,1,0,0,0,4,0,2,2,0,0,0
"ENSG00000267778.1",0,0,1,0,0,1,17,0,0,14,0,1,0,2,0,0,0,6,0,1,0,0,1,0,0,0,1,0,0,2,0,1,0,0,1,0,1,0,3,0,1,3,1,2,0,0,0,0,1,0,0,0,0,1,0,0,0,2,0,0,0,0,0,0,2,0,1,0,0,3,2,0,0,0,0,0,0,1,2,9,5,0,7,3,3,0,0,0,1,0,10,0,0,32,0,0,0,0,0,0,0,0,2,0,1,4,7,0,15,1,1,0,0,0,1,3,0,0,0,8,0,0,1,4,0,0,0,3,0,18,0,0,5,0,4,0,0,0,6,0,0,2,1,0,0,1,2,2,4,1,0,2,3,0,0,0,1,1,3,3,1,21,0,0,1,2,0,6,0,3,0,1,1,1,10,0,0,7,1,0,0,0,1,2,0,0,0,0,0,1,0,5,0,0,1,1,0,3,1,2,4,0,2,0,0,3,1,0,0,1,0,2,16,1,0,3,0,0,0,2,0,1,0,1,0,0,1,0,0,0,12,2,1,0,0,1,0,0,0,0,1,0,0,0,2,0,0,1,0,1,0,4,0,1,1,0,0,0,1,1,2,0,0,14,1,2,3,0,2,0,0,0,0,0,0,2,1,0,2,3,1,0,0,1,1,1,0,0,1,0,1,0,2,0,8,5,2,0,0,1,2,1,17,0,5,0,0,1,1,0,2,0,1,1,2,0,2,1,0,4,3,1,0,0,0,19,0,0,3,0,0,0,0,4,0,0,0,0,0,0,0,0,3,9,1,0,3,8,0,0,0,8,0,5,2,0,0,6,0,0,2,0,1,0,0,4,9,2,0,0,0,1,0,1,0,0,4,0,0,1,0,0,0,2,0,0,1,0,0,0,5,3,1,0,0,0,2,4,0,0,1,4,1,0,3,4,4,0,0,2,0,1,1,2,0,0,0,1,0,0,1,0,0,0
"ENSG00000267834.1",12,0,5,2,5,4,0,1,0,7,4,3,1,12,13,0,4,2,7,5,0,0,0,2,1,0,2,4,1,4,5,3,3,4,3,2,1,0,2,3,4,2,2,3,0,3,0,0,1,1,2,1,1,4,1,10,0,11,0,0,2,4,3,1,0,5,2,1,2,1,16,2,3,0,0,3,6,7,10,3,0,8,8,0,2,0,0,6,7,1,12,3,6,13,0,0,1,2,4,2,1,2,4,0,2,4,0,1,13,5,6,1,2,2,0,1,15,2,0,3,0,4,0,4,1,3,1,8,9,5,3,0,30,1,5,0,2,0,6,2,0,13,4,0,3,5,6,12,5,0,0,2,0,1,0,2,1,2,0,3,5,0,1,4,15,3,4,14,3,3,2,6,5,5,1,2,0,3,24,4,0,3,2,5,0,0,2,1,1,4,1,4,2,4,0,6,1,5,0,3,2,2,3,12,0,5,3,1,2,4,0,3,2,0,7,2,2,1,1,2,0,0,1,2,2,2,2,7,2,1,9,6,0,1,7,0,0,1,1,2,0,4,0,2,35,6,5,3,0,1,1,4,1,4,1,2,0,0,5,10,0,0,18,5,0,7,5,2,3,1,2,2,12,0,3,7,3,0,2,2,5,7,0,1,2,2,0,2,9,1,3,1,12,10,2,4,5,1,3,9,1,2,13,0,5,0,1,4,1,1,3,16,2,3,3,6,3,0,1,2,1,21,0,15,1,5,0,0,4,0,3,2,3,3,6,0,3,6,2,1,0,0,4,33,2,4,1,17,4,0,1,4,5,1,1,1,15,7,3,5,0,1,6,21,19,2,2,2,0,4,5,12,0,1,16,3,2,0,2,1,0,0,1,0,2,6,11,0,3,0,15,0,2,4,17,2,1,7,4,0,2,3,0,0,4,7,3,0,0,0,2,0,4,0,1,1,1,3,3,0,1,1,6,1
"ENSG00000267886.1",0,0,0,0,28,2,0,1,0,0,0,14,1,19,0,0,0,6,0,2,1,1,2,0,7,0,0,16,2,0,16,3,3,0,9,0,0,0,1,1,0,12,8,1,0,0,0,0,1,0,1,53,0,6,0,0,0,0,7,0,0,18,0,7,1,1,2,0,0,2,34,0,0,0,0,0,10,0,0,3,34,7,0,0,11,0,0,0,0,0,1,24,4,0,0,0,0,31,9,13,0,0,0,1,0,1,0,0,45,0,0,2,2,7,1,0,22,2,13,21,0,2,0,0,0,0,0,1,24,4,3,1,26,0,0,1,0,0,15,1,0,14,5,0,2,2,0,0,0,1,1,0,0,8,0,0,0,1,9,22,0,0,0,0,0,20,5,0,2,21,0,0,0,111,0,1,0,18,0,15,0,1,3,5,1,0,9,0,0,44,1,12,0,12,4,15,1,1,0,0,0,5,0,51,1,1,0,1,0,1,0,1,5,12,3,8,0,0,2,4,0,6,0,0,1,0,2,1,0,0,0,9,0,0,0,5,0,2,0,0,1,0,0,0,0,6,5,0,2,0,2,0,1,0,0,0,0,0,1,1,54,0,1,51,0,1,0,1,78,0,3,1,1,0,1,0,3,0,0,6,39,0,0,0,0,5,1,0,1,0,1,0,0,0,0,3,2,0,0,1,0,0,12,0,2,0,0,2,8,16,1,1,0,0,2,22,45,2,3,0,0,1,1,16,3,0,0,0,0,0,29,0,0,0,0,0,0,2,0,0,1,1,1,0,43,13,0,0,5,0,0,3,0,58,0,0,0,7,4,0,0,0,1,0,3,3,0,7,0,0,0,1,0,0,25,2,197,0,2,43,0,21,0,0,0,1,0,16,2,0,0,0,0,2,0,0,10,3,1,0,0,0,1,1,1,5,3,0,0,7,0,0,0,0,0,0,8,0,0,0,0,0,0,0
"ENSG00000267890.1",1,0,1,1,6,0,0,4,0,5,0,0,0,1,17,0,1,0,0,0,30,0,0,1,0,0,0,1,24,0,0,0,0,0,0,1,0,0,0,0,0,14,1,0,1,2,0,0,0,0,0,40,1,1,0,0,0,0,0,0,0,139,0,48,2,0,0,0,2,0,0,0,31,0,0,1,0,20,0,19,6,167,0,4,0,0,3,0,0,1,34,1,0,0,0,0,2,2,16,0,0,0,4,0,66,1,1,0,16,0,3,0,0,2,0,0,0,0,0,1,0,1,0,0,2,0,9,1,1,0,2,0,10,0,6,0,0,0,0,1,0,1,0,1,0,1,1,786,5,0,0,0,0,0,0,0,0,0,0,0,46,2,0,0,1,1,17,2,0,2,1,0,0,0,1,0,1,0,1,0,0,1,37,0,0,1,15,25,41,0,1,0,0,1,54,0,0,0,0,0,0,0,2,0,0,5,0,0,0,0,1,15,0,3,0,1,1,0,3,0,0,0,4,2,0,0,0,0,0,0,0,0,1,0,2,0,0,0,0,1,1,21,0,0,273,14,1,8,0,0,0,0,0,3,0,0,1,0,0,0,0,0,0,1,0,0,0,0,0,0,3,1,0,0,0,0,0,0,0,18,0,0,0,0,0,2,0,0,0,1,0,1,2,0,2,1,4,0,1,6,1,0,0,2,3,1,0,0,0,0,0,0,0,4,5,16,0,2,0,0,1,0,0,0,0,1,0,0,0,0,3,2,3,1,0,0,0,0,0,3,0,0,154,0,4,27,6,2,0,0,0,0,0,1,0,0,0,0,1,0,0,1,0,91,1,0,4,0,1,1,0,0,1,0,35,0,0,0,0,0,1,0,118,33,1,1,2,0,0,0,43,0,0,0,0,1,0,0,0,0,0,0,2,0,1,0,0,0,0,0,0,0,0,0,0,4,8,1,0,0,0,9,0,0
"ENSG00000267905.5",3,0,0,3,0,0,3,0,1,45,4,6,0,0,34,1,0,0,1,0,6,1,8,0,0,0,14,3,0,7,56,8,15,2,8,1,3,11,0,3,0,0,1,0,0,1,0,0,0,1,8,2,1,2,0,39,1,3,0,0,0,0,1,2,1,2,2,0,26,1,7,11,0,3,0,1,2,4,11,26,7,4,0,5,1,0,10,12,3,4,11,2,0,7,0,1,0,2,3,0,5,0,1,3,6,0,1,0,2,0,2,2,3,0,3,3,0,2,2,26,3,9,1,22,25,0,1,1,1,2,3,1,8,10,8,0,1,0,6,1,0,0,5,1,3,22,5,12,5,5,0,0,0,1,2,23,0,3,2,4,14,5,3,6,0,3,12,2,1,2,0,7,1,0,6,1,4,5,1,1,0,3,18,6,1,6,0,2,1,1,1,3,3,15,0,12,1,25,0,4,1,0,4,2,0,18,9,0,1,2,7,3,1,1,1,1,11,0,6,26,2,2,0,0,2,0,0,0,1,6,6,0,14,1,0,12,0,1,2,1,2,14,0,4,2,7,10,0,0,21,1,2,0,0,0,6,2,1,20,0,6,0,1,3,0,2,7,2,1,0,11,0,1,0,13,6,7,0,0,0,0,0,0,0,0,2,0,5,5,1,1,1,0,65,2,63,0,0,5,1,3,1,1,0,11,2,0,0,3,0,0,14,7,3,8,16,5,0,2,14,1,4,0,1,18,4,0,0,1,0,10,2,5,3,8,1,2,7,0,1,0,1,8,2,1,0,0,2,2,0,1,1,0,2,0,0,3,4,2,2,5,1,6,4,0,19,12,11,0,9,0,10,0,0,2,0,6,2,0,1,0,0,2,0,0,7,1,5,10,0,10,0,1,2,0,0,3,3,11,0,4,5,5,11,21,0,1,1,0,0,13,0,1,0,2,0,2,0,10,0,0,0,20,1
"ENSG00000267924.1",2,0,2,0,1,1,0,0,0,1,0,7,1,0,0,0,1,56,0,0,0,7,0,0,2,0,1,1,2,0,3,0,0,0,3,0,0,0,4,10,0,0,5,12,0,0,0,60,0,0,1,4,1,2,0,0,0,20,3,0,0,272,1,0,0,38,0,1,1,1,2,1,55,0,0,0,11,0,0,0,21,5,0,0,7,0,0,136,34,0,0,451,1,0,0,0,0,1,3,0,98,0,0,0,0,0,2,0,15,3,3,0,1,0,0,2,7,7,6,1533,1,0,0,6,0,1,0,16,8,1,1,0,1,0,1,0,89,0,2,0,0,3,1,0,1,0,0,1,0,2,1,1,1,8,1,13,6,1,17,6,318,0,94,0,0,9,2,1,1,1,0,0,9,6,0,1,1,1,0,4,0,0,6,3,2,0,2,2,4,2,1,0,0,8,253,0,0,28,0,1,0,8,2,10,1,3,0,23,0,0,0,1,5,10,3,2,0,0,2,2,0,0,6,0,1,0,10,5,0,1,0,27,0,1,0,1613,3,0,2,2,0,2,16,0,0,3,10,329,3,27,0,1,0,20,0,0,0,0,8,1,6,1,0,4,1,1,0,0,14,0,0,1,0,0,8,0,0,0,3,3,53,2,6,1,1,0,1,0,0,0,1,0,0,4,4,0,0,6,9,3,2,0,0,0,5,0,4,1,2,0,5,1,1,0,2,6,13,1,1,26,2,1,0,2,1,1,1,0,125,0,5,1,1,5,1,1,0,0,0,0,0,4,0,0,25,58,1,0,0,0,0,3,0,17,0,0,0,1,1,1,13,0,1,0,1,0,26,1,0,3,1,1,0,4,18,0,209,0,0,8,14,5,11,0,0,0,3,11,7,0,1,0,0,11,0,0,77,1,0,0,0,0,0,0,0,0,0,0,1,0,43,0,2,0,1,0,30,0,3,0,0,1,0,0
"ENSG00000268079.1",0,2,7,0,0,1,7,0,0,0,0,0,0,22,0,0,0,6,0,0,0,0,4,1,16,0,0,7,0,0,1,0,5,3,9,0,0,0,4,11,0,10,0,0,1,0,0,0,0,0,0,2,0,1,0,0,0,0,9,0,0,20,0,1,0,0,0,0,0,0,4,0,1,0,0,1,4,0,0,8,27,1,0,0,4,0,1,5,0,0,0,9,3,0,0,0,1,6,0,2,0,0,0,0,0,0,0,2,18,0,1,0,0,0,1,6,1,2,7,38,0,0,0,0,6,0,0,2,8,6,0,0,21,0,0,0,0,0,2,2,0,2,1,1,0,0,0,0,0,1,0,0,0,17,0,0,14,11,12,9,6,0,1,1,0,1,11,0,0,2,0,0,0,50,0,0,1,4,0,5,0,0,0,5,0,0,0,0,1,12,1,0,0,26,0,5,1,0,0,0,2,0,0,14,0,3,0,0,0,0,0,1,3,22,0,7,0,0,1,7,0,3,0,0,0,1,4,0,0,1,0,0,0,0,0,8,0,1,0,0,0,2,0,0,0,0,4,0,0,0,0,1,2,0,0,0,0,0,3,0,34,1,1,2,0,0,0,1,38,0,7,0,3,1,0,0,17,0,0,9,11,1,1,0,0,0,0,2,0,1,0,0,0,0,0,1,0,1,5,24,1,3,14,0,0,0,0,0,16,2,2,0,5,0,0,73,6,0,1,0,0,3,0,16,1,1,1,0,6,0,3,0,1,0,0,2,0,0,0,0,0,0,0,0,37,8,0,0,7,0,0,1,0,21,0,0,0,0,0,0,1,0,0,0,0,0,0,0,0,0,0,4,0,3,28,0,21,0,0,22,7,14,8,0,0,0,0,6,0,0,0,0,0,3,0,0,9,0,0,0,0,0,0,0,0,6,3,0,0,0,1,0,10,0,0,0,6,0,0,1,0,0,0,2
"ENSG00000268080.2",0,0,318,0,0,0,22,1,0,0,0,0,0,377,246,0,0,42,0,0,0,0,1,5,17,0,0,26,11,198,0,1,13,0,0,0,36,0,0,0,1,1,12,0,0,0,1,11,0,0,0,3,0,48,0,17,0,0,31,1,0,32,0,24,0,0,0,1,1,0,90,0,21,0,0,0,0,0,11,12,4,45,1,0,26,0,1,13,1,0,0,5,36,0,0,0,0,68,4,3,0,0,1,0,0,0,6,0,111,3,2,0,0,23,0,4,0,2,0,9,0,3,0,0,20,0,2,18,1,0,4,0,23,0,1,1,0,0,2,14,0,0,15,0,1,59,23,0,1,0,0,0,10,135,3,0,0,0,0,30,10,0,1,0,0,17,25,1,1,34,6,167,2,121,0,1,17,104,0,0,0,63,0,0,0,0,3,9,0,51,0,13,3,5,8,0,0,0,0,0,0,1,0,185,0,41,0,0,45,19,1,1,0,19,4,0,0,0,43,4,1,10,6,1,0,0,69,62,0,0,0,2,0,0,5,14,0,3,0,3,1,0,0,0,1,8,0,0,0,0,5,0,0,1,0,0,0,0,8,78,63,146,0,35,0,3,0,0,122,0,80,0,51,0,2,0,76,0,0,78,32,52,14,0,0,0,0,0,0,1,0,0,0,4,1,25,10,1,2,1,0,0,7,0,3,0,0,2,13,0,1,1,0,0,0,1,58,2,1,30,0,0,0,1,1,0,0,3,55,0,115,0,3,3,1,0,0,0,0,0,0,0,0,0,20,44,22,0,86,0,1,31,1,0,0,0,0,0,20,0,2,1,2,0,0,2,0,0,0,59,0,0,2,2,142,0,41,1,1,3,71,11,19,0,0,10,0,6,0,0,0,2,0,1,0,1,90,3,2,0,5,0,0,0,1,0,8,12,72,1,0,97,0,1,0,0,27,1,5,0,0,0,0,0
"ENSG00000268088.1",0,0,0,0,0,0,1,0,1,0,0,0,1,26,0,0,0,0,0,0,0,1,0,0,0,0,0,0,0,1,5,0,0,0,0,0,0,0,0,0,0,0,0,1,0,0,0,0,0,0,0,4,0,2,0,1,0,1,0,0,0,0,0,0,0,1,4,0,0,0,2,0,0,0,1,0,2,2,0,7,0,1,0,0,1,0,0,0,0,0,0,0,5,29,0,0,0,0,1,0,1,0,0,0,0,0,0,0,96,0,0,0,0,0,2,0,0,0,0,0,0,2,0,1,0,0,1,2,0,0,0,0,27,0,0,0,0,0,0,0,0,1,0,0,0,0,25,0,3,0,0,0,0,5,0,0,1,2,0,0,1,0,1,0,11,0,1,0,0,2,3,0,0,4,0,1,0,0,0,0,0,0,0,1,0,0,0,0,0,0,0,4,67,0,2,0,0,0,0,0,0,0,0,0,0,0,0,0,0,0,0,0,0,0,1,0,1,0,0,0,0,0,0,0,0,0,0,6,0,0,1,1,1,0,0,0,0,0,0,0,0,0,0,1,15,0,0,0,0,0,0,0,0,1,0,0,0,0,0,0,0,1,0,0,0,0,0,0,0,0,0,0,0,0,0,0,12,0,0,2,0,9,0,0,0,0,0,0,0,1,0,0,3,0,2,0,0,0,0,0,0,1,118,0,0,0,0,2,0,0,0,1,0,0,0,0,0,6,0,0,0,0,0,5,0,0,0,0,2,0,0,6,0,0,0,0,0,0,0,0,0,1,1,0,16,0,0,0,4,0,0,1,0,2,0,0,3,0,2,0,0,0,0,4,0,0,4,0,0,0,1,0,0,12,1,0,1,0,0,1,0,1,0,2,1,0,3,0,0,0,0,0,0,0,0,0,2,2,0,0,0,0,0,0,0,0,0,0,2,0,1,1,0,0,0,0,0,9,3,0,0,0,1,0
"ENSG00000268089.3",36,0,51,7,2,3,1,18,2,6,3,23,324,48,7,0,0,47,3,5,3,0,12,3,12,0,2,8,2,31,26,5,14,5,7,16,15,1,42,126,1,14,19,51,2,0,0,8,0,8,8,59,1,76,14,6,5,8,85,3,7,7,4,29,0,33,5,3,12,4,13,10,5,0,0,0,15,2,32,6,290,68,3,1,84,9,1,5,62,0,2,24,5,5,11,1,1,7,13,7,8,1,14,23,1,21,1,1,203,10,5,6,0,16,27,2,44,4,3,142,4,10,1,0,4,1,3,1,11,4,2,1,96,1,5,0,12,0,15,16,0,5,14,0,6,88,4,13,25,28,0,0,13,50,0,1,2,15,7,74,2,4,18,7,1,5,8,4,2,24,38,0,10,79,5,1,2,527,1,13,0,60,32,30,6,0,24,32,0,173,1,539,2,41,23,3,2,0,5,20,4,13,2,17,0,14,9,28,5,3,4,3,27,7,13,4,5,0,127,42,0,4,12,5,0,2,2,46,0,26,1,5,2,4,1,8,0,13,1,14,71,0,7,7,9,16,1,11,43,14,0,3,0,31,0,3,3,4,30,10,28,59,12,79,0,9,4,2,19,1,4,0,6,0,11,1,12,0,0,7,12,2,7,0,6,3,0,8,4,0,4,0,3,3,38,15,199,3,94,15,1,4,117,0,6,2,16,4,1,511,0,98,6,4,20,47,10,12,3,2,49,5,0,45,4,3,0,30,5,0,59,0,4,4,29,0,1,104,3,7,0,9,22,1,5,19,44,11,4,0,1,12,6,119,3,0,40,2,16,2,3,4,7,6,109,8,0,38,12,0,2,6,5,33,15,3,32,0,24,5,2,35,0,0,1,0,4,5,5,12,36,15,1,21,4,15,23,22,6,0,2,2,8,5,7,9,2,39,4,16,2,0,0,0,5,4,5,4,23,2,0,3,3,2
"ENSG00000268100.1",0,0,0,0,0,1,0,0,0,0,1,0,0,0,0,0,0,0,0,0,0,0,0,0,5,1,0,0,0,0,0,0,0,12,0,0,0,0,0,0,0,0,0,0,0,0,0,0,0,0,0,3,0,0,0,0,0,0,0,0,0,0,0,1,0,0,2,1,0,0,0,0,0,0,0,0,0,0,0,0,6,18,0,0,1,1,0,3,2,0,0,13,0,0,0,0,0,0,0,0,0,0,0,0,0,0,0,0,0,0,0,0,0,0,0,5,0,0,0,31,0,1,0,0,0,0,1,0,0,0,15,0,0,0,0,0,0,0,0,41,0,0,6,1,0,0,0,0,0,0,0,0,0,0,0,0,0,0,2,0,0,0,0,0,0,2,0,0,0,0,0,1,0,0,0,0,0,1,0,88,0,0,0,0,0,0,0,0,0,0,0,0,0,7,0,0,0,0,0,0,0,1,0,0,0,4,0,0,3,0,0,0,0,1,0,0,0,0,3,125,0,0,0,0,0,0,0,1,0,0,0,5,0,0,0,91,0,0,0,1,0,1,0,0,0,0,0,0,0,4,0,0,0,0,0,0,0,0,0,0,13,28,0,0,0,0,0,0,0,0,0,0,0,0,0,0,0,0,0,0,0,0,0,0,0,0,0,0,0,0,0,0,0,7,0,0,1,0,3,0,0,0,0,0,0,0,0,0,0,0,69,0,8,3,1,25,0,0,0,2,0,0,0,0,1,0,0,0,0,0,1,0,0,0,0,0,0,0,0,0,0,1,0,0,0,71,0,0,0,0,0,0,0,0,0,0,0,0,0,0,0,0,0,3,0,0,0,0,0,16,0,2,0,0,0,0,15,0,0,0,16,2,77,0,0,0,0,1,0,0,0,0,0,0,0,0,1,0,0,0,1,0,0,0,0,0,0,0,1,0,1,0,0,0,0,0,0,0,0,0,0,4,0,0
"ENSG00000268104.3",1,0,0,1,26,81,0,0,0,3,0,0,1,85,4,0,0,23,0,3,1,1,6,0,1,0,0,1,1,1,4,7,1,1,3,67,3,0,0,2,0,261,0,0,2,0,0,1,1,0,0,11,1,7,0,1,0,1,0,0,0,12,1,2,0,0,0,0,0,0,2,0,0,1,0,0,0,20,2368,29,0,1,9,1,0,0,0,0,0,0,5,20,0,2,0,0,0,0,450,99,1,1,0,14,0,0,1,0,38,0,0,0,6,2,4,2,388,0,0,4,0,1,0,0,2,0,0,0,3,95,1,0,23,0,0,1,32,0,7,0,1,107,33,0,1,1,2,0,109,0,1,0,0,39,0,0,4,9,1,0,1,0,8,2,744,4,111,5,0,7,0,0,0,38,0,0,5,2,1134,0,0,3,0,0,0,0,0,0,0,1,0,0,1,1,0,0,10,0,1,0,0,0,17,29,0,47,0,0,1,0,0,2,0,0,105,105,2,0,0,0,0,0,10,0,2,2,1,0,0,1,7,0,1,1,0,13,0,0,0,0,0,0,0,0,2926,21,0,0,2,0,0,0,0,1,0,0,3,1,0,47,1,0,2847,12,2,2,2,1,0,0,6,0,1,0,0,5,11,0,0,2,0,312,4,0,0,8,0,0,42,3,0,0,0,0,0,4,10,1,4,108,0,0,39,0,0,0,0,0,1,0,0,2,2,0,0,18,3,432,0,0,0,62,0,63,1,0,0,0,1,0,1,0,0,0,0,1,1,1,0,5,0,0,1,17,6,0,0,3,291,0,6,1,1,3,13,0,2,51,463,0,0,1,0,507,28,1,0,167,0,0,0,1,2,1,13,32,0,1,0,1,0,0,0,0,0,0,120,0,3,0,169,0,0,0,3,1,3,1273,1,0,3,0,4,0,7,0,6,7,2,0,3,0,5,0,0,0,0,5,4,0,0,0,5,1
"ENSG00000268119.6",32,5,45,1,152,56,8,16,4,28,3,56,7,177,9,3,6,113,5,35,3,2,20,9,33,6,3,52,21,1,65,5,20,14,20,17,4,0,1,1,5,116,29,0,12,0,3,10,3,9,3,31,15,89,11,3,4,31,106,1,9,110,4,3,1,158,4,1,5,12,324,5,2,2,12,9,573,10,9,14,121,113,52,1,43,11,6,2,6,3,2,19,20,4,1,1,5,42,10,168,3,2,5,2,5,41,22,9,529,6,13,6,21,16,46,6,319,2,225,292,3,7,3,4,6,0,1,18,175,330,2,7,136,2,27,8,5,3,182,4,3,18,56,9,18,3,4,35,11,53,4,3,7,72,4,0,6,6,61,25,9,6,2,29,4,169,23,12,40,83,5,6,3,661,1,1,12,4,4,4,0,4,0,12,0,2,9,9,4,129,2,21,1,32,15,11,3,0,1,30,4,18,16,901,1,29,45,21,40,10,4,55,62,51,3,23,3,4,20,4,3,8,9,1,3,1,13,4,1,4,0,11,1,6,0,2,4,1,1,6,4,2,14,3,14,5,75,5,10,13,1,15,4,3,7,0,2,8,1,9,236,5,29,287,3,5,11,7,346,2,11,2,51,0,16,3,97,1,6,41,5,60,7,3,3,8,4,3,3,0,11,4,1,0,1,13,45,9,17,16,3,2,55,0,62,2,1,8,72,114,13,27,2,18,17,98,185,13,28,3,120,11,3,662,2,7,4,4,5,3,26,11,4,20,24,4,3,118,1,0,3,1,4,13,216,45,7,33,103,2,6,22,6,282,5,4,38,22,5,6,3,6,6,104,0,2,18,2,5,0,1,24,2,53,436,1,251,14,4,9,1,46,12,0,1,3,7,17,46,4,13,3,3,335,27,6,90,25,36,0,0,3,29,1,20,4,29,4,4,5,7,1,1,10,0,17,75,3,16,3,8,4,2,7
"ENSG00000268278.1",0,0,0,0,7,0,0,2,0,0,0,0,0,0,0,2,0,11,0,0,1,1,0,1,0,0,0,12,0,0,0,0,2,0,5,0,0,0,0,0,0,2,0,0,1,0,0,0,1,79,0,0,0,0,0,0,0,0,26,0,0,31,0,5,0,3,2,0,0,1,3,0,0,0,0,0,23,0,0,0,38,16,0,0,261,6,0,0,0,0,0,0,0,0,0,0,0,0,0,87,0,0,0,0,0,0,76,0,8,0,98,0,0,5,0,0,2,0,0,0,0,0,0,0,0,0,0,0,1,86,0,2,17,0,0,0,0,0,1,0,0,0,0,1,0,11,4,0,2,0,0,0,18,27,0,0,0,2,0,325,0,0,17,21,0,13,0,0,60,75,6,0,1,2,0,0,0,0,0,0,0,0,0,4,0,0,3,39,1,13,0,2,3,21,1,0,1,0,0,42,0,4,1,12,0,0,5,40,0,0,2,0,0,0,2,0,0,0,0,0,0,17,2,0,0,0,2,1,0,0,0,11,0,0,0,0,0,0,1,0,222,0,0,0,1,0,0,0,0,0,0,0,0,0,0,0,0,0,0,0,294,0,22,0,1,0,2,0,63,0,0,0,0,0,1,0,0,0,0,0,15,0,0,0,1,0,0,0,0,0,3,0,0,0,0,0,9,0,0,1,8,0,1,0,0,0,0,0,36,1,2,0,0,0,4,0,16,0,0,0,11,5,1,18,1,0,0,0,0,1,0,1,0,0,5,0,0,97,0,0,0,0,0,0,40,13,0,0,0,0,0,1,2,0,0,0,1,2,0,2,0,0,1,0,0,0,0,0,0,0,0,0,0,0,3,0,0,0,0,115,0,37,0,0,0,0,0,19,0,25,0,0,0,11,3,0,2,0,0,0,0,0,7,0,0,0,0,1,0,0,0,0,0,0,0,0,6,0,2,1,1,0,0,1
"ENSG00000268307.1",3,0,0,1,2,0,0,0,0,3,1,13,5,0,1,0,0,1,0,1,2,1,0,0,0,1,2,1,1,0,2,1,0,0,0,0,0,0,2,6,1,16,1,1,0,0,0,0,2,0,0,1,1,0,3,0,0,24,2,1,1,2,0,0,0,5,1,0,1,0,5,2,0,0,3,0,8,1,3,1,0,2,17,3,2,0,0,1,0,0,6,0,2,15,1,0,0,1,2,0,0,0,1,0,3,0,0,0,24,1,5,0,1,0,3,3,2,0,2,2,0,0,1,1,0,0,0,2,1,6,0,0,1,0,1,1,0,0,0,0,0,0,1,0,1,0,0,3,21,1,1,0,0,3,0,1,1,0,2,0,1,18,1,2,12,0,0,3,0,1,1,1,3,1,1,0,1,2,6,0,0,1,0,0,0,0,2,0,0,0,0,1,2,1,1,2,2,2,0,0,0,0,4,2,0,1,0,0,0,0,1,0,0,0,2,1,0,1,0,1,0,2,1,0,0,0,0,0,0,1,1,1,0,0,1,1,2,1,1,0,0,1,0,0,0,6,4,5,0,0,0,0,0,0,0,0,0,0,1,0,1,0,1,4,0,0,1,0,0,0,3,0,4,0,0,9,0,0,1,0,0,2,1,1,0,2,0,0,7,0,0,0,1,0,6,7,0,0,1,4,0,0,2,0,2,1,0,0,0,1,0,1,0,0,1,0,0,1,1,0,1,1,0,1,0,4,0,0,3,0,2,2,1,18,0,0,2,1,2,0,0,1,0,23,0,0,0,9,1,0,0,10,0,2,0,0,3,4,0,0,0,0,2,6,2,1,0,1,0,0,1,1,0,1,5,2,1,0,0,0,0,1,0,0,0,1,8,0,0,0,34,1,0,5,0,0,0,3,3,0,0,0,2,0,2,0,0,0,0,1,0,0,0,0,0,0,0,3,0,0,0,0,1,0
"ENSG00000268388.6",11,13,29,12,28,2,0,0,2,19,2,3,0,125,0,83,9,0,0,15,25,35,20,15,1,1,0,6,0,18,6,7,15,15,1,7,4,8,0,2,1,7,2,3,60,2,2,4,41,2,1,28,39,0,2,1,21,2,2,0,0,6,0,14,18,1,2,3,6,0,15,18,3,16,0,56,11,3,0,4,7,0,0,7,1,5,7,0,28,0,24,1,0,8,0,32,4,5,2,16,11,30,29,0,17,6,0,62,19,0,18,129,21,7,2,3,6,0,0,1,0,3,0,0,3,13,18,0,4,21,28,78,0,6,1,46,0,39,4,3,20,17,42,65,61,9,6,4,6,1,34,39,3,1,18,0,0,24,1,13,2,2,1,14,9,17,9,3,0,6,0,0,1,1,7,4,1,1,56,1,18,8,1,2,1,4,25,14,0,0,7,0,10,6,0,0,44,1,1,2,0,1,27,1,47,0,3,3,20,3,30,19,2,0,61,11,0,0,18,3,13,0,0,5,40,37,7,1,7,1,0,0,27,2,2,4,39,1,1,4,29,24,3,4,18,4,0,4,1,0,7,0,16,2,42,5,52,14,0,16,13,2,0,0,56,9,3,75,4,14,30,25,3,29,42,0,4,17,1,7,1,3,1,24,1,15,34,19,4,15,90,2,10,0,4,3,2,1,0,5,44,4,0,89,0,11,0,10,5,1,1,2,0,2,3,5,3,86,37,3,12,5,34,3,8,1,58,1,3,30,2,22,18,5,4,63,0,4,1,5,17,2,4,5,1,6,2,6,0,42,71,24,6,0,1,103,0,9,2,0,1,1,11,6,6,0,0,2,1,3,0,3,0,0,3,5,0,95,2,0,1,0,1,9,53,0,29,2,1,0,5,0,32,2,1,4,2,5,110,40,2,1,23,0,4,13,9,0,0,56,38,4,1,21,2,0,1,484,2,92,57,4,11,40
"ENSG00000268403.2",34,3,13,10,9,23,17,6,24,79,9,31,84,142,41,6,30,44,20,13,9,5,23,9,46,7,77,21,9,12,47,14,16,44,31,16,21,12,46,46,10,29,42,13,12,72,16,6,4,14,14,36,14,40,20,243,9,22,65,17,30,13,15,17,13,30,22,10,51,46,78,16,10,3,12,2,76,23,31,21,37,61,28,10,75,23,28,6,14,22,41,32,14,86,10,1,33,25,57,4,17,12,20,6,20,33,50,4,73,59,12,9,10,21,21,19,21,38,20,120,7,159,16,42,28,3,3,54,32,44,15,7,61,14,12,4,68,3,50,3,1,48,24,8,13,60,109,63,50,7,2,11,91,16,6,32,43,54,116,39,44,25,21,29,42,11,61,95,31,36,28,22,13,113,17,6,14,136,56,12,3,22,35,32,29,13,48,15,39,14,13,35,52,29,5,86,5,39,10,15,24,17,22,90,4,248,13,29,54,30,35,36,28,45,49,18,23,8,35,42,1,31,34,15,14,2,29,38,19,45,39,30,25,33,86,15,9,18,5,24,5,17,15,13,137,52,6,13,54,42,13,20,5,92,4,16,5,27,29,53,34,13,14,65,0,9,26,11,42,6,9,5,42,0,22,49,56,1,16,15,71,29,20,1,25,37,2,31,34,18,8,14,41,97,43,65,32,23,92,94,39,34,152,15,127,13,3,42,48,12,46,108,55,33,38,62,45,60,12,10,21,84,1,54,42,55,2,23,18,3,13,62,12,19,26,9,44,14,16,17,4,15,14,90,33,7,20,52,21,2,4,64,23,26,12,6,40,135,24,61,5,2,10,124,32,21,47,29,18,39,28,35,8,63,164,46,24,3,8,54,24,21,34,2,11,32,37,23,29,7,30,9,3,55,32,20,17,93,19,2,58,35,18,12,64,27,7,25,33,10,14,20,16,8,10,5,24,62,32,4,4,6,79,4
"ENSG00000268621.6",2,0,10,1,11,0,0,1,1,3,0,0,2,39,2,0,2,81,3,0,1,0,1,1,0,1,0,0,0,3,0,0,0,0,3,0,3,1,0,0,0,165,0,0,0,0,1,0,1,0,0,9,0,0,0,1,0,0,0,0,0,26,0,0,0,1,0,0,0,3,49,0,0,0,0,0,1,1,2,0,3,2,0,0,7,0,0,0,2,1,12,176,0,6,0,0,1,0,1,1097,0,0,1,0,0,2,0,2,197,5,0,0,1,1,2,1,0,1,0,4,2,1,0,1,2,1,0,0,1,266,0,0,41,2,0,0,2,0,5,0,0,2,3,0,0,1,0,2,0,0,3,0,0,1,0,0,0,0,0,2,1,0,1,8,4,7,0,13,1,3,1,0,2,2,1,0,0,0,6,0,0,4,0,0,0,0,0,0,0,4,3,57,1,2,16,0,1,22,0,1,4,9,4,0,0,1,0,0,0,0,3,2,0,0,0,5,0,3,0,1,0,0,0,1,2,0,2,1,0,1,1,0,0,0,0,3,1,0,1,1,0,0,1,0,50,0,0,0,0,1,0,0,0,0,0,0,0,1,0,1,0,1,40,2,0,5,9,0,0,0,1,0,0,1,0,2,0,0,0,0,0,1,1,2,0,0,0,0,1,0,1,0,1,2,0,0,8,0,0,0,0,0,0,0,0,2,0,0,1,0,5,13,0,4,5,2,0,0,0,0,1,1,1,0,2,1,0,1,0,0,1,0,0,3,2,1,1,0,0,0,0,3,3,44,6,0,0,1,3,0,0,1,0,0,1,1,3,0,0,5,4,2,1,1,1,4,1,0,0,0,0,1,3,0,2,8,1,2,1,0,2,1,1,0,0,0,0,0,0,0,2,0,0,5,0,0,0,0,1,0,0,0,1,0,309,0,0,1,1,2,0,0,1,0,0,0,0,0,1,1,0,2,10,0
"ENSG00000268649.5",5,0,0,0,0,3,0,0,1,11,0,0,1,2,5,1,8,1,0,0,2,1,4,0,1,2,2,1,1,0,34,1,0,0,1,0,1,2,0,1,0,0,1,1,0,0,1,0,1,0,1,0,0,2,0,14,1,8,0,0,3,0,0,0,0,5,2,2,0,0,1,0,0,0,0,0,13,3,7,8,1,2,0,7,0,2,0,0,8,0,6,0,0,38,0,1,1,6,1,0,0,0,3,0,2,6,1,0,79,0,1,0,1,0,4,0,8,0,2,4,1,13,0,6,0,0,3,1,1,8,0,0,1,0,0,0,0,1,0,0,1,24,6,1,0,0,1,42,8,0,0,0,0,0,0,0,0,8,0,0,2,0,0,2,21,3,11,1,0,0,0,0,1,40,6,0,1,0,1,1,0,1,0,0,0,0,0,0,3,0,0,8,0,2,2,0,0,0,0,1,1,4,5,17,0,1,0,0,3,0,4,16,1,0,1,1,1,0,6,3,0,0,5,1,0,0,0,1,1,0,10,1,3,1,0,0,0,0,0,0,0,1,1,4,0,1,0,1,0,0,0,1,1,0,0,0,0,9,2,0,1,2,2,37,0,3,12,0,0,1,0,0,2,0,2,6,0,0,0,0,0,2,0,1,0,7,0,5,47,1,0,0,4,4,6,3,1,0,1,4,1,13,71,2,4,0,0,0,2,0,0,41,0,1,4,0,3,0,5,0,2,0,0,27,0,1,0,1,0,0,1,1,1,1,0,0,0,0,2,0,0,0,0,0,0,1,1,15,1,0,0,0,1,3,0,1,25,11,7,0,0,1,0,39,3,0,0,3,1,1,1,1,1,0,14,0,0,0,0,0,0,0,0,0,0,1,6,0,1,0,6,1,0,0,7,0,2,1,2,0,0,0,11,0,1,1,0,0,0,1,3,1,0,1,0,0,0,14,3,2,0,0,0,0
"ENSG00000268655.2",5,0,0,0,2,0,0,1,0,3,1,3,0,7,20,0,1,2,0,0,3,1,4,0,2,0,0,6,0,15,1,8,2,0,1,3,0,1,2,5,0,1,1,0,0,0,1,0,0,1,0,6,1,2,0,1,0,1,0,0,2,3,1,1,0,1,2,0,1,2,13,1,0,2,0,0,14,3,1,2,4,5,20,0,2,0,0,1,6,0,22,1,0,0,2,0,2,1,3,1,1,0,3,2,7,1,0,0,59,2,26,3,1,0,2,0,1,1,1,2,0,0,0,0,0,0,0,0,5,2,1,0,9,0,4,0,2,0,4,1,0,0,18,0,46,1,5,0,12,46,0,0,3,3,5,0,0,1,1,6,9,37,2,5,2,9,2,1,0,1,1,1,8,0,1,0,1,19,18,0,0,2,1,3,0,0,0,0,6,0,1,64,2,0,0,0,0,4,0,4,0,3,4,2,0,4,0,0,1,1,2,24,1,3,4,0,7,0,0,3,0,2,0,1,0,0,7,1,0,0,4,4,1,3,0,2,0,2,0,1,2,1,4,2,7,53,0,7,1,7,1,0,0,0,0,23,0,2,0,5,1,1,7,3,1,1,1,2,2,0,0,1,8,0,3,1,0,2,1,1,5,4,2,0,4,2,0,2,3,1,4,0,0,1,50,39,2,0,0,5,1,2,4,1,0,0,2,9,0,3,1,1,1,1,1,11,3,0,1,1,2,4,1,2,0,34,1,0,2,0,1,2,0,47,1,0,2,1,0,0,0,0,1,17,0,0,1,1,1,2,2,82,1,2,0,1,0,3,3,0,0,12,0,0,5,1,0,4,0,2,2,0,1,4,7,1,1,0,0,1,0,3,1,0,1,3,2,1,0,0,15,3,0,0,0,0,1,3,8,0,1,2,2,1,5,1,1,3,0,0,1,0,0,0,0,0,1,34,1,0,1,2,6,0
"ENSG00000268658.5",10,2,4,5,9,1,1,16,1,12,1,2,1,132,6,1,4,47,1,4,1,1,4,0,5,1,0,30,0,0,31,0,6,28,1,26,0,1,0,1,4,19,6,0,2,0,1,1,1,4,1,18,5,7,0,2,1,4,33,0,0,173,3,11,2,17,10,0,0,0,174,1,3,0,1,2,185,2,3,5,30,57,5,1,19,0,2,2,11,1,5,5,0,0,3,0,3,1,0,8,4,1,11,0,1,4,24,0,199,1,2,0,4,1,15,4,59,0,15,36,0,2,2,2,1,0,1,3,66,364,1,2,29,2,2,1,1,2,86,1,0,13,8,1,7,1,2,29,15,18,1,2,13,13,0,0,0,1,1,28,2,1,1,11,4,18,4,6,12,91,1,1,0,12,2,1,1,1,0,1,0,1,3,8,1,1,1,4,5,57,3,5,5,7,2,18,2,2,1,2,2,2,3,151,0,1,8,28,18,3,5,3,2,5,0,38,1,1,3,2,0,0,0,1,4,0,2,0,0,0,0,15,6,1,0,2,0,2,1,12,3,1,0,2,6,8,44,11,4,0,0,0,4,2,1,0,3,1,0,4,85,10,28,40,1,1,2,0,72,2,1,0,11,0,1,0,36,0,1,1,9,4,6,2,0,0,1,10,5,1,1,0,0,3,6,4,29,1,13,3,2,1,2,0,12,0,1,0,6,26,1,4,3,8,25,131,49,5,4,0,30,2,1,145,5,3,1,1,0,1,4,4,0,7,38,0,0,11,1,0,1,0,4,0,78,10,1,2,10,1,0,5,2,73,0,1,6,0,2,4,2,1,1,14,3,0,11,0,1,1,0,1,1,9,135,0,60,0,9,15,3,2,0,1,0,0,2,3,0,0,2,2,0,36,4,2,16,5,10,0,0,0,4,0,6,7,8,3,1,5,1,1,2,1,1,1,9,3,6,2,3,2,4,2
"ENSG00000268686.2",30,3,37,3,4,6,9,2,50,207,6,0,13,302,231,18,1,302,1,23,60,8,453,1,79,2,2,252,0,125,117,56,228,155,228,21,44,27,1,0,42,4,2,3,22,117,76,88,12,0,60,236,4,85,2,2,5,1,6,1,140,389,0,0,22,3,80,1,115,95,900,6,1,0,73,21,22,38,12,40,372,327,2,24,347,80,8,18,4,2,140,172,21,5,54,9,93,528,6,3,100,48,127,4,18,1,3,21,288,71,5,7,75,5,0,109,111,45,1211,108,143,3,7,92,5,5,9,3,27,310,3,15,134,79,110,5,76,11,264,9,5,8,4,15,174,485,239,8,46,3,5,24,75,128,41,12,106,106,75,291,130,6,194,196,3,65,141,109,0,430,3,82,106,601,37,33,1,246,79,1,12,13,6,279,271,1,100,168,170,129,114,14,180,161,183,1,9,25,0,602,7,6,249,282,15,249,31,2,99,0,106,5,312,474,25,1,0,0,69,4,11,37,1,1,12,15,1,409,22,0,2,16,3,65,0,424,7,131,35,80,0,0,3,41,271,456,0,3,71,55,1,2,4,6,23,243,9,13,107,203,264,324,2,13,17,184,75,11,424,11,6,26,326,4,2,15,34,23,66,22,3,2,356,6,90,2,11,2,23,23,22,1,98,201,7,124,17,75,3,15,3,55,59,10,78,1,1,77,137,270,3,113,110,149,21,7,104,59,47,22,5,14,9,6,5,93,8,472,0,27,103,2,42,53,96,21,458,29,11,32,7,65,1,6,72,162,67,73,6,5,18,202,2,615,24,6,43,1,16,50,1,2,1,255,35,0,10,293,123,4,2,299,65,67,261,81,198,3,0,1,67,114,76,17,20,1,43,1,3,0,48,3,5,1,2,0,109,63,3,10,34,97,4,46,177,5,34,240,1,8,48,1,1,0,269,25,3,7,21,11,1,0,194,14
"ENSG00000268696.3",0,0,1,0,0,0,6,0,0,0,0,0,0,63,0,0,1,35,0,0,0,0,0,2,30,0,0,4,0,0,0,1,103,0,20,0,0,0,0,3,0,0,0,0,0,0,0,2,0,0,0,73,0,4,0,0,0,0,55,0,0,28,0,16,0,0,0,0,0,3,0,0,0,0,0,0,0,0,0,3,47,0,0,0,21,0,0,8,0,0,1,149,0,0,0,0,1,1,0,0,1,0,0,4,0,0,48,0,10,0,2,0,2,0,0,4,1,0,2,107,0,0,0,0,0,0,1,0,0,0,3,0,35,0,0,0,0,1,6,0,0,0,0,0,0,0,0,0,0,0,0,0,33,83,0,0,0,6,3,219,0,0,0,0,0,23,6,0,0,102,0,0,0,118,0,0,2,1,0,1,0,0,0,0,0,0,2,0,6,7,0,0,0,19,13,2,1,0,0,1,11,1,0,109,0,4,0,2,0,3,0,0,15,0,0,0,0,0,3,0,0,0,0,0,0,0,9,0,0,0,0,0,0,0,0,0,0,0,0,0,0,0,0,1,0,0,18,0,0,0,0,0,0,0,1,0,1,0,0,0,307,1,2,0,0,0,0,1,59,0,1,0,1,0,0,0,0,0,0,9,68,3,4,0,0,0,0,0,0,0,2,0,0,0,0,0,1,9,0,0,9,0,0,0,0,0,0,4,142,1,0,1,1,1,1,3,55,1,0,0,0,0,0,0,0,0,0,0,0,0,11,0,0,1,1,0,0,0,0,0,0,0,0,0,130,37,0,0,5,0,0,0,0,27,0,0,0,0,2,0,0,0,0,0,0,0,0,0,2,0,0,0,0,0,31,0,185,0,0,21,0,52,0,0,0,1,0,1,0,0,0,0,0,0,0,0,6,0,0,1,1,0,0,0,0,0,13,0,0,0,0,0,0,0,0,0,5,0,0,1,0,0,0,1
"ENSG00000268789.1",0,0,0,0,2,0,0,0,0,0,0,0,0,3,0,0,0,4,0,0,0,0,0,0,4,2,0,9,0,1,2,0,1,0,0,2,0,0,0,0,0,2,0,0,0,0,1,0,0,0,0,4,0,1,0,0,0,0,14,0,0,8,0,5,0,0,2,0,0,0,5,0,2,0,0,0,24,0,0,1,3,0,0,0,5,0,1,1,0,0,0,14,0,0,0,0,0,0,0,0,0,0,0,0,0,0,7,0,0,0,0,0,0,8,0,4,0,0,0,9,0,0,0,0,0,0,0,2,5,0,1,0,3,0,0,0,0,0,7,0,0,0,0,0,0,0,0,0,0,0,0,0,0,8,0,0,0,0,5,15,4,0,0,1,0,0,2,0,0,3,1,1,1,51,0,0,0,0,0,1,0,0,0,0,0,0,1,0,2,6,0,0,0,9,1,4,0,0,0,0,1,1,0,24,0,0,0,0,2,3,0,0,0,2,2,0,0,0,1,1,0,3,0,0,0,0,5,0,0,0,0,0,0,0,1,0,0,0,0,0,0,0,0,0,0,0,4,0,1,0,0,0,0,0,0,0,0,0,1,0,12,1,0,0,0,0,0,0,46,0,2,0,3,0,0,0,1,0,0,2,4,0,2,0,0,1,0,0,0,0,0,0,0,0,0,0,0,0,0,0,1,0,2,1,0,0,0,1,20,0,1,0,0,0,0,1,7,0,1,0,0,0,0,6,0,0,0,1,0,0,1,0,0,0,0,0,0,0,0,0,0,0,0,0,1,2,0,0,1,0,1,0,0,12,0,0,0,0,0,0,0,0,0,0,0,0,0,0,0,0,0,0,2,0,15,0,13,0,0,7,0,0,0,0,0,2,0,5,0,0,1,0,0,0,0,0,5,0,1,0,3,0,0,0,0,1,2,0,0,0,0,0,0,0,3,0,16,0,0,0,0,0,0,0
"ENSG00000268902.3",0,0,0,1,0,0,0,1,0,0,0,0,0,427,1,0,0,3,0,0,1,0,1,0,5,0,0,2,0,1,0,0,3,0,17,0,9,1,0,0,0,1,0,0,2,0,0,2,1,0,0,1,1,0,0,0,0,0,11,0,1,1,0,72,2,0,71,0,0,0,10,0,0,0,0,0,0,8,99,121,30,79,0,0,7,0,0,1,0,0,1,0,0,0,0,0,0,7,10,2,0,0,0,0,0,0,0,5,7,0,0,0,0,2,0,0,0,1,0,0,0,0,0,0,0,0,1,2,0,1,4,0,15,0,9,0,0,0,0,2,0,0,19,0,0,3,150,0,0,0,0,0,0,5,0,0,0,0,0,11,41,0,0,0,0,0,11,0,0,0,183,0,0,1,0,0,0,208,0,3,0,0,0,0,6,0,0,14,0,4,1,237,29,1,5,0,0,0,0,0,0,0,0,3,0,100,0,0,83,0,0,0,22,21,0,0,0,0,1,0,0,13,0,0,0,0,0,5,5,0,0,2,0,0,0,0,0,1,0,3,0,0,0,0,0,0,0,0,0,0,0,0,0,47,0,0,1,0,0,26,0,0,0,4,0,0,15,0,22,1,22,0,0,0,0,0,1,1,0,3,3,0,8,0,0,0,0,0,0,0,1,4,0,1,0,15,8,0,0,0,0,0,2,0,0,0,0,1,3,93,0,0,0,0,2,0,9,0,0,2,0,8,0,0,4,0,0,0,0,0,3,0,1,0,0,0,1,0,0,0,0,0,0,0,32,79,0,0,0,0,1,0,0,0,0,0,0,3,0,0,7,0,0,0,0,0,0,0,0,0,0,0,0,106,68,0,6,0,0,1,4,3,19,0,31,4,0,0,1,0,0,5,1,0,0,0,0,10,0,0,0,1,0,0,4,0,0,0,63,0,0,2,0,0,19,0,6,2,0,0,0,0,0,0
"ENSG00000268916.6",0,0,5,2,0,0,0,3,3,1,0,0,0,541,117,1,0,257,2,0,2,1,71,1,151,1,0,0,0,121,0,5,60,2,17,1,342,0,0,0,24,4,0,0,2,10,4,141,0,0,0,170,70,6,0,0,1,0,288,0,0,161,0,79,59,0,142,0,0,8,20,10,36,1,0,2,0,12,111,91,59,339,1,0,233,0,0,0,0,0,0,3,0,0,0,0,0,127,293,97,0,0,0,0,0,0,0,252,515,1,0,1,0,15,0,0,0,1,1,9,1,18,0,1,3,5,12,54,0,3,7,0,332,0,3,1,0,0,0,1,0,0,22,0,0,196,241,0,0,0,0,1,0,281,4,0,0,0,0,198,61,0,5,2,0,37,6,1,0,107,212,1,0,63,0,0,0,316,0,0,0,0,0,0,236,0,153,278,0,356,0,157,18,62,320,0,1,0,0,0,0,0,0,222,0,263,0,1,65,0,0,1,50,25,0,3,0,0,104,45,0,37,0,0,0,0,1,191,4,0,0,68,0,1,0,1,0,5,1,0,0,0,0,1,1,57,0,0,0,1,0,0,0,57,0,1,0,0,2,22,49,75,3,71,0,0,35,0,22,1,24,1,1,0,0,0,4,0,0,84,0,1,588,0,0,0,1,0,0,10,55,134,1,3,0,41,337,0,0,2,0,1,174,1,1,0,0,60,91,130,0,0,6,13,0,1,29,2,0,104,1,23,0,0,149,0,1,0,2,0,172,4,64,6,0,2,0,1,0,0,2,0,56,0,44,101,0,0,16,0,2,3,0,118,0,0,0,0,2,0,13,0,0,0,0,0,0,0,0,0,1,0,0,123,100,1,93,0,0,0,125,224,20,0,58,2,0,0,2,0,0,281,53,0,0,0,180,3,0,1,0,0,0,0,10,1,1,1,3,0,0,86,4,0,22,0,170,130,0,2,0,0,0,0
"ENSG00000268941.2",16,0,0,5,3,0,0,0,0,15,0,0,1,21,2,0,0,1,0,2,2,0,9,0,0,0,0,2,0,8,1,9,3,0,1,1,1,0,0,1,0,8,0,0,0,0,0,14,1,0,0,1,0,0,0,1,0,1,2,0,0,0,0,0,0,0,0,0,0,1,1,2,2,0,0,0,0,1,0,1,0,0,3,0,0,0,0,0,14,0,2,0,0,0,0,0,0,0,1,0,0,1,8,0,12,2,0,0,9,0,2,1,9,12,0,2,1,0,0,0,0,2,0,3,6,0,2,0,0,0,2,0,1,2,0,0,1,0,3,0,0,1,54,0,0,0,2,8,0,3,0,0,0,1,2,0,0,4,0,7,0,0,3,0,2,0,0,3,0,1,0,2,0,1,1,0,1,0,7,0,0,0,0,0,0,1,0,1,0,0,0,274,4,3,0,0,0,0,0,0,0,0,16,0,0,1,1,1,6,0,0,4,1,0,1,12,0,0,7,3,0,0,0,0,0,0,1,1,1,0,0,0,2,3,0,0,0,0,0,1,0,3,0,0,1,2,0,0,2,0,0,0,0,0,0,0,0,0,1,0,2,0,4,1,0,8,6,0,0,0,0,0,0,0,1,0,5,0,0,1,0,1,0,0,0,0,0,0,0,6,0,1,1,0,0,21,3,0,0,7,1,0,7,0,0,3,0,2,0,1,0,1,0,1,0,5,0,0,7,0,0,8,0,0,5,1,1,0,0,0,0,0,0,0,0,0,0,1,0,0,0,1,1,5,0,0,0,3,20,0,0,1,1,1,0,0,0,19,0,0,0,1,2,4,3,0,1,1,1,0,0,0,0,0,0,0,0,0,0,0,0,0,0,1,0,0,1,0,0,0,4,0,0,0,0,0,0,0,3,0,1,0,2,0,84,1,4,0,0,6,5,0,0,0,9,2,1,56,0,0,0,0,0,0
"ENSG00000268949.1",0,0,3,1,5,0,5,0,0,0,1,1,3,21,5,0,3,2,3,0,1,0,0,1,3,0,0,0,0,0,1,4,4,5,0,1,1,0,1,2,0,0,0,1,0,2,1,0,1,1,3,4,2,7,2,7,0,3,8,0,2,3,1,1,1,0,0,1,0,2,35,0,2,0,0,0,17,0,2,7,4,7,0,3,2,0,0,0,2,0,3,2,0,2,1,0,1,2,1,2,0,0,3,0,1,1,3,0,73,0,1,0,1,0,0,1,1,2,19,9,3,1,0,6,1,0,0,1,0,2,0,0,6,0,1,1,0,1,4,0,0,2,0,0,0,2,1,7,0,1,0,1,5,1,0,1,0,2,1,0,0,0,14,0,0,2,3,3,1,2,0,1,0,0,2,0,2,5,4,0,0,0,0,2,1,0,0,0,9,1,0,2,3,13,0,1,0,0,0,1,0,1,2,17,0,2,1,2,0,1,0,0,10,1,0,1,2,1,0,11,1,0,1,0,0,0,0,3,0,3,1,0,0,1,1,0,0,3,0,2,0,1,2,0,2,10,0,0,2,0,2,0,0,1,0,0,1,3,2,0,2,0,1,9,0,1,1,0,3,0,3,0,1,0,0,2,2,0,0,0,1,1,2,0,0,3,0,1,0,2,0,0,0,4,1,1,1,0,2,0,0,0,50,0,3,0,4,3,1,4,0,2,2,6,6,0,3,3,2,0,0,0,1,6,3,2,0,1,4,0,0,0,1,0,1,0,2,4,1,1,0,3,0,0,1,0,0,0,0,0,1,0,0,9,1,0,2,0,2,1,0,0,1,4,3,2,3,1,0,1,1,6,0,0,14,2,1,0,0,0,0,4,5,0,0,2,2,1,4,0,1,7,0,0,2,2,2,4,0,0,0,1,3,2,2,1,0,13,3,0,0,2,1,1,0,1,1,3,2,0,0,0,0,2
"ENSG00000268964.3",36,0,188,0,2,0,0,0,0,0,0,0,0,34,3,0,2,7,0,0,0,1,0,0,0,2,0,0,0,0,0,0,1,0,1,1,0,0,0,1,0,0,0,0,0,0,0,0,1,1,0,2,0,1,0,0,0,1,68,0,0,263,0,0,0,0,0,0,0,0,1,0,0,0,0,0,4,0,2,0,15,4,0,0,1,1,0,0,0,0,0,5,0,0,0,0,0,0,0,14,0,0,0,0,0,1,1,0,46,0,0,0,0,1,0,0,0,0,4,28,0,0,0,0,0,0,0,2,22,0,0,0,40,0,0,0,0,0,0,0,0,0,4,0,0,0,0,0,3,0,0,0,0,0,0,0,1,0,0,0,0,1,0,0,0,75,0,6,0,5,0,2,1,42,0,0,0,1,0,0,0,0,1,0,0,1,1,0,0,0,0,2,0,6,1,0,0,0,0,0,0,0,0,617,0,0,0,0,0,0,0,11,2,0,1,0,0,0,0,1,0,1,0,0,0,0,0,0,0,0,0,0,1,0,0,0,0,0,0,0,0,0,0,0,2,0,1,0,1,0,0,1,0,0,0,1,0,0,0,1,0,0,1,1,0,0,0,0,48,0,0,1,0,0,0,0,67,0,1,1,0,0,1,2,0,0,0,0,5,0,0,0,0,0,0,0,0,0,1,0,0,0,2,0,1,0,0,0,0,25,0,0,0,1,3,1,5,0,0,1,7,0,0,3,0,0,0,0,0,0,3,0,0,0,0,0,1,2,0,0,0,0,0,0,89,1,1,7,13,0,0,0,0,5,0,0,0,0,0,1,0,0,1,19,0,0,0,5,0,1,0,1,0,0,250,0,4,1,1,0,0,0,0,0,0,0,0,0,0,0,12,0,1,1,1,0,1,1,0,0,0,0,0,0,0,7,1,2,0,0,0,0,0,0,0,0,3,2,0,0,0,0,4,0
"ENSG00000268981.5",0,0,0,0,3,0,1,0,0,0,0,0,0,5,0,1,0,7,0,0,0,0,0,2,2,1,0,14,0,0,9,1,1,0,0,0,0,0,0,0,0,1,1,0,0,0,0,0,0,0,0,8,0,1,0,0,1,3,58,0,0,33,2,6,0,0,0,0,0,2,3,0,0,0,0,0,64,1,0,0,4,0,0,0,4,0,0,0,0,2,2,28,1,0,0,0,0,1,0,0,0,0,0,1,0,0,16,0,1,0,4,1,0,2,1,3,0,0,2,3,0,0,0,0,3,0,0,2,24,0,1,0,5,0,0,0,0,0,7,0,0,1,0,0,0,0,0,0,0,0,0,0,0,30,0,0,3,0,0,19,4,0,0,0,0,5,0,0,0,6,0,0,0,31,0,0,11,0,0,0,0,0,0,1,0,0,0,0,7,26,0,0,0,1,14,0,0,0,0,0,3,0,1,57,0,0,0,0,0,1,0,0,0,6,3,0,0,0,2,0,0,0,3,0,0,0,35,0,0,0,0,1,0,0,0,0,0,0,0,0,0,0,0,0,0,0,3,0,0,0,0,0,0,0,0,0,0,0,0,0,14,4,1,1,0,0,0,0,62,0,0,0,0,0,3,0,5,0,0,1,13,0,13,0,0,0,0,1,0,0,1,0,0,0,0,0,0,1,2,0,2,1,13,0,0,0,0,1,36,0,0,0,0,0,0,15,9,0,0,0,0,0,0,5,0,0,0,0,0,0,0,2,0,0,0,0,0,0,0,0,0,0,0,0,41,7,0,0,2,2,0,1,0,3,0,0,0,0,1,1,1,1,0,0,0,0,0,0,1,1,0,2,0,3,61,0,69,0,2,7,0,3,0,0,0,5,0,4,0,0,0,0,0,0,0,0,6,0,0,2,3,0,2,0,0,0,0,0,0,0,0,0,0,1,0,0,25,0,0,1,0,0,0,0
"ENSG00000269043.2",0,0,0,1,5,0,2,0,0,1,0,1,0,167,66,5,2,42,0,4,0,1,43,13,18,5,3,23,9,15,12,4,5,3,0,0,20,1,6,3,0,7,0,0,4,0,0,11,4,0,2,78,3,0,0,0,1,0,93,0,3,77,2,4,9,2,3,0,0,0,113,0,30,0,0,1,27,2,0,100,114,55,0,2,40,0,0,28,0,1,1,102,4,0,0,0,0,21,0,78,1,0,2,1,1,1,179,0,0,0,4,3,0,42,0,70,8,0,3,9,0,5,0,0,2,3,4,0,2,37,3,0,80,0,0,4,0,1,1,4,0,17,66,3,0,2,0,1,0,1,0,4,1,116,12,0,26,13,40,63,7,0,0,3,2,0,4,7,0,48,0,2,1,137,0,0,10,2,0,0,0,0,0,3,1,1,2,4,0,207,0,0,0,65,32,1,2,0,0,0,5,2,0,835,0,0,1,4,1,15,1,0,53,12,11,19,0,0,25,21,1,2,0,0,2,1,2,50,0,6,0,9,2,0,0,13,0,0,33,3,10,0,0,2,2,1,13,0,0,0,2,0,1,4,1,0,2,0,15,59,63,15,12,4,3,0,5,3,47,4,23,0,1,1,0,0,48,0,0,2,4,7,53,0,0,0,0,1,2,0,0,0,0,1,0,0,5,0,1,4,2,1,1,2,1,0,0,3,58,3,11,0,3,2,7,55,1,2,0,3,18,2,4,2,2,0,3,1,19,0,16,0,1,0,0,6,3,0,0,0,0,6,0,0,44,22,0,0,0,2,0,29,0,20,0,3,10,2,3,0,5,0,0,5,0,0,0,0,1,5,0,2,0,0,32,0,101,2,0,71,0,52,19,0,0,2,0,40,3,0,9,4,0,13,0,0,6,0,17,3,2,0,2,0,46,1,20,0,0,0,0,3,0,1,40,0,28,0,0,8,0,1,1,2
"ENSG00000269067.2",0,0,0,0,6,0,3,1,0,0,0,8,1,49,5,1,0,88,0,15,2,1,16,12,86,1,0,52,1,0,0,1,29,1,10,0,1,0,0,2,0,45,0,0,3,0,1,1,1,0,1,260,1,2,0,0,1,0,90,0,0,166,0,8,0,0,0,0,0,0,9,1,0,0,0,3,1,0,0,6,221,14,1,0,31,1,1,1,1,0,2,112,19,0,0,1,1,37,1,11,1,1,0,0,1,0,6,4,76,1,3,4,8,12,0,62,0,1,18,67,0,1,1,0,2,1,2,3,1,69,2,1,42,1,1,0,0,0,25,12,0,1,1,2,3,0,0,0,0,2,0,0,0,88,2,0,0,6,7,78,16,0,0,2,0,8,34,0,0,84,0,1,0,243,0,1,0,17,2,172,0,1,0,12,5,0,25,2,0,116,0,0,0,139,8,2,2,0,0,1,62,0,2,134,0,3,0,0,2,1,1,1,28,19,13,5,0,0,7,4,0,13,0,0,0,0,11,0,0,0,0,9,3,0,0,8,0,0,0,4,7,1,2,0,0,0,7,0,0,0,0,1,1,0,0,0,2,0,1,0,252,50,0,9,2,0,0,3,217,0,15,1,2,1,1,0,13,0,0,18,242,2,0,0,0,0,1,3,0,0,2,0,0,0,0,2,1,2,0,0,28,0,5,2,6,0,0,2,107,10,23,0,19,0,3,644,76,1,3,0,0,0,0,0,2,1,4,0,2,0,32,0,1,0,0,1,0,0,1,0,0,0,1,0,114,82,1,0,18,0,1,12,2,51,0,2,1,0,7,0,0,0,0,0,1,5,0,0,0,1,0,2,0,2,122,0,424,0,2,287,0,87,6,0,0,6,1,82,0,1,0,1,1,1,0,0,53,0,6,0,1,0,3,0,0,39,14,0,0,11,5,0,2,0,0,0,53,0,0,1,3,0,0,0
"ENSG00000269069.1",51,0,19,21,66,19,2,16,8,44,10,14,29,114,58,6,66,23,7,66,13,3,10,5,15,54,2,38,9,16,46,100,24,42,12,14,21,7,9,58,2,33,91,39,11,4,3,11,3,5,7,15,11,17,13,26,7,55,31,21,7,27,7,18,7,38,8,34,11,34,64,37,42,0,3,12,96,27,45,35,65,12,48,7,41,106,3,12,54,1,24,49,76,0,11,5,6,66,99,22,6,2,51,14,20,73,18,7,144,49,5,17,26,18,51,46,166,42,57,50,13,48,3,7,21,3,5,22,78,87,15,6,102,6,41,5,35,3,23,9,2,62,39,8,37,102,25,39,12,36,4,6,31,28,5,22,12,74,72,22,29,1,7,32,15,5,49,7,32,85,17,27,39,282,5,5,7,35,24,43,2,88,20,16,7,5,41,8,29,126,6,25,98,35,9,17,9,21,6,58,11,11,11,383,4,35,9,42,0,37,22,15,17,28,55,122,31,0,20,49,3,12,2,12,8,3,36,168,8,10,89,73,9,19,5,86,4,3,7,2,17,10,16,25,177,85,46,6,57,42,6,9,8,14,4,23,6,9,31,86,35,41,48,160,1,17,21,6,25,7,25,8,24,5,38,40,5,0,9,6,113,19,23,1,48,6,0,6,12,26,10,14,18,7,1,4,31,9,23,106,13,23,210,5,19,4,3,21,36,50,27,24,6,45,108,181,2,26,32,12,93,131,5,69,29,15,6,5,12,7,15,7,11,31,50,5,22,58,37,36,3,10,68,16,31,24,7,12,17,1,3,58,14,22,6,13,89,62,105,42,45,2,26,198,86,20,10,39,3,9,13,11,1,5,33,6,25,14,10,33,9,7,59,16,6,11,22,13,6,10,38,40,4,51,32,36,26,9,37,3,10,22,67,14,17,42,58,36,0,6,21,2,17,3,35,43,9,6,25,9,5,4,12,3
"ENSG00000269246.1",5,6,41,0,5,8,34,2,7,13,9,10,5,14,23,1,8,14,13,16,1,3,69,4,9,1,45,2,8,4,6,4,5,4,2,6,38,9,40,20,36,15,4,5,5,71,11,3,3,6,9,5,3,37,10,21,7,18,8,13,10,7,15,17,1,12,4,18,9,22,74,1,4,0,75,3,80,23,21,5,21,7,57,23,10,29,16,2,18,21,28,13,9,337,14,0,1,11,21,2,12,9,52,5,2,5,15,1,15,18,4,6,4,5,6,18,16,5,37,20,2,12,1,22,14,0,1,68,6,18,8,1,58,8,13,1,13,3,45,1,3,23,8,3,7,8,8,34,17,9,0,3,20,15,3,9,5,16,14,11,18,19,4,8,35,15,13,49,8,12,14,9,4,16,16,8,13,577,5,8,2,138,3,4,8,19,10,13,7,43,11,9,21,6,4,18,7,17,12,70,2,12,3,13,4,142,3,5,27,7,4,13,10,4,6,9,7,7,5,9,1,12,256,12,1,2,14,10,13,4,129,8,16,6,42,37,4,14,11,7,4,4,15,8,48,90,20,14,7,6,7,12,2,16,5,5,3,13,19,8,23,14,34,70,2,6,23,3,3,4,4,2,93,2,2,16,6,2,0,17,12,31,16,6,12,4,3,8,163,41,0,9,11,60,15,10,5,12,23,11,10,33,71,2,529,4,0,11,7,8,16,24,11,21,10,3,9,21,21,5,10,13,3,61,6,22,1,8,35,2,3,11,5,13,16,3,25,9,5,54,1,5,5,21,4,3,12,208,30,3,1,30,5,5,4,3,22,16,10,49,4,7,7,45,52,7,24,0,4,27,2,7,78,8,17,82,10,4,13,8,30,4,22,25,0,28,20,3,12,6,34,6,0,20,10,5,21,43,2,2,15,20,22,9,28,11,14,23,42,8,4,41,3,0,3,6,41,37,6,6,9,2,7,13
"ENSG00000269289.6",0,0,0,6,2,1,6,0,2,0,0,1,0,16,0,0,7,7,0,1,1,0,3,12,3,0,3,3,5,0,1,5,12,47,3,1,0,1,7,21,0,1,0,5,3,0,4,9,0,0,3,5,0,17,0,1,0,0,4,0,0,20,1,1,3,3,2,12,2,10,3,29,4,0,0,1,8,1,1,13,82,24,3,76,32,0,21,6,7,1,2,172,1,0,3,0,3,3,0,12,1,0,1,2,0,0,0,0,12,1,1,1,9,10,1,43,11,3,0,424,29,5,0,1,8,0,0,20,5,58,0,1,78,0,1,1,0,0,1,2,0,4,8,0,0,3,8,0,1,0,0,0,7,0,6,3,28,20,446,8,6,1,42,21,0,11,3,0,2,1,0,0,29,58,16,0,37,104,0,80,0,1,8,7,0,0,2,1,6,6,0,14,1,18,11,0,0,1,4,0,17,14,2,259,1,299,0,0,30,0,0,0,64,19,4,0,0,0,19,11,0,2,6,1,0,0,3,10,2,7,0,0,17,2,1,110,1,0,129,18,0,3,0,0,0,1,31,0,104,0,0,1,1,14,0,0,1,1,70,2,68,15,0,3,0,21,1,0,11,1,90,1,8,0,47,0,1,0,0,2,52,21,86,0,4,0,0,1,2,29,0,0,1,7,0,9,3,0,0,0,1,0,1,0,353,0,0,5,13,1,1,0,1,1,14,9,215,1,10,7,0,0,0,5,13,0,0,0,638,0,462,0,2,1,2,2,2,32,0,3,0,8,4,3,3,61,0,0,2,0,1,45,0,6,0,0,0,0,5,1,245,0,1,0,0,5,109,0,0,132,0,1,13,20,136,0,46,1,0,13,0,12,12,0,3,48,0,6,18,1,4,1,1,2,0,4,17,1,3,0,1,0,0,0,0,0,54,56,1,1,61,0,4,1,3,0,2,66,1,0,0,0,0,0
"ENSG00000269345.1",0,1,6,0,0,1,1,0,0,0,0,1,0,22,0,0,0,13,0,1,0,1,6,0,8,0,0,2,0,0,5,1,2,3,4,0,1,0,4,11,0,36,0,0,3,0,0,0,0,0,0,1,0,6,0,0,0,0,43,0,0,38,0,6,2,0,1,0,2,0,4,0,0,0,0,0,13,0,0,7,10,1,0,0,1,0,0,6,0,0,0,13,2,0,0,0,0,4,0,5,1,0,0,0,0,1,0,1,6,0,4,0,1,2,0,8,12,3,4,29,0,0,0,1,1,0,2,5,17,17,0,0,39,0,2,2,0,0,11,17,0,3,0,1,0,0,0,0,0,2,0,1,0,50,2,0,4,16,4,16,3,0,0,1,1,1,0,1,0,9,0,0,0,88,0,0,3,0,1,15,0,0,0,2,4,0,0,1,7,10,0,0,0,11,3,3,0,0,0,0,6,0,2,36,1,0,0,0,0,0,0,0,1,14,2,29,0,0,1,14,0,1,1,0,0,0,31,0,0,0,0,0,1,0,0,1,0,0,0,0,0,2,0,1,4,0,7,0,0,0,0,0,0,0,1,0,1,1,1,0,16,3,3,7,0,0,1,2,60,1,5,3,0,2,0,0,15,0,0,6,18,0,0,0,0,0,0,2,0,1,0,0,0,0,0,0,0,4,0,54,0,0,17,0,0,0,0,1,10,2,4,0,9,0,0,167,22,0,2,0,0,27,2,104,0,0,1,0,2,0,0,1,0,0,2,2,0,0,0,0,1,0,3,0,23,7,1,1,2,0,1,0,0,11,0,0,0,0,0,0,2,0,0,0,0,0,0,0,0,0,0,2,0,1,53,0,24,1,0,21,3,14,6,0,0,2,0,8,3,0,0,0,1,4,0,0,2,0,3,0,0,0,1,0,0,16,0,0,0,1,0,0,25,0,0,1,16,0,0,1,0,3,0,0
"ENSG00000269376.1",0,0,9,0,27,0,0,0,0,1,3,0,0,0,0,0,2,1,0,6,0,0,0,0,0,0,0,0,4,1,49,2,0,5,0,0,2,0,0,0,0,11,0,0,0,0,0,0,0,0,0,3,1,1,1,1,1,1,1,0,0,1,0,1,2,3,1,1,0,0,1,1,0,0,0,0,1,0,0,0,0,5,2,0,0,5,0,0,2,0,9,1,0,0,0,0,0,2,0,0,1,0,3,0,1,1,1,0,1,0,2,0,0,0,1,0,81,0,0,0,0,0,0,7,0,0,1,0,8,1,1,0,6,1,0,0,2,0,0,0,0,0,0,0,1,0,0,0,139,0,1,0,0,0,0,0,0,0,1,2,0,0,0,3,56,1,0,11,1,0,0,2,0,1,0,1,1,1,54,0,0,1,1,0,1,0,0,4,0,0,0,1,0,0,0,2,0,3,0,0,2,0,7,0,0,1,1,0,0,0,2,1,1,1,0,0,0,0,0,1,0,0,0,0,0,0,0,0,0,0,2,4,0,0,3,1,0,0,0,0,1,0,1,0,11,1,0,0,0,2,0,0,0,0,0,0,1,9,2,0,1,0,2,12,0,2,0,0,0,0,0,0,0,0,1,0,2,2,0,1,0,1,0,2,0,20,0,1,2,0,3,0,1,0,0,1,2,0,0,4,3,0,1,0,0,1,1,1,1,0,0,51,2,0,2,0,1,1,0,0,38,2,1,0,0,1,0,0,0,0,0,0,0,0,0,0,0,0,0,0,0,0,0,253,0,0,0,10,4,0,0,1,0,1,0,0,45,0,103,0,0,0,0,5,23,0,0,6,1,0,0,0,0,0,0,0,1,1,0,1,1,0,1,0,1,1,9,4,0,0,4,0,0,1,2,0,1,190,2,0,1,1,2,0,2,0,0,0,1,0,0,0,0,1,0,0,0,0,19,2,1,1,1,1
"ENSG00000269416.6",0,0,0,0,92,22,15,15,0,1,0,159,57,371,1,1,19,43,1,3,6,0,0,7,6,18,8,10,17,23,17,2,7,0,0,29,1,0,156,135,0,11,40,0,1,1,0,20,0,22,0,33,2,2,1,17,1,56,29,0,0,91,0,14,0,15,2,1,328,137,81,2,3,0,0,0,333,2,134,12,106,13,17,10,43,1,0,3,6,0,31,70,18,1,0,0,0,1,15,145,0,0,38,0,9,0,66,0,392,0,47,1,3,18,0,6,370,28,374,155,4,28,12,0,1,0,1,4,64,0,1,0,229,1,37,0,5,0,20,12,0,86,2,1,7,192,6,56,37,0,2,0,8,75,0,4,1,286,8,40,3,8,24,85,0,29,5,10,54,310,7,3,1,294,0,3,8,44,2,0,0,19,3,6,0,0,5,39,17,32,1,7,76,118,1,166,0,0,25,1,0,79,141,60,0,201,4,32,0,12,0,25,230,54,65,0,0,0,4,36,0,4,57,8,0,0,2,74,6,2,0,27,10,2,0,118,0,0,1,7,21,0,0,7,29,105,81,7,2,0,0,2,0,1,0,0,1,2,1,85,110,14,215,143,0,53,22,1,135,1,9,0,74,0,0,0,58,0,0,54,48,9,0,5,1,57,0,5,21,9,0,2,35,1,5,4,100,0,34,0,2,1,262,1,108,0,0,1,10,63,22,1,1,23,110,3,351,3,4,16,22,1,0,560,14,40,0,0,21,1,128,20,0,79,198,0,0,265,5,0,0,2,1,0,239,18,2,0,181,0,27,60,0,259,0,0,46,4,112,34,1,0,0,142,4,1,5,239,0,6,56,9,8,13,338,0,93,0,0,28,4,64,4,0,3,25,109,24,47,117,51,0,0,241,36,48,33,262,2,0,2,1,2,0,0,0,17,2,2,0,6,0,0,0,23,0,47,7,0,0,0,32,1,0
"ENSG00000269421.1",4,0,0,0,8,0,0,0,1,0,0,1,0,5,1,0,10,10,0,0,7,0,0,3,2,1,22,13,6,0,3,1,0,3,2,2,0,0,23,9,0,1,9,8,2,0,4,1,0,0,6,11,0,2,1,0,0,5,22,1,5,4,0,1,4,0,3,1,10,0,2,1,5,0,3,2,17,1,1,2,7,1,0,4,5,0,4,2,2,2,2,10,0,0,1,0,1,2,1,2,2,0,0,2,2,0,5,1,6,9,0,3,0,2,3,7,18,6,1,7,1,9,0,7,1,0,0,20,3,1,2,1,8,2,0,0,6,1,5,3,0,10,1,1,4,1,28,2,3,0,0,0,8,3,2,0,0,7,4,12,10,0,1,14,0,10,3,0,4,6,0,0,4,14,2,0,1,2,0,2,1,0,4,6,0,0,3,11,18,10,0,1,0,11,2,5,0,2,4,0,1,27,1,11,0,22,0,0,5,0,1,9,21,27,2,1,0,2,2,13,0,1,20,6,1,0,10,11,3,0,0,12,5,0,1,11,1,0,3,2,1,6,1,0,1,0,3,16,1,0,0,24,0,22,0,0,4,0,0,22,9,7,5,6,0,4,3,0,12,0,3,0,2,0,3,0,1,0,0,1,20,3,0,2,3,0,1,7,5,1,0,5,1,1,7,0,0,3,0,1,7,3,3,1,20,1,0,23,14,0,6,0,2,1,13,37,1,0,1,9,17,0,0,12,2,3,0,2,29,1,0,12,0,0,1,2,3,2,0,0,0,1,1,0,4,11,0,0,0,0,0,42,0,22,7,0,0,0,0,21,2,0,0,0,0,2,1,4,1,11,2,1,0,5,44,0,8,0,0,15,10,5,6,0,0,8,7,0,5,5,1,0,1,9,2,4,9,0,4,0,2,2,2,1,0,0,2,0,13,3,3,2,7,2,14,0,7,0,6,1,0,0,0,1
"ENSG00000269489.1",0,0,0,0,3,3,3,1,5,2,4,2,1,28,17,0,1,2,1,1,1,0,0,0,0,5,0,1,1,0,2,2,2,4,4,0,1,0,9,1,3,0,2,1,1,1,2,0,0,1,3,1,0,7,1,8,2,1,4,2,0,1,1,2,1,2,1,0,4,2,16,5,3,0,1,0,8,4,8,1,5,14,7,4,6,0,10,0,3,6,4,4,4,4,2,0,1,2,7,0,1,0,2,0,3,0,7,0,2,7,6,4,1,1,1,2,6,1,3,3,0,1,5,2,5,1,0,7,2,0,1,0,11,2,2,1,3,2,12,3,1,14,4,1,3,2,16,9,2,0,0,0,0,3,1,3,0,4,6,4,8,1,6,0,12,0,5,2,2,6,1,1,2,3,4,1,4,7,11,0,1,0,8,4,4,0,3,1,2,4,0,2,9,5,0,7,0,2,2,6,1,1,5,12,0,9,1,0,1,3,0,6,4,1,2,0,0,0,1,11,0,4,3,1,1,1,4,4,0,0,4,7,3,2,2,3,2,1,3,4,0,4,0,1,21,7,0,1,2,8,1,2,1,2,0,0,0,0,1,4,1,0,1,19,0,0,5,1,10,0,3,0,6,0,1,6,3,0,0,1,3,5,11,0,2,2,0,1,13,4,3,2,5,9,0,8,1,2,10,1,10,4,3,1,9,4,0,3,2,6,4,9,7,2,6,1,7,4,4,6,0,3,0,1,2,1,0,2,1,0,6,2,8,2,11,1,3,3,1,9,0,3,2,13,2,0,0,2,2,1,1,2,0,9,3,0,20,0,3,4,0,1,3,11,8,2,8,6,0,2,3,9,4,3,49,6,4,0,2,1,0,1,4,0,3,2,3,2,0,1,5,1,0,4,5,3,4,12,1,0,2,4,1,0,8,3,3,3,1,3,1,3,3,1,0,0,3,2,7,1,0,3,10,0
"ENSG00000269586.7",0,0,0,0,0,0,1,0,0,0,0,0,0,6,332,0,0,6,0,0,0,0,1,0,0,0,0,0,0,0,0,0,2,0,0,0,0,0,0,0,0,0,0,0,0,0,0,0,0,0,0,20,0,53,0,0,0,0,0,0,0,23,0,0,0,0,0,0,0,0,1,0,0,0,0,0,0,0,59,0,0,2,0,0,0,0,0,0,0,0,0,0,0,0,0,0,0,0,0,0,0,0,0,0,0,0,0,0,43,0,0,0,0,0,0,0,0,0,24,209,0,1,0,0,0,0,0,1,0,0,0,0,7,0,0,0,0,0,12,0,0,0,0,0,0,4,0,0,0,0,0,0,0,2,0,0,0,0,0,1,0,0,0,0,0,11,34,0,0,13,0,0,0,0,0,0,0,118,0,0,0,0,0,0,0,0,2,0,0,0,0,0,0,0,0,0,0,0,0,0,0,0,0,1,0,85,0,0,0,0,0,0,32,9,0,0,0,0,1,2,0,0,0,0,0,0,0,0,0,0,0,0,0,0,0,0,0,0,0,0,0,0,0,0,0,0,0,0,0,0,0,0,0,0,0,0,0,0,0,0,1,0,0,2,0,0,0,0,72,0,0,0,1,0,0,0,0,0,0,1,0,0,0,0,0,0,0,0,0,0,0,0,0,0,0,243,3,0,0,0,0,0,0,0,364,0,0,1,1,0,0,0,0,0,0,0,103,1,0,0,0,0,0,11,0,0,0,0,0,0,2,0,0,0,0,0,0,0,0,0,0,0,0,0,151,1,0,0,1,0,0,0,0,8,0,0,1,0,0,0,2,0,0,0,0,0,0,273,0,0,0,0,0,0,212,0,2,0,0,0,0,0,0,0,0,0,0,0,0,0,0,0,0,0,0,0,0,72,0,0,0,0,0,0,0,0,1,32,0,0,0,0,0,0,0,0,0,0,0,0,0,0,0,0
"ENSG00000269699.6",0,0,0,0,6,14,0,0,0,1,12,2,1,2,0,0,1,4,3,5,0,0,0,1,1,0,0,1,0,0,38,0,0,1,2,1,1,0,0,3,0,1,9,0,0,1,0,0,0,0,0,2,0,2,5,1,2,3,2,0,0,4,0,1,0,13,2,0,0,0,118,1,0,0,0,0,1,0,19,2,34,0,0,0,3,1,0,3,0,1,0,4,13,2,0,1,3,1,6,1,1,0,1,2,1,0,4,0,26,0,14,0,0,0,23,0,35,1,3,2,0,1,0,0,2,0,0,2,39,0,0,1,5,1,0,0,20,0,1,0,0,14,1,0,1,0,0,3,4,0,0,0,1,2,0,0,0,2,1,1,0,0,0,11,0,0,6,0,0,7,0,0,0,99,0,0,0,0,3,11,0,1,0,4,9,0,1,0,3,4,0,0,0,0,0,9,0,0,0,0,1,0,15,31,0,1,1,0,0,0,1,3,2,0,4,0,0,0,0,0,0,5,8,0,1,0,3,0,0,1,1,0,0,1,0,1,0,0,1,0,0,0,0,0,8,3,2,0,0,2,0,0,2,0,0,0,2,0,2,0,5,0,0,13,0,8,7,5,2,1,0,0,0,1,0,12,3,0,0,0,1,4,0,0,1,3,1,1,6,0,0,0,0,0,1,0,4,0,2,0,0,0,0,0,7,1,0,0,0,56,0,10,1,0,4,1,9,5,0,0,19,0,0,41,0,10,0,0,1,0,114,0,1,10,0,0,0,0,19,0,0,0,0,0,4,1,1,0,12,0,0,0,0,17,1,0,12,0,10,1,0,0,0,10,0,0,0,23,0,0,0,0,0,1,13,0,47,1,0,0,1,6,0,0,0,1,1,0,0,0,15,0,0,7,4,0,1,1,0,0,0,5,1,0,0,0,0,2,0,1,0,0,0,0,0,1,1,2,4,0,0,0,1,0
"ENSG00000269894.1",6,0,25,3,5,2,5,0,3,13,21,10,10,31,28,2,8,14,5,13,2,3,3,2,11,2,10,8,3,9,10,1,10,18,5,0,4,2,8,9,5,9,15,4,4,6,1,1,0,0,12,8,4,16,3,36,5,5,7,8,8,6,7,2,2,14,7,7,5,4,18,5,4,1,5,2,20,4,14,4,16,18,40,3,18,14,5,7,7,6,12,8,6,3,6,0,2,2,21,0,4,3,5,4,6,20,9,0,17,13,3,4,1,3,8,5,11,4,2,17,1,22,1,11,1,0,0,18,5,18,11,2,22,7,10,2,2,0,13,3,0,18,8,5,7,23,13,44,19,11,0,0,7,4,2,5,17,7,24,10,14,6,9,9,12,4,19,25,3,5,5,6,1,36,4,6,2,17,15,8,0,3,5,7,8,5,4,4,6,9,1,11,19,38,1,25,2,2,2,7,2,12,5,29,0,23,3,11,6,13,10,9,4,4,8,5,19,1,11,17,0,1,6,3,3,3,10,21,4,18,11,12,3,10,11,12,2,5,1,6,0,5,8,2,27,24,47,6,23,11,3,12,2,9,1,4,0,1,6,19,3,2,6,24,0,14,22,0,16,3,2,1,15,0,5,4,10,0,4,10,16,7,8,0,8,5,0,11,3,11,0,3,7,10,5,13,6,3,15,12,13,6,6,4,33,1,2,6,16,8,10,29,5,11,13,4,3,7,4,0,6,6,0,22,4,16,0,7,1,1,17,12,1,6,6,3,2,5,5,8,0,4,4,51,3,6,4,6,11,0,2,14,9,19,4,1,13,71,9,36,2,1,3,79,7,12,1,7,5,6,10,6,0,11,24,19,23,0,4,23,5,12,4,2,6,1,14,6,3,3,14,6,0,16,11,2,11,8,4,1,11,17,13,6,28,7,6,11,5,8,6,3,7,5,1,0,1,16,8,0,1,1,5,0
"ENSG00000269978.1",1,0,0,0,4,2,0,3,0,12,5,2,20,1,1,0,18,0,0,5,3,0,1,0,0,0,1,2,0,0,35,0,1,3,7,0,0,0,2,1,0,6,2,2,3,0,0,0,1,0,0,0,0,1,0,0,7,30,0,0,3,0,0,1,0,5,1,0,0,0,2,0,0,0,2,0,12,2,1,0,1,0,31,9,0,9,0,0,3,0,19,2,0,0,6,0,5,0,0,0,1,0,3,0,3,15,75,0,9,0,11,0,1,0,6,0,12,0,14,1,0,0,1,0,1,0,0,1,8,1,0,3,1,0,2,0,0,0,144,0,0,6,0,0,3,0,3,41,8,10,0,2,0,1,0,0,1,0,2,0,2,16,1,3,12,0,2,2,2,0,0,0,0,1,21,11,0,0,3,0,0,7,2,18,1,0,0,0,9,0,1,1,8,0,0,66,1,0,0,10,0,1,14,0,0,1,1,0,0,1,13,9,0,1,2,8,1,0,1,1,0,0,2,3,1,0,0,0,0,1,0,1,0,1,0,4,0,0,0,1,2,0,2,4,10,11,1,38,2,0,2,0,0,0,0,13,0,9,1,0,0,0,3,1,0,2,0,0,1,0,0,0,1,0,2,11,0,0,0,0,0,2,1,0,0,1,0,25,20,2,4,1,1,0,25,6,0,0,1,11,0,4,1,1,4,0,0,0,0,10,1,7,0,9,28,90,0,12,2,1,16,25,1,30,2,56,0,0,0,0,1,0,4,5,0,0,0,0,1,0,0,1,6,58,0,0,0,17,0,0,0,42,0,0,0,1,4,18,0,131,0,1,1,46,4,0,0,24,2,0,2,1,0,1,1,0,0,2,0,1,0,1,0,1,1,1,12,2,0,0,36,0,0,27,18,0,1,0,1,0,0,37,4,0,6,0,0,1,1,0,0,0,0,1,0,1,0,1,50,0,2,0,46,2
"ENSG00000269985.1",302,103,0,13,1,0,0,0,501,39,0,1,1,19,32,40,0,54,0,13,1,53,123,5,51,0,0,7,0,31,1,21,0,12,0,23,143,0,0,0,0,36,1,13,85,0,69,3,82,9,6,20,24,0,178,2,156,0,96,0,11,64,0,19,87,0,34,45,1,0,18,11,1,88,50,135,0,2,0,45,41,84,20,0,1,0,0,0,111,119,20,144,1,29,0,52,626,81,0,0,97,31,7,1,13,2,0,40,9,0,0,90,90,33,0,139,11,0,12,30,105,55,2,85,0,39,42,1,0,16,44,190,1,18,30,90,0,141,0,0,79,14,63,102,0,1,0,3,1,128,132,40,0,88,98,80,337,17,0,14,2,59,74,5,6,20,24,2,2,0,85,3,27,98,0,22,7,6,25,75,82,0,0,0,1,26,0,2,66,34,0,0,0,33,51,0,79,65,48,0,1,23,1,31,126,0,1,34,30,6,34,0,2,0,8,1,16,69,0,102,187,63,0,0,91,51,2,0,0,0,1,6,2,48,0,16,33,192,42,84,0,17,19,0,4,2,0,0,369,8,61,0,116,0,10,3,49,0,7,7,83,41,0,1,315,3,3,67,0,103,1,153,0,123,2,0,1,37,11,23,46,1,37,280,29,7,123,0,0,2,97,0,0,18,7,0,1,31,0,40,27,1,1,67,0,4,0,12,0,0,5,0,8,0,1,60,0,1,143,0,1,141,33,0,24,0,120,0,0,128,9,2,83,1,3,102,211,0,1,202,9,518,0,11,0,40,0,1,0,25,171,54,5,0,0,120,0,41,1,0,67,289,60,38,73,1,0,0,24,0,0,25,1,0,54,13,2,161,0,165,10,2,79,0,70,35,1,2,0,0,0,6,13,0,0,4,85,0,32,233,60,0,0,0,161,0,1,1,112,178,36,34,288,214,2,0,33,0,4,74,95,0,0,97
"ENSG00000269994.3",0,0,0,0,0,0,16,0,0,1,0,0,0,454,84,0,0,26,0,3,1,3,2,1,8,3,0,32,24,102,0,0,2,3,0,0,50,0,0,0,0,0,8,0,1,0,0,0,3,0,0,42,1,87,0,0,0,0,19,0,3,39,0,17,0,0,23,0,2,0,227,0,2,0,0,0,0,9,11,132,4,94,0,0,7,0,0,1,1,3,0,0,99,0,2,2,0,100,19,1,0,0,0,0,0,1,0,1,370,173,0,3,0,21,0,0,0,2,357,34,0,19,1,0,1,0,0,6,0,0,0,1,43,0,0,3,0,1,3,7,0,54,73,12,3,3,13,35,1,0,0,0,0,105,2,1,0,2,2,1,0,0,0,3,23,2,20,0,0,125,87,32,0,465,0,0,1,10,0,0,0,1,0,0,3,0,62,1,3,35,0,0,4,31,12,89,0,0,0,0,0,0,2,335,1,20,0,0,0,0,25,45,44,117,20,0,0,0,15,7,0,15,0,1,2,1,0,72,0,0,0,0,0,0,0,2,0,0,0,5,0,0,0,1,0,1,9,0,1,0,1,1,0,2,3,0,2,0,0,241,17,6,0,135,1,2,0,0,45,2,15,0,49,2,2,0,140,0,0,20,119,18,437,1,2,0,1,0,0,23,7,0,1,0,0,20,17,0,0,0,0,0,416,3,132,0,0,0,18,34,2,0,0,0,0,2,38,1,5,0,0,9,0,1,7,1,0,0,2,0,114,0,1,0,0,3,0,9,1,0,0,0,0,0,5,6,0,0,5,0,0,2,0,11,0,2,0,0,1,0,11,0,0,1,1,0,0,0,0,0,0,3,22,0,159,1,3,0,1,79,3,6,1,0,0,0,0,0,7,0,29,1,1,0,0,0,4,10,3,0,1,0,0,0,15,2,6,104,7,4,9,3,0,0,8,0,24,2,0,6,0,0,0,0
"ENSG00000270035.1",2,0,2,0,6,0,0,1,0,13,0,2,6,0,0,0,13,0,0,5,3,0,0,0,0,0,0,0,0,1,13,0,0,0,8,0,2,0,1,0,0,0,0,0,0,2,0,0,0,0,1,0,2,0,0,0,5,26,0,0,0,0,0,0,0,0,1,0,0,0,0,1,0,0,0,0,16,2,2,1,0,0,5,4,2,2,0,0,1,0,9,2,0,0,7,0,0,1,0,0,0,0,1,0,4,9,57,0,9,0,3,3,1,0,1,0,19,0,13,0,0,0,0,0,1,0,0,0,1,1,0,0,1,0,2,0,0,0,75,0,0,3,0,0,2,1,1,26,6,3,0,0,0,1,1,1,3,0,0,0,2,8,1,10,10,0,1,1,0,0,0,0,1,0,5,6,0,1,9,1,1,8,0,8,1,0,1,0,13,0,0,0,9,0,0,74,0,1,0,3,0,0,10,0,0,1,2,0,0,0,2,2,0,2,2,3,0,0,0,0,0,1,3,0,1,0,0,0,0,1,0,0,0,1,0,1,0,0,1,0,4,1,1,1,11,10,1,20,1,0,0,0,0,0,2,9,0,4,1,1,0,1,0,0,0,1,4,2,0,1,2,0,1,0,0,11,0,0,2,0,0,1,0,2,1,13,0,13,20,0,3,0,1,1,13,7,0,1,1,14,0,8,0,1,19,1,0,0,0,5,4,10,0,5,10,52,0,7,1,0,12,21,0,10,0,24,0,0,0,0,0,0,0,9,2,0,0,0,0,0,0,0,2,37,0,1,0,8,0,5,0,27,0,0,0,1,2,15,0,110,0,0,1,27,9,1,1,18,0,0,0,0,0,0,0,0,0,1,0,2,0,0,1,2,0,0,5,0,0,0,36,0,0,31,13,2,0,0,0,0,0,30,5,1,0,1,3,0,2,3,1,0,0,0,0,4,0,2,60,0,0,0,22,0
"ENSG00000270038.1",0,0,0,0,0,0,0,0,0,0,0,0,0,16,18,0,0,0,0,1,0,2,17,0,5,0,0,8,0,29,2,0,10,4,7,0,4,0,0,0,0,0,6,0,0,0,0,1,0,0,0,18,0,13,0,1,0,0,45,0,0,1,0,1,0,0,0,0,0,0,74,0,0,0,0,0,3,0,5,2,31,25,0,0,34,0,0,11,0,0,0,58,1,3,0,0,0,31,2,0,0,0,0,0,0,0,0,0,272,5,0,0,0,25,15,1,0,6,0,18,0,91,0,0,0,0,0,2,0,0,0,0,19,0,0,0,0,0,0,5,0,1,16,0,0,12,0,0,5,0,0,0,0,2,0,0,0,0,13,24,29,0,0,0,0,9,40,0,1,0,0,4,0,26,0,0,0,5,0,0,0,0,0,0,0,0,7,0,0,7,0,19,0,74,4,0,0,0,0,0,0,0,0,3,0,7,0,0,1,11,0,0,5,0,1,0,0,0,55,3,0,24,4,0,0,0,0,39,0,1,0,5,0,0,1,35,0,0,0,0,4,0,1,0,0,1,3,0,0,2,1,0,0,0,0,0,0,0,0,1,2,11,2,9,0,0,0,0,20,0,2,0,19,0,0,0,22,0,0,0,9,32,3,0,0,0,0,0,0,0,0,0,0,0,0,7,12,0,0,0,0,0,5,0,10,0,0,3,0,0,3,0,0,1,1,43,40,0,0,1,0,0,0,0,0,1,0,0,2,0,38,0,5,0,65,0,0,29,0,0,0,0,0,0,52,14,0,0,3,0,1,2,0,43,0,0,0,0,0,0,1,0,0,0,2,0,0,0,0,0,0,2,0,3,30,1,98,0,0,3,0,12,45,0,0,0,0,0,8,0,6,0,0,0,0,3,31,2,0,0,1,0,0,0,4,0,3,0,2,0,0,0,0,0,1,0,10,0,0,0,0,1,0,0
"ENSG00000270115.1",10,0,2,0,3,1,0,0,0,1,1,0,2,1,2,0,2,4,2,3,0,0,0,0,3,1,0,6,0,2,3,1,4,2,2,0,0,0,2,1,2,4,0,0,1,2,0,0,0,0,2,1,0,1,4,8,1,1,1,2,1,4,1,3,0,3,4,0,1,5,10,2,1,0,0,0,3,2,2,4,8,14,1,2,4,5,0,2,5,1,1,1,0,0,0,0,1,5,2,3,1,2,1,2,0,0,1,0,9,1,1,0,2,1,3,2,8,2,2,3,0,2,0,0,1,0,0,5,5,6,2,0,7,0,3,0,3,0,2,0,0,4,1,0,1,4,5,8,1,3,3,0,3,0,0,0,0,1,5,7,1,1,1,0,2,1,9,0,0,1,2,1,2,19,0,1,0,4,3,0,2,3,0,2,4,1,7,0,0,1,0,2,8,5,1,5,0,1,0,6,0,2,1,8,0,3,2,10,3,9,2,1,4,1,4,4,1,1,1,4,0,0,3,1,0,0,3,4,0,0,1,3,2,1,0,0,0,2,0,0,0,0,0,3,6,3,2,0,3,4,0,0,0,4,0,0,0,3,2,10,1,1,2,7,0,1,2,1,6,0,2,1,4,0,1,0,0,0,1,2,4,2,2,0,2,1,0,2,2,1,0,1,2,2,3,4,12,2,1,6,1,2,4,1,4,0,0,1,1,1,1,5,0,1,0,0,0,2,2,0,2,19,0,4,0,1,0,2,2,0,3,2,0,3,3,1,2,2,2,0,1,0,1,0,1,1,1,1,1,0,0,5,5,5,2,0,1,7,0,15,0,0,1,16,2,1,0,0,1,0,1,4,0,5,8,5,2,0,3,2,0,4,1,0,1,0,1,0,1,1,3,4,0,2,4,0,0,2,9,0,6,1,0,0,7,0,1,4,0,1,2,4,0,1,0,0,1,4,4,0,0,0,2,1
"ENSG00000270164.1",10,0,24,14,259,324,33,6,12,26,8,1,96,70,43,6,27,2,1,839,6,4,15,11,4,0,4,4,12,35,1,21,15,6,6,46,5,31,1,4,17,22,5,12,19,21,5,7,3,3,18,20,13,108,0,4,5,5,3,0,9,15,0,13,4,1,107,0,2,31,15,19,3,0,7,9,5,94,4,174,3,9,27,32,2,0,12,7,10,11,50,4,2,36,3,3,8,10,25,16,10,3,65,1,15,5,2,15,51,0,9,24,46,15,13,2,8,4,4,10,5,20,4,21,12,5,14,18,1,14,3,5,21,10,12,6,5,2,1,5,2,244,44,4,39,19,60,106,36,13,3,8,0,3,16,1,6,6,1,11,45,2,13,14,956,46,63,45,0,11,7,0,9,21,10,9,11,4,734,11,2,0,12,18,1,6,2,7,1,0,8,138,28,21,3,1,4,11,2,6,4,1,39,51,3,6,23,3,10,0,18,45,7,6,23,30,4,3,28,9,2,2,7,22,4,2,3,24,30,2,11,11,36,31,10,40,2,3,3,4,11,13,11,1,11,6,1,11,12,3,9,3,4,22,8,5,0,19,20,22,6,10,10,11,5,887,220,8,5,2,16,5,87,0,14,2,3,0,4,32,8,49,1,1,2,6,2,19,31,22,15,145,9971,6,14,10,10,6,22,21,17,25,8,8,26,34,1,34,6,2,0,1136,0,207,56,31,70,501,4,12,9,21,1,5,11,0,4,0,4,0,1,80,20,4,1,8,2,7,1,2,1,34,17,6,12,0,2,8,23,6,3,30,18,4,0,14,7,2,41,202,1,12,15,35,20,4,1,4,1,11,0,5,6,25,87,3,3,7,3,3,7,8,1,51,7,6,89,79,6,1,13,2,1,17,685,6,10,3,21,0,24,6,26,0,99,26,2,19,8,10,36,16,22,10,4,1,3,115,17,0,2,1,6,5
"ENSG00000270171.1",4,0,0,0,2,0,0,0,0,5,1,0,9,2,0,0,7,0,0,1,1,0,2,0,0,0,0,0,0,0,11,0,1,0,0,0,2,0,0,0,0,1,1,0,2,0,0,0,0,0,0,1,1,0,0,1,1,12,1,0,0,0,0,0,0,0,1,0,1,0,1,0,0,0,1,0,1,0,2,0,0,0,2,1,0,5,0,0,0,0,13,0,0,0,9,0,0,0,0,0,0,0,0,0,1,13,62,0,12,0,3,1,0,1,3,0,3,0,3,1,0,0,0,0,0,0,0,0,1,2,0,0,1,0,0,0,0,0,128,0,1,0,0,0,1,0,0,26,5,2,1,0,0,0,0,0,0,3,1,0,3,11,1,2,5,0,0,1,0,0,1,1,0,0,4,1,0,0,2,0,0,0,0,3,0,0,0,1,5,0,0,0,6,0,0,101,0,0,0,3,0,0,4,0,0,0,1,0,0,0,3,2,1,0,0,4,0,0,0,1,0,0,2,0,0,0,0,1,0,0,0,0,0,0,0,0,0,0,0,0,6,0,0,2,2,3,0,9,0,1,0,0,1,0,0,11,1,0,0,0,0,0,0,0,1,1,1,1,1,0,0,0,0,0,0,25,0,0,0,0,0,0,0,0,1,0,0,1,5,0,0,0,1,0,6,0,1,1,3,4,1,1,0,0,0,0,0,0,1,6,1,2,1,2,8,21,0,4,0,0,7,14,0,19,0,29,0,0,0,0,0,0,0,7,1,0,0,0,0,0,0,2,2,13,0,0,0,3,0,0,0,7,0,0,0,0,11,5,0,45,0,1,0,37,4,0,0,6,0,1,0,1,0,0,0,0,1,0,0,0,0,0,0,0,0,0,12,0,0,0,34,0,0,17,4,0,0,0,1,0,0,11,2,0,2,0,0,1,0,0,0,0,0,1,0,0,0,4,122,0,0,0,16,0
"ENSG00000270178.1",2,0,1,0,1,0,0,0,2,2,0,1,1,5,4,1,0,2,1,0,1,0,2,0,1,0,1,0,1,5,5,2,2,3,5,0,0,0,1,0,2,1,2,1,0,0,1,0,0,0,1,1,0,3,0,3,0,1,4,1,2,1,1,2,0,1,1,0,4,1,6,1,0,0,2,0,3,0,5,1,2,4,2,1,3,2,0,0,0,4,7,10,1,0,1,0,2,0,0,0,4,0,2,0,2,2,0,0,7,0,1,0,0,0,4,2,3,2,1,3,0,2,0,3,0,0,0,0,0,0,1,0,1,1,2,0,0,0,1,0,0,1,3,0,0,3,6,6,2,0,0,0,2,1,0,1,2,2,2,1,1,0,3,0,2,1,5,6,0,1,4,1,1,1,3,0,0,1,0,0,0,0,1,1,0,0,0,0,1,0,0,2,5,7,2,1,0,3,1,0,0,0,1,1,0,9,0,0,4,0,0,1,18,7,0,0,7,0,2,1,0,0,9,0,1,0,1,0,1,0,3,3,0,0,3,1,0,1,2,1,0,3,0,1,2,6,0,0,1,0,1,0,0,1,0,0,0,1,3,8,1,0,1,1,0,2,4,2,0,1,1,0,1,0,0,0,0,0,3,0,1,1,1,0,0,0,0,0,10,0,0,1,0,4,0,4,1,0,0,0,0,1,8,0,1,0,0,0,2,1,0,4,0,2,3,0,1,0,1,3,1,3,0,2,1,1,0,0,3,1,0,0,0,0,0,1,0,0,2,0,0,1,1,4,0,1,0,3,0,0,0,1,1,4,0,0,1,10,1,8,0,0,1,24,8,1,1,0,0,0,0,0,0,2,4,0,1,0,0,1,3,0,3,0,0,3,2,0,0,0,0,0,0,3,0,3,8,0,0,0,0,1,4,0,1,0,0,4,1,0,0,0,0,1,4,0,0,8,3,1,2,0,4,0
"ENSG00000270195.2",22,0,36,2,11,7,19,0,10,21,80,8,11,41,14,4,9,6,2,5,5,6,1,4,2,1,8,10,4,10,22,5,6,3,14,9,5,5,18,11,7,9,9,4,3,14,8,6,0,4,8,8,5,17,2,29,1,5,11,3,11,9,2,5,1,21,4,2,26,20,24,12,2,1,8,3,19,9,11,21,11,16,264,3,14,4,8,4,8,10,13,7,15,55,6,1,12,5,10,3,6,4,2,1,4,8,11,1,42,13,8,15,4,2,9,1,31,4,4,33,2,6,2,12,14,0,3,32,6,12,3,2,32,7,6,0,8,1,32,1,1,45,11,5,14,27,33,38,8,4,1,4,3,7,1,9,10,12,18,15,22,5,14,4,7,17,17,103,16,15,3,14,3,56,1,1,2,24,36,4,1,4,5,11,2,0,4,5,6,13,4,22,11,18,1,30,3,14,0,9,3,13,17,58,0,24,5,7,16,8,8,13,6,6,7,4,11,0,22,10,1,2,3,1,2,1,5,20,8,7,26,18,11,9,7,13,0,3,1,7,1,4,3,3,65,11,9,7,6,10,4,13,0,18,0,7,2,14,10,28,8,5,27,20,2,12,29,5,7,2,5,0,18,0,4,15,8,0,4,12,11,17,11,1,3,5,0,6,44,8,7,1,26,13,4,21,19,1,19,32,16,11,32,4,14,3,2,9,11,2,9,12,4,2,4,11,12,29,3,7,9,36,0,22,5,19,1,5,2,0,5,16,5,25,15,0,5,3,5,9,1,4,6,54,19,5,1,25,27,0,1,17,7,17,6,2,11,61,16,9,3,0,8,34,21,4,15,8,2,6,8,18,1,7,43,9,13,2,1,13,7,7,5,0,6,8,38,0,11,9,11,1,0,9,7,2,8,35,17,2,10,9,17,1,24,12,3,7,11,4,6,9,7,5,3,1,7,32,23,2,1,4,21,0
"ENSG00000270325.1",0,0,0,0,1,0,0,0,0,0,0,0,0,27,3,1,4,20,1,0,0,0,0,1,8,0,0,13,0,4,3,0,9,0,5,0,1,0,0,0,0,5,0,0,0,0,0,0,0,0,0,9,2,0,0,2,0,0,33,0,0,22,0,0,0,0,0,0,1,1,0,0,0,0,0,0,193,0,0,2,3,22,0,0,6,0,0,0,2,0,1,2,0,0,0,0,0,1,0,3,0,0,0,1,1,1,6,1,13,0,2,0,0,11,0,0,2,0,0,18,0,1,0,0,2,0,0,0,1,1,2,1,1,0,0,0,0,0,3,0,0,1,8,1,4,1,2,0,0,0,0,0,45,18,0,1,1,3,0,59,2,0,0,1,1,1,1,1,0,2,1,0,0,2,1,1,6,0,1,0,0,1,0,7,1,0,0,0,8,23,1,0,0,93,9,0,0,0,0,0,6,0,1,4,0,0,0,0,5,1,0,1,15,7,0,0,0,0,2,5,1,0,0,1,1,0,0,1,0,0,0,0,1,2,0,0,0,0,0,13,2,1,0,0,0,0,4,0,0,0,0,0,0,0,0,0,0,0,0,0,20,3,3,0,0,0,0,1,16,0,4,0,0,0,0,0,14,0,0,0,63,0,1,0,0,0,0,1,0,1,2,0,0,38,0,0,0,0,0,0,2,0,2,0,0,0,1,7,17,0,0,0,7,0,3,24,0,3,1,0,0,0,0,0,2,0,0,0,0,0,0,2,2,0,0,0,0,0,0,0,0,1,0,0,22,9,0,0,1,0,0,4,3,4,0,0,1,0,1,0,10,0,0,1,0,0,1,0,0,4,3,2,0,0,20,3,5,0,0,114,3,13,3,0,0,15,1,7,0,0,1,0,0,8,0,0,1,0,1,0,0,0,1,0,1,1,0,3,1,1,5,1,14,2,1,0,4,1,0,1,0,0,0,0
"ENSG00000270326.1",0,0,0,3,0,0,0,1,1,0,1,1,2,4,0,1,0,18,0,6,5,0,8,3,5,1,1,1,0,0,0,2,19,2,26,1,1,0,0,1,0,3,1,23,0,0,0,1,0,1,0,4,0,5,1,2,3,1,4,0,1,1,0,0,0,1,1,11,6,0,6,8,0,0,0,1,1,1,4,2,72,19,0,6,6,6,0,0,3,0,0,7,0,0,0,1,0,1,3,0,0,0,0,5,0,3,1,0,2,0,7,0,0,0,1,0,4,0,18,82,0,2,2,2,0,1,0,0,2,2,3,2,7,1,9,2,4,0,0,0,1,3,1,0,5,9,0,0,0,0,1,0,1,3,2,0,1,16,9,7,1,1,2,2,0,0,0,1,2,2,0,2,4,0,0,4,46,2,2,7,0,36,2,2,2,0,0,1,3,3,0,0,0,14,8,2,1,5,1,8,4,1,2,1,1,4,1,0,0,1,19,1,16,3,3,0,6,0,1,7,0,2,0,2,0,0,2,9,0,3,1,2,2,1,0,11,0,4,3,2,1,2,3,2,1,2,0,0,3,0,0,0,1,3,0,4,0,0,8,0,9,2,3,4,0,5,0,2,3,0,13,1,1,2,0,0,1,0,0,0,1,0,0,0,2,1,0,17,0,3,0,5,0,3,0,0,3,4,2,0,1,1,0,0,0,1,0,1,11,2,0,0,2,6,46,1,10,2,1,2,1,7,0,0,0,0,2,9,2,0,149,0,0,1,2,1,0,2,0,0,0,2,1,0,0,3,0,0,0,0,0,0,1,0,1,1,1,0,4,0,4,0,1,1,1,1,0,12,0,2,0,1,0,0,4,0,2,0,1,0,1,2,21,0,0,4,0,0,0,1,3,1,0,1,1,0,7,0,4,1,2,0,10,1,1,0,3,12,0,0,5,0,4,1,2,0,3,23,5,3,2,0,4,0
"ENSG00000270372.1",282,0,0,5,0,0,248,0,0,0,0,0,0,182,19,0,0,24,0,0,0,0,45,4,12,15,8,43,188,108,0,0,0,0,31,0,2,0,0,3,9,64,29,0,1,0,0,4,0,0,0,68,0,2,0,0,0,3,23,0,0,0,0,17,36,0,0,1,19,0,157,0,1,0,1,0,262,0,3,27,4,6,1,0,0,24,8,3,0,3,1,46,27,10,0,0,1,22,1,0,1,0,8,0,0,111,1,0,109,19,8,0,0,0,0,20,0,9,47,14,1,0,0,0,83,0,1,110,0,84,1,0,3,0,0,0,0,1,0,0,0,0,77,0,0,0,128,0,0,0,0,0,0,53,1,0,192,1,1,0,3,0,41,0,0,15,17,5,0,47,45,17,0,245,0,0,4,95,0,87,0,92,0,0,0,0,3,7,32,29,0,0,0,0,1,0,2,0,0,4,0,12,41,285,0,143,0,0,13,0,0,6,371,91,2,30,0,0,8,0,0,10,416,0,0,0,2,17,28,0,49,1,0,0,0,0,0,0,0,7,40,2,0,0,0,2,4,0,0,1,5,0,0,0,0,0,0,0,3,229,8,118,11,8,0,0,0,0,30,0,9,0,10,0,0,0,270,0,0,21,76,30,112,0,0,1,0,1,64,1,0,0,0,0,0,14,0,0,0,0,0,73,310,0,22,0,11,3,7,14,63,0,0,1,0,7,121,5,0,25,0,0,0,0,16,0,0,0,35,0,0,0,0,0,1,0,0,0,0,0,0,42,8,0,1,22,0,153,33,0,0,1,0,3,0,0,0,0,29,0,26,2,0,0,0,0,0,0,0,22,0,3,103,2,205,3,131,0,0,26,0,18,28,0,0,3,0,0,11,0,1,0,0,0,0,2,4,2,0,0,0,0,1,0,7,0,11,74,65,0,0,3,0,0,0,0,9,0,40,0,0,0,0,0
"ENSG00000270412.1",1,0,8,0,1,0,0,2,1,3,0,1,4,0,2,0,2,0,0,2,2,0,6,1,0,1,0,1,0,0,0,0,1,1,3,3,0,0,0,2,9,1,2,0,0,0,0,2,0,2,0,0,0,0,2,2,2,1,1,0,2,0,0,1,0,0,1,1,0,1,2,6,2,1,2,0,0,0,0,1,1,0,0,3,2,1,3,0,7,4,5,0,0,0,1,0,4,7,0,0,3,0,5,0,0,2,3,0,0,2,3,0,0,0,0,1,4,0,0,0,0,1,0,0,3,0,0,1,0,2,0,0,0,0,2,0,1,0,0,0,0,0,2,0,2,2,1,2,2,0,0,0,0,1,1,1,1,6,3,0,0,0,1,1,0,0,0,1,0,1,0,0,0,0,3,1,0,0,1,0,0,4,0,0,0,0,3,3,0,0,0,1,0,1,0,0,0,0,1,0,3,1,3,0,0,0,0,1,0,0,4,4,2,1,4,1,0,0,1,0,0,0,0,0,0,0,7,0,0,0,3,2,4,1,5,2,0,1,0,0,1,2,2,2,1,1,1,0,1,0,1,2,0,0,0,0,1,3,0,0,2,0,1,1,0,3,1,0,0,0,2,0,0,0,4,1,1,0,0,0,0,0,4,0,1,1,0,1,0,0,0,0,1,0,0,0,1,0,0,1,3,5,2,0,0,1,0,1,0,1,2,1,0,5,3,1,1,0,1,2,1,1,0,1,2,1,0,0,0,0,1,3,2,0,0,0,1,3,1,0,0,0,1,1,1,0,0,4,0,0,0,1,1,0,2,0,0,0,0,0,1,2,1,0,0,0,0,3,0,1,0,2,0,1,0,3,1,0,1,1,0,3,0,3,0,0,2,1,1,0,1,2,0,6,1,0,1,0,2,0,0,0,4,0,2,3,0,0,5,6,1,0,2,2,2,0,0,0,1,1,0,2,0,0
"ENSG00000270460.1",95,0,0,1,1,12,5,0,0,0,0,0,10,50,9,0,4,9,1,26,0,0,6,6,0,3,2,4,10,4,0,2,8,0,25,0,5,0,2,2,22,13,0,4,0,1,2,0,0,0,0,8,0,13,0,0,0,20,0,0,0,0,0,0,0,2,0,0,0,0,19,25,1,0,0,0,78,9,8,0,8,1,0,27,4,1,19,0,0,69,8,4,0,0,1,0,0,0,1,3,0,0,11,8,2,0,0,0,38,5,11,0,0,3,6,0,18,2,38,100,17,1,0,0,10,0,2,0,1,0,0,0,6,0,2,0,0,0,0,0,0,1,21,5,13,6,7,3,1,0,1,1,3,2,1,0,1,28,25,0,1,0,5,8,8,0,1,19,1,1,70,33,0,37,6,0,0,0,0,0,0,27,0,0,7,9,23,0,8,4,0,17,0,0,14,9,0,22,0,7,0,0,1,145,0,30,0,0,0,0,1,6,10,6,6,0,0,0,6,0,0,2,11,0,2,0,0,40,10,0,0,0,3,14,13,0,0,0,4,4,10,19,10,7,2,0,32,2,19,0,0,0,0,17,0,0,1,21,0,16,1,0,1,18,0,11,10,0,0,0,6,0,36,0,0,1,16,0,1,0,0,5,38,0,0,0,0,1,72,6,0,0,18,0,0,1,8,1,0,0,0,7,10,1,22,0,0,2,57,9,0,3,0,4,9,0,20,3,0,2,8,0,0,3,8,0,1,0,10,0,18,1,0,0,20,0,1,4,0,1,0,0,0,10,9,3,0,9,3,0,0,0,0,1,0,0,49,147,4,4,7,3,0,65,90,0,75,4,0,10,0,0,40,7,6,0,0,1,0,1,31,7,11,0,1,1,5,9,0,0,5,0,0,0,1,1,0,32,2,0,3,3,9,0,5,0,4,11,0,0,0,0,0,0,0,0,2,0,6,0,0,0,0,0
"ENSG00000270533.2",3,0,0,0,0,0,0,2,0,0,1,0,0,25,178,0,1,47,2,1,0,1,0,0,4,1,0,7,0,68,0,0,4,1,0,2,39,1,0,0,0,4,5,2,0,0,0,5,2,2,0,568,1,37,0,1,0,0,1,0,0,0,1,12,0,0,1,2,0,0,95,1,0,0,0,0,3,1,3,17,6,104,0,0,16,2,0,0,0,0,1,0,0,11,0,0,0,3,44,3,1,2,1,0,0,0,1,0,39,0,0,1,0,0,0,0,2,1,0,14,3,0,0,2,1,0,0,2,0,0,1,0,14,1,1,3,1,0,7,0,1,0,54,1,1,2,0,0,1,1,0,0,1,242,0,0,2,1,0,21,4,1,0,0,0,69,43,1,0,150,0,2,0,298,0,0,0,38,3,0,0,3,0,0,81,0,8,0,4,8,0,2,1,1,0,0,1,0,0,3,1,1,1,2,0,26,0,0,1,0,1,0,0,18,1,0,1,0,5,1,0,0,0,0,0,0,2,3,1,1,3,1,1,1,0,2,0,0,0,6,0,0,2,1,10,2,0,0,0,2,1,0,0,0,2,0,0,0,1,11,32,3,1,72,0,0,1,1,10,1,9,0,16,0,0,0,12,0,1,1,1,5,1,0,1,0,0,0,0,1,3,1,1,0,2,120,134,0,9,2,1,0,4,0,0,0,1,4,49,49,0,0,3,0,0,0,115,2,2,1,1,2,1,3,1,0,2,0,1,0,31,0,2,0,2,0,0,1,1,1,0,1,1,1,72,0,0,0,3,1,1,14,1,27,1,1,1,4,0,0,1,3,0,0,5,2,2,1,0,1,1,5,3,23,16,0,66,2,2,1,0,0,4,0,0,4,1,1,0,1,1,0,0,1,0,1,62,0,5,0,0,0,0,2,2,0,1,3,0,1,2,0,0,0,4,0,6,1,0,2,1,0,0,1
"ENSG00000270547.6",9,0,100,19,7,0,1,98,17,5,9,7,9,62,2,21,5,44,14,0,5,0,10,2,139,23,12,2,2,24,14,11,4,23,0,10,90,0,1,13,15,4,70,214,26,13,1,131,0,185,9,73,4,11,52,37,17,8,95,3,7,0,35,3,6,24,109,9,7,8,9,13,2,0,3,0,1,2,1,4,54,3,1,21,18,3,59,24,152,26,13,17,6,0,10,0,18,122,8,12,16,0,17,15,1,7,5,0,18,0,5,2,14,9,24,40,48,11,26,18,19,1,6,4,5,0,3,8,3,30,18,0,11,15,3,0,7,0,6,20,6,30,8,2,11,47,3,6,17,2,0,5,15,27,3,17,83,20,1,1,174,10,7,2,0,25,71,33,33,6,1,13,20,2,0,0,0,10,4,65,0,6,62,8,42,57,4,232,8,7,109,105,21,56,9,3,2,4,4,9,7,305,7,1,0,22,4,2,3,26,9,4,2,46,4,5,4,7,38,15,0,3,15,0,5,3,4,3,8,45,9,43,75,44,33,97,5,38,0,7,14,6,107,1,61,5,6,16,384,3,4,17,0,3,0,11,11,11,12,6,13,36,3,7,3,8,1,1,28,0,28,12,38,0,258,0,6,0,81,6,5,59,8,0,9,24,0,8,1,10,11,8,0,4,28,15,16,25,51,4,1,90,29,0,29,5,26,6,0,3,26,9,10,6,50,4,14,64,28,30,79,18,2,35,4,20,6,149,17,0,4,3,28,3,2,0,30,5,88,4,0,106,37,0,4,7,101,26,2,4,0,9,3,5,55,0,7,0,4,1,132,91,4,11,12,15,4,11,39,17,97,77,46,24,3,1,2,5,7,47,1,55,0,39,8,16,6,1,89,1,7,25,2,1,2,13,183,5,4,0,5,1,6,9,3,49,1,1,4,18,5,0,12,19,32,2,45,33,8,1,2,1,45,3
"ENSG00000270816.6",1,0,0,1,0,0,0,0,0,0,0,1,1,1076,518,0,1,559,1,0,0,0,4,1,550,0,0,11,0,557,0,0,464,71,33,1,65,2,0,0,0,1,15,1,4,2,1,396,0,0,0,873,0,474,0,1,3,1,192,0,0,626,8,162,0,0,0,0,0,1,680,1,0,0,0,0,0,0,38,165,564,377,0,0,497,0,1,78,1,19,1,29,488,0,0,0,0,260,755,0,0,0,2,0,0,0,1,0,1414,470,0,3,0,582,0,23,0,164,0,830,20,146,0,2,231,0,27,163,1,0,70,0,668,0,0,1,0,0,0,205,0,4,332,0,1,0,11,1,1,6,5,0,0,735,42,0,0,0,0,464,196,0,0,0,0,290,499,1,0,810,4,0,0,643,0,0,6,327,0,0,1,0,107,175,766,3,457,0,0,619,0,1682,1,303,314,0,0,0,0,1,31,1,0,861,1,570,0,0,269,30,0,1,1,747,181,69,0,0,231,198,0,100,0,0,0,0,2,1010,0,0,1,160,0,0,312,123,0,0,0,448,0,2,0,0,2,0,3,0,0,28,0,1,0,1,0,0,0,4,179,26,718,118,0,758,1,0,1,1,886,0,464,0,453,0,2,0,722,0,0,269,117,287,0,0,0,0,0,1,0,0,0,0,0,400,0,1022,1051,0,1,0,1,0,2,1,476,0,1,88,460,297,96,0,1187,0,0,113,698,1,0,704,0,0,0,0,3,0,0,7,13,0,920,0,237,0,0,0,0,0,0,0,0,1,0,0,832,428,11,5,4,0,4,90,0,1044,0,0,0,1,0,1,0,0,3,0,2,0,0,0,1,261,0,293,0,520,932,1,685,2,0,0,217,162,324,0,0,2,1,208,2,1,0,0,0,0,0,0,10,365,1,1,3,1,0,0,1,4,7,321,292,0,2,2,0,0,403,0,324,1,3,1,0,0,0,0
"ENSG00000270933.1",50,0,21,21,10,37,58,17,41,12,84,117,163,79,130,3,67,66,121,8,30,5,30,17,207,61,122,29,16,14,25,21,23,56,47,22,17,18,138,140,41,62,65,55,11,47,36,4,0,33,33,26,22,129,56,175,17,13,84,42,234,52,66,55,11,65,49,41,111,212,81,20,23,6,86,12,85,97,219,82,149,29,129,77,95,131,109,88,37,56,116,44,24,53,170,5,86,81,169,19,44,19,52,16,22,223,82,4,210,189,10,13,16,55,33,42,41,92,20,269,22,202,45,51,83,8,0,250,54,196,48,4,278,9,30,11,37,7,91,17,8,120,54,6,12,225,52,101,117,3,0,23,74,39,10,39,111,26,326,98,94,24,75,34,36,22,100,60,104,95,91,21,44,515,29,6,24,150,33,55,5,58,16,111,58,7,91,34,156,34,20,4,189,110,13,113,20,50,6,36,10,64,47,298,4,173,49,179,174,78,26,73,37,41,51,3,65,21,51,68,4,22,52,19,10,3,108,102,16,133,142,151,19,121,101,131,3,42,12,17,18,60,70,32,167,51,19,37,186,83,23,82,24,99,14,39,14,18,94,99,87,33,49,226,3,44,54,11,176,3,8,20,82,2,20,53,16,0,54,128,164,69,116,1,129,84,1,27,140,39,5,5,68,156,82,90,47,53,107,7,41,125,286,20,57,14,4,115,55,44,269,124,66,105,63,46,78,62,57,54,14,22,6,120,31,120,2,187,133,12,96,143,24,37,86,13,104,32,80,41,9,50,66,77,105,21,26,189,51,0,5,50,67,40,34,1,156,236,32,141,29,5,54,63,31,112,186,41,28,46,126,62,16,105,409,182,32,5,14,111,55,56,72,8,19,27,101,17,44,9,129,75,3,116,278,19,87,208,21,1,83,64,118,38,67,16,18,46,50,12,13,28,50,14,24,28,38,59,80,2,12,33,98,0
"ENSG00000270937.1",7,0,0,0,5,1,0,0,0,0,2,0,6,2,0,2,0,0,0,7,0,0,0,0,0,0,0,0,3,0,0,11,0,0,0,2,0,0,0,0,0,0,0,19,1,7,0,1,0,0,0,1,0,7,0,0,0,0,0,0,0,0,0,0,3,12,0,12,1,1,0,0,0,0,1,0,16,0,9,0,3,0,0,2,0,0,0,0,1,0,1,13,1,0,7,0,0,0,6,0,0,1,0,0,0,1,0,0,24,0,20,1,0,0,0,1,1,0,0,30,4,0,0,0,0,0,0,0,10,4,0,0,0,0,0,0,0,0,1,0,0,1,3,0,2,0,0,1,5,1,0,6,0,11,0,3,0,0,2,1,0,1,3,0,3,0,0,0,0,8,0,0,2,0,0,0,5,45,0,3,1,0,0,0,0,0,0,0,0,0,0,1,0,1,0,0,0,0,1,2,0,0,3,0,0,0,0,0,0,0,0,0,0,1,0,0,0,0,0,0,0,0,0,0,0,0,0,7,9,0,0,0,0,16,0,4,0,1,1,0,5,0,4,0,0,0,0,6,0,0,1,0,0,0,3,27,0,0,212,0,0,0,0,1,0,0,2,0,0,0,0,0,0,0,0,0,0,0,0,3,0,17,16,0,0,1,0,0,1,1,2,0,19,0,10,0,11,0,0,3,0,0,0,0,0,0,0,2,0,5,31,11,0,1,2,6,3,3,6,0,0,0,0,1,1,16,0,3,17,0,1,1,0,9,0,0,0,4,2,1,0,38,0,0,1,0,0,1,0,0,0,1,0,8,0,0,4,2,5,1,19,0,6,1,1,0,0,1,0,1,10,0,1,0,0,0,0,0,0,0,0,0,0,1,0,0,8,0,0,1,3,4,0,3,0,0,0,11,0,0,0,0,0,1,1,0,0,0,0,0,0,0,0,0,0,1,4,10,1,0,0,0,10,2
"ENSG00000271018.1",2,0,5,1,1,2,3,0,1,1,1,28,7,2,0,0,9,3,8,0,0,0,1,0,6,0,2,1,0,0,0,0,2,2,1,0,2,0,16,10,0,2,0,10,3,2,0,0,0,0,1,1,1,3,11,5,7,1,1,0,12,1,7,1,0,1,1,15,2,2,0,0,0,0,0,0,4,4,0,0,0,1,0,0,3,0,0,9,1,0,1,5,0,1,14,0,19,0,1,0,1,2,2,0,0,5,0,0,1,6,0,0,0,1,2,2,0,6,2,21,2,2,1,4,1,0,0,8,3,0,0,0,3,0,1,0,1,1,2,0,0,3,0,0,0,0,2,8,0,0,0,2,2,0,0,2,0,1,17,4,1,0,0,0,1,0,2,3,1,0,8,0,2,10,0,0,0,10,0,9,0,2,6,4,17,2,5,1,0,1,1,0,3,0,0,6,0,1,0,2,0,0,1,1,0,2,2,0,7,0,2,0,0,0,1,0,2,4,1,2,0,3,0,0,0,0,16,3,0,2,0,3,1,6,11,5,0,2,1,0,0,0,5,4,6,1,0,1,8,26,0,4,0,1,0,3,0,2,9,0,0,1,0,1,0,0,0,0,1,0,0,0,1,0,1,0,2,0,5,0,4,0,2,0,6,0,0,0,0,0,1,1,1,4,10,0,0,9,0,2,5,1,2,0,0,0,1,1,1,6,17,3,6,2,2,3,8,0,0,3,1,2,0,2,0,7,0,18,0,1,7,0,0,0,4,2,10,0,6,4,0,14,1,1,1,0,0,1,0,0,0,1,5,0,4,0,3,4,2,2,0,1,8,2,1,1,0,0,4,0,0,5,0,4,4,5,3,0,0,0,0,0,2,0,0,1,0,1,0,2,0,17,0,1,2,2,5,0,11,0,2,3,4,1,0,0,0,0,0,0,0,0,2,0,2,0,0,1,0,1,4,0,15,1
"ENSG00000271151.1",12,1,33,3,6,9,0,4,9,17,1,17,22,20,21,0,10,18,17,3,2,1,2,2,17,9,17,13,2,5,17,7,16,8,8,6,2,4,10,15,1,9,18,3,2,3,1,2,1,1,0,4,1,17,4,20,6,14,13,4,10,14,5,4,5,4,11,8,2,9,45,13,2,0,6,2,12,2,13,9,12,54,2,3,15,3,4,6,11,1,8,15,13,0,9,2,14,23,9,1,3,6,3,2,1,2,9,6,63,13,7,4,4,6,1,2,42,7,10,15,4,49,5,1,11,0,2,7,29,14,3,0,40,3,4,1,3,3,8,3,1,32,15,2,3,8,20,35,20,4,2,5,8,9,1,5,8,17,5,7,8,2,5,3,5,4,14,8,4,7,11,5,4,46,3,4,3,10,39,2,0,3,7,8,4,4,11,3,6,16,2,6,10,22,0,23,5,9,2,7,2,9,15,25,0,9,6,11,2,17,6,9,1,3,21,7,3,7,6,18,0,17,5,0,4,0,12,11,0,7,9,8,1,10,16,10,4,4,2,11,0,5,6,3,37,23,5,1,13,13,3,3,2,12,1,11,2,6,12,44,17,4,8,40,2,7,16,4,28,1,2,2,27,0,4,12,10,0,2,6,10,6,9,0,11,9,0,3,25,3,4,2,9,4,9,12,18,5,5,25,5,1,19,4,25,1,2,6,16,8,13,16,1,18,3,19,16,14,1,1,11,18,2,31,21,37,0,9,0,0,6,8,8,4,11,1,11,2,6,5,0,4,6,9,9,5,0,5,7,0,1,19,6,16,0,1,41,49,15,15,1,0,16,151,15,4,1,13,4,0,9,5,0,6,86,9,17,8,2,9,3,10,4,0,3,7,18,12,2,1,30,3,0,27,32,8,9,41,4,1,5,14,3,0,20,10,13,11,0,2,4,1,4,8,3,2,4,17,23,1,3,2,11,1
"ENSG00000271200.1",1,0,9,0,1,2,3,1,0,13,3,0,3,4,6,0,1,1,0,2,0,0,0,1,1,0,4,1,0,2,2,0,0,0,2,1,2,1,2,1,1,1,0,1,0,22,0,0,2,1,0,2,1,4,1,13,1,1,2,1,3,0,0,1,0,2,0,1,3,7,16,1,1,0,0,0,4,1,1,0,1,5,6,1,3,0,3,0,2,1,1,1,0,11,0,0,1,0,0,2,3,1,1,0,0,0,1,0,4,3,1,4,1,2,0,1,0,2,3,8,0,2,0,5,0,0,0,6,1,4,1,0,3,3,2,0,0,0,4,0,1,1,3,2,1,2,6,0,3,6,0,0,2,3,1,1,2,1,2,2,4,0,1,0,6,0,1,7,1,1,0,2,0,6,0,0,3,26,14,1,0,0,2,1,1,2,3,0,2,0,0,3,5,4,0,5,0,0,0,0,0,3,1,4,1,6,2,0,0,0,0,3,3,0,2,0,0,1,1,1,1,1,6,1,1,0,1,2,4,1,5,2,4,2,2,0,0,0,1,0,2,1,3,0,0,2,0,0,2,2,1,0,1,0,0,2,0,0,2,2,0,0,1,11,0,0,5,1,4,0,0,0,2,0,2,3,4,0,0,3,2,2,1,0,0,0,0,0,8,0,2,0,0,6,0,2,0,1,6,4,2,3,32,1,38,0,0,0,3,2,5,4,0,1,3,0,2,0,1,0,0,15,0,0,0,3,0,0,0,0,5,1,0,1,2,0,1,2,0,0,0,1,1,3,3,1,0,6,3,0,0,3,1,2,1,0,3,19,0,6,0,0,2,9,3,0,10,0,0,3,1,0,1,3,7,5,1,0,2,3,0,1,1,0,2,10,3,0,3,0,2,0,0,2,6,0,1,4,1,0,3,0,0,0,6,8,1,2,2,0,1,2,0,1,0,0,2,9,3,1,0,1,0,1
"ENSG00000271209.1",0,0,0,6,0,0,0,0,7,0,0,0,1,2,0,0,7,4,0,0,6,1,0,0,0,0,1,1,0,1,0,11,8,0,3,0,0,0,2,13,0,0,20,47,0,0,2,0,0,0,0,2,0,10,0,0,1,8,1,0,0,2,1,0,7,0,0,0,7,3,10,9,8,0,0,0,0,4,5,4,9,6,0,0,0,0,0,6,0,0,0,0,6,0,1,0,0,0,3,3,1,2,0,0,2,0,13,0,0,0,0,3,0,0,0,0,0,5,0,1,2,0,0,1,0,3,0,0,0,0,0,0,0,0,3,0,0,0,0,0,0,0,9,0,0,9,8,0,0,0,0,0,0,0,1,1,0,31,18,13,0,0,28,3,0,5,20,0,4,0,4,3,0,0,0,0,0,0,0,0,0,1,4,10,0,11,0,0,0,4,0,0,6,8,0,0,0,0,0,0,4,7,2,17,0,4,0,3,0,0,2,4,0,0,1,0,0,0,4,9,0,1,0,2,0,0,17,0,0,11,0,9,0,4,0,30,1,4,5,2,0,0,0,0,17,0,11,0,16,0,0,0,0,0,0,14,0,0,0,20,9,3,0,6,0,2,2,0,2,0,6,0,6,0,3,7,0,0,5,2,15,0,4,0,0,0,0,0,0,18,0,6,0,0,2,1,0,3,0,0,6,0,0,0,1,0,1,7,1,1,0,0,0,0,1,0,1,0,0,0,0,0,0,0,16,0,0,0,1,0,0,0,3,9,0,0,0,7,0,0,0,5,0,0,6,2,0,0,2,1,0,0,0,0,2,0,0,0,0,11,12,0,13,0,0,0,0,15,0,0,0,6,0,0,6,0,0,0,0,8,0,5,9,0,0,1,0,3,5,8,8,33,0,0,0,0,7,0,0,0,0,0,0,0,25,0,1,18,0,0,6,0,7,0,0,0,0,9,0,0,0,0,0,0
"ENSG00000271218.1",8,0,0,1,4,6,0,0,4,1,6,0,3,13,6,0,2,2,0,9,0,0,0,3,0,0,1,9,1,4,1,4,2,0,0,4,0,1,0,5,0,6,6,1,2,0,0,0,1,2,0,2,1,0,0,1,1,2,0,1,1,0,0,0,0,13,0,0,5,2,21,1,0,0,0,0,10,2,5,3,1,1,27,0,4,0,0,1,2,0,0,1,0,0,0,0,1,1,8,1,0,0,5,0,0,1,10,1,14,2,11,1,0,1,0,0,10,1,1,2,0,9,1,0,2,1,0,0,4,6,1,0,16,0,7,0,0,0,3,0,0,7,14,3,2,3,0,4,5,8,0,0,1,2,0,0,2,5,3,6,0,0,2,11,9,3,6,1,2,0,2,3,0,2,0,1,1,2,53,0,0,0,3,2,0,1,0,1,1,0,1,1,4,0,0,0,0,2,0,3,0,1,9,2,0,2,0,5,0,1,1,2,1,1,1,4,0,0,5,9,0,0,0,0,1,0,0,7,0,5,7,5,0,2,0,0,0,0,1,1,2,2,0,0,8,3,0,0,2,0,0,0,0,2,0,1,0,0,1,3,4,2,6,3,0,8,4,0,2,0,2,0,4,0,2,4,0,0,0,4,1,4,0,0,1,1,0,1,0,3,1,0,2,1,0,8,13,0,3,9,4,2,3,0,0,0,1,1,1,2,1,11,0,0,5,11,4,3,0,1,2,4,0,12,1,6,1,0,0,0,0,2,0,2,3,0,1,6,0,3,0,0,2,8,1,0,0,0,0,0,2,7,1,3,0,0,2,16,6,9,0,0,2,21,2,4,0,1,0,0,1,2,1,2,3,0,1,1,0,0,0,1,0,0,2,0,6,1,0,0,16,0,0,11,4,3,1,4,5,0,2,3,0,0,7,0,2,3,0,1,1,0,3,5,1,0,0,5,3,3,0,0,2,0
"ENSG00000271259.1",11,0,0,0,1,2,0,1,3,4,1,0,7,7,8,0,11,1,6,4,0,1,3,1,8,1,1,2,0,4,21,3,2,6,5,0,1,2,5,5,4,10,6,2,3,1,1,1,0,1,0,2,0,6,0,13,2,4,4,1,3,2,3,1,1,5,2,0,5,5,16,0,3,1,3,1,6,14,4,4,6,7,0,3,10,5,2,2,4,4,5,21,5,4,1,0,10,0,9,0,1,0,6,1,1,8,4,0,8,6,7,4,0,0,1,4,30,0,7,1,0,6,1,9,3,0,0,0,4,5,2,2,7,1,4,0,14,2,5,1,1,10,11,2,3,10,4,32,3,1,0,0,1,5,0,2,2,4,8,3,3,2,4,5,5,0,2,11,0,6,1,5,1,20,1,1,5,5,31,0,0,1,2,2,3,0,10,2,9,1,1,1,6,7,1,17,1,13,0,3,3,10,4,7,1,6,2,6,15,4,3,12,2,1,2,8,0,3,0,11,0,1,8,0,2,0,7,7,3,3,3,8,2,5,11,4,0,4,1,4,0,2,1,1,27,12,0,3,10,10,0,6,1,15,1,1,1,2,1,3,4,0,1,8,0,2,9,1,4,0,2,2,4,0,3,10,4,0,0,2,2,2,0,0,1,2,0,1,1,1,3,0,17,12,2,13,10,3,2,13,0,5,2,1,3,2,1,6,5,1,7,11,2,1,5,2,6,5,3,4,3,28,2,2,2,12,1,1,4,1,4,2,1,1,7,0,9,0,4,0,1,2,4,30,1,0,0,8,0,0,0,2,2,7,1,0,13,26,3,15,0,1,5,17,13,3,2,3,0,1,3,13,2,1,9,1,1,0,0,1,0,0,5,0,3,1,7,4,0,0,15,0,0,8,11,1,8,7,11,0,6,4,3,0,12,10,3,2,1,3,2,1,2,3,2,0,6,15,11,2,0,1,13,2
"ENSG00000271284.1",2,0,0,0,0,3,0,0,0,1,1,0,0,0,0,0,0,0,1,1,0,0,0,0,0,1,4,0,2,0,3,3,1,4,0,1,1,0,0,0,0,1,0,4,0,0,1,0,0,0,0,0,0,6,0,0,0,8,0,0,2,4,0,0,0,2,0,1,1,0,12,0,0,0,1,0,9,0,2,0,16,3,0,3,0,0,0,3,0,0,0,8,18,17,0,0,1,0,23,0,0,0,2,0,0,0,0,0,7,0,0,0,0,0,0,3,7,0,7,13,1,0,0,0,1,0,0,0,8,3,0,0,4,0,0,0,0,0,20,0,0,3,0,0,1,2,0,7,2,1,0,0,0,0,0,2,0,4,2,0,0,0,6,2,2,0,4,1,1,1,0,0,0,0,0,0,0,48,0,2,0,1,0,0,0,0,0,0,0,0,0,0,0,0,1,0,0,3,0,1,0,0,1,13,0,23,0,0,1,0,0,0,2,2,0,1,0,0,0,5,0,0,19,0,0,0,5,0,2,0,0,0,0,2,0,18,0,0,0,3,0,0,0,0,7,3,6,1,0,0,0,0,0,0,0,0,0,11,5,0,2,0,2,14,0,1,1,0,1,0,0,0,13,0,0,2,5,0,0,15,0,42,0,0,0,1,0,0,81,4,0,0,0,4,0,3,0,0,0,0,0,0,0,0,28,0,0,0,0,2,0,2,0,1,0,0,3,7,1,0,1,0,0,0,2,0,0,0,14,0,0,1,1,0,0,0,1,0,1,0,0,2,0,1,4,2,0,9,3,0,0,3,0,13,0,0,10,3,3,1,0,1,2,20,0,0,0,1,0,4,0,0,4,1,7,0,0,0,0,0,0,1,1,0,0,0,1,0,1,0,10,0,0,3,3,0,1,19,0,0,0,0,0,0,0,0,0,4,0,2,0,0,0,0,1,0,2,0,0,0,0,0,0,0
"ENSG00000271327.1",30,1,53,7,8,8,2,6,9,15,11,10,35,27,43,4,27,5,33,21,11,5,19,3,35,7,7,7,1,9,85,5,10,17,5,4,2,6,25,36,2,24,21,7,11,9,5,3,0,8,11,5,3,26,8,68,7,14,12,4,28,8,8,5,7,55,7,13,33,10,108,7,3,0,2,10,21,33,22,25,33,62,7,4,51,18,7,10,24,3,23,45,27,21,13,1,39,15,43,6,11,11,12,8,5,31,36,0,64,33,21,11,9,6,11,8,114,14,12,21,0,23,3,13,12,5,1,10,46,43,13,2,40,4,7,2,28,5,33,4,7,62,42,3,14,15,25,92,32,5,1,7,19,10,3,10,13,20,42,25,32,6,14,30,22,1,21,61,11,20,6,11,19,162,3,8,5,19,81,10,3,4,15,27,25,2,66,5,16,6,9,5,30,43,6,46,4,34,2,8,5,16,26,89,1,31,10,38,26,17,14,33,10,5,26,19,3,10,15,27,2,4,6,0,10,2,17,42,2,26,23,22,8,10,26,7,7,4,10,5,0,11,17,12,146,35,4,1,37,29,4,9,3,40,4,15,4,9,7,22,40,5,22,83,1,17,39,5,28,2,8,2,27,1,5,52,12,0,7,14,14,6,6,1,2,30,1,3,11,8,6,2,19,32,13,101,26,5,24,62,23,7,55,8,27,1,6,32,24,27,31,51,5,12,18,27,10,22,10,2,25,39,4,74,16,24,3,15,8,4,11,2,4,11,26,4,25,4,18,5,2,5,8,28,13,4,4,23,23,2,1,18,20,38,7,3,52,79,17,82,7,2,12,127,27,30,21,21,10,5,11,33,4,9,41,9,15,2,10,18,8,6,21,0,3,5,15,4,12,3,52,13,1,43,28,9,25,45,30,4,7,14,10,11,41,30,13,16,6,4,11,3,14,3,12,5,13,18,19,5,3,3,20,0
"ENSG00000271387.1",19,1,25,0,6,3,6,4,1,36,0,11,1,4,17,1,0,7,0,0,1,0,12,3,0,0,2,1,5,4,8,1,10,0,3,0,7,3,10,5,5,5,2,4,1,9,1,2,1,0,1,7,0,17,1,16,0,12,0,6,11,11,0,6,0,4,0,2,3,19,0,3,0,0,1,0,0,1,1,2,3,5,9,6,5,0,0,2,7,4,25,2,0,31,2,0,1,9,9,8,5,2,6,1,0,2,11,0,23,3,0,0,3,3,2,6,6,2,20,19,9,10,0,7,21,0,3,26,1,6,0,0,8,0,1,0,0,0,39,0,0,10,10,0,1,1,21,17,1,24,0,0,14,8,0,3,3,7,3,4,4,2,9,2,4,5,13,32,7,7,6,7,7,74,2,4,8,1,2,6,0,1,13,1,0,0,11,2,0,9,0,8,11,5,8,7,0,1,0,29,0,11,14,19,0,98,0,4,11,1,2,0,8,5,4,4,2,0,2,3,0,17,0,0,1,1,8,7,4,5,13,8,3,8,0,13,0,0,2,2,1,4,10,0,6,12,1,0,6,15,2,2,2,7,1,3,0,0,21,1,3,1,14,1,1,3,17,1,31,0,8,0,38,0,15,13,5,0,6,13,5,1,5,0,0,0,0,4,5,19,3,3,0,3,7,1,14,1,1,29,0,2,6,0,20,1,1,3,10,1,8,0,1,10,7,6,0,9,0,12,3,9,0,6,27,0,1,0,4,0,1,2,1,1,37,1,15,8,2,0,0,6,6,4,21,5,2,5,3,2,0,7,0,7,0,0,5,25,3,25,1,0,11,13,8,3,22,7,0,9,8,13,4,1,36,4,9,6,2,2,16,1,4,1,1,7,4,4,1,10,1,0,0,19,0,4,5,19,7,0,0,0,2,0,11,7,5,6,7,2,3,0,0,0,0,2,5,6,11,2,1,5,10,4
"ENSG00000271524.1",2,0,0,0,7,1,0,0,0,0,0,3,0,69,26,0,0,0,0,0,1,0,0,1,1,0,0,3,0,12,11,0,1,0,3,0,0,0,2,3,0,6,1,0,0,0,0,3,0,1,0,15,0,1,0,0,0,0,3,0,0,6,0,1,1,2,0,0,1,0,133,0,1,0,0,0,132,0,2,4,8,29,2,1,3,2,0,0,2,0,0,5,0,0,0,0,0,2,0,6,0,1,0,0,0,0,6,0,48,0,0,1,2,12,0,1,10,1,4,13,0,0,0,0,0,0,0,0,1,14,2,0,12,0,0,1,0,1,9,2,0,6,22,3,3,1,1,1,0,0,1,0,0,1,0,1,3,22,7,6,1,0,4,0,1,5,34,0,0,34,0,0,1,51,0,0,2,0,3,0,0,0,0,0,5,0,2,0,1,5,0,2,0,8,1,7,0,0,0,1,1,5,0,13,1,0,1,1,0,0,1,1,3,3,0,1,0,0,2,7,0,4,0,2,0,0,1,8,0,2,0,2,0,0,0,10,0,2,1,0,1,1,0,0,3,0,10,0,0,0,0,0,0,0,0,0,0,1,1,0,7,2,28,9,0,1,0,2,21,0,1,0,1,1,0,0,1,1,0,2,6,2,1,0,0,1,0,1,0,1,0,0,0,0,0,3,1,0,5,1,1,0,48,0,0,0,0,0,1,4,0,0,0,0,2,16,8,2,2,0,4,4,0,7,3,0,0,0,0,1,3,1,1,0,1,0,1,7,0,0,0,0,0,0,30,1,0,0,4,0,0,7,1,35,1,1,1,21,2,0,0,0,1,11,2,2,0,0,0,0,0,0,0,0,8,0,54,0,1,6,1,5,0,0,1,0,4,3,2,3,2,0,0,13,0,0,1,3,1,0,0,0,0,0,1,4,3,7,0,3,0,0,3,1,3,0,10,0,3,0,0,0,0,1
"ENSG00000271659.1",13,0,14,3,2,0,11,0,2,14,4,4,7,12,4,0,8,0,7,1,1,1,3,0,3,0,3,3,0,2,10,1,0,0,1,0,1,0,16,9,0,1,6,2,2,2,0,0,0,0,0,0,1,0,3,10,3,2,2,1,2,2,0,0,0,2,2,0,0,2,25,8,0,0,2,0,7,5,8,1,3,1,2,2,7,1,1,1,2,1,0,5,0,0,0,0,0,3,2,2,2,1,5,2,1,1,1,0,41,10,0,0,0,0,0,3,8,0,0,10,1,3,0,8,3,1,0,9,1,2,1,0,16,2,0,0,4,4,0,1,0,22,13,1,3,11,5,7,9,1,0,0,1,1,2,3,1,3,3,4,2,2,1,2,7,0,3,15,0,6,2,1,1,13,1,0,3,5,8,1,0,0,3,1,5,1,6,0,1,1,0,4,2,1,1,19,0,9,1,2,0,7,0,12,1,5,1,0,5,2,0,3,3,0,6,6,5,3,5,3,0,5,4,1,0,0,3,16,0,2,1,2,1,3,11,3,0,0,0,3,2,1,4,0,11,8,1,2,2,0,3,3,1,2,0,1,0,4,6,4,4,0,12,10,0,2,13,0,6,0,1,0,6,0,3,7,2,0,1,2,4,1,6,1,4,5,0,1,0,0,0,1,9,10,3,6,2,3,3,2,2,0,48,2,0,0,0,2,0,1,2,3,0,0,3,6,7,4,3,5,0,14,0,5,0,10,0,2,2,0,3,0,0,0,4,0,9,0,2,2,0,1,0,5,1,1,0,7,6,0,1,0,3,1,1,2,16,9,4,10,1,0,1,12,32,2,2,4,0,2,0,1,0,0,16,0,2,5,0,1,0,2,2,0,2,2,2,2,1,0,2,3,0,3,6,1,2,20,1,1,3,0,0,1,7,0,2,0,1,1,2,5,1,0,0,0,1,8,0,0,0,0,20,0
"ENSG00000271662.1",7,0,0,1,3,3,4,0,2,1,2,9,13,31,116,1,12,4,4,4,4,0,0,0,14,5,2,1,0,3,5,4,10,2,1,0,0,2,4,8,3,8,4,1,4,7,1,0,1,2,3,3,1,4,0,3,2,3,0,3,2,2,2,0,5,10,0,5,10,4,48,1,0,1,0,1,42,1,14,3,15,13,36,2,11,4,0,1,0,0,7,3,3,0,0,1,1,9,6,3,2,1,4,2,0,5,8,1,0,3,4,4,0,1,1,1,15,5,4,7,0,11,0,0,0,0,0,1,1,7,3,0,9,2,6,0,2,0,11,4,1,19,9,0,5,5,7,25,24,7,5,5,5,3,0,3,2,4,4,4,2,2,8,7,2,4,10,9,1,2,1,2,3,62,0,4,2,4,24,4,1,4,4,2,5,0,15,0,8,9,4,3,2,3,0,15,1,6,0,9,1,2,8,33,0,5,1,9,0,11,4,7,4,2,15,9,1,0,2,11,1,2,0,0,3,1,3,6,0,8,9,4,3,4,0,2,0,1,1,7,0,1,1,3,36,24,32,0,3,4,0,0,0,4,1,1,2,2,3,9,11,0,19,7,0,8,11,1,15,0,2,0,17,1,0,2,4,0,1,4,24,1,4,0,3,4,0,3,1,1,2,1,1,10,1,4,10,2,3,29,1,2,14,0,2,1,2,1,4,9,5,5,1,3,6,16,7,11,1,3,8,38,1,54,6,5,1,4,0,0,13,1,2,7,6,2,5,1,2,0,0,2,1,30,4,0,0,0,9,0,0,49,2,10,3,0,10,19,5,6,4,0,1,13,5,9,0,6,1,0,1,8,0,3,9,0,11,0,3,20,1,0,1,0,3,2,8,6,4,3,9,1,1,19,0,3,2,6,8,2,4,3,6,3,0,3,0,3,0,2,0,1,2,3,0,0,1,9,11,1,1,3,16,0
"ENSG00000271776.1",0,0,0,0,0,0,0,21,0,0,0,9,0,0,0,0,0,0,0,0,0,0,4,1,34,0,0,33,7,0,0,0,0,4,5,0,7,0,0,1,0,0,2,1,0,0,0,0,1,0,1,3,0,0,16,3,0,0,23,0,0,15,2,22,13,2,0,1,0,0,10,1,0,0,0,0,2,1,2,1,2,8,0,0,1,3,0,0,0,0,0,12,0,4,0,0,0,103,0,0,0,0,3,2,0,5,1,0,81,0,0,0,0,2,3,9,1,0,1,2,0,7,0,0,3,0,2,0,0,9,5,1,2,0,0,0,0,0,1,9,0,0,0,0,0,0,0,0,2,0,0,0,0,2,1,0,0,0,0,6,0,0,1,0,0,0,0,0,10,27,7,0,0,10,0,0,0,4,0,0,0,1,0,0,3,0,0,115,1,0,1,0,3,9,0,1,0,3,0,1,9,2,0,72,0,1,0,0,0,0,0,2,1,13,1,0,0,0,1,0,0,0,0,0,0,0,13,2,0,0,2,11,0,0,0,0,0,0,0,5,3,0,0,3,0,5,0,0,0,0,0,1,0,0,0,0,1,3,0,2,1,10,20,3,0,0,0,0,1,0,0,0,0,0,0,1,1,1,0,1,9,1,0,0,18,0,0,0,0,1,0,0,0,0,0,0,0,0,56,0,0,1,10,0,13,0,0,0,0,7,14,0,1,2,2,0,2,0,0,0,0,0,0,0,0,0,1,5,0,0,7,0,3,0,4,0,0,0,0,0,0,0,0,0,8,16,2,9,2,0,0,0,0,10,0,3,0,0,1,0,0,1,0,0,0,22,0,1,0,0,6,0,0,0,4,0,2,0,0,0,1,15,42,0,0,0,0,1,1,7,4,0,0,0,0,0,74,1,0,0,0,7,0,0,0,0,2,1,0,0,0,0,7,1,25,0,18,0,0,0,0,2,0,0
"ENSG00000271781.1",41,2,21,39,70,49,37,10,48,307,8,20,14,71,212,14,38,29,20,8,33,4,25,4,16,9,6,18,14,15,25,35,23,11,6,19,11,16,16,12,22,61,27,9,12,41,43,21,1,7,19,10,24,9,6,40,11,9,56,21,30,26,16,9,1,4,17,5,245,80,176,154,15,1,35,9,431,152,17,11,33,39,136,279,20,16,249,6,24,36,88,18,29,221,4,2,12,10,19,13,24,7,170,3,220,110,8,4,58,15,35,14,6,10,24,9,67,12,15,10,2,55,4,41,86,4,4,17,32,94,13,10,85,22,104,5,17,9,74,4,4,60,30,10,147,40,370,125,18,24,1,9,16,7,1,13,34,64,33,16,11,182,27,95,344,13,128,88,5,70,20,56,50,111,110,3,169,6,26,14,5,28,2,40,0,15,1,9,7,22,29,42,130,14,5,226,10,68,3,49,5,22,403,29,11,43,8,60,74,29,76,34,121,1,13,93,7,62,42,37,0,11,27,43,8,2,30,27,48,8,48,18,23,7,7,47,14,23,13,13,60,294,5,69,208,31,9,14,3,16,11,84,8,80,3,18,7,22,8,88,19,7,62,57,6,167,44,6,50,11,13,2,27,3,28,7,35,5,13,46,23,49,5,5,16,22,2,20,58,148,11,27,60,14,25,58,48,6,6,247,49,58,55,5,31,28,6,17,6,10,18,79,35,14,73,43,36,26,19,107,7,138,3,25,13,47,5,1,3,8,13,12,17,8,11,5,41,37,16,15,12,3,26,107,33,16,5,384,8,9,3,45,10,42,11,5,48,136,11,11,2,22,7,112,53,6,1157,80,7,13,36,36,19,4,33,9,30,6,4,14,5,15,43,31,10,44,56,16,9,1,277,5,5,27,111,5,15,37,23,1,17,17,110,3,163,7,9,20,7,4,7,44,3,3,31,8,11,59,199,3,3,6,102,2
"ENSG00000271788.1",5,0,5,3,6,0,3,1,1,3,1,2,6,8,34,1,11,2,1,0,4,0,1,2,9,3,13,2,1,3,0,1,1,1,2,2,1,1,8,11,1,2,5,1,0,0,0,3,0,5,3,3,0,2,2,5,0,1,10,0,2,9,2,4,1,0,7,0,3,2,46,6,2,0,1,1,14,3,4,1,3,22,2,2,7,6,3,0,7,0,4,13,1,6,1,0,0,1,6,4,3,0,7,1,3,5,4,0,20,1,5,4,3,0,5,1,16,1,7,8,1,9,2,4,3,0,2,19,1,69,4,2,8,1,5,0,2,0,0,0,0,6,11,1,4,7,11,7,2,16,1,2,0,1,0,5,7,2,3,2,6,2,5,0,1,2,9,20,1,9,4,3,4,16,2,2,2,10,16,2,0,2,3,8,5,2,7,2,17,5,2,25,14,10,1,15,0,2,0,3,0,7,2,4,1,8,3,9,12,0,2,4,4,3,6,1,7,0,6,7,0,2,2,0,1,0,10,6,0,5,15,10,9,6,2,1,2,1,0,3,0,3,2,0,10,15,1,2,4,2,1,1,1,9,3,5,0,13,8,14,9,4,9,3,1,1,7,0,4,0,4,1,11,0,3,1,1,2,0,2,2,3,3,0,3,3,0,4,9,3,1,0,3,11,3,14,15,0,6,7,5,4,2,2,4,1,0,5,10,0,0,1,5,6,3,6,2,8,5,0,0,31,0,25,3,11,0,1,2,0,5,7,2,2,4,1,3,1,0,1,0,2,1,2,4,3,1,1,2,0,0,3,2,3,0,3,3,15,8,2,1,2,2,39,21,1,1,0,5,2,1,9,0,1,15,3,4,0,1,7,2,3,5,0,0,7,6,3,1,1,2,2,1,3,2,2,5,7,6,0,0,5,7,1,7,5,2,10,4,3,3,4,2,2,2,0,5,17,7,0,0,0,105,0
"ENSG00000271824.2",4120,0,2,9,1961,278,4,0,6,53,4,2,12,0,0,17,451,2,1,1627,68,9,133,63,0,29,170,62,852,7,4677,1,0,8,2,8,0,2,0,2,1,796,995,5,2,73,23,1,24,60,1,86,2,10,0,84,8,107,15,15,0,10,0,66,3,37,118,4,2,429,410,5,0,19,17,2,808,215,11,43,14,79,275,65,1,557,5,1,452,10,456,1,87,0,2,1,3,5,9,0,5,1,840,0,112,273,5,6,1003,1133,9,10,21,0,208,20,1937,1,112,2,0,5,4,0,0,16,21,1,117,11,19,3,5,9,129,1,1,1,59,0,4,3091,143,5,259,1,1,5814,1,1,17,3,1,34,0,0,5,1055,16,17,38,17,26,1210,2564,62,0,2920,26,0,8,7,1,32,19,2,1,32,126,1,0,1125,8,5,1,1,1,0,356,1,0,0,3,3,2,4,0,2,0,185,0,4,205,28,0,5,11,5,5,0,30,903,1,2,655,1,0,1,0,2,19,23,978,0,7,3,3,12,5,2,465,3,19,4,0,0,1,0,1,28,110,6,3,103,776,22,1,0,3,1,11,15,0,4,2,25,1,6873,1,579,12,4,36,454,37,454,172,1,9,2,2,1,149,9,81,103,113,2,4,2,2,1,6,5,0,12,2,55,956,159,22,0,240,0,74,14,2,15,8,3,100,299,5679,5,1,22,0,44,2,5,0,3801,0,36,2,0,0,625,61,3,1847,121,2,817,81,3,13,0,3,18,1,182,4,309,8,17,0,328,0,83,1,3,13,6605,5,13,1,2455,187,2,5,414,1,31,0,7,279,15,957,403,2,14,0,1521,5,0,4,29,114,245,0,2,87,0,33,935,2,13,2,4,1,18,0,7,13,0,1270,6,3,67,114,1,0,135,208,94,0,42,12,7,6,22,896,0,2,0,0,0,0,86,338,30,5,11,32,1,2,8,788,36,2,0,8,49
"ENSG00000271888.1",12,3,7,1,22,6,15,16,2,33,50,21,42,17,14,4,13,13,47,6,2,2,9,11,22,8,20,30,4,18,20,10,19,9,11,7,9,6,72,25,19,8,6,6,3,17,0,12,0,10,1,24,7,141,22,35,11,42,15,9,19,13,44,11,3,28,2,14,27,18,68,6,8,3,8,3,74,8,20,13,39,27,13,25,20,6,4,19,4,9,13,24,8,9,10,0,16,8,32,7,8,4,24,9,9,6,54,5,94,28,5,6,2,3,9,23,17,12,44,34,4,6,7,23,12,1,3,18,13,28,6,2,30,5,5,3,34,9,46,7,1,19,9,2,6,17,19,21,16,11,0,8,50,13,4,24,26,8,42,15,12,14,1,15,14,14,17,34,34,40,10,14,21,114,14,2,17,281,20,15,1,15,44,13,18,7,12,17,49,19,25,8,17,3,15,27,2,27,7,27,19,34,12,42,6,82,1,15,15,8,3,9,17,13,7,4,3,19,11,14,1,15,23,3,3,1,48,11,6,12,12,5,3,15,16,12,4,17,3,4,2,4,13,0,21,39,12,14,15,34,4,17,2,18,1,2,2,8,24,23,31,13,32,21,0,7,8,1,40,2,12,1,48,4,8,16,25,1,25,12,15,21,37,2,34,12,4,4,49,9,5,5,8,39,26,37,28,30,8,25,23,6,19,8,46,4,5,14,19,30,23,24,82,11,15,12,42,36,8,8,19,15,7,22,17,15,3,23,7,1,34,4,2,17,24,10,107,14,19,2,3,39,7,7,21,3,13,6,20,1,1,33,6,30,40,5,27,13,11,30,8,10,2,36,30,15,14,12,17,21,0,29,6,25,95,12,13,1,4,18,27,12,45,1,1,14,40,14,21,3,36,23,4,27,17,8,14,42,21,6,6,17,3,27,17,4,5,18,13,5,5,7,3,4,9,1,34,31,53,5,3,6,16,2
"ENSG00000271930.1",1,0,13,0,1,0,4,0,0,2,1,104,5,15,1,0,2,13,3,0,0,0,0,0,1,0,0,11,0,0,0,0,0,1,0,3,0,0,84,50,2,0,2,0,0,0,0,7,0,0,0,0,0,2,18,2,0,0,10,0,6,40,0,0,0,0,1,15,0,0,29,0,0,0,0,0,4,4,1,1,1,1,36,1,13,0,0,48,0,0,1,0,6,0,0,0,0,4,3,7,0,1,34,1,0,7,4,0,15,2,1,0,1,0,1,0,2,0,5,23,0,0,0,1,2,0,0,6,0,26,0,0,29,0,0,0,0,0,0,1,0,3,1,0,1,19,1,0,0,0,0,0,2,16,1,2,0,1,4,0,2,1,1,1,6,1,0,3,10,85,3,2,0,2,4,0,0,0,2,1,0,1,2,0,3,0,3,0,28,2,2,4,24,0,12,1,1,2,0,2,0,1,1,10,0,0,0,0,0,0,0,0,16,0,24,0,0,2,1,0,0,0,0,0,0,0,1,6,0,2,0,1,0,9,2,2,0,0,0,2,0,6,0,0,2,1,7,0,0,4,0,1,1,2,0,0,0,0,3,43,0,0,107,0,0,1,0,0,0,0,1,0,0,0,0,1,1,0,0,2,12,1,8,0,0,0,0,0,0,1,0,0,0,0,19,58,10,0,0,0,16,0,50,0,1,2,0,0,0,0,4,0,0,1,0,3,7,0,2,0,1,0,0,8,0,0,0,3,1,0,26,0,0,0,5,0,1,55,0,0,0,2,0,5,13,2,0,0,10,0,0,20,0,0,0,0,1,0,23,0,4,0,4,0,5,0,11,0,2,9,0,2,19,6,3,0,0,0,0,12,0,2,0,1,0,2,0,0,0,0,2,3,1,0,0,3,5,1,2,0,0,2,1,0,0,3,12,0,0,0,0,3,0,2,1,0,1,34,17,1,0,0,1,0
"ENSG00000271945.2",0,3,171,0,1,0,0,2,0,2,15,0,6,0,0,8,0,0,0,2,0,4,0,2,7,2,0,1,0,1,0,0,0,26,0,0,4,0,0,0,0,0,0,0,8,0,0,0,12,1,0,0,7,0,0,0,0,0,1,0,2,3,0,9,2,0,2,0,1,0,4,1,0,3,0,5,0,0,0,1,1,0,0,0,0,0,0,0,3,0,0,2,0,0,0,3,0,2,0,1,3,1,0,0,0,1,0,7,1,0,1,8,1,0,0,1,0,0,0,1,6,0,4,1,0,1,11,1,0,5,4,1,1,0,0,6,0,5,0,0,4,0,0,13,7,0,0,0,0,0,8,16,0,1,0,0,0,5,3,0,0,0,4,1,0,0,0,0,1,0,2,0,1,1,0,0,0,1,1,0,1,0,1,0,8,0,3,1,0,2,0,0,0,0,0,0,3,0,0,0,0,1,0,7,9,2,1,0,5,0,6,1,0,1,1,1,0,1,0,0,4,1,0,0,4,2,2,2,0,1,0,1,1,1,0,0,3,0,0,3,7,0,2,2,0,0,0,0,0,0,0,0,2,0,7,0,11,0,0,0,0,2,0,0,4,0,0,8,0,1,0,0,0,3,0,2,0,2,0,0,1,1,4,8,0,0,3,0,0,0,6,0,0,0,0,0,0,0,8,0,0,0,1,3,0,0,0,1,3,0,1,0,0,1,0,0,0,0,1,0,0,0,1,0,0,0,9,3,0,5,0,1,4,0,1,5,0,0,24,0,9,2,0,0,0,3,3,0,0,2,4,0,0,0,0,12,0,0,0,0,2,0,0,0,1,0,0,0,0,2,0,2,0,5,0,5,0,4,17,0,2,1,3,0,5,0,0,1,0,0,0,0,5,0,0,0,4,2,22,1,1,4,1,0,0,161,2,0,2,1,4,0,1,2,1,0,2,2,0,7,3,2,0,4
"ENSG00000271959.1",12,0,3,25,9,11,1,2,0,9,52,6,0,27,7,3,10,2,1,13,9,1,26,13,3,1,0,8,1,9,4,5,6,1,4,4,8,6,14,10,2,4,9,2,3,22,22,5,3,11,4,5,1,2,1,13,2,10,0,1,2,6,0,2,0,13,5,0,3,2,56,50,8,2,0,0,11,25,16,8,9,5,8,8,9,10,12,1,45,5,18,1,1,3,5,0,2,11,5,5,8,2,11,4,10,10,2,1,7,0,10,1,18,4,1,0,38,0,4,6,0,7,0,1,12,8,7,2,13,8,7,1,14,22,6,0,12,0,5,1,0,83,22,0,29,17,4,28,14,2,1,4,5,3,3,2,1,30,6,24,13,2,3,24,15,8,5,32,2,4,1,17,3,9,4,8,14,6,17,1,0,16,8,16,2,3,6,2,15,2,6,7,9,13,1,2,0,2,0,6,2,0,29,8,0,1,1,4,8,3,9,22,9,2,10,2,0,0,83,14,1,3,2,3,2,3,5,1,6,3,1,4,12,4,4,3,1,2,1,6,8,22,0,3,34,1,2,12,5,3,3,0,0,7,0,1,1,27,21,3,2,3,24,3,1,36,15,1,3,4,8,0,7,0,5,0,8,0,1,6,1,7,3,0,4,8,1,19,5,27,5,1,5,6,5,5,13,0,3,26,6,9,60,0,1,5,2,12,8,8,6,26,3,22,3,9,2,16,30,11,4,30,0,16,19,9,0,0,2,1,6,3,35,0,2,1,4,2,14,3,0,1,3,5,0,3,2,20,2,0,2,15,10,0,1,1,4,2,3,4,2,1,18,34,15,4,2,9,5,13,3,19,1,12,6,2,0,4,0,3,0,3,3,8,4,0,10,1,0,1,21,1,0,4,5,6,3,7,28,0,5,6,36,0,1,4,4,6,0,15,33,2,5,3,6,2,0,7,4,5,0,0,27,4
"ENSG00000271973.1",1,0,0,0,2,2,13,0,4,0,1,2,13,4,11,2,2,7,2,1,3,4,5,1,10,5,10,1,1,8,4,3,6,10,3,4,6,1,13,8,12,2,2,0,0,8,1,0,0,1,0,4,1,5,16,2,1,1,3,1,20,2,2,2,3,8,7,3,7,4,14,2,0,1,9,0,13,0,9,3,7,10,7,7,8,0,2,3,0,1,5,14,2,0,7,0,1,3,5,6,0,5,5,2,4,7,4,1,16,5,5,1,3,4,1,15,2,3,13,10,3,6,0,6,1,0,1,8,3,2,2,3,2,0,1,2,1,0,5,4,0,3,4,1,5,6,0,7,4,4,1,0,2,13,1,2,8,2,0,5,1,4,3,2,1,2,5,4,0,2,9,0,4,9,16,2,0,12,12,3,0,11,6,5,2,4,7,2,5,10,4,1,3,10,3,8,0,2,1,4,0,15,1,3,0,5,0,8,10,5,4,2,0,2,4,1,9,2,2,8,1,12,1,2,5,2,22,12,2,4,3,15,0,1,4,1,0,1,1,6,0,4,0,2,4,4,4,10,4,0,2,5,0,7,0,11,1,7,8,3,6,3,10,28,1,3,1,1,10,2,5,1,2,0,3,3,12,0,3,2,9,3,17,0,12,6,0,1,9,4,1,1,4,40,18,0,8,2,8,3,1,1,10,0,6,0,0,1,10,7,15,4,8,11,4,6,2,1,7,3,9,7,0,3,13,14,1,4,7,0,5,1,1,5,3,1,3,4,1,4,1,1,0,5,2,2,2,7,0,0,0,11,1,13,0,1,2,1,1,20,1,2,4,2,12,5,7,9,0,1,1,8,2,2,26,6,9,4,6,5,5,3,4,0,1,11,2,6,1,1,10,9,3,3,0,4,7,13,9,0,3,14,1,3,3,2,3,4,2,6,1,13,1,0,0,1,4,2,2,1,0,6,6,0
"ENSG00000271983.1",9,0,4,0,2,2,0,0,0,13,0,0,2,15,7,0,0,1,3,2,3,0,0,0,0,0,5,0,0,2,5,3,1,3,3,1,0,1,1,1,1,0,1,1,0,8,0,2,0,0,0,1,2,0,1,12,0,0,1,0,0,0,0,1,3,1,2,1,2,3,7,1,0,0,0,0,7,3,0,3,2,4,11,7,6,0,0,0,4,2,2,0,1,11,1,0,0,1,2,0,0,0,1,0,1,2,1,1,3,1,0,2,0,1,0,0,3,0,3,2,0,0,0,3,1,0,0,0,1,4,0,0,6,0,0,1,1,0,1,0,0,13,4,0,5,1,3,19,0,2,0,1,1,4,0,0,4,6,2,1,2,1,5,2,2,0,1,7,0,4,2,0,1,2,0,0,3,3,17,2,0,0,3,1,0,0,1,1,0,1,0,2,3,3,0,2,0,0,0,1,0,1,2,6,0,1,1,5,3,1,5,4,0,0,2,5,4,0,1,1,0,0,1,0,1,0,2,7,2,2,3,1,0,1,1,2,0,0,0,2,0,2,3,0,7,1,0,6,1,3,1,2,0,2,1,1,0,6,4,1,3,1,2,2,0,3,8,0,3,1,0,0,0,0,0,3,2,0,1,1,0,1,6,0,1,0,0,0,3,0,1,0,9,6,5,4,5,3,4,20,1,1,11,0,6,3,0,1,4,0,1,6,1,1,1,8,1,8,0,1,1,11,1,1,2,3,0,1,3,0,3,1,0,2,5,0,0,5,0,0,0,1,0,7,1,0,2,1,1,0,0,4,1,1,0,0,4,20,0,7,0,1,1,11,11,0,4,0,0,2,1,3,2,0,12,1,0,0,0,0,0,0,1,0,0,4,8,2,4,0,4,2,0,4,1,1,0,2,1,0,2,1,0,0,5,0,1,4,0,0,1,0,0,0,2,1,5,1,0,0,0,0,3,0
"ENSG00000271991.1",1,0,4,0,0,2,3,1,1,2,1,2,7,0,1,1,0,4,2,0,1,0,3,0,11,2,1,1,0,1,1,5,0,4,0,0,3,1,4,0,5,1,0,5,0,0,0,0,0,1,3,0,1,3,3,3,0,2,4,0,13,1,3,1,4,4,1,2,2,2,7,0,0,0,4,0,2,2,2,5,7,8,1,2,4,0,2,4,4,1,2,7,2,0,2,0,2,4,5,1,0,1,0,1,1,1,6,0,25,1,0,0,2,0,1,1,3,1,5,7,2,3,3,2,1,0,0,5,2,4,2,0,8,1,1,1,3,0,1,1,0,4,0,0,1,4,4,0,0,1,1,0,11,10,1,0,0,3,7,0,1,0,1,0,1,3,8,3,5,4,6,1,4,4,1,0,2,8,5,4,0,6,1,4,5,0,1,2,7,2,1,2,3,4,2,1,0,0,0,4,0,3,0,6,2,6,1,2,0,2,0,1,2,2,0,1,4,0,1,3,0,3,5,1,1,1,2,5,0,2,0,0,0,7,3,2,2,5,2,1,2,0,4,0,2,7,1,0,1,6,0,0,0,7,0,0,0,2,9,3,4,3,4,5,0,2,0,1,8,0,1,1,6,0,0,1,0,1,1,1,3,0,1,0,3,4,0,1,6,0,0,0,0,2,9,14,3,0,6,5,2,0,0,0,8,0,1,3,3,3,5,0,0,0,2,14,7,2,0,0,0,4,0,6,3,3,0,5,1,1,3,6,1,3,9,0,5,1,2,1,2,3,3,2,2,2,0,0,1,0,0,16,1,0,1,3,4,5,0,2,0,0,1,8,3,0,0,2,4,1,0,1,0,2,10,5,2,1,4,1,2,2,4,0,1,1,2,0,0,2,0,2,0,3,2,0,7,5,0,0,2,3,2,0,3,0,1,1,3,0,0,1,1,1,0,0,5,11,3,1,0,1,1,0
"ENSG00000271993.1",9,0,1,4,6,4,1,0,6,13,4,6,9,40,16,2,18,11,8,5,4,0,2,2,2,7,5,1,2,9,18,1,1,5,4,0,2,4,1,6,2,7,9,1,0,5,3,4,0,2,6,5,3,11,6,24,1,15,7,2,7,5,1,5,4,11,2,2,10,0,40,3,1,0,3,3,18,12,7,5,4,10,6,1,10,6,4,5,10,3,14,10,13,2,3,0,4,2,9,0,3,8,2,2,7,10,9,2,21,8,2,3,2,2,4,5,20,8,5,10,0,5,2,9,4,0,0,10,23,13,2,2,12,5,4,2,2,0,11,1,1,19,5,0,5,4,11,59,24,0,0,3,6,6,0,4,4,9,5,7,14,4,2,15,7,11,6,16,1,4,4,3,3,10,6,0,3,8,36,5,1,1,5,7,3,4,1,3,5,3,0,10,8,15,2,19,1,8,0,4,2,2,8,20,0,8,2,2,14,1,9,16,5,3,7,2,3,4,4,5,3,1,4,4,2,1,18,5,1,8,11,7,8,1,4,8,0,0,1,6,3,12,2,2,18,7,8,3,11,5,2,5,2,28,0,3,2,8,15,11,7,0,5,13,0,9,17,1,8,5,3,1,8,0,2,10,5,0,3,6,1,6,5,2,7,8,0,6,4,10,1,0,10,9,6,19,3,1,9,21,8,4,10,4,15,4,0,5,4,7,0,12,4,5,3,6,10,14,1,4,6,15,0,20,6,6,1,1,8,0,4,6,3,4,2,4,5,4,3,4,0,4,8,17,7,1,4,14,3,0,2,12,7,8,3,2,23,41,7,37,1,4,12,23,31,3,1,4,0,7,9,5,4,1,15,2,1,2,1,4,3,3,7,1,4,3,12,3,7,0,36,0,0,10,6,2,9,12,7,0,9,6,15,4,14,13,4,3,1,1,4,2,5,1,5,0,2,20,2,0,0,0,18,1
"ENSG00000272006.1",2,1,0,1,2,1,4,4,0,2,3,4,1,7,20,4,2,10,0,0,1,1,0,0,3,0,10,0,0,2,0,5,1,4,1,0,3,0,10,9,1,1,2,2,0,6,3,0,0,1,1,2,0,10,2,13,0,6,3,0,0,2,7,1,1,7,0,2,6,2,9,0,1,0,13,1,9,3,5,5,4,6,2,11,11,2,1,4,3,2,4,22,2,19,2,0,1,0,23,0,2,1,13,3,2,5,1,1,8,11,1,0,0,0,0,10,9,8,17,20,4,4,0,11,3,1,3,8,3,11,4,3,17,0,2,0,2,0,10,0,0,2,3,1,0,3,5,18,2,0,1,0,3,5,0,4,2,5,3,0,8,0,2,1,4,2,5,8,0,3,3,2,5,12,2,0,2,20,2,2,0,0,3,2,2,1,6,3,9,1,9,1,8,4,1,8,1,8,1,2,5,2,3,12,1,45,1,1,4,0,0,2,12,8,4,0,2,2,1,8,1,3,10,2,2,1,1,2,1,2,6,3,1,2,8,1,0,3,0,4,0,1,2,0,24,0,9,3,3,8,0,2,1,9,1,3,1,0,6,3,0,1,3,21,0,2,6,0,1,0,3,0,12,0,1,5,10,1,6,9,0,10,3,2,5,4,0,1,30,3,0,3,3,4,0,7,0,2,3,0,4,2,13,2,6,1,3,4,6,1,13,6,8,6,6,1,5,3,4,0,4,15,0,14,8,5,0,0,23,2,6,1,1,4,5,0,0,2,0,3,2,7,4,5,6,2,2,4,6,2,0,9,5,8,3,2,8,1,6,11,2,0,2,25,1,1,21,1,1,3,0,12,2,2,10,5,5,0,1,2,1,0,6,3,1,9,3,0,4,4,8,0,0,4,3,1,20,5,0,0,3,4,5,7,1,0,6,8,3,6,0,3,1,0,3,0,1,1,2,2,0,3,2,1
"ENSG00000272046.1",0,0,0,2,1,12,7,0,0,0,0,11,0,85,62,0,0,9,0,0,3,0,0,0,16,13,4,59,3,16,0,5,0,0,18,0,4,0,8,15,0,1,1,0,0,0,0,1,0,0,0,5,0,3,0,0,0,0,0,0,0,28,5,9,0,13,0,0,2,0,48,0,11,0,0,0,2,0,1,20,4,15,1,0,28,0,0,0,0,0,0,27,17,0,0,0,0,9,0,1,0,0,0,0,0,5,31,3,88,5,1,1,0,0,0,0,107,3,0,23,1,0,1,0,3,0,4,2,0,65,3,0,73,0,0,0,0,0,1,1,1,0,22,0,0,27,8,0,0,0,1,0,0,1,1,1,0,0,18,2,1,0,17,0,0,14,12,13,0,26,0,5,0,126,0,0,0,24,0,23,0,0,6,5,4,0,7,0,14,25,0,0,2,2,2,0,1,0,0,7,29,4,0,86,0,16,0,15,0,2,0,8,0,21,0,0,0,0,0,9,0,4,0,0,4,0,0,86,3,0,0,2,0,0,0,6,0,0,0,9,0,1,0,0,1,4,11,0,0,0,1,0,0,0,0,0,0,0,0,36,33,40,1,21,0,0,0,0,48,0,1,0,0,0,0,0,0,0,1,5,46,6,3,0,0,0,0,0,0,0,1,0,0,4,0,39,0,0,0,0,0,0,1,0,0,0,0,2,5,0,10,0,6,0,16,0,9,0,0,5,2,16,0,0,2,0,0,0,0,0,12,0,3,0,26,1,0,0,0,0,0,0,7,4,28,1,2,1,0,1,0,0,0,46,1,0,0,0,0,0,10,6,0,0,0,2,0,0,0,5,0,16,5,0,54,1,9,0,0,84,0,5,12,0,1,5,0,1,5,9,0,0,1,0,0,9,5,1,10,0,0,8,0,0,0,0,6,9,6,0,0,3,0,0,5,0,1,31,0,0,0,0,0,0
"ENSG00000272068.1",21,0,4,276,0,6,77,600,360,3051,0,51,6,30,888,18,33,6,11,6,37,1,50,8,153,11,0,49,126,207,232,59,644,24,27,30,381,19,28,92,88,62,10,335,5,738,275,227,4,2,27,186,41,14,10,260,6,6,49,242,1,112,168,2,37,4,2,168,96,3,73,34,40,0,3,8,0,159,98,413,18,62,124,676,13,73,164,3,303,54,31,57,11,249,3,0,2,0,11,2,21,0,121,0,72,219,5,13,34,2,70,7,28,28,5,61,99,2,197,79,20,273,0,800,93,1,4,27,2,94,164,0,28,16,131,0,29,6,9,26,2,49,153,5,38,80,45,37,99,405,3,4,1,17,7,269,51,21,107,6,61,99,56,11,9,22,20,197,2,24,5,48,50,2,61,3,290,423,122,46,0,1,5,191,3,55,2,61,1692,18,76,1,108,330,4,1,5,127,34,249,51,327,4,15,5,58,2,23,39,151,419,8,5,112,7,718,39,9,10,699,1,7,2,109,31,0,2,148,40,11,670,257,28,257,19,70,0,24,145,213,106,130,3,368,39,622,97,0,23,19,45,17,11,44,0,71,3,31,23,6,174,154,4,28,4,110,225,2,448,2,32,6,163,1,11,1,74,1,6,7,27,13,22,22,46,9,2,214,11,59,18,328,16,901,2,90,104,4,186,924,48,7,6,13,3,720,2,112,327,2,2,5,144,541,299,1039,150,15,285,33,28,736,0,6,545,272,2,22,0,1,659,6,201,1,846,3,190,3544,5,22,1,46,106,140,17,110,12,57,4,0,2,14,26,58,11,14,56,105,6,14,472,25,111,103,1396,4,118,5,0,370,6,393,227,19,94,0,391,3,48,13,0,1,963,104,154,829,48,75,108,1,7,101,32,1,3,26,186,32,17,2,31,0,386,56,4,0,239,4,77,75,2,72,20,36,394,30,9,4,1,10,3,0,1424,7
"ENSG00000272205.1",12,0,3,4,6,4,2,3,9,11,4,9,6,10,19,1,4,5,6,6,2,1,14,9,14,3,19,12,2,3,21,2,7,9,1,0,23,3,15,10,2,4,11,6,2,15,2,4,1,1,19,3,1,15,6,31,3,11,11,7,73,16,4,8,2,10,9,8,13,11,32,5,3,0,4,5,20,9,8,9,9,32,16,7,7,7,6,7,7,3,20,7,2,41,2,0,5,6,16,3,4,1,15,5,3,3,8,1,39,5,6,3,3,3,3,4,12,11,15,14,2,14,2,26,12,3,2,32,12,6,8,1,24,4,10,1,23,6,25,6,2,21,6,1,8,13,11,45,3,4,1,3,15,5,1,9,2,2,12,2,11,5,3,4,10,17,10,19,11,16,15,8,9,51,7,5,6,175,14,7,3,2,16,8,16,5,14,10,10,8,6,9,7,3,1,25,1,6,1,16,1,21,6,41,0,58,2,6,19,7,9,10,5,0,8,3,13,7,5,3,1,4,2,2,0,0,35,2,3,8,30,21,11,22,26,8,3,11,1,5,0,2,22,2,36,16,1,2,4,8,2,6,1,16,1,4,0,10,10,34,19,7,33,13,3,2,17,2,39,3,2,1,17,0,5,5,3,0,17,17,19,9,3,1,32,4,0,3,5,7,3,4,6,28,19,16,10,11,8,6,11,5,20,2,32,5,3,10,7,11,25,22,14,13,8,8,2,7,5,5,8,14,4,18,21,13,2,8,9,2,26,5,3,16,31,2,29,7,8,2,1,6,2,23,9,3,2,13,6,1,2,9,10,11,6,0,9,25,4,16,8,4,7,20,49,9,5,3,7,4,8,41,7,7,20,15,7,0,2,8,7,6,13,6,2,7,18,3,5,9,8,7,1,8,6,7,11,11,11,0,2,10,1,3,16,1,2,6,6,1,4,10,7,6,8,3,7,15,11,1,1,5,14,2
"ENSG00000272236.1",0,0,0,0,0,0,1,0,3,0,3,4,5,7,17,9,20,0,6,0,0,0,0,5,3,0,0,2,0,2,2,0,0,3,0,8,3,11,3,4,37,0,6,0,1,1,1,0,0,3,1,1,0,3,0,1,1,0,3,4,1,0,1,0,3,0,10,1,0,2,1,1,1,0,4,0,10,0,1,2,6,5,1,2,2,0,0,14,1,0,12,5,4,0,1,0,0,1,2,1,0,0,28,0,4,2,2,0,0,3,0,2,7,0,1,0,5,0,0,0,3,7,0,0,0,0,0,8,1,10,9,2,2,1,0,0,4,0,5,0,0,5,2,0,1,8,7,0,0,0,0,0,5,1,1,2,0,1,10,3,2,0,1,1,3,0,1,1,1,0,1,2,2,5,1,5,15,6,1,1,0,0,0,6,0,2,0,1,1,0,1,0,5,6,1,0,0,12,0,1,0,5,5,4,0,4,0,1,0,4,2,0,10,8,2,1,1,0,6,6,0,0,18,0,0,2,2,12,0,1,2,3,1,1,4,1,0,0,4,3,0,0,2,0,1,1,2,65,3,2,1,0,0,10,1,2,0,24,0,2,1,3,2,0,1,1,6,0,2,0,0,0,0,0,3,3,1,1,0,4,4,1,2,0,2,0,0,0,0,13,1,11,1,1,0,0,3,4,1,3,12,1,0,0,1,0,8,2,0,0,2,1,1,1,1,0,1,19,1,0,0,6,0,4,25,3,0,0,0,2,0,19,1,0,5,4,2,3,2,0,5,1,5,19,58,0,0,0,0,0,0,2,7,1,4,0,2,8,13,0,0,3,0,8,0,1,0,0,1,12,1,2,0,15,6,1,0,1,1,5,1,2,1,0,2,4,1,0,5,1,5,3,0,2,0,0,2,0,2,0,1,11,1,2,4,7,15,6,0,3,1,6,3,1,0,0,2,3,2,0,0,0,1,0
"ENSG00000272398.6",45922,502,11,3372,15589,3573,96,10658,957,15816,9788,693,11023,49565,35889,1830,3521,3045,283,25868,9828,729,21795,2336,307,281,13163,1470,3610,16415,20254,78681,3407,488,2853,7192,208,669,805,947,556,17522,8511,73,2196,5675,7848,1033,3273,671,22,26024,2426,3385,4609,248,257,26861,6,1588,8,11772,9,2993,150,4086,75,18,9041,3847,31921,947,420,501,8136,359,16957,5171,15590,5309,15449,6206,31067,9141,2901,4193,960,7,15609,440,7941,9097,3948,2677,42,161,409,131,9959,4647,1833,103,23613,134,2606,565,1967,721,31302,7475,818,1639,12234,7659,6640,1715,22075,1540,14826,2224,87,3631,256,57,2487,466,1052,172,5842,60304,4072,383,12638,2342,26861,1561,90,274,5870,4741,1038,24756,17518,1323,3913,5493,4770,19591,4274,26871,899,1704,1691,5589,187,2848,1182,10173,3842,5760,1597,2919,9797,24720,30585,1137,2809,16530,975,13217,8154,1655,34,8562,1354,6060,12657,238,17398,73,281,15019,1970,1720,1,330,720,323,28486,7851,1321,57,19059,8244,611,22,694,449,2810,10072,16,7050,21188,1171,518,2646,2009,11600,2367,322,4953,4845,37849,9748,3632,19677,3451,2,2723,12840,337,954,21952,434,2183,611,106,13948,4428,3415,153,1178,3571,1081,1,453,1028,12,144,245,20846,1179,158,424,10924,6396,1456,839,9791,166,1775,203,479,5106,744,1964,1071,48231,18,8720,3874,53,31202,18397,555,12026,8051,797,5858,1342,5671,789,2536,750,7536,5187,6745,330,29,2707,40,621,422,571,598,3520,1016,6514,11837,12429,9955,147,12728,8986,1118,3175,17992,371,7750,47431,2748,7544,27644,950,17228,838,3847,39,1680,2166,5,22235,86,1364,10372,12409,3374,9332,10933,3580,14175,16232,658,11513,9033,2526,4119,68,2667,510,14,4049,367,3235,369,2217,56,23925,1782,16716,488,190,7902,22128,724,2970,7088,4464,11539,216,1723,14445,1691,22553,68,797,10625,9474,17836,781,6568,1243,321,23949,52726,579,5527,1749,23,1969,168,71,6303,707,8949,194,2058,6648,93,578,10,910,785,844,7492,10488,13417,3782,7229,1829,9770,19,617,7247,4560,4215,1686,5588,9047,1133,1089,3243,6684,55,19808,83,14011,19485,9,13279,1644,194,266,906,522,140,4294,1199,5253,4902,647,713,1927,1244
"ENSG00000272405.1",104,1,3,1736,21,52,731,1896,1559,1463,4,603,35,546,2676,174,85,17,84,25,341,8,58,260,397,41,3,237,904,1384,2650,1682,2939,75,320,262,1474,541,198,426,218,1238,90,938,56,545,2314,1114,11,2,164,1261,198,148,60,1056,29,29,264,870,4,566,629,27,101,6,6,976,1816,18,343,234,254,9,0,13,3,704,1015,1018,318,319,576,3360,120,249,605,8,471,528,277,494,32,2427,5,2,28,16,89,50,330,19,481,4,626,985,40,26,118,10,618,11,261,266,53,381,362,1,1896,720,243,770,2,5417,988,2,27,156,13,967,701,6,98,373,1078,6,182,24,117,251,9,179,1005,12,423,739,478,63,1203,1315,8,4,5,41,157,1350,710,172,762,35,364,1046,608,26,57,381,498,3761,4,183,21,456,315,5,400,97,4868,2627,362,484,0,2,11,1516,6,359,18,127,1403,206,718,10,387,1548,25,9,24,1777,224,1885,574,1281,23,91,15,690,5,204,333,809,909,46,168,676,20,1517,583,92,134,3811,0,111,8,1590,154,7,10,371,264,250,1873,1175,341,1897,77,572,8,168,827,2015,1061,1335,10,1606,113,2328,687,13,440,138,157,112,42,127,2,129,13,110,502,27,480,312,10,57,23,611,1950,5,839,14,413,33,3200,14,155,11,1417,2,7,106,173,626,119,45,173,51,4,850,103,1900,91,1312,63,3803,16,1566,811,19,472,1292,1109,33,35,71,26,2152,3,828,894,28,8,77,730,2728,1799,1410,1017,94,1041,164,206,1168,5,52,1975,994,33,102,17,6,4595,38,747,0,4533,15,1332,5258,4,93,4,470,1035,447,127,484,157,250,6,6,48,86,203,1766,182,47,677,419,82,41,852,185,780,132,2944,113,395,48,3,1142,39,1805,295,343,488,4,2140,31,150,163,1,11,1690,699,716,4044,122,1020,575,8,40,450,162,37,14,137,1129,397,142,25,441,4,650,318,21,1,805,35,205,203,80,290,73,406,1281,318,33,20,21,39,3,3,1571,43
"ENSG00000272417.1",16,0,6,1,8,1,5,3,2,3,3,1,6,37,8,2,5,13,2,9,1,0,1,0,0,9,4,5,1,10,10,7,2,0,4,1,0,0,0,4,0,8,10,5,3,4,4,2,0,1,1,0,1,6,2,10,0,11,13,4,15,2,2,3,0,9,5,0,14,6,12,1,0,2,2,0,7,3,17,4,9,4,9,3,10,5,2,3,7,6,9,8,4,3,0,0,3,1,12,0,0,1,12,1,2,5,5,1,31,13,4,0,3,2,2,2,7,2,0,24,0,12,0,13,10,0,0,2,9,13,1,1,40,1,6,0,2,0,8,0,0,9,5,4,2,10,5,37,15,1,0,0,2,5,0,2,4,12,9,1,4,2,13,6,4,1,7,16,0,6,2,15,5,14,3,2,1,10,14,0,0,1,7,3,1,0,3,0,1,1,3,7,10,13,1,5,1,3,0,1,0,5,7,2,1,18,0,4,3,4,4,10,22,4,8,1,6,3,2,5,1,1,1,2,2,0,8,4,1,2,6,6,6,1,1,2,1,5,1,1,1,1,4,1,30,16,3,3,6,0,1,3,2,11,0,4,0,2,6,15,11,3,8,16,1,2,17,3,6,0,6,0,16,0,3,12,2,0,1,5,3,11,5,1,3,7,1,2,3,4,2,1,6,12,3,1,8,0,3,9,4,7,16,0,13,2,1,3,3,4,9,29,5,4,6,6,0,5,4,7,5,25,1,75,4,0,1,5,4,0,7,5,2,7,7,0,3,10,4,8,0,1,2,8,4,3,1,2,7,0,2,6,2,8,1,2,58,15,9,31,2,4,5,22,20,5,9,6,1,3,3,6,1,4,6,4,3,1,0,4,1,1,2,0,0,15,3,0,9,1,33,2,0,21,9,3,3,18,2,0,0,5,7,3,2,1,4,12,13,2,2,1,2,1,5,0,3,2,15,1,0,1,17,0
"ENSG00000272461.1",0,0,17,0,0,0,0,0,0,0,0,0,1,3,5,1,0,1,0,0,0,0,0,0,0,1,0,0,1,10,0,0,2,0,4,0,1,0,0,0,0,0,0,1,1,3,0,0,0,0,1,4,0,6,0,0,0,0,0,0,0,0,0,1,0,3,0,0,0,3,5,0,0,0,0,0,0,0,1,8,0,4,0,0,0,0,0,1,0,0,0,3,2,10,0,1,0,0,0,0,0,0,7,0,0,2,0,0,18,0,2,0,0,1,0,1,0,0,0,1,0,4,0,0,1,0,0,0,1,7,0,0,17,0,0,0,0,0,2,0,0,0,10,0,4,3,0,0,7,0,0,0,0,5,0,0,0,0,6,0,0,0,0,0,0,0,1,0,0,0,0,0,0,21,0,0,0,16,3,1,0,0,0,0,0,0,0,0,2,0,0,2,0,3,0,12,0,2,0,0,0,0,0,4,0,16,0,0,1,0,1,0,0,1,1,0,0,0,1,0,0,2,0,0,0,0,0,24,0,0,0,0,0,0,0,0,0,0,0,0,0,0,0,0,2,11,0,0,0,0,0,0,1,0,0,1,0,0,0,2,0,0,0,0,0,0,0,0,0,0,1,0,10,0,0,0,27,0,0,3,0,9,0,0,0,0,1,0,0,2,0,0,0,12,0,9,10,0,0,0,0,0,1,0,28,0,0,0,1,0,0,0,0,0,2,0,0,0,2,7,0,11,0,0,0,0,0,0,2,0,7,0,0,0,4,0,0,0,3,0,0,0,0,1,0,0,2,0,4,0,0,1,0,3,0,0,0,0,0,0,0,0,0,0,0,0,0,0,0,0,4,1,2,2,13,0,0,3,0,2,0,0,0,0,0,0,0,0,1,0,2,0,0,0,0,0,0,26,0,0,2,0,0,0,0,2,4,5,0,0,0,0,0,0,0,0,1,1,5,0,1,0,0,0
"ENSG00000272468.1",2,0,99,5,9,3,15,2,11,166,33,44,41,119,30,1,13,14,14,2,2,3,3,1,9,4,13,32,6,20,4,7,1,31,3,31,6,1,49,29,29,12,2,68,3,6,17,2,1,7,11,3,11,19,16,3,10,38,51,13,9,8,13,5,2,1,14,14,12,1,62,3,1,0,20,2,20,5,24,3,9,26,369,1,22,21,4,0,20,3,31,7,3,42,13,1,26,7,5,15,9,1,59,16,9,7,17,6,1,45,14,1,12,11,16,23,28,0,17,35,1,31,0,6,4,0,1,10,19,9,4,2,26,0,12,2,6,4,2,0,1,7,4,6,2,7,6,24,10,45,1,2,1,7,1,2,2,28,39,15,3,8,31,20,3,2,8,48,30,41,18,2,8,77,13,4,8,63,87,6,0,17,2,52,10,11,8,1,36,12,24,19,25,8,8,25,0,16,28,1,3,142,8,16,0,1,4,0,12,0,9,20,34,10,2,1,13,14,4,12,5,31,28,12,2,0,10,14,11,5,70,0,4,15,7,17,1,0,0,8,23,7,15,12,7,12,5,36,17,8,9,3,6,4,2,20,1,4,9,33,30,15,7,40,0,8,9,0,15,3,0,1,59,2,0,15,15,0,34,100,26,2,6,4,2,13,2,5,4,6,4,5,10,90,18,0,21,4,26,4,21,4,81,2,38,4,6,7,3,16,1,3,10,4,11,97,0,9,23,4,1,8,4,10,3,24,0,2,10,2,19,23,4,71,9,0,1,0,33,19,4,18,2,6,23,17,1,11,23,0,4,23,10,45,1,3,9,2,2,21,3,26,7,26,5,0,20,8,20,6,8,13,12,4,86,4,1,1,1,67,6,32,7,6,13,11,4,4,9,6,45,0,5,25,18,5,2,45,2,0,15,5,18,1,10,17,11,1,22,5,1,5,11,14,11,2,0,52,9,7,2,9,180,7
"ENSG00000272573.6",0,0,4,3,3,1,0,0,0,1,0,2,0,2,0,0,4,6,0,2,4,0,0,1,1,0,0,0,1,1,1,0,2,3,1,2,0,0,2,3,0,0,5,2,0,1,4,0,0,2,2,2,0,2,2,5,1,0,1,0,2,0,2,0,0,3,5,1,0,2,2,0,0,1,0,0,2,2,0,0,7,5,1,1,1,1,0,4,1,0,2,5,0,0,1,1,0,1,3,0,2,1,0,1,1,2,2,0,2,0,2,1,0,2,4,0,2,3,2,3,0,5,1,0,1,0,0,0,2,5,1,2,1,0,1,0,1,0,0,1,0,7,1,0,1,0,1,9,0,0,0,0,3,1,0,3,0,4,1,2,4,0,2,1,3,0,4,51,3,0,0,3,3,2,0,2,1,1,1,2,0,0,4,2,3,0,1,0,5,2,1,1,6,2,1,6,0,2,0,1,0,1,6,3,0,1,1,6,2,4,1,1,0,0,2,0,0,0,1,1,0,2,0,0,1,0,4,5,0,3,4,0,0,1,0,1,0,1,0,1,0,0,0,0,1,0,0,2,2,3,1,0,2,1,0,1,0,0,1,7,3,0,3,1,0,0,2,0,0,0,0,1,3,0,4,1,0,0,1,0,1,1,0,0,5,1,0,0,0,3,0,1,0,1,0,3,4,2,0,0,3,0,1,0,13,0,2,0,2,5,0,3,4,0,0,0,0,0,3,0,1,0,0,3,1,4,0,1,0,0,1,3,0,0,4,0,4,2,0,1,1,1,0,1,0,0,0,2,22,0,1,4,0,3,1,0,1,0,2,2,1,0,2,48,1,5,0,0,0,0,2,5,0,1,4,1,0,0,1,3,0,0,2,0,0,1,1,2,0,0,3,0,0,2,0,4,2,1,1,0,2,2,3,2,3,0,0,5,0,0,0,0,2,1,1,1,0,0,4,0,0,2,0,0
"ENSG00000272620.2",72,0,5,9,83,3,2,1,0,4,4,33,1,1433,1960,2,1674,0,0,6,872,3,236,22,18,2,1,13,1,35,6,8002,30,78,300,8,789,4,5,10,1,5893,3,6,3,33,2,9,3,4,0,1041,3,6,0,16,2,0,1,6,19,9,3,4,0,3,4,14,7,130,1120,47,18,1,2,1,2,44,1,34,5161,67,34,247,15,1,0,0,10,12,1912,2473,1,9,3,1,8,6,1,212,45,2,771,1,15,4,11,6,39,2,9,3,4,0,3,1,18,1,19,117,0,265,0,25,7,0,3,13,17,6640,1,2,69,12,4078,1,15,0,1,1,2,5,48,0,4,4108,17,3683,3,4,4,8,40,37,4,9030,1,2,799,860,4,553,4216,16,378,8,4,61,0,39,1002,9,77,3,104,0,28,8,5608,2733,0,169,0,28,2,6,45,2,208,4,0,5,1,5,17,5,6,9,0,7235,2,101,4,97,0,2,1,26,261,3,10,160,827,3,3,14,675,13,6,2310,1,3,0,7,1,4,0,3939,651,58,43,216,991,0,4,213,1,6,1,0,59,14,1,31,57,2,0,1,375,2,3,0,0,2,1,1,2,10,1,6,43,18,81,1,3,1111,1332,0,2,2,36,1,148,4,552,2,1,0,4,71,3,1,32,1,2,0,2,7,2,917,28,3,15,487,211,2,12,1,15,181,27,3,4,0,1,85,2,10,9,1,2,12,6,200,4075,12,38,9,7,37,7,8427,1,1322,154,4,4,16,0,1,1299,2,833,13,3070,3,4,9778,0,6,0,31,198,33,0,445,0,5,0,0,2,11,12,5,0,0,0,504,2,6,107,1,412,59,2301,2,1427,2,4,343,0,11,4,1,15,0,5,2,4,3,1,6,5,8,0,13,1214,1,17,28,90,6,0,11,1,0,13,12,193,1,5,21,5,0,19,7,4498,17,7,5,1725,4,2,2,48,3,2,13,3,44,1,1,11,3
"ENSG00000272662.1",3,0,11,2,2,3,14,0,3,7,1,1,3,25,11,0,2,1,3,0,1,0,3,0,7,0,6,1,1,4,5,0,3,5,3,0,5,1,6,1,3,4,1,1,1,1,4,5,0,0,1,3,1,8,3,10,1,5,10,0,5,5,2,6,2,4,5,5,9,4,7,1,2,1,2,2,6,1,4,4,3,4,9,6,9,4,2,2,0,7,5,0,4,17,1,0,1,12,5,2,3,0,2,2,1,3,5,0,24,9,5,0,1,5,3,3,1,1,4,22,1,5,4,10,5,0,0,8,5,10,2,0,10,3,1,1,6,0,5,0,0,8,4,0,2,6,18,10,9,0,1,2,8,12,2,1,6,3,9,3,6,2,4,3,7,0,7,9,4,3,5,2,2,10,2,0,0,73,13,0,0,0,3,5,3,4,6,3,9,3,1,3,2,9,1,7,0,5,1,0,2,3,4,8,0,19,3,2,8,3,1,5,8,1,2,2,1,2,2,5,0,4,4,2,0,0,3,3,0,2,6,6,5,5,6,2,0,2,1,6,0,1,3,2,7,6,5,0,10,2,0,3,0,6,0,2,0,0,3,6,9,5,3,12,0,1,8,1,8,0,1,2,3,0,2,4,4,0,0,5,6,7,6,0,4,7,0,0,6,3,1,1,6,18,0,7,1,4,2,10,2,5,15,4,38,1,1,6,4,3,13,15,6,2,5,5,10,7,1,3,2,1,2,6,7,5,0,2,8,0,2,6,4,1,8,0,5,2,4,2,1,2,2,10,2,2,2,5,10,0,0,15,2,15,0,0,3,12,4,11,3,1,0,11,11,3,4,1,2,6,5,6,3,7,22,4,6,2,0,7,2,2,6,0,2,5,10,0,1,1,8,3,1,8,1,0,10,7,0,0,7,1,8,2,9,6,5,5,4,0,0,3,0,0,3,0,2,15,8,0,1,3,5,1
"ENSG00000272719.1",0,0,16,0,0,0,1,4,1,6,3,4,1,5,2,1,0,1,1,1,2,0,1,1,4,4,16,3,0,0,0,0,0,1,2,1,3,2,0,1,14,1,1,0,0,5,2,0,0,2,0,0,0,1,1,8,1,1,2,0,0,5,8,3,0,0,2,0,0,2,1,1,1,0,0,0,3,7,7,3,7,15,0,1,6,0,1,1,1,0,0,4,0,0,1,0,4,0,2,0,3,3,0,0,1,4,0,1,8,1,2,0,1,5,0,11,0,0,11,9,3,2,0,7,4,0,0,5,0,5,6,0,7,4,1,0,17,0,4,2,0,1,0,2,0,1,2,8,1,0,0,1,19,4,1,11,3,0,18,14,5,0,3,2,1,4,3,2,11,1,2,2,0,0,2,0,1,17,2,2,1,0,6,8,3,0,3,0,1,2,1,1,3,3,1,4,1,2,3,6,3,4,0,3,0,25,1,0,7,2,2,4,1,1,3,0,1,4,0,0,2,34,0,1,0,0,2,2,0,6,5,30,2,2,2,1,0,0,0,4,0,3,0,1,12,7,10,0,6,9,0,2,0,2,0,1,3,0,1,1,3,1,4,0,2,4,1,0,2,0,0,0,2,0,6,0,1,0,1,0,4,3,4,0,7,1,0,0,1,1,2,5,4,15,4,3,0,0,13,0,2,0,1,3,1,1,0,7,10,7,4,2,24,4,2,0,4,3,1,4,2,1,0,0,6,2,0,2,3,0,3,2,0,1,1,0,18,0,0,3,0,0,5,23,0,4,3,1,0,0,0,7,19,2,2,1,1,3,0,1,2,2,3,5,1,9,19,0,3,9,1,3,0,1,6,5,0,0,3,14,35,6,6,2,3,2,4,1,3,1,0,0,1,2,3,0,3,0,1,0,4,5,0,3,2,2,6,0,0,0,0,5,1,2,2,0,0,1,0,0,0,1,1,0
"ENSG00000272797.1",0,0,0,0,0,0,4,0,0,0,0,0,0,13,3,0,0,1,0,0,0,0,0,0,0,0,0,1,2,3,36,0,0,0,0,0,1,0,0,0,0,0,0,0,0,0,0,0,0,0,0,1,0,1,0,13,0,1,0,0,0,1,0,0,0,2,0,0,4,1,11,6,1,0,0,0,3,1,1,11,0,2,0,0,14,0,2,0,8,0,1,2,1,0,0,0,0,0,0,1,1,0,4,0,0,0,0,0,4,11,0,0,6,1,0,0,7,1,3,26,0,0,0,0,2,0,0,0,1,9,0,0,6,0,0,0,0,0,0,0,0,6,1,0,0,11,10,0,0,0,0,0,0,0,0,0,3,6,2,3,4,0,0,0,0,0,0,4,0,0,2,11,0,17,1,0,0,0,0,0,0,0,0,0,0,0,0,0,0,0,0,0,0,1,0,1,0,0,0,15,0,5,0,2,0,0,0,0,0,0,2,0,7,0,0,0,0,0,7,3,0,0,3,0,0,0,0,8,0,2,23,0,5,0,0,0,0,0,0,1,1,0,0,1,0,6,0,0,0,0,0,0,0,8,0,0,0,0,0,9,1,0,17,0,0,0,10,0,0,0,0,0,1,0,2,5,0,0,0,0,0,0,0,0,0,3,0,28,0,3,1,0,0,0,0,0,3,0,1,0,0,2,1,0,0,0,0,0,3,0,0,0,0,6,0,0,2,0,2,0,0,0,0,11,1,0,0,0,0,0,0,1,1,0,1,0,0,2,1,1,0,0,7,3,23,0,0,0,5,0,0,0,0,0,0,0,0,0,7,0,1,0,0,3,0,0,3,1,0,4,1,0,1,2,2,2,0,0,0,0,0,1,0,0,0,11,1,0,2,1,0,0,0,0,0,6,0,0,0,0,3,0,1,0,0,0,3,2,0,0,1,0,0,0,0,0,0,23,0,0,0,1,0,0
"ENSG00000272832.1",0,0,0,1,0,5,4,0,0,0,0,0,1,7,4,1,3,0,2,2,1,0,3,1,1,7,0,3,2,2,0,11,0,5,1,0,0,0,6,4,1,0,0,3,2,1,0,1,0,0,0,2,1,4,0,5,1,5,1,0,3,1,14,3,0,3,0,0,2,2,7,4,1,0,1,1,4,1,1,1,6,0,0,3,0,0,0,0,3,12,1,2,2,42,1,0,4,0,2,1,0,0,2,3,1,0,2,0,5,1,0,0,0,0,1,4,6,0,0,14,2,2,0,3,0,0,0,0,3,9,0,0,1,0,1,0,0,0,7,0,0,4,2,0,0,6,15,11,0,0,1,0,4,1,0,0,0,3,32,4,0,4,2,4,2,3,5,3,0,1,0,5,3,6,2,0,1,4,3,4,0,7,1,0,3,0,0,0,0,1,0,1,8,0,0,4,1,4,0,6,0,1,4,7,0,6,0,1,3,2,2,7,2,0,0,0,3,3,1,0,0,0,1,0,1,0,12,4,0,2,4,0,3,3,9,15,0,0,0,0,1,2,3,0,7,3,4,4,12,0,0,1,0,8,0,0,0,2,0,4,1,0,1,3,1,0,5,0,2,0,3,0,2,0,1,0,1,0,8,3,8,4,1,0,2,1,0,0,3,2,1,2,5,7,23,0,3,7,3,2,0,5,1,0,8,0,0,5,0,1,1,3,1,10,2,0,1,3,1,16,1,0,1,1,1,2,1,2,2,0,0,3,3,1,1,0,5,1,0,0,0,1,2,4,1,0,0,18,0,0,1,0,1,2,2,0,4,2,1,2,0,0,2,7,4,0,17,0,0,2,0,4,0,2,33,0,2,3,0,2,0,1,8,0,0,1,7,1,0,0,5,9,0,2,9,1,2,0,6,0,1,0,0,2,1,2,2,0,0,0,3,0,0,1,0,0,1,3,0,0,0,0,7,0
"ENSG00000272865.2",0,0,58,0,0,0,0,0,1,6,0,4,0,121,7,1,2,1,0,0,0,0,0,0,0,2,0,9,0,2,16,41,1,1,0,0,0,0,0,1,0,0,0,0,0,0,0,0,0,0,0,2,0,0,0,1,0,0,7,1,0,0,0,1,0,0,0,0,0,8,0,1,0,0,0,0,2,0,0,7,0,1,0,0,8,0,0,0,1,0,2,0,0,0,0,0,3,0,1,31,1,0,16,0,0,3,2,0,12,0,0,0,1,0,1,1,1,0,0,1,0,0,6,0,0,0,0,0,0,49,0,0,1,0,0,0,0,0,0,0,0,2,8,0,0,0,1,2,2,1,0,0,0,0,0,0,0,0,0,0,0,0,0,0,45,0,0,1,1,0,0,0,0,15,0,0,0,0,0,0,0,3,0,0,2,3,0,0,0,0,0,0,1,1,0,0,2,0,0,5,0,5,0,8,0,1,0,1,0,1,0,0,0,0,0,2,0,0,1,0,0,0,0,1,0,0,3,26,0,0,0,0,1,0,1,1,0,1,0,0,0,1,0,0,1,0,0,0,0,0,0,0,0,0,0,0,0,0,1,1,0,2,57,1,0,0,3,1,0,0,0,0,0,0,0,0,0,0,0,1,0,0,0,1,0,2,0,1,1,0,0,0,0,1,0,1,0,0,3,0,0,3,1,0,0,1,0,0,0,0,0,0,0,0,1,0,0,4,0,0,0,4,0,2,0,0,1,0,0,0,0,0,0,137,0,0,0,3,0,1,1,2,0,1,0,2,0,0,6,1,0,1,0,0,0,0,0,16,0,0,1,0,0,73,45,0,0,4,1,0,0,0,0,0,1,2,0,0,2,0,1,0,0,0,0,1,0,0,0,1,3,0,0,0,0,0,1,1,0,0,0,0,0,0,5,12,2,0,1,0,0,2,0,0,2,0,0,3,1,1,0,0,3,1
"ENSG00000272872.1",81,0,11,15,6,1,6,1,2,3,1,7,0,26,39,3,2,8,0,3,0,1,40,0,24,2,3,15,7,12,8,0,10,1,4,1,7,0,38,19,4,1,25,15,4,0,9,14,1,0,0,8,0,26,0,2,1,1,2,0,0,18,2,1,2,1,1,0,0,0,186,14,2,0,0,0,10,4,25,15,17,55,7,2,11,0,4,3,13,10,0,19,14,0,0,0,0,14,18,1,3,8,1,0,0,2,2,1,58,26,5,1,8,20,0,4,1,12,19,17,5,0,0,0,11,0,4,24,0,31,5,0,15,2,5,0,1,1,5,7,3,0,20,2,0,4,2,0,8,0,0,4,1,4,1,2,1,2,24,6,6,1,0,1,5,2,41,3,0,3,2,8,3,59,0,2,5,16,1,8,0,0,10,12,8,6,27,9,23,9,18,33,4,9,0,4,0,22,0,1,3,2,2,34,0,17,2,1,9,10,0,8,21,10,9,10,1,0,16,52,0,4,16,0,6,2,1,15,1,0,0,14,3,2,6,25,4,1,5,14,3,1,1,1,0,13,25,4,1,2,0,5,3,21,0,1,0,7,0,31,7,4,6,13,0,3,1,0,6,3,7,0,40,0,2,0,28,0,0,32,24,15,7,0,4,0,1,0,3,1,0,1,2,26,7,34,11,0,2,2,5,0,50,0,0,1,0,3,5,16,27,0,25,0,2,10,5,1,1,26,2,14,0,1,16,2,0,1,3,0,6,0,3,0,24,0,3,15,0,0,0,6,7,1,13,3,0,1,6,0,1,14,0,16,3,0,0,14,2,1,10,6,5,10,7,0,20,18,3,6,0,21,2,2,27,0,19,0,0,17,4,8,31,1,2,34,1,6,12,0,6,0,3,2,1,0,17,44,5,2,2,0,1,0,17,35,5,4,11,1,8,6,2,1,5,1,5,1,2,0,2,0,1,0
"ENSG00000272905.1",2,0,4,4,2,1,0,0,3,1,2,4,7,6,11,0,0,3,6,1,0,0,0,2,3,3,1,1,0,2,4,0,0,6,0,0,0,0,4,3,0,5,5,6,2,1,1,0,1,1,5,1,0,9,5,4,2,1,4,1,2,3,9,6,3,2,3,2,1,3,14,0,1,1,2,0,10,9,19,1,7,6,11,1,7,1,7,4,6,1,3,12,0,12,2,0,9,0,6,1,3,2,12,4,1,2,1,1,3,1,0,1,1,0,3,9,10,6,0,8,0,7,1,10,8,0,0,5,1,8,2,1,31,2,1,0,6,1,14,0,0,10,7,3,3,7,7,3,6,4,0,2,4,3,0,3,3,3,3,1,2,1,9,3,8,0,5,7,2,5,2,1,4,7,1,0,0,3,15,1,0,0,4,5,4,0,4,3,8,1,1,8,11,3,0,5,1,3,0,5,2,5,0,8,1,5,0,3,0,1,4,4,7,4,5,2,2,6,3,5,0,1,0,1,0,0,13,2,7,6,17,4,1,3,21,1,1,2,0,1,1,1,2,1,8,3,6,1,5,10,0,2,0,9,1,2,2,2,13,8,2,3,5,2,0,2,11,1,5,1,2,0,3,0,5,5,0,0,7,1,2,8,4,0,2,2,0,0,4,3,0,5,1,3,3,1,3,0,9,0,1,2,18,2,8,2,5,3,6,1,10,2,7,2,2,3,9,3,1,0,4,19,0,11,6,3,0,8,2,0,6,2,1,2,3,0,3,1,2,2,0,0,3,4,3,1,1,3,1,1,1,6,1,2,3,1,4,9,3,0,0,1,6,12,8,4,8,3,4,0,2,22,1,2,9,3,2,1,1,3,3,2,1,0,3,3,2,0,1,1,7,2,0,1,13,3,4,8,5,3,4,4,2,5,14,6,5,8,0,4,1,3,2,2,3,0,0,9,9,1,1,6,9,1
"ENSG00000272906.1",7,3,4,2,10,11,24,0,2,24,9,11,15,21,16,2,8,8,14,5,1,0,3,1,2,4,15,7,2,16,25,1,5,5,2,2,3,9,17,10,1,3,2,11,7,7,5,1,1,6,7,6,0,13,3,16,3,30,6,5,10,8,13,4,4,26,5,4,13,10,35,8,2,2,9,3,35,7,9,13,5,12,14,5,15,4,10,12,3,10,23,20,19,52,5,0,19,6,23,4,5,2,23,3,3,16,15,0,38,10,7,6,6,1,7,7,15,5,8,25,2,12,2,37,4,0,0,35,25,42,2,1,30,4,2,0,21,2,9,4,0,23,11,1,12,2,28,44,19,12,0,2,12,2,1,11,8,13,16,6,11,14,9,14,15,5,14,38,10,16,5,5,8,54,2,1,12,61,20,16,2,9,33,19,17,13,13,1,6,2,2,12,7,5,3,20,6,16,7,3,16,15,15,18,4,54,3,8,10,2,4,18,13,6,2,3,7,7,5,8,0,1,4,2,4,1,32,9,6,16,24,10,14,14,42,18,4,6,1,6,4,10,10,1,68,38,10,10,13,13,0,6,0,19,1,4,2,14,34,31,12,4,21,44,2,10,16,4,14,0,3,2,27,1,14,31,20,2,13,6,33,16,15,0,13,17,0,4,36,7,1,5,16,46,8,21,11,8,9,21,13,10,21,2,17,3,1,3,1,12,36,31,24,12,9,16,3,41,5,7,8,15,3,27,10,23,0,4,10,0,3,9,3,5,8,3,25,11,9,9,0,17,8,52,4,2,5,12,6,0,3,34,5,10,3,0,21,48,10,37,3,2,8,73,68,7,5,10,10,10,7,16,8,15,26,7,3,1,4,8,5,15,9,0,1,19,14,5,7,6,40,3,1,16,15,7,10,33,13,0,3,11,10,5,6,10,5,4,9,1,4,11,6,0,8,1,4,5,22,2,2,7,23,0
"ENSG00000272942.1",0,0,0,0,0,0,4,0,0,0,0,0,7,0,2,0,0,1,0,4,0,0,0,0,2,0,2,1,0,0,2,1,2,0,0,0,0,0,1,0,0,0,3,0,0,0,0,0,0,0,0,1,0,1,0,1,0,4,0,0,0,2,0,0,0,5,1,0,1,0,7,0,0,0,2,0,0,0,6,0,3,6,0,6,0,1,0,0,1,0,5,1,1,12,0,0,0,0,8,0,0,0,0,0,0,2,2,0,9,0,0,0,1,1,0,0,0,0,9,40,0,0,0,12,2,0,0,0,0,1,0,0,5,1,0,0,0,0,1,0,0,1,0,1,0,0,1,1,11,0,0,0,0,0,0,3,0,0,1,1,0,0,0,0,4,1,1,1,0,1,11,0,0,1,0,0,0,10,0,0,1,0,0,1,4,1,0,1,1,0,1,1,0,7,0,5,0,10,0,0,0,1,1,2,0,3,1,0,0,1,0,0,9,0,4,0,1,0,0,0,0,0,0,0,0,0,0,2,0,3,0,0,0,1,0,4,0,1,3,0,0,1,0,0,7,0,1,0,1,0,0,1,1,2,0,0,0,2,4,0,1,1,0,22,0,2,3,0,0,0,1,0,24,0,0,8,27,0,0,0,1,0,0,0,0,0,0,0,3,1,0,0,1,1,0,15,0,0,0,0,1,0,37,0,2,0,0,0,1,3,4,11,1,4,2,0,4,1,0,1,4,26,0,8,1,0,0,0,1,0,7,0,0,1,0,0,0,0,0,0,0,0,1,0,0,0,0,18,7,0,0,0,0,10,0,0,2,5,1,7,0,0,2,11,5,0,0,6,0,1,0,0,0,5,0,0,0,0,0,0,0,0,3,0,0,0,2,0,11,0,6,0,0,0,0,0,2,5,2,0,0,0,4,0,0,0,1,2,0,0,0,2,0,1,0,0,0,1,0,0,0,0,1,0
"ENSG00000272948.2",5,0,0,0,3,1,1,4,11,27,6,5,20,10,11,1,2,10,3,1,0,1,1,1,13,1,6,4,0,5,4,1,4,1,1,4,2,0,7,4,0,3,1,5,0,1,1,0,0,3,0,1,1,15,6,18,2,0,8,0,3,1,0,4,1,5,2,0,6,3,8,3,0,0,2,0,12,5,2,1,7,4,5,4,11,5,3,1,1,5,4,0,4,3,2,0,3,2,8,0,0,3,1,0,2,9,9,3,18,9,5,1,2,1,1,7,4,2,4,9,0,2,2,11,1,1,0,3,4,7,7,4,16,3,2,0,18,1,12,1,1,9,1,1,1,3,7,8,8,4,0,2,8,4,1,4,4,10,7,6,6,9,2,3,3,2,5,7,6,3,1,2,1,6,2,1,3,28,15,4,0,6,2,4,4,1,3,1,2,1,2,6,1,3,1,9,0,2,2,4,1,3,7,18,0,9,2,3,3,2,3,4,1,0,6,4,2,0,6,5,0,3,2,2,2,1,3,6,1,2,7,3,6,3,7,2,0,4,0,5,0,6,2,3,8,5,3,2,9,5,0,3,0,3,1,1,1,2,1,4,9,5,8,11,1,3,4,1,13,0,1,0,5,1,3,11,9,1,3,2,8,2,5,2,1,6,0,7,7,3,0,0,2,14,4,2,2,2,2,27,5,10,18,1,8,5,1,1,7,0,9,7,5,2,5,16,8,13,4,1,0,5,0,11,4,7,0,1,1,0,3,9,0,2,6,0,2,2,1,5,0,2,3,15,5,1,2,0,2,1,1,9,2,8,0,1,11,8,3,4,1,0,2,8,6,9,1,3,1,7,4,3,0,2,12,3,2,0,1,7,3,7,6,0,1,4,12,3,3,2,14,5,1,3,1,1,2,6,4,2,6,1,6,2,4,11,1,1,1,1,2,1,7,1,2,0,5,5,3,1,0,0,3,0
"ENSG00000272953.1",19,0,7,7,6,4,2,2,9,30,10,7,6,45,49,0,5,7,16,4,2,1,7,2,18,6,11,9,3,7,23,6,6,13,3,4,5,9,20,11,9,18,4,8,5,8,4,4,0,3,4,10,2,8,15,36,3,1,12,3,14,4,2,8,3,11,8,2,23,11,50,8,4,3,1,3,41,10,13,2,6,19,10,2,26,11,2,6,12,7,27,15,6,11,7,1,10,13,12,0,7,2,4,3,7,15,13,0,34,11,3,1,1,6,7,9,25,5,9,22,2,14,4,13,13,0,0,24,5,15,9,2,44,6,4,0,19,3,19,4,0,32,14,3,9,20,24,25,7,10,0,4,38,5,4,12,7,19,34,14,16,5,8,8,12,3,7,10,2,19,8,10,4,15,1,1,4,33,44,2,3,17,4,12,12,4,3,8,11,0,4,6,13,24,5,27,2,5,5,8,8,18,16,16,0,26,2,5,7,6,7,27,2,6,13,13,10,8,14,8,0,10,0,3,1,0,5,5,5,10,26,28,2,16,13,6,1,4,2,3,0,14,5,4,19,9,4,5,13,12,5,5,1,12,1,3,1,6,15,12,21,6,13,23,0,15,12,2,10,3,3,5,22,1,1,6,8,3,3,3,27,5,13,2,14,8,0,3,0,6,0,3,8,17,7,16,9,7,26,49,4,8,18,6,12,5,0,18,19,16,14,15,9,6,6,33,7,11,4,4,4,45,0,15,14,9,2,12,0,1,8,4,6,4,9,2,12,3,13,7,0,6,5,37,11,5,6,15,5,0,1,22,10,11,3,0,18,48,2,14,2,0,2,24,40,24,10,3,3,10,8,6,3,2,61,15,7,2,4,13,9,7,12,1,1,4,14,10,5,0,28,1,0,9,15,2,14,27,14,0,23,8,13,3,38,16,3,12,1,6,6,5,6,2,2,2,3,42,19,0,3,6,12,0
"ENSG00000272954.1",2,0,0,0,1,0,8,0,2,3,1,1,8,3,8,0,3,2,9,1,1,1,4,3,2,1,0,0,0,1,3,0,1,1,2,0,0,1,5,2,0,0,3,1,0,7,0,1,1,1,4,0,0,9,5,4,0,0,8,0,2,2,3,2,1,1,5,0,4,5,10,1,1,0,7,0,1,3,6,3,7,13,0,0,1,3,4,2,0,0,1,4,0,4,1,0,3,2,13,0,0,0,3,1,4,1,4,2,11,1,3,2,1,0,0,1,1,2,6,15,0,9,0,1,6,0,1,4,0,6,0,1,12,2,0,0,3,0,21,2,0,2,0,0,0,11,3,23,4,1,0,0,4,2,0,0,1,4,3,4,9,1,3,1,1,1,3,47,1,0,1,2,0,5,0,1,2,11,7,0,0,1,0,14,0,2,2,2,8,16,4,13,4,10,0,13,0,1,0,4,3,2,2,1,0,11,1,0,4,0,0,4,4,3,1,0,1,0,0,2,0,0,0,1,2,0,4,3,0,0,18,3,1,1,1,0,0,0,0,0,0,0,4,0,8,6,0,2,13,3,0,1,0,1,0,5,0,2,3,4,14,3,2,21,0,1,3,0,1,0,1,0,19,1,0,1,0,0,1,3,5,2,3,0,1,0,0,0,1,2,0,0,0,1,11,13,1,0,3,2,10,4,11,1,12,1,0,2,2,6,3,0,19,2,3,1,1,3,0,0,2,11,0,11,0,34,0,1,0,0,2,1,1,0,1,0,6,0,2,3,0,0,0,15,0,2,1,6,4,0,1,2,0,12,6,0,5,8,2,7,11,0,0,5,5,0,5,1,3,0,2,7,0,7,13,6,19,0,1,3,0,6,4,2,0,1,4,1,3,4,9,0,0,0,0,0,1,7,1,0,2,1,3,2,6,3,1,4,1,3,0,2,11,2,5,1,7,6,17,0,1,0,14,0
"ENSG00000272975.1",6,0,0,0,1,0,0,0,0,0,0,0,0,5,0,1,0,0,0,0,2,0,13,0,4,0,0,0,0,17,2,7,2,0,0,0,0,0,0,0,0,1,0,1,1,0,0,1,0,0,0,13,0,0,0,0,0,0,0,0,0,1,0,3,0,1,0,0,0,2,0,0,0,0,0,0,1,0,0,9,19,19,0,0,1,1,0,0,3,0,6,0,0,0,0,0,0,50,1,3,0,0,2,0,2,8,0,0,21,0,1,1,3,4,0,0,7,0,0,1,0,0,0,0,1,1,0,3,0,0,0,0,0,1,1,0,0,0,0,0,0,2,0,0,1,0,0,1,0,0,0,0,0,27,0,0,0,0,0,0,6,0,3,0,0,0,12,0,0,0,0,2,0,22,0,0,0,1,1,1,0,1,0,2,0,0,0,0,0,0,0,8,0,9,0,0,0,0,0,11,0,0,4,79,0,0,0,0,3,0,0,0,0,0,0,3,0,0,5,0,0,0,0,0,0,1,0,3,0,0,0,0,0,3,0,8,0,0,1,0,4,1,0,0,11,0,0,0,1,1,0,0,0,0,0,0,0,6,1,0,17,6,1,0,0,0,0,0,0,0,0,0,2,0,0,0,0,0,0,1,0,0,0,0,1,0,0,0,2,0,0,0,0,0,4,0,1,0,0,3,1,4,0,0,0,1,2,1,1,0,0,3,0,2,0,5,11,8,0,5,1,3,0,1,1,0,2,2,0,0,0,0,0,0,0,0,0,17,0,0,0,1,1,0,0,5,0,11,1,0,0,0,0,4,0,0,1,3,0,0,0,0,0,0,0,0,0,0,1,0,0,0,0,0,5,0,23,0,0,0,0,0,0,16,1,2,0,0,0,0,1,2,1,0,2,0,0,0,2,0,0,0,3,0,0,0,0,7,1,1,1,0,0,0,1,0,2,15,0,2,0,1,0,0
"ENSG00000273002.1",10,0,14,2,18,12,12,0,6,43,4,7,32,60,65,2,11,23,5,2,27,0,5,2,1,1,2,9,4,20,48,2,29,2,3,6,3,7,1,4,0,3,7,1,5,18,5,3,2,2,5,9,2,30,2,12,2,21,4,2,2,12,0,2,1,1,9,0,7,8,69,6,1,0,0,0,47,6,13,23,13,30,18,2,46,1,0,6,11,3,70,13,13,74,4,0,0,7,26,5,3,0,11,2,8,5,6,1,28,17,14,21,4,3,10,2,21,0,11,16,0,2,2,5,4,2,0,4,8,49,5,2,33,3,9,0,0,0,29,0,0,58,12,4,6,68,25,11,26,5,1,1,8,5,0,2,1,36,3,6,8,8,10,9,19,1,26,44,3,6,2,3,1,15,2,4,15,7,104,1,0,1,8,12,1,0,6,4,10,2,1,24,12,19,1,31,1,17,0,11,2,14,18,12,0,6,3,7,11,3,7,12,8,2,20,18,7,1,7,5,0,5,2,0,7,0,3,18,4,1,33,4,24,13,2,9,0,5,2,9,3,15,1,1,49,12,2,0,7,0,2,4,2,4,0,4,0,0,2,9,3,0,70,95,1,7,28,3,7,0,11,3,56,0,2,26,28,0,0,15,6,3,11,3,1,13,0,5,33,3,4,3,14,1,3,38,20,2,3,119,27,7,40,7,3,5,0,8,11,7,0,34,0,4,16,7,9,59,5,3,2,46,0,80,3,16,1,2,1,0,1,15,5,5,4,1,0,20,10,1,1,3,7,31,9,1,1,5,11,0,1,17,3,31,1,3,44,74,18,32,12,4,4,56,79,1,24,27,2,2,10,14,3,4,26,1,6,1,1,1,1,4,1,1,0,10,21,3,3,2,28,3,1,13,6,1,3,33,7,0,8,3,8,0,40,21,8,8,3,5,13,1,3,1,1,0,4,36,24,3,1,2,5,4
"ENSG00000273066.5",29,6,33,7,7,11,229,3,6,61,19,11,76,114,69,3,16,18,13,5,2,8,7,6,7,5,6,11,10,89,10,8,5,12,3,13,7,4,8,14,22,13,7,6,9,9,7,6,9,4,5,48,6,56,7,20,5,32,10,3,13,27,8,8,5,11,4,5,7,8,67,10,6,1,29,3,11,11,170,47,30,33,72,7,26,3,13,3,30,22,21,34,25,384,5,1,13,18,135,7,6,3,27,7,4,24,13,9,656,25,6,19,5,7,9,1,14,10,37,49,0,17,7,13,6,4,5,26,15,21,4,11,265,3,5,4,13,6,26,2,4,23,120,9,11,52,13,66,168,16,4,14,4,14,2,45,9,26,10,10,25,40,10,14,37,19,19,238,10,88,4,21,3,31,9,4,14,241,55,8,1,5,22,13,7,13,14,10,3,21,6,23,58,14,2,23,5,185,6,20,5,11,14,45,5,39,3,2,35,12,11,16,65,8,33,11,35,8,9,30,5,6,46,14,10,2,14,25,6,12,42,43,7,12,12,8,6,2,3,11,6,19,6,3,94,20,62,10,17,8,2,9,4,13,3,17,5,3,8,72,13,11,75,1109,5,12,20,5,18,7,10,2,1384,3,7,13,451,0,13,19,20,64,14,6,9,21,1,14,74,14,7,5,16,26,4,494,85,11,18,61,3,5,1057,15,30,18,5,12,17,22,14,32,8,17,15,30,13,18,13,3,6,26,7,31,19,17,2,4,11,1,34,15,16,11,32,6,8,17,5,8,5,5,10,320,26,9,8,88,65,1,5,47,7,270,11,10,129,27,52,111,2,8,11,264,21,9,17,64,5,17,9,14,71,17,44,8,20,14,5,39,11,18,9,10,16,106,26,3,6,8,349,5,3,9,19,5,17,325,23,7,5,4,14,2,11,16,172,26,10,8,8,22,7,9,6,2,8,7,55,5,1,6,75,4
"ENSG00000273162.1",1,1,5,2,3,2,28,2,2,15,10,11,27,27,27,0,1,1,8,1,6,1,1,2,4,5,3,7,0,9,7,5,3,4,2,4,15,0,30,10,0,4,8,1,1,10,1,3,0,0,2,6,6,27,5,6,1,7,5,7,2,2,2,7,4,1,1,1,13,10,51,5,1,0,9,1,45,1,22,11,5,2,12,2,7,6,0,2,8,0,15,5,7,56,2,1,2,8,16,10,0,1,7,0,4,7,14,2,89,6,7,5,5,0,2,4,10,3,14,18,1,0,1,11,3,0,1,28,5,28,3,0,18,2,3,0,8,0,28,2,0,18,6,0,5,16,17,16,11,5,0,1,6,8,1,4,5,5,14,5,9,2,5,3,9,3,20,35,10,18,2,8,1,7,3,4,4,76,15,4,1,4,8,8,2,3,6,2,2,19,1,18,7,12,1,12,1,4,1,5,1,7,14,3,0,23,2,4,2,6,1,8,9,1,9,4,0,3,1,12,0,11,19,1,4,0,5,9,1,3,14,1,2,2,4,9,1,1,2,4,0,6,0,0,24,50,7,4,0,1,1,5,0,30,3,2,1,1,2,22,29,4,29,46,0,11,2,2,19,2,5,1,28,1,0,9,11,1,3,7,5,7,2,1,1,8,0,0,26,3,2,1,1,6,8,21,39,1,1,7,12,3,45,0,38,2,0,3,7,12,1,12,4,8,5,7,9,23,1,2,8,7,1,15,4,17,0,3,4,0,13,3,3,4,7,1,10,3,6,1,0,3,4,15,12,2,2,16,6,1,2,19,0,18,6,3,7,9,17,5,3,0,2,20,16,4,3,19,1,0,3,6,1,8,39,4,2,0,0,14,0,3,5,4,0,8,16,1,1,2,19,10,2,3,5,1,3,79,3,1,4,11,2,0,24,2,2,1,8,1,2,12,1,0,1,1,3,21,2,2,0,1,17,0
"ENSG00000273203.1",0,0,1,0,3,0,0,0,0,1,0,1,1,16,26,0,1,6,1,0,1,0,0,0,2,1,2,1,0,1,0,2,0,0,2,2,3,1,0,0,0,1,0,0,2,0,0,6,0,0,0,39,0,17,26,2,1,1,1,0,0,22,0,0,0,0,1,0,0,0,105,4,1,0,0,0,15,0,0,11,7,13,2,0,5,0,0,8,3,1,3,18,1,0,0,0,0,3,14,1,0,0,104,0,0,0,0,0,68,27,1,4,0,2,0,1,2,0,33,9,0,1,1,1,6,0,1,8,0,51,0,0,48,0,0,0,0,0,0,0,0,0,1,0,2,93,3,41,1,0,0,0,0,27,0,0,1,1,0,0,6,0,1,0,0,4,16,40,0,49,0,0,1,75,0,0,0,0,2,1,1,0,1,2,3,0,0,0,6,11,14,10,1,0,9,0,0,0,0,0,0,0,1,157,1,9,7,0,4,0,0,5,17,0,17,1,0,0,11,10,0,0,0,0,0,0,2,2,0,0,0,1,5,0,0,5,0,0,0,0,0,1,0,0,44,24,0,0,1,0,0,0,1,47,1,0,0,0,19,70,9,2,2,3,0,0,0,0,1,2,3,0,42,0,0,0,24,0,0,2,53,0,4,1,2,1,0,0,0,4,5,0,0,3,0,22,1,0,0,0,0,1,0,0,1,0,1,0,14,4,8,0,0,2,14,0,4,13,0,0,1,1,0,175,20,1,0,0,0,0,1,1,1,0,2,0,0,12,0,0,0,0,1,1,20,2,0,0,10,0,1,1,2,1,0,1,0,1,30,0,47,1,1,1,1,0,14,0,0,0,0,1,0,1,61,0,9,0,0,45,0,9,0,0,1,49,6,3,0,0,0,0,0,1,0,2,10,1,3,0,0,0,15,2,59,1,2,11,0,0,2,0,0,1,15,0,24,1,0,1,0,3,0,1
"ENSG00000273230.1",84,2,23,37,62,19,6,25,24,263,46,130,53,667,182,10,60,49,152,40,57,9,40,13,77,89,71,46,14,95,72,172,32,224,105,176,39,20,42,59,6,108,112,29,40,61,51,35,8,33,45,16,18,204,30,65,28,67,31,40,41,31,36,75,4,33,46,21,224,47,122,47,9,4,51,15,108,70,136,37,116,159,268,41,135,80,41,44,97,9,113,103,119,100,21,1,16,77,127,11,26,31,99,65,38,250,67,21,288,71,35,29,54,16,52,44,158,79,36,109,13,55,8,168,86,13,11,17,49,180,31,24,342,13,84,12,112,8,423,8,15,115,218,10,57,216,69,84,65,113,6,17,186,25,23,26,24,232,222,84,63,14,220,92,72,9,44,94,32,112,49,43,114,48,16,21,41,140,237,48,4,151,29,143,17,20,53,36,89,23,46,79,153,113,17,168,32,44,6,126,13,501,73,129,39,78,18,33,22,48,51,62,17,28,82,297,10,17,191,109,4,37,17,32,28,24,41,81,22,42,75,128,54,32,22,168,14,16,47,94,46,36,21,101,119,52,13,28,49,29,24,31,8,98,8,57,9,26,76,27,92,23,166,324,8,59,32,21,71,10,133,14,143,4,85,92,51,1,16,93,45,104,27,6,123,39,4,17,3,86,25,25,48,83,24,65,160,29,37,117,50,21,91,12,58,44,34,25,29,275,53,83,63,36,57,396,114,29,92,173,47,353,8,263,104,104,29,35,23,8,139,16,70,171,124,10,73,119,83,30,6,12,85,136,38,11,6,78,25,1,8,61,24,128,42,13,80,113,80,57,86,123,40,316,268,102,65,36,11,36,95,177,2,20,137,30,110,19,36,22,8,46,142,8,28,63,157,51,53,50,190,23,6,68,45,53,117,73,77,12,67,41,172,29,155,19,78,13,7,14,41,20,42,14,25,24,37,413,137,8,13,12,144,13
"ENSG00000273301.1",2,0,0,0,2,0,0,0,0,0,91,566,209,1383,0,0,0,4,0,0,0,0,0,0,0,0,1,0,0,0,0,1,0,0,0,5,285,0,4,42,0,11,0,2717,1,0,0,0,0,0,0,5,0,29,31,0,0,1,0,0,318,5,0,0,2,1,2,31,0,0,3,7,0,0,0,0,0,0,2,10,7,5,1,0,0,0,0,21,2,0,1,17,1,0,5,0,0,0,5,0,0,0,0,2,0,2,0,0,25,0,0,1,0,0,5,0,0,13,0,1099,165,0,1,0,0,0,0,0,0,3,0,1,3,0,0,0,0,0,0,0,0,0,1,1,0,1,1,0,0,1,4,0,0,7,0,0,0,0,67,0,1,0,0,0,0,0,4,1,0,0,0,0,0,1117,1,1,0,1,3,15,0,0,5,0,23,0,0,0,0,0,1,2,1,7,1,2,0,0,0,0,2,0,1,6,0,0,0,0,0,0,0,1,0,0,1,1,54,1,0,0,0,0,0,0,1,1,230,3,1,34,0,0,0,87,4,73,0,4,0,0,0,0,454,1,0,0,1,6,3,1,0,0,1,3,0,0,0,0,643,2,0,3,15,0,0,0,0,1,0,0,0,0,0,0,0,0,0,0,74,1,1,8,0,0,0,2,1,0,0,0,0,0,0,0,196,0,279,30,0,0,0,2,15,0,0,1,0,1,0,1,68,0,1,0,2,18,26,3,0,0,0,2,0,0,0,2,1,36,233,0,1365,0,1,0,0,0,0,0,10,0,0,8,0,0,0,1,0,0,2,0,0,1,1,0,0,1,0,0,3,0,1,0,386,0,0,0,0,0,11,0,0,448,0,7,2,0,0,0,0,1,1,0,0,0,0,0,1,1,0,0,1,6,0,0,0,0,15,78,1,0,0,0,0,1,418,14,1,1,0,0,0,0,0,0,0,0,2,4,1,0,0,0,29,0
"ENSG00000273443.1",11,0,1,8,17,11,0,7,10,33,2,0,0,2,3,1,14,0,1,8,9,0,5,29,0,0,2,4,2,20,294,11,2,1,0,3,2,3,7,21,0,18,1,0,3,0,4,0,0,0,1,19,2,2,4,2,0,9,0,0,0,5,0,1,7,18,8,0,14,2,75,9,0,0,0,0,8,26,13,6,0,2,7,2,1,1,1,0,1,0,21,6,5,0,0,0,0,0,11,1,4,2,0,0,2,0,1,2,14,41,2,1,0,0,2,13,16,2,14,5,0,2,0,17,2,0,0,0,5,3,17,0,5,9,2,0,1,1,7,18,2,26,19,3,84,3,64,13,3,14,0,4,1,3,2,32,0,11,0,37,4,2,2,58,5,1,14,2,0,11,4,67,3,3,0,4,7,3,11,2,1,1,3,26,1,10,1,4,6,0,14,2,1,4,2,2,1,34,0,5,2,2,27,7,0,0,0,1,2,0,5,11,6,4,3,3,1,0,1,46,0,1,0,9,5,1,0,2,0,1,6,6,1,0,0,0,0,0,0,3,0,6,0,3,10,1,1,0,2,3,12,4,0,38,0,3,1,1,4,57,12,1,16,0,4,23,0,0,0,2,2,3,10,0,6,1,3,0,1,1,2,2,1,0,2,3,0,8,0,3,5,25,4,0,1,71,7,0,1,12,9,0,1,0,0,5,1,12,21,1,11,27,20,3,6,59,5,17,4,7,0,0,0,4,0,1,4,0,0,1,3,2,8,0,0,1,2,0,1,0,0,1,2,36,1,1,2,0,2,1,0,24,1,9,1,1,0,4,12,32,2,5,3,38,6,1,0,7,0,0,3,6,0,0,4,4,0,6,0,40,1,0,3,0,6,0,20,8,3,0,12,0,1,3,9,3,1,7,5,1,12,0,18,0,6,0,3,1,0,1,8,0,0,3,1,2,0,14,3,1,0,0,0,10
"ENSG00000273445.1",7,0,3,5,9,4,6,0,4,19,0,0,16,54,16,9,2,5,5,2,2,0,1,7,1,1,92,5,2,12,0,238,7,0,7,4,0,0,0,1,40,1,3,0,7,32,1,3,0,0,10,9,2,7,0,8,0,5,3,8,0,71,0,7,0,0,12,0,3,8,8,15,2,0,0,1,16,2,3,9,4,10,40,6,10,0,5,0,13,23,45,13,1,7,0,0,0,3,6,1,2,0,51,0,12,2,2,8,11,0,12,7,4,2,5,3,5,6,12,4,0,1,1,3,14,1,3,12,3,34,1,0,16,1,7,1,2,2,8,9,1,20,18,0,5,3,32,17,18,419,2,1,8,5,0,5,4,4,4,11,34,1,5,8,1,42,32,9,0,12,7,1,0,19,2,0,18,3,7,4,0,0,2,45,0,5,1,1,1,8,2,39,9,4,9,0,0,1,0,12,0,23,4,1,0,4,3,1,31,1,3,17,18,26,2,2,0,0,11,4,0,5,7,0,0,1,0,16,29,0,0,7,29,20,0,5,1,4,3,2,1,5,1,0,5,3,0,1,6,0,2,0,0,11,2,1,2,12,0,2,10,4,4,2,0,9,4,0,15,0,5,2,33,0,1,0,6,0,0,22,3,8,0,2,0,5,0,10,3,12,14,0,18,0,0,7,6,0,0,4,8,10,0,3,34,2,0,11,2,3,0,6,3,1,6,16,9,129,26,19,2,5,2,1,3,1,9,0,6,0,0,25,8,3,0,0,0,18,0,0,1,7,5,6,12,25,0,8,15,1,1,14,4,18,0,0,1,3,5,10,0,3,3,0,10,0,0,5,0,24,25,0,1,24,37,0,15,4,0,27,5,8,5,3,2,46,11,7,37,9,14,0,2,5,56,3,6,1,6,0,4,17,2,0,12,4,23,11,5,6,25,100,0,0,1,1,1,6,7,2,1,0,3,1
"ENSG00000273628.1",1,0,0,10,0,3,5,0,19,2,0,0,6,9,98,1,9,1,0,2,0,2,0,1,2,2,52,11,0,5,2,0,3,0,14,1,3,14,1,1,1,1,1,0,0,12,15,6,0,0,3,1,0,4,0,1,29,2,7,4,1,18,1,1,0,7,0,1,2,6,1,28,12,0,0,4,39,5,9,1,0,1,3,3,0,2,22,1,2,6,3,10,2,6,0,0,102,3,1,2,0,2,4,0,21,0,1,0,12,1,3,9,4,2,1,1,2,6,1,65,1,3,0,2,29,1,3,5,4,0,2,4,13,15,8,0,2,2,2,2,0,1,16,1,1,21,2,4,4,0,0,0,2,0,11,3,136,2,0,3,28,32,32,2,1,1,59,2,9,1,0,4,138,0,14,0,26,0,10,1,1,3,9,4,1,14,0,2,25,3,0,1,20,8,4,1,1,177,1,10,0,4,3,0,1,59,0,30,15,4,3,1,9,65,0,1,3,71,88,5,0,32,53,9,2,0,1,7,26,17,6,1,10,2,2,20,0,0,1,19,0,13,0,0,4,6,13,55,6,0,0,3,2,22,2,0,0,3,9,9,1,1,10,2,2,10,4,2,17,0,36,0,14,4,33,1,0,0,0,3,1,90,0,0,0,0,0,10,20,3,9,6,5,21,2,20,3,2,1,2,1,50,1,5,28,5,63,1,1,0,1,3,0,10,2,0,6,1,6,85,0,3,3,3,6,3,9,0,38,0,0,4,38,13,1,2,2,38,0,1,0,50,40,4,23,0,0,0,1,0,0,14,5,1,0,0,2,2,7,5,25,11,13,4,0,0,27,0,1,6,12,15,19,17,24,0,14,3,4,0,0,2,0,12,5,2,4,1,17,2,55,2,0,4,12,2,0,6,3,1,0,3,2,0,2,0,20,8,0,0,9,0,20,53,0,0,2,1,2,2,1,0,3,4
"ENSG00000273693.1",0,0,0,0,0,0,0,0,1,0,0,0,0,2,9,2,0,7,0,0,2,0,0,3,0,0,0,7,4,0,0,0,4,14,0,0,4,0,0,0,0,0,0,0,0,0,0,2,0,0,0,2,0,0,0,2,5,7,0,4,0,2,0,13,0,1,0,0,0,0,0,0,0,0,1,0,0,6,2,0,0,0,11,0,0,15,0,2,0,0,0,5,0,14,0,0,0,2,0,0,0,0,1,0,1,0,0,2,0,8,0,0,0,0,1,0,0,1,17,0,0,0,0,0,0,0,0,0,0,20,0,0,1,0,0,0,0,0,13,1,1,0,1,0,0,4,6,1,17,0,0,0,15,0,0,0,0,1,0,0,0,0,0,0,0,4,2,0,0,13,4,2,0,0,0,2,1,11,0,0,0,1,0,0,3,0,2,0,0,0,4,0,1,0,0,6,0,0,0,0,0,0,1,4,0,1,1,0,4,1,0,0,5,0,0,17,0,0,1,20,0,19,0,0,0,0,1,0,0,0,0,0,0,0,0,0,1,0,0,4,1,3,0,0,0,19,0,0,0,0,0,0,0,7,0,0,1,0,1,0,41,1,0,0,0,2,0,0,1,0,0,0,1,0,0,0,7,1,2,0,14,1,1,0,3,0,0,0,5,1,1,0,1,6,0,0,5,0,0,0,0,1,5,0,1,0,0,0,1,0,0,4,1,1,0,0,2,1,0,4,0,0,0,0,0,0,2,0,0,0,6,0,0,1,22,0,0,0,0,0,0,0,0,0,1,0,3,0,0,1,1,0,0,3,0,0,1,0,0,0,0,0,0,0,0,0,0,6,0,1,1,2,0,0,13,0,18,0,0,1,0,0,0,0,0,0,0,2,5,0,0,0,0,0,0,0,0,9,0,0,1,0,0,0,0,0,0,1,0,0,0,0,0,0,16,0,6,0,0,0,0,0,0,0
"ENSG00000273712.1",1,0,4,3,6,1,0,0,1,0,0,5,5,2,0,1,1,14,8,9,12,1,0,3,5,3,3,1,0,0,4,2,6,3,9,0,1,0,0,3,0,7,4,10,3,2,0,0,0,1,1,4,0,4,0,1,0,6,4,0,0,1,0,2,0,8,0,6,8,3,1,5,2,0,0,1,20,1,4,3,41,2,0,0,5,5,0,1,2,2,1,4,10,0,0,0,0,5,7,0,0,0,0,0,1,2,4,0,7,2,21,0,1,1,0,1,8,1,1,50,0,0,1,1,4,0,0,1,19,5,1,0,1,1,7,1,3,0,4,0,1,3,1,1,8,2,0,3,4,0,0,0,0,0,0,0,2,10,7,4,0,0,0,6,2,0,3,4,12,0,1,2,0,6,0,4,14,3,0,19,0,37,1,2,1,0,1,0,13,0,0,7,2,9,3,0,0,0,1,10,0,3,3,3,0,0,0,1,0,1,7,1,7,3,7,0,4,0,7,6,0,0,0,0,0,0,1,6,0,9,0,1,4,1,0,2,2,0,1,0,0,2,4,0,2,2,4,0,1,0,0,0,2,0,1,0,0,0,11,0,5,0,0,5,0,2,0,0,0,0,5,0,0,0,0,9,1,0,0,0,6,1,0,0,1,0,0,1,2,1,2,3,0,3,0,0,0,1,1,0,0,0,2,0,0,0,1,1,19,2,0,4,1,2,42,0,1,1,4,0,6,1,0,3,3,1,1,1,4,1,92,0,0,7,2,0,1,11,5,1,0,5,3,0,0,3,1,1,0,0,0,0,0,3,0,0,15,0,7,5,2,1,0,1,0,0,0,14,0,1,2,4,0,0,2,0,7,0,0,0,1,1,2,0,0,0,0,1,3,0,5,0,1,11,2,0,7,2,9,0,5,0,1,0,3,2,2,7,0,0,6,1,3,1,3,0,0,4,16,2,0,0,1,0
"ENSG00000273777.5",0,0,0,1,20,0,0,14,108,1,0,1,10,3,1,3,1,0,12,3,247,1,14,1,368,5,0,381,0,12,89,1,655,2,50,0,2,47,0,0,6,0,2,2,3,140,70,0,0,2,1,10,2,93,4,1,579,1,12,1,1,47,0,0,1,1,378,3,17,2,6,62,7,1,0,1,1,11,35,89,59,100,1,1,0,9,143,56,41,0,6,2,1,2,2,0,336,4628,150,7,2,0,0,1,34,0,0,1,86,1,2,3,48,0,30,3,1,61,2655,301,0,25,0,13,791,5,0,0,3,0,39,27,2,466,1098,6,1,1,486,0,0,10,46,2,1,0,9,2,28,0,0,2,9,2,78,2,2904,3,15,1,2,2,4838,24,31,0,621,3,73,202,0,199,7,1,8,9,623,2,8,3,1,2,29,10,0,22,1,8,353,9,4,1,6,460,13,1,3,36,0,0,1,1,1,3,0,302,2,151,20,2,2,14,4,4545,9,1,18,287,31,0,0,15,5,0,0,1,5,263,3,202,0,208,244,3,1,183,0,0,112,2261,56,118,2,3,1,20,284,17,510,43,0,0,1,24,3,0,1,0,122,3,45,0,0,8,5,2,5,0,1,3,151,27,161,0,2166,1,46,0,1,5,5,667,168,2,2,8,1,47,43,186,5,2,0,1,30,11,8,1,4,1,49,2,9,10,74,53,1173,5,4,47,1,8,0,6,11,67,24,0,9,49,0,60,0,23,1739,43,4,1,506,3,0,0,0,7,6,4,2,1,1,1,0,1045,207,2,133,1,0,3,30,1,11,71,0,3,0,6,0,3,6,2,3858,42,34,36,0,2,4,18,2,26,1,38,70,14,19,1,34,0,2,6,1,14,10,0,1,32,0,39,45,4,495,4,0,2,0,0,9,5,12,1,0,0,36,2,3,1,17,2,1,8,9,17,1320,689,0,0,44,2,183,7,0,0,8,2
"ENSG00000273786.1",0,0,0,0,1,0,0,0,0,3,0,3,2,9,4,0,1,1,0,1,2,0,1,0,1,3,1,3,0,0,0,0,0,0,0,0,1,1,3,2,0,0,6,0,0,3,0,1,0,0,0,2,1,4,0,1,0,2,5,0,1,2,0,1,0,6,0,1,5,3,2,3,0,0,3,0,3,3,3,6,2,3,0,1,0,0,0,0,0,0,0,0,2,0,0,0,0,0,1,1,0,0,4,0,1,4,1,0,7,1,2,0,0,1,2,1,6,2,0,3,0,0,0,0,1,0,0,3,3,0,0,0,9,0,1,0,1,0,7,0,0,0,0,0,0,0,4,12,7,1,0,0,2,1,0,0,0,0,0,2,1,0,2,0,5,1,5,3,3,5,0,4,0,2,0,1,1,1,0,0,0,0,0,0,0,0,2,0,0,4,0,28,3,3,0,4,0,0,0,0,0,4,5,0,0,4,0,2,1,1,0,1,3,0,4,2,0,0,0,5,0,0,3,0,0,0,1,0,0,0,2,0,2,1,0,1,0,1,1,2,0,0,0,0,12,2,2,1,0,1,0,1,0,6,0,1,0,2,0,2,4,2,3,17,0,1,4,0,2,0,2,0,0,0,0,6,2,0,0,8,2,13,0,0,0,10,0,1,0,0,1,0,1,0,5,2,6,0,0,1,3,0,21,0,0,0,0,0,0,2,1,5,0,0,0,0,0,4,1,1,2,4,0,10,1,1,0,0,1,0,1,5,0,4,5,0,0,2,0,0,0,0,0,4,4,0,0,1,1,0,1,1,0,17,0,0,14,1,2,3,0,2,1,1,4,0,0,1,0,1,2,2,0,0,3,0,1,0,0,1,0,2,0,0,0,0,8,0,3,0,3,0,0,2,1,2,1,15,0,0,0,1,0,0,1,0,0,2,1,0,1,2,0,0,0,0,3,14,2,0,0,0,3,0
"ENSG00000273802.2",67,1,12,17,55,33,20,56,47,839,268,144,101,1035,200,28,46,47,265,16,14,4,22,14,11,10,11,154,17,130,9,434,1,114,6,108,51,15,130,190,44,92,46,286,15,39,9,61,11,70,8,42,47,69,88,42,28,62,66,5,24,73,55,96,3,0,12,65,50,163,201,42,13,3,2,4,42,4,106,153,95,58,291,45,68,36,9,92,37,26,234,170,20,286,69,3,57,8,29,53,62,1,187,118,11,55,155,14,380,4,62,8,4,29,85,28,69,38,24,199,181,269,53,50,25,1,6,55,49,40,9,11,112,14,33,12,62,13,84,2,8,21,12,22,9,118,68,87,69,535,10,55,3,13,12,22,4,82,924,36,14,118,114,164,19,66,22,99,47,146,5,29,660,66,98,11,29,324,166,10,5,109,6,143,44,21,68,65,262,76,40,63,37,101,157,49,21,14,117,41,47,99,11,22,8,174,1,0,25,234,75,1270,198,10,38,75,43,75,20,49,8,83,58,159,6,2,55,68,18,47,97,22,25,61,13,115,11,48,0,10,772,10,38,70,69,223,31,146,214,59,11,1,8,24,15,43,15,6,18,106,368,113,38,109,8,29,3,13,139,3,48,18,238,15,1,17,13,19,190,155,317,27,14,4,3,22,14,201,27,18,27,40,37,113,31,218,115,7,172,73,135,12,86,10,141,10,25,8,38,39,28,173,177,92,64,1022,24,22,42,6,6,449,10,28,40,104,24,3,54,6,193,68,13,156,161,11,14,48,78,84,5,93,11,79,101,147,4,173,41,14,20,391,33,200,20,11,89,1396,102,73,80,59,12,324,0,26,141,19,132,28,65,18,65,46,138,3,4,14,34,1253,28,167,41,179,42,77,31,69,36,27,545,104,13,24,7,14,148,176,22,4,77,17,239,8,83,1,22,18,31,60,51,15,5,21,128,5,19,30,21,27,15,47,414,14
"ENSG00000273983.1",2,0,2,0,30,3,39,0,1,1,21,0,9,6,0,7,1,18,72,0,9,1,3,19,4,7,0,39,0,2,0,4,1,61,11,4,0,6,0,0,21,1,1,0,3,3,0,1,2,0,11,2,7,2,0,0,9,1,48,1,1,32,54,9,0,0,0,0,36,15,0,0,0,0,0,0,0,0,10,5,38,1,0,1,0,7,0,0,4,0,42,25,0,2,7,0,26,0,2,3,1,0,0,30,6,9,142,0,2,1,58,0,1,16,0,19,1,0,1,26,0,0,0,0,0,1,1,1,3,2,1,0,2,1,5,1,139,0,36,4,0,0,1,12,5,4,2,17,12,1,0,1,0,0,0,0,18,0,67,0,2,35,0,19,6,10,5,2,17,0,0,0,0,1,39,2,0,94,36,0,0,10,0,26,0,1,1,25,51,6,0,21,3,0,44,41,1,1,0,0,0,10,5,3,0,94,1,1,8,0,2,148,0,0,0,0,0,42,5,0,0,0,13,41,1,0,25,2,2,3,155,0,0,1,0,0,0,0,0,0,29,0,1,1,3,0,3,48,0,2,0,0,0,3,0,56,0,2,0,31,24,15,18,43,0,7,0,0,3,0,1,2,3,0,0,8,0,0,0,10,1,4,2,0,0,3,0,0,1,15,0,0,2,0,15,0,6,0,35,1,51,2,1,1,7,1,4,9,4,0,0,0,83,11,11,14,6,5,1,0,1,0,1,1,0,94,0,2,9,0,3,5,0,51,0,0,81,15,4,0,0,1,4,0,3,125,0,0,1,0,2,2,9,122,0,0,0,1,5,12,18,12,0,0,2,5,0,5,10,4,3,0,2,1,2,2,14,3,1,0,1,63,23,10,16,0,16,1,2,3,166,1,7,1,2,6,122,1,0,0,0,8,3,0,6,0,2,2,12,1,0,0,20,0,0,0,7,8,0,0,0,0,91,0
"ENSG00000274020.4",81,38,53,81,181,124,119,80,137,282,98,117,175,2240,532,77,103,699,116,204,197,26,45,86,83,97,114,108,73,185,93,300,162,125,528,192,59,80,140,93,52,142,179,82,49,110,64,149,22,52,56,73,69,209,118,390,29,196,407,55,159,367,69,101,89,31,114,653,409,76,240,390,52,18,52,17,280,223,82,1070,1736,462,210,522,261,27,203,1828,116,96,553,550,272,412,121,16,156,215,234,322,196,58,145,70,373,46,252,78,605,430,107,132,132,127,84,74,318,92,229,501,187,192,57,443,463,46,28,384,154,284,55,29,1703,110,132,55,9,18,640,27,22,387,167,117,86,398,417,16,206,346,28,69,455,197,47,151,338,637,510,284,138,108,917,171,252,192,311,454,172,666,470,114,203,667,211,41,239,353,183,4161,13,18,1123,73,42,123,135,78,167,241,281,178,598,380,89,174,38,228,55,66,75,258,176,635,18,525,51,97,425,71,62,154,258,191,113,121,231,41,137,287,31,254,144,104,46,29,80,531,1237,151,190,151,342,896,58,2758,38,96,75,171,86,496,151,14,379,175,66,640,289,82,63,80,40,358,21,30,37,218,4670,271,187,55,260,850,37,129,247,48,1047,44,293,38,429,47,262,263,295,30,81,118,144,266,298,45,19,121,19,57,471,837,79,421,373,374,600,362,207,18,203,213,155,38,224,41,155,87,48,82,98,144,364,473,64,377,62,225,2483,269,99,105,295,339,37,493,390,146,65,28,356,35,110,148,65,52,146,59,74,494,4,219,25,707,136,52,1059,93,61,86,260,25,43,291,72,234,57,47,583,277,285,194,114,42,69,1104,175,58,282,158,84,253,176,151,180,73,1528,167,2653,89,41,174,127,150,144,92,91,335,328,201,163,81,310,137,19,278,199,77,730,206,146,34,100,119,61,30,383,54,172,217,56,72,123,139,98,18,61,5,321,393,428,48,23,50,258,48
"ENSG00000274070.2",1208,50,3393,322,636,745,1050,183,270,2232,1006,678,324,2047,691,98,1327,581,268,217,282,128,1553,311,340,644,746,392,446,275,340,1233,1335,1141,1378,3736,407,207,318,424,127,1073,299,306,137,504,804,906,79,242,549,733,155,572,245,492,229,311,265,320,285,563,261,103,92,540,402,175,523,408,2092,428,333,71,431,129,1993,362,999,406,820,769,1202,876,868,1201,426,755,971,299,1274,750,192,507,212,24,290,285,431,236,311,111,814,356,463,324,740,97,1764,506,351,178,1324,204,365,567,532,565,657,1317,188,321,154,925,728,72,52,256,239,867,305,113,3765,351,1921,57,135,93,1650,162,98,500,821,112,370,2372,376,719,604,1188,107,170,1908,463,233,374,367,1629,860,474,499,160,1115,947,345,273,586,1217,437,533,510,463,1143,215,202,94,590,1072,850,481,52,3975,356,342,212,469,590,261,825,202,186,902,1768,973,265,581,90,628,500,1368,251,1016,842,446,90,369,213,270,380,204,754,631,1714,747,491,2384,273,162,806,751,56,591,298,141,166,92,1377,293,273,745,983,386,336,294,147,554,51,160,480,451,1071,751,171,636,972,211,115,232,503,285,99,883,123,383,64,348,108,814,675,420,881,205,3085,1055,118,567,509,76,206,34,952,86,732,91,834,326,531,40,194,382,416,537,189,74,500,527,56,463,118,810,267,333,972,477,602,3511,849,280,506,5920,657,1449,3385,101,689,445,146,459,797,1117,428,756,754,602,915,1894,606,134,2046,1111,203,2407,60,1589,1039,1014,239,629,531,65,1629,145,552,725,1321,90,627,1526,733,805,56,186,890,4133,356,524,144,1162,1216,43,59,1395,209,1089,470,88,542,708,998,407,721,499,357,1056,2108,301,568,1648,118,607,638,848,293,322,383,144,2325,149,362,386,177,513,379,218,196,385,575,907,257,421,397,109,77,651,1302,286,332,448,320,61,312,327,1236,155,1464,1306,1234,1107,80,288,379,170,213,156,806,135,561,4637,600,299,101,173,956,104
"ENSG00000274139.1",3,2,0,39,15,31,28,5,11,21,3,4,4,5,4,4,9,5,22,20,20,1,6,6,13,15,44,13,3,1,67,12,2,13,6,0,2,1,1,7,17,2,6,4,2,68,0,5,0,2,3,0,3,1,0,5,3,4,1,4,3,66,3,5,2,4,2,5,7,33,5,3,5,1,2,3,12,3,6,0,6,21,0,11,4,3,43,0,2,8,65,7,0,0,2,4,4,9,65,0,3,2,7,2,7,10,19,1,130,92,22,2,0,3,10,6,5,6,11,2,1,8,7,8,5,1,0,4,22,4,9,0,31,2,17,0,8,2,2,1,0,13,5,5,6,70,5,109,24,3,2,6,6,15,2,3,41,1,7,4,7,39,42,86,18,2,234,1,12,12,8,65,7,3,34,4,7,35,8,6,2,4,16,6,7,10,4,8,16,3,5,0,90,1,1,98,2,16,0,6,3,12,26,15,1,32,2,26,15,2,13,33,46,3,52,1,2,9,3,3,2,5,22,3,1,1,9,2,25,8,97,4,2,3,3,1,4,2,4,11,4,3,7,5,164,16,3,20,2,13,6,9,1,9,0,7,4,7,1,63,9,3,56,12,2,39,1,4,5,0,1,3,61,0,128,2,27,0,2,8,3,4,4,1,12,5,0,54,189,62,0,1,5,12,4,273,1,2,7,3,52,25,20,0,12,12,1,4,10,5,2,17,8,51,5,7,3,22,15,20,7,6,2,5,5,19,2,4,4,2,3,40,2,18,10,2,3,85,5,5,1,8,2,7,34,2,4,27,10,3,6,171,7,19,0,1,9,2,5,297,10,0,3,278,1,9,8,11,10,2,7,6,9,0,25,0,8,17,1,5,5,37,23,6,1,22,23,14,1,0,121,8,0,28,69,18,3,6,3,0,1,9,59,0,1,0,6,1,1,2,107,7,5,0,6,3,3,0,63,2,1,0,1,6
"ENSG00000274214.1",5,0,6,0,1,10,0,0,0,1,8,8,0,1,0,1,2,0,0,1,0,1,0,1,20,14,0,7,0,2,0,13,0,10,0,1,1,1,0,0,12,1,12,22,4,5,3,11,0,0,3,1,1,0,1,0,9,0,9,0,1,5,0,0,1,0,1,6,0,1,3,0,2,1,1,1,5,1,5,3,0,0,2,12,0,2,1,1,3,3,0,0,7,0,0,0,0,34,39,0,0,5,0,0,0,3,4,0,14,1,7,0,0,12,4,0,2,0,1,23,56,0,0,24,0,0,0,9,0,2,10,0,1,1,0,0,0,0,0,0,1,2,4,3,0,1,1,0,2,13,0,0,0,0,0,0,1,1,0,5,2,0,0,0,0,2,16,0,23,0,0,25,1,1,1,1,27,0,4,7,0,0,1,19,2,2,3,0,3,0,5,0,1,0,7,0,0,82,0,43,0,0,0,3,0,41,16,6,11,0,6,4,0,6,10,0,0,0,0,11,0,17,0,1,0,0,0,0,0,2,0,4,0,28,0,5,3,1,0,0,3,0,0,5,0,1,5,3,0,12,1,0,0,1,1,5,1,1,56,0,0,13,0,0,0,3,0,1,0,0,1,0,1,0,1,0,0,0,1,0,55,6,0,0,2,0,0,1,4,1,1,0,3,1,10,0,0,0,0,5,0,4,0,0,0,5,0,1,0,0,36,0,0,0,2,3,0,1,0,10,1,8,1,1,0,1,2,0,12,0,0,1,4,0,0,0,4,0,5,0,0,0,2,0,16,22,0,0,0,0,0,0,0,5,4,0,4,7,0,0,1,5,5,0,0,4,0,0,0,0,0,7,0,0,0,0,18,2,1,94,2,71,4,1,0,7,1,0,1,1,0,0,0,0,2,0,1,15,1,0,2,1,11,0,0,1,1,1,2,0,2,27,0,3,4,0,22,0,2,1,1,0,1,0
"ENSG00000274270.1",7,0,49,2,4,5,4,4,1,62,22,27,16,24,18,3,5,8,62,6,2,0,7,3,12,4,15,15,0,13,20,5,5,7,4,11,21,6,82,61,1,6,8,5,2,0,0,9,2,2,8,8,2,11,17,5,2,8,9,4,6,5,14,11,3,10,6,9,14,7,21,1,4,4,2,0,29,2,4,4,25,8,12,2,4,11,1,11,4,0,10,11,21,2,2,0,4,12,35,10,9,1,6,0,3,5,7,2,23,9,10,2,3,2,7,19,21,4,6,9,5,12,1,14,5,0,2,9,17,21,0,1,22,4,5,0,25,2,18,6,3,22,8,1,4,23,20,19,10,20,0,0,35,19,4,23,5,4,12,9,12,3,2,10,6,6,8,23,31,20,2,7,8,51,3,1,4,18,19,7,0,3,9,11,10,4,13,4,8,9,4,12,14,8,7,28,1,7,3,10,6,34,14,71,1,7,2,8,5,12,3,16,9,1,23,7,11,6,8,11,2,5,7,0,2,0,28,8,0,13,14,18,12,6,15,7,2,4,0,3,1,4,7,2,17,26,3,3,7,33,4,7,0,25,2,4,2,3,17,13,25,16,10,9,2,3,6,2,31,1,4,1,3,2,6,13,6,1,14,12,9,11,12,0,15,6,0,4,7,2,2,2,5,14,11,42,18,7,7,22,8,5,35,4,4,3,1,16,24,10,16,12,14,1,7,4,29,25,2,5,9,5,2,10,8,6,2,11,4,0,3,6,1,2,12,0,41,5,13,0,1,9,7,3,29,9,5,5,4,0,0,5,7,14,6,2,16,15,9,11,7,4,2,13,26,17,6,14,5,1,7,15,6,8,18,8,5,3,3,16,1,5,13,1,0,4,10,8,4,0,13,14,0,14,9,0,8,22,10,0,12,14,1,1,7,21,2,11,1,4,6,2,3,3,3,1,7,48,15,3,0,1,50,1
"ENSG00000274286.2",108,116,83,85,46,102,5,146,40,68,64,265,20,21,28,323,123,15,2,95,49,244,125,95,44,75,13,34,100,34,18,18,24,133,69,38,207,62,116,74,6,18,120,116,403,63,117,36,108,124,48,14,138,6,54,27,147,65,166,39,107,46,79,272,41,120,57,66,74,74,184,53,105,179,144,602,46,78,60,11,183,16,19,139,88,41,39,46,126,34,102,47,50,15,289,214,224,253,107,12,57,115,146,97,38,71,166,340,127,30,93,400,192,132,49,36,192,119,18,56,30,36,58,120,86,36,30,21,253,107,82,623,38,205,82,322,176,438,56,49,122,160,3,336,95,65,21,28,102,37,147,639,91,33,458,30,8,247,89,46,253,102,35,39,51,145,17,20,94,29,10,36,155,114,95,49,162,79,365,121,97,116,24,39,123,73,270,247,19,54,19,10,47,38,33,29,318,11,113,176,25,167,62,26,454,66,47,99,137,96,176,114,18,40,143,34,46,127,64,78,269,84,26,117,110,359,238,39,28,76,76,84,137,54,51,36,714,241,39,58,294,100,213,56,22,59,19,93,258,91,140,55,374,17,236,143,334,31,106,274,254,146,16,34,182,106,28,658,104,100,74,182,77,216,38,80,18,99,66,44,160,70,59,187,93,49,267,32,9,83,159,103,91,156,397,44,14,175,244,36,102,72,76,939,20,57,51,131,44,44,94,97,100,122,74,23,59,35,146,74,119,68,353,57,81,138,287,175,68,163,1018,68,122,75,235,682,34,163,81,124,393,105,117,36,59,61,132,52,19,332,253,69,135,27,139,326,72,21,50,8,64,112,59,36,339,83,26,98,182,43,33,62,4,74,49,85,51,209,141,141,80,46,37,28,233,9,131,51,41,39,65,45,160,189,38,46,39,64,347,118,58,10,131,73,25,131,6,57,112,295,68,102,24,39,54,66,19,381,43,971,1010,68,123,111
"ENSG00000274356.1",4,0,0,0,2,4,0,1,1,1,7,6,2,0,10,0,4,2,3,1,2,0,1,0,1,0,6,1,1,1,7,6,0,2,0,0,0,0,5,9,0,1,2,1,1,0,7,0,0,2,3,5,0,10,11,7,0,0,0,0,1,0,1,2,0,12,1,1,6,3,12,1,5,1,0,0,14,0,10,0,7,7,8,5,1,2,0,0,3,0,4,4,5,0,1,0,1,2,7,0,1,1,1,1,3,10,5,1,25,8,3,0,1,1,2,0,16,3,1,3,1,0,2,1,2,1,0,3,9,2,0,0,5,3,1,0,11,0,2,0,1,10,6,2,0,15,4,6,4,3,0,0,5,2,2,6,1,5,5,3,2,2,0,4,2,0,13,5,5,3,0,0,3,2,0,3,1,3,6,0,0,2,7,0,2,0,8,0,1,0,2,2,8,3,0,5,0,7,1,2,1,6,3,3,1,0,0,0,4,8,0,7,0,2,4,0,0,0,6,4,0,0,0,5,1,0,4,5,0,1,2,6,4,2,0,3,0,1,0,1,0,0,5,0,12,3,0,0,3,4,1,2,0,4,0,1,1,0,6,4,2,3,1,8,0,1,1,1,1,0,2,1,2,0,4,1,0,0,1,2,3,1,2,0,3,4,0,1,0,2,1,2,2,4,1,101,3,0,3,17,1,0,25,0,0,0,1,3,2,1,1,8,2,2,2,5,1,4,3,10,2,21,0,16,2,4,0,2,0,0,1,0,0,7,5,0,8,3,2,1,1,0,2,20,1,1,1,0,1,0,0,4,0,8,6,0,4,14,2,0,0,1,2,5,14,5,0,1,1,1,0,8,0,1,2,0,0,0,0,2,1,1,3,2,0,1,0,2,4,2,23,2,0,5,0,6,1,5,1,0,2,0,1,1,8,1,2,1,2,0,7,0,0,0,0,1,0,3,5,0,0,0,12,0
"ENSG00000274372.5",17,0,32,2,5,10,21,4,3,12,2,1,4,46,4,2,38,16,2,14,7,0,6,0,5,9,4,6,11,4,7,5,6,5,8,15,3,4,2,5,11,3,12,50,2,3,2,7,4,4,2,5,7,24,10,4,4,13,4,2,16,6,1,8,7,16,1,6,16,1,5,6,4,1,4,2,41,53,3,22,25,4,32,10,5,11,5,4,13,7,19,3,4,43,3,0,18,10,22,2,0,2,5,0,5,22,5,0,36,11,7,8,5,4,13,0,21,9,0,8,6,24,0,26,18,2,0,58,3,19,0,4,50,3,5,4,2,3,3,0,0,13,17,2,7,19,114,2,19,0,8,3,2,7,3,0,25,14,4,11,6,13,6,7,14,6,18,14,2,7,7,22,7,20,6,0,4,3,1,1,3,19,1,0,0,1,8,10,4,2,6,5,103,3,2,4,4,9,2,12,1,2,9,81,0,3,4,4,58,2,1,14,30,10,7,1,21,5,3,6,1,0,6,9,1,0,8,10,19,1,20,13,24,40,7,16,1,0,2,8,3,6,5,12,55,2,2,8,6,4,2,1,3,16,2,2,0,15,31,17,4,4,7,13,0,34,8,3,14,2,0,0,19,0,7,5,10,1,10,4,20,33,10,5,3,5,0,1,38,8,1,1,11,10,7,5,0,2,9,5,0,24,3,0,19,3,3,28,0,8,7,12,1,15,31,17,19,11,6,10,10,6,1,15,5,6,1,1,19,2,8,19,3,1,10,5,7,14,32,256,0,11,13,5,12,2,1,56,14,0,3,12,0,1,1,4,34,16,10,3,5,8,27,35,28,8,115,5,6,6,5,2,11,11,63,6,4,0,0,10,38,6,5,8,4,25,18,1,2,2,4,11,1,4,8,9,14,14,3,1,1,8,52,2,3,4,101,23,4,3,1,0,3,1,4,7,10,3,21,4,2,5,3,3
"ENSG00000274414.1",32,0,9,4,21,3,2,26,3,5,3,7,4,17,221,2,13,26,7,8,26,3,31,15,17,12,5,11,1,51,3,9,6,3,6,2,3,1,2,2,3,11,2,0,7,0,2,6,4,4,2,17,4,12,10,14,4,6,7,3,3,23,7,3,5,5,9,8,55,1,20,3,5,1,2,1,47,13,4,15,27,26,31,3,50,8,4,2,8,3,58,33,7,29,2,2,3,0,11,14,2,5,43,2,3,3,19,0,17,5,11,0,1,15,3,3,19,4,78,9,0,11,6,4,9,1,0,2,9,116,9,1,39,5,1,3,13,1,23,6,0,18,28,2,55,32,310,53,8,5,3,1,18,20,3,37,3,73,4,22,13,4,19,10,8,3,29,50,7,26,11,7,2,3,1,0,3,8,17,1,0,10,23,26,1,0,8,3,36,11,30,4,10,38,5,6,2,28,2,5,1,10,15,27,2,29,5,2,3,4,2,37,27,10,10,2,1,0,10,9,2,0,4,4,2,3,12,4,4,12,7,3,7,4,2,12,5,2,2,15,3,8,5,2,65,13,1,1,45,9,0,24,6,39,2,9,3,6,8,18,6,5,85,17,5,20,18,1,21,2,5,1,6,1,7,1,8,1,3,16,3,16,23,2,6,0,0,3,4,8,4,11,23,3,4,33,15,4,21,17,35,6,8,5,1,6,1,3,9,4,3,13,4,2,19,26,7,6,8,0,12,18,5,12,6,3,1,3,0,2,4,0,5,4,13,2,7,12,2,5,3,2,12,18,0,2,2,7,3,0,1,59,2,14,5,4,15,19,3,105,1,3,1,93,13,7,12,7,1,0,8,11,2,6,44,9,5,1,1,13,4,7,35,1,1,17,26,24,2,38,17,10,2,5,6,7,20,2,13,0,0,14,11,0,28,4,4,10,0,1,14,7,3,2,14,27,6,41,16,2,4,18,6,2
"ENSG00000274444.1",49,5,29,2,4,1,3,0,2,31,0,4,6,27,37,0,4,12,5,1,1,2,2,0,2,4,10,2,1,3,28,5,6,5,3,3,3,0,7,4,4,10,3,1,2,19,3,0,0,3,1,3,2,3,0,10,1,2,6,0,9,2,1,0,1,1,1,2,16,2,45,1,1,0,4,0,4,5,8,1,2,2,1,4,10,4,2,3,2,4,6,4,0,26,3,0,0,2,2,2,2,0,12,1,1,2,5,0,10,3,4,0,2,0,1,1,13,0,12,0,1,16,2,3,3,0,3,0,1,12,6,0,24,4,4,1,9,0,5,4,1,10,22,0,3,16,20,42,6,5,0,1,0,2,1,6,8,4,19,6,4,1,5,5,9,1,7,25,1,0,3,2,5,9,1,0,2,3,19,1,0,0,2,3,3,1,6,5,2,2,1,13,6,16,1,12,1,7,0,2,0,6,10,0,0,29,0,4,7,1,4,6,3,0,1,2,4,3,2,4,0,1,4,0,1,0,5,4,2,4,15,11,1,2,11,0,1,1,0,3,0,7,2,0,30,6,1,3,3,3,1,6,0,21,0,1,0,5,3,23,9,1,6,8,0,6,38,1,4,0,4,1,16,0,3,10,9,0,1,4,0,0,2,0,7,0,0,1,6,2,1,0,6,7,4,19,10,4,1,27,10,3,65,1,3,5,2,9,16,4,2,1,2,2,3,29,0,0,0,0,1,163,2,10,0,10,0,3,3,0,3,3,2,5,1,0,3,1,2,2,0,2,0,112,3,0,1,2,2,0,0,12,1,6,3,0,10,33,5,37,2,0,2,19,6,5,4,2,2,2,0,23,0,3,13,4,2,0,0,1,1,1,2,0,0,9,5,3,1,1,10,5,0,3,6,2,5,1,6,1,7,7,4,0,8,3,0,2,0,0,0,0,6,0,3,0,3,4,3,0,2,0,11,0
"ENSG00000274460.1",10,3,20,13,18,6,14,4,19,39,20,41,32,112,47,3,21,11,23,9,29,3,19,5,47,6,11,16,2,29,39,29,35,13,8,12,4,16,23,35,1,13,12,14,7,15,13,1,0,11,18,25,9,89,15,109,7,9,35,11,15,12,6,16,14,36,30,13,71,27,76,25,6,0,6,3,43,33,36,36,25,86,22,15,46,20,17,9,15,18,56,32,15,11,5,0,25,25,27,7,7,8,9,2,18,40,48,2,61,27,24,13,15,13,13,6,22,19,14,87,3,61,7,18,19,1,0,44,21,62,27,1,12,5,7,1,51,4,40,7,3,34,34,8,41,23,86,135,52,4,3,18,7,16,1,32,9,20,58,29,28,14,35,38,21,5,52,65,18,19,8,36,10,30,3,9,30,76,150,17,3,11,40,35,13,7,24,19,42,23,7,20,23,39,5,93,8,39,2,31,3,23,24,105,3,89,12,23,34,17,22,81,10,13,25,11,11,8,23,36,0,14,7,13,7,1,25,38,3,32,35,57,19,33,15,19,0,8,3,17,3,22,14,6,56,35,22,12,130,30,3,5,5,33,0,11,3,14,20,59,27,10,23,46,3,23,35,9,39,4,9,4,42,1,16,13,11,1,6,11,85,16,17,2,27,14,1,14,11,23,6,11,19,34,15,63,22,8,31,98,39,27,31,7,20,11,7,29,37,13,29,36,27,15,32,66,18,43,31,16,2,133,5,44,25,45,3,7,6,2,19,23,22,14,37,1,29,13,13,16,1,13,23,79,20,18,12,12,14,0,1,39,15,50,9,1,31,118,21,30,15,2,14,55,71,34,19,9,4,22,20,44,5,24,77,14,13,7,5,47,3,26,24,2,10,17,75,13,14,15,27,16,2,30,11,10,17,24,34,3,22,11,32,11,38,18,7,19,12,5,36,10,27,14,14,3,10,33,17,4,2,13,61,1
"ENSG00000274520.1",2,0,0,3,4,0,0,0,0,0,0,4,0,0,5,0,0,0,0,0,0,0,0,0,0,14,1,0,0,0,0,9,0,0,0,0,0,0,11,19,0,0,10,0,0,0,0,0,0,0,0,0,0,1,0,0,0,17,0,0,0,10,0,0,0,0,0,0,0,0,2,0,0,0,0,0,21,0,0,2,0,0,4,0,0,1,0,0,0,0,2,0,0,0,0,0,0,0,0,2,0,0,1,0,1,0,0,0,13,24,0,0,0,0,1,0,0,0,6,0,0,0,0,0,0,0,0,0,1,7,0,0,0,0,0,0,0,0,0,0,0,18,0,0,1,4,0,0,1,0,0,0,0,0,0,0,0,3,0,0,0,0,1,19,0,0,3,11,0,1,2,0,0,0,0,0,1,0,0,0,0,0,1,0,0,0,0,0,11,0,0,0,0,0,0,0,0,1,0,5,0,0,1,0,0,0,0,0,0,0,0,1,7,21,14,0,0,0,0,0,0,0,0,0,0,0,0,0,0,0,15,9,0,0,0,0,0,0,0,1,0,0,0,0,30,11,0,0,1,0,1,0,0,0,0,0,0,0,0,3,0,0,8,0,0,1,1,0,0,0,0,0,0,0,1,2,0,0,0,6,0,0,0,0,0,0,0,0,2,0,0,0,0,0,0,4,0,0,0,0,0,1,0,0,2,0,0,3,0,0,0,16,0,4,0,0,0,9,0,0,6,0,0,5,7,0,0,0,0,0,0,1,0,1,0,0,0,1,0,0,0,0,2,6,0,0,0,0,0,0,0,10,0,22,0,0,0,14,7,0,1,0,0,29,7,0,0,0,0,0,0,2,1,0,1,0,0,0,0,0,0,0,0,0,0,0,1,0,0,0,0,0,0,1,0,1,0,0,1,0,0,0,0,0,0,0,0,9,0,0,0,0,0,0,0,0,0,0,2,0,0,0,0,0
"ENSG00000274588.2",0,0,0,3,1,15,1,0,1,0,0,4,84,1,2,0,1,0,0,9,2,0,6,0,7,0,0,16,0,2,8,0,1,6,8,0,26,2,0,1,1,0,1,3,0,0,3,0,0,0,2,3,0,108,0,45,1,0,0,0,0,0,1,0,0,122,1,1,1,0,2,102,0,0,0,1,2,0,486,45,34,3,1,6,3,0,9,1,16,2,4,2,0,6,0,1,3,1,686,1,0,0,0,0,8,35,92,0,118,1,1,1,3,4,172,3,34,0,0,31,0,147,4,0,6,0,2,0,26,0,3,0,1,9,0,2,1,1,1,0,0,2,1,2,1,2,17,0,111,3,0,0,0,0,2,2,5,4,1,11,0,3,0,0,1,0,150,4,3,1,0,12,3,0,39,0,1,202,0,1,1,0,2,0,0,0,2,3,0,0,1,1,0,64,11,0,2,3,1,0,0,0,1,3,0,2,0,3,0,0,1,0,0,1,691,0,0,2,129,202,0,0,2,1,0,2,1,0,1,2,5,0,5,3,0,0,0,1,0,1,1,4,8,0,0,0,0,1,0,0,0,0,3,0,0,3,1,0,1,1,66,84,0,1,2,4,8,3,3,0,2,0,10,0,5,577,5,3,3,0,1,100,0,0,1,42,0,0,19,1,1,0,0,0,1,1,0,5,1,0,0,0,0,6,59,2,3,7,10,183,1,6,1,5,1,0,153,1,0,72,1,0,0,0,2,0,2,0,2,0,3,71,9,1,0,0,0,3,0,0,2,3,9,1,1,0,1,0,10,4,0,5,3,221,0,3,343,0,29,0,6,5,0,0,0,1,3,384,1,6,2,3,0,103,0,0,0,0,0,0,0,1,0,0,1,0,0,247,3,0,126,1,0,99,0,0,6,819,1,0,43,0,1,0,32,0,0,1352,0,1,220,0,0,0,25,0,1,0,0,0,5,2,0,2
"ENSG00000274736.5",3,5,29,2,28,7,2,32,13,11,7,14,6,28,12,64,10,14,9,19,25,153,2,8,19,11,11,15,5,17,39,32,1,44,4,12,4,11,11,76,27,2,42,26,53,2,4,4,51,19,14,16,93,7,6,5,20,13,25,6,10,14,5,26,31,12,18,12,22,12,13,13,4,27,14,78,9,7,0,38,41,32,5,4,24,8,0,0,5,3,25,63,12,0,7,44,17,40,16,18,19,41,44,9,8,7,35,72,14,30,17,127,7,5,10,6,16,5,10,10,0,14,20,19,10,69,65,9,26,12,23,106,28,2,1,67,14,104,6,2,20,7,19,67,14,8,5,3,16,1,91,81,5,6,37,6,6,20,13,10,10,1,4,11,4,33,30,1,24,25,5,5,19,10,5,5,19,5,17,9,94,1,4,15,9,6,19,15,1,75,8,13,8,24,10,8,31,4,2,4,5,64,15,104,68,7,13,4,12,12,8,14,0,11,26,3,10,4,14,18,15,10,1,2,19,40,21,8,1,9,6,14,77,7,7,22,40,12,10,5,10,8,5,10,13,8,6,4,15,44,12,3,19,4,51,15,29,2,12,15,11,54,13,6,118,8,3,66,62,75,11,46,14,89,16,38,7,29,4,18,77,10,5,108,8,5,82,7,3,8,22,9,9,8,1,13,2,3,26,0,38,4,5,484,3,19,5,5,10,11,11,4,4,4,6,2,9,44,33,8,23,3,97,31,26,5,58,1,4,96,9,24,32,19,16,97,6,12,15,1,123,25,2,1,13,4,6,11,4,61,213,22,31,27,16,141,7,1,4,9,11,15,11,0,4,14,4,9,14,2,6,3,0,2,10,14,27,40,23,43,6,15,17,18,55,2,23,4,4,6,14,39,43,11,2,3,32,8,33,30,5,4,8,1,15,45,7,7,18,25,16,16,23,10,5,4,13,8,15,109,133,45,2,127
"ENSG00000274825.1",0,0,1,6,17,9,9,7,1,6,11,23,52,13,15,1,4,13,12,5,8,0,14,3,13,22,56,11,7,4,15,4,7,8,6,9,1,6,36,12,21,4,41,26,6,20,5,9,0,1,33,5,7,12,6,13,4,29,54,7,36,6,1,14,0,19,4,10,78,25,12,17,1,0,34,1,14,28,30,12,17,10,15,36,31,11,16,28,19,15,19,15,7,43,16,0,10,25,7,3,5,0,30,3,11,18,22,0,31,28,12,1,6,10,9,15,26,22,8,8,5,50,1,4,42,0,3,7,11,5,3,0,39,5,10,0,11,7,23,0,3,23,8,3,3,15,10,39,22,8,0,5,42,18,4,5,7,29,9,8,24,10,6,11,53,23,5,24,9,27,88,9,9,17,16,6,5,10,26,1,0,11,23,12,5,5,37,3,2,32,1,60,19,17,4,38,2,7,2,10,3,14,8,17,1,38,8,7,38,6,5,19,35,11,40,0,48,10,9,14,2,82,46,1,0,0,20,8,15,16,22,5,6,7,13,31,0,10,12,5,3,12,19,9,36,10,6,9,5,1,1,15,1,33,2,6,3,14,6,49,20,9,12,30,2,12,12,1,28,2,13,1,7,0,19,22,18,0,22,17,8,34,9,2,4,49,0,8,35,3,1,1,21,4,216,10,27,17,7,0,6,6,83,0,57,6,4,1,21,12,31,39,26,3,15,2,13,3,1,34,7,6,2,42,11,14,1,6,104,0,7,16,1,67,20,4,8,11,7,1,2,4,5,58,12,6,8,53,8,3,1,7,4,16,4,1,10,19,7,19,3,7,9,12,25,0,16,23,5,33,10,3,26,16,53,12,9,0,1,9,17,21,13,7,0,12,21,10,18,2,23,8,0,24,37,46,6,41,4,2,7,24,8,2,21,1,4,21,11,4,4,21,1,3,4,8,7,52,9,3,4,2,18,3
"ENSG00000274827.4",0,0,3,0,7,0,0,0,0,0,0,1,0,10,0,0,0,0,0,0,0,0,1,0,0,0,0,0,0,0,1,0,1,0,0,0,5,0,1,1,0,0,0,0,0,0,0,2,0,0,0,25,0,60,0,0,0,0,0,0,0,34,0,0,0,0,0,0,0,0,20,0,0,0,0,0,0,0,0,5,31,83,1,0,2,0,0,0,0,0,0,1,0,0,0,0,0,1,0,0,0,0,0,0,0,0,0,0,157,0,0,0,0,1,0,4,1,0,0,0,0,0,0,0,0,0,0,8,0,0,1,0,0,0,0,0,0,0,5,3,0,0,25,1,0,0,0,0,0,0,3,0,0,4,0,0,0,0,12,1,0,0,0,0,0,1,136,0,0,2,0,0,0,0,0,0,0,9,0,0,0,0,0,3,3,0,5,0,0,0,0,9,0,1,0,1,0,0,0,0,0,0,0,2,0,61,0,0,4,0,0,0,1,1,2,1,1,0,24,3,0,1,0,1,0,0,0,1,0,0,0,0,0,0,0,6,0,0,0,0,0,0,0,0,4,1,0,1,0,0,0,0,0,0,0,0,0,0,0,3,3,0,0,0,0,0,0,0,2,0,0,0,62,0,0,3,12,0,0,0,0,3,2,0,0,0,0,0,1,0,0,0,0,0,1,10,0,0,0,0,0,0,1,0,7,0,0,0,0,2,0,0,1,0,0,1,0,0,1,4,0,0,0,34,0,0,0,0,1,0,1,0,0,0,0,0,0,0,0,0,0,0,0,9,91,15,0,0,7,0,0,4,0,38,0,0,0,0,0,0,8,0,0,367,2,0,0,0,0,2,0,0,0,0,1,0,0,0,0,0,0,1,0,0,0,1,0,0,0,0,3,0,0,0,0,0,11,113,0,0,0,0,0,0,0,0,0,0,2,0,0,0,0,0,0,0,0,1,0,0,0,0,0,0
"ENSG00000274840.4",0,0,0,0,0,1,11,0,0,0,0,0,23,116,24,0,6,0,0,0,0,0,5,0,0,0,0,5,1,1,2,0,10,6,20,0,9,0,0,0,1,0,0,0,1,0,0,19,1,0,0,33,1,29,0,0,0,0,2,0,0,12,0,0,0,0,0,0,0,0,33,0,0,0,3,2,13,0,28,9,24,22,2,0,1,0,0,6,0,0,0,1,0,0,0,2,0,18,26,0,1,0,0,0,0,0,17,0,48,0,0,0,0,16,2,6,0,3,17,55,0,16,0,0,0,0,0,8,0,0,1,0,16,0,0,3,0,0,2,0,0,0,45,2,0,61,0,0,2,0,0,0,0,23,0,0,0,0,18,28,0,0,0,24,0,9,8,0,0,20,0,14,0,81,0,0,0,17,0,0,0,28,1,8,22,0,6,7,0,20,0,1,0,14,24,9,0,15,0,0,0,0,7,168,0,39,0,0,3,0,0,1,12,3,9,0,0,0,12,0,0,3,0,0,0,2,0,0,0,0,1,0,10,0,0,4,0,0,0,0,0,0,0,10,0,0,4,0,23,0,0,0,0,0,0,0,0,5,11,22,11,7,0,30,1,0,0,0,7,1,24,1,29,0,0,0,26,0,0,2,41,7,0,0,0,0,0,12,1,0,1,0,0,0,0,40,16,8,0,0,1,5,0,1,3,0,1,0,22,21,0,0,0,0,0,0,44,0,0,4,0,0,0,0,1,0,3,0,0,0,39,0,0,0,0,0,0,0,0,0,0,0,0,0,15,10,0,0,4,0,2,6,0,31,0,0,0,0,3,0,22,0,0,0,0,0,0,11,0,0,0,0,0,4,75,0,24,0,0,21,12,15,0,0,0,1,0,10,0,0,17,0,0,0,0,0,9,41,5,1,2,0,0,0,0,0,6,24,0,0,0,3,0,0,10,0,10,4,0,0,0,0,0,0
"ENSG00000274997.2",2,0,0,0,1,0,0,1,0,1,0,2,2,2,3,0,0,0,2,0,1,0,0,0,1,0,1,1,0,0,0,1,0,1,2,0,0,0,4,5,0,2,1,2,0,2,0,0,0,1,1,4,0,3,5,0,1,5,0,20,0,2,4,1,0,7,0,0,0,2,1,0,0,0,0,0,1,3,1,0,8,3,1,0,2,1,3,0,3,0,0,3,0,9,0,0,0,0,2,0,0,1,3,1,0,3,3,0,2,1,0,1,1,1,2,1,2,1,0,8,2,18,0,1,2,0,0,1,2,1,0,1,7,0,1,0,4,1,2,0,0,4,0,0,0,4,1,0,1,1,1,0,0,2,2,0,2,1,2,0,2,0,2,0,3,4,2,4,7,9,0,1,2,3,0,0,1,9,2,1,0,0,0,8,1,0,4,0,0,1,0,31,6,1,2,0,1,2,1,4,0,5,4,2,0,4,1,1,1,0,0,3,2,0,6,1,1,0,0,1,0,0,10,0,0,0,3,2,0,1,3,1,2,1,1,0,0,1,0,0,1,1,2,0,3,2,3,0,3,0,0,0,0,0,0,4,0,0,0,12,2,0,1,4,0,1,2,0,3,0,2,0,1,0,1,0,22,0,0,1,2,3,0,0,0,4,0,0,4,0,1,0,0,6,0,2,2,1,4,1,0,1,5,0,1,0,1,1,1,3,0,1,2,0,2,2,4,0,2,0,3,0,0,1,0,0,0,2,0,0,8,3,0,0,12,0,0,1,0,0,0,0,0,2,3,1,0,2,7,0,0,5,0,3,0,1,0,1,4,0,3,1,1,0,0,0,6,1,1,1,1,3,0,0,10,0,0,1,0,3,0,1,3,0,0,1,2,0,1,1,2,1,0,3,3,2,2,10,1,0,1,0,0,0,6,0,0,5,0,0,1,2,0,0,0,0,1,8,0,0,0,1,6,0
"ENSG00000275011.1",0,0,0,0,0,8,7,0,0,0,135,0,19,0,1,0,0,0,0,0,0,0,0,0,0,0,0,0,4,0,2,1,0,0,1,0,1,0,0,0,2,0,0,0,0,0,0,0,0,1,0,1,1,10,0,0,0,2,0,0,0,0,0,0,0,7,0,0,0,0,1,1,8,0,0,0,0,0,53,0,1,0,2,0,0,0,0,0,0,0,0,0,4,1,3,0,0,0,9,1,0,0,5,0,0,23,4,0,7,2,1,0,0,0,5,1,3,1,2,1,0,0,1,0,41,1,0,1,19,1,0,0,22,0,1,4,25,0,0,0,0,0,0,0,1,0,1,5,32,0,1,0,0,0,0,0,0,2,0,0,0,9,0,1,0,0,20,1,0,5,0,1,0,0,13,0,0,32,1,1,0,0,0,0,0,0,0,0,0,0,0,0,0,0,0,64,0,2,0,0,0,6,35,4,0,0,0,1,0,0,1,0,1,0,29,0,0,0,0,0,0,0,2,0,0,0,0,0,0,8,0,0,1,1,0,0,0,0,0,0,5,0,0,0,0,12,0,24,0,0,0,0,0,7,0,0,0,1,0,7,0,0,1,2,0,19,0,0,0,0,0,0,0,0,0,29,4,0,0,0,0,25,0,1,0,18,0,1,28,0,0,0,0,0,0,0,13,1,0,0,0,0,4,0,5,0,0,0,0,15,1,10,0,3,10,0,2,1,3,0,0,3,0,3,0,0,0,1,0,0,2,1,0,2,1,0,0,10,89,2,0,0,27,3,0,0,0,10,2,0,0,1,0,16,0,1,24,2,13,14,0,0,0,3,0,0,0,27,0,0,0,0,0,1,0,0,2,0,0,0,0,0,0,1,0,0,2,0,1,1,139,0,1,4,1,0,0,39,1,0,0,0,1,0,0,0,0,0,0,1,0,0,0,0,0,0,0,1,36,0,0,0,73,0
"ENSG00000275026.1",1,0,0,1,0,0,0,0,0,0,0,0,0,0,0,1,0,0,0,0,0,1,0,0,1,1,0,0,0,0,0,0,0,2,0,0,2,0,0,1,0,0,0,0,1,0,0,0,0,0,1,0,6,0,0,0,0,1,1,0,0,0,0,0,0,0,0,0,0,0,0,0,0,0,0,0,0,0,0,1,1,0,0,0,0,0,0,0,0,0,0,0,0,0,0,0,0,1,0,0,0,1,0,0,0,0,1,2,5,0,1,2,0,0,1,0,0,0,0,0,0,0,0,0,0,0,0,0,0,0,0,1,0,0,0,4,0,2,0,0,0,0,2,2,0,0,0,0,0,0,2,1,3,0,0,0,0,0,0,0,0,0,0,0,0,2,0,0,3,10,1,0,0,0,0,0,1,1,0,0,0,0,1,0,0,0,0,0,0,0,1,0,0,0,0,0,0,0,0,0,0,1,0,1,0,1,0,1,0,0,3,0,0,1,1,0,0,0,0,0,2,0,0,0,2,2,0,0,0,0,0,0,0,0,0,1,8,0,0,0,0,0,0,0,1,0,0,0,5,0,0,0,0,0,0,0,0,0,0,0,1,0,0,1,0,0,0,0,0,0,0,0,0,0,0,0,0,2,1,0,0,0,0,0,0,0,0,0,0,0,0,0,1,0,0,0,1,0,0,0,0,0,0,0,0,0,0,0,0,0,0,0,0,0,0,0,1,0,0,1,0,0,6,0,1,0,1,0,0,0,0,0,0,0,0,2,1,0,0,0,0,0,0,1,1,0,0,0,0,0,1,0,0,0,0,2,0,0,0,0,0,0,0,0,0,1,0,0,0,0,0,1,0,0,0,0,2,0,0,0,0,0,2,0,2,0,0,0,0,0,0,2,0,0,0,0,1,1,0,0,1,1,0,0,0,0,0,1,0,2,0,0,0,0,1,0,0,0,0,4,3,0,0,0
"ENSG00000275212.3",73,1,0,5,6,0,0,1,0,11,1,14,3,11,48,3,6,2,0,3,1,1,0,1,9,1,231,3,1,11,10,3,2,2,16,7,2,1,6,20,0,5,7,22,2,27,27,11,2,0,60,8,3,2,0,13,3,1,24,1,0,214,0,4,6,5,4,1,10,8,1,2,2,0,0,5,9,3,24,43,8,2,8,3,20,2,1,1,48,3,21,343,1,20,6,1,11,8,3,0,6,1,3,1,9,2,1,1,32,3,8,6,112,8,3,3,7,152,20,43,10,19,1,340,3,3,3,4,2,0,10,6,146,6,7,2,0,1,5,0,0,8,16,5,22,30,11,1,1,1,5,3,12,0,0,1,28,45,35,12,12,58,20,3,1,0,7,5,2,0,0,6,0,2,150,0,1,1,7,1,4,8,5,2,20,0,3,0,10,2,0,0,0,591,11,0,5,10,2548,14,0,3,1,4,1,139,1,7,1,2,36,2,7,3551,2,9,20,2,49,12,0,48,2,38,0,0,0,218,72,19,25,23,5,9,1,10,1,0,5,1,300,0,8,3,9,28,3,222,1,5,0,0,3,2,0,6,1,1,3,4,17,1,25,1,0,38,3,0,8,3,0,0,202,1,78,3,14,0,0,3,1,1,1,2,0,8,0,21,3,6,3,2,0,0,39,41,2,21,0,13,0,0,103,3,8,3,114,7,184,1,0,2,749,19,24,2,1,4,8,6,1,11,0,13,11,89,1,0,119,4,1,9,4,71,0,9,0,4,11,68,0,22,87,8,1,5,0,26,19,2,1,160,2,41,0,2,5,24,0,21,59,0,1,48,7,2,46,12,0,113,4,2,5,0,0,3,22,5,0,11,3,2,0,63,8,8,1,4,16,0,1,0,1,9,14,38,2,2,13,2,5,0,10,1,0,0,50,45,0,7,22,0,12,0,1,0,4,2,3,1,1,0,3,3
"ENSG00000275223.1",5,0,32,6,10,11,20,21,5,20,24,42,6,58,49,4,5,35,16,12,38,3,11,8,8,48,53,6,32,5,5,7,8,9,28,8,19,3,7,10,45,16,22,3,5,13,15,19,4,9,6,9,8,28,19,46,5,29,26,43,8,8,23,24,26,12,1,9,62,10,15,8,5,2,14,4,2,10,19,18,26,23,28,13,31,21,27,24,5,9,33,13,7,62,14,0,4,91,44,5,4,0,32,3,6,18,25,1,50,13,18,2,7,10,4,26,96,370,26,40,6,12,13,21,62,3,3,61,41,11,5,1,70,14,43,2,11,2,79,7,2,55,7,13,7,72,7,28,9,27,1,2,69,71,8,13,8,33,25,8,32,10,11,5,9,75,13,59,19,15,18,11,2,13,22,5,15,53,4,23,0,56,8,40,21,6,6,7,29,77,3,11,19,46,13,41,1,7,1,46,13,36,16,36,1,40,6,5,29,64,6,7,13,53,9,21,55,6,13,17,2,47,22,4,1,1,9,25,32,65,11,10,9,12,8,11,1,6,15,22,8,2,2,9,41,27,15,15,8,20,3,19,0,5,5,126,5,8,3,5,23,3,32,49,2,6,17,0,23,0,8,1,32,0,36,18,15,2,4,15,6,98,26,3,7,19,0,7,30,49,3,8,21,73,17,36,61,5,40,27,14,22,18,2,45,5,14,8,38,50,6,17,41,19,10,35,20,6,12,57,28,17,4,44,30,68,0,7,14,0,31,7,6,22,6,2,9,21,23,8,2,6,105,26,13,1,5,39,22,2,3,46,7,22,8,5,18,23,15,16,40,4,13,31,38,14,73,21,6,10,57,19,12,9,17,16,24,1,12,11,10,13,19,4,7,24,22,20,67,70,42,1,4,30,23,22,41,48,6,2,5,25,10,1,8,9,30,20,3,2,3,41,11,0,4,7,3,15,25,3,2,7,44,6
"ENSG00000275340.1",35,3,0,1,0,0,0,0,0,0,2,1,0,100,9,1,2,17,0,2,3,1,8,3,40,1,0,0,0,38,41,0,0,7,15,0,19,0,0,0,0,26,2,0,2,0,0,1,0,1,0,112,0,5,1,0,1,0,5,0,0,1,1,1,0,0,0,0,3,0,15,0,0,0,0,1,7,0,0,13,70,1,0,0,49,0,0,8,3,0,1,12,0,0,0,0,0,29,7,0,0,0,0,0,3,2,0,1,80,0,0,1,1,0,1,2,1,0,0,0,0,2,0,0,1,0,1,0,2,1,2,0,10,0,6,1,0,0,0,0,0,1,39,2,2,104,0,1,0,2,0,0,0,25,1,0,0,2,2,77,10,0,0,3,0,7,0,0,0,1,0,7,0,101,2,0,1,0,1,0,0,0,0,5,0,0,5,1,0,35,0,0,2,5,2,0,1,0,0,0,0,0,1,38,0,0,1,1,0,0,3,3,2,0,2,3,0,0,29,8,0,1,0,0,0,0,0,81,0,0,0,1,2,0,0,1,0,1,0,0,4,0,1,0,0,0,0,0,1,0,0,0,0,0,0,1,2,0,0,2,24,10,0,0,2,1,1,2,23,0,2,0,1,0,0,0,0,0,0,0,61,0,0,0,0,0,1,0,0,1,5,2,0,0,1,25,5,0,0,0,0,0,0,1,0,0,1,0,16,0,0,1,1,2,4,3,19,0,7,0,5,0,0,4,0,6,1,0,0,3,7,0,0,2,0,0,0,0,0,0,0,0,0,0,1,16,0,0,0,0,1,0,2,2,0,0,3,0,0,0,0,2,0,0,5,1,0,4,0,0,0,0,0,0,35,0,59,0,0,60,4,49,0,0,0,1,1,25,0,1,2,0,0,1,0,3,31,0,1,0,0,0,1,0,0,2,0,1,0,7,3,0,0,1,2,0,13,2,0,1,3,2,0,0
"ENSG00000275356.5",0,0,0,7,0,0,0,0,0,0,0,1,0,126,0,2,0,11,1,0,0,0,0,1,31,0,0,11,0,2,0,12,5,0,0,0,20,14,0,0,41,2,1,0,2,69,0,7,0,5,1,3,3,11,0,18,1,2,23,0,0,41,0,47,21,0,21,0,1,4,5,5,5,0,0,0,0,7,0,14,20,33,0,0,3,0,22,0,0,30,0,0,2,0,1,2,0,43,0,7,0,0,0,1,5,0,0,11,3,1,0,0,0,1,0,0,0,1,32,0,2,9,0,0,13,1,7,12,0,0,6,0,0,0,3,0,0,0,1,26,0,0,0,0,0,41,40,0,0,0,1,1,2,14,12,0,11,0,7,1,0,0,41,0,0,2,4,0,8,26,30,12,0,0,1,0,2,0,0,11,0,0,0,0,0,7,5,5,0,17,0,0,8,9,3,0,0,0,0,0,1,0,0,45,0,0,0,6,36,4,1,2,0,13,0,0,1,6,2,10,0,77,0,0,0,0,0,35,20,0,5,39,2,15,4,10,0,6,0,26,0,0,0,0,0,2,0,1,0,7,2,0,0,8,0,0,1,0,0,12,100,73,0,0,0,0,4,5,52,0,2,0,3,0,5,0,0,0,0,17,5,4,33,2,0,0,1,0,0,20,7,0,0,0,3,0,0,0,0,0,2,0,0,0,10,24,22,2,8,0,0,0,0,18,1,0,51,0,0,0,0,4,0,0,27,0,12,0,1,0,1,0,1,2,0,0,0,2,0,0,4,17,40,0,4,118,5,0,1,1,2,0,1,0,0,9,0,0,1,0,16,2,1,0,0,0,2,0,11,160,19,6,2,0,33,4,8,2,0,10,55,3,25,0,1,101,0,0,35,0,0,0,0,0,0,1,5,1,5,2,1,0,0,0,4,1,25,0,109,0,4,1,24,0,11,0,36,5,0,0,3,0,2,3
"ENSG00000275437.1",15,1,11,9,31,11,3,6,3,33,15,15,42,25,27,3,5,27,32,4,10,1,2,4,16,3,7,23,4,15,34,12,15,36,2,12,3,4,6,15,8,6,22,2,2,8,0,1,0,12,4,18,3,17,26,45,4,13,53,3,4,13,11,7,3,19,32,2,19,22,40,8,2,2,4,2,24,13,23,23,37,27,67,5,25,35,3,1,12,2,8,10,3,24,0,3,8,16,12,14,5,5,3,0,5,26,57,8,84,8,8,2,5,34,7,1,33,4,17,37,0,16,12,14,18,3,0,10,37,23,11,3,47,11,19,2,10,1,33,6,2,57,12,2,8,21,33,17,11,8,0,1,20,7,4,28,1,7,15,42,18,4,19,19,16,25,40,21,42,9,4,6,8,73,1,2,6,17,48,4,4,13,21,59,17,2,25,18,7,58,8,42,34,31,5,46,3,11,2,33,16,71,12,94,2,46,5,35,6,27,1,11,7,10,50,17,5,0,17,24,3,11,3,2,8,1,3,29,3,10,19,36,6,5,0,1,6,2,8,2,8,4,4,8,58,11,9,3,2,15,5,5,1,56,6,8,2,5,3,44,6,11,48,65,0,27,18,6,53,1,7,3,55,0,5,7,27,4,8,13,31,17,5,3,198,15,0,7,5,11,5,4,2,19,5,98,39,14,37,21,48,10,57,6,1,2,1,17,5,32,7,80,26,19,21,38,8,12,14,13,5,28,1,44,15,16,0,8,2,0,14,9,2,3,25,5,10,13,5,8,1,0,6,104,7,2,1,15,9,1,6,35,19,32,3,3,31,21,17,35,6,2,11,15,38,85,6,7,4,7,7,12,2,14,44,10,52,4,18,36,22,21,15,2,5,14,13,11,3,27,81,4,3,9,6,6,9,24,12,2,31,36,11,4,33,10,21,13,7,1,7,7,36,2,5,5,2,11,35,0,1,8,8,2
"ENSG00000275484.1",36,4,8,3,4,4,19,0,4,34,1,6,6,21,19,0,5,20,11,1,6,2,18,2,19,3,28,6,1,3,19,7,6,6,3,0,5,0,49,27,2,16,4,0,2,52,4,2,3,6,4,3,4,1,0,28,2,2,3,4,4,10,1,1,1,1,1,0,12,14,38,5,7,2,13,2,54,13,7,10,3,92,7,12,13,2,3,3,7,4,17,15,3,107,2,1,5,6,17,9,15,2,30,2,4,1,3,1,14,2,8,7,7,2,2,9,15,6,13,9,0,9,4,17,17,1,8,27,5,8,4,3,15,2,6,3,2,1,7,2,1,27,6,2,12,32,46,22,2,7,0,4,18,21,0,3,3,20,22,18,33,5,15,2,12,2,12,16,3,8,5,11,4,8,14,1,3,9,41,1,1,4,15,21,5,5,9,5,4,1,4,4,13,13,2,11,1,9,5,13,1,12,13,4,0,57,4,9,27,10,5,13,12,8,13,8,2,6,9,2,2,4,4,4,1,2,9,2,6,8,24,5,4,11,5,17,0,1,8,2,2,7,9,0,36,12,1,6,3,1,0,6,0,10,1,10,0,22,11,8,11,2,12,1,2,7,25,1,6,3,12,0,9,0,7,1,12,0,1,3,8,10,11,0,2,8,0,9,22,5,1,1,23,10,31,40,13,1,11,55,2,9,10,4,16,2,0,6,11,0,2,23,13,5,5,32,3,8,3,13,0,46,1,0,12,27,1,4,4,1,0,1,5,11,8,1,5,3,8,5,0,3,6,36,4,11,2,38,1,4,1,19,2,8,1,0,7,59,3,45,3,2,5,33,51,1,44,17,5,9,11,12,0,7,22,3,4,6,0,6,4,1,4,4,2,29,12,3,7,3,12,1,0,8,11,8,5,12,13,0,7,3,18,1,22,3,4,12,2,2,1,11,2,0,9,6,11,11,2,2,1,2,12,7
"ENSG00000275485.1",5,0,11,2,2,3,4,2,1,5,1,3,3,11,9,1,3,4,3,2,1,0,1,3,7,1,7,3,1,2,3,6,0,1,4,3,0,0,8,8,0,3,9,2,1,2,2,0,0,1,0,2,3,2,1,18,1,3,4,1,3,6,4,1,1,4,0,2,5,2,10,1,1,0,1,0,8,3,6,8,1,7,1,0,4,2,5,0,2,0,2,0,2,0,3,0,4,1,4,4,2,2,0,0,0,1,1,1,15,4,2,0,0,4,0,1,4,3,1,8,0,6,0,3,1,0,0,13,3,6,2,0,9,3,0,0,0,0,56,0,0,10,3,0,2,6,13,11,4,1,0,0,4,2,1,1,5,2,0,6,5,1,1,1,1,1,6,10,1,2,3,0,2,9,1,1,5,2,11,1,1,0,3,3,2,0,5,0,5,0,1,0,3,3,0,7,1,4,1,2,3,4,5,17,0,10,3,5,1,1,2,2,8,4,8,1,0,3,3,5,0,2,0,1,0,0,2,2,0,7,9,3,0,4,6,1,0,1,0,2,1,4,4,2,9,4,6,7,9,4,1,0,0,4,0,1,0,2,0,9,1,1,4,4,1,1,11,2,7,0,4,0,4,0,2,6,3,0,4,1,5,7,5,0,2,1,0,1,4,3,1,1,2,8,2,13,1,0,0,11,1,2,8,0,2,1,0,0,3,3,8,14,0,2,3,5,1,6,5,2,4,4,0,2,4,5,0,1,5,0,3,3,4,3,0,1,4,1,1,2,0,3,0,7,8,0,1,3,6,0,0,11,1,5,0,0,5,12,1,3,2,0,1,10,2,7,3,1,2,2,5,7,0,2,22,6,2,1,0,2,0,7,2,0,2,6,2,5,4,0,14,1,0,6,6,0,2,3,2,0,7,6,8,0,7,0,1,3,1,0,2,2,1,2,1,0,0,6,2,0,0,2,8,0
"ENSG00000275703.1",5,0,10,4,1,4,1,0,0,7,5,3,3,20,6,1,3,5,4,3,2,0,10,1,0,3,2,0,1,7,0,11,0,1,0,5,2,1,4,5,2,3,3,0,0,1,3,0,0,3,0,0,1,5,1,14,1,8,0,0,2,0,3,3,1,2,1,0,14,12,22,4,1,0,3,0,6,10,11,3,0,18,17,3,4,1,2,3,10,3,11,7,4,1,3,1,13,0,14,3,2,0,6,0,1,0,1,1,12,4,2,0,5,2,3,0,2,3,0,3,1,5,0,4,6,0,0,8,2,7,4,0,9,3,4,0,7,1,5,2,1,2,6,0,3,7,7,20,5,5,0,0,1,1,2,6,1,7,10,1,13,3,2,8,5,1,9,8,2,6,1,0,3,9,1,2,3,4,7,2,0,3,5,3,0,2,0,2,1,2,2,9,7,0,0,2,1,8,2,7,1,4,7,10,1,10,0,3,5,4,5,4,1,0,3,2,2,3,2,6,0,0,1,0,1,0,1,4,4,3,2,5,5,3,5,6,0,1,1,1,0,0,0,1,17,10,2,3,5,2,0,3,2,3,1,0,2,3,8,21,5,1,1,9,0,3,13,1,2,0,2,0,3,0,1,0,5,0,2,2,3,7,1,6,0,14,0,1,14,2,1,1,6,17,4,4,10,2,1,4,2,2,2,1,13,2,0,0,1,2,8,9,2,2,1,2,0,5,0,3,4,14,1,1,2,4,0,3,9,0,4,3,3,4,3,0,3,5,14,8,0,1,3,17,4,3,3,4,1,0,0,7,1,3,0,2,2,28,2,9,2,2,3,22,9,1,0,6,0,1,2,7,1,2,8,6,2,0,0,4,1,4,4,1,0,4,4,0,2,1,8,4,0,2,13,0,0,11,4,2,2,1,4,2,16,5,2,10,3,2,0,2,3,0,2,1,1,11,1,0,2,0,18,2
"ENSG00000275713.2",4,0,9,0,38,20,18,1,4,4,77,16,56,25,6,1,2,5,0,5,13,0,0,9,3,2,1,19,2,3,1,3,3,25,4,6,1,2,6,2,2,2,2,1,4,6,0,6,1,0,7,8,2,42,3,0,10,2,14,1,0,47,7,2,1,1,5,0,6,4,1,4,0,0,0,0,4,3,14,21,30,5,11,0,1,0,0,2,7,2,26,12,1,8,3,0,23,3,8,2,5,2,8,0,45,3,40,0,3,4,36,3,5,9,5,0,6,1,6,32,0,1,0,1,3,2,3,1,0,6,1,3,19,1,13,1,146,0,70,1,0,5,1,0,9,5,14,127,12,2,4,0,0,0,1,8,2,3,18,2,14,30,0,8,24,20,3,6,0,2,0,2,3,1,28,2,0,67,113,0,0,5,2,4,0,0,9,24,7,0,0,40,3,2,16,38,1,1,0,2,0,0,80,4,0,34,4,1,1,0,4,138,6,1,11,2,1,8,2,4,0,5,298,7,0,0,1,3,0,24,109,2,6,16,3,3,0,7,1,2,4,1,2,0,7,4,2,45,7,1,1,2,0,8,3,10,0,4,6,18,1,0,13,169,2,18,3,1,3,0,3,0,37,0,1,16,4,0,0,9,4,7,1,1,1,6,0,4,9,1,7,0,5,4,60,0,5,0,3,23,48,1,4,2,10,1,0,2,1,35,0,0,0,2,8,8,5,39,0,2,3,4,2,9,4,70,1,2,3,1,4,5,1,29,1,6,1,4,38,0,0,0,3,1,1,4,0,1,5,1,5,11,3,148,1,1,13,4,8,9,1,5,2,1,9,1,0,5,0,0,0,3,0,23,3,0,3,0,1,2,2,11,3,2,4,2,42,1,1,0,150,0,2,0,3,10,11,28,3,0,1,22,2,1,53,4,4,10,3,4,2,2,2,0,0,1,13,4,1,2,2,1,144,3
"ENSG00000275896.6",3,0,18,0,0,0,1,7,0,128,1,0,1,1,0,0,0,4,1,1,0,0,27,0,1,0,0,0,5,1,1,0,4,2,1,418,1,0,0,0,0,30,1,0,0,1,0,2,0,0,0,4,0,0,0,0,0,1,0,0,0,9,75,1,0,0,0,0,0,16,2,0,0,0,0,0,1,60,2,0,88,1,8,1,1,0,1,1,26,0,11,42,0,11,0,0,0,6,23,2,212,0,2,0,3,0,0,1,32,4,0,1,0,0,1,1,1,0,1,5,0,0,0,0,1,0,6,0,0,0,0,0,3,0,0,0,29,0,2,28,0,0,139,0,0,0,2,5,0,2,0,1,1,5840,0,0,0,0,3,7,0,0,3,6,0,4,6,2,0,2,1,0,61,0,1,0,371,0,70,2,0,2,2,5,0,5,4,8,0,0,0,1,2,1,32,0,1,0,0,20,0,1,1,0,0,0,0,0,3,0,0,5,2,0,8,6,0,0,1,0,0,0,0,0,3,3,0,0,0,1,3,0,4,0,1,1,0,1,1,0,0,0,0,1,30,4,0,0,0,0,0,0,0,1,1,0,0,6,2,594,0,0,8,1,1,0,1,1,1,0,0,0,3,0,0,0,12,0,0,3,0,0,0,0,1,9,0,0,0,2,0,0,0,0,3,70,2398,0,2,4,1,1,171845,0,0,1,13,42,0,2,0,2,0,0,0,0,1,9,0,2,5,277,1,1,3,7,0,1,0,0,0,1,7,1,3,0,2,0,1,2,0,1,2,6,8,0,0,2,1,0,0,0,0,0,0,1,0,178,0,2,4,35,0,155,22,0,0,0,0,1,1,0,0,1,0,1,0,5,1,0,5,0,0,0,1,1,0,0,0,0,1,0,0,2,1,3,1,6,18,0,29,0,10,0,1,1,2,0,1,0,2,0,0,0,1,0,1,3,5,6,0,0,0,0
"ENSG00000275936.1",3,0,4,2,1,3,13,1,2,12,1,3,9,5,9,1,0,7,8,4,4,2,1,1,5,2,5,13,1,13,5,3,10,2,7,2,4,4,3,5,8,3,3,5,4,49,7,2,0,5,10,1,1,4,7,39,0,48,8,1,6,2,7,6,0,6,8,2,2,5,12,7,1,0,5,6,11,34,7,7,12,4,16,2,2,3,12,4,14,13,20,2,6,45,0,2,13,1,4,0,6,2,5,4,0,18,8,0,13,1,1,6,0,6,4,2,8,12,8,12,0,17,1,4,9,0,0,4,9,5,5,3,7,4,1,0,8,3,14,1,1,4,20,3,2,1,17,39,4,3,0,3,3,5,5,5,17,10,21,5,15,16,8,5,8,3,12,25,1,3,0,29,4,19,2,0,8,39,4,4,1,0,4,13,5,2,21,7,8,24,3,3,9,25,0,13,3,14,0,4,2,4,9,14,0,38,6,2,29,3,4,12,11,4,14,1,8,2,2,16,1,5,10,9,5,0,2,12,4,2,20,15,5,7,13,8,1,4,3,2,1,12,10,5,8,5,5,6,3,5,2,6,2,18,1,5,1,3,10,11,7,0,5,21,1,10,23,0,13,2,1,3,20,0,2,2,11,0,3,3,12,10,5,0,21,2,0,2,15,9,0,0,4,23,5,5,12,5,7,1,5,4,27,1,15,3,3,5,10,4,5,6,6,4,10,9,11,6,3,3,1,2,0,21,8,23,0,3,8,3,6,1,3,3,16,0,6,3,1,4,0,2,4,4,18,3,0,37,6,0,1,4,7,8,1,1,6,18,2,23,9,2,7,28,2,8,12,2,0,5,19,10,2,16,23,1,17,7,3,19,6,4,9,0,1,31,20,2,4,5,14,2,0,9,3,3,14,11,10,0,8,4,13,9,2,2,6,10,7,4,0,8,8,1,4,1,3,4,11,0,0,7,14,0
"ENSG00000276043.5",173,9,27,99,1541,174,130,64,19,435,51,341,548,1299,363,42,31,170,322,119,166,14,102,128,90,185,45,728,38,516,2205,1339,260,140,17,402,160,101,393,454,11,460,562,19,37,106,15,206,7,81,81,1067,215,354,26,165,20,145,633,902,26,539,73,322,13,169,291,59,1689,1008,552,120,98,8,104,11,854,103,720,725,140,265,667,95,374,87,27,45,111,5,329,188,58,120,41,10,24,696,133,1267,83,22,288,79,215,496,240,8,2200,234,167,51,61,324,238,39,2717,56,394,518,46,277,34,205,165,1,19,243,170,462,79,13,649,50,619,13,150,15,1187,10,20,1664,470,56,323,1631,550,396,240,325,19,8,230,326,67,402,58,189,320,368,147,89,939,334,236,235,469,885,734,1582,33,141,368,3243,53,102,96,92,193,168,2,248,73,715,113,128,219,19,58,312,59,3297,961,706,131,304,35,85,41,793,82,1357,779,2221,1,210,27,1543,301,786,40,296,348,81,184,700,11,20,133,654,5,141,64,42,35,6,149,1175,22,115,2155,168,204,314,16,523,23,76,376,109,71,184,39,96,727,238,133,67,57,196,22,91,23,536,23,557,116,42,51,1819,467,269,618,628,22,273,765,15,1202,19,387,15,397,8,54,259,224,14,33,576,779,287,169,8,21,150,5,55,56,125,93,81,111,27,86,250,1891,72,60,243,1241,26,858,16,45,32,19,129,137,329,106,759,153,54,219,214,510,458,20,115,670,819,17,1313,182,639,29,69,58,9,191,134,81,256,454,26,264,1325,58,67,9,288,96,410,1049,211,7,44,184,5,54,1187,83,925,51,32,561,1207,541,63,196,43,73,405,1134,42,115,605,29,137,313,226,36,109,850,60,491,12,57,484,27,411,176,37,114,80,407,52,179,1138,344,128,61,415,68,155,143,846,114,8,122,152,82,13,707,98,129,270,97,67,263,237,49,23,254,132,56,4530,587,65,11,18,252,22
"ENSG00000276071.1",5,0,0,1,8,7,3,5,2,1,9,8,5,11,1,1,2,3,3,8,0,1,2,4,3,6,0,6,0,6,25,4,2,4,0,6,1,1,3,19,0,2,17,1,1,1,0,0,3,1,0,2,2,5,5,4,2,6,5,4,0,3,5,3,0,8,1,3,3,1,53,1,1,0,6,0,28,2,7,2,11,12,11,1,2,8,0,0,9,2,0,6,2,0,4,0,1,4,9,3,1,2,4,2,1,10,6,0,16,7,3,2,6,2,8,3,27,13,7,9,2,0,0,1,3,1,0,1,14,15,3,0,5,1,0,1,7,1,11,1,0,10,1,4,10,2,3,7,5,9,1,1,5,4,0,2,1,11,8,1,0,0,0,9,2,5,6,2,6,10,0,0,1,24,1,2,1,4,5,12,0,2,11,16,3,0,3,3,7,5,3,2,5,4,1,0,2,0,0,3,4,7,31,18,0,4,1,4,2,2,2,4,0,5,10,2,0,0,2,7,0,1,1,3,3,2,4,7,2,6,7,4,2,2,1,3,3,3,1,2,1,1,0,7,12,13,0,0,4,13,0,3,2,2,0,2,1,1,9,6,5,4,9,19,1,6,9,2,4,0,2,1,2,0,5,4,4,0,0,4,35,2,0,0,4,0,1,2,4,4,0,2,2,5,0,1,3,3,3,2,7,1,21,0,3,0,0,5,3,16,4,4,3,3,12,47,0,7,5,0,15,15,0,18,4,0,0,3,1,0,5,2,1,3,11,0,0,5,2,0,2,1,7,8,4,1,0,2,2,0,0,13,5,6,5,3,13,10,10,1,3,0,2,14,14,12,6,12,2,1,2,10,3,0,17,0,8,0,2,21,0,1,6,1,1,2,6,1,2,3,3,7,0,17,5,2,4,3,8,0,9,0,6,2,7,6,8,9,1,3,4,1,4,1,3,1,0,4,3,1,0,2,8,2
"ENSG00000276368.2",0,0,0,1,0,0,2,2,0,1,0,1,17,3,3,1,1,1,1,0,0,1,0,0,0,0,7,1,0,0,2,1,0,2,2,3,1,0,1,0,0,2,0,3,0,2,0,1,0,0,0,5,0,0,0,1,0,11,14,3,0,4,0,0,0,0,2,0,1,2,8,0,0,0,1,0,0,0,4,0,2,2,8,0,0,1,0,0,1,0,0,1,0,18,0,1,0,1,1,3,0,0,0,1,0,1,2,0,10,0,1,0,0,0,0,0,5,2,1,3,0,2,0,1,1,0,0,0,1,1,0,0,3,0,1,0,0,0,1,0,0,3,0,0,0,1,4,6,7,0,2,0,1,3,0,2,0,1,2,2,2,0,1,0,0,3,0,6,1,1,0,1,2,2,1,0,1,7,2,0,0,1,1,0,0,2,2,0,0,6,1,9,4,5,0,0,0,0,1,9,1,2,7,2,0,0,2,0,3,0,0,5,2,0,4,0,0,0,0,0,0,0,24,2,0,2,0,4,0,0,4,0,0,4,1,0,0,1,0,0,1,0,0,0,2,4,1,0,0,1,0,1,1,0,0,1,0,0,0,6,8,2,6,8,0,2,0,0,1,0,0,0,3,0,2,2,0,0,0,14,0,3,0,0,0,3,0,1,1,1,0,0,0,1,2,0,4,0,0,1,0,1,11,0,1,1,1,0,1,0,1,8,2,0,1,0,2,3,2,0,0,0,0,2,4,0,0,3,2,0,5,0,0,4,0,1,0,0,0,0,0,1,2,2,3,0,0,4,8,0,0,5,0,4,1,1,0,4,2,3,0,0,0,5,1,0,0,0,1,1,2,1,2,0,2,2,0,0,1,2,0,1,0,0,1,1,3,1,1,0,1,0,0,0,3,0,4,18,0,0,0,2,1,0,0,0,1,1,3,0,0,2,0,0,0,0,0,2,1,0,0,2,1,0
"ENSG00000276399.1",0,0,0,0,0,0,0,0,0,0,0,0,0,5,94,0,0,6,0,0,0,0,0,0,13,0,0,0,0,77,0,0,1,0,0,0,46,0,0,0,0,0,0,0,0,0,0,6,0,0,0,37,0,1,0,0,0,0,0,0,0,16,0,1,0,0,0,0,0,0,37,0,1,0,0,0,0,0,0,23,2,8,0,0,74,0,0,5,0,0,0,44,0,0,0,0,0,1,3,7,0,0,0,0,0,0,0,0,33,0,0,0,0,0,0,0,0,0,0,0,0,0,0,0,0,0,0,0,0,0,0,0,18,0,0,0,0,0,0,1,0,0,18,0,0,2,2,0,0,0,0,0,1,28,2,0,0,0,7,3,16,0,2,0,0,0,56,0,0,7,0,0,0,1,0,0,1,10,0,0,0,0,1,2,21,0,0,0,0,2,0,3,0,1,1,0,0,0,0,0,0,0,0,7,0,0,0,1,0,0,0,0,0,4,0,23,0,0,6,24,0,0,0,0,0,0,0,0,0,0,0,4,0,1,0,0,0,0,0,0,0,0,0,0,0,0,0,0,0,0,0,0,0,5,0,0,0,0,1,0,1,0,0,2,0,0,0,0,3,0,2,0,1,0,0,0,0,0,0,5,1,13,0,0,0,0,0,0,0,0,0,0,0,9,0,12,19,0,0,0,0,1,0,0,54,0,0,0,0,1,0,0,0,0,0,0,11,0,0,0,0,0,0,0,7,0,0,0,5,0,106,0,15,0,0,0,0,0,0,0,0,0,0,0,0,0,0,0,64,0,0,0,0,4,0,0,0,0,0,0,2,0,0,0,0,0,0,0,0,0,0,0,0,1,99,0,3,0,0,0,0,2,0,0,0,0,0,1,0,0,0,0,0,0,0,0,6,2,1,0,0,0,0,0,0,0,4,1,0,0,0,0,0,0,11,0,27,1,37,0,0,0,0,0
"ENSG00000276445.1",10,0,41,2,5,4,1,1,3,26,3,3,21,32,17,2,5,5,5,4,3,4,4,3,2,10,9,0,1,4,3,11,4,7,4,4,3,5,5,6,3,11,8,0,0,6,5,7,0,7,2,4,3,7,6,19,3,9,9,1,0,7,0,4,1,15,5,4,5,5,52,2,1,0,3,3,33,10,19,9,7,11,4,4,3,2,2,1,3,2,8,10,3,6,1,0,7,3,10,0,5,3,16,1,4,8,3,0,33,25,3,7,7,5,5,6,14,4,5,13,1,1,3,1,10,1,4,12,4,20,3,2,32,4,3,0,8,0,16,3,1,16,4,1,12,10,11,26,8,3,0,2,4,5,0,2,4,18,10,8,16,2,5,6,13,3,5,10,3,0,8,7,2,8,4,2,2,27,17,2,1,2,1,5,5,3,1,2,6,18,1,9,8,6,1,12,1,6,0,2,0,11,6,16,0,14,5,2,2,4,0,4,8,0,14,26,5,3,8,14,0,1,26,0,1,1,3,5,2,3,8,3,5,5,4,10,0,1,0,2,0,3,4,2,30,14,4,1,14,11,4,4,2,10,4,5,1,2,7,11,3,0,6,36,0,1,12,1,7,0,2,3,22,1,6,7,8,0,6,3,8,10,3,1,5,6,0,1,8,7,2,2,9,12,1,1,1,1,8,12,8,8,327,1,13,3,4,4,0,7,8,16,2,6,4,9,2,9,5,11,7,28,0,27,3,9,1,1,8,0,4,5,6,11,6,1,3,0,4,3,2,2,6,16,2,4,1,5,6,0,1,4,1,9,2,2,15,29,27,13,4,5,7,18,30,1,2,5,3,1,1,9,3,1,13,5,3,0,1,1,2,6,3,4,5,6,4,3,2,1,5,2,1,12,3,1,17,13,11,0,7,4,8,2,8,12,3,4,4,2,1,2,2,1,2,1,4,7,6,2,1,7,11,1
"ENSG00000276520.1",1,0,2,0,0,0,0,0,0,0,0,0,0,30,1,4,0,6,0,0,0,0,0,0,8,0,0,6,0,9,0,0,3,5,0,0,14,0,4,6,1,0,0,0,0,0,0,9,0,1,1,2,0,28,0,6,0,0,27,0,0,4,0,6,0,0,0,0,1,0,100,0,0,0,0,0,0,0,5,1,6,48,0,0,19,0,2,2,0,0,0,9,37,0,3,0,1,22,14,0,0,0,0,4,0,0,14,0,6,0,1,1,0,10,0,10,1,20,0,1,0,11,0,0,5,0,0,5,1,8,1,0,55,0,0,0,0,0,1,7,0,0,1,0,0,3,2,0,0,0,0,0,6,19,0,0,0,0,0,12,11,0,0,1,0,0,1,0,0,12,0,6,9,54,0,0,0,9,1,0,0,0,0,2,16,1,6,0,1,13,3,0,0,0,5,2,0,0,0,0,7,0,0,64,0,23,0,0,18,0,0,0,1,2,5,0,0,13,3,7,0,6,0,0,0,0,15,3,1,0,0,0,0,9,7,9,0,2,0,1,0,2,0,0,0,0,0,0,0,0,1,0,0,0,0,0,0,0,13,4,21,14,0,11,1,0,0,0,20,0,1,0,4,0,0,0,0,0,0,29,3,12,0,0,7,0,0,0,0,2,0,0,0,20,1,0,6,0,3,0,0,0,0,0,2,0,0,3,6,2,27,0,0,0,0,2,24,0,0,4,0,0,0,0,0,0,0,13,0,0,12,0,2,0,1,0,4,0,0,0,0,0,1,0,14,7,8,0,0,0,0,10,2,20,0,0,6,0,0,0,0,0,4,0,0,6,0,0,0,14,0,5,0,8,24,17,3,0,0,0,4,2,2,1,0,3,0,2,2,0,0,0,0,0,0,0,15,0,0,0,1,0,0,0,0,1,3,3,4,0,0,0,0,0,30,0,17,0,0,0,0,19,0,0
"ENSG00000276524.1",0,0,0,0,3,2,6,1,2,4,4,0,7,4,1,0,5,4,1,1,0,0,3,1,3,1,2,1,1,3,2,0,0,2,1,0,1,1,3,5,0,2,1,0,1,8,1,0,0,5,0,1,0,5,1,3,0,3,0,0,4,0,1,0,1,0,1,0,1,3,3,1,0,0,6,1,2,0,2,1,2,0,0,1,0,0,1,0,2,3,0,1,0,8,2,0,1,4,7,0,2,4,1,0,1,1,8,0,8,0,0,1,0,2,0,1,0,1,1,6,1,2,0,4,0,0,0,3,1,0,0,1,1,0,0,0,2,0,4,0,0,3,2,0,3,1,4,2,0,1,0,0,2,2,1,1,1,2,1,1,3,0,4,2,0,1,2,11,0,3,0,0,0,5,0,0,2,29,3,0,0,2,0,3,2,2,4,0,2,4,1,1,1,4,2,1,0,1,0,1,1,3,3,3,0,8,0,0,5,0,0,3,0,0,1,1,0,2,0,3,0,7,0,0,1,1,2,1,1,2,2,0,0,3,4,5,1,1,0,2,0,0,2,0,5,2,0,1,1,2,2,1,0,1,0,0,0,0,1,1,3,3,2,4,0,1,3,1,5,0,1,0,7,0,2,0,3,0,0,0,5,2,3,1,1,0,0,1,8,2,0,0,0,5,3,1,1,2,4,2,0,0,6,0,11,2,0,4,2,1,3,1,3,1,0,0,4,3,2,1,2,0,0,0,0,2,2,2,1,0,1,2,2,0,1,1,3,0,2,0,0,2,0,0,5,1,1,3,2,0,0,3,0,5,1,2,2,5,3,3,0,3,4,3,2,0,0,1,0,2,1,1,1,3,15,3,5,0,0,3,5,0,3,0,0,5,2,1,0,0,2,0,0,2,4,1,1,5,0,0,1,4,0,0,1,0,0,0,1,0,1,2,0,2,0,0,8,5,3,0,0,0,1,0
"ENSG00000276563.1",4,0,0,1,5,7,26,0,5,1,8,6,2,5,17,1,5,4,2,2,2,3,10,1,2,1,5,2,1,3,7,2,11,2,5,1,5,2,31,18,4,5,15,7,1,0,8,3,0,0,2,7,0,6,9,3,0,4,2,1,20,4,2,0,2,45,0,0,4,1,7,1,1,0,5,2,0,0,13,7,12,3,2,1,3,1,3,2,4,1,5,6,9,21,0,2,5,0,43,2,0,3,1,0,1,2,2,1,5,8,2,0,0,4,3,4,10,22,8,43,0,17,0,5,5,0,0,0,10,9,0,1,4,2,2,1,2,2,3,1,0,6,10,1,4,2,8,1,0,1,0,0,4,2,3,6,6,16,52,7,5,0,3,4,0,5,13,6,0,2,0,0,1,17,1,0,6,10,4,3,0,2,70,5,5,0,3,3,10,0,1,2,1,28,3,2,2,17,5,0,1,2,2,4,0,11,1,1,3,2,1,4,5,1,3,0,6,0,1,19,3,0,8,6,3,0,14,1,4,2,4,3,0,2,3,6,0,4,0,5,1,3,1,3,3,19,13,5,3,3,3,2,1,0,0,0,1,3,4,3,8,1,15,49,0,2,7,0,0,0,1,0,5,1,2,7,13,2,0,2,5,19,1,2,1,0,0,5,4,2,3,1,1,8,3,12,5,11,5,0,1,5,1,2,83,0,0,2,5,24,1,1,9,14,4,0,17,9,4,2,8,4,4,5,2,2,1,2,5,0,12,4,6,2,5,2,0,1,8,15,0,9,1,4,6,0,0,0,4,0,1,4,1,63,13,8,8,0,12,29,10,2,15,102,0,0,10,7,0,2,0,3,0,9,9,10,2,0,1,1,2,1,7,1,0,3,13,1,5,2,2,3,1,1,2,3,12,11,3,1,1,1,1,1,1,0,8,5,2,4,1,2,1,0,2,0,3,5,4,2,0,0,2,0
"ENSG00000276644.5",35,14,7,17,88,11,0,26,5,41,40,15,695,16,69,102,12,12,8,53,70,77,29,64,26,9,0,15,3,13,22,41,20,50,9,16,17,7,3,30,4,48,12,8,150,4,9,24,93,3,1,39,164,4,17,10,39,2,5,5,10,6,12,44,74,18,1,8,31,9,21,23,3,50,5,123,17,20,123,14,23,7,3,1,2,8,3,2,85,1,37,36,3,0,10,61,45,45,3,17,20,109,18,11,12,22,6,120,251,0,80,159,47,27,9,6,62,6,2,20,6,10,4,5,15,60,36,0,5,61,27,174,13,4,10,200,27,101,7,9,55,60,34,218,25,29,3,12,21,21,126,115,5,8,23,9,6,88,4,17,26,5,27,48,3,40,21,17,11,50,0,5,24,9,19,2,2,10,95,31,58,55,19,34,8,7,69,51,4,32,7,68,16,15,7,6,112,3,3,13,2,38,31,10,92,3,12,13,15,14,44,20,5,12,79,49,4,20,19,57,44,2,3,0,124,59,39,6,1,52,0,10,47,18,5,20,88,5,0,4,20,16,37,13,32,8,2,10,82,4,8,5,51,5,124,28,146,21,27,186,35,25,13,9,213,40,17,222,50,45,22,37,33,113,12,1,11,33,10,8,16,7,8,42,6,27,80,6,11,22,191,18,9,12,9,71,484,10,52,115,83,13,20,206,3,7,10,4,10,0,18,14,14,19,49,75,16,52,13,8,37,15,96,38,8,12,131,12,26,74,60,6,27,9,11,304,1,50,63,2,131,23,18,6,0,17,6,5,8,96,161,65,17,8,18,239,13,6,3,0,62,57,19,18,105,8,2,13,15,4,22,8,4,3,10,4,29,194,19,5,0,13,3,8,97,2,16,37,9,1,22,17,62,9,6,9,44,16,274,113,6,3,17,3,7,65,15,24,2,46,117,6,3,18,19,5,6,43,3,345,90,19,32,80
"ENSG00000276715.4",27,0,4,0,118,90,0,0,0,1,2,0,1,31,6,3,35,0,6,7,25,0,0,0,1,13,0,2,49,0,38,78,2,1,0,4,8,0,0,1,0,4,39,0,7,32,0,1,0,1,0,32,4,0,0,1,1,98,0,0,2,44,0,0,1,0,1,2,4,54,0,0,5,0,0,0,185,1,0,9,9,13,0,0,9,0,5,0,1,1,1,3,16,2,7,0,0,0,0,10,0,1,102,0,19,5,0,0,18,142,14,0,2,2,3,0,80,0,19,63,0,1,2,13,0,0,0,0,57,161,0,0,11,0,3,1,0,1,0,0,0,44,0,4,0,34,0,73,0,0,0,10,63,0,4,1,0,4,12,1,2,10,14,43,15,33,5,11,17,29,2,1,0,43,0,0,3,1,1,3,0,34,1,8,0,1,0,1,72,0,0,1,1,58,0,0,4,0,0,69,0,3,73,55,0,3,1,48,5,0,4,32,25,5,3,0,0,0,0,0,0,0,9,0,0,0,1,0,0,1,1,0,22,1,1,2,2,1,0,0,9,0,0,2,159,0,0,0,85,4,10,0,0,2,0,0,1,6,0,1,1,1,0,5,0,47,0,1,3,3,5,0,3,0,0,39,12,2,0,16,3,1,0,0,0,1,2,19,1,0,1,0,21,1,0,128,0,0,2,3,1,7,0,3,17,1,6,0,0,0,1,18,0,12,17,0,64,36,5,0,30,4,0,26,5,15,2,1,0,0,0,64,0,0,1,0,2,26,0,0,0,0,1,1,76,43,0,0,0,0,2,0,1,3,0,1,0,14,9,8,17,0,0,14,0,0,56,8,0,0,0,3,0,0,260,0,0,0,0,0,10,14,12,3,0,0,7,1,13,0,22,0,0,23,25,0,22,1,5,0,0,0,0,0,1,1,1,4,0,6,1,0,0,2,0,0,5,7,1,2,0,0,4,0
"ENSG00000276744.1",8,1,5,4,6,9,8,2,2,30,3,13,19,20,6,0,4,17,4,0,7,2,2,3,14,2,16,11,4,10,14,2,8,12,3,3,4,3,25,9,2,2,3,5,2,10,3,0,1,0,1,6,2,5,10,21,5,9,15,5,14,1,6,3,6,9,15,6,8,8,15,7,4,0,7,0,25,4,14,6,9,13,11,6,18,4,2,3,3,6,5,26,3,5,1,0,12,18,14,0,14,1,1,3,3,8,20,0,20,6,3,6,2,0,6,13,10,9,10,11,3,15,5,20,6,5,3,11,14,11,7,0,13,10,2,0,19,0,13,1,0,27,5,6,3,5,27,11,11,0,2,5,15,6,0,12,1,5,27,11,12,4,3,7,7,6,15,15,2,4,0,4,4,21,3,4,6,51,27,6,2,5,4,8,17,4,9,3,2,13,5,9,12,9,4,29,3,15,5,8,8,13,11,21,2,53,5,9,15,6,4,8,4,2,17,9,5,1,5,13,2,11,7,1,0,0,5,10,6,8,12,11,4,11,4,2,2,7,1,7,2,6,14,1,17,18,6,7,13,6,4,4,0,15,1,5,2,1,9,12,9,10,8,21,2,3,3,0,22,3,0,4,29,0,6,9,12,0,5,2,10,6,19,0,13,6,0,7,16,0,1,3,6,18,9,35,11,8,19,22,4,4,24,1,12,4,2,14,11,9,18,20,6,6,9,21,6,9,6,11,1,16,2,9,6,27,1,3,11,4,5,10,2,8,12,1,7,5,6,7,0,8,7,4,4,4,8,6,1,0,0,24,5,15,2,0,16,31,6,13,3,1,3,11,9,10,8,9,15,7,9,20,4,10,32,11,4,0,2,10,10,7,16,2,2,7,3,8,8,2,19,4,1,9,5,3,12,21,7,2,22,8,8,4,7,7,2,7,1,3,7,3,6,1,4,1,4,7,9,2,1,2,12,0
"ENSG00000276903.2",1,0,0,2,1,0,2,0,0,0,2,14,9,3,12,0,0,3,1,1,0,0,1,1,0,1,5,4,3,2,0,0,1,3,0,1,0,1,4,7,0,2,2,21,0,0,0,2,0,0,0,6,1,6,3,2,2,4,4,4,2,2,2,1,2,3,2,2,4,5,10,0,3,0,2,0,0,1,1,1,9,3,32,2,6,3,0,0,2,0,3,1,0,2,1,0,5,4,0,4,1,0,3,1,2,3,2,0,14,1,2,1,2,1,1,4,8,1,1,4,2,10,0,5,2,0,0,6,1,2,0,1,5,1,4,0,2,0,2,0,0,1,0,0,0,5,1,0,10,1,1,0,3,4,0,0,1,0,8,1,2,3,2,2,0,2,3,13,9,9,3,4,3,6,2,0,1,0,2,1,0,8,0,11,2,4,1,4,5,1,2,22,4,1,3,1,0,1,4,15,2,9,6,1,0,14,0,1,0,3,0,24,6,1,17,0,0,1,0,3,0,3,3,3,0,0,2,6,0,1,12,0,0,2,0,2,0,1,0,0,2,1,3,5,3,5,0,0,1,2,0,2,0,1,1,4,0,0,0,20,14,1,3,13,0,1,1,0,1,1,0,0,9,2,0,1,22,0,3,8,16,5,0,0,7,0,0,3,4,0,0,2,0,4,0,12,8,3,3,1,5,0,8,0,4,1,0,0,1,12,0,4,6,1,1,5,1,5,5,4,2,0,0,6,0,2,0,4,1,0,0,5,0,2,5,0,2,2,1,5,0,6,1,3,4,6,0,0,2,0,0,10,0,14,1,1,0,21,3,0,0,3,2,3,0,0,0,2,5,1,1,0,1,0,6,2,1,0,0,75,2,14,3,2,0,0,2,1,0,2,7,5,0,0,4,1,6,12,0,0,0,0,5,0,0,0,1,2,0,6,0,0,1,0,5,3,1,1,2,0,0,0,2,0
"ENSG00000276966.2",10,0,6,11,6,8,4,9,15,29,49,32,22,188,64,0,8,6,14,0,12,1,11,6,8,1,5,32,2,7,2,35,6,9,2,11,30,4,43,43,3,40,54,15,3,1,0,8,2,4,2,23,2,47,13,6,2,20,26,18,9,12,5,20,1,0,5,2,16,13,91,5,1,0,4,0,18,0,30,13,51,51,81,1,16,3,6,25,24,2,19,34,2,34,9,1,5,31,6,8,12,0,27,21,2,4,16,1,168,116,15,3,4,7,25,23,20,10,12,147,28,186,10,10,10,0,2,115,15,20,1,19,19,3,0,0,123,0,12,1,1,2,8,0,2,28,41,13,12,21,1,3,0,4,2,3,14,23,279,7,12,5,13,16,13,8,8,25,16,14,13,6,55,33,20,1,3,362,168,4,0,13,7,26,7,11,3,51,19,22,7,49,6,18,17,19,3,18,6,43,7,35,10,17,0,85,0,0,7,25,2,88,22,5,3,6,8,10,26,11,0,24,26,37,0,0,11,15,4,12,15,17,9,8,1,10,4,28,0,2,22,7,5,9,53,57,7,17,102,6,9,0,1,8,1,3,7,6,55,67,83,6,12,124,0,12,3,0,42,3,30,0,37,0,1,18,13,2,11,33,74,21,4,2,41,16,0,43,8,3,6,5,6,42,2,46,16,20,29,46,43,6,44,1,67,3,1,3,35,20,3,30,57,27,22,186,4,35,7,7,36,250,4,13,12,12,4,15,1,2,20,9,2,8,50,3,35,9,7,43,0,6,13,32,5,6,1,2,20,0,2,49,8,32,4,1,62,602,15,14,8,5,13,227,1,9,23,4,20,6,7,8,8,20,67,1,6,3,7,561,9,15,13,4,1,20,4,18,9,3,40,5,0,64,6,0,42,76,8,1,23,11,69,5,76,2,2,15,12,2,10,5,4,7,13,5,3,27,13,3,2,3,206,0
"ENSG00000277013.1",28,10,39,27,27,4,4,34,50,192,10,24,6,61,31,46,21,3,11,19,33,101,14,29,27,10,10,4,7,13,10,38,13,23,14,27,6,15,27,19,8,83,33,5,45,9,21,37,52,8,14,16,44,1,10,16,16,7,35,4,23,21,4,35,47,23,12,7,59,21,39,29,8,27,27,52,15,16,9,6,10,20,42,53,10,9,9,6,104,5,44,12,10,47,14,30,48,21,6,13,51,33,45,8,17,25,22,64,112,8,22,106,28,40,3,14,36,8,6,19,1,2,3,16,27,51,39,19,6,23,19,88,7,10,62,52,9,68,6,3,32,48,21,113,35,31,5,16,23,29,51,49,15,13,29,11,28,28,29,9,29,8,24,10,25,12,29,17,7,19,2,5,14,14,18,6,29,11,45,6,49,21,8,6,14,25,43,39,16,3,12,40,18,9,14,16,39,14,16,10,6,15,23,14,52,9,4,11,34,4,27,26,7,11,35,21,3,8,18,44,34,17,12,10,41,37,34,13,17,18,38,11,29,13,5,22,50,26,8,17,11,6,7,5,8,27,0,12,18,7,5,8,16,16,30,22,110,34,10,9,20,24,33,8,106,26,18,51,7,129,23,51,5,85,6,12,17,47,10,200,34,4,7,95,10,28,86,9,11,22,51,21,15,7,41,20,26,5,69,56,33,15,1238,243,24,17,14,4,9,6,14,26,12,21,8,50,18,13,12,10,23,15,74,16,19,46,32,9,17,93,11,18,35,89,8,66,9,29,9,15,67,14,12,23,6,17,22,26,6,84,60,36,7,16,15,105,4,74,17,1,15,17,15,15,80,6,13,23,13,16,8,7,13,4,90,12,30,36,2,7,4,8,7,23,81,17,19,10,11,5,16,4,48,17,12,12,11,7,43,107,6,3,10,12,32,33,8,17,23,60,41,24,19,33,32,5,13,36,5,54,70,34,15,78
"ENSG00000277128.2",18,0,5,1,6,0,0,0,1,0,0,3,0,57,0,0,0,0,0,2,2,0,4,0,9,10,0,12,0,11,7,6,3,0,0,0,3,0,1,14,0,0,31,11,2,0,0,0,0,3,0,12,1,0,1,1,0,0,0,0,0,2,0,0,1,0,2,1,0,0,16,4,2,0,0,0,2,0,0,4,18,10,7,0,8,3,0,0,21,1,0,14,8,0,0,0,0,7,6,0,0,0,0,1,0,1,0,0,15,1,3,0,3,1,0,0,0,6,2,1,4,0,0,0,1,0,4,0,1,3,2,1,1,1,0,0,2,1,2,0,0,1,57,0,7,0,0,0,1,0,0,0,1,6,1,0,0,0,10,7,0,0,0,1,0,4,28,1,0,4,0,1,0,12,0,0,1,0,1,9,0,1,3,11,1,0,7,0,5,1,0,4,0,6,2,0,2,0,0,1,4,0,2,40,0,3,0,1,0,7,0,1,0,13,2,5,0,0,2,7,0,0,3,0,2,0,2,12,0,0,0,8,0,1,0,1,1,1,1,0,0,12,0,0,3,3,1,0,0,0,0,0,0,0,0,0,0,0,1,2,4,4,0,1,0,3,0,2,8,0,0,0,0,0,4,0,0,0,0,0,22,0,0,1,7,0,0,0,0,0,0,0,0,1,0,2,4,0,0,0,0,0,5,0,2,0,0,5,5,0,7,0,0,0,33,4,4,4,0,1,0,3,0,4,1,0,0,1,4,0,4,0,0,0,35,0,0,1,0,0,0,0,4,0,1,4,1,0,1,0,0,19,0,1,1,1,0,0,5,0,10,0,2,3,2,0,0,4,0,0,0,23,1,2,3,0,8,0,0,11,0,0,4,0,0,2,0,1,1,0,3,0,0,0,0,8,1,0,8,0,0,0,2,0,0,1,8,3,0,1,2,0,0,1,7,0,0,0,0,3,0,0,0,0
"ENSG00000277144.1",52,1,3,3,6,0,6,6,3,25,0,0,1,31,9,2,6,2,2,2,4,0,4,2,4,9,1,3,5,0,0,6,5,3,2,19,0,1,0,1,3,6,5,0,0,28,0,4,0,2,5,1,0,0,0,5,0,1,1,3,0,2,0,3,3,3,3,0,7,3,16,5,7,1,5,1,8,3,15,0,1,7,15,4,5,4,6,0,7,0,11,1,4,29,2,0,0,2,4,3,4,3,53,0,4,12,12,1,2,5,2,0,3,2,1,2,22,3,11,0,0,2,2,4,4,1,1,3,9,5,0,1,11,2,23,1,0,0,7,1,1,7,3,1,1,7,10,10,1,25,1,0,2,1,0,0,2,5,3,0,0,2,7,3,2,0,4,4,1,8,2,1,2,2,5,2,0,5,1,0,1,3,0,0,0,1,3,0,3,1,1,19,23,6,2,1,0,6,0,1,2,8,0,4,1,18,4,7,8,3,3,0,2,4,8,7,0,1,2,0,0,4,12,2,2,1,2,7,9,0,2,3,3,0,0,1,2,0,1,1,3,4,0,2,11,2,0,3,2,4,2,0,0,2,1,2,1,7,0,9,3,3,9,7,2,7,4,1,11,1,6,0,4,0,3,6,12,0,0,5,1,5,4,1,6,1,0,2,16,3,2,1,3,2,4,2,0,1,4,15,2,16,4,0,8,4,0,1,3,1,0,14,8,14,5,6,1,1,4,2,31,24,3,11,10,18,2,1,3,0,0,3,3,5,2,0,3,6,0,3,1,2,5,4,6,3,2,10,4,0,1,1,2,0,1,1,8,30,4,0,6,2,3,4,7,2,13,5,0,3,5,1,0,0,13,7,3,2,1,1,2,5,5,0,1,6,4,1,6,1,8,1,0,12,4,15,5,2,3,1,2,1,14,0,6,8,5,3,4,3,3,2,0,0,6,17,1,3,3,1,1,1,2,1
"ENSG00000277156.1",34,0,5,1,6,1,1,3,0,3,0,7,2,113,1,1,1,6,3,0,5,1,6,0,4,4,4,21,0,9,0,0,2,2,6,0,4,0,1,3,0,14,30,1,2,0,2,10,3,0,0,9,0,12,1,1,0,0,0,0,1,1,0,2,2,1,0,1,1,0,25,0,1,0,0,1,7,4,2,7,30,8,7,1,11,0,3,1,6,6,6,13,7,0,0,0,1,30,5,1,0,2,1,0,3,2,1,0,63,5,4,0,0,5,2,2,1,2,6,3,1,2,1,0,22,0,0,7,0,6,2,0,1,0,1,0,0,0,14,4,2,3,19,2,1,17,3,0,1,3,0,0,0,9,6,1,9,0,8,10,5,0,0,0,1,13,11,1,0,13,3,5,3,18,0,0,2,4,1,1,0,0,2,3,6,0,9,0,11,6,0,12,1,0,8,7,0,1,0,2,3,1,2,6,0,10,1,0,0,8,1,3,3,6,5,12,0,0,6,4,0,1,1,3,4,0,2,5,0,0,0,11,3,1,0,6,0,0,1,0,0,8,0,2,1,5,0,0,1,0,0,0,0,3,0,0,2,3,9,2,8,1,3,15,0,5,0,1,12,0,2,0,1,0,2,1,4,0,0,0,13,1,14,0,0,1,0,1,3,1,3,0,0,2,0,13,7,2,2,4,2,0,8,0,3,0,0,0,3,7,10,0,7,1,10,3,7,7,3,7,0,1,0,5,10,5,0,0,5,0,3,0,0,0,22,1,0,6,1,2,0,2,9,1,17,0,1,0,0,1,0,9,0,1,2,1,1,0,4,0,14,4,1,12,3,0,7,9,0,1,0,9,1,0,15,1,5,0,0,2,2,4,1,0,0,5,0,0,2,0,6,1,0,0,0,4,3,13,3,0,0,1,1,1,0,4,3,1,0,1,0,0,0,3,7,0,4,3,0,0,0,0,3,0
"ENSG00000277199.1",0,0,0,0,0,8,0,0,0,0,0,61,0,0,0,0,0,0,0,1,2,0,0,0,0,0,0,0,0,0,0,0,1,0,1,0,0,0,0,1,0,0,0,44,0,0,0,0,0,0,0,0,0,1,0,0,16,0,0,0,0,0,0,0,1,0,0,25,4,0,0,0,0,0,0,0,0,0,0,3,10,0,0,0,0,0,0,35,0,0,0,0,9,0,2,0,0,1,21,0,0,0,0,28,0,12,0,0,13,14,0,0,0,0,3,1,0,32,6,9,1,0,0,0,0,0,0,0,0,0,0,2,0,0,0,2,0,0,1,0,0,0,0,2,0,0,8,1,1,0,0,0,0,0,0,0,1,2,10,0,0,0,0,0,0,0,1,1,4,0,0,0,7,2,0,0,0,0,0,0,0,5,0,6,2,0,0,0,0,0,0,0,0,0,0,0,0,0,0,0,0,1,0,0,0,0,0,0,0,0,0,0,0,13,0,0,0,0,2,2,0,0,0,0,0,0,67,0,0,9,0,0,0,15,0,0,0,1,0,0,0,0,11,2,0,14,0,0,0,86,0,0,1,0,0,0,0,0,0,0,0,0,2,47,0,0,0,0,0,0,0,0,3,0,0,0,0,0,54,0,0,3,0,0,0,0,1,0,0,13,0,3,0,0,0,9,0,18,0,0,0,0,0,4,4,0,1,0,0,1,40,0,0,0,15,0,0,27,0,0,0,0,0,0,0,0,0,0,0,0,334,0,0,0,0,0,0,0,0,24,1,1,3,0,0,0,0,0,1,0,0,0,0,1,0,0,0,0,0,3,2,2,81,0,0,0,0,22,9,0,0,0,0,0,0,0,4,0,0,0,1,0,0,0,0,0,0,3,0,0,0,93,0,0,0,0,0,0,2,0,0,0,0,0,0,0,0,8,0,0,0,0,0,0,0,0,2,1,0,0,0,0,0,0
"ENSG00000277223.1",0,0,0,0,0,5,0,0,0,0,2,9,15,1,0,0,0,0,11,0,0,0,0,1,0,0,1,0,1,0,0,0,2,1,0,3,0,0,24,11,0,0,0,11,0,0,1,2,0,0,2,0,0,5,8,0,2,7,0,0,3,0,8,1,0,17,0,5,0,0,0,0,0,0,0,0,0,0,10,0,5,0,1,0,0,1,0,2,0,0,0,4,6,0,1,0,3,0,21,0,1,3,0,1,0,7,0,0,6,0,0,0,0,1,1,2,7,1,0,10,2,0,0,8,1,0,0,0,1,0,0,0,4,1,0,0,7,0,0,0,0,0,3,0,0,0,0,0,2,0,0,0,0,0,0,1,0,0,8,0,0,1,0,0,1,0,0,0,0,0,0,0,3,0,0,1,0,10,2,0,0,0,16,0,1,0,0,0,0,0,0,2,0,0,0,0,0,10,0,0,0,0,0,0,0,0,0,0,0,0,0,0,0,0,0,0,4,1,2,11,1,0,0,0,1,0,9,0,0,10,0,0,1,5,5,2,0,6,0,0,0,0,7,0,0,5,3,0,4,19,0,1,0,1,3,0,2,0,2,0,0,0,2,8,0,1,0,0,0,1,0,0,0,0,0,4,42,0,2,0,0,5,0,0,6,8,0,0,0,0,0,0,1,2,4,3,0,4,0,0,0,0,8,2,0,0,0,0,0,7,18,13,1,0,0,0,2,2,0,1,2,1,0,0,0,0,0,2,0,0,12,1,0,0,3,0,4,0,0,0,0,1,0,0,0,0,0,2,21,1,0,0,0,34,5,0,8,0,13,0,0,0,3,0,0,0,0,0,5,0,0,3,0,5,0,0,0,0,0,0,0,0,0,0,0,0,2,1,0,0,7,3,0,6,4,0,7,68,4,0,0,1,0,0,0,0,0,0,0,0,0,0,0,0,0,0,0,0,0,0,0,0,28,0
"ENSG00000277224.2",2,0,0,3,2,1,2,20,4,11,14,35,13,97,9,5,4,2,40,2,3,0,5,0,5,2,1,12,1,9,2,16,0,20,0,1,12,1,12,66,0,14,11,141,0,1,0,2,1,14,0,8,13,43,22,2,9,5,6,2,8,4,5,3,1,1,2,10,9,9,34,4,0,0,0,0,4,2,14,9,14,11,39,1,9,16,0,5,5,0,4,20,0,4,6,1,0,5,2,5,5,1,5,14,2,6,35,5,74,29,9,0,0,9,3,11,11,1,2,41,22,49,10,2,1,0,1,8,7,3,1,2,6,0,0,0,15,2,6,0,4,3,1,2,2,8,10,7,1,62,1,4,0,1,6,2,0,7,63,9,3,0,9,12,3,15,4,3,10,18,2,1,33,19,2,3,1,19,46,8,0,9,3,32,8,1,8,13,12,12,1,22,3,23,32,7,0,0,8,14,4,36,3,8,1,9,0,1,2,28,4,19,7,0,4,5,0,0,3,8,0,17,0,20,0,0,16,12,0,6,12,0,7,2,2,11,2,8,1,2,89,1,8,5,14,28,1,2,25,5,0,0,0,0,3,2,0,0,5,25,85,32,8,20,3,6,1,0,21,1,5,1,7,5,1,5,4,1,28,11,54,4,1,0,4,2,1,3,2,1,9,1,0,5,3,20,13,3,12,12,25,0,12,0,7,0,0,5,4,31,7,8,25,2,1,125,2,28,3,3,3,32,2,1,7,3,1,10,5,1,10,5,0,9,15,1,6,4,25,1,1,8,0,9,7,9,0,1,1,2,6,66,6,32,1,3,3,47,4,3,14,2,0,30,0,6,0,4,4,1,2,2,1,11,5,0,0,3,5,187,1,34,5,1,7,6,0,8,10,2,27,144,4,8,0,1,19,26,3,0,5,5,44,2,14,0,6,3,1,1,7,0,2,0,17,0,1,6,3,8,2,2,31,0
"ENSG00000277247.1",0,0,0,0,1,1,0,0,0,2,0,0,19,40,17,2,0,0,0,0,0,0,7,1,0,0,0,5,0,6,0,1,0,0,0,37,4,1,0,0,0,1,0,32,0,0,11,9,0,0,0,46,0,3,0,1,229,0,3,0,0,17,0,1,1,0,0,0,0,0,14,10,0,0,0,0,0,0,3,1,9,1,28,0,6,0,0,17,34,3,1,11,0,0,0,0,131,1,23,0,0,0,1,0,8,1,0,0,15,0,1,2,11,0,0,0,0,0,0,223,1,3,0,0,4,0,0,0,0,0,0,0,0,0,3,0,0,1,0,0,0,0,17,0,1,0,5,0,1,0,0,1,0,5,1,0,44,0,1,4,0,62,5,0,0,0,6,11,0,0,0,1,9,4,3,0,4,12,3,127,1,0,7,0,0,3,0,0,0,0,0,1,0,1,0,0,1,12,0,0,1,0,0,4,0,0,0,0,0,0,0,0,1,0,13,0,0,0,2,10,0,0,0,0,0,0,0,2,0,1,0,0,1,78,0,139,1,0,0,0,0,0,3,0,0,0,0,107,0,0,0,4,0,0,0,4,0,0,1157,0,6,1,39,1,0,1,1,0,0,2,5,0,0,1,0,0,0,0,0,0,0,162,0,2,0,0,0,0,0,4,0,0,1,0,0,0,6,0,0,0,0,0,0,0,1,0,0,1,0,0,3,0,0,4,1,18,0,2,9,0,0,0,0,1,0,0,0,0,11,1,4,0,2,0,0,3,0,3,0,609,1,363,3,0,7,0,0,1,97,1,1,2,0,0,0,1,0,0,3,0,0,0,0,3,0,0,0,0,1,0,0,14,11,26,9,0,0,0,0,1,0,0,2,23,0,1,0,0,0,0,0,0,0,0,0,0,2,2,0,1,1,0,0,4,82,0,83,0,1,15,1,0,0,5,0,0,0,2,9,0,1,0,6,0
"ENSG00000277268.2",1,0,0,0,0,0,66,0,0,300,0,0,4,1,2,0,0,0,0,0,0,1,1,0,0,0,0,0,0,0,0,3,0,0,0,0,0,0,0,0,0,0,0,0,0,0,0,0,0,0,0,0,0,0,0,0,0,0,0,0,0,0,0,0,0,0,0,0,0,0,0,0,1,0,0,0,15,0,0,0,1,0,0,0,0,0,0,0,0,0,0,0,0,60,0,0,0,0,0,0,0,0,39,0,0,3,0,0,12,1,0,0,0,0,0,0,0,0,0,0,0,0,0,1,0,0,0,0,0,0,0,0,0,0,0,0,0,0,0,0,0,2,29,0,1,2,2,0,1,0,0,0,0,0,0,0,0,0,0,1,0,0,0,0,0,0,1,1,1,0,0,0,0,2,0,6,0,0,217,0,0,1,0,0,0,0,0,0,0,0,0,198,21,0,0,0,0,5,0,0,0,0,0,0,0,2,2,0,0,0,3,0,0,0,0,0,0,0,0,1,0,0,0,0,0,0,0,1,0,1,0,0,0,1,0,0,0,0,0,1,0,0,0,0,4,107,0,0,0,0,0,1,0,0,0,0,0,0,0,0,0,0,1,3,0,0,0,1,1,0,0,0,51,0,0,0,0,0,0,1,0,1,0,0,2,4,0,0,0,0,0,0,0,1,0,211,0,0,0,1,1,1,1,0,1,1,0,0,0,0,0,0,0,2,0,28,0,1,0,0,0,0,0,0,0,1,0,0,0,0,0,0,0,0,0,0,1,0,0,0,0,1,0,0,0,0,0,5,0,0,0,0,0,0,0,0,0,0,0,0,0,1,0,0,0,0,0,0,0,0,0,0,0,2,0,0,1,0,0,1,1,0,0,0,0,1,0,0,0,0,0,0,0,0,0,1,0,3,0,0,0,0,41,0,1,0,0,0,0,0,0,0,0,0,0,0,0,21,41,0,0,0,0,0
"ENSG00000277287.1",12,0,410,2,9,3,3,4,3,52,9,2,11,40,24,4,18,7,2,1,29,0,12,4,1,3,3,1,4,1,0,17,4,7,11,26,1,0,1,6,0,85,5,5,6,5,4,8,1,14,5,28,4,6,8,0,4,1,9,2,4,11,4,2,0,7,10,1,4,2,81,5,1,1,6,2,70,3,29,6,6,4,8,3,8,25,5,2,14,0,53,14,2,3,0,0,4,12,6,5,7,3,0,6,6,2,19,0,32,2,5,17,14,2,7,1,15,0,1,3,0,1,7,7,6,2,2,1,4,160,2,1,5,3,7,1,3,1,4,2,1,20,42,0,7,43,4,26,8,23,2,4,4,13,2,0,0,11,4,6,11,6,0,6,15,11,13,55,8,1,4,6,2,15,8,3,9,3,108,0,4,151,2,9,2,2,5,18,5,1,2,10,7,25,7,1,0,6,2,266,0,5,14,1,1,5,2,4,9,1,11,63,1,5,11,62,2,1,2,4,2,12,1,3,8,1,16,4,3,4,71,5,21,11,9,5,1,2,5,3,12,11,3,2,26,7,3,2,9,4,4,1,5,2,5,3,0,37,2,13,2,1,23,3,0,11,14,1,4,0,7,2,5,1,3,6,3,0,3,5,7,5,1,1,2,12,2,5,3,3,14,4,3,9,16,48,11,0,4,315,5,14,32,3,0,2,1,8,24,0,8,4,2,25,17,67,7,17,1,2,18,116,0,6,10,2,3,7,3,1,5,6,1,2,3,2,10,6,4,11,0,3,2,186,2,2,3,9,5,0,2,140,3,44,2,3,4,122,10,12,3,7,2,77,8,3,11,12,5,1,3,2,84,2,14,2,2,17,8,3,3,5,4,1,5,5,8,2,1,1,5,3,2,9,2,3,7,37,8,2,2,1,5,2,8,20,9,4,6,16,6,3,8,10,0,2,0,17,2,10,1,1,410,0
"ENSG00000277288.5",4,2,21,2,2,0,0,0,1,2,0,0,0,0,0,3,1,0,0,0,0,2,0,1,0,0,0,0,0,1,1,0,1,4,1,1,0,2,1,0,0,1,1,0,13,1,0,0,1,0,1,0,8,0,0,1,4,0,0,0,0,0,0,9,1,0,3,1,1,0,4,0,0,3,0,9,0,1,0,1,3,0,2,1,0,4,0,1,1,0,1,2,0,0,0,1,3,0,0,0,0,1,0,0,1,2,0,5,2,0,0,7,0,2,5,0,0,0,1,2,0,1,1,2,0,2,4,0,2,0,1,4,0,0,0,3,2,3,0,1,0,1,1,6,2,0,0,0,1,0,6,2,0,0,0,1,0,1,0,0,0,0,19,2,0,0,0,0,0,0,0,0,0,0,1,0,2,0,2,0,2,0,1,0,0,1,3,0,1,0,2,3,0,0,0,0,3,0,9,0,0,0,0,0,2,0,1,0,0,0,2,3,0,1,3,1,1,0,2,3,0,0,0,0,6,7,0,0,0,1,0,1,2,0,0,1,4,0,0,0,0,0,0,0,0,2,0,0,2,0,0,0,2,0,3,0,2,0,1,0,1,0,0,16,2,3,0,6,1,1,0,0,2,3,4,0,0,1,0,0,0,0,0,7,1,0,3,0,0,0,2,0,1,0,0,0,0,1,0,0,0,1,5,8,3,0,0,0,0,2,0,0,0,1,4,1,1,0,3,0,0,0,4,1,1,0,2,0,1,2,0,0,3,0,0,0,0,0,3,0,1,1,0,0,0,1,0,1,7,3,1,0,2,2,0,8,1,3,1,0,1,0,1,0,0,0,0,1,1,0,0,1,0,1,0,0,3,9,0,1,0,0,1,3,5,0,1,1,0,0,0,0,3,1,1,0,0,0,6,2,0,0,2,1,0,7,0,1,0,0,3,0,0,4,1,0,5,20,1,3,0,0,0,2
"ENSG00000277351.1",7,0,3,2,2,1,0,1,1,5,2,0,0,19,1,2,2,0,1,1,20,0,13,3,1,2,9,5,1,1,4,3,2,7,7,6,5,0,1,0,2,0,1,1,1,2,2,1,0,0,2,2,1,2,0,1,1,1,4,1,1,39,0,2,0,1,3,0,0,0,4,6,2,0,8,0,19,2,2,2,7,5,0,9,2,0,4,1,16,2,12,8,3,2,1,0,2,0,1,5,0,0,4,2,1,3,2,2,4,1,11,2,7,8,4,0,6,2,3,3,2,0,0,2,5,0,2,2,2,4,0,0,1,2,3,0,5,0,4,0,0,9,6,2,0,4,2,6,5,2,0,0,4,1,2,0,1,4,1,4,4,4,1,6,1,6,4,5,1,1,0,0,4,8,5,1,1,3,2,0,0,7,2,4,1,4,8,6,3,2,0,3,1,3,1,11,0,3,0,0,1,1,5,5,0,2,0,0,15,2,0,4,1,3,8,0,3,5,4,6,2,5,2,1,1,0,1,2,3,4,0,4,7,1,3,0,0,0,1,4,6,9,3,4,16,5,1,2,6,1,1,0,1,1,0,1,0,14,1,5,3,0,2,4,0,8,4,0,3,1,5,0,0,0,1,0,4,0,2,3,2,0,2,0,0,1,1,4,4,4,4,0,1,0,8,6,3,0,5,0,3,7,8,2,0,0,1,1,0,0,1,4,2,2,4,4,1,7,5,2,4,3,0,4,1,13,2,1,3,0,1,1,5,9,3,2,6,4,0,1,0,3,3,1,0,2,1,14,1,0,0,3,2,5,0,0,1,10,1,4,1,1,1,4,10,0,0,3,3,4,0,5,0,1,0,3,1,0,0,5,2,2,0,1,1,1,8,2,0,0,2,0,0,9,4,0,1,4,2,0,1,1,5,3,2,5,3,11,0,3,5,0,2,4,7,6,0,78,8,2,1,5,3,0
"ENSG00000277526.5",0,4,0,1,1,0,0,1,1,1,1,0,0,0,0,3,0,0,0,4,1,2,0,0,0,0,0,0,0,0,0,0,0,1,0,0,1,0,0,1,0,0,1,0,5,0,0,0,4,0,2,1,3,1,0,0,1,0,1,0,0,0,0,2,0,1,0,0,0,0,2,0,0,1,0,6,0,0,0,0,0,0,0,5,0,0,0,0,1,0,0,0,1,0,0,10,6,0,0,0,0,8,0,0,0,1,2,2,31,0,0,3,0,0,0,0,0,0,0,0,0,0,1,0,0,4,0,0,0,2,1,9,0,0,0,6,0,6,0,1,3,0,1,6,1,0,0,0,0,0,3,10,0,0,0,0,0,0,1,1,0,0,0,2,1,1,1,0,0,1,0,0,0,1,1,0,0,0,0,0,2,0,0,0,1,0,0,0,0,1,0,0,1,0,0,0,5,0,0,0,0,1,1,3,10,0,3,0,0,2,3,0,0,0,0,0,0,0,1,0,3,0,0,2,0,1,0,0,0,1,0,0,0,0,0,0,7,0,0,0,0,0,0,2,1,0,0,0,1,0,2,0,1,0,5,3,10,0,0,0,0,1,1,0,2,0,1,6,0,5,0,1,4,8,2,0,3,12,1,0,0,0,0,7,0,0,9,0,0,0,5,0,1,0,0,0,0,3,2,0,1,0,1,12,0,0,1,0,1,0,1,0,1,0,0,0,0,0,0,1,0,0,8,1,0,1,5,2,0,7,1,0,1,3,1,13,0,0,0,1,8,0,1,0,0,0,0,1,0,8,10,0,2,0,0,7,0,0,0,1,0,0,0,0,2,1,0,0,0,0,1,1,0,0,0,3,0,3,0,0,1,0,0,1,3,3,0,1,0,0,2,0,0,0,0,1,0,0,3,5,0,0,1,0,1,0,0,0,3,2,0,3,1,2,0,0,0,0,1,2,2,1,0,10
"ENSG00000277559.1",0,6,5,100,114,2,26,1,53,56,0,83,3,5,12,12,11,1,181,2,100,2,114,0,1,34,0,19,13,9,1,34,0,19,3,5,3,0,120,72,26,59,65,46,7,0,0,1,3,55,0,0,3,8,10,14,132,67,1,58,2,5,1,13,5,29,4,93,245,1,112,20,1,8,1,7,208,4,90,5,21,2,27,4,47,3,1,23,69,36,2,5,14,1,5,16,28,75,16,21,0,28,103,5,1,50,1,0,208,193,1,9,7,152,16,123,118,24,2,3,6,204,6,0,21,4,0,59,1,354,94,2,0,16,0,3,3,4,0,0,0,315,36,8,1,0,3,0,3,1,4,7,2,61,10,9,9,13,83,162,55,12,84,2,62,7,6,129,45,1,256,3,7,151,2,1,3,0,128,29,4,13,275,1,100,6,289,13,519,51,2,3,1,1,0,2,3,1,1,12,1,143,1,54,10,0,1,167,1,72,4,0,0,49,5,11,80,1,3,491,0,129,6,1,7,8,74,21,1,19,164,5,6,2,29,98,6,3,99,63,15,2,64,3,39,204,0,37,30,29,60,1,2,0,6,57,0,104,9,219,20,140,10,161,7,1,2,9,391,0,1,0,0,3,4,3,0,0,172,34,1,38,7,12,3,5,1,11,92,2,7,2,17,7,36,0,112,23,24,142,2,1,7,25,0,3,2,28,0,15,22,16,1,158,2,110,88,73,44,133,103,3,3,2,105,4,0,348,50,0,1,5,10,70,43,8,24,0,5,4,13,171,55,60,0,7,145,64,5,1,0,14,114,360,5,5,216,191,47,0,129,37,58,8,116,87,82,1,68,78,164,4,22,34,126,9,2,5,7,3,258,6,25,2,0,1,18,4,16,1,3,73,2,3,2,2,262,218,3,1,0,1,159,1,7,56,0,0,3,3,0,49,3,0,67,2,6,52,65,3,6,22,173,5
"ENSG00000277639.2",105,75,31,15,3,6,0,5,4,138,6,4,7,32,59,195,4,10,24,1,13,64,25,13,27,16,3,41,7,66,1,7,33,22,28,11,22,1,8,26,8,25,4,15,124,3,12,7,170,15,7,28,142,5,3,11,21,3,7,0,6,101,4,54,2,4,8,5,31,19,17,10,11,58,6,31,33,6,4,15,15,23,6,81,25,2,13,4,12,7,30,53,1,1,7,13,1,83,2,44,43,5,14,5,12,5,8,91,17,3,8,40,26,36,1,7,15,2,14,2,19,25,17,23,38,43,31,37,4,20,13,45,6,7,16,64,14,22,4,8,34,6,56,45,30,25,4,8,10,35,29,126,4,14,9,13,9,43,34,22,5,1,12,30,2,34,15,5,39,22,11,5,14,4,4,6,5,12,1028,13,18,11,6,18,13,19,47,9,5,14,4,8,13,106,58,4,35,17,14,211,2,16,18,26,167,65,5,33,32,15,111,23,13,14,31,32,8,2,12,70,70,45,0,4,74,103,2,32,3,12,8,24,19,53,1,29,130,5,27,14,7,20,11,5,11,8,1,1,23,43,8,1,19,3,28,8,131,4,6,47,26,25,12,0,30,30,4,87,44,55,11,27,43,50,6,0,4,47,4,21,45,2,36,90,9,20,78,3,0,12,245,26,2,7,8,24,8,6,30,228,15,5,6,29,6,19,3,28,10,5,24,6,3,52,11,64,3,4,23,29,6,21,25,3,57,15,101,11,7,105,3,8,36,7,10,282,8,7,34,1,54,23,30,5,9,28,14,2,1,65,42,37,10,5,5,56,4,106,2,5,30,10,14,3,1,28,25,7,6,23,2,12,0,0,14,7,50,403,23,91,32,37,17,15,50,54,9,25,29,8,5,6,35,10,7,19,29,26,331,46,6,3,4,7,15,21,11,3,4,10,47,9,9,13,33,6,11,84,5,38,60,19,11,97
"ENSG00000277693.2",0,0,0,0,0,0,1,0,0,0,0,0,1,7,58,0,0,4,0,0,0,0,0,0,16,0,0,8,0,3,0,0,2,0,0,0,2,0,0,0,0,5,9,1,0,0,0,1,0,0,0,29,0,0,2,0,0,0,0,0,0,25,0,0,0,0,0,0,1,0,97,0,2,0,0,0,0,0,0,2,15,30,0,0,1,0,0,4,0,0,0,9,20,0,0,0,0,6,1,2,0,0,0,0,0,0,0,0,78,0,0,0,0,0,0,0,0,0,32,42,0,0,0,0,0,0,0,1,1,32,0,0,24,0,0,1,0,0,3,0,0,2,11,0,0,1,0,0,1,1,0,0,0,30,2,0,0,0,6,3,3,0,0,0,0,0,13,1,9,49,0,0,0,149,0,0,0,5,0,8,0,0,0,0,1,0,1,0,17,24,0,0,0,0,1,0,0,0,0,0,0,0,0,49,0,2,0,0,1,0,1,0,7,6,8,1,0,0,0,5,0,0,0,0,1,0,0,0,0,0,0,1,0,0,0,0,0,0,0,0,0,0,0,0,0,1,2,0,0,0,0,0,0,0,0,0,0,0,1,17,21,14,1,3,0,0,0,0,26,0,2,0,23,0,0,0,2,0,0,0,97,4,1,0,0,0,0,0,0,0,0,0,0,0,0,15,42,0,0,0,0,0,2,0,0,0,0,0,0,11,1,0,1,0,4,1,20,0,0,0,0,0,0,0,7,0,0,0,0,0,36,1,0,0,0,0,0,0,0,0,0,0,2,0,14,18,0,0,2,0,0,24,0,3,0,0,0,0,0,0,65,1,0,0,0,0,0,2,0,0,0,0,1,0,55,0,57,0,1,51,0,28,0,0,0,5,0,6,0,0,0,0,0,0,0,0,9,4,0,0,0,0,0,0,1,0,10,1,0,0,0,0,0,0,2,0,15,0,0,0,0,0,0,0
"ENSG00000277702.1",0,0,0,0,3,3,26,0,0,2,0,0,0,26,0,0,1,0,1,6,8,0,19,0,0,1,0,0,8,0,7,0,9,0,4,2,1,0,0,0,0,3,0,0,0,0,1,0,0,0,0,2,1,1,0,1,1,0,2,1,1,3,0,0,0,0,0,4,2,0,91,0,0,0,2,0,1,2,3,3,5,0,1,1,0,1,0,10,4,0,24,0,22,64,0,0,0,2,1,0,0,0,0,2,1,0,0,0,49,12,17,2,0,0,17,0,0,1,104,18,1,1,0,0,0,0,0,0,0,2,0,0,3,1,2,5,0,0,2,0,0,0,8,0,1,3,0,0,23,0,0,0,0,0,0,0,0,2,8,0,2,11,1,0,2,1,28,60,4,0,0,0,0,2,1,0,1,1,0,1,0,20,0,0,0,0,0,0,0,0,0,11,1,0,0,0,0,3,0,0,0,1,14,2,0,0,0,0,0,0,0,0,19,9,2,0,0,0,5,0,0,0,0,0,0,0,1,1,4,0,0,0,2,3,0,2,0,0,0,0,8,0,0,1,1,24,0,2,0,1,1,0,0,0,0,0,0,12,4,0,0,0,4,69,0,0,1,0,0,0,0,0,38,0,0,1,107,0,2,11,0,20,0,0,0,4,0,0,0,6,0,0,0,2,0,21,1,1,0,2,0,2,4,0,31,0,0,0,0,0,1,1,0,4,2,2,4,6,3,0,0,1,0,0,0,0,2,1,0,0,5,0,0,0,6,0,1,0,1,0,1,0,0,0,8,0,1,38,12,0,0,2,0,2,0,0,0,1,0,7,3,4,2,34,1,0,4,37,0,3,0,0,2,0,1,0,1,0,0,0,0,1,0,13,0,0,0,4,0,0,1,0,0,0,1,0,0,8,0,0,0,0,5,0,0,0,0,34,0,3,0,0,0,1,0,0,3,39,0,0,0,0,16,0
"ENSG00000277738.1",0,0,0,0,0,0,0,0,0,0,0,0,53,2,0,0,0,2,0,0,0,0,1,0,4,0,0,4,0,0,0,0,1,0,2,0,2,0,0,0,0,1,1,0,0,0,0,6,0,0,1,5,1,43,0,0,0,0,110,0,0,51,0,5,0,1,0,0,0,0,32,0,5,0,0,0,0,0,11,2,19,22,35,0,3,0,0,0,0,0,0,2,0,0,0,0,0,0,0,3,0,0,0,0,1,1,0,1,39,0,1,0,0,0,0,1,0,0,0,3,0,11,0,0,0,0,0,0,0,331,1,0,51,0,0,0,0,0,0,33,0,0,69,1,0,0,0,2,0,0,0,0,0,2,1,0,0,0,1,22,2,0,2,1,0,3,1,1,0,160,0,1,1,0,0,0,0,62,0,0,0,0,1,0,0,0,0,0,1,4,1,0,0,6,3,1,0,0,0,0,0,0,0,0,0,2,0,0,0,0,0,0,0,1,17,0,0,0,2,50,0,2,0,0,0,0,0,0,1,0,0,0,0,1,5,0,0,0,0,1,0,0,0,0,0,1,12,1,0,0,0,0,0,2,0,0,0,0,0,3,4,1,0,2,0,2,0,0,1,0,0,0,496,0,0,5,0,0,0,1,0,0,1,0,0,2,0,0,0,1,1,0,0,0,0,0,0,0,0,0,0,0,137,0,5,0,0,2,0,116,0,0,0,0,0,0,41,0,0,0,0,0,0,1,0,0,1,1,2,3,3,0,0,0,0,0,0,0,0,0,0,0,0,0,10,0,0,1,26,0,0,4,0,5,0,0,0,0,31,0,0,0,1,0,0,0,1,0,0,0,0,1,12,0,1,0,25,0,0,0,0,6,0,0,0,0,0,0,0,0,0,0,0,0,0,1,22,0,1,0,0,0,12,0,0,265,0,0,0,0,0,0,0,1,4,0,15,0,0,0,0,0,0,0
"ENSG00000277831.1",1,0,4,0,0,3,0,0,0,0,4,1,17,3,0,1,1,0,53,0,1,0,1,0,0,0,4,0,0,1,8,2,0,1,2,0,1,1,0,0,0,1,0,0,1,1,0,1,0,0,0,2,0,0,0,5,7,3,0,0,38,4,0,0,0,0,1,0,1,2,0,0,0,0,0,2,18,1,3,0,2,0,4,0,1,0,1,0,0,0,2,3,0,0,1,0,29,2,1,0,0,0,0,0,1,1,1,0,19,7,1,0,1,0,0,0,2,1,0,54,0,0,0,0,0,0,0,0,0,8,0,0,1,0,0,0,11,0,2,0,2,1,0,0,0,0,3,1,4,0,0,1,0,0,0,0,0,3,5,1,2,0,2,1,0,0,0,1,0,1,0,0,0,7,0,0,0,0,8,0,0,0,3,2,0,1,0,1,0,0,0,1,1,4,0,1,1,0,0,2,0,1,6,13,0,0,0,0,2,0,0,9,0,1,2,1,0,0,1,0,0,0,0,0,0,0,0,0,0,0,0,0,2,2,0,4,0,0,0,0,0,3,4,0,4,4,4,3,2,5,0,1,0,0,0,1,0,0,0,0,0,0,0,0,0,2,2,0,0,1,1,1,0,0,0,5,0,0,7,1,0,0,0,0,1,4,0,0,3,0,1,0,2,0,3,6,0,0,0,3,0,0,2,0,2,1,0,1,3,1,7,6,0,1,2,1,2,4,1,0,0,0,0,1,1,6,0,1,3,0,1,1,3,0,1,0,0,0,5,0,0,0,0,2,1,0,0,0,2,0,0,0,1,8,0,0,3,0,2,6,0,0,0,2,6,0,0,1,2,0,0,0,0,0,2,2,4,0,0,0,0,0,2,0,0,0,2,0,0,0,0,0,0,2,0,0,0,10,1,0,0,0,0,0,1,2,1,1,0,1,1,0,0,1,0,0,0,2,0,0,0,0,0,0
"ENSG00000277840.1",40,0,6,5,2,1,1,0,2,39,13,0,0,10,33,1,2,1,0,15,1,1,9,2,4,2,0,1,8,35,42,78,1,1,1,10,1,0,2,5,0,43,8,0,1,0,4,3,0,1,0,7,3,1,0,1,1,2,1,1,0,0,2,2,1,5,1,4,6,1,56,2,1,0,3,1,7,7,8,2,2,1,37,7,2,4,2,2,63,1,10,7,2,15,2,1,0,2,8,3,4,2,22,1,4,13,1,0,7,5,5,4,14,1,2,1,35,3,3,4,0,1,2,9,1,0,0,0,5,16,2,0,11,1,3,3,0,0,2,0,0,31,76,3,9,4,3,10,8,22,4,1,1,1,2,2,1,10,1,2,0,1,0,2,25,1,6,11,2,0,1,0,4,4,4,0,2,45,92,0,1,4,0,3,0,2,0,0,2,1,3,0,1,4,0,3,2,6,6,9,0,3,5,4,0,2,2,1,1,3,1,1,2,1,7,8,0,3,4,4,0,3,3,1,5,0,3,1,0,2,25,2,1,1,0,0,0,6,1,4,4,4,1,2,17,1,0,3,1,2,1,5,1,5,1,2,2,0,4,8,1,2,13,9,1,2,17,0,1,5,5,2,3,0,7,5,50,0,0,1,1,5,0,0,5,13,0,1,4,2,5,1,15,1,0,19,11,5,1,24,3,3,5,1,3,2,0,1,6,1,1,8,1,3,2,8,0,3,65,4,17,95,1,6,2,1,1,3,1,0,2,1,7,0,0,3,1,5,0,41,0,2,1,18,2,0,0,18,0,1,0,16,3,3,0,1,47,57,17,8,2,1,4,69,37,0,0,8,0,1,0,2,3,0,1,2,3,9,2,1,0,1,0,1,3,3,6,0,0,1,4,1,0,11,5,5,0,30,12,0,0,0,14,1,4,0,8,8,1,28,2,1,0,2,3,0,0,2,2,4,0,1,20,0
"ENSG00000277893.2",196,1136,1,156,85,78,8,671,92,166,38,812,201,49,182,2354,34,1782,102,779,186,2108,177,650,2142,10555,734,2166,285,23,31,12,369,7257,1178,143,303,34,540,531,597,12,115,2184,2922,17,105,222,5056,2559,1908,47,824,565,721,640,2042,137,506,38,553,541,3722,874,1058,111,7397,4232,217,11018,140,614,205,2001,1914,3422,89,41,95,1610,1139,427,32,140,933,73,287,1215,34,181,102,2730,7,46,1027,1645,4314,4886,25,35,1716,4050,5,1247,53,10,943,3161,40,62,186,3608,702,3651,19,526,178,211,40,5649,4053,292,5848,2358,641,2516,655,109,136,229,216,1396,305,149,32,7685,2026,3100,1017,608,2066,31,648,4320,40,76,38,11,6,3,3614,3308,1404,2432,543,2284,251,1522,2895,866,573,46,201,108,7,598,49,310,7587,5,370,458,2495,138,75,78,131,212,469,485,2457,92,690,333,906,141,3365,1509,125,440,158,5,78,1828,321,45,2562,817,37,389,181,5060,18,1546,3697,1591,5346,56,561,1188,470,106,47,100,506,13,3181,306,547,4886,2040,292,3,179,4323,5185,2180,50,169,3154,2,4034,44,3585,340,1180,3659,266,258,1208,98,242,2787,98,20,44,1157,147,1282,3231,323,59,1287,17,6273,137,6435,5,2347,50,1636,2279,27,5,2846,99,47,3871,1462,1787,159,522,15,1949,459,30,7,3893,654,190,3455,868,2702,919,2619,104,3707,47,3,52,1061,236,28,277,521,20,16,1232,41670,2,791,51,4,1119,15,83,49,201,135,109,617,12,664,44,937,725,614,11,124,386,25,1040,4584,26,369,61,1013,3386,275,3707,3492,56,559,178,988,4712,661,10,741,9,5725,2460,286,149,2579,1992,711,17,17,2331,1808,36,4127,58,1163,3687,15,42,33,284,4489,558,857,60,199,1731,517,30,1962,198,274,339,9,1206,1932,5606,2525,1905,6426,1893,1579,6969,1480,99,1018,322,51,897,222,159,7,276,531,190,117,288,773,1,1220,1875,931,65,213,1015,47,1,74,43,1022,23,6318,314,913,1619,143,44,402,2,65,2674,4211,2873,100,2173
"ENSG00000278000.1",22,0,14,22,28,32,4,6,12,42,66,31,17,31,51,9,61,19,31,33,7,1,23,4,22,8,36,34,2,44,64,60,12,40,9,24,7,10,15,20,3,42,74,15,15,2,13,10,2,12,16,10,6,22,28,68,3,68,68,4,26,55,13,7,5,106,25,12,52,26,93,19,7,7,19,9,55,54,47,22,38,88,417,16,25,162,12,5,47,4,91,21,6,0,2,5,32,14,22,3,17,16,16,6,20,63,22,2,62,61,12,4,20,11,31,8,45,30,32,36,10,94,12,34,29,6,0,81,18,38,43,3,198,4,37,4,24,3,29,10,3,47,32,8,17,13,27,89,16,14,6,21,16,13,13,26,21,23,31,23,37,16,21,18,49,9,27,50,24,6,30,9,9,142,5,5,10,23,60,6,3,87,33,27,18,12,15,16,12,16,32,16,23,44,10,43,13,24,9,41,0,39,15,12,9,22,28,8,25,7,26,23,29,23,31,16,148,3,14,23,8,32,16,23,14,2,31,107,6,15,73,47,6,17,19,36,8,11,9,10,2,8,19,36,249,51,12,5,10,31,5,17,3,30,2,24,6,3,25,49,31,10,31,82,8,4,22,9,24,1,6,7,55,0,16,39,4,0,4,7,41,32,18,3,18,32,2,9,9,24,2,4,29,104,16,28,22,4,21,46,13,44,81,3,18,15,5,30,5,19,78,71,36,24,48,81,0,20,29,10,31,46,8,193,44,41,2,10,16,1,19,38,11,63,40,5,16,13,41,33,3,11,55,108,8,6,3,60,35,1,7,72,8,49,18,4,39,90,45,57,5,0,43,160,35,56,16,43,4,21,32,32,24,6,56,33,30,11,16,53,2,41,41,18,10,45,39,11,17,15,47,9,0,62,104,19,32,12,19,3,22,52,43,11,17,13,16,21,9,6,22,7,33,10,28,12,23,56,79,9,12,28,24,5
"ENSG00000278023.7",1,0,14,7,32,22,21,5,5,34,6,61,64,268,97,4,4,69,104,3,5,1,2,10,14,27,31,103,5,74,71,48,52,49,17,13,40,16,12,10,16,13,51,2,4,54,5,51,3,10,32,36,17,140,26,52,4,136,272,24,12,117,31,90,3,26,15,10,67,91,51,12,12,1,58,1,63,18,24,57,70,71,9,29,28,20,15,14,6,12,38,8,18,58,13,0,4,3,41,8,37,0,107,7,7,10,119,3,124,2,39,9,5,68,0,5,56,13,114,252,9,58,6,119,32,1,0,49,15,91,15,2,57,12,37,3,36,0,101,5,3,50,36,5,16,137,32,15,16,44,0,2,13,70,12,58,4,25,225,19,39,51,56,10,52,47,59,153,172,408,20,22,32,88,27,10,45,63,27,56,1,7,20,98,16,40,28,0,26,155,3,34,16,162,35,96,15,85,0,55,43,84,44,284,1,138,1,37,83,14,3,76,125,39,11,25,3,14,10,15,1,34,16,2,1,0,12,122,1,31,25,55,37,56,6,111,4,14,10,49,1,9,7,1,33,111,30,18,11,53,5,1,8,97,1,25,8,11,14,106,123,83,200,66,0,34,23,0,151,3,40,3,150,1,31,72,396,1,7,53,101,142,19,5,5,43,0,8,15,26,8,18,15,19,23,116,307,11,18,2,160,5,153,3,85,9,1,15,41,68,23,53,196,35,13,16,77,38,2,19,24,23,3,102,33,66,3,9,44,3,56,45,18,13,70,1,56,44,7,0,1,6,9,58,152,154,6,11,58,0,6,92,6,125,10,0,32,39,38,7,118,5,27,59,72,5,65,22,11,28,26,60,0,49,121,16,70,1,3,65,32,62,104,5,15,58,63,53,100,88,40,20,1,58,16,30,120,150,20,5,9,39,11,6,21,10,53,24,82,1,17,63,13,2,54,16,51,28,87,8,0,4,171,3
"ENSG00000278041.1",0,0,0,0,0,0,1,1,1,5,0,0,0,1,4,0,6,2,1,0,0,0,2,0,1,1,1,0,0,1,1,0,1,0,0,4,0,0,0,0,0,0,3,0,0,1,0,0,1,0,0,0,0,0,1,6,0,0,0,0,1,0,0,0,0,2,0,0,1,0,6,1,0,0,0,0,0,1,25,0,8,0,9,3,2,1,0,1,0,0,0,3,0,0,0,0,0,1,14,0,0,0,23,0,0,0,0,0,43,14,0,1,0,0,0,1,1,0,3,4,0,1,0,1,1,0,0,0,0,0,0,0,1,0,1,0,0,0,0,0,0,3,1,0,0,7,0,1,11,0,0,1,0,0,0,0,1,0,1,1,4,1,0,0,3,0,13,3,0,2,2,0,0,2,0,0,0,0,0,0,0,1,5,2,0,0,0,0,1,0,2,7,1,1,0,1,0,10,2,1,0,0,0,3,0,13,0,0,2,0,0,0,3,21,0,0,1,0,1,94,0,0,1,1,0,0,1,1,0,3,1,0,4,0,2,2,0,0,0,0,0,1,0,0,0,4,5,1,0,1,0,3,0,0,0,0,0,1,2,12,1,0,1,0,0,0,1,0,1,0,0,0,4,0,0,3,6,0,0,15,1,4,5,0,2,0,0,0,6,2,0,0,0,5,0,7,0,0,2,0,0,0,124,0,3,0,0,0,1,0,1,0,0,80,6,0,2,3,2,3,1,1,0,10,0,1,0,0,0,0,1,0,1,0,0,0,0,4,0,0,0,0,4,3,0,2,0,6,0,0,0,0,1,1,2,0,1,0,0,0,2,1,1,5,0,4,1,4,2,0,30,0,0,1,0,5,0,0,1,3,0,0,8,0,0,0,1,0,35,0,1,0,0,0,0,15,6,5,1,0,1,0,12,0,0,8,2,0,0,0,0,0,0,0,0,1,0,30,0,0,0,0,5,0
"ENSG00000278192.1",44,4,1,3,22,5,2,0,0,0,56,130,49,8,13,2,0,1,28,4,0,0,1,3,12,19,5,0,5,2,0,8,4,0,6,9,7,6,81,100,5,1,1,28,5,0,0,4,2,0,12,0,1,19,12,0,8,5,0,0,29,1,0,1,0,0,0,35,18,0,20,5,0,0,1,0,11,1,36,1,11,1,24,11,12,1,0,24,3,1,7,19,11,0,16,0,39,0,9,4,0,2,23,7,0,2,15,3,21,0,24,1,3,2,0,3,3,0,23,45,7,1,2,16,2,0,0,0,1,6,0,0,19,4,1,1,2,1,1,0,2,12,14,3,3,3,3,16,1,0,1,1,8,5,0,6,0,3,18,2,8,0,11,5,42,1,20,0,0,24,7,0,48,0,3,3,3,3,102,9,0,0,45,1,31,1,1,2,1,2,0,12,1,3,1,3,2,5,12,1,0,4,6,1,2,5,1,5,0,0,0,5,4,0,1,4,9,27,3,35,0,0,0,0,4,0,37,72,3,68,5,0,9,53,6,28,3,34,0,0,3,1,16,1,21,37,6,2,2,2,0,0,0,8,1,0,2,2,119,21,0,0,20,0,0,18,4,2,0,3,7,1,7,2,3,2,2,1,5,4,0,76,0,0,1,0,0,0,0,17,1,0,34,34,111,3,1,2,0,33,4,0,39,2,3,4,0,0,16,9,30,0,8,4,12,0,27,8,3,5,0,20,1,12,4,1,4,134,24,2,26,0,2,0,46,0,2,19,65,0,1,105,0,43,3,0,0,0,2,0,3,5,0,1,6,1,11,7,30,16,7,0,31,43,218,0,0,0,3,0,1,33,5,18,0,0,1,0,0,1,2,0,6,0,3,5,13,4,15,4,0,5,0,31,1,35,11,16,4,1,5,0,2,21,10,6,2,0,0,0,5,0,0,0,0,9,0,70,0,3,1,0,1,0
"ENSG00000278195.2",2,0,5,1,34,1,15,2,0,410,3,4,30,69,40,10,2,0,0,10,1,0,3,1,1,3,0,1,21,5,33,14,6,0,0,25,9,1,0,2,10,23,16,0,4,1,1,1,2,0,4,16,3,16,0,0,0,21,0,0,0,0,0,0,0,1,3,0,1,10,2,4,0,0,0,3,1,1,159,27,2,3,0,0,0,5,0,0,6,3,19,1,11,21,1,0,0,0,376,6,2,0,6,0,0,36,0,11,242,291,2,7,10,0,139,0,13,1,2,2,0,0,0,4,12,2,0,2,0,11,2,1,9,0,3,0,0,0,23,0,0,22,7,8,19,725,22,0,21,1,0,4,0,2,0,0,1,3,4,1,7,4,0,1,99,4,14,20,0,1,0,1,0,2,1,4,1,1,4,4,0,1,2,2,0,2,0,0,0,0,2,27,11,0,0,0,3,2,0,2,1,1,5,3,0,1,0,0,9,0,2,16,0,0,10,18,2,2,4,5,0,1,2,1,1,1,0,13,6,1,97,1,14,8,0,11,0,1,2,1,6,2,0,1,20,0,0,0,0,0,3,0,0,200,1,2,3,7,3,3,0,4,3,426,1,3,13,1,1,0,5,9,22,3,1,113,86,0,0,10,0,9,0,0,0,14,0,3,27,9,2,3,12,1,5,71,7,0,0,2,0,15,4,0,0,2,0,1,3,4,1,274,0,6,1,8,17,557,8,2,4,4,0,7,4,2,2,0,4,0,1,13,3,1,0,1,0,6,11,1,1,2,0,151,3,0,0,65,14,0,2,25,8,70,0,0,15,229,29,6,0,1,1,6,4,1,4,452,0,0,0,0,2,9,5,0,0,1,2,0,0,0,0,0,7,0,27,18,1,0,8,0,1,7,1,2,1,104,3,0,0,2,9,0,8,5,1,15,1,4,13,5,0,0,0,0,2,18,13,2,0,0,0,3
"ENSG00000278224.7",7,0,1,0,1,0,1,2,1,4,7,4,6,4,7,0,5,5,4,0,1,2,0,0,5,3,3,0,0,6,5,1,5,4,2,2,1,0,7,6,0,0,7,0,0,0,2,2,0,0,1,0,2,3,2,9,0,2,8,0,0,4,1,1,0,1,3,1,6,2,8,7,0,0,1,1,6,1,5,1,3,9,1,1,1,2,3,1,3,1,1,8,1,0,2,0,1,1,5,1,1,1,4,3,1,1,3,0,4,2,0,2,0,2,1,3,2,0,1,3,0,6,0,2,3,0,0,6,2,3,3,2,6,2,1,0,4,0,2,1,0,8,0,1,2,8,16,16,1,2,1,0,7,2,0,1,1,3,4,3,6,2,3,3,0,1,3,6,1,1,1,1,1,16,1,0,4,8,8,2,0,1,3,5,2,2,8,0,1,1,0,1,2,2,1,3,1,2,4,1,2,6,5,3,0,16,0,8,5,4,2,4,0,2,4,0,1,2,2,1,0,1,0,1,1,1,4,3,0,2,6,2,1,1,3,1,0,4,0,1,1,2,2,1,8,4,2,1,5,4,1,6,0,1,0,0,0,3,1,5,8,1,3,7,0,3,4,0,6,0,0,1,1,0,3,1,2,2,3,0,4,0,1,0,7,5,0,0,3,0,1,1,1,18,0,3,3,6,3,15,6,3,4,2,3,5,1,3,2,0,4,9,8,3,0,7,4,3,2,1,2,9,0,4,1,7,0,2,4,0,0,1,1,1,1,0,7,1,2,0,0,1,0,5,1,0,0,3,0,0,1,5,1,1,0,0,11,4,2,5,2,0,3,18,12,7,0,3,2,3,3,3,0,3,4,2,2,0,0,3,0,0,4,0,0,4,1,3,1,0,8,0,0,7,1,1,9,2,1,1,9,2,2,4,7,1,0,1,0,1,1,0,5,2,0,1,1,4,7,0,0,0,2,0
"ENSG00000278292.1",0,0,0,0,0,0,0,0,0,1,0,0,0,0,0,3,0,0,0,0,0,4,0,0,0,0,0,0,0,0,0,0,0,0,0,0,0,0,0,0,0,1,0,0,2,0,0,0,4,0,0,3,0,0,0,0,0,0,0,1,0,0,0,1,3,0,0,0,0,0,0,1,0,1,0,1,0,0,0,0,0,0,0,0,0,0,0,0,0,0,0,1,0,0,2,1,1,0,0,0,1,0,0,0,0,0,0,14,0,1,0,6,0,0,0,0,0,0,0,0,0,0,0,0,0,2,1,0,0,0,1,4,0,0,0,7,0,3,0,0,1,0,0,1,1,0,0,0,0,0,1,6,1,0,0,0,0,0,0,0,0,0,0,0,0,0,0,0,0,0,0,0,0,0,0,0,0,0,0,0,6,2,1,0,0,0,0,0,0,0,0,1,0,0,0,0,1,0,0,0,0,0,0,2,2,0,0,0,0,0,0,1,0,0,1,0,3,0,0,0,0,0,0,0,0,0,0,0,0,0,0,0,0,0,0,0,3,0,0,0,0,0,0,0,4,0,0,0,0,0,1,0,1,0,0,0,1,0,0,0,0,1,0,0,20,0,0,6,0,4,0,2,0,16,0,0,0,2,0,0,1,0,0,1,0,0,1,0,0,0,2,2,0,0,0,0,1,0,0,0,0,0,2,3,0,0,0,0,0,0,0,0,0,1,0,0,0,0,0,0,0,0,2,0,0,0,3,0,0,0,0,0,2,0,0,6,0,0,0,0,2,0,0,0,0,0,0,0,0,1,8,0,3,0,0,1,0,0,0,0,0,0,0,0,0,0,0,0,0,0,0,0,0,0,1,1,0,6,0,0,0,0,0,0,1,0,0,0,0,0,0,0,0,0,0,0,1,3,2,2,0,0,0,0,0,0,0,0,0,0,0,0,0,0,0,0,0,0,0,1,3,1,0,5
"ENSG00000278464.2",0,0,0,19,0,7,73,1,185,1,3,6,4,3,24,12,0,1,8,0,2,8,0,2,33,8,0,3,2,16,0,0,198,43,12,28,30,41,13,15,28,0,1,5,23,7,119,3,0,0,4,13,9,25,1,1,6,85,0,0,1,15,1,28,0,0,6,1,77,0,19,78,6,6,1,4,9,14,30,124,39,12,37,22,9,0,184,39,21,29,105,18,17,92,0,2,57,0,406,2,26,16,0,5,35,19,36,9,28,1,35,8,15,7,5,33,0,2,104,64,4,23,5,44,219,5,9,0,0,1,86,12,18,41,14,1,2,0,111,4,8,0,85,4,0,4,24,3,39,26,3,10,9,5,45,7,60,155,5,16,2,34,151,15,0,4,452,2,5,76,0,43,50,0,22,10,44,66,5,20,0,10,36,8,2,24,0,0,27,12,2,0,0,179,5,0,2,179,10,0,0,3,4,4,0,82,0,0,4,1,4,19,83,66,27,0,3,8,18,295,3,63,1,38,7,1,1,1,13,60,37,32,31,16,0,112,4,1,94,124,1,132,3,5,12,3,148,49,48,0,10,1,11,5,0,4,0,0,4,0,39,8,4,18,3,36,1,5,2,4,48,9,336,5,31,0,40,0,0,14,18,52,7,5,1,75,1,0,6,4,5,12,0,31,1,1042,3,2,190,1,4,0,6,0,15,32,12,33,42,29,0,1,24,4,31,0,92,0,25,43,0,1,1,0,105,1,16,0,43,7,15,2,89,7,70,4,79,4,0,17,0,25,32,0,11,2,7,1,8,0,16,132,1,186,3,14,0,1,55,20,90,61,93,7,0,60,29,284,1,7,4,43,14,6,9,0,65,13,3,7,102,12,38,10,37,134,0,39,53,0,138,0,0,4,0,0,157,70,8,3,44,1,1,15,10,0,105,166,2,14,19,9,68,70,4,0,3,0,10,9,0,25,1,16
"ENSG00000278594.1",19,0,0,0,6,2,4,0,0,8,3,12,1,65,2,2,0,6,0,0,7,0,12,1,2,0,2,10,0,10,7,3,5,0,1,1,10,0,5,14,0,1,2,5,1,0,0,21,0,1,0,8,0,3,0,0,1,0,0,3,0,2,0,0,1,2,0,0,0,0,8,3,6,0,0,0,0,1,1,9,44,5,8,0,12,0,3,0,1,0,20,13,11,0,1,1,2,37,11,1,0,0,0,0,0,1,0,0,90,1,3,1,1,0,0,2,0,6,11,20,0,1,0,4,15,0,0,3,1,1,2,0,9,0,3,0,0,0,20,0,0,2,27,0,7,7,10,0,0,1,0,0,0,33,2,0,1,0,40,4,3,2,2,0,0,7,4,2,0,9,4,2,0,7,0,0,3,7,2,10,0,1,0,0,3,3,1,1,2,1,0,35,1,4,6,9,1,1,0,1,2,3,1,27,0,7,0,0,5,8,4,8,16,4,2,14,1,0,9,7,0,0,0,1,2,0,12,6,0,0,1,0,0,0,0,11,0,0,4,10,0,26,0,0,3,21,5,0,3,0,1,1,0,1,0,0,0,2,6,5,9,20,3,58,0,0,0,0,0,0,0,0,4,0,0,1,2,0,0,2,9,5,6,0,2,2,0,1,0,3,4,1,0,3,0,8,34,1,1,3,0,1,18,0,3,0,0,0,11,2,9,0,0,1,22,2,10,1,0,6,0,0,0,13,10,1,0,2,5,0,1,0,0,0,22,2,1,5,1,0,0,1,0,1,4,13,1,0,3,0,0,4,0,1,1,0,0,1,37,0,17,0,0,9,5,0,0,7,3,5,0,9,0,10,16,1,7,0,0,5,0,0,4,4,1,3,0,4,1,1,8,0,0,0,0,6,3,11,5,0,2,4,1,0,0,7,4,5,3,0,0,2,0,0,15,0,3,4,0,2,1,2,1,0
"ENSG00000278630.1",0,0,0,0,0,0,3,0,0,0,0,0,0,99,26,0,0,1,0,0,0,0,2,17,13,23,0,49,0,65,0,0,8,1,0,0,17,0,13,21,0,12,61,3,2,0,0,14,0,0,0,66,0,9,0,0,0,0,20,0,0,59,0,7,1,0,6,25,0,0,26,0,14,0,0,0,9,0,12,21,25,5,0,0,14,0,0,17,0,0,0,49,24,0,0,0,0,16,0,22,0,0,0,0,0,0,0,0,123,14,0,1,0,2,0,41,0,10,0,66,0,22,0,0,2,0,0,44,0,58,8,0,46,0,0,0,1,0,15,11,0,0,37,0,0,34,27,0,0,0,0,0,1,55,3,0,2,0,25,36,3,0,0,0,0,17,15,0,0,28,11,8,1,135,0,1,11,22,0,51,0,0,11,0,6,0,0,0,0,26,0,0,0,9,9,0,0,0,0,0,0,0,0,98,0,50,0,0,8,12,0,0,0,60,33,2,0,0,16,117,0,0,0,0,0,0,2,17,0,0,0,17,0,0,0,11,0,0,2,21,0,1,0,0,0,0,20,0,0,0,0,1,0,33,0,0,0,0,47,47,51,30,1,21,0,0,0,0,39,0,18,0,8,0,0,0,25,0,0,6,48,32,9,0,0,0,0,0,0,0,1,0,0,18,0,72,26,0,0,0,0,0,36,0,0,0,0,1,12,11,31,0,1,0,0,0,64,0,0,12,0,1,0,0,0,0,0,0,6,0,59,0,10,0,0,0,0,0,0,0,0,11,4,0,39,14,21,0,14,0,0,0,0,88,0,0,1,0,0,0,0,0,7,0,0,0,0,0,0,2,0,23,0,2,59,1,136,0,0,21,11,35,29,0,0,8,0,36,1,0,0,0,0,0,0,25,17,45,1,0,27,5,0,1,0,0,12,0,1,0,4,3,0,0,0,0,16,0,0,0,0,1,0,0
"ENSG00000278635.1",0,0,0,4,2,5,1,3,1,2,5,6,8,6,9,0,4,1,3,4,0,0,3,5,27,3,1,4,0,2,3,2,7,4,0,0,3,0,3,8,1,8,2,0,4,2,1,0,0,1,3,1,7,5,0,6,1,13,3,2,6,2,3,2,3,13,4,1,11,0,12,3,0,0,1,0,6,3,9,2,10,12,60,0,6,2,0,2,3,0,4,0,12,3,1,3,2,15,2,1,0,1,0,0,0,18,9,1,59,6,7,3,3,3,5,3,11,9,3,0,0,9,0,1,4,0,0,0,13,13,2,1,22,0,4,0,3,0,20,2,0,11,2,1,5,1,0,3,6,4,0,1,0,0,6,6,3,13,5,11,2,1,0,7,4,2,12,4,6,10,0,8,10,61,0,4,5,0,6,3,1,0,1,29,5,0,5,5,4,56,1,2,3,4,1,4,2,4,1,17,1,17,0,22,0,3,2,6,5,20,1,2,0,7,5,1,2,0,5,21,1,0,0,2,0,0,0,27,0,1,3,8,3,4,0,0,1,1,0,1,1,0,1,3,2,13,3,2,14,2,3,1,0,3,8,18,0,2,2,43,13,1,4,15,0,10,5,1,23,0,1,1,9,0,6,6,2,0,0,1,23,8,2,0,19,4,0,2,2,3,0,0,0,3,1,1,13,5,2,0,5,0,23,0,0,1,0,1,2,16,2,6,1,2,5,3,12,3,7,7,1,13,0,36,9,5,1,3,0,0,3,1,0,4,142,1,7,9,5,1,0,2,1,1,10,0,2,0,1,0,2,15,1,4,2,1,4,9,4,0,1,0,12,26,20,5,0,4,1,1,1,2,0,2,16,2,13,0,1,18,0,6,5,0,0,0,5,0,5,3,7,2,0,1,3,6,14,7,3,0,9,5,1,0,2,3,6,18,0,4,7,0,1,11,0,2,2,10,0,1,0,1,8,0
"ENSG00000278876.1",13,3,27,4,3,10,35,12,10,19,11,13,31,22,26,5,16,31,11,7,6,0,5,2,67,9,23,7,4,7,22,10,11,13,5,3,6,5,64,49,19,14,9,6,1,48,7,2,0,7,9,10,10,39,19,44,10,13,24,5,10,20,27,7,7,13,14,7,33,21,31,5,0,2,13,0,26,7,16,3,27,35,12,8,28,4,15,8,8,29,14,52,5,50,4,2,41,11,39,7,8,16,6,3,3,10,28,1,48,16,8,3,5,5,11,13,24,10,24,32,4,35,6,17,7,0,0,91,13,23,7,5,20,3,3,0,27,2,22,2,4,32,14,5,9,23,48,71,26,3,3,9,11,17,4,23,21,20,39,24,31,16,14,6,14,3,21,51,11,21,13,2,10,47,9,4,17,48,18,12,2,5,20,13,13,9,40,12,26,16,4,12,17,34,4,39,3,21,3,7,5,2,18,47,3,136,6,11,31,24,4,20,19,15,5,10,19,16,6,33,1,13,17,4,6,3,15,15,3,34,11,23,14,6,8,18,4,2,4,14,1,10,12,3,74,59,23,16,66,28,1,19,3,25,2,7,1,14,36,26,14,10,24,59,0,9,27,4,54,0,0,2,38,1,11,5,32,0,4,9,35,18,16,1,15,9,1,8,38,10,1,5,10,73,32,49,24,9,26,15,16,27,79,4,35,3,2,11,13,13,9,26,17,8,26,18,14,16,3,11,6,38,5,54,15,45,4,8,15,3,6,27,7,8,23,6,13,10,7,8,0,8,5,28,18,11,16,41,17,0,3,28,29,31,9,0,19,53,5,33,8,3,6,49,9,9,35,9,16,8,9,36,8,23,117,15,22,1,3,21,8,11,14,3,5,63,17,12,14,4,45,5,0,27,12,4,12,32,17,0,31,20,11,6,6,10,4,12,1,8,6,12,11,3,3,2,19,12,25,0,0,10,26,1
"ENSG00000278909.1",2,0,211,0,0,1,0,0,0,2,24,12,38,4,3,0,1,0,14,0,0,0,2,0,2,0,0,0,0,1,0,0,0,0,1,2,5,0,25,9,0,1,0,3,0,1,0,0,0,0,0,0,0,5,4,1,1,0,0,0,7,1,1,0,0,0,0,9,0,0,1,1,0,0,0,0,1,1,44,0,12,4,0,0,0,0,3,10,1,4,1,40,1,18,35,0,29,0,16,0,1,0,0,1,1,2,0,0,0,0,0,0,0,0,0,1,0,2,0,53,0,0,0,6,0,0,0,6,0,0,3,0,0,0,0,0,4,1,0,0,0,2,1,1,0,0,3,1,0,3,0,1,0,1,0,5,0,0,15,1,1,10,0,0,1,1,0,2,0,0,5,0,6,0,5,2,0,17,0,7,0,1,5,0,2,1,2,0,0,0,2,0,0,0,0,3,0,1,0,0,0,0,0,0,0,2,0,0,0,1,0,0,0,0,0,1,86,19,1,0,0,0,0,0,0,0,27,0,0,8,0,1,0,10,64,11,0,10,0,0,0,0,29,1,3,3,0,0,5,9,0,1,0,3,1,1,1,0,19,1,0,0,0,5,1,0,1,2,1,0,1,0,0,0,0,0,2,0,1,0,0,16,0,0,1,3,0,0,0,1,0,0,5,2,20,0,2,4,0,0,0,0,2,0,1,0,1,0,1,6,68,0,1,1,2,2,1,1,0,3,0,2,0,2,0,0,0,23,43,1,14,1,0,0,4,1,7,1,13,16,0,3,0,0,0,0,0,11,3,0,0,1,2,17,2,0,0,1,0,12,0,0,27,0,0,1,0,1,3,0,0,9,3,20,0,0,2,3,1,0,0,0,2,0,2,0,3,1,0,0,2,3,0,1,1,0,9,31,0,0,0,1,0,3,0,0,1,0,0,0,0,0,0,0,1,0,0,0,0,0,1,2,123,0
"ENSG00000278924.1",2,0,0,0,0,1,0,2,2,0,1,1,2,1,0,0,0,2,1,1,1,0,1,0,0,1,0,0,1,0,0,1,0,0,0,0,9,0,1,1,1,0,0,1,0,4,1,0,0,1,2,0,0,0,3,0,0,1,0,0,0,9,0,0,3,2,0,5,0,0,0,1,1,0,3,0,3,2,0,3,2,3,0,0,0,0,0,1,0,0,1,3,2,0,1,0,2,0,2,0,0,0,0,1,0,2,4,0,1,0,0,0,0,0,0,1,0,3,2,0,0,0,0,0,0,0,0,0,1,0,0,0,6,0,0,0,1,0,1,1,1,0,0,1,0,0,0,1,6,0,0,1,2,4,0,1,0,1,0,0,1,0,2,2,9,1,0,0,0,2,1,0,9,3,0,0,1,11,1,0,0,2,0,0,0,0,0,0,2,1,0,0,0,3,3,0,0,0,0,0,0,0,1,4,0,8,0,1,1,0,0,4,2,1,0,0,2,2,3,1,0,0,3,0,0,0,0,0,0,1,2,0,1,1,3,5,0,0,0,0,1,0,2,0,2,3,1,0,0,1,1,0,0,1,0,0,0,3,1,2,3,0,0,30,0,0,0,0,1,1,0,0,3,0,0,0,2,0,2,12,1,6,2,0,1,0,0,2,1,1,0,1,2,1,0,2,2,1,1,0,0,0,2,0,19,0,0,1,2,0,10,0,0,0,1,2,1,2,1,4,1,1,0,5,3,0,0,1,3,0,2,1,0,3,3,0,1,1,8,0,1,5,2,0,1,1,3,1,1,0,0,2,0,9,0,0,3,0,2,0,0,1,0,4,1,3,0,4,2,1,0,0,11,1,2,2,2,0,0,1,2,1,0,1,0,1,2,2,2,1,1,0,0,2,1,4,1,3,1,0,0,0,0,1,0,0,0,3,0,1,0,1,0,1,0,0,1,3,0,0,0,0,2,0
"ENSG00000278928.1",0,0,0,2,0,0,0,0,0,0,2,144,1,0,0,0,0,5,210,0,0,8,0,1,0,0,0,0,1,0,0,0,0,0,0,0,50,0,1,1,0,10,0,854,4,0,0,1,0,0,8,0,0,1,1473,0,247,0,0,0,0,0,389,0,4,0,0,102,1,0,0,5,0,2,0,3,0,0,4,2,826,0,0,1,0,0,0,69,3,0,18,25,0,0,394,0,323,0,10,0,3,6,0,154,1,0,0,4,14,0,0,0,0,0,0,1,0,0,0,763,406,0,0,0,0,0,0,1,6,0,1,1,3,15,0,8,1216,2,2,0,1,8,0,12,0,0,1,0,0,0,0,1,0,1,1,778,0,0,138,0,0,4,0,1,1,0,0,0,0,0,0,0,129,0,0,232,0,3,0,54,0,0,136,0,763,2,0,3,0,0,0,0,0,49,0,0,6,0,0,0,1,0,0,0,7,5,0,0,6,0,1,0,0,0,1,0,24,0,2,65,5,0,0,2,14,2,65,0,0,195,0,0,1,500,9,48,3,0,0,0,0,0,114,4,1,49,1,2,181,778,0,0,0,0,1,0,0,0,31,0,0,1,1,0,1,0,0,4,0,0,1,0,0,0,1,0,0,4,135,0,0,1,0,1,10,0,0,0,0,9,0,0,0,19,272,2,0,408,0,0,2,1,0,4,0,0,0,0,2,229,129,14,21,4,37,34,4,0,1,1,2,0,0,0,1,0,0,0,5,2,558,0,0,0,728,0,124,0,1,4,0,4,0,1,0,0,0,0,10,0,0,0,2,4,20,13,0,7,0,0,0,0,548,1,21,3,0,0,2,0,0,202,0,116,0,0,0,0,0,0,1,0,0,0,0,0,0,0,0,0,0,5,2,0,0,0,29,1,109,1,0,0,0,269,0,0,0,3,0,0,0,0,0,0,0,0,0,2,0,2,16,146,12,7
"ENSG00000278952.1",2,10,13,21,29,32,17,22,6,18,39,74,164,23,18,11,2,13,39,7,25,5,101,40,13,38,19,131,33,7,3,27,2,26,3,5,20,1,365,148,101,7,29,85,11,62,64,80,2,3,43,18,16,32,34,30,16,100,15,68,3,1,113,51,7,3,6,38,37,233,28,6,5,4,91,1,45,49,113,9,177,158,61,18,8,36,63,2,3,25,29,4,6,115,71,2,22,5,20,4,10,4,116,7,9,29,88,3,76,97,19,0,2,10,44,10,128,2,10,26,2,10,111,22,17,2,4,60,44,9,21,2,42,23,99,3,175,1,196,50,0,18,4,10,34,653,1,216,52,2,2,5,41,79,9,76,1,21,64,20,6,77,1,17,9,36,19,79,83,22,10,5,156,34,38,14,229,389,9,5,0,8,7,67,44,46,6,3,4,6,209,3,495,19,12,139,12,4,9,838,24,279,51,81,0,1,22,53,68,17,51,61,20,1,5,23,6,173,28,138,0,22,49,53,2,11,16,28,20,5,21,180,6,6,55,11,47,15,9,10,31,3,7,21,10,30,5,11,5,94,2,26,0,9,6,96,16,2,43,13,68,3,1,64,0,10,36,7,20,5,49,0,27,1,34,53,25,4,93,4,18,20,3,7,109,65,0,51,145,5,2,54,19,124,28,7,13,208,82,3,78,4,312,3,488,38,2,34,97,323,184,11,165,155,48,2,69,7,241,24,32,20,3,101,60,189,1,21,2,3,39,41,21,2,10,0,130,29,33,1,1,41,3,28,1,2,7,336,19,0,2,11,53,135,73,3,37,2,54,3,55,18,94,13,66,70,8,179,6,52,10,50,29,105,410,15,186,3,16,35,11,31,9,123,32,1,163,22,8,49,24,32,8,10,49,4,6,40,43,4,6,141,13,11,1,0,19,3,6,3,8,59,1,11,42,7,42,5,227,9,1,28,34,8
"ENSG00000278954.1",3,0,2,2,1,0,3,0,2,3,1,1,0,12,26,0,1,0,0,0,2,1,0,1,0,0,0,0,0,1,1,2,4,0,0,0,0,0,3,6,0,1,0,4,1,0,0,0,0,0,1,1,0,2,1,1,1,3,0,1,0,0,2,0,0,1,0,0,2,2,4,1,1,0,0,0,6,0,1,2,6,4,1,1,0,1,0,0,1,3,14,2,6,8,1,0,3,0,1,3,0,1,22,0,1,0,1,1,9,0,6,0,0,0,0,0,2,0,16,14,0,0,0,7,4,0,0,1,0,20,0,1,14,1,3,0,0,1,3,0,0,6,1,0,0,3,10,2,4,0,0,0,12,2,1,1,0,3,3,6,0,5,1,4,5,0,8,4,1,1,1,2,1,0,5,0,4,14,9,1,0,3,1,2,0,1,0,4,4,1,0,5,10,4,0,0,0,1,1,2,0,5,4,4,0,12,0,4,1,5,1,4,6,2,0,0,1,2,0,1,0,2,0,0,1,0,1,8,0,0,7,0,5,3,0,4,0,0,0,1,3,0,1,0,16,10,4,3,3,2,0,1,0,1,0,0,0,0,1,2,1,1,18,0,0,5,1,1,4,0,1,0,3,0,3,0,1,0,0,4,1,4,7,1,0,0,0,0,1,1,1,0,3,26,16,8,1,1,0,3,4,0,2,0,2,0,1,3,6,1,0,1,2,11,3,2,3,4,1,0,4,2,1,2,4,6,1,2,0,0,1,1,0,13,0,0,1,9,0,1,1,0,1,6,3,0,0,0,4,0,0,1,0,6,1,0,0,4,1,1,8,0,0,3,2,0,2,4,0,1,0,4,1,1,2,2,4,2,0,0,8,0,1,1,0,7,9,3,10,3,10,0,0,1,1,2,5,0,1,0,1,4,1,1,5,1,2,4,0,0,1,5,1,0,3,2,1,4,1,1,0,0,0,0
"ENSG00000278958.1",6,0,0,0,0,0,0,0,0,0,0,0,16,13,8,0,0,4,0,0,0,0,1,0,2,0,0,0,0,26,0,5,4,0,0,0,1,0,0,0,0,0,0,23,0,0,0,0,0,0,1,4,0,1,21,2,0,0,1,0,0,1,0,0,0,0,0,8,1,0,1,0,0,0,0,0,7,0,7,1,1,2,0,1,3,0,0,0,0,0,0,13,2,0,0,0,0,0,5,0,0,0,0,0,0,7,0,0,0,1,0,0,0,0,0,0,0,0,13,2,0,4,0,0,2,0,0,0,0,2,0,0,1,0,0,0,0,0,1,1,0,0,19,0,0,16,6,0,7,0,0,0,0,3,0,0,3,0,9,1,1,0,0,0,0,2,0,0,0,2,2,6,0,3,0,0,1,4,0,2,0,0,2,0,7,0,0,0,1,0,0,1,0,0,0,3,0,0,0,0,1,0,0,0,0,9,0,0,0,0,0,0,2,11,2,0,0,0,0,0,0,0,0,0,0,0,1,10,0,1,0,0,0,2,0,0,0,1,0,1,0,2,0,0,0,0,0,0,0,1,0,2,0,9,0,0,0,0,13,16,0,0,0,6,0,0,0,0,0,0,2,0,2,0,0,0,5,0,0,0,0,1,1,0,0,0,0,0,0,1,0,0,0,1,0,5,5,0,0,0,0,4,2,0,0,0,1,0,5,3,9,0,2,0,2,2,1,0,0,1,0,0,0,0,0,0,0,0,1,0,1,0,0,0,7,0,2,0,0,0,0,0,0,0,0,2,4,0,0,0,0,3,0,0,0,0,0,0,0,0,1,0,2,8,0,0,0,4,0,1,0,8,0,2,16,0,0,0,0,0,0,0,3,0,0,1,0,2,0,0,3,0,0,0,0,0,1,7,0,0,0,0,0,0,4,0,0,5,0,0,0,1,0,0,1,0,1,0,0,0,0,0,0,0
"ENSG00000278982.1",2,0,5,10,11,3,10,2,2,10,1,3,17,79,8,1,7,5,1,4,5,2,5,3,1,2,6,0,0,9,1,31,28,1,6,94,6,4,0,1,0,10,1,0,3,1,1,9,0,10,4,14,3,9,1,6,13,1,3,1,2,6,0,6,1,0,7,1,4,20,10,21,1,2,1,1,14,7,3,22,2,5,6,10,4,1,1,3,313,9,16,3,0,0,0,0,5,3,8,21,1,0,5,0,7,4,4,3,26,3,5,11,144,4,4,3,4,1,6,12,6,2,0,11,36,1,2,1,1,14,1,0,8,6,13,5,2,0,2,0,0,3,6,3,9,29,26,1,4,2,0,2,9,5,6,3,0,17,4,8,21,2,35,2,6,2,19,18,1,15,2,0,4,0,7,4,18,2,8,7,1,6,4,4,0,6,3,8,0,0,0,164,10,8,4,0,3,2,176,7,3,1,13,2,1,9,0,1,3,1,5,16,22,2,10,21,3,0,21,27,0,2,2,3,0,2,1,18,12,3,4,4,28,12,0,21,0,5,8,4,16,14,3,4,5,5,1,0,2,1,3,0,1,7,4,1,0,10,6,7,9,8,24,3,3,3,4,0,7,1,21,3,9,1,2,0,6,0,1,33,3,7,3,1,1,0,0,9,11,21,3,3,14,3,8,3,31,1,0,11,5,5,16,5,2,10,2,7,2,1,1,3,0,6,12,31,5,74,113,11,6,6,2,1,10,6,9,0,1,0,2,7,9,2,1,0,1,23,1,589,0,7,4,4,6,3,0,12,13,5,1,31,5,13,0,0,1,3,11,5,1,13,7,5,13,8,4,6,2,8,2,0,1,11,0,0,0,3,1,1,1,14,0,7,5,12,30,7,2,0,7,0,2,9,2,1,1,3,2,0,6,0,12,2,170,152,6,7,3,63,21,4,2,8,6,1,2,100,5,4,1,0,3,1
"ENSG00000279039.1",5,0,6,1,8,0,2,0,1,1,0,1,0,36,1,0,1,0,0,0,2,0,2,0,0,1,0,0,0,0,7,0,0,1,0,1,0,0,0,2,3,17,0,0,0,0,1,2,1,0,0,2,0,1,0,0,0,0,3,0,2,4,0,0,0,2,0,0,0,0,11,1,1,0,0,0,50,0,0,2,0,3,6,0,2,0,0,0,2,0,0,3,0,0,0,0,0,1,0,2,0,0,2,0,0,0,2,0,16,0,0,0,2,3,1,1,28,0,2,0,0,0,0,0,0,0,0,0,5,20,0,0,27,0,1,0,0,0,7,1,0,2,1,0,8,1,0,2,0,0,0,0,1,2,0,1,1,31,3,1,7,0,0,1,2,2,2,2,0,3,1,1,0,12,2,1,1,0,1,0,0,1,0,0,1,0,0,1,2,6,0,8,0,7,1,1,0,1,0,1,1,11,0,25,0,0,0,0,0,1,1,1,0,0,2,0,0,0,1,10,0,0,3,0,0,0,2,4,1,0,0,0,0,0,1,0,0,0,3,0,0,0,0,0,3,2,0,0,2,0,0,1,0,5,0,1,0,0,0,0,2,0,13,4,0,1,2,0,6,0,1,0,0,0,1,0,5,0,0,4,0,0,0,0,1,2,0,0,1,1,0,0,2,0,0,1,2,0,10,1,0,0,36,0,0,0,0,0,1,2,0,1,0,0,3,9,1,0,1,0,8,3,0,14,0,2,0,1,1,1,0,0,1,1,1,0,0,1,0,0,1,1,0,0,6,0,0,0,3,1,0,12,0,2,0,1,0,37,0,0,4,0,2,10,0,0,0,1,0,1,0,0,0,0,13,0,5,1,2,0,0,2,1,2,0,0,2,2,0,0,4,1,0,4,0,0,5,1,6,0,1,0,0,0,0,3,4,5,0,1,1,0,1,0,0,0,0,1,2,0,0,0,1,0
"ENSG00000279048.1",6,2,23,3,7,11,3,13,2,23,15,13,19,80,15,4,5,8,17,6,9,1,4,2,26,8,9,4,2,8,19,13,10,28,6,9,20,4,6,13,5,7,13,5,5,3,5,0,0,4,2,12,2,16,5,29,2,9,24,11,5,23,6,5,3,5,5,6,30,15,49,11,2,3,4,0,20,8,18,13,26,39,21,4,65,6,2,6,9,5,20,56,16,10,3,0,3,9,35,3,9,6,5,4,5,13,46,3,63,10,13,3,8,4,20,10,20,3,6,32,3,18,3,7,11,3,0,10,18,39,5,0,38,5,5,1,33,3,58,2,2,22,21,0,6,20,19,20,15,6,2,2,87,14,3,18,2,11,38,21,11,6,7,10,17,4,14,22,27,39,5,11,15,46,0,3,4,11,46,12,3,14,31,29,10,2,15,7,30,21,4,6,10,17,6,27,3,13,9,8,7,23,12,56,3,23,6,12,7,15,16,17,2,12,15,14,3,5,12,20,3,19,4,4,2,3,6,26,0,12,7,11,9,8,6,18,8,5,0,7,3,10,8,2,54,17,3,1,30,18,1,4,2,19,3,3,2,6,17,10,23,13,13,28,0,18,6,4,14,2,3,0,15,0,9,8,4,1,3,9,9,6,4,1,11,11,2,2,10,4,2,4,2,8,1,29,17,6,43,24,10,2,21,11,0,1,0,6,8,22,15,25,3,6,19,39,17,31,10,5,8,39,1,26,10,10,1,13,2,2,4,8,4,8,26,1,16,7,14,3,4,4,9,34,20,6,7,2,5,1,2,35,11,36,8,2,26,41,13,9,14,0,3,57,48,18,0,13,4,2,10,18,1,15,53,9,12,3,4,12,10,9,10,3,3,8,14,8,5,6,16,6,1,18,12,6,28,22,14,0,10,18,9,7,33,23,10,15,1,6,10,4,9,4,8,5,7,17,26,1,0,15,5,0
"ENSG00000279091.1",0,0,8,0,0,0,0,0,0,0,0,0,1,2,0,3,0,0,0,0,0,0,0,0,3,0,0,19,0,0,1,0,0,5,1,0,1,0,0,0,3,0,0,18,0,0,0,0,2,0,0,4,0,3,0,173,1,0,100,0,0,0,0,2,0,0,0,0,1,3,2,0,0,0,0,0,0,41,1,15,0,1,0,1,10,0,0,2,1,1,0,0,2,0,0,0,0,0,0,0,1,0,0,0,0,0,1,0,12,0,0,0,0,2,0,1,1,0,1,0,0,386,0,0,0,0,1,0,0,0,0,0,0,0,0,0,0,1,0,0,0,1,2,0,0,0,1,0,0,0,1,0,0,4,0,0,0,0,2,167,0,1,0,1,0,0,0,0,0,29,18,0,0,6,0,0,0,1,0,0,0,2,3,0,0,0,1,25,0,5,0,0,0,29,1,0,1,1,0,0,0,0,1,7,0,0,0,3,0,0,1,0,2,0,0,0,0,0,2,0,0,0,0,0,0,0,0,2,0,0,0,0,0,0,0,0,0,0,0,0,0,0,2,4,0,2,1,0,2,0,0,0,0,0,0,0,0,0,0,0,10,19,0,1,0,0,2,0,0,0,1,0,0,0,0,3,0,0,0,0,0,1,3,0,0,0,1,0,0,0,0,0,1,0,0,0,0,0,0,0,4,0,0,0,0,0,0,0,0,0,0,0,0,0,0,3,0,1,0,3,0,2,0,0,0,4,1,0,0,0,0,0,2,0,0,0,0,1,1,1,0,1,2,0,0,30,4,0,0,0,0,1,0,9,0,1,0,0,0,0,0,0,1,0,0,1,0,2,0,1,0,0,0,0,1,0,0,1,1,0,1,3,0,0,0,0,0,16,0,0,1,1,0,0,0,0,1,0,0,0,0,0,1,0,1,0,0,0,0,0,0,0,0,0,82,0,0,0,0,0,0,0,0,0
"ENSG00000279138.1",3,3,1,10,11,2,35,7,6,1,1,0,0,120,124,1,0,39,2,3,7,1,0,4,7,5,15,7,0,28,1,3,10,6,8,12,15,0,0,0,0,0,11,7,1,0,0,3,2,2,3,39,0,3,0,6,1,0,1,1,6,11,0,7,4,2,2,0,11,0,26,9,3,3,0,2,2,5,2,14,0,0,2,5,42,0,1,10,25,4,9,36,1,4,2,0,6,8,13,8,2,0,2,1,4,0,12,0,22,24,2,4,7,15,1,4,3,2,29,10,3,1,2,7,2,0,0,3,1,16,5,0,51,7,25,3,1,0,1,5,1,10,82,0,9,77,10,0,0,1,1,1,26,10,1,1,10,75,15,15,1,1,7,3,1,8,194,33,7,9,18,26,0,5,4,2,6,2,4,0,0,5,6,4,7,0,3,11,17,7,0,35,0,11,2,6,1,3,2,27,1,9,7,11,3,26,0,6,5,2,6,3,107,9,11,1,6,3,26,3,1,3,1,1,0,2,0,17,12,2,2,0,16,7,0,4,1,1,0,2,4,11,4,2,32,9,2,1,1,0,6,3,2,46,0,1,0,1,13,9,18,1,41,6,4,4,11,3,5,1,14,0,28,0,12,2,14,1,0,1,1,9,4,1,4,4,4,3,0,23,1,1,1,40,4,69,34,0,9,5,2,1,13,1,0,3,0,0,8,2,2,6,2,2,9,2,4,8,4,12,3,3,1,1,7,2,5,0,6,1,17,0,5,32,4,6,0,87,0,4,2,0,13,3,5,7,5,1,7,1,2,25,1,13,0,3,0,2,3,2,2,0,4,395,9,7,27,17,2,7,5,5,2,7,10,2,7,6,2,0,5,2,5,4,2,28,4,3,17,1,1,0,0,3,2,3,11,2,2,0,4,8,1,0,186,5,15,69,5,5,11,0,2,0,13,3,1,49,0,4,1,5,19,2
"ENSG00000279141.3",1,19,5,25,174,1430,6,593,37,20,3,6,3,12,10,13,3921,11,34,227,105,19,67,32,180,190,40,91,189,8,558,4,38,75,14,1,38,72,5,14,31,6,402,7,15,197,10,15,8,56,104,7,12,25,0,1725,8,487,351,366,30,699,51,37,16,2482,33,4,27,89,31,98,34,6,32,24,213,587,65,35,14,225,8,54,61,60,152,98,21,15,150,19,1167,43,56,19,15,53,484,122,67,31,70,15,59,46,56,17,418,1488,311,10,5,197,494,51,795,669,171,18,5,84,8,57,206,14,7,910,423,18,48,13,49,83,105,31,131,10,394,91,14,753,15,16,90,76,37,169,254,9,33,15,15,16,36,14,49,86,24,27,244,60,30,377,173,187,736,111,440,399,37,38,69,1561,59,11,108,12,5,17,10,61,49,68,52,45,30,162,35,98,73,21,45,19,17,226,19,63,2,519,24,165,659,373,16,392,14,80,69,403,126,440,31,306,3672,7,0,33,16,77,12,40,184,50,12,16,76,208,116,24,145,77,107,22,63,46,14,2,22,38,62,164,12,52,1186,38,18,26,103,60,26,263,11,20,14,130,31,329,15,446,14,58,22,300,12,455,164,14,897,6,60,1,2,8,75,375,18,7,18,333,186,542,92,9,66,285,5,54,381,301,12,55,51,15,21,1081,99,10,72,10,110,127,112,37,36,23,6,31,7,412,18,935,4,205,36,18,81,253,13,312,257,10,26,996,50,84,4,24,60,15,21,73,8,44,203,14,44,170,0,3,24,6,460,352,1859,11,22,273,414,1,12,95,70,73,24,28,212,38,88,192,27,14,49,113,12,209,14,186,48,56,1311,88,89,14,132,157,30,10,62,232,88,105,222,64,6,18,300,220,12,391,1917,29,7,293,612,25,334,387,29,18,16,127,248,6,5,10,58,490,16,3,47,263,63,11,13,39,91,5,260,15,20,102,60,10
"ENSG00000279199.1",0,0,8,1,7,2,3,0,0,5,0,12,9,9,20,1,2,4,22,2,2,1,2,1,5,3,2,5,0,3,8,8,6,2,3,0,2,0,19,7,1,4,9,1,2,7,1,2,0,0,2,2,1,6,8,10,4,10,6,4,5,9,16,3,0,0,1,3,4,8,30,0,0,0,4,1,19,3,9,3,6,15,4,9,21,2,2,2,5,0,4,5,6,7,5,0,3,6,18,1,1,3,2,1,0,1,10,0,15,14,6,0,1,4,3,1,16,0,5,9,1,5,0,7,2,1,0,4,6,6,0,2,20,0,2,1,1,0,15,0,0,24,1,1,3,10,3,22,3,2,0,0,6,3,2,7,1,4,23,10,7,0,3,4,12,3,13,68,2,9,10,2,1,13,9,1,3,6,9,2,1,0,8,15,3,2,9,0,2,2,0,2,5,13,0,30,1,3,1,5,1,6,5,6,0,4,1,8,8,3,4,5,0,2,11,2,3,4,1,2,0,7,8,0,0,2,7,0,1,4,7,4,2,7,5,9,2,2,1,1,0,0,4,0,11,2,2,1,5,18,1,2,0,2,0,1,0,9,16,5,5,0,4,6,0,2,8,0,11,0,1,0,9,0,3,1,17,0,4,1,3,4,8,2,4,2,0,1,9,3,1,1,5,10,7,19,13,11,0,6,4,0,15,1,0,1,1,1,18,11,3,26,13,11,5,4,1,3,1,2,0,8,1,14,1,25,1,8,1,0,5,4,1,6,7,1,12,2,6,2,0,1,2,3,4,0,0,4,3,0,0,8,2,14,1,0,11,22,4,5,0,0,4,55,11,3,7,9,3,0,5,20,1,45,31,2,16,1,1,4,0,4,8,0,0,1,19,2,2,4,9,4,0,5,2,5,2,18,3,2,3,14,1,1,5,5,4,1,0,1,2,4,2,1,1,0,0,10,8,0,1,1,4,1
"ENSG00000279204.1",3,0,613,6,6,4,2,5,8,8,3,13,3,22,169,3,3,5,1,3,2,0,12,4,2,12,4,10,3,6,2,8,6,5,2,18,3,0,6,4,12,9,8,5,0,5,3,13,0,3,8,3,1,2,6,12,18,9,11,10,5,3,1,0,0,11,4,3,2,7,9,14,9,0,8,0,7,8,1,10,6,5,15,9,8,13,3,2,63,2,11,8,2,27,4,0,5,15,3,2,6,0,18,5,4,7,12,0,15,2,8,1,25,29,2,6,20,3,4,19,1,1,2,4,12,0,4,5,1,15,2,0,3,6,4,0,11,0,6,0,0,15,5,0,5,13,3,8,13,2,1,0,4,3,4,2,2,9,7,5,28,3,2,3,9,6,6,12,3,5,0,2,10,8,6,0,6,5,5,2,0,13,13,7,10,1,5,10,5,4,1,16,5,8,13,1,0,4,3,25,2,21,13,5,0,3,1,8,0,7,7,8,2,4,16,4,7,2,15,18,1,4,2,3,4,1,5,5,4,11,16,3,10,4,14,6,0,5,3,7,9,7,4,1,38,5,0,3,17,4,3,6,1,4,0,10,0,24,3,18,2,7,14,3,0,10,6,1,9,0,13,0,3,0,14,2,3,0,2,7,19,5,11,0,0,9,0,16,2,16,1,3,11,5,6,2,3,12,25,8,17,10,16,2,4,5,3,12,3,2,6,8,3,3,7,10,11,17,17,4,6,7,0,26,5,9,1,6,9,0,7,5,7,6,5,2,8,17,2,3,1,2,7,2,2,10,3,13,2,1,0,15,18,3,2,3,2,2,6,2,4,10,12,9,28,3,10,8,3,10,0,10,2,5,1,3,2,0,11,10,2,3,3,6,0,3,13,2,2,2,6,9,0,12,2,8,2,6,10,0,4,0,10,0,15,171,1,0,6,25,5,4,8,3,25,2,4,88,5,2,0,2,10,0
"ENSG00000279208.1",1,1,1,2,2,1,0,2,1,3,1,10,0,20,0,0,3,0,2,3,2,0,3,0,6,6,0,9,6,20,1,0,4,4,0,0,7,0,4,3,0,4,4,2,4,0,4,0,0,1,2,3,0,6,1,4,3,4,13,0,1,5,0,6,0,5,1,0,0,0,50,0,3,0,0,0,2,0,7,2,2,1,2,2,6,0,1,2,1,5,0,3,9,0,2,0,2,12,19,0,3,1,0,0,1,1,0,0,13,1,1,0,1,9,2,3,0,6,5,9,3,9,0,0,2,0,0,9,0,8,1,1,23,0,0,0,0,0,0,0,0,1,2,1,0,4,0,1,4,0,0,0,0,11,0,0,0,5,3,7,3,0,0,0,0,4,14,0,2,8,1,24,2,15,0,0,6,1,2,3,1,2,0,13,8,0,2,1,1,20,3,5,1,8,3,1,0,5,0,9,0,0,1,14,0,11,7,1,0,7,3,1,2,10,15,3,1,0,0,24,0,7,5,1,2,0,3,7,0,0,2,9,0,0,2,6,0,2,0,0,2,3,0,3,1,0,16,0,3,1,0,0,1,3,0,0,1,2,4,0,6,15,0,8,1,0,0,0,14,0,3,0,6,1,1,0,1,0,0,10,48,0,0,0,2,2,1,1,0,0,0,0,0,0,0,5,12,0,1,6,1,3,20,2,0,0,1,0,8,16,4,6,3,0,1,2,3,12,0,1,1,0,0,1,2,0,3,1,4,0,10,0,3,2,0,0,2,1,0,0,0,2,2,0,8,5,5,0,1,0,0,0,7,15,2,0,0,2,0,0,2,1,1,0,0,3,0,0,0,2,1,3,0,0,6,1,21,0,0,68,7,24,2,0,1,2,2,4,2,0,6,0,0,0,4,1,8,19,4,0,1,6,1,0,0,3,3,0,3,0,0,4,0,3,2,3,11,0,0,0,0,1,2,2
"ENSG00000279220.4",0,0,0,0,0,0,0,0,0,0,0,0,0,96,63,0,0,4,0,0,1,0,0,0,0,0,0,2,0,0,0,0,7,0,0,0,1,1,0,0,0,0,0,0,0,0,1,0,0,0,0,6,0,0,0,0,0,0,0,0,1,0,0,0,0,0,0,0,1,0,111,0,1,0,0,0,0,1,27,23,104,569,0,0,1,0,0,0,0,0,0,0,0,5,0,0,1,4,19,0,0,0,0,0,0,0,1,0,1020,0,0,1,0,0,0,0,0,0,0,105,0,18,0,0,0,0,0,2,1,0,0,1,133,1,0,1,0,0,2,0,0,0,0,0,0,1,2,0,0,0,2,1,0,0,0,0,0,0,0,0,1,0,0,1,0,5,79,1,0,0,0,1,0,187,1,0,0,138,0,1,0,0,0,0,0,0,0,0,0,15,1,0,0,0,143,0,0,0,0,0,0,0,0,86,0,53,0,0,4,0,0,0,2,233,0,0,0,0,7,4,1,2,0,0,0,0,0,0,0,0,0,0,1,0,0,0,0,0,0,0,1,0,0,0,2,0,0,0,0,0,1,0,0,1,1,0,0,0,0,0,42,0,0,464,0,0,0,1,10,0,9,0,505,0,0,0,0,0,0,21,0,0,0,1,0,0,0,0,0,0,2,0,0,0,0,31,10,0,0,0,0,0,174,0,53,0,0,0,26,6,1,0,0,0,0,0,86,1,0,0,0,0,0,1,0,0,0,0,0,0,0,0,1,1,0,0,0,1,0,0,0,0,0,0,63,0,0,0,197,0,0,0,2,11,0,0,0,0,0,0,1,0,0,0,0,0,0,0,0,0,0,0,0,26,7,0,126,4,2,1,2,0,163,0,0,1,1,0,0,0,0,0,0,0,0,0,0,4,0,0,0,0,1,0,0,0,32,73,0,0,1,0,0,0,0,0,0,10,0,1,0,0,0,0
"ENSG00000279357.1",14,0,13,4,6,2,4,0,3,0,1,3,4,10,4,0,9,1,4,1,2,2,3,1,1,1,3,3,3,5,9,1,1,2,1,3,3,2,8,5,1,2,1,1,1,9,2,1,1,0,3,5,2,0,3,14,1,4,3,3,5,5,3,0,2,4,2,3,9,1,11,10,1,0,2,2,6,4,5,5,5,7,3,9,3,0,1,3,2,4,8,10,4,17,6,1,0,2,5,1,3,2,4,2,1,7,0,2,4,2,1,2,0,5,3,2,5,5,1,16,4,7,1,4,1,1,0,7,3,1,2,1,2,1,5,0,6,1,11,1,0,7,7,0,2,4,4,45,9,0,0,1,3,1,0,2,0,3,6,6,5,5,9,2,5,1,6,42,0,1,0,2,7,24,6,1,0,16,13,2,0,0,5,4,6,0,2,2,5,3,0,5,6,3,0,8,0,9,1,2,3,1,1,8,0,10,1,0,10,0,7,2,2,3,0,4,4,3,0,5,1,1,5,4,1,1,1,7,2,2,5,5,7,1,11,6,0,2,0,0,1,3,2,1,10,12,11,8,22,8,1,1,1,2,0,0,0,7,5,23,5,1,2,4,1,2,15,1,1,0,1,1,4,1,2,0,3,0,2,2,11,0,4,1,2,2,0,4,11,1,2,4,10,6,6,4,13,1,5,10,7,5,3,2,5,4,1,5,4,0,11,5,2,7,11,12,3,8,0,3,5,7,1,6,2,5,0,2,2,0,2,3,5,1,5,0,0,5,0,3,1,3,3,6,3,5,0,9,1,0,0,3,7,4,0,2,20,15,4,2,2,6,6,12,4,4,28,3,2,8,2,11,1,2,19,1,2,4,1,11,1,3,0,1,2,4,5,3,1,3,4,2,0,2,1,1,3,4,5,0,1,3,3,0,10,8,1,1,1,3,1,0,0,4,5,1,1,3,2,1,2,5,5,0
"ENSG00000279379.1",0,0,0,0,0,0,0,0,0,0,0,11,0,25,16,0,0,18,0,0,1,0,14,6,5,10,21,5,4,17,0,0,9,0,21,0,8,0,140,62,0,0,0,1,0,0,0,40,0,0,0,0,0,25,0,1,0,0,0,0,0,16,8,4,2,0,2,2,0,0,1,0,24,0,0,0,0,2,8,3,14,14,0,0,9,0,0,0,0,0,0,0,13,0,0,0,0,21,8,0,0,0,0,0,0,0,9,0,9,0,0,0,0,11,0,15,0,3,19,52,6,9,0,0,0,0,1,15,0,1,2,0,46,0,0,0,0,0,15,13,0,0,8,0,0,45,1,0,0,0,0,0,1,16,3,0,3,0,6,21,3,0,0,0,0,5,18,0,0,25,5,21,0,105,0,5,32,135,0,12,0,1,1,0,2,2,24,0,6,6,5,40,0,12,3,14,0,0,0,0,1,0,0,32,0,25,0,0,20,2,0,0,41,20,7,0,0,0,7,95,0,42,3,1,0,0,6,10,0,0,0,28,0,0,3,48,0,0,7,39,0,0,0,0,0,1,22,0,0,1,2,0,0,0,0,0,0,0,7,25,8,18,3,12,0,0,0,0,1,0,5,0,56,0,5,0,12,0,0,1,12,4,18,0,0,0,0,0,0,0,1,0,0,36,0,3,15,0,0,0,8,0,1,0,23,0,0,1,19,3,3,0,19,0,0,0,9,0,0,6,0,0,0,0,16,0,0,0,13,0,15,0,5,0,0,0,0,0,0,0,0,1,1,0,25,9,12,0,9,0,0,1,0,33,0,0,0,0,0,0,11,0,1,0,0,0,3,1,0,18,0,8,1,15,18,2,16,0,0,15,35,19,0,0,0,4,0,14,23,0,0,0,0,1,0,8,19,17,0,0,8,4,0,0,7,0,14,10,12,0,0,18,0,0,47,1,8,0,19,0,0,0,1,0
"ENSG00000279452.1",18,0,12,13,17,9,18,5,18,25,10,22,16,36,18,0,9,14,11,4,7,3,3,5,49,10,50,16,2,11,33,6,8,29,3,6,17,8,25,19,6,7,30,6,9,16,14,12,1,6,7,12,9,12,14,43,10,20,29,9,15,14,6,18,4,15,16,2,37,17,72,10,4,0,23,2,48,19,9,22,17,59,16,7,49,9,17,1,36,32,19,21,24,12,12,0,22,23,39,7,8,5,2,2,7,18,48,4,74,41,10,10,56,6,20,16,17,8,14,33,3,26,10,20,11,4,0,60,32,37,13,2,35,9,4,4,39,3,28,3,1,32,17,8,12,10,53,33,19,6,0,16,41,16,4,22,16,14,44,32,46,15,6,14,18,14,38,49,21,33,12,19,11,44,8,7,9,32,25,11,3,3,24,19,10,28,27,12,20,18,2,27,25,19,12,21,7,9,18,12,4,33,18,47,4,63,8,24,37,28,9,25,10,12,24,17,9,1,21,35,2,42,20,3,5,2,18,15,1,22,37,31,9,20,13,14,1,7,7,15,3,19,11,9,33,7,4,9,15,28,1,10,6,40,3,7,4,15,13,26,33,16,14,51,2,7,13,1,38,2,5,3,26,1,20,21,59,0,5,12,41,11,27,4,19,6,0,3,44,3,0,6,11,42,26,17,27,17,22,49,22,22,62,8,35,8,4,31,16,6,37,43,10,10,17,48,20,29,27,15,6,25,6,35,13,23,2,8,19,1,12,14,13,14,27,4,16,2,13,26,7,10,10,39,19,14,9,34,12,0,0,44,17,24,6,4,33,62,8,26,3,4,9,66,27,21,28,18,10,12,13,25,1,23,42,33,27,2,3,23,13,18,30,5,11,17,28,6,22,5,17,18,1,35,9,11,17,56,12,0,24,9,13,13,24,18,10,7,8,21,9,13,16,5,7,2,15,28,32,4,6,6,16,3
"ENSG00000279479.1",1,0,2,0,0,0,0,0,0,0,0,0,0,96,56,0,0,13,0,0,0,0,0,1,6,0,8,0,0,18,0,0,22,0,4,0,2,0,0,0,0,0,4,0,0,0,0,1,0,0,0,5,0,19,0,1,0,0,0,0,0,6,0,0,0,0,0,0,0,0,162,2,0,0,1,0,15,0,1,5,44,15,0,0,5,0,0,3,0,0,1,7,5,0,0,0,0,4,13,1,0,0,0,0,0,0,0,0,81,0,8,0,0,18,0,1,0,3,32,11,1,1,0,0,6,0,3,0,0,13,3,0,42,0,0,0,0,0,0,0,0,0,5,0,0,32,0,0,13,0,0,0,0,3,0,0,0,0,0,18,1,0,5,0,1,0,20,0,0,1,2,3,0,23,0,0,0,20,3,0,0,0,2,5,0,0,7,0,0,1,0,19,0,22,2,0,0,0,0,0,0,0,0,10,0,9,0,0,1,0,0,0,6,5,0,1,0,0,4,5,0,0,2,0,0,0,1,20,0,0,0,5,0,0,0,9,0,0,0,2,0,0,0,0,0,16,0,0,0,0,0,0,0,48,0,0,0,0,5,1,31,0,9,34,0,0,1,0,15,0,2,0,31,0,0,0,11,0,0,3,2,11,0,0,0,0,0,0,0,0,0,0,0,0,0,42,1,1,0,0,0,0,11,0,8,0,0,0,7,17,5,0,1,1,1,2,4,0,0,5,0,0,0,0,0,0,0,0,0,0,2,0,6,0,10,0,0,0,0,0,0,0,1,0,0,1,0,0,15,0,0,16,0,14,0,1,0,0,0,0,1,0,0,0,1,0,0,31,0,0,0,0,0,4,11,0,7,0,0,0,0,2,0,0,0,0,0,11,9,0,0,0,0,0,0,0,11,0,2,0,2,0,0,0,1,0,0,10,0,0,0,0,0,0,2,0,8,1,0,0,0,0,0,0
"ENSG00000279493.1",0,0,0,0,0,0,0,2,0,0,0,0,0,0,0,0,0,0,1,0,1,4,0,0,0,17,0,1,0,0,0,0,1,0,1,0,0,0,0,0,0,0,0,0,0,0,0,0,1,1,0,0,0,0,0,1,1,0,2,0,0,0,0,0,0,0,0,0,1,0,0,0,0,0,0,0,0,0,0,0,0,1,0,0,0,0,0,0,0,0,0,0,0,0,0,0,2,5,0,0,0,1,0,0,0,0,2,5,0,1,0,0,0,2,0,1,1,0,0,0,0,0,0,0,0,0,0,0,0,0,0,0,0,0,0,0,0,0,0,0,0,0,0,1,0,0,0,0,0,0,9,0,0,0,0,0,0,7,0,0,3,0,0,0,0,0,0,0,1,0,1,0,7,0,0,0,0,1,0,0,0,2,0,0,1,0,0,0,0,0,0,0,0,0,0,0,0,0,0,0,0,0,0,1,0,2,0,1,0,0,0,0,0,0,1,0,0,0,0,2,0,0,0,0,0,1,0,0,0,0,0,0,0,0,1,0,1,0,0,0,0,0,0,0,0,0,0,0,1,1,0,0,1,0,1,0,9,0,0,0,1,0,0,1,0,0,0,0,1,0,0,0,0,2,0,0,0,1,0,0,0,1,0,0,3,0,0,0,0,0,0,0,0,0,6,0,0,0,3,0,0,0,0,1,0,0,0,0,0,0,0,0,0,0,0,0,1,1,0,0,1,0,13,0,0,1,1,0,0,0,0,0,0,0,0,8,1,0,0,0,0,0,0,0,0,0,0,0,0,0,0,0,0,3,1,0,1,0,0,0,0,1,0,0,0,0,0,0,0,0,0,0,0,0,0,0,11,0,1,0,2,0,3,0,0,0,0,0,0,0,0,0,0,0,1,0,0,1,0,2,0,0,0,0,0,0,0,0,0,0,0,0,0,0,1,0,1,0,1,6,0,0,0,2
"ENSG00000279516.2",0,0,0,0,0,0,5,0,0,0,0,1,0,2,151,0,0,10,0,0,0,0,2,0,2,11,0,10,0,5,0,0,0,0,1,0,0,0,0,0,0,0,361,0,0,0,0,25,0,0,0,163,0,1,2,0,0,0,0,0,0,68,0,0,0,0,0,0,0,0,708,0,43,0,0,0,0,0,0,0,62,285,0,0,5,0,0,16,0,0,0,50,114,0,0,0,0,28,57,0,0,0,0,0,0,0,0,0,189,18,0,0,0,0,0,38,0,2,77,73,0,0,0,0,0,0,0,0,0,117,0,0,137,0,0,0,0,0,0,1,0,0,123,0,0,2,0,0,0,0,2,0,0,90,3,0,1,0,33,1,6,0,0,0,0,0,33,2,0,435,0,4,0,203,0,0,0,3,0,17,0,0,0,1,0,0,1,0,4,31,0,0,0,0,12,0,0,0,0,0,1,1,0,227,0,26,0,0,1,0,0,0,27,4,86,23,0,0,5,6,0,2,0,0,0,0,1,1,0,0,0,0,0,1,0,1,0,0,0,1,0,0,0,0,0,0,80,0,0,0,0,0,0,0,0,0,0,0,10,5,70,78,1,2,0,0,0,0,4,0,5,0,22,0,0,0,4,0,0,0,146,32,0,0,0,0,0,0,0,0,0,0,0,0,0,54,157,1,0,0,0,0,3,0,0,0,0,1,0,36,5,0,2,0,2,0,42,0,0,0,0,0,0,0,13,0,0,0,8,0,98,0,2,0,0,0,0,0,0,0,0,0,48,0,17,7,0,0,23,0,0,141,0,56,0,0,0,0,0,0,2,0,1,0,0,0,0,0,0,0,0,0,0,0,85,0,208,0,0,87,0,60,0,0,0,9,0,16,6,0,0,0,0,0,0,0,6,83,1,0,0,0,0,0,1,1,14,1,1,0,0,0,0,0,0,0,65,1,0,0,0,0,0,0
"ENSG00000279565.1",0,0,0,0,1,1,1,0,0,0,1,0,0,52,29,0,2,1,0,0,0,0,0,1,2,0,0,0,0,0,0,0,0,0,0,0,4,0,0,0,0,0,0,0,0,0,0,0,0,1,0,7,0,5,0,0,0,0,0,0,0,5,0,0,1,0,1,0,0,1,102,2,0,0,0,0,0,0,4,8,10,13,1,0,1,0,0,0,0,0,1,0,0,0,0,1,0,7,5,1,1,0,0,1,0,0,0,3,49,1,1,1,0,0,1,0,1,2,9,39,0,0,0,0,3,0,0,1,0,1,0,0,24,0,2,0,0,0,15,0,0,0,0,0,3,0,0,0,2,0,0,0,0,2,0,0,0,0,0,0,1,0,1,0,0,9,14,0,0,5,0,0,1,86,0,0,1,2,3,0,0,2,0,0,5,0,1,0,0,0,0,0,0,0,0,15,0,0,0,0,0,1,0,33,0,4,0,0,1,0,0,3,0,3,13,0,1,0,4,0,0,0,0,0,0,0,0,0,0,0,0,0,1,0,0,0,0,0,1,0,0,0,0,0,0,0,6,0,0,0,1,0,0,0,0,0,1,0,0,23,13,2,0,68,0,0,0,0,6,0,1,3,9,0,0,0,0,0,0,4,1,19,9,0,1,1,0,1,0,0,1,0,2,0,0,22,0,0,0,0,0,1,27,0,4,1,0,1,1,9,0,0,0,0,0,1,6,24,0,0,0,0,0,0,0,1,0,1,10,0,17,0,0,0,0,0,0,0,0,0,0,0,1,1,12,0,0,0,0,0,0,1,1,2,0,0,0,0,2,0,0,0,1,0,1,0,0,0,0,0,0,0,0,0,20,0,58,4,0,0,6,1,6,0,1,0,2,0,0,0,0,0,0,0,0,0,1,10,0,0,0,0,1,0,0,0,2,12,0,0,0,0,0,0,1,0,6,9,0,0,0,0,0,0
"ENSG00000279579.3",3,0,0,0,0,0,1,0,0,1,0,2,4,2,0,0,0,1,0,0,0,2,29,1,59,20,1,2,1,9,2,0,4,1,1,0,18,1,1,1,10,0,1,2,0,0,0,4,0,0,0,8,1,33,0,1,0,1,4,0,0,5,2,23,1,0,1,4,0,0,58,0,20,0,0,0,2,0,6,1,12,26,0,0,27,0,0,6,0,3,0,5,15,0,0,0,0,58,32,0,1,0,0,2,0,1,2,0,75,1,0,0,0,2,0,1,2,4,1,49,5,24,0,0,36,1,0,43,0,19,7,0,4,0,1,0,0,1,33,2,1,0,6,0,0,13,5,0,0,0,1,0,2,17,4,3,4,0,7,27,60,0,0,0,0,12,37,0,1,95,0,8,0,103,0,0,4,71,0,3,0,0,0,2,27,0,4,2,2,40,2,2,0,10,0,0,0,2,0,2,8,0,1,4,0,78,0,0,11,6,0,0,1,9,0,15,0,2,3,4,0,51,0,0,0,0,28,4,0,0,1,5,0,1,6,4,0,6,2,3,1,6,2,0,0,0,25,0,0,6,3,2,0,0,0,0,1,2,27,2,63,93,0,18,0,2,0,0,37,0,0,2,5,0,0,0,0,0,0,68,18,112,60,0,4,0,1,0,0,1,0,0,0,18,0,64,44,1,9,1,0,2,2,0,7,0,0,1,1,21,25,3,4,0,0,6,53,0,0,17,2,0,1,0,3,0,1,3,43,0,56,0,1,2,6,0,4,0,0,1,0,1,0,0,2,8,124,0,5,0,0,0,1,15,4,0,0,3,0,1,4,0,4,1,0,0,1,0,0,38,0,7,0,160,23,8,51,2,0,14,36,24,4,0,0,0,1,17,0,0,0,0,1,0,0,0,11,44,10,0,6,1,1,0,0,0,5,1,27,1,0,2,1,1,7,0,22,0,1,3,0,5,0,0
"ENSG00000279607.1",0,7,3,1,0,1,0,1,0,3,1,0,0,1,0,4,0,2,0,1,0,3,2,0,4,0,1,1,1,0,0,1,2,9,3,0,2,1,19,8,0,0,0,1,4,0,4,3,0,2,2,2,5,0,0,1,1,2,3,1,0,3,1,3,0,1,4,5,3,0,0,2,1,1,2,9,0,0,0,0,0,1,2,0,8,0,1,0,0,1,0,2,2,2,0,2,0,0,1,1,1,13,2,1,1,1,16,2,2,0,0,2,0,0,0,4,0,1,0,0,2,0,0,0,0,0,0,0,2,0,0,6,2,1,0,1,1,10,0,1,4,2,0,4,1,0,1,0,4,0,2,48,3,3,10,17,1,2,3,1,0,0,1,3,0,0,0,0,0,0,0,0,0,0,0,0,1,0,2,0,3,0,0,1,17,1,7,0,2,0,0,0,0,2,2,0,26,0,0,0,3,1,0,0,0,0,0,1,3,9,2,0,1,0,1,0,0,0,4,7,11,5,3,0,2,3,0,2,0,0,0,0,1,2,2,0,2,0,0,0,1,1,0,0,0,6,0,0,14,39,0,6,1,0,6,1,4,1,0,0,4,29,0,0,1,0,1,9,9,7,1,1,0,9,0,0,1,0,0,0,15,0,8,1,2,0,2,1,0,1,0,2,0,2,1,7,0,0,5,0,1,0,0,0,0,0,0,9,1,0,0,0,0,0,1,0,0,0,0,2,0,1,1,3,2,0,1,0,0,3,1,0,0,0,0,2,37,0,7,0,13,5,0,0,0,0,3,0,0,4,6,3,2,3,0,1,0,0,0,0,0,0,0,1,2,1,1,0,0,3,0,0,0,0,1,6,3,2,0,10,0,0,6,0,0,0,1,0,0,0,0,0,5,0,0,0,5,0,4,1,0,0,0,1,1,0,3,1,3,0,0,2,1,1,0,2,0,1,0,0,40,29,0,1
"ENSG00000279675.1",4,0,0,4,10,1,0,2,0,9,3,0,3,5,0,5,1,0,0,3,10,6,5,11,0,0,0,1,0,1,1,5,2,3,2,2,3,4,0,3,0,8,0,1,21,0,0,2,6,0,2,3,3,0,0,0,1,0,0,0,0,0,0,3,1,0,0,0,2,3,7,5,3,1,1,12,2,1,0,0,0,2,0,1,0,1,2,0,2,0,4,0,1,5,0,6,0,0,0,6,2,11,0,0,4,1,0,4,2,0,12,11,10,7,3,0,4,0,0,0,0,0,0,0,1,3,3,0,0,5,6,13,0,1,1,9,0,3,0,0,4,9,3,11,9,1,1,0,0,2,2,7,0,0,7,0,0,6,1,4,0,0,0,8,5,1,0,1,0,3,0,1,0,0,0,1,0,0,6,0,3,0,0,2,1,4,14,7,0,0,0,2,0,1,1,0,6,0,0,0,2,0,11,0,0,0,3,2,4,0,9,4,1,0,7,9,1,0,5,0,4,0,0,2,4,1,2,0,1,0,1,0,2,0,0,0,5,0,0,1,2,5,0,1,2,1,0,0,0,0,0,0,3,1,9,2,7,3,0,0,3,7,0,0,9,1,2,4,0,2,6,3,1,2,4,0,0,0,0,0,0,0,0,1,0,0,8,0,0,2,21,1,1,0,0,0,0,0,4,4,16,0,0,14,0,4,0,1,1,0,2,3,1,4,5,3,0,15,6,3,5,1,3,0,8,2,14,0,0,2,0,1,3,1,0,15,0,4,0,0,0,0,6,2,0,0,1,0,0,0,12,2,1,0,0,5,1,0,0,0,1,4,3,3,5,1,0,0,1,0,0,1,0,0,0,1,1,4,0,0,0,0,1,1,7,0,6,10,0,0,0,0,6,3,0,0,5,0,10,6,0,0,4,1,2,5,0,0,2,17,15,0,0,1,1,0,0,29,1,19,10,0,1,4
"ENSG00000279685.2",0,0,0,1,2,1,0,2,0,0,1,4,6,0,0,2,8,9,3,4,6,0,0,0,4,4,4,5,1,1,0,0,0,9,3,0,3,1,2,5,0,0,0,17,1,8,0,0,0,5,4,1,1,4,7,8,1,1,5,7,0,1,12,22,2,1,6,3,5,4,2,2,0,0,15,0,3,4,1,7,2,208,0,4,0,11,4,2,5,1,2,2,4,0,2,0,5,4,6,6,0,1,0,1,0,2,2,0,0,0,2,1,3,0,5,0,25,0,0,3,0,17,6,3,9,0,0,8,8,4,8,0,31,0,1,0,23,1,5,0,0,5,1,1,1,2,0,2,0,0,2,1,2,4,0,4,2,4,6,3,4,0,5,0,0,2,1,22,22,4,0,11,6,6,0,1,6,18,0,6,0,1,2,20,8,1,0,6,3,2,1,2,10,8,5,13,2,7,0,0,3,110,0,87,0,3,2,6,13,28,1,2,5,0,1,0,15,2,5,0,3,0,0,4,1,1,20,36,0,2,9,5,0,6,11,6,1,3,1,0,0,14,4,13,1,4,1,1,7,25,1,3,1,2,0,7,0,7,3,39,1,3,0,22,0,1,0,1,55,0,1,0,2,0,0,1,1,0,4,16,18,9,1,0,5,0,0,1,3,0,0,0,7,33,4,0,2,2,36,0,9,8,1,1,2,2,0,5,5,1,21,0,2,3,1,0,1,0,1,1,0,2,0,18,9,16,0,2,1,0,3,1,0,0,5,1,17,2,1,0,0,9,1,0,1,0,1,17,0,0,0,0,0,0,0,0,1,0,3,0,5,2,2,1,0,5,55,0,0,2,3,22,0,1,43,2,8,0,1,10,1,1,3,0,2,3,8,0,2,7,0,0,0,2,16,0,27,2,0,2,6,8,23,5,1,4,0,0,1,0,0,9,5,1,1,0,1,0,8,0,8,21,24,0
"ENSG00000279692.1",118,5,19,13,9,21,251,93,26,72,55,128,115,75,90,8,44,32,93,40,22,7,81,27,119,4,57,57,22,12,16,5,59,14,10,79,61,13,321,162,4,39,28,25,4,13,48,46,5,23,15,88,6,15,70,32,19,68,19,26,11,16,139,98,2,22,20,30,147,19,44,32,5,4,35,19,3,46,78,28,75,29,12,22,120,14,6,41,67,80,26,113,19,30,9,1,28,89,87,14,10,10,26,93,14,59,187,5,170,20,23,5,16,35,86,119,15,117,40,57,10,0,16,65,33,5,4,87,21,9,63,3,26,75,9,15,68,8,61,13,6,14,34,29,6,16,122,29,16,149,7,29,97,99,22,228,24,46,137,49,100,38,8,36,7,17,29,71,14,141,6,77,28,93,25,61,24,333,27,70,8,126,23,25,51,81,200,91,20,5,58,43,21,35,49,5,7,27,114,12,30,28,33,81,12,15,9,2,54,19,19,56,23,2,24,25,65,68,12,213,13,74,41,53,4,10,53,100,2,113,60,33,31,29,8,60,3,105,24,17,13,19,60,40,17,2,14,43,43,108,22,21,4,80,8,8,14,22,128,93,205,132,23,293,5,33,14,27,111,7,25,2,72,5,78,60,64,7,130,21,98,7,47,3,148,82,2,20,22,58,13,16,24,46,176,105,118,58,24,50,22,17,60,28,54,9,29,25,30,94,102,30,1,57,68,11,42,23,4,8,11,41,5,47,130,17,7,93,14,0,161,19,9,82,123,5,29,17,138,13,3,45,17,12,42,117,19,86,41,19,6,93,18,84,126,26,13,30,117,10,24,162,28,18,14,95,7,52,20,6,28,20,64,20,502,106,18,11,48,77,11,82,18,51,9,33,55,28,36,44,84,51,9,13,11,86,93,746,72,7,106,35,29,24,54,7,13,3,57,26,27,41,10,1,45,38,53,169,42,5,12,60,13,36
"ENSG00000279711.1",1,5,1,1,1,1,0,2,1,2,0,0,1,1,0,2,0,0,0,1,12,4,2,0,2,1,0,0,0,0,1,9,0,2,0,0,0,0,0,0,0,2,0,0,17,0,0,0,2,2,1,2,4,0,0,0,0,0,0,0,0,0,0,1,0,0,0,0,1,0,0,3,0,6,0,8,0,0,0,0,3,0,0,12,1,4,0,0,1,0,5,0,2,0,0,8,0,6,0,0,0,6,0,0,0,0,0,0,28,0,0,10,0,0,6,0,14,0,0,4,0,0,0,0,0,2,7,0,0,1,0,22,0,0,0,11,1,18,0,0,3,5,1,1,1,1,0,0,4,1,3,12,4,1,2,0,0,1,1,3,0,3,4,0,3,2,2,0,1,0,0,0,0,0,2,0,1,1,4,0,4,16,0,0,0,0,1,2,1,0,0,1,0,1,0,0,4,0,0,0,0,1,0,0,7,1,1,6,0,6,2,0,3,0,2,0,0,0,2,0,2,0,0,0,3,3,0,7,0,0,0,1,0,1,0,1,11,0,0,0,23,0,1,4,3,1,0,1,0,0,0,0,2,0,3,0,15,0,0,1,0,2,0,0,7,0,1,9,3,5,3,0,0,5,1,0,0,10,1,1,6,0,1,8,0,2,1,1,1,0,3,0,1,0,0,0,1,1,0,0,2,0,0,40,0,0,0,0,0,0,1,3,1,2,6,0,0,2,1,0,1,1,5,0,2,8,9,0,1,4,5,0,0,1,4,26,0,0,1,0,26,0,0,0,0,2,0,1,0,3,21,0,1,9,0,7,1,0,0,0,5,0,0,1,0,0,2,0,0,0,1,0,0,0,1,0,6,5,0,2,0,0,3,0,0,1,0,0,2,0,0,0,2,0,0,0,1,0,2,3,0,0,3,0,0,1,0,1,1,2,3,0,0,1,0,0,0,0,2,10,10,1,0,2
"ENSG00000279712.1",4,0,0,0,2,0,1,0,0,0,0,1,0,11,0,1,0,0,0,0,3,0,1,0,11,1,0,17,0,8,0,0,3,8,4,0,0,0,0,0,6,0,17,0,1,0,0,3,0,0,0,14,0,5,0,0,0,0,2,0,0,6,0,2,1,0,0,0,0,0,28,0,0,0,1,0,0,0,4,2,7,26,0,0,2,0,0,3,1,0,0,14,8,1,0,0,0,6,15,0,0,0,0,0,0,0,0,0,20,1,2,0,0,4,0,0,0,15,0,6,0,26,0,0,0,0,1,8,0,13,3,0,3,0,0,0,0,0,0,0,0,2,3,0,0,0,3,0,0,0,0,0,0,2,0,0,6,0,2,10,4,0,3,0,1,1,15,1,0,3,1,2,0,21,0,0,0,10,0,6,0,0,12,0,5,0,0,0,1,10,0,13,0,5,4,0,0,0,0,0,0,2,0,19,0,6,0,0,7,3,0,0,4,9,0,2,0,1,3,4,0,1,0,0,0,0,1,7,0,0,0,14,0,0,0,0,0,0,0,0,0,1,0,0,0,5,2,0,0,0,0,1,0,8,0,0,0,0,1,8,8,3,0,8,0,0,0,0,4,0,3,0,4,0,1,0,0,0,0,1,1,4,2,0,0,0,0,0,0,0,1,0,0,0,0,8,26,0,0,0,0,1,8,0,4,0,0,0,17,5,1,0,0,0,0,1,1,0,0,7,0,0,0,0,1,0,0,0,1,0,4,0,2,0,0,0,0,0,0,0,0,0,10,0,6,2,3,0,8,0,0,1,1,1,0,0,0,0,0,0,0,0,0,0,0,0,0,6,0,0,0,3,0,0,2,0,9,0,0,1,2,5,12,0,0,0,0,2,0,0,0,0,0,0,0,0,8,2,1,0,3,0,0,0,0,0,0,0,0,0,0,0,0,0,1,0,2,31,0,1,0,1,0,0
"ENSG00000279750.3",0,0,0,0,0,5,2,0,0,0,18,9,1,0,0,0,0,0,0,1,0,0,0,1,0,0,0,1,0,0,0,0,4,0,2,0,3,0,37,7,0,0,0,12,1,0,0,0,0,0,0,0,0,52,2,0,2,0,0,0,0,0,0,0,0,1,0,0,0,4,0,0,0,0,0,0,0,0,5,0,12,0,0,5,0,0,0,35,0,6,1,3,0,0,9,0,0,0,11,0,0,0,0,1,0,1,30,0,0,0,1,0,0,0,1,0,0,2,1,4,0,0,0,0,1,1,1,0,0,0,0,0,5,0,0,0,1,0,1,0,0,0,2,1,0,0,1,2,17,0,0,0,1,0,0,0,0,7,45,10,0,1,13,0,0,0,0,0,1,0,1,4,0,2,10,0,1,9,0,0,0,0,0,0,2,0,1,0,0,2,0,0,4,6,0,0,0,0,0,1,0,0,3,5,0,24,1,1,0,0,0,30,2,0,0,0,1,0,5,0,0,0,1,0,0,0,0,0,0,23,0,0,1,1,1,3,0,0,0,0,0,0,0,0,1,1,1,39,31,2,0,0,0,1,0,0,0,0,37,0,5,0,1,0,0,2,3,1,0,0,2,0,2,0,0,0,0,0,0,2,0,41,1,5,0,0,0,4,11,0,0,0,4,0,9,0,0,3,0,0,0,0,0,0,6,0,0,0,0,22,0,4,0,0,0,9,25,0,0,11,0,0,0,0,3,0,1,0,0,0,4,0,0,1,6,0,0,0,17,0,0,0,0,0,16,0,0,3,0,0,0,0,0,7,0,0,0,0,0,12,1,0,1,0,0,0,0,4,0,0,6,0,3,48,2,0,0,1,0,0,0,5,0,0,0,0,0,6,0,0,21,0,0,6,15,0,1,3,2,0,1,0,0,0,0,0,0,1,0,0,0,0,0,0,0,0,0,0,1,0,0,0,0,0
"ENSG00000279774.1",37,0,12,0,0,0,0,9,0,0,3,9,0,1,1,0,0,0,62,1,1,0,1,0,0,22,2,3,1,0,3,2,0,1,0,0,5,0,12,13,0,0,2,45,5,0,0,0,2,1,0,1,0,1,38,2,30,1,2,0,22,1,13,1,5,1,1,207,2,2,0,1,3,1,4,0,4,3,8,1,14,2,1,0,5,0,0,7,0,1,0,7,1,13,69,0,128,0,4,1,2,1,0,1,1,1,4,0,2,1,1,0,0,1,0,1,2,1,0,6,2,2,1,3,9,0,0,1,1,0,2,0,2,1,0,0,34,0,3,0,0,5,0,2,1,0,3,1,3,1,0,0,0,9,1,7,0,0,16,1,0,0,0,0,0,1,1,2,4,3,10,2,18,1,0,2,1,11,0,68,0,1,1,0,209,1,8,0,2,8,0,0,0,0,6,0,1,2,0,0,1,4,1,1,0,25,1,0,10,2,0,1,1,0,0,0,3,34,0,1,1,1,0,0,0,0,68,0,0,2,5,8,1,26,116,17,0,11,0,0,0,0,56,0,11,0,0,0,13,219,0,7,0,0,0,0,1,0,4,4,26,7,9,5,0,0,2,2,24,0,0,0,2,0,0,0,2,1,107,7,5,4,0,4,13,5,0,0,2,1,0,1,0,1,13,0,3,14,41,1,0,0,7,0,3,0,0,1,0,26,105,4,6,6,0,0,8,0,0,0,0,4,0,0,0,0,0,154,4,0,82,0,0,1,13,1,89,0,13,3,0,74,0,1,4,0,1,1,1,0,3,0,4,1,0,0,0,1,0,2,0,1,30,4,0,1,2,0,9,2,4,7,0,2,34,0,41,5,12,2,1,4,20,0,0,9,5,2,0,3,0,8,0,0,1,0,62,2,3,1,3,1,0,5,1,0,5,0,2,0,0,1,1,2,1,0,2,0,0,0,0,13,34,1
"ENSG00000279778.1",0,2,9,3,5,2,3,1,1,2,2,1,0,341,18,6,1,40,0,1,6,2,22,37,235,5,45,138,2,261,1,13,77,12,3,1,166,9,0,0,5,3,49,36,8,0,5,13,1,3,1,84,2,34,0,9,48,3,109,0,4,25,0,37,14,1,5,6,8,3,916,2,8,1,0,11,0,0,8,82,135,121,0,0,202,1,2,4,5,2,1,56,5,12,0,1,15,312,0,106,3,2,1,0,2,3,85,1,45,1,3,7,10,57,0,5,4,1,21,21,15,92,27,2,4,1,4,23,0,32,25,7,10,1,1,7,1,7,0,31,7,0,25,10,3,75,41,0,1,32,7,6,4,112,15,0,6,46,62,39,2,2,16,1,0,20,39,0,0,205,62,29,5,247,0,0,2,90,5,307,3,4,1,2,92,1,51,33,2,135,0,0,19,168,66,0,4,4,0,0,0,2,7,228,1,9,3,1,6,1,6,2,86,49,46,3,0,16,65,177,1,67,0,1,3,1,2,138,0,8,28,61,1,7,51,22,6,0,0,63,4,2,14,4,1,0,0,0,8,37,0,0,0,102,2,3,5,0,2,204,223,187,2,165,7,2,3,6,189,4,15,3,84,6,0,0,20,0,2,56,373,1,22,1,0,1,2,3,0,7,5,0,2,30,0,61,124,0,0,2,3,2,4,6,34,1,30,3,25,0,273,0,0,2,4,3,158,7,15,48,4,3,2,13,29,0,8,0,11,2,322,0,12,2,2,4,63,5,2,0,1,93,5,0,114,56,9,0,14,2,3,18,10,2,1,5,0,3,69,0,20,0,6,2,5,7,0,27,7,1,0,13,10,43,71,0,81,8,8,277,19,119,65,0,0,2,5,72,7,0,1,3,8,2,1,8,90,0,48,2,50,1,6,0,15,9,26,47,31,27,3,11,5,9,8,0,47,81,0,6,1,3,3,3
"ENSG00000279864.2",0,0,1,1,0,0,28,0,0,0,0,0,0,2,13,0,0,4,0,0,0,0,4,1,0,0,0,1,0,0,0,0,495,0,0,0,172,9,0,0,0,0,0,1,1,0,0,0,0,0,0,1,0,7,0,24,0,0,0,1,0,0,0,0,0,0,0,0,0,0,3,0,1,0,0,0,0,0,0,5,11,24,0,0,0,0,0,4,0,9,0,84,0,0,0,0,0,1,0,0,0,0,0,1,0,0,0,0,37,0,1,0,0,0,0,1,0,0,1,580,1,5,0,0,16,0,0,0,0,0,0,0,61,0,0,0,0,0,0,0,0,2,1,0,0,1,0,0,0,1,0,0,0,1,5,0,0,1,0,1,0,0,0,0,0,1,0,0,0,0,0,2,1,552,0,0,1,130,0,0,0,0,0,0,0,10,0,0,1,0,0,0,0,45,2,0,0,0,0,0,0,0,0,1,0,418,0,0,14,0,0,0,42,2,0,5,0,0,3,577,0,28,0,0,0,0,0,1,0,0,0,0,0,0,0,99,0,0,125,0,0,0,0,0,2,0,0,0,0,22,0,0,0,0,0,0,0,0,3,16,5,1,0,1,0,0,0,0,4,0,9,0,431,0,0,0,218,0,0,0,0,9,0,0,0,0,0,0,0,0,0,0,0,1,0,4,1,0,0,0,0,0,0,0,1,0,0,1,0,1,0,0,0,0,0,0,34,0,0,7,0,0,0,0,90,1,0,0,0,0,26,0,105,0,0,0,0,0,0,0,1,4,0,0,0,0,0,0,0,0,0,0,0,6,0,0,0,0,0,0,6,0,15,0,1,0,0,0,0,1,0,0,0,0,1,0,0,3,0,0,0,0,0,0,0,0,0,14,10,0,0,1,0,0,0,0,7,1,0,0,0,0,0,0,1,0,10,11,0,0,2,0,0,0,1,0,0,0,1,0,0,0,1,0
"ENSG00000279930.1",7,0,2,4,59,22,0,6,1,4,3,5,1,8,13,0,118,0,8,11,7,0,2,1,1,1,0,1,3,15,294,1,11,2,0,2,3,2,5,4,3,5,206,2,4,8,2,0,1,4,0,0,1,28,8,3,1,68,1,1,1,9,1,2,6,50,6,1,2,5,15,6,3,0,2,8,5,26,24,7,6,4,4,3,0,356,2,3,3,0,12,0,28,3,0,0,8,1,66,1,1,2,0,0,1,87,0,1,122,244,2,0,2,1,84,5,31,1,2,0,0,4,2,11,3,3,2,1,10,5,9,3,7,0,2,3,13,1,145,0,1,4,4,3,12,5,5,82,4,0,0,0,1,2,0,4,1,9,1,5,10,0,9,357,22,6,29,5,2,0,0,4,4,20,0,0,1,59,1,3,0,71,0,11,0,1,7,6,23,0,16,0,89,3,1,2,3,6,1,43,0,6,30,24,1,3,3,9,19,2,25,207,2,0,58,1,0,0,1,8,0,1,12,2,1,0,2,4,0,5,113,19,6,3,0,5,0,2,3,2,45,15,2,20,26,0,2,1,11,11,2,0,1,0,0,6,2,36,3,1,8,2,1,249,0,35,52,2,4,4,1,0,6,0,3,52,3,1,0,2,2,3,8,0,8,3,0,2,6,1,3,2,1,3,1,1,0,0,5,13,61,45,349,0,1,0,0,7,1,3,2,278,0,2,7,9,4,48,1,5,197,8,0,325,2,6,0,1,0,2,0,8,1,0,11,0,7,0,2,2,0,0,2,20,2,1,0,31,0,1,0,10,1,1,1,0,38,5,38,2,8,8,5,4,12,5,0,22,2,0,0,15,1,0,9,12,7,2,3,2,0,3,2,0,3,0,26,1,2,3,41,3,5,6,20,4,1,103,5,1,5,0,35,2,4,8,1,6,0,1,0,0,7,0,0,1,0,9,1137,2,1,0,2,0
"ENSG00000279973.2",0,0,0,0,0,0,0,0,0,0,0,7,0,7,9,0,0,0,0,0,0,0,1,0,1,0,0,0,0,5,0,0,5,0,0,0,14,0,0,0,0,0,9,0,0,0,4,0,1,0,0,24,0,38,0,0,6,0,0,0,0,0,0,0,0,0,0,0,0,0,58,0,0,0,0,0,0,0,0,9,18,1,0,0,0,0,3,0,0,0,0,1,0,0,0,0,0,34,18,0,0,0,0,1,0,0,0,0,63,0,0,0,4,0,0,2,0,1,0,3,0,0,0,0,0,0,0,4,0,0,0,0,1,0,0,0,0,0,2,0,0,0,1,0,0,0,0,0,0,0,0,0,1,18,17,0,0,0,5,3,0,0,14,0,0,0,8,0,0,21,0,0,1,24,0,0,0,11,0,1,0,0,0,0,26,0,1,0,0,9,0,0,0,0,2,0,0,0,0,0,0,0,0,6,0,4,0,0,0,0,0,0,0,26,1,2,1,0,0,0,0,12,0,0,0,0,0,0,0,0,0,1,0,0,0,0,0,0,0,4,0,21,0,0,0,0,0,0,0,0,0,0,0,0,0,0,0,0,0,0,1,23,0,59,0,0,0,0,59,0,0,0,189,0,1,0,1,0,0,4,1,15,0,0,1,0,0,0,0,0,0,0,0,0,0,10,15,0,0,0,0,0,0,0,1,0,0,0,0,20,0,0,0,0,0,0,29,0,0,0,0,0,0,0,1,0,0,0,1,0,207,0,3,0,0,0,0,0,0,0,0,0,0,0,23,65,0,0,0,0,0,0,0,63,0,0,0,0,0,0,1,0,0,0,0,0,0,0,0,1,0,0,0,0,15,0,40,0,0,0,0,4,0,0,0,0,0,0,0,0,0,0,0,0,0,0,29,54,0,0,0,0,0,0,0,0,1,3,0,1,0,0,0,0,0,0,1,0,0,0,0,0,0,0
"ENSG00000280002.1",0,5,0,0,4,0,0,0,0,0,1,8,3,80,5,0,0,2,0,1,0,1,0,0,1,0,0,3,4,0,2,0,0,31,0,0,598,0,0,0,0,0,0,0,0,4,0,0,0,0,0,0,0,23,0,1,0,1,9,47,0,7,0,8,1,0,0,0,1,4,3,0,0,0,0,0,2,0,5,106,31,642,0,0,43,0,0,30,0,1,0,88,0,0,0,1,0,170,0,0,1,0,0,0,0,0,1,0,24,0,3,0,1,46,0,32,1,1,0,3,0,510,2,0,1,0,2,84,0,0,2,0,0,0,0,0,0,0,34,1,0,0,1,0,2,57,0,1,4,0,2,0,0,0,0,0,0,2,0,0,40,0,0,0,6,0,6,10,5,145,0,0,0,20,0,2,0,6,1,0,0,0,0,1,550,0,215,0,0,16,0,1,0,0,22,0,0,0,0,0,12,11,0,916,0,134,1,1,83,1,0,2,0,0,0,0,0,0,1,843,0,20,0,0,0,0,0,0,0,0,9,0,0,0,0,2,0,0,0,0,0,1,0,0,5,1,3,0,0,1,0,0,0,0,0,0,0,2,0,3,0,594,0,0,0,0,1,0,2,1,0,0,0,0,0,0,4,0,0,27,3,6,0,0,0,0,0,0,1,0,0,0,0,0,0,401,11,0,0,0,0,0,0,1,3,0,0,0,0,0,0,14,0,0,0,0,681,1,2,0,30,0,3,865,1,1,0,0,0,2,1015,1,0,0,0,0,0,0,0,0,0,0,0,0,11,210,0,0,51,0,0,2,0,4,0,0,3,0,6,0,1,0,0,80,0,2,0,0,0,0,0,47,0,170,1,1,930,0,0,0,12,44,775,0,0,282,0,1,0,0,4,0,0,0,1,0,362,2,0,0,5,0,1,0,0,0,12,0,0,0,1,1,0,0,2,0,121,3,0,1,0,0,0,0
"ENSG00000280032.1",5,0,1,4,15,6,2,0,0,0,0,2,1,11,4,3,1,2,17,3,2,0,0,1,15,10,4,1,5,4,5,1,0,5,0,2,2,0,8,15,0,3,42,2,0,6,1,1,1,3,2,4,2,5,0,4,3,19,4,0,0,13,2,3,0,4,3,2,0,1,111,7,1,0,1,1,3,1,10,15,17,8,1,1,7,1,0,0,10,0,2,1,27,11,1,0,0,3,37,4,0,1,7,0,2,0,2,1,40,43,2,2,1,3,0,4,18,4,20,3,0,1,2,1,1,0,5,0,8,8,0,0,11,2,0,0,0,0,0,0,1,2,4,1,3,0,0,2,19,1,0,2,1,2,5,0,0,3,2,3,2,2,1,5,6,1,11,4,1,5,3,0,0,1,1,4,1,8,60,3,1,1,4,9,5,0,2,0,5,0,0,7,0,5,16,2,1,5,0,2,1,4,3,5,0,2,0,1,1,0,1,1,7,4,2,1,0,2,1,5,0,0,7,4,2,0,0,0,1,0,8,1,1,3,1,8,1,0,1,1,2,1,1,0,14,5,1,2,3,7,0,1,1,0,0,0,0,6,1,2,2,4,4,6,0,3,1,0,7,0,1,1,3,0,1,14,3,0,0,3,10,1,3,0,1,8,0,2,7,1,5,1,2,0,3,13,1,0,3,3,13,0,0,1,8,0,2,1,1,4,8,6,6,0,2,1,24,41,3,0,40,0,0,25,0,2,1,2,0,0,0,0,1,4,1,1,5,10,0,0,0,4,0,0,4,2,1,0,5,0,0,19,0,4,3,0,6,2,7,4,0,2,1,2,12,1,0,38,10,0,0,3,0,2,6,1,0,1,0,10,8,0,24,0,2,0,5,5,6,1,28,7,1,13,3,0,7,5,3,0,0,6,1,0,3,1,3,10,2,3,2,8,4,1,2,1,6,8,6,1,0,0,2,0
"ENSG00000280049.1",0,0,0,0,0,0,0,0,0,0,0,0,0,16,9,0,0,0,0,0,0,0,0,0,9,0,0,5,0,0,0,0,1,0,0,0,0,0,0,0,0,0,0,0,0,0,0,4,0,0,0,34,0,2,0,0,0,0,0,0,0,6,0,2,0,0,0,0,0,0,27,0,0,0,0,0,0,0,1,1,0,10,0,0,3,0,0,0,0,0,0,3,0,0,0,0,0,0,37,0,0,0,0,0,0,0,0,0,3,0,2,0,0,7,0,0,0,0,0,0,0,1,0,0,0,0,0,0,0,0,0,0,20,0,0,0,0,0,12,0,0,0,1,0,0,1,0,0,0,0,0,0,0,22,0,0,0,0,0,8,2,0,0,0,0,5,6,0,0,12,0,0,0,75,0,0,0,0,0,0,0,0,0,0,0,0,54,0,0,22,0,0,0,0,0,0,0,0,0,0,0,0,0,34,0,3,0,0,6,0,0,0,4,0,4,0,0,0,0,82,0,7,0,0,0,0,0,0,0,0,0,0,0,0,0,0,0,0,0,0,0,0,0,0,0,0,0,0,0,0,0,0,0,0,0,0,0,0,0,8,4,0,0,10,0,0,0,0,36,0,1,0,9,0,0,0,2,0,0,1,4,0,0,0,0,0,0,0,0,0,0,0,0,0,0,7,26,0,0,0,0,0,0,0,0,0,0,0,2,6,0,0,0,0,0,0,1,0,0,0,0,0,0,0,0,0,0,0,0,0,0,0,0,0,0,0,0,0,0,0,0,0,0,0,48,0,0,0,4,0,0,16,0,75,0,0,0,0,0,0,0,0,0,0,0,0,0,0,0,0,0,0,0,0,28,0,58,0,0,1,20,2,0,0,0,13,0,5,0,0,0,0,0,0,0,0,2,0,0,0,0,0,0,0,1,1,9,2,1,0,0,1,0,0,0,0,40,0,0,0,0,0,0,0
"ENSG00000280068.1",0,0,0,1,3,7,0,0,0,1,0,5,0,0,0,0,1,1,1,0,1,0,11,0,0,18,0,0,10,0,0,53,0,1,0,0,68,2,0,0,0,1,1,26,0,23,0,2,0,0,32,2,0,1,0,23,3,0,0,10,13,0,123,1,13,0,1,1,0,4,0,3,21,0,0,1,0,0,1,2,6,2,2,11,0,7,0,0,3,2,1,1,0,0,40,0,0,0,0,2,7,0,34,2,0,2,0,0,12,0,6,0,5,0,0,0,1,1,0,0,0,3,0,3,13,0,1,33,30,8,0,0,6,0,36,1,0,1,0,0,0,4,0,0,0,102,0,17,0,0,0,0,1,0,3,0,0,0,0,0,4,0,12,3,1,0,10,8,0,1,21,0,332,0,0,0,0,3,1,48,0,42,0,0,2,3,0,9,0,0,1,0,3,0,0,0,0,2,2,41,0,0,1,0,0,1,0,12,11,0,0,16,0,0,0,0,0,128,1,3,0,0,0,12,0,0,16,30,13,0,27,3,2,0,4,0,0,321,0,0,7,10,0,15,6,0,1,1,0,9,1,0,0,0,0,12,0,4,1,10,1,0,0,1,0,0,37,2,5,0,7,0,0,0,4,1,0,0,0,76,22,0,0,5,8,1,0,0,0,7,0,0,13,0,0,1,2,14,0,1,1,0,1,1,0,0,0,0,1,0,11,3,12,165,1,5,0,0,4,1,0,0,0,4,72,1,0,216,0,0,6,0,2,0,20,0,45,52,0,51,0,116,8,0,0,0,0,23,1,0,0,0,4,0,0,0,9,4,1,17,1,0,99,3,10,1,174,0,0,5,67,1,1,2,6,3,0,0,0,6,4,0,0,1,0,0,3,3,0,0,0,0,0,5,2,0,18,0,3,0,1,0,1,15,3,3,1,0,1,0,6,2,0,0,0,0,1,0,1,0,7,0,0,1
"ENSG00000280079.1",71,0,57,4,42,6,67,1,4,5,2,13,10,673,127,5,7,13,0,12,2,0,6,2,5,3,2,33,12,34,54,3,31,12,19,11,8,3,42,15,6,92,7,0,7,1,2,74,4,3,7,108,3,27,5,4,9,9,61,2,2,57,2,7,3,25,3,1,11,3,438,12,10,0,1,0,857,2,0,45,78,159,43,6,32,2,5,7,22,3,17,67,6,9,0,1,4,16,3,50,11,4,50,1,4,8,27,5,447,3,6,13,11,109,5,14,92,3,68,130,0,1,2,3,12,1,2,20,38,95,3,5,174,2,13,4,2,2,122,1,1,45,83,4,18,6,14,15,6,4,3,1,0,14,7,7,65,317,61,32,50,0,8,15,20,66,338,14,1,101,9,12,1,388,6,4,26,10,13,4,1,5,1,8,6,2,12,19,17,54,2,49,5,103,15,118,2,6,1,4,2,44,5,101,2,6,2,1,30,2,9,11,97,11,5,3,2,2,21,104,0,20,10,5,3,4,9,46,5,7,3,13,13,6,3,100,4,7,12,8,6,11,0,2,44,3,60,8,5,6,2,2,3,29,0,8,2,13,12,20,80,6,187,119,4,7,17,2,107,1,35,1,20,2,7,3,120,1,2,45,22,43,11,3,1,15,4,11,72,10,8,5,15,3,8,17,23,3,14,8,2,3,653,4,11,2,3,6,13,21,6,11,3,1,34,73,87,22,19,4,24,21,3,73,11,9,8,2,13,3,22,14,5,8,6,1,1,27,1,2,2,4,5,2,186,26,1,4,97,2,2,90,3,302,1,5,2,215,15,1,17,7,5,122,11,1,0,13,4,15,3,5,1,24,162,0,195,1,3,31,2,42,11,5,5,55,71,11,27,17,29,1,0,83,2,3,30,29,26,1,3,3,6,0,14,24,23,74,19,17,4,3,3,0,22,5,104,9,15,6,1,1,6,11
"ENSG00000280081.4",0,0,0,6,3,0,46,0,0,1,0,0,0,15,935,3,2,370,0,6,0,0,6,5,37,0,1,65,0,10,1,0,11,0,10,0,75,0,0,0,0,202,0,0,0,0,1,63,0,0,0,3070,0,4,0,0,0,0,0,0,0,479,2,27,0,0,0,0,0,0,809,0,111,0,0,0,0,1,1,1,63,947,163,0,112,0,0,0,17,26,0,1249,1,0,0,0,3,0,138,0,0,0,0,0,0,0,0,0,1809,1,0,0,5,17,0,0,4,1,0,85,0,83,0,0,11,1,0,39,0,284,29,0,1257,0,0,0,0,0,5,20,0,1,801,0,0,58,1,3,0,7,2,0,0,59,4,0,80,0,7,1035,49,0,0,0,80,653,673,0,0,119,48,0,0,964,0,0,77,231,0,0,0,0,21,2,108,2,46,0,174,269,41,1,2,6,167,0,0,0,0,0,106,0,0,480,0,1,0,0,15,20,0,1,138,12,8,1,0,0,24,672,0,4,0,17,0,0,0,2,0,0,0,264,0,1,0,0,0,0,0,12,0,137,1,0,0,0,0,0,0,0,0,0,0,0,0,0,0,0,438,944,389,29,1,1428,0,0,3,0,120,0,16,0,13,0,0,0,495,1,0,262,421,415,99,0,1,0,0,0,0,251,1,0,0,17,0,410,1303,0,2,0,0,0,5,0,2,0,0,31,5,31,0,0,1,0,200,7325,137,13,2,6,2,0,0,24,2,0,0,0,1,0,211,0,143,0,0,0,0,0,0,1,0,1,0,18,327,0,36,1,793,0,6,34,0,622,0,0,0,0,0,0,48,0,0,600,24,1,98,0,0,6,0,70,3,74,3419,1,360,0,0,851,0,97,0,0,0,234,0,7,0,0,0,0,0,0,0,0,220,21,0,0,14,0,0,0,0,0,516,2,9,0,0,5,0,0,62,0,169,1,2,0,0,0,0,0
"ENSG00000280129.1",12,0,2,2,14,4,2,2,9,10,6,3,8,14,9,1,12,7,7,8,1,1,5,1,12,6,6,9,1,6,16,2,6,5,2,2,4,3,4,9,1,4,6,2,0,12,2,0,2,5,1,9,2,10,5,18,3,1,6,1,6,6,9,5,0,10,11,6,9,4,24,1,1,0,7,0,14,7,7,8,10,18,8,0,18,4,1,3,12,2,10,9,4,0,1,0,3,6,7,3,5,7,1,3,3,9,10,0,26,9,7,5,10,3,6,5,14,5,14,4,1,22,4,9,5,0,0,6,8,10,4,0,10,2,2,0,8,0,8,0,1,6,17,0,7,12,10,23,10,1,1,3,14,5,0,4,3,10,9,15,9,0,5,10,2,3,5,9,10,9,9,6,6,38,1,1,3,12,9,5,1,6,13,11,5,7,14,0,10,5,1,13,6,11,4,28,1,8,3,8,3,18,5,16,0,6,6,11,3,6,9,14,4,3,13,1,4,2,13,11,0,3,4,2,1,1,4,12,4,8,8,4,0,3,6,2,2,0,1,4,2,8,2,3,15,9,5,6,4,7,2,1,1,7,0,7,2,5,4,15,22,3,10,26,0,7,4,2,15,0,4,2,7,0,3,7,1,1,3,2,10,3,6,2,9,2,1,3,3,0,0,0,3,6,3,8,7,0,6,13,14,2,8,4,16,2,1,7,11,1,12,8,1,4,10,32,4,7,0,2,11,17,1,20,13,9,0,5,2,0,4,1,1,6,10,0,10,5,3,3,0,2,4,12,6,1,3,5,6,0,1,15,2,13,3,8,6,8,10,16,7,3,4,27,5,15,3,5,0,4,7,7,0,9,10,9,11,0,4,9,6,6,8,0,4,6,4,3,9,5,7,3,1,9,6,6,9,13,9,1,7,11,14,4,16,2,3,4,2,1,2,1,10,2,4,0,7,3,8,0,1,2,10,0
"ENSG00000280157.1",51,0,25,1,13,13,0,2,3,15,1,2,3,64,22,1,32,13,4,11,6,1,7,2,12,8,7,4,2,5,11,7,5,5,7,3,7,30,3,5,1,8,5,3,4,7,3,0,0,0,0,9,1,8,2,35,1,9,2,3,8,4,8,4,5,7,7,5,19,7,43,14,5,1,0,1,36,21,5,19,7,28,4,1,13,4,8,7,13,5,18,39,21,0,4,2,4,1,12,7,7,0,17,0,3,16,2,0,33,11,11,8,7,3,12,1,36,5,7,20,11,23,1,13,16,0,1,11,17,26,2,0,38,5,20,3,10,0,16,6,0,14,10,1,8,26,26,44,15,19,3,1,11,8,0,9,0,7,9,0,19,23,4,13,11,3,7,9,1,76,3,3,14,58,2,0,10,13,16,8,0,3,5,20,11,3,4,1,12,6,3,7,25,12,1,18,0,34,1,65,4,5,50,35,1,33,1,7,12,6,9,5,10,11,6,15,3,6,2,5,0,0,1,2,7,0,11,17,46,5,5,16,9,9,4,26,0,5,2,5,4,11,5,6,50,3,0,1,20,20,1,3,0,15,3,6,0,3,34,16,12,5,11,22,0,18,31,1,6,0,10,2,7,0,15,6,4,1,6,4,5,20,3,0,5,7,0,5,28,30,3,6,29,32,3,20,10,7,20,49,7,8,0,3,7,8,3,10,12,12,6,15,10,79,37,11,11,19,10,9,35,66,0,15,6,14,2,6,3,0,6,3,5,4,41,2,17,13,4,10,0,7,25,57,4,1,2,18,3,1,0,19,6,7,2,0,41,49,7,16,6,0,14,55,113,4,43,1,1,11,5,26,1,13,26,6,3,0,1,2,4,2,12,7,3,5,14,8,6,2,33,6,1,21,20,8,6,2,15,0,0,4,3,18,18,8,24,6,1,4,10,5,4,1,16,7,10,8,11,0,0,1,23,0
"ENSG00000280180.1",0,0,1,0,0,0,1,0,0,0,0,0,0,97,17,0,0,1,0,0,2,0,1,0,1,0,0,0,0,2,1,0,5,0,3,0,0,0,0,0,0,0,0,0,0,0,0,0,0,0,0,29,0,5,0,0,0,0,0,0,0,8,0,12,0,0,0,1,0,0,1000,0,0,0,0,0,0,0,0,14,17,174,0,0,18,0,0,1,0,0,0,3,1,0,0,0,0,30,0,0,0,0,0,0,0,0,0,0,88,0,1,0,0,0,0,0,1,0,0,12,0,0,0,1,1,0,0,34,0,0,0,0,5,1,0,0,0,0,0,0,0,0,233,0,1,0,0,0,0,0,2,0,0,0,0,0,0,0,0,3,11,0,0,0,0,23,5,1,0,10,0,0,1,0,0,0,0,137,1,1,0,0,0,1,0,1,7,1,0,38,0,0,0,34,0,0,0,0,0,0,0,1,0,0,0,0,0,0,0,0,0,0,0,1,0,0,0,0,2,0,0,34,0,1,0,0,0,0,0,0,0,1,0,1,0,0,2,0,0,0,0,0,0,0,0,0,0,0,0,0,0,0,0,0,0,1,0,1,0,0,275,1,0,10,0,0,0,0,194,0,3,0,12,0,1,0,0,0,0,28,194,2,0,0,0,0,0,0,1,0,1,1,0,0,0,7,0,0,0,0,0,0,0,0,1,0,0,0,7,2,0,0,0,0,1,0,94,0,0,1,0,4,0,0,4,0,0,0,0,0,223,0,0,0,0,0,0,0,0,0,0,0,0,1,0,19,0,0,1,0,0,2,0,186,0,0,0,1,0,0,0,0,0,0,0,0,0,0,0,1,0,0,0,1,90,1,220,0,0,10,0,14,1,0,1,0,0,0,0,0,0,0,1,0,0,0,0,0,0,0,0,0,6,0,0,0,0,0,1,0,0,0,1,0,0,0,47,1,0,1,0,0,0,0
"ENSG00000280217.1",0,0,0,1,1,0,1,1,1,0,2,1,0,1,6,0,0,0,0,1,0,1,2,0,0,0,0,0,0,0,1,18,0,1,0,60,1,0,1,1,0,0,1,0,1,0,0,0,0,0,0,113,0,0,1,1,0,0,1,0,1,2,0,0,2,0,0,1,1,12,1,0,0,0,0,0,1,2,0,1,0,1,0,4,3,0,0,1,36,0,0,0,1,0,1,0,0,3,0,0,1,0,0,0,10,1,0,0,3,0,0,0,0,0,0,1,1,1,0,0,0,0,0,0,0,0,0,0,0,0,0,0,0,1,30,0,0,0,1,0,0,1,41,0,0,243,5,0,0,1,0,0,1,0,0,0,0,1,0,0,0,0,0,0,0,0,3,0,0,0,0,3,1,0,2,0,0,0,1,0,1,68,0,0,0,1,0,2,0,1,0,0,32,1,0,0,0,1,15,1,0,4,0,0,0,0,0,3,0,1,2,0,1,0,0,1,0,1,0,0,0,0,0,1,0,0,2,1,0,0,17,5,2,0,0,0,0,1,0,1,16,0,0,12,0,0,1,0,2,0,0,0,0,2,0,0,1,1,1,0,0,1,0,0,1,0,1,0,0,0,1,1,0,0,1,0,0,0,1,0,1,0,0,0,0,0,0,9,0,1,0,0,0,0,0,2,1,0,0,0,0,1,0,0,0,0,0,24,0,0,0,1,0,74,5,170,0,1,4,0,0,3,0,0,0,2,0,0,0,1,4,1,0,1,0,0,0,1,0,1,0,0,0,0,0,0,0,0,0,1,0,4,1,0,0,0,0,12,1,0,2,0,0,8,0,1,1,0,0,0,0,1,0,0,2,0,1,0,3,3,0,0,0,1,0,1,0,0,0,0,0,0,0,0,0,0,13,0,0,0,5,0,4,1,0,1,1,0,0,1,0,0,1,1,0,1,0,0,0,0,0,0,2,0
"ENSG00000280236.3",4,0,0,0,0,0,1,1,0,0,1,0,1,2,5,0,0,0,0,54,0,0,0,0,0,0,0,0,2,2,15,18,0,0,0,0,1,0,0,0,0,66,341,0,0,0,1,0,0,0,0,1,0,0,0,0,0,26,0,0,0,0,0,0,0,11,0,0,0,1,0,0,14,0,0,0,18,0,4,0,0,0,0,0,0,0,0,0,0,0,0,0,35,0,0,0,0,0,9,0,0,0,12,0,0,0,0,0,23,250,0,0,0,9,17,0,29,0,0,0,0,0,0,0,1,0,2,1,0,0,0,0,5,0,0,0,0,0,0,0,0,4,12,0,5,9,0,0,41,0,0,0,0,0,0,0,0,0,0,0,0,0,0,0,1,1,0,15,0,0,0,0,0,0,0,0,0,0,1,0,0,0,0,0,0,0,0,0,0,0,0,0,0,0,0,0,0,1,0,0,0,0,1,0,0,0,0,0,0,0,0,0,0,0,0,69,0,0,0,0,0,0,0,0,0,0,1,13,5,0,12,0,0,0,0,0,0,0,0,0,0,0,0,0,59,0,0,0,0,0,0,1,0,1,0,0,0,0,0,0,0,0,51,37,0,0,9,0,0,0,0,0,0,0,0,2,7,0,0,0,0,5,0,0,0,0,0,0,0,0,1,0,0,0,0,0,1,0,0,13,0,0,5,0,0,0,0,0,0,2,0,0,0,0,0,2,35,13,0,2,10,2,0,12,0,0,0,0,0,0,0,0,0,0,0,0,0,0,1,0,0,0,0,0,0,0,0,2,14,0,0,0,0,77,0,0,13,223,159,0,0,0,2,1,2,0,1,35,0,0,0,0,0,1,0,0,0,0,0,0,0,0,0,0,0,0,0,0,0,0,0,0,0,0,0,0,0,12,2,0,0,0,0,0,3,0,0,11,0,0,0,0,0,0,0,0,0,0,3,0,0,0,0,0
"ENSG00000280366.1",0,0,0,0,0,0,0,0,0,0,0,0,0,0,0,0,0,0,0,2,1,0,0,0,0,0,0,0,0,5,0,6,0,2,0,0,0,0,0,0,0,5,0,0,4,0,0,0,0,0,0,0,0,0,0,0,0,0,0,0,0,0,0,0,0,0,0,0,0,0,1,0,0,0,0,0,0,0,0,0,0,0,0,0,0,0,0,0,2,0,0,0,0,0,0,0,0,0,0,0,0,0,0,0,0,0,0,0,8,0,0,0,0,0,0,0,2,0,0,0,0,0,4,0,0,0,0,0,0,0,0,0,0,0,0,0,0,0,0,0,7,0,2,0,0,0,0,0,0,0,0,0,0,0,0,0,0,0,0,0,0,0,0,0,0,0,0,2,0,0,0,0,0,0,0,0,0,0,0,0,0,1,0,0,0,0,3,0,0,0,0,0,0,0,0,0,1,0,0,0,0,0,0,0,2,0,0,0,0,0,0,0,2,0,0,0,0,0,0,0,0,0,0,0,3,1,0,1,0,0,0,0,0,0,0,0,1,0,0,0,2,2,0,0,0,0,0,0,0,0,0,0,0,0,1,3,2,0,0,2,0,0,1,0,5,1,2,0,0,3,0,1,3,2,0,0,0,6,0,0,0,0,0,0,0,0,2,0,0,0,1,0,0,0,0,0,0,0,1,0,1,0,0,1,0,0,0,0,0,0,0,0,0,0,0,0,0,0,0,0,0,0,0,0,0,0,4,0,0,2,0,0,0,0,0,0,0,0,0,0,0,0,0,0,0,0,0,0,3,6,0,11,0,0,0,0,0,1,0,0,0,0,0,3,0,0,0,0,0,0,0,0,0,0,0,0,0,0,0,0,0,0,0,0,0,0,0,0,0,0,0,0,1,0,0,0,0,0,1,0,3,0,0,0,1,1,0,0,0,0,0,0,0,0,0,0,0,0,0,0,0,0,0,0
"ENSG00000280409.1",5,0,0,0,11,0,0,0,0,0,100,5,8,2,0,1,3,3,0,2,0,1,0,6,0,8,5,4,35,1,23,0,7,0,10,2,0,0,378,86,0,12,11,5,0,12,0,0,1,0,0,12,1,6,36,0,26,3,1,0,3,0,14,0,0,14,0,0,0,9,27,0,0,0,2,0,7,0,9,0,2,0,0,0,0,0,0,0,1,6,0,246,2,0,11,0,0,0,31,3,4,0,8,6,0,1,4,0,189,0,1,1,0,1,0,4,1,0,2,38,0,0,0,162,0,0,1,1,1,7,1,1,44,0,3,1,0,0,4,0,0,5,1,1,7,1,8,0,3,0,0,1,124,0,1,4,1,0,4,1,0,0,0,8,5,1,0,7,0,0,9,3,21,1,1,0,0,75,0,25,0,0,7,0,0,4,0,0,94,0,0,0,10,1,0,0,0,9,0,3,0,0,0,0,0,2,0,5,3,0,0,18,1,0,3,0,3,7,1,28,1,0,6,0,0,0,23,0,1,3,4,0,0,3,0,0,0,2,0,0,6,0,0,1,21,1,2,17,0,0,0,33,0,3,0,0,0,5,4,18,0,1,14,12,0,9,1,1,0,0,7,0,3,0,0,12,30,0,2,28,3,0,0,1,0,0,0,0,8,1,6,2,19,0,1,25,2,2,0,0,13,3,2,0,0,1,0,0,5,1,0,26,18,8,2,3,0,25,15,3,12,0,0,7,1,0,1,21,1,2,4,1,2,0,0,0,14,5,393,54,1,37,1,6,2,0,0,5,14,0,0,10,0,12,6,0,8,1,9,102,1,0,5,11,23,1,3,0,3,0,0,4,10,15,0,0,0,0,0,1,0,0,0,0,0,1,7,31,0,0,4,0,0,3,3,0,1,28,8,0,2,6,2,4,2,0,0,0,0,1,1,0,0,0,0,0,0,1,17,2,1,0,20,1
"ENSG00000280683.1",0,0,0,0,0,0,0,0,0,0,0,0,0,45,31,0,0,0,0,0,0,0,0,0,17,1,0,3,1,12,0,0,1,0,0,0,15,0,0,0,0,0,0,0,0,0,0,9,0,0,0,43,0,3,0,0,0,0,0,0,0,2,0,1,0,0,0,0,0,0,36,0,1,0,0,0,0,0,0,15,36,23,0,0,10,0,0,0,0,0,0,0,0,0,0,0,0,3,0,0,0,5,0,0,0,0,0,0,14,0,0,0,0,0,0,3,0,0,0,0,0,8,0,0,5,0,0,13,0,4,0,0,32,0,0,0,0,0,9,4,0,0,2,0,0,3,0,0,0,0,0,0,0,10,2,0,0,0,5,32,2,0,0,0,0,26,1,0,0,2,0,2,0,105,0,0,0,1,0,17,0,0,0,19,5,0,1,0,0,10,0,0,0,3,2,0,0,0,0,0,0,0,0,74,0,3,0,0,0,1,0,0,8,0,0,2,0,0,5,0,0,3,0,0,0,0,0,46,0,0,0,8,0,0,0,5,0,0,0,0,0,2,0,0,0,0,2,0,0,0,0,0,0,0,0,0,0,0,1,10,8,10,0,0,0,0,0,0,23,0,3,0,4,0,0,0,0,0,0,24,1,5,1,0,0,0,0,0,0,0,1,0,0,1,0,27,47,0,1,0,0,0,1,0,0,0,0,3,3,3,0,0,2,0,0,0,23,0,0,1,0,0,0,0,0,0,0,0,0,0,1,0,0,0,0,0,0,0,0,0,0,0,0,0,26,14,0,0,0,0,0,0,0,15,0,0,0,0,0,0,0,2,0,0,0,0,0,0,0,1,0,0,0,0,38,0,18,0,0,2,0,0,8,0,0,2,0,6,0,0,0,0,0,0,0,0,11,0,0,0,0,1,0,0,0,0,0,0,0,0,0,0,0,0,0,0,9,0,0,0,0,0,0,0
"ENSG00000280776.2",0,0,0,0,0,0,0,0,0,0,0,1,0,0,1,0,0,1,0,0,0,0,1,0,0,68,0,1,1,88,52,0,0,1,1,0,0,0,0,0,0,0,0,0,0,0,0,0,0,0,0,0,0,0,0,0,0,0,0,0,0,0,1,0,2,0,0,0,0,0,1,0,5,0,0,0,0,0,2,39,0,0,0,0,1,0,0,0,0,3,0,93,21,0,0,0,0,29,6,0,0,0,0,0,0,0,0,0,7,4,0,0,0,0,0,36,0,0,64,22,0,4,0,0,14,0,0,0,0,77,0,0,6,0,0,0,0,0,14,5,0,0,57,0,0,0,1,0,0,0,0,0,0,116,0,0,6,0,0,0,0,0,0,0,0,4,6,0,0,14,1,3,0,19,0,11,0,13,0,5,0,7,0,0,0,0,3,0,0,34,0,0,0,1,1,28,0,0,0,0,0,0,0,2,0,7,0,0,0,0,0,0,0,10,8,29,0,0,1,0,0,6,0,0,0,0,0,0,0,0,0,2,0,1,0,7,0,0,0,10,0,1,1,0,0,2,8,0,0,5,0,0,0,8,0,0,0,0,1,3,9,0,0,21,0,0,0,0,3,0,0,0,3,0,0,0,11,0,0,16,11,20,14,0,0,0,0,0,0,0,0,0,0,1,0,1,5,0,0,0,0,0,5,0,0,0,0,0,12,1,1,0,0,0,0,1,3,0,0,38,0,0,0,0,0,0,0,0,0,0,2,0,2,0,6,0,0,0,0,0,0,0,1,0,2,5,0,0,3,0,0,0,0,29,0,0,0,0,0,0,15,0,0,0,0,0,4,0,0,5,0,9,7,1,0,0,3,0,0,18,0,0,0,0,0,0,0,12,3,0,0,0,0,0,0,0,21,22,0,0,0,0,0,0,0,0,20,5,0,0,0,0,1,0,0,0,2,0,10,0,0,0,0,2
"ENSG00000280800.1",1,0,2,0,1,0,0,0,0,0,0,1,0,0,2,1,0,0,0,0,0,0,2,0,0,2,0,0,0,0,0,0,0,1,0,0,0,0,0,0,0,12,0,0,1,0,0,0,0,0,0,1,0,0,0,0,0,0,0,1,1,0,0,0,0,0,0,0,0,1,0,0,0,0,0,1,0,0,0,0,0,0,1,1,0,0,0,0,0,0,1,0,0,39,0,1,0,0,0,0,0,1,0,0,0,0,0,0,0,0,0,1,0,0,0,0,0,0,0,3,0,0,0,0,1,0,0,0,0,0,0,77,0,1,0,0,2,0,0,0,0,0,0,0,0,0,0,0,0,0,27,0,1,0,0,0,0,2,1,0,0,0,0,0,0,0,0,0,0,0,0,0,0,1,0,0,0,0,0,0,0,0,1,0,0,0,1,0,0,0,0,307,0,0,105,0,0,1,0,303,0,0,0,0,0,0,0,0,0,1,0,1,1,0,0,0,0,0,0,0,0,0,0,0,0,0,0,1,0,0,1,0,0,0,0,0,0,2,0,0,1,0,0,0,0,0,0,0,0,2,0,3,0,0,0,1,0,1,0,7,0,1,0,0,0,0,0,0,0,32,1,0,0,0,0,0,0,2,0,0,0,0,0,0,0,0,0,1,1,0,0,0,0,0,2,0,1,0,0,0,0,0,0,0,0,0,0,0,1,0,0,0,0,0,0,0,0,2,0,1,2,0,0,0,1,0,0,1,0,0,0,0,0,0,0,0,0,0,1,1,0,0,0,0,0,0,0,0,0,0,0,1,0,0,0,0,0,1,0,0,0,0,0,0,0,0,0,2,0,0,0,0,0,0,0,2,1,0,1,0,0,0,1,0,0,0,1,0,0,0,0,0,0,0,1,0,0,0,0,0,0,0,0,0,0,0,0,0,0,0,0,0,0,0,0,0,0,1,0,3,3,0,1,0
"ENSG00000280870.3",3,1,6,37,0,18,1,1,22,0,96,220,88,38,5,18,1,86,40,19,46,7,3,57,3,4,70,61,0,30,0,5,35,10,23,29,163,2,241,447,17,0,10,396,18,0,5,23,1,0,11,1,4,75,183,0,99,59,122,0,255,0,271,4,1,44,2,559,3,1,1,31,13,3,11,14,1,4,70,18,163,0,0,4,6,7,11,123,6,20,9,1058,5,0,13,0,213,4,68,0,87,40,0,412,10,2,35,5,0,0,27,8,2,2,9,88,4,45,120,725,588,12,4,143,21,1,9,0,26,6,24,5,36,24,1,7,146,1,6,3,9,0,6,19,1,0,6,0,11,0,8,11,123,105,18,68,63,39,246,123,0,34,38,1,0,6,5,1,0,1,46,12,311,21,24,42,56,61,9,625,1,47,42,5,297,0,2,332,13,5,50,6,3,150,40,1,14,38,0,2,86,7,4,25,6,27,1,36,2,20,25,23,30,7,39,0,175,76,26,27,2,21,11,1,18,2,555,0,3,221,0,10,35,608,48,130,1,122,95,34,23,37,278,4,2,34,47,151,152,237,10,1,5,0,4,21,3,0,182,0,47,2,0,0,3,5,3,24,69,6,33,7,0,13,118,2,5,6,75,1,12,61,54,6,196,5,4,2,14,2,30,1,0,118,111,0,1,324,0,0,11,2,4,5,6,5,62,18,64,138,237,0,168,2,98,0,96,0,0,16,2,0,2,0,86,11,61,93,48,3,271,4,6,14,87,1,312,0,131,14,0,260,7,4,0,3,76,0,1,7,16,1,15,20,102,14,4,1,6,10,27,64,42,3,2,38,12,40,60,5,0,80,0,100,177,3,78,15,3,11,22,3,8,1,23,20,4,86,4,0,27,111,1,42,7,0,64,5,70,1,4,45,8,150,0,0,1,11,2,0,15,4,19,21,0,0,1,0,24,15,2,52,136,4
"ENSG00000280916.2",35,0,35,2,1,2,1,1,0,15,7,2,0,144,42,6,1,2,0,0,0,1,20,1,26,0,0,5,7,3,1,1,1,2,0,1,1,1,0,1,3,13,0,38,4,0,0,8,0,0,1,1,3,6,66,1,8,0,1,0,1,78,0,0,0,1,0,1,1,2,14,3,7,0,3,1,1,1,2,0,3,3,2,1,1,2,3,2,11,0,3,3,0,0,4,0,1,0,1,2,1,1,94,0,0,3,2,0,34,2,5,1,4,0,4,2,6,0,0,0,1,1,7,1,1,0,4,1,0,7,1,0,2,0,3,2,1,0,0,2,0,4,7,0,5,7,0,1,0,14,0,1,1,3,1,1,4,1,1,8,9,1,1,1,2,2,2,112,0,2,2,18,0,78,1,0,0,4,9,1,0,6,4,1,0,0,1,2,35,0,0,0,4,0,1,0,0,3,0,1,2,1,1,2,1,4,17,2,3,0,0,0,0,2,8,14,0,0,14,0,1,0,0,1,0,0,2,16,0,2,1,0,0,3,0,1,0,24,0,7,1,2,4,0,1,0,0,0,2,1,0,2,0,0,0,0,2,0,4,9,0,1,6,0,1,2,9,1,2,0,0,0,0,0,1,0,0,1,4,0,12,0,2,0,0,2,0,0,0,0,0,0,3,0,22,5,58,1,1,35,0,0,1,3,0,2,1,2,0,0,0,4,0,2,2,23,1,2,6,2,8,8,0,1,9,1,0,37,2,0,2,3,1,0,2,0,0,1,16,1,1,2,4,1,1,0,0,0,6,5,0,1,1,5,0,2,0,559,4,0,1,1,3,0,50,4,0,1,0,1,0,5,1,0,158,1,1,0,1,14,0,0,14,0,0,0,5,0,1,0,1,0,0,2,0,3,1,3,5,0,1,2,5,0,2,5,1,1,1,5,0,1,1,0,28,0,0,47,3,2,1,0,12,1
"ENSG00000280924.1",6,0,0,3,13,4,0,1,0,20,2,5,0,12,24,0,8,7,8,0,2,0,1,2,1,5,0,12,2,9,6,17,1,5,3,7,1,5,9,5,0,7,3,0,1,6,2,4,2,2,0,11,1,5,2,7,1,7,7,14,1,28,5,4,1,12,0,0,11,7,7,2,0,0,3,0,3,3,4,0,0,13,5,2,3,0,2,5,2,2,6,16,2,3,1,1,3,10,29,10,7,0,57,0,2,2,11,0,10,6,3,2,1,6,4,2,51,2,5,11,1,11,0,4,4,0,3,8,3,9,1,0,18,3,8,1,7,0,28,0,0,23,2,0,0,33,4,7,6,56,0,0,9,11,0,16,2,3,8,6,17,1,12,9,7,22,4,31,9,26,2,0,2,6,3,0,4,2,4,7,0,1,6,7,4,6,2,3,2,5,2,2,14,11,1,16,1,8,2,21,3,4,10,49,0,34,0,4,4,6,2,4,18,4,0,15,6,1,4,6,1,2,6,3,1,0,1,14,14,2,10,1,2,0,0,7,0,3,3,6,2,4,1,0,9,7,8,0,1,6,1,7,2,3,1,2,1,6,2,29,6,7,37,10,5,8,10,0,2,0,17,0,7,0,3,14,46,0,1,5,18,13,0,0,3,0,1,1,26,11,2,0,5,2,2,15,34,3,6,6,5,0,1,2,2,0,0,1,1,6,0,13,3,6,9,9,10,5,2,1,5,3,0,5,7,7,2,5,7,0,2,1,0,3,13,1,0,69,1,2,0,1,4,12,16,9,1,5,2,1,0,11,2,13,1,0,9,6,17,4,3,0,3,4,6,3,7,3,1,3,5,1,1,2,15,0,3,1,0,3,28,7,3,0,0,13,4,11,14,11,9,1,0,7,2,3,1,22,4,0,4,4,1,1,2,0,18,1,3,3,2,5,0,1,8,2,4,0,14,1,0,2,20,4
"ENSG00000281327.2",5,0,1,2,1,8,0,0,0,1,36,4,11,3,18,0,1,3,6,3,2,0,0,0,0,2,0,1,39,2,0,0,3,1,0,4,36,0,90,77,0,0,2,38,0,0,0,1,3,0,9,12,0,2,43,0,157,0,0,0,223,0,219,1,1,53,1,4,1,0,8,3,0,0,0,1,0,0,19,1,111,0,4,0,0,3,0,30,4,0,0,13,0,4,23,0,291,1,95,0,0,0,0,0,0,6,0,0,21,2,2,0,7,0,0,3,1,11,3,90,0,1,1,7,0,0,0,3,1,2,0,0,0,0,0,0,257,0,0,0,0,1,4,0,8,0,14,1,5,0,0,0,0,17,1,17,1,7,3,5,1,1,0,1,0,0,16,1,0,1,0,1,253,2,0,0,0,9,1,11,0,1,38,0,0,0,0,0,0,1,1,3,0,2,2,0,0,0,0,0,1,0,2,4,0,90,0,1,0,0,0,2,2,69,2,1,1,42,6,0,0,0,0,0,0,0,234,0,0,20,1,0,0,0,3,14,0,90,0,2,0,0,161,1,1,21,0,3,2,2,0,43,0,0,0,0,0,0,178,0,15,0,5,157,0,10,2,0,2,1,0,0,44,0,1,1,38,1,87,4,1,13,0,0,1,0,0,0,3,2,0,20,15,1,46,17,1,66,1,0,1,2,94,0,0,1,1,2,1,169,465,35,0,0,6,1,99,5,3,0,17,1,0,0,0,1,0,149,42,0,72,0,0,0,24,0,51,0,51,1,0,1,0,0,22,1,1,11,4,0,0,0,0,71,49,0,31,4,3,0,1,0,65,5,0,1,5,5,108,0,0,32,8,74,7,0,2,0,0,0,2,0,1,0,0,0,10,0,0,0,0,334,0,3,8,0,0,25,81,0,0,1,1,0,2,1,3,119,0,5,0,1,0,1,0,0,4,13,1,0,0,0,125,0
"ENSG00000281333.2",0,2,2,0,1,2,0,0,2,2,0,3,0,29,90,0,0,4,2,0,0,0,1,2,23,32,0,3,0,11,0,9,0,1,0,1,5,0,4,3,6,2,4,6,1,2,0,1,1,1,1,0,0,0,6,3,6,4,3,0,12,10,21,1,5,0,0,11,0,8,25,3,0,0,0,1,0,0,18,3,3,0,14,0,3,3,4,7,1,6,1,21,7,0,8,1,11,12,14,3,0,2,10,2,1,4,24,0,28,1,1,2,2,4,1,4,11,2,0,14,7,0,4,45,4,0,0,0,2,14,0,0,27,0,16,1,0,0,37,0,0,8,4,2,1,30,2,2,0,1,0,1,8,13,2,13,1,0,0,5,0,1,2,2,0,5,0,8,9,6,1,1,0,8,0,3,5,22,45,6,0,1,1,8,10,1,1,1,0,3,1,9,4,2,1,24,2,37,1,11,0,11,1,0,1,34,1,1,2,1,0,0,16,2,8,2,3,0,1,20,0,0,0,1,1,1,31,34,0,0,5,3,1,4,23,11,0,9,0,7,1,1,12,2,12,16,5,7,0,12,0,3,0,8,1,3,0,0,2,4,5,0,24,22,0,0,14,1,1,0,3,0,29,1,2,10,7,0,4,17,0,7,6,2,2,0,1,0,0,2,0,0,0,25,3,2,12,6,27,2,6,3,1,1,0,0,0,3,6,11,4,8,8,0,4,4,9,4,1,0,1,11,2,52,10,1,1,17,5,0,38,0,3,7,12,1,0,6,1,1,1,10,2,5,4,0,0,0,8,0,0,2,8,8,6,0,0,8,0,4,2,0,14,1,0,2,22,13,0,3,0,11,2,2,21,3,4,0,1,3,29,1,0,0,0,4,9,4,6,4,5,1,0,0,0,1,16,13,3,1,0,11,0,0,17,2,18,26,3,1,2,1,0,4,1,0,6,4,83,2,0,1,52,1
"ENSG00000281398.4",247,4,71,90,81,160,237,24,36,139,100,130,219,1160,919,7,29,251,54,237,211,37,79,38,44,61,220,19,29,131,317,440,174,59,44,67,75,34,226,166,28,754,134,93,26,29,46,68,8,13,62,75,31,393,78,101,11,255,12,15,28,41,78,10,29,245,32,59,165,63,319,135,36,13,24,6,330,30,373,121,331,104,407,146,138,19,23,67,160,83,261,147,171,172,56,4,28,23,535,39,36,42,78,15,105,457,98,13,397,158,68,40,47,22,83,84,119,234,714,1923,27,35,10,661,160,19,19,42,214,304,46,11,887,77,162,7,89,5,70,13,5,210,296,24,151,441,235,436,453,75,6,38,205,97,27,226,130,314,226,69,62,86,94,84,235,30,956,254,26,35,44,77,220,11,72,42,89,232,394,104,7,74,182,114,55,54,127,36,62,5,60,347,40,281,9,82,14,202,34,168,19,30,317,95,11,313,18,55,22,72,52,43,346,139,69,100,73,22,85,306,9,7,62,59,31,13,45,123,19,309,86,42,104,52,19,264,7,73,117,78,15,106,33,71,492,584,165,35,136,59,5,114,11,650,9,66,10,46,269,96,82,32,244,326,21,96,119,33,27,16,216,10,368,3,242,115,314,4,34,25,47,177,43,6,42,555,14,73,187,124,27,74,87,258,59,617,35,169,91,404,114,22,1559,34,112,21,27,41,93,114,48,108,69,256,352,79,288,219,46,110,149,449,10,299,111,67,21,70,160,11,200,59,57,145,135,33,77,119,55,100,5,68,120,1238,44,8,40,70,353,9,38,146,50,219,78,20,338,1840,333,142,48,36,98,926,726,71,82,623,45,97,28,257,20,81,45,18,54,62,34,14,43,38,80,18,63,252,124,87,251,35,374,63,5,139,36,76,57,193,103,11,144,65,36,74,207,79,363,681,4,36,100,22,15,15,43,21,30,311,20,22,4,20,80,25
"ENSG00000281566.3",0,1,0,0,0,0,5,0,0,0,0,9,1,92,35,2,0,0,0,0,0,0,2,2,39,8,46,2,0,49,0,0,74,14,0,0,21,0,33,29,0,0,47,47,1,0,0,6,0,0,0,4,0,110,0,60,0,1,0,0,0,46,0,11,0,0,1,2,0,0,53,0,24,1,0,0,0,0,67,46,96,34,0,0,74,0,0,31,0,0,0,133,37,0,0,0,0,3,155,0,0,0,0,0,0,0,5,0,78,68,0,0,0,27,0,43,0,17,0,118,37,48,0,0,0,0,0,33,0,0,1,0,61,0,1,0,0,0,220,1,0,0,6,0,0,21,1,0,1,0,0,0,7,96,1,1,0,0,68,19,10,0,0,0,0,35,48,1,4,148,0,4,6,268,1,25,53,73,0,0,0,0,0,0,6,0,54,0,1,22,0,3,0,1,3,24,0,0,0,0,1,2,0,7,0,119,0,0,30,2,0,0,0,2,67,0,0,27,5,148,0,15,15,0,0,0,5,0,0,35,0,4,0,0,0,129,5,0,3,1,0,0,0,0,0,1,48,0,0,1,1,0,0,0,0,0,0,0,58,29,59,11,0,172,0,0,0,0,3,0,71,0,10,0,24,1,0,0,0,117,32,22,83,0,0,0,0,0,0,2,0,0,0,54,0,0,159,1,0,0,0,0,1,0,9,0,0,2,3,41,36,0,34,0,0,0,18,0,0,14,0,0,0,0,7,0,0,0,2,0,45,0,0,0,0,0,0,0,0,0,0,0,32,1,93,38,21,0,0,0,0,0,0,100,0,0,0,0,0,0,72,0,1,1,0,1,0,0,0,19,0,21,7,7,115,0,151,0,0,0,114,81,9,0,0,0,0,46,22,0,0,0,0,0,0,0,37,30,0,1,0,0,0,0,0,0,34,94,1,0,0,0,0,0,68,0,77,0,0,0,0,0,0,0
"ENSG00000281706.3",6,0,8,2,3,17,4,0,1,38,0,0,3,13,16,3,2,1,0,10,12,2,1,1,1,0,36,1,0,4,0,0,3,0,0,8,6,0,0,1,1,44,1,0,4,2,0,6,1,0,2,16,3,19,0,0,5,1,1,0,1,5,0,1,2,1,6,1,2,10,3,3,0,0,0,2,43,1,44,28,2,0,91,7,0,3,0,1,16,3,5,33,0,30,0,1,0,1,3,20,0,0,35,0,4,1,2,1,119,0,35,9,2,4,9,1,44,2,1,2,0,3,3,4,2,1,2,2,54,38,3,0,11,0,10,0,1,2,0,0,0,4,80,1,16,1,19,0,66,3,1,4,0,2,3,0,0,2,5,2,4,26,23,2,8,7,45,2,0,7,4,3,0,133,51,2,6,3,151,0,0,1,0,2,2,0,2,1,2,0,0,54,10,14,0,0,3,0,1,2,0,1,73,9,0,2,0,2,6,0,2,13,1,9,8,46,0,0,6,5,0,7,35,0,1,1,0,0,1,2,1,1,11,6,0,2,1,1,1,1,10,3,0,0,5,34,10,14,1,0,1,0,0,4,3,1,0,18,0,11,1,2,3,3,1,1,4,0,5,2,2,3,59,1,2,9,12,0,0,22,0,58,0,3,0,4,0,6,36,1,5,5,3,2,2,119,6,0,5,37,4,1,66,0,53,1,4,5,2,0,0,0,0,3,1,2,31,38,10,4,3,5,0,1,2,18,1,0,0,0,4,8,3,1,3,2,0,4,0,12,1,7,8,7,2,0,0,2,15,0,2,35,0,1,1,0,53,17,3,1,0,3,0,23,110,0,1,19,1,0,2,1,4,2,12,1,1,4,0,0,0,4,0,3,2,3,41,0,6,0,88,0,0,0,21,1,2,9,8,0,2,0,2,2,2,5,13,0,3,5,3,1,1,1,0,0,1,5,2,0,2,3,0,4
"ENSG00000282012.1",0,0,10,0,0,0,2,0,0,0,0,0,0,3,3,0,0,5,0,1,0,0,1,1,0,0,7,0,0,1,0,0,0,0,0,5,1,1,0,0,1,45,0,0,0,0,0,1,0,0,1,0,0,0,0,0,1,0,0,0,0,0,0,1,0,1,0,0,0,0,1,0,2,0,1,0,0,0,0,0,1,0,0,4,0,0,0,2,6,4,1,8,0,0,1,0,0,0,1,124,0,0,1,0,0,0,2,0,1,0,0,0,2,1,1,0,0,0,0,2,0,0,0,0,7,0,0,0,0,0,0,1,0,0,1,1,1,0,1,0,0,4,0,0,0,54,2,0,2,0,0,0,1,0,1,1,2,2,3,0,0,1,0,0,0,0,0,74,0,0,0,1,2,0,0,1,5,0,0,0,0,1,0,2,0,1,0,3,0,0,2,0,11,0,0,0,0,1,0,0,0,1,2,2,0,0,6,2,0,0,1,2,3,0,1,0,1,4,1,2,0,0,1,0,0,0,0,1,2,1,1,1,2,1,0,0,0,1,0,1,1,0,1,1,0,1,0,20,0,2,0,0,0,0,0,0,0,0,2,1,0,0,22,1,0,0,2,0,1,0,0,2,5,0,1,0,3,0,0,0,0,1,0,0,0,1,0,7,0,2,0,5,5,1,2,0,47,1,1,0,0,8,1,0,2,2,1,1,0,0,0,0,0,8,2,0,0,9,1,0,0,0,0,0,1,1,1,0,16,0,0,5,0,3,1,0,1,0,1,0,0,1,0,2,3,2,4,4,4,1,0,0,3,0,0,0,2,14,0,0,0,3,0,0,0,0,0,7,0,0,1,2,2,2,0,0,0,0,0,0,1,0,1,2,0,0,2,0,0,0,0,1,0,2,0,1,0,0,0,0,0,0,0,0,0,30,0,4,1,3,1,1,2,3,0,1,0,1,1,0,0,0,1,0
"ENSG00000282142.2",0,0,0,0,0,0,0,0,1,0,1,0,0,0,0,0,0,0,0,0,0,2,0,3,1,0,0,0,0,0,0,0,0,0,0,0,0,0,0,0,0,0,0,0,2,0,0,0,1,0,1,0,0,1,0,0,0,0,0,0,2,0,0,0,1,0,0,0,0,0,1,1,1,0,0,0,0,0,0,0,0,0,0,0,0,0,0,0,0,0,0,1,0,0,0,0,0,0,0,0,0,3,0,0,0,0,0,3,1,0,0,2,0,0,0,0,0,0,0,0,0,0,1,0,0,1,1,0,2,1,1,1,0,0,0,2,0,1,0,0,1,0,0,3,1,0,0,0,0,0,0,1,0,0,0,0,0,0,0,0,0,0,0,1,0,0,0,0,0,0,0,0,0,0,0,1,0,0,0,1,1,0,1,0,1,0,0,0,0,1,0,0,0,0,0,0,2,0,0,0,1,0,0,0,0,0,1,0,0,0,0,0,0,0,0,0,0,0,0,0,0,0,0,0,1,1,0,0,0,0,0,0,0,0,0,0,1,0,0,0,0,0,0,2,0,0,0,0,1,0,0,0,0,0,7,4,0,0,0,0,0,0,0,0,3,0,0,5,0,1,0,0,0,1,0,0,0,0,0,0,0,0,0,0,0,0,2,0,0,0,0,0,0,0,0,0,0,0,0,0,1,0,0,1,0,0,0,0,1,0,1,0,0,0,2,0,0,0,0,0,1,0,0,0,0,0,0,0,0,2,3,1,0,1,0,2,0,0,0,1,2,0,0,0,0,0,0,0,0,3,3,0,0,0,0,2,0,0,0,0,0,0,0,0,0,0,0,0,0,0,0,0,0,0,0,0,0,1,1,0,0,0,0,0,2,0,0,0,0,0,0,0,0,0,0,0,0,0,2,0,0,0,0,0,0,0,0,0,0,0,0,0,0,0,0,0,0,0,0,2,2,0,0,3
"ENSG00000282317.1",0,0,4,1,10,2,0,0,1,0,0,1,0,19,1,0,0,4,0,0,8,0,11,32,0,53,1,2,1,0,9,0,1,0,0,1,0,0,1,1,0,1,0,1,0,0,0,4,0,0,20,1,0,1,0,0,1,0,1,0,8,4,1,0,1,0,0,0,0,4,16,0,0,1,1,0,10,2,1,0,0,7,0,0,6,0,0,13,2,1,1,8,2,0,3,0,0,2,0,0,0,0,52,0,0,4,0,0,21,4,1,3,0,0,0,1,1,0,2,10,1,0,0,1,2,0,0,0,0,55,0,0,2,0,1,1,1,0,0,0,0,1,0,0,3,2,1,0,0,2,0,0,0,1,0,2,0,0,1,1,1,2,1,1,0,2,3,2,1,3,15,0,0,11,0,0,5,0,1,9,0,1,6,0,0,1,29,0,0,0,1,11,1,0,0,1,0,4,5,44,0,0,0,3,0,0,0,1,1,0,0,3,3,0,0,0,2,1,0,0,0,0,0,0,0,0,16,0,1,0,0,1,0,0,0,0,1,0,0,0,1,1,0,0,1,1,0,3,0,1,0,0,1,0,0,9,0,1,2,2,6,0,0,0,0,0,2,0,2,0,2,0,0,1,0,5,3,0,1,9,8,5,0,0,0,1,0,1,0,2,1,2,0,2,0,10,0,2,0,0,2,0,0,0,1,0,1,0,1,0,3,42,0,11,0,0,0,2,20,1,0,14,0,10,2,0,0,0,1,0,0,4,0,0,3,0,0,0,0,0,0,0,0,0,5,0,0,0,2,0,0,2,1,0,0,0,2,9,2,0,0,0,0,0,2,0,2,1,2,1,5,0,1,1,26,1,2,0,1,2,0,4,0,1,0,2,3,0,0,13,0,6,0,0,0,1,9,3,1,0,0,16,0,1,0,1,0,0,0,1,0,1,0,0,1,4,3,1,1,0,0,0,8,0
"ENSG00000282815.1",0,0,0,0,0,0,0,0,1,0,0,0,0,1282,3,0,0,41,1,0,0,0,1,8,271,0,0,17,145,10,0,0,212,57,0,0,84,3,0,0,0,0,0,0,2,0,0,121,0,0,0,12,0,145,1,0,0,0,1,0,0,197,19,81,0,0,2,0,0,0,368,0,647,1,0,0,0,0,1,51,2134,82,0,0,835,0,0,1314,1,0,0,60,1,0,0,0,0,3,2,0,2,0,0,0,0,0,2,0,1417,0,0,0,0,10,0,1,1,4,0,4,0,476,0,0,1,0,6,126,0,0,7,0,50,0,0,0,0,0,40,196,0,0,4,0,0,23,1,0,0,0,0,0,0,0,1,0,0,0,8,209,1,0,1,0,0,167,653,0,0,7571,0,28,1,3174,0,0,1,212,0,50,0,0,0,45,14,1,41,0,0,38,0,2,0,217,1361,7,0,1,0,0,1,0,0,1,0,206,1,0,102,1,0,0,1,245,44,84,0,1,17,32,0,13,0,0,0,0,0,0,0,0,0,5,0,0,0,111,0,0,99,1,0,0,0,0,0,0,0,0,0,0,0,0,0,0,0,0,0,0,44,1,390,1,0,219,0,0,1,0,7,0,43,0,437,0,0,0,0,0,0,13,2,84,0,0,2,0,0,0,0,0,1,1,0,64,0,1,448,0,0,0,3,0,0,0,2,0,0,1,24,66,1,0,9,0,0,0,75,2,2,2,0,1,0,0,1,0,0,0,53,0,408,0,193,0,0,0,0,1,0,0,0,0,20,0,16,36,0,0,21,0,1,206,0,329,0,0,0,0,0,0,1,0,1,1,0,0,0,0,0,7,0,17,0,26,736,0,61,3,0,0,12,11,0,0,0,0,0,95,16,0,0,0,0,0,0,0,1,14,3,0,0,0,0,0,0,2,0,0,0,0,0,15,0,0,37,0,62,1,0,0,0,0,0,2
"ENSG00000282906.1",0,0,0,1,0,0,0,0,0,0,0,0,9,34,0,0,0,6,0,0,0,0,0,1,0,0,0,1,0,0,0,3,1,2,0,0,1,1,0,0,0,13,0,0,0,0,1,3,0,0,0,1,0,0,0,0,0,0,0,0,0,0,0,0,0,0,1,0,2,0,4,0,0,0,0,0,0,0,0,2,5,15,0,0,10,0,1,0,0,0,0,0,0,0,0,0,0,0,0,5,1,0,0,0,0,0,0,0,17,0,0,0,1,8,0,0,0,0,0,1,0,0,1,0,2,0,0,0,0,7,0,0,19,0,0,0,0,0,0,0,0,0,0,0,0,1,0,0,0,0,0,0,8,0,1,0,12,14,0,6,1,0,7,0,1,30,0,0,1,4,1,1,0,2,0,0,2,0,0,0,0,0,8,0,0,0,1,0,0,1,0,0,1,1,5,0,0,0,0,1,1,15,0,4,0,0,0,6,0,1,0,5,0,0,0,0,0,0,0,11,1,5,0,0,0,0,0,3,0,0,0,0,9,0,0,3,0,0,3,0,0,1,0,0,0,0,0,0,0,0,0,0,0,0,0,0,0,0,0,0,8,0,34,0,0,0,0,0,21,0,4,0,0,0,5,0,0,0,0,3,52,1,1,0,0,0,0,0,0,0,0,0,0,0,0,0,0,0,1,4,1,0,0,0,0,0,0,0,0,0,0,0,0,0,0,1,0,0,0,0,0,1,0,0,9,0,0,1,0,0,1,0,24,0,0,0,0,0,0,0,0,0,0,0,0,0,0,0,4,0,0,0,0,0,0,1,0,3,0,0,0,0,0,1,0,0,0,0,0,11,2,0,0,0,5,0,9,0,1,1,2,36,0,0,0,0,0,0,0,1,0,0,0,0,0,0,0,0,0,0,0,0,1,0,0,0,5,0,0,0,2,0,2,0,0,0,1,0,0,0,0,1,0,0
"ENSG00000282911.1",0,0,1,0,0,0,0,0,0,0,0,0,0,38,10,0,0,2,0,0,0,0,1,0,13,0,0,23,0,11,0,0,21,0,2,0,18,0,0,0,0,0,1,0,0,0,0,0,0,0,0,10,0,3,0,0,0,0,1,0,1,77,0,9,0,0,0,0,0,0,99,0,0,0,0,0,0,1,1,0,3,6,0,0,18,0,0,0,0,0,0,2,0,2,0,0,0,3,0,0,0,1,0,0,0,0,0,0,104,0,0,1,0,0,0,0,1,0,0,28,0,3,0,0,0,0,0,20,0,0,0,1,0,0,0,0,0,1,0,0,0,0,0,0,0,7,1,0,0,0,0,0,0,3,0,0,0,0,0,2,0,0,0,0,0,17,1,0,0,1,0,0,0,24,0,0,0,2,0,0,0,0,0,0,5,1,0,0,0,25,0,10,0,35,20,0,0,1,0,1,0,0,0,12,0,2,0,0,5,0,0,0,0,0,0,0,0,0,0,6,0,20,0,0,0,0,0,0,0,0,0,4,0,0,0,2,0,1,0,0,0,0,0,0,0,0,5,0,0,1,0,0,0,0,0,0,0,0,0,2,46,5,0,6,0,0,0,0,0,1,0,0,46,0,0,0,0,0,1,26,23,0,1,0,0,1,0,0,0,0,0,0,0,0,0,11,1,0,0,0,0,0,0,0,0,0,0,0,17,4,1,0,0,0,0,0,7,0,0,1,0,1,0,0,1,0,0,0,0,0,18,0,8,0,0,0,0,0,0,0,0,0,0,0,25,4,0,0,0,0,0,42,0,31,0,0,0,0,0,0,0,0,0,0,0,0,0,0,0,2,0,1,0,0,85,0,33,0,0,20,1,2,1,0,0,4,0,2,0,0,0,1,0,0,0,0,10,0,1,0,4,0,0,0,0,0,0,0,0,1,0,14,0,0,4,0,11,0,0,0,0,0,1,0
"ENSG00000282988.2",3,0,0,10,2,1,0,1,13,23,12,9,3,102,14,0,3,1,5,1,0,1,5,1,3,0,1,2,0,9,3,52,0,3,2,22,3,3,3,5,1,12,24,12,1,3,2,3,3,11,3,2,2,4,4,2,0,4,1,3,0,2,9,6,1,0,2,2,8,1,45,3,1,0,2,0,7,0,4,6,6,5,31,0,6,9,0,24,2,0,8,13,0,0,0,0,1,4,1,4,3,1,7,9,0,0,7,0,34,38,1,0,6,3,1,0,1,1,0,28,31,9,2,3,4,0,1,4,1,6,0,0,36,0,0,1,3,0,6,1,1,1,4,4,0,11,7,1,1,57,4,0,0,0,3,2,0,6,36,1,4,1,15,7,1,2,1,7,1,14,1,0,11,13,4,0,0,36,39,2,0,2,1,15,0,1,6,14,7,4,0,4,3,8,6,3,2,3,21,6,4,47,6,6,0,4,0,0,0,12,3,12,9,0,1,14,4,0,0,3,2,8,2,27,0,0,0,4,0,0,7,1,1,1,0,11,0,3,0,2,55,2,2,1,10,1,0,2,14,3,4,0,0,1,1,0,1,0,0,2,12,7,6,14,0,1,1,2,9,0,6,1,14,0,0,3,2,0,2,17,2,1,0,0,5,0,1,13,2,5,1,4,0,11,0,6,6,3,1,3,8,0,8,1,7,3,1,0,4,8,0,4,5,4,4,62,2,15,5,1,8,54,0,1,1,4,0,4,2,0,6,2,2,2,6,1,1,4,2,8,0,3,6,8,2,3,1,0,1,0,1,29,1,18,6,1,9,53,4,1,7,3,5,23,0,1,6,1,3,1,0,1,0,2,19,0,0,2,4,31,1,5,0,2,1,3,1,4,3,3,32,9,2,5,1,0,4,4,2,0,11,1,15,0,8,0,3,1,0,4,0,0,1,0,6,1,0,4,3,6,2,2,51,0
"ENSG00000283000.2",4,1,0,0,2,8,0,0,0,2,0,0,0,0,1,7,0,1,0,0,0,1,0,0,0,0,0,0,0,0,0,0,0,2,0,0,0,0,0,0,2,4,0,0,3,0,0,0,3,3,0,0,5,0,0,0,0,0,0,0,0,0,0,0,1,0,0,0,0,0,1,0,1,2,0,0,1,0,0,1,0,0,0,0,0,0,0,0,0,0,0,0,0,0,0,1,0,0,0,0,0,0,0,0,0,0,0,0,0,0,0,0,1,0,0,3,1,0,1,1,0,0,1,0,0,1,1,0,21,0,0,0,2,0,0,3,0,0,0,0,3,0,1,1,0,0,0,6,0,0,1,2,0,1,0,0,0,1,0,0,0,0,0,0,2,0,1,3,0,0,0,0,0,0,0,0,0,0,7,0,1,0,0,0,0,0,0,0,0,0,0,0,0,1,6,0,9,0,0,0,0,1,2,0,6,0,0,1,0,0,0,0,0,0,0,3,0,0,0,0,0,1,0,0,11,3,0,1,0,0,0,0,1,0,0,0,1,0,0,0,0,0,0,0,0,0,0,0,2,0,0,0,0,0,4,0,0,1,0,1,0,0,0,0,3,0,0,2,0,6,0,3,0,0,0,0,0,1,0,0,0,0,0,0,1,0,0,0,0,0,2,0,0,0,0,0,0,1,0,30,0,0,1,1,0,0,0,0,0,0,0,0,0,0,0,0,0,1,0,0,0,32,2,0,1,0,3,0,0,4,2,1,0,0,0,2,0,0,0,0,0,0,0,9,0,0,0,0,0,3,2,0,0,0,0,2,0,0,0,0,1,0,0,0,22,0,0,0,1,1,0,0,0,0,0,0,0,1,0,0,0,1,0,0,6,1,11,0,1,0,0,0,3,9,0,0,0,0,1,0,0,0,0,0,5,0,0,0,0,1,2,1,0,0,0,0,1,0,0,0,1,0,0,2
"ENSG00000283023.1",25,0,0,1,7,0,7,4,2,2,6,62,5,158,117,9,1,120,78,1,0,1,111,35,225,34,5,143,39,317,94,9,220,6,5,0,111,2,14,36,4,9,74,9,2,11,5,14,2,4,0,221,2,102,0,3,9,1,97,0,9,213,37,51,28,5,14,37,7,1,388,3,50,5,2,7,9,0,18,115,121,141,4,6,284,5,2,75,3,26,4,184,134,16,0,0,2,239,228,2,6,4,4,3,0,4,21,7,480,179,5,6,3,139,2,74,14,43,43,357,4,42,2,2,56,1,2,82,3,229,37,1,290,1,60,7,3,2,76,50,3,15,243,4,5,321,64,1,1,6,4,8,1,264,4,4,52,3,197,159,84,1,0,4,0,127,154,4,4,136,5,37,2,676,1,28,124,202,1,116,2,2,54,84,156,23,153,14,18,207,102,6,1,79,104,1,2,11,7,1,64,0,6,392,1,172,1,9,53,29,7,3,2,95,204,51,6,3,85,213,9,60,14,13,3,4,89,81,3,1,4,91,5,0,35,74,6,4,13,26,9,32,4,0,10,1,12,1,2,15,10,32,7,45,2,3,1,0,62,163,335,210,3,275,5,1,3,3,299,2,216,3,115,4,6,8,147,0,0,109,306,91,28,2,17,20,2,3,3,2,10,7,1,58,2,192,194,32,31,5,8,1,112,4,41,1,1,22,148,117,98,2,165,4,4,175,158,11,6,165,3,16,3,6,16,2,4,16,74,3,161,4,78,4,17,4,22,3,4,0,2,11,16,0,218,82,64,6,37,0,0,340,4,445,8,8,10,4,4,22,14,1,14,2,4,3,12,2,2,54,6,79,3,155,558,6,227,7,9,154,34,104,7,2,1,53,1,107,17,6,1,12,4,3,0,4,174,129,87,0,82,2,2,2,8,9,136,46,42,6,17,36,1,3,129,2,132,3,3,3,9,13,0,2
"ENSG00000283047.1",3,0,0,0,3,1,2,0,4,0,1,14,1,116,579,0,0,191,0,0,1,2,4,1,229,2,0,411,3,714,4,0,224,7,27,0,168,0,9,6,14,2,5,7,0,0,2,101,2,1,3,293,1,16,0,1,1,0,13,0,0,773,0,16,4,0,1,1,0,0,330,0,48,0,0,0,1,1,4,77,27,21,0,0,31,0,0,50,0,17,2,274,16,0,1,0,1,80,259,2,0,1,0,1,1,0,5,0,664,40,0,4,2,20,0,41,3,13,117,664,1,6,1,1,39,2,2,14,0,27,16,1,633,0,0,0,0,2,17,13,0,3,336,8,0,18,33,1,0,2,0,0,0,647,0,1,3,0,616,29,149,1,0,0,0,9,214,1,2,248,0,4,1,183,1,3,19,540,0,4,0,0,6,10,176,2,116,1,4,11,1,1,2,114,4,0,1,1,0,0,22,3,0,156,1,10,1,4,2,5,4,0,28,23,6,63,0,0,50,814,1,78,1,0,2,0,1,16,0,0,2,40,1,0,6,66,0,2,0,4,0,7,0,0,2,0,6,0,0,2,2,5,0,0,1,1,0,1,33,46,214,104,1,21,0,1,0,0,608,1,146,0,188,1,3,0,242,0,0,115,682,203,45,0,1,1,0,0,2,0,0,0,0,46,1,217,14,1,2,1,5,0,46,0,9,0,0,73,60,43,60,3,179,1,0,22,249,2,1,103,0,0,0,0,6,0,0,1,77,3,183,0,98,1,8,1,1,1,3,0,0,1,2,1,257,247,68,2,45,0,4,708,0,386,1,1,3,0,0,1,0,0,35,0,2,0,1,3,1,7,0,17,0,31,1162,0,332,0,4,412,4,234,1,9,4,19,0,146,2,1,1,4,2,0,0,0,161,38,3,1,8,0,1,2,0,3,125,14,42,0,2,6,0,0,6,0,172,4,1,1,0,2,1,0
"ENSG00000283061.1",0,0,0,0,0,0,0,0,0,0,0,0,0,3,0,0,0,0,0,0,0,0,8,0,0,0,0,2,0,0,3,0,0,0,1,0,0,0,0,0,0,0,12,0,0,0,0,1,0,0,0,5,0,0,0,0,0,0,18,0,0,0,6,0,11,0,0,29,1,0,2,0,2,0,0,0,0,21,0,0,0,6,0,0,0,0,0,0,0,0,0,0,0,0,2,0,0,178,0,0,0,0,0,0,0,0,11,0,6,0,0,0,0,21,1,8,2,0,4,4,0,1,0,0,11,0,0,0,0,0,0,0,4,0,4,0,0,0,0,0,0,0,24,0,5,26,0,0,4,0,0,0,0,0,0,0,0,0,1,0,0,3,11,1,3,1,0,0,0,0,4,0,0,9,0,0,0,0,0,0,0,5,0,0,0,0,0,0,0,0,0,0,0,0,0,0,0,0,0,1,1,0,2,49,0,0,0,0,4,0,0,38,1,1,0,0,0,0,0,0,0,0,1,3,0,0,0,10,2,0,0,7,0,0,0,0,0,0,0,1,0,19,0,0,0,3,0,11,0,0,0,0,0,0,0,0,0,0,0,0,0,11,0,1,0,0,0,0,0,0,0,0,0,0,9,0,0,0,0,0,27,0,15,0,0,0,0,0,0,5,0,0,3,0,21,0,0,0,0,0,0,0,0,0,33,5,0,1,5,0,0,0,0,0,25,0,0,3,0,0,0,0,0,16,1,4,0,3,0,0,31,0,0,22,21,0,0,1,0,0,0,0,0,0,0,0,0,0,0,0,0,0,0,1,0,0,0,0,4,0,0,0,0,0,0,1,2,11,0,24,0,0,16,0,5,0,0,0,0,40,0,0,4,0,0,23,0,0,0,0,0,0,0,0,0,0,0,0,0,0,0,0,0,0,0,0,34,0,0,0,5,0,0,0,4,0,0,0,0,0,0,0,0,0
"ENSG00000283071.1",0,0,48,2,3,3,73,0,1,0,0,0,7,8,23,4,1,7,0,3,13,2,2,1,0,1,5,1,215,0,7,4,0,0,5,0,0,0,1,0,0,2,0,0,2,1,0,1,1,0,0,0,0,9,0,1,0,24,0,2,0,5,0,2,1,24,0,0,0,87,25,0,0,0,0,0,41,0,77,0,5,16,2,17,0,2,0,0,3,4,13,0,78,458,1,0,1,0,131,1,0,0,12,0,49,1,19,0,40,180,10,2,2,0,1,0,2,0,1,1,0,0,0,0,1,1,0,1,2,3,3,0,0,0,111,1,1,0,13,0,0,121,1,3,4,1,0,8,27,2,1,1,0,1,1,0,0,25,1,1,0,376,0,33,4,0,3,1024,0,8,1,0,0,4,83,0,2,3,8,1,0,0,0,1,0,1,0,1,5,3,2,1,4,0,1,0,0,0,0,12,1,0,25,0,0,0,3,0,11,0,2,55,0,0,3,2,0,0,12,0,1,0,85,0,0,8,0,28,0,0,4,0,1,1,1,0,0,2,0,5,38,0,0,3,6,50,0,12,1,0,0,1,0,0,0,3,3,12,0,6,5,0,22,35,1,4,21,1,4,1,1,0,0,0,0,120,56,0,0,1,0,2,0,1,0,27,0,7,169,3,6,1,7,1,16,46,2,0,1,0,1,28,8,1,20,2,0,0,0,2,1,16,0,1,0,0,1,6,15,1,4,0,2,0,3,62,8,1,0,15,0,36,0,3,0,0,1,41,0,3,0,0,1,143,2,0,0,11,9,0,0,25,0,72,0,1,30,5,0,1,2,0,1,2,0,0,1,144,0,1,1,0,3,0,1,2,0,1,0,0,0,0,0,3,1,0,25,4,0,1,90,0,4,120,10,0,0,56,5,2,0,2,9,0,31,6,1,5,0,3,0,1,0,2,0,1,10,0,7,0,2,0,1,0
"ENSG00000283078.1",35,1,29,0,47,14,8,6,8,36,27,11,59,44,66,4,34,12,91,22,16,1,16,10,83,64,15,70,5,15,30,13,25,13,14,13,75,7,69,40,23,22,29,8,5,24,4,11,0,14,28,27,7,69,18,39,11,56,66,3,10,37,9,11,2,26,15,17,16,37,159,7,8,2,20,14,40,18,35,27,75,105,28,73,13,4,10,16,3,2,19,27,8,10,9,2,19,209,45,5,5,5,27,6,10,36,45,3,273,22,15,4,4,24,12,55,46,15,47,15,5,21,9,15,18,8,4,31,23,35,14,6,32,9,17,9,17,3,152,6,6,32,21,5,17,29,19,32,18,19,4,11,64,46,6,21,8,12,35,30,25,4,37,24,119,22,33,66,24,13,7,21,15,62,27,6,8,412,22,13,2,18,20,24,17,6,19,6,7,29,9,28,70,33,50,148,8,21,10,27,10,18,39,49,0,497,9,28,7,15,11,51,24,136,28,21,18,14,14,15,3,109,33,11,4,2,12,18,11,16,146,14,11,8,22,12,3,11,2,6,57,4,11,11,23,11,4,11,6,11,4,25,7,50,6,12,6,18,40,50,78,57,31,124,3,16,22,6,47,5,8,6,36,1,51,25,105,1,23,18,258,23,22,3,19,17,8,21,72,15,8,8,19,22,25,54,31,10,7,82,33,24,62,6,63,15,5,23,4,78,24,50,85,26,8,94,23,86,11,9,39,23,5,166,37,18,8,18,12,1,4,24,7,7,35,5,39,13,14,13,4,21,3,23,15,10,16,114,28,7,3,95,16,108,7,9,113,27,29,23,37,8,9,82,114,15,12,50,10,9,21,10,14,30,238,49,68,7,7,206,40,13,95,5,7,8,21,10,7,11,53,11,3,29,15,10,13,160,17,5,9,66,10,7,29,33,6,29,10,1,5,27,6,7,10,7,142,19,104,8,7,9,37,4
"ENSG00000283117.1",0,0,0,0,0,0,0,0,0,0,0,0,0,86,38,0,0,0,0,0,0,0,0,0,2,0,0,0,0,37,0,0,2,1,0,0,56,0,0,0,0,0,0,2,0,0,0,0,0,0,0,0,0,24,0,0,0,0,0,1,0,19,0,5,0,0,0,0,0,0,115,0,0,0,0,0,0,0,0,9,23,21,0,0,0,0,0,35,0,0,0,7,1,0,0,0,0,0,1,0,0,0,0,0,0,0,0,0,9,0,0,0,0,0,0,0,0,0,0,37,0,2,0,0,0,0,0,0,0,0,0,0,30,0,0,0,0,0,0,0,0,0,29,0,0,12,0,0,0,0,0,0,0,31,0,0,0,0,0,0,1,0,0,0,0,1,18,0,0,5,0,0,0,9,0,0,0,50,0,0,0,0,0,0,0,0,0,0,0,0,0,0,0,0,0,0,0,0,0,0,1,0,0,80,0,2,0,0,5,0,0,0,0,0,0,0,0,0,6,0,0,3,0,0,0,0,0,0,0,1,0,0,0,0,0,2,0,0,0,6,0,0,0,0,1,0,0,0,0,0,0,0,0,0,0,0,0,0,4,0,6,3,0,2,0,0,0,0,15,0,17,0,47,0,0,0,0,0,0,0,5,8,0,0,0,0,0,0,0,0,0,0,0,0,0,2,1,0,0,0,0,0,0,0,12,0,0,0,0,0,0,0,0,0,2,0,58,0,0,0,0,0,0,0,3,0,0,0,0,0,23,0,0,0,0,0,0,0,0,0,1,0,0,0,0,0,0,0,1,0,0,0,0,0,0,0,0,0,0,0,5,0,0,0,0,0,0,0,0,0,0,0,0,0,45,0,56,0,1,0,27,13,0,0,0,0,0,2,0,0,0,0,0,0,0,0,0,0,0,0,0,0,0,0,0,0,10,0,0,0,0,0,0,0,0,0,11,0,0,0,0,3,0,1
"ENSG00000283142.1",3,0,0,0,7,2,0,0,0,0,1,0,0,5,4,0,2,0,0,0,15,0,0,5,4,52,0,8,0,1,0,36,1,1,3,0,0,10,0,0,0,0,0,0,0,0,1,0,0,1,0,1,0,2,0,2,0,0,0,1,0,0,0,9,11,0,0,0,0,0,3,1,0,0,0,0,0,8,0,5,1,0,0,2,10,0,6,0,0,3,10,0,0,0,0,0,0,0,0,1,0,1,35,0,4,0,3,0,12,0,5,0,0,6,0,1,0,0,0,0,0,11,0,0,9,0,3,0,3,55,0,0,1,0,5,0,0,0,0,1,0,1,1,0,4,0,0,5,0,0,0,0,0,8,0,0,0,0,1,9,4,0,3,5,9,1,5,0,0,2,60,1,0,1,2,0,1,2,9,0,0,1,0,0,0,0,1,11,0,3,0,2,0,29,0,0,0,6,0,1,0,0,0,1,0,0,0,0,1,0,2,41,0,1,0,0,0,0,0,0,0,16,0,1,0,0,0,9,4,0,0,0,0,0,0,0,0,0,0,0,0,0,0,0,7,0,0,0,1,2,0,0,0,0,0,0,0,2,0,3,18,1,1,0,0,8,1,0,36,0,1,0,0,0,9,0,0,0,0,1,0,1,5,0,0,0,0,1,0,0,1,8,15,0,0,0,0,0,0,0,2,1,0,0,0,0,0,0,2,1,2,33,4,46,3,0,0,0,0,6,1,0,0,16,1,1,2,0,0,0,0,0,0,2,1,0,0,0,0,0,0,0,2,2,0,7,0,0,0,0,0,12,1,1,1,0,0,0,0,12,1,0,0,3,0,1,0,0,0,2,1,1,0,0,14,14,12,1,0,11,63,0,418,1,1,0,12,11,1,5,1,2,0,8,33,0,3,1,5,0,0,2,1,0,1,0,0,0,0,2,1,2,1,0,2,1,24,3,0,0,0,0,0,0
"ENSG00000283247.2",0,0,1,0,0,2,1,0,0,2,0,0,2,0,0,1,0,0,1,0,0,0,0,0,1,0,0,23,0,0,0,0,0,0,0,0,0,0,11,8,2,2,0,1,0,0,0,6,2,0,1,1,0,1,2,1,0,3,0,0,0,23,0,0,0,22,0,0,1,4,1,0,1,0,0,0,0,1,5,2,10,2,1,0,4,0,0,0,137,0,0,117,0,0,0,0,4,1,1,0,1,0,3,0,1,1,0,0,14,3,7,2,1,2,0,1,0,57,5,19,0,2,0,0,0,0,0,1,0,0,1,0,2,0,0,0,1,0,1,0,0,0,14,0,1,1,97,0,43,0,0,3,1,0,1,0,0,0,1,2,0,9,9,2,0,0,0,3,1,30,0,1,25,1,0,0,0,5,6,5,0,0,6,0,1,0,0,0,3,0,0,0,0,0,18,0,0,3,0,33,0,1,3,1,1,3,0,0,0,1,1,1,3,23,0,0,0,0,0,1,2,0,0,0,0,1,1,3,2,16,0,4,1,1,0,5,0,0,0,0,5,0,1,0,27,6,1,5,0,1,0,0,0,78,0,0,0,0,58,0,4,0,2,6,2,0,0,1,0,0,0,1,1,2,2,0,0,0,0,0,1,7,0,0,3,2,1,6,2,2,0,1,0,2,6,1,1,1,1,0,0,4,0,0,0,2,2,0,0,0,0,2,26,1,5,13,3,3,0,0,0,1,0,0,1,2,0,0,0,0,0,0,0,0,0,0,0,0,5,3,0,1,0,23,59,0,4,0,3,0,0,32,0,62,0,3,26,2,3,39,16,0,0,2,0,0,1,1,0,1,14,2,1,0,37,0,116,3,0,5,2,0,0,0,1,171,0,0,3,0,9,0,0,0,1,26,7,8,2,2,0,0,2,1,1,0,2,0,0,4,0,0,0,1,0,1,1,2,2,0,5,0,0,0
"ENSG00000283265.1",92,0,2,13,6,3,0,0,4,9,1,9,6,86,0,2,4,0,2,5,2,0,4,4,2,1,1,4,1,28,0,16,3,0,2,12,27,2,0,5,0,12,1,5,1,0,4,32,0,0,0,2,1,12,2,3,7,1,0,0,11,4,0,1,1,0,1,21,0,0,89,9,2,0,0,0,17,2,8,8,8,0,3,2,0,1,0,3,8,3,7,3,0,0,0,0,14,4,7,5,9,1,12,1,2,0,3,2,2,0,6,2,0,21,0,0,1,1,0,211,6,2,0,4,2,0,1,1,0,9,1,0,7,2,2,1,0,0,2,0,0,2,43,2,4,2,3,5,2,5,0,1,0,3,1,4,3,3,2,7,3,5,5,3,1,3,6,0,0,2,1,3,1,1,1,0,2,0,35,37,1,2,0,1,4,5,4,1,1,0,0,1,1,8,1,0,2,1,0,1,0,0,7,12,0,0,0,0,2,0,1,4,5,1,10,11,1,1,1,14,0,1,0,0,0,1,4,4,3,5,1,0,10,12,1,174,0,2,0,1,16,6,4,0,6,4,0,4,3,15,1,0,0,0,2,0,1,0,7,0,2,1,3,0,0,2,2,0,1,0,5,0,0,0,0,0,1,0,1,2,1,22,4,0,0,0,0,3,2,3,5,3,7,5,4,1,0,4,0,13,3,0,4,0,0,0,2,0,0,2,2,0,2,3,2,13,7,17,3,25,3,55,0,0,3,0,0,1,11,0,10,0,60,0,4,0,1,3,0,1,0,81,4,5,1,1,0,1,0,0,0,3,0,1,0,0,0,66,3,0,2,0,12,0,67,1,2,3,1,3,4,4,1,11,0,0,1,0,0,1,1,1,0,0,3,2,4,4,5,0,4,0,1,2,2,1,6,0,2,0,0,0,17,0,31,0,8,1,1,1,5,0,0,1,2,0,1,16,0,2,2,0,6,2
"ENSG00000283307.1",0,0,0,0,0,0,0,0,2,0,3,0,0,0,1,5,1,0,0,0,4,2,1,4,0,0,0,0,0,1,0,0,1,8,0,1,3,2,0,0,0,1,0,3,12,0,1,0,0,1,0,0,15,0,0,0,0,0,0,0,1,0,0,0,1,1,0,0,1,0,3,2,2,1,0,9,0,0,0,1,1,0,0,0,0,1,0,1,8,0,2,0,0,0,0,2,0,0,1,0,1,41,0,0,1,0,0,4,1,1,2,3,2,0,0,0,3,0,0,6,0,0,0,0,0,2,2,0,2,2,2,9,0,0,0,2,0,3,0,0,4,0,0,6,0,1,0,0,0,0,1,1,1,0,4,0,0,1,1,0,0,0,0,6,0,4,0,0,0,0,0,0,0,0,0,0,0,0,1,0,4,2,0,0,0,0,1,0,0,0,0,0,0,0,0,0,0,0,0,0,0,0,2,1,1,1,0,0,1,0,7,0,0,0,7,0,0,0,8,4,0,0,0,0,20,3,3,0,0,1,0,0,0,0,0,9,1,0,2,0,3,2,0,0,0,0,0,0,2,0,1,0,1,0,1,0,2,0,18,0,3,2,0,0,4,0,0,14,0,2,0,0,0,8,0,0,0,0,0,0,1,0,1,0,0,2,2,0,0,0,25,0,0,0,0,0,0,1,3,0,6,0,0,2,0,0,1,0,2,0,0,0,0,2,5,1,0,0,1,0,0,0,9,1,1,0,1,0,0,1,0,1,8,1,1,4,0,0,0,1,3,2,1,0,0,1,0,0,0,2,1,0,0,1,0,3,0,1,0,0,0,0,4,0,0,0,0,0,0,0,1,2,0,0,0,0,1,3,2,0,0,0,1,0,4,0,0,2,1,1,0,0,6,0,1,0,0,0,18,0,0,1,0,0,2,4,0,0,0,1,2,0,0,2,1,1,0,0,0,26,4,2,0,0
"ENSG00000283312.1",6,1,3,4,13,3,1,2,6,2,1,2,4,34,1,0,13,9,3,5,3,0,2,4,23,9,3,17,0,28,16,9,4,5,6,3,4,1,3,1,3,4,7,3,5,5,3,1,0,4,3,11,2,10,5,25,4,15,15,5,7,5,9,3,4,13,12,8,7,20,48,2,0,0,7,8,28,4,6,15,10,40,4,21,14,8,2,2,5,2,11,26,5,1,1,0,9,14,3,3,6,6,21,4,3,10,6,0,79,16,6,1,5,2,2,11,23,0,19,16,1,40,1,7,7,0,0,7,5,27,5,2,9,3,4,1,16,4,15,0,1,24,4,1,9,12,17,40,17,6,0,9,7,9,2,1,15,13,6,1,15,0,10,12,5,4,7,7,0,14,3,5,6,67,3,4,5,2,11,12,0,5,1,15,4,4,13,6,24,2,2,8,21,20,4,7,3,17,2,12,0,20,9,90,1,18,6,8,5,11,2,2,5,4,17,1,1,0,11,14,1,5,7,0,7,0,6,32,2,8,6,3,7,7,0,9,1,1,1,9,2,3,1,0,40,3,8,4,6,13,2,7,1,8,2,10,6,6,9,49,9,2,3,22,1,13,14,1,22,0,2,4,30,0,4,5,8,0,4,7,8,7,21,1,7,9,0,0,12,6,2,6,11,29,4,25,8,5,16,4,10,1,17,3,23,2,5,7,7,7,24,19,1,6,18,2,3,4,2,8,11,34,2,63,2,25,1,12,4,1,3,5,0,11,17,1,19,19,5,8,1,8,7,6,10,1,3,1,5,2,3,19,2,37,0,4,40,43,32,32,8,5,16,28,36,6,9,20,5,1,12,29,0,2,7,6,23,3,8,19,3,3,12,1,0,24,1,2,14,3,21,10,2,11,15,8,30,61,8,1,8,0,7,5,6,2,4,14,0,3,7,4,18,0,13,2,8,4,29,3,1,3,14,0
"ENSG00000283380.1",0,0,0,0,0,2,0,9,0,0,2,0,0,11,0,0,1,0,1,2,0,0,0,2,3,1,1,16,2,0,10,1,4,0,0,0,19,0,0,0,0,0,0,0,0,0,0,1,0,0,2,5,0,0,0,0,0,2,0,0,0,0,0,3,1,7,1,0,0,0,30,1,1,0,0,0,1,0,0,6,0,6,0,0,2,0,0,34,0,0,0,13,5,7,0,0,0,0,2,3,1,2,0,6,0,2,21,0,3,2,1,0,1,0,1,4,7,3,6,1,2,1,0,0,5,0,0,1,3,9,0,1,26,0,0,0,0,2,10,5,0,0,0,0,0,2,0,0,0,0,2,0,1,2,0,1,0,1,0,18,2,0,0,0,0,3,0,2,3,8,7,1,2,7,3,1,0,2,0,0,0,0,0,0,1,0,0,1,7,0,0,0,0,1,0,0,0,0,0,0,1,6,0,1,0,4,4,1,5,2,0,0,1,2,2,0,0,0,3,0,0,1,0,0,1,0,14,1,26,0,0,0,0,0,2,5,0,0,0,1,0,2,4,0,6,0,0,2,4,0,0,0,0,0,0,0,1,0,0,0,2,3,5,0,1,4,0,0,2,0,0,0,6,1,9,11,0,0,0,15,0,1,0,0,7,3,0,0,0,0,0,0,0,0,0,2,2,8,1,0,0,0,0,0,1,0,0,0,5,3,1,2,0,0,0,0,3,0,0,2,0,0,0,1,2,1,1,0,1,0,13,0,3,3,4,0,0,0,1,0,1,1,1,0,1,2,1,0,1,0,0,0,0,1,2,3,0,1,0,1,7,0,0,0,0,2,1,0,0,0,1,1,0,0,19,0,0,0,4,0,3,2,0,1,0,0,1,7,0,0,0,2,0,8,0,1,5,2,3,0,0,2,0,5,10,2,1,5,6,0,0,4,0,0,5,0,10,0,12,0,0,1,1,1
"ENSG00000283403.1",34,0,0,0,98,8,0,19,0,0,0,0,0,1,0,0,18,0,0,42,0,0,0,1,0,0,2,3,4,0,16,86,0,0,0,0,0,0,0,0,0,1,5,30,0,0,0,0,0,0,0,2,0,4,0,0,1,0,0,0,0,10,0,0,1,1,1,0,0,0,0,0,1,0,0,0,2,0,0,0,1,3,0,1,0,1,0,0,0,0,0,0,0,0,0,0,0,2,0,10,0,0,6,0,0,0,0,0,15,0,0,0,0,4,4,0,198,0,1,0,0,7,0,0,1,0,0,0,0,0,0,0,5,0,0,0,0,0,0,10,0,772,0,0,0,20,1,0,38,0,0,0,0,3,0,0,0,0,1,1,3,0,1,3,87,0,2,1,0,0,0,0,0,17,0,0,0,9,0,0,0,0,0,0,0,0,0,51,1,0,0,0,44,1,5,0,0,0,0,6,0,1,49,11,0,3,1,7,0,0,1,3,5,0,1,4,0,0,1,0,0,0,3,0,2,0,0,26,0,0,0,0,0,0,0,4,0,0,0,0,0,0,0,0,0,0,0,0,0,0,0,0,0,65,0,0,0,0,0,11,4,1,0,4,2,0,4,0,16,0,2,0,0,0,0,0,0,0,1,5,0,0,3,0,0,1,0,0,7,0,0,0,10,0,0,0,0,0,2,0,0,0,0,1,10,0,0,0,0,14,0,58,0,0,0,46,6,26,0,0,2,0,2,9,1,0,0,0,0,0,0,1,0,0,0,0,0,0,11,0,0,2,28,0,0,3,6,0,0,0,0,0,0,1,0,0,20,0,3,0,0,1,0,50,20,0,0,0,2,0,0,0,0,0,16,16,1,0,35,5,0,1,3,0,0,0,62,0,0,0,1,0,0,0,33,0,2,11,0,0,0,0,0,0,1,0,0,1,0,0,0,1,0,0,14,0,18,0,1,0,0,1,0,0
"ENSG00000283458.1",0,11,0,0,0,0,0,0,0,0,0,0,0,0,1,17,0,0,0,1,1,19,5,1,0,0,0,0,0,27,0,0,0,0,0,300,0,0,0,0,0,1,0,0,3,0,0,0,13,4250,0,159,3,0,0,0,1,0,0,0,0,0,0,2,0,0,0,0,3,0,13,0,2,5,0,5,1,0,1,0,0,0,7,0,0,0,2,0,0,0,3,0,0,0,0,2,0,0,0,0,3,0,8,0,0,0,0,5,1,0,0,4,0,0,0,0,1,0,0,0,0,0,1747,0,0,5,0,1,0,2,2,5,0,0,0,4,6,4,1,1,6,0,7,3,6,1,0,0,0,1,4,17,0,0,0,0,0,13,0,0,0,0,0,2,0,3,0,0,0,0,0,0,0,7,0,0,0,0,0,0,7,0,0,0,0,0,2,0,0,0,0,0,0,1,0,0,0,0,1,0,0,2,1,1,5,2,2143,0,5,0,4,0,2,0,9,0,0,0,1,3,9,0,0,0,9,7,0,0,0,0,2,0,0,0,0,0,8,0,0,0,1,0,0,0,0,0,0,0,0,0,1,0,5,0,12,0,13,0,0,0,10,14,0,0,3,0,0,13,0,13,0,3,0,7,0,0,0,7,0,0,3,0,0,13,0,2,6,0,0,1,2,0,0,0,0,2,25,0,0,0,1,0,4,3,0,0,0,0,0,1,0,0,0,1,0,74,0,0,0,1,0,0,8,0,1,0,0,0,0,4,0,1,1,0,0,6,0,1,0,0,17,0,0,0,0,0,0,0,0,4,9,53,0,0,0,12,0,3,0,0,0,0,0,0,0,0,0,0,0,1,0,0,0,0,2,0,0,4,0,0,0,0,0,0,16,0,1,0,0,0,0,0,9,0,0,1,1,0,56,22,25,0,0,0,0,0,0,0,0,0,3,0,0,0,0,0,1,0,0,11,5,0,0,4
"ENSG00000283473.4",0,1,0,18,10,7,0,0,0,0,3,1,3,1,20,1,5,3,0,29,3,0,10,2,1,14,0,3,20,1,4,22,1,1,4,0,2,7,6,3,0,0,0,2,1,0,1,17,2,0,2,5,15,1,0,3,11,4,5,0,1,172,0,1,4,4,0,1,1,4,8,3,5,0,0,0,0,6,0,4,5,58,0,0,6,0,1,0,7,0,22,10,4,0,11,1,0,1,1,0,1,0,28,3,0,2,5,0,2,14,1,0,41,3,0,1,57,1,0,1,0,1,2,0,4,7,0,3,12,118,1,0,41,10,0,0,0,0,0,3,0,100,0,1,13,0,1,3,1,0,0,0,3,53,1,0,6,2,0,2,1,4,38,6,0,1,2,6,23,0,7,0,0,58,1,0,2,5,1,1,0,1,0,0,1,1,1,0,1,1,2,0,1,3,120,0,2,1,5,9,1,29,5,208,0,2,9,1,5,0,1,4,4,5,1,0,0,0,3,1,0,2,0,0,0,0,4,9,0,0,0,1,3,1,0,30,0,2,1,1,0,0,2,0,174,1,0,6,1,6,0,0,0,0,0,3,2,0,0,12,4,0,275,2,1,12,6,0,6,0,2,0,1,1,1,2,1,1,5,1,3,7,3,0,0,6,1,0,3,13,0,4,22,1,11,0,0,4,0,0,0,0,0,4,4,4,2,2,0,0,11,15,2,25,22,1,0,3,8,9,18,1,0,2,64,0,1,1,0,3,0,0,1,21,2,4,0,1,3,99,0,8,10,6,73,3,2,0,9,0,1,0,4,5,0,0,10,0,18,23,3,0,0,12,2,3,1,2,0,6,2,3,13,1,6,2,29,1,0,18,8,11,9,54,2,1,14,2,4,3,3,0,0,4,0,3,12,4,4,4,0,0,3,3,14,1,16,3,0,74,3,0,5,15,2,0,430,4,5,0,0,0,2,0
"ENSG00000283538.3",8,0,0,1,1,0,1,1,0,3,2,0,0,1,5,0,1,2,0,0,2,0,1,0,0,0,0,0,0,1,2,13,2,0,0,50,0,0,0,0,0,7,1,0,0,2,0,0,1,0,1,20,0,0,2,0,0,0,1,0,0,1,0,2,0,2,0,0,0,3,0,1,2,1,0,0,21,0,0,0,1,0,23,0,1,1,0,0,16,0,0,0,0,14,0,0,0,1,0,2,0,0,10,0,1,0,0,0,1,0,0,0,23,0,0,0,3,2,0,1,0,0,0,0,0,1,0,0,0,1,0,0,0,0,0,0,1,1,0,0,0,4,5,0,2,2,1,0,0,15,0,0,0,0,0,0,1,0,0,1,0,0,0,1,0,0,1,5,0,1,2,0,1,57,0,0,1,0,1,1,0,9,0,2,0,0,0,1,0,0,0,1,2,0,0,0,0,0,8,0,0,1,0,13,0,0,0,2,2,0,0,1,1,1,0,0,0,0,0,2,0,5,0,22,0,0,0,0,3,0,1,1,1,0,0,0,0,0,0,0,3,0,0,1,3,1,0,1,1,0,0,1,0,0,0,0,0,4,1,1,0,0,2,1,0,1,1,0,0,0,1,1,0,0,0,2,0,1,2,0,1,1,0,0,0,0,0,1,0,2,0,1,0,0,0,2,1,0,2,1,0,1,0,0,1,0,0,1,0,0,0,1,0,5,1,29,0,1,119,0,1,0,0,0,0,0,0,1,0,0,0,1,0,0,0,1,0,0,0,27,0,2,0,4,0,0,0,2,0,1,0,11,0,2,0,1,0,6,1,0,0,0,0,4,2,0,6,0,0,0,0,0,2,0,2,0,1,0,1,0,0,0,0,1,0,2,1,0,0,0,1,0,0,0,0,0,0,0,2,0,0,0,0,0,1,0,0,0,0,44,0,0,0,0,2,0,0,13,1,1,0,0,1,0
"ENSG00000283554.1",7,0,1,0,0,0,0,0,2,0,0,0,5,34,31,0,2,0,0,1,0,1,0,0,0,0,0,2,0,5,0,7,2,0,0,2,13,0,0,0,0,3,1,1,1,0,1,2,0,0,1,30,2,3,0,0,0,0,0,0,0,55,0,0,0,0,1,0,1,3,14,0,0,0,0,0,3,0,20,4,0,0,0,0,0,0,1,0,2,0,1,0,0,0,0,0,2,5,1,3,0,0,1,0,0,0,0,0,57,1,0,0,0,9,1,1,2,0,4,59,0,13,0,0,2,0,0,0,1,3,0,0,112,0,0,0,1,0,0,0,0,1,5,0,2,0,3,2,2,0,0,0,0,2,0,0,0,2,2,0,4,0,0,0,0,6,3,0,0,4,0,0,0,24,0,2,1,3,2,0,0,1,0,0,3,0,1,0,0,6,0,3,3,4,0,0,0,2,0,0,0,1,2,6,0,35,0,0,6,0,0,4,1,0,6,1,0,0,2,1,0,0,1,0,1,0,0,5,0,1,3,9,3,0,0,0,0,0,0,1,0,2,0,1,0,1,0,0,0,0,0,1,0,0,1,1,0,0,1,11,0,0,2,0,0,0,0,0,2,0,4,0,21,0,0,0,40,0,0,38,0,5,0,0,0,3,0,0,2,0,0,3,0,0,0,46,0,0,2,1,0,2,1,0,53,1,0,0,0,2,1,0,0,0,1,2,4,9,1,0,1,194,0,1,2,0,0,0,1,0,6,0,1,0,0,0,0,0,1,0,0,3,0,0,19,0,0,1,0,0,0,13,1,151,0,0,0,4,2,1,0,1,0,1,2,1,0,1,0,0,0,0,0,1,3,0,29,0,0,0,19,1,0,0,0,0,4,1,0,0,0,0,0,0,0,0,1,55,1,0,1,0,0,0,0,0,2,25,0,0,2,1,0,0,1,0,10,19,2,1,0,0,0,0
"ENSG00000283586.1",0,0,0,5,0,14,0,6,1,0,0,0,0,1,0,0,0,4,0,3,0,0,1,12,0,6,0,98,6,3,32,0,7,0,6,0,0,2,0,0,0,1,12,0,1,0,2,2,0,60,1,5,2,0,0,15,2,2,6,0,0,1,30,0,0,113,0,0,8,10,1,2,9,0,0,1,6,5,0,3,1,1,2,0,6,0,0,0,0,0,3,0,0,5,0,0,0,1,0,0,1,3,0,0,0,0,15,0,0,3,1,2,0,6,0,1,8,0,0,0,0,9,7,0,1,0,0,0,0,1,7,0,1,1,1,0,0,1,0,5,0,0,3,0,39,11,201,0,1,0,0,1,2,0,0,0,0,7,0,9,1,0,1,4,1,2,0,8,10,0,2,33,5,0,1,0,2,0,0,0,1,4,0,1,0,1,3,2,8,2,6,0,0,7,0,0,0,10,0,27,1,3,0,9,0,0,3,4,0,3,2,3,1,1,1,0,1,0,2,5,0,0,0,3,1,1,0,21,0,2,14,13,1,1,0,0,0,0,3,2,0,1,0,4,7,0,0,0,2,12,0,14,0,17,0,2,0,0,0,8,5,4,0,0,0,5,14,1,0,0,9,0,1,0,0,9,0,0,0,0,0,0,0,0,0,0,0,0,0,3,0,2,1,1,0,0,19,3,0,0,12,0,0,0,0,0,0,1,8,0,0,4,0,16,0,0,0,0,0,1,0,0,0,6,9,0,0,0,0,0,1,0,0,1,0,0,3,9,0,0,0,0,22,1,1,3,0,0,0,0,0,0,6,0,4,0,0,0,5,2,1,0,4,0,0,11,0,4,0,0,0,4,0,0,1,1,3,0,0,5,0,7,3,0,3,0,0,7,0,4,0,0,0,2,3,9,7,0,5,2,2,2,3,0,0,0,5,0,0,0,1,0,0,0,0,10,0,0,0,0,0,4,0,0
"ENSG00000283599.2",4,0,1,0,0,0,1,0,0,1,0,3,0,714,2,0,2,37,1,2,0,1,3,6,116,1,1,10,0,684,0,0,422,1010,425,1,1039,0,1,3,0,2,0,0,1,4,0,194,0,4,0,489,0,4,0,0,0,0,71,0,2,1011,0,12,1,0,1,0,2,0,788,0,0,1,0,0,1,1,16,125,1673,691,1,0,269,4,1,922,1,1,0,65,8,0,0,0,0,193,1,0,1,0,0,0,0,1,2,0,1477,0,1,0,0,5,0,9,0,16,0,60,0,447,0,0,33,0,46,107,1,0,2,0,285,2,0,0,0,0,8,3,0,0,8,0,1,2,8,0,0,0,0,0,0,892,0,0,0,2,1,407,47,1,0,0,1,128,0,1,0,29,0,95,0,1,0,0,1,129,8,0,0,0,925,1,1883,6,1916,0,8,608,0,94,2,610,529,1,0,2,0,0,0,0,0,115,0,241,2,1,175,0,1,5,4,3,75,1,0,0,4,6,1,0,3,0,1,0,6,6,5,1,0,6,0,0,2,837,1,0,5,5,0,0,0,1,0,0,1,2,0,0,0,0,0,0,1,0,0,1,0,2,925,1973,0,12,1,0,3,1,11,0,48,1,7,0,1,0,0,0,0,7,3,8,207,0,0,0,0,0,8,1,0,0,5,1,1,0,11,0,0,1,0,19,1,0,4,0,0,1,1069,45,1,0,35,0,1,0,439,1,0,7,0,6,0,0,2,0,0,0,22,0,594,0,14,1,1,0,0,0,0,1,0,0,0,2,69,342,8,10,0,0,1,2,0,401,0,0,0,4,1,2,14,0,1,1,0,16,3,0,0,2,2,8,0,6,459,1,2,0,0,0,1431,605,1010,0,1,940,0,8,1,0,0,0,0,1,1,0,1085,1,2,0,0,2,1,0,345,2,1,0,3,0,5,4,0,0,6,0,201,3,0,1,0,1,0,0
"ENSG00000283627.1",4,0,0,0,1,5,66,0,0,5,2,0,22,3,1,0,0,2,0,3,2,0,0,0,1,34,9,0,0,6,21,3,0,0,13,1,4,1,1,2,4,0,16,0,0,0,0,0,0,0,1,4,0,64,0,0,0,0,8,0,0,19,0,0,0,13,0,0,5,0,0,0,0,0,1,0,8,0,12,4,34,6,0,0,4,0,2,0,0,0,10,2,3,0,1,0,0,0,35,0,0,0,0,0,1,0,5,0,82,17,5,0,0,1,0,2,7,3,1,43,0,1,1,0,1,0,0,2,9,9,1,0,3,0,0,0,2,0,1,0,0,4,15,0,0,2,1,10,3,0,0,0,0,6,2,0,1,1,51,2,0,2,0,4,38,9,1,0,6,0,9,0,0,0,0,6,0,71,9,0,2,11,26,0,0,2,1,0,63,0,0,12,0,3,1,0,0,0,0,3,0,0,11,6,0,23,0,0,1,0,0,4,0,3,3,0,0,0,0,33,0,0,9,0,1,0,0,0,0,1,1,0,6,0,0,37,0,0,0,0,0,4,0,0,2,9,0,19,2,0,0,0,0,0,0,0,1,13,0,5,3,0,1,105,0,0,0,0,0,0,0,0,13,0,1,29,16,0,0,0,0,18,16,0,0,12,0,0,0,2,0,0,4,5,38,8,1,0,0,0,0,0,159,0,57,0,0,1,2,27,0,3,0,0,5,0,14,6,1,2,2,0,0,20,6,0,1,0,22,0,6,0,0,10,0,0,0,0,1,0,1,0,0,0,3,15,0,5,5,0,0,3,0,57,0,0,24,0,6,0,7,0,1,18,0,0,8,0,0,2,0,2,10,0,1,2,0,0,0,0,0,14,21,0,0,0,35,1,24,0,35,1,0,2,5,0,7,240,0,0,0,0,5,0,2,2,0,0,1,0,0,0,2,0,0,0,0,1,1,1,0,0,2,0
"ENSG00000283635.1",6,0,0,1,1,2,0,0,1,2,7,3,0,7,1,1,5,0,6,1,1,0,1,1,7,14,4,2,0,7,1,8,0,2,0,2,5,0,2,5,0,1,5,0,1,1,0,0,0,2,1,2,2,4,4,1,0,1,2,1,2,3,3,2,0,12,4,4,4,2,8,4,1,0,0,0,11,0,6,1,11,38,49,1,8,11,0,1,2,1,5,1,1,0,2,0,0,1,6,1,2,2,3,0,0,3,7,0,21,7,17,2,0,2,0,1,7,0,5,6,0,1,1,1,1,1,0,4,10,6,2,0,8,1,2,0,1,0,12,2,0,0,3,2,1,5,3,1,0,4,0,0,5,8,1,1,0,4,7,2,2,2,16,6,0,2,16,6,5,3,8,4,2,5,0,4,1,5,21,6,0,38,8,2,7,0,0,4,1,2,0,0,5,5,3,3,2,4,1,2,3,0,2,17,1,3,2,25,0,5,2,3,3,5,3,1,1,0,0,2,0,0,0,0,1,0,2,12,0,4,4,2,1,2,2,4,1,0,3,8,24,2,5,5,22,5,2,0,4,12,0,0,0,4,1,2,1,0,5,5,10,1,6,3,0,6,1,1,4,2,0,0,4,0,2,1,2,0,6,12,6,2,1,1,2,0,0,0,2,3,1,1,1,4,2,6,14,1,6,4,6,0,3,0,4,0,5,2,4,2,1,3,3,1,6,8,2,8,2,0,10,3,3,12,1,5,0,7,3,1,6,2,2,6,0,1,5,10,0,4,0,1,5,0,4,0,1,0,1,0,1,8,3,3,0,0,5,11,5,1,0,1,3,3,5,7,1,3,0,1,0,0,0,1,22,3,17,1,1,20,13,2,8,1,0,0,1,4,4,2,9,2,0,6,0,0,5,3,4,0,1,0,8,0,0,0,0,1,0,2,0,1,5,1,1,1,0,1,8,2,0,1,14,1
"ENSG00000283646.2",916,0,8,15,491,9,0,2,0,4,0,2,2,83,328,1,7,126,0,132,3,1,10,3,8,3,0,3,185,9,219,17,27,13,7,26,6,2,0,1,0,2456,2,4,7,1,6,6,0,2,1,19,1,30,1,6,8,0,222,1,1,124,0,1,2,24,4,0,2,11,27,31,5,0,2,5,111,1,0,3,21,223,22,48,2,3,6,1,9,0,24,13,1,0,1,0,3,4,0,3,1,7,2,1,1,2,5,0,193,2,13,8,8,34,2,1,29,1,1,5,0,18,4,2,4,0,0,1,5,21,3,1,871,5,13,0,2,1,404,0,3,68,60,4,42,0,0,1600,1,4,0,4,2,5,5,5,245,6,11,34,1,1,35,8,17,10,1,31,22,2,1,27,0,59,1,2,14,3,5,0,2,0,6,12,4,5,0,16,0,1,1,70,1,10,38,1,2,0,0,1,0,85,47,100,0,0,21,353,23,3,6,5,1,0,4,10,3,0,50,3,0,1,4,0,4,0,2,82,3,0,0,1,9,2,3,412,1,0,0,0,1,6,2,4,129,3,0,1,9,1,0,0,1,0,0,0,4,0,10,6,2,20,324,1,0,23,14,5,15,1,3,1,2,0,0,2,2,1,1,0,3,3,2,0,0,2,1,14,14,9,5,1,102,0,2,0,9,0,3,7,2,1,0,1,5,0,1,7,7,3,0,22,0,8,3,11,1,4,25,23,4,4,4,13,109,18,2,0,0,1,1,3,15,1,0,2,1,2,2,9,2,2,2,190,76,1,0,5,119,0,0,2,2,105,2,0,1,23,6,2,1,2,3,44,1,4,4,2,0,0,0,4,1,2,107,1,314,2,4,5,1,31,4,0,0,4,5,1,1,1,8,0,1,2,54,0,25,1,13,2,1,1,9,0,20,4,0,0,1,4,4,5,31,11,0,0,33,0,108,0,0,3,1,2
"ENSG00000283683.1",2,0,3,0,2,0,2,0,1,1,0,0,0,2,4,0,3,5,7,3,3,1,1,0,1,2,0,1,0,2,1,11,3,0,2,1,0,0,1,1,0,0,5,0,0,1,0,0,0,0,0,2,0,1,0,6,0,3,1,1,0,0,2,0,0,0,0,1,4,1,6,1,0,0,0,0,2,0,2,2,0,7,3,2,0,1,2,27,7,0,3,29,1,0,8,0,2,0,4,0,0,1,3,0,0,6,3,0,17,1,0,0,4,0,5,0,3,0,1,159,0,1,1,2,2,0,1,4,1,3,1,0,9,0,2,0,0,0,2,1,1,5,3,0,0,2,5,3,1,0,0,0,1,1,0,4,2,1,0,2,2,2,75,0,2,0,2,2,2,2,1,1,7,4,1,0,4,3,0,0,0,0,0,0,3,2,0,0,2,1,2,1,1,4,8,1,0,1,0,5,3,3,0,2,0,0,0,1,6,1,1,1,6,1,2,1,0,0,1,0,0,0,3,3,1,0,9,3,0,0,3,0,3,1,0,152,0,0,2,2,0,0,5,0,3,2,0,0,0,0,1,2,0,1,0,0,2,2,2,4,1,1,2,11,0,0,5,0,1,0,1,0,2,0,1,4,2,2,2,1,0,4,3,1,5,1,1,4,10,0,0,2,3,4,2,2,1,0,4,0,0,0,4,0,2,0,0,2,0,1,0,6,1,2,2,1,1,1,14,6,5,8,0,4,2,0,2,0,0,0,1,0,0,3,1,0,0,4,0,13,0,3,1,4,1,0,0,4,3,0,0,2,0,3,0,0,3,3,3,3,0,1,1,9,8,5,0,4,1,2,1,0,0,0,1,0,0,0,1,0,3,1,0,0,0,1,2,3,0,0,5,1,0,4,2,2,13,0,0,0,0,0,1,0,0,2,1,1,0,6,0,1,1,1,0,2,0,0,1,1,0,1,3,4
"ENSG00000283689.1",1,0,0,12,15,0,1,0,3,7,0,18,1,1,3,0,1,0,45,0,10,1,24,0,0,5,0,4,1,0,0,11,0,2,0,6,1,0,29,20,0,19,9,10,0,0,0,0,0,18,0,1,0,0,1,0,13,3,0,5,0,4,0,10,0,4,3,29,31,1,50,3,1,0,0,0,45,0,9,0,11,1,4,0,8,0,0,7,7,0,1,0,1,0,0,1,4,25,2,6,0,6,11,1,0,7,0,0,43,27,0,0,0,16,1,14,20,3,0,1,0,14,0,0,4,0,0,4,0,73,11,0,0,9,0,0,1,0,0,0,1,28,13,0,0,0,1,0,1,0,0,0,0,17,2,4,2,1,9,53,8,0,19,0,11,3,3,11,17,1,20,0,1,31,0,0,0,0,24,5,0,4,38,0,24,0,47,4,31,13,0,5,0,0,1,0,1,0,0,2,0,29,0,11,0,0,0,34,0,11,1,0,0,5,0,9,5,0,3,102,0,12,0,0,0,1,10,7,0,3,34,1,1,3,0,15,0,0,12,7,0,0,12,1,4,42,0,0,2,10,10,0,0,0,2,9,0,3,5,17,5,47,9,14,1,0,0,0,53,0,0,0,0,2,0,1,0,1,23,8,0,2,1,0,2,3,0,1,1,0,1,0,1,2,4,0,43,0,0,39,0,0,2,3,0,0,0,8,0,4,5,1,0,32,1,28,24,18,8,20,18,3,1,0,9,1,0,67,1,0,2,1,8,11,11,0,2,1,0,0,1,18,13,11,0,5,9,2,1,0,0,2,15,35,0,0,9,34,7,0,34,2,9,1,39,30,4,0,8,2,20,0,0,3,9,0,1,1,0,0,20,2,1,2,0,0,2,2,1,1,0,15,0,1,0,1,54,16,0,0,0,0,25,0,2,11,0,0,0,0,0,1,1,1,6,1,0,23,19,0,2,4,12,2
"ENSG00000283877.1",0,0,0,0,4,7,0,0,0,0,2,2,6,0,0,0,1,1,0,0,3,0,0,1,1,0,0,2,0,0,0,1,3,0,0,0,0,1,6,3,0,0,0,0,0,0,0,7,0,0,4,1,1,1,1,6,0,0,7,1,3,5,0,0,0,0,0,5,1,4,0,2,2,0,0,0,0,1,0,0,3,1,0,0,0,0,0,1,1,0,5,4,2,0,0,1,0,0,4,0,0,0,0,6,2,1,3,2,1,6,2,0,0,4,0,6,0,0,0,0,0,1,0,2,0,0,0,0,13,1,1,0,1,0,0,0,1,0,0,0,0,2,0,1,2,0,0,0,0,1,0,0,8,5,0,2,0,2,1,0,0,1,5,2,0,1,0,2,0,0,2,6,0,16,1,0,1,0,0,0,0,0,2,0,0,0,0,0,1,1,5,0,0,5,0,1,0,1,0,2,1,13,2,45,0,4,0,0,0,0,0,2,4,9,0,0,4,0,2,16,0,0,1,0,0,0,1,0,0,0,1,0,0,0,2,0,0,0,0,1,0,0,1,0,9,0,1,2,0,2,0,1,0,0,0,0,0,0,0,9,2,1,37,3,0,7,1,0,4,0,5,0,0,0,1,2,0,0,16,2,0,0,0,0,0,0,0,2,0,0,0,3,0,2,3,0,0,8,0,0,3,0,0,2,1,0,0,1,0,0,1,3,8,1,12,0,0,0,0,5,3,0,1,0,0,0,0,0,0,0,0,0,0,0,0,0,1,0,7,0,1,1,4,0,12,2,2,0,2,0,0,0,2,13,3,0,1,0,10,27,3,0,0,4,0,0,0,2,0,0,0,4,1,7,3,1,23,1,0,2,3,0,4,1,0,0,11,0,2,0,0,6,0,3,1,0,11,6,3,0,0,2,0,5,0,0,0,4,0,0,0,0,1,0,0,0,34,0,0,0,0,0,0,0
"ENSG00000283907.1",18,370,220,0,89,5,4,2,3,9,1,9,8,3,56,8,6,18,1,6,6,4,28,1,4,9,5,5,3,6,8,0,11,32,6,6,77,2,2,4,10,1148,9,8,32,55,17,17,49,7,3,492,28,11,3,8,5,9,40,1211,681,25,42,126,7,7,26,4,2,1,34,15,4,97,4,7,78,47,2,12,9,51,57,86,1,3,11,1,89,75,68,11,3,40,0,133,47,8,27,3,93,5,51,10,0,6,6,7,49,72,5,12,237,11,3,86,11,1,18,31,0,7,12,13,67,16,11,15,5,8,3,3615,3,13,27,8,9,157,12,0,2,131,20,12,1,16,18,246,9,4,711,10,34,43,1,3,3,60,7,10,12,45,8,38,9,4,8,66,117,9,13,86,3,35,35,1,35,613,16,1,0,6,7,11,3,8,3,7,6,2,3,872,12,25,267,6,11,200,18,2246,2,23,15,75,13,66,0,9,19,59,6,17,27,24,14,17,38,131,2,9,16,22,2,7,1,12,104,55,13,1,76,51,3,10,17,4,9,920,6,6,159,3,11,290,80,4,34,20,7,137,3,243,17,3,16,19,4,8,7,3621,3,17,3,67,4,20,6,0,5,1757,232,2,5,3,85,6,5,16,6,2,2,67,8,528,35,2,4,27,40,40,3,4,5,15,12,17,26,14,54,16,8,1,22,7,96,3,3,7,1154,1,0,125,31,6,17,7,7,7,16,38,29,38,15,69,7,54,39,1,12,5,8,0,34,43,39,12,18,2,10,16,6,53,1,62,1,3,6,82,1,7,355,16,11,65,22,44,11,68,185,6,7,63,11,10,13,19,65,448,8,8,6,10,51,7,6,48,2,7,29,5,65,163,612,17,4,198,3,0,6,2,8,2,2,9,53,0,4,28,4,13,19,1,2,2,40,11,44,4,3,12,3,9,2,2,5,5,4,29,6,11,669,64,16,11
"ENSG00000284095.1",0,0,1,0,0,0,0,1,0,0,0,2,2,4,0,0,0,2,2,0,1,0,1,0,0,1,0,0,0,1,0,2,2,0,1,0,2,0,3,5,0,0,1,96,0,0,0,1,0,3,0,0,0,0,334,0,0,0,0,0,0,0,804,0,0,0,0,18,0,0,3,0,0,2,1,1,0,1,0,0,55,1,4,3,2,0,0,0,1,1,0,4,0,0,1199,0,103,2,0,0,0,1,0,0,3,0,0,1,4,0,0,1,1,0,0,1,3,0,1,47,371,0,1,0,0,0,0,0,0,2,3,0,2,2,0,0,596,0,1,0,0,2,0,0,0,0,4,0,1,0,0,0,0,1,0,1,2,0,0,1,3,0,0,0,0,1,2,3,0,0,0,0,0,2,2,0,1,0,0,1,0,0,1,0,2,0,0,1,1,0,1,0,1,0,0,0,0,0,0,2,3,0,1,2,0,0,0,0,0,0,1,0,0,0,1,0,4,0,0,5,0,0,0,0,1,0,409,5,0,1,0,1,1,168,5,431,1,0,0,0,0,1,1,2,3,0,0,2,1,2,0,0,0,0,0,1,0,0,3447,1,2,0,6,0,0,0,1,0,1,0,0,0,0,0,2,0,1,0,0,3,1,1,2,1,3,0,0,0,0,5,0,2,0,1,4,1,2,147,1,0,0,0,1,0,0,1,0,0,0,0,0,0,1,1,12,0,0,0,0,0,0,0,0,0,0,1,0,12,1027,2,7,1,2,0,5,3,0,1,0,1,0,147,1,1,0,0,1,0,0,0,1,1,1,0,0,0,0,0,0,0,0,2,462,0,3,2,1,0,0,1,0,19,0,0,1,0,0,0,1,0,0,0,3,0,0,0,0,1,0,1,0,1,0,1,1,1,5,2,0,1,0,0,3,6,9,2,2,0,0,0,0,0,2,0,0,1,0,2,1,1,1,0,0,0
"ENSG00000284309.1",160,0,0,0,0,0,0,0,0,1,0,28,0,49,1,1,0,8,0,0,1,0,0,0,0,0,0,0,0,0,0,0,0,1,5,0,3,0,0,0,0,8,0,55,1,0,0,0,0,0,0,0,1,0,278,0,0,0,0,0,10,0,2,0,0,0,1,152,0,0,0,2,0,0,0,0,1,0,0,3,14,0,0,2,1,0,1,9,0,0,0,159,0,0,1,0,2,0,0,5,8,1,0,37,0,1,0,0,1,0,0,0,0,0,0,0,0,0,0,19,4,0,0,0,1,0,4,0,0,0,0,0,13,0,1,7,2,0,1,0,0,1,6,2,0,23,0,0,0,0,0,3,231,29,0,35,0,0,0,2,1,0,1,1,1,2,0,5,0,0,0,0,97,0,0,0,0,0,1,4,0,0,0,1,3,0,1,0,1,0,0,0,0,0,4,0,0,0,0,2,0,0,0,0,0,0,0,2,3,0,4,0,0,0,1,0,101,0,0,0,0,0,0,0,2,0,4,1,2,8,0,0,2,0,10,0,0,5,0,0,2,1,26,0,1,0,0,3,9,1,0,0,0,1,0,2,0,0,1,1,0,0,0,0,0,0,9,0,0,0,0,0,0,0,0,0,0,1,8,0,1,0,0,0,0,0,0,0,0,0,5,0,0,0,30,0,0,71,0,2,0,0,0,1,0,0,0,0,0,0,68,0,0,0,18,0,0,0,0,0,0,40,0,0,0,0,2,0,0,0,3,0,3,0,13,0,23,11,0,1,0,0,0,0,0,1,0,0,0,0,0,8,0,0,0,0,0,0,0,16,0,0,56,1,0,1,0,0,0,0,1,0,0,24,1,0,0,1,0,2,0,0,0,0,2,0,0,6,0,0,0,6,0,1,0,0,2,1,15,0,0,0,0,130,58,0,0,0,0,0,0,0,0,0,0,0,0,3,0,5,0,0,74,0
"ENSG00000284395.2",3,0,0,1,56,5,0,1,0,0,0,2,0,1,0,1,39,0,1,9,7,0,0,0,2,1,0,1,0,1,233,1,3,0,5,2,0,3,0,0,1,0,139,0,3,1,0,0,0,0,0,0,0,11,0,0,1,29,1,0,0,0,1,1,2,32,0,1,2,2,1,1,2,1,0,0,2,6,6,11,3,3,0,1,1,206,0,0,3,0,2,1,2,0,0,0,0,1,56,0,0,0,0,0,1,38,0,1,32,84,2,2,0,0,85,0,28,1,4,1,0,0,0,0,1,0,0,0,2,3,3,1,1,0,2,0,0,0,47,0,0,5,0,2,2,0,2,8,0,0,0,0,0,0,0,1,0,7,1,1,0,0,0,250,0,1,13,2,1,0,0,1,1,2,0,0,0,21,0,1,0,42,0,3,0,1,1,1,10,0,2,0,12,1,0,2,1,0,0,36,0,4,22,1,0,0,1,1,3,1,11,218,0,0,64,0,0,0,0,2,0,0,1,0,0,0,0,0,0,0,28,1,0,0,1,0,0,2,2,0,30,4,1,16,1,1,0,0,2,3,0,0,0,0,0,3,0,30,1,0,3,0,1,139,0,14,11,0,1,0,0,1,0,0,0,11,1,0,0,0,0,1,0,0,5,2,0,1,0,0,0,0,0,3,0,0,0,0,0,1,34,17,52,0,0,0,0,1,1,2,3,57,0,1,0,1,1,33,0,0,270,3,0,131,4,6,0,0,0,0,0,9,0,5,4,0,0,3,0,0,0,1,1,2,1,0,1,5,0,0,1,6,0,1,2,0,8,1,11,0,0,2,0,3,1,1,0,21,1,0,0,2,2,0,0,3,1,0,1,0,0,2,3,0,0,1,3,0,0,3,11,1,1,5,4,2,2,42,4,2,1,0,17,0,1,4,0,2,0,0,1,0,1,1,0,3,0,0,511,1,0,1,0,1
"ENSG00000284543.1",34,10,27,11,16,211,30,13,6,14,2,0,1,8,9,3,24,20,8,36,11,3,12,12,4,2,19,27,42,21,225,10,37,1,6,5,267,9,15,7,5,31,9,21,14,6,20,6,4,0,6,45,3,61,2,28,2,11,1,1,0,81,13,3,57,31,8,100,47,9,28,75,33,2,34,2,62,10,37,17,86,0,11,28,37,5,60,18,11,41,59,437,20,68,15,2,4,87,35,6,38,22,11,18,16,7,149,0,197,11,153,9,3,10,13,43,19,21,60,146,29,34,3,42,50,5,1,6,43,13,11,1,191,14,24,5,13,11,45,2,2,77,338,8,26,10,68,15,117,2,5,9,36,57,12,129,8,174,33,20,13,31,35,59,9,3,130,25,89,52,14,34,27,9,25,5,679,87,23,11,2,11,6,25,5,8,7,6,29,8,3,4,46,68,46,574,3,122,54,40,3,6,64,51,1,130,13,8,8,12,107,65,1577,10,14,10,41,14,7,38,0,28,185,6,2,5,22,15,29,18,232,0,34,16,1,16,0,2,42,30,42,50,12,28,84,19,9,11,27,61,1,16,2,26,4,14,4,10,5,13,60,31,21,35,3,404,25,10,139,2,22,1,137,5,20,282,68,1,11,25,61,61,6,3,39,49,3,150,183,15,7,40,33,153,2,67,75,12,96,5,9,32,9,7,64,23,5,24,82,93,3,44,59,30,61,67,206,11,65,204,13,6,1,28,67,20,12,6,1,1,47,9,13,5,23,1,111,19,4,6,2,11,9,15,107,10,10,40,49,10,4,62,17,371,7,5,14,7,96,683,48,17,16,41,17,22,67,230,3,16,21,44,56,46,107,5,95,18,6,112,9,5,15,7,8,42,35,356,41,8,216,8,1,57,96,17,96,31,21,3,15,33,57,16,23,0,32,189,3,7,11,15,2,4,5,16,188,7,54,4,6,13,2,7
"ENSG00000284610.1",5,0,7,5,2,0,1,3,0,63,0,1,2,6,16,0,0,3,0,1,0,0,1,1,0,3,2,6,2,4,3,6,2,2,0,1,9,0,8,8,6,56,3,7,4,0,5,3,1,1,1,1,0,1,0,2,1,6,7,3,2,0,0,2,0,5,4,0,0,5,1,6,2,0,5,0,0,1,1,0,10,7,10,1,3,0,1,2,28,1,2,1,0,4,0,0,7,13,5,9,2,0,11,0,0,2,5,0,21,1,1,3,6,6,2,8,3,0,1,6,4,6,2,2,3,0,1,7,1,0,0,0,8,1,7,0,7,0,2,1,0,8,3,1,0,20,0,3,9,8,0,0,4,1,0,0,0,1,2,0,17,5,14,0,7,6,3,16,6,8,0,2,1,7,0,0,0,6,15,0,1,0,8,3,2,1,4,0,3,0,0,16,3,1,1,3,1,3,2,10,1,3,1,0,0,5,1,2,3,0,0,2,1,1,2,17,3,5,3,10,0,8,9,1,0,0,1,5,1,5,4,6,3,2,4,6,0,6,0,5,0,4,1,1,9,10,2,1,1,0,1,1,0,30,0,0,0,1,3,18,6,0,8,3,0,1,8,6,6,0,1,1,1,0,1,1,3,0,2,4,8,17,1,0,1,10,0,0,10,1,1,1,1,6,0,9,5,1,6,9,1,3,8,0,3,1,0,2,0,0,0,1,3,0,6,12,3,11,1,0,2,15,2,5,2,5,1,13,1,0,3,2,1,3,5,0,1,16,0,3,0,4,4,6,3,4,0,3,5,0,0,4,0,2,0,0,1,39,3,1,7,5,4,3,72,1,6,22,0,1,0,3,0,0,0,1,2,1,5,6,1,7,0,0,1,5,1,0,0,3,3,0,0,7,1,0,4,3,2,0,4,2,2,0,2,1,1,0,14,3,1,3,5,3,18,0,5,85,3,3,0,0,9,0
"ENSG00000284630.1",4,0,0,1,2,0,1,0,0,0,5,7,5,2,1,0,0,0,4,0,2,0,0,6,5,1,2,1,0,1,2,0,3,0,0,0,0,1,2,2,0,2,0,2,1,0,0,0,0,1,3,2,1,4,11,2,1,0,2,0,1,1,3,2,0,2,1,4,2,2,10,0,0,0,0,0,0,0,8,0,6,18,1,0,4,2,0,5,1,0,2,1,2,0,2,0,2,0,6,0,0,0,2,5,1,6,10,0,10,2,2,0,2,2,0,1,4,1,11,11,1,4,0,1,1,0,2,1,5,11,0,0,11,0,0,0,6,0,8,1,0,0,1,0,1,12,2,1,1,1,0,1,2,5,1,7,2,0,2,15,2,0,6,1,1,0,2,5,0,0,0,2,0,3,0,0,2,8,8,0,2,1,2,12,2,0,0,0,3,25,7,3,4,1,1,3,1,3,0,4,8,1,2,0,2,13,1,3,0,0,1,4,5,1,5,0,0,0,0,1,0,2,0,0,0,0,6,5,0,1,1,1,0,0,0,5,0,1,0,0,2,0,5,0,1,11,0,1,10,2,0,0,1,0,0,4,0,0,4,1,9,6,4,5,0,0,0,0,4,0,2,1,11,0,0,4,1,0,3,3,3,2,0,1,8,0,0,0,1,1,0,0,3,1,1,9,0,3,0,0,8,0,22,0,0,0,2,4,7,4,3,0,38,0,0,1,1,3,0,0,2,5,0,15,0,21,0,1,2,0,6,0,0,1,2,2,3,0,1,0,2,2,1,1,1,3,4,1,2,0,0,0,0,3,3,0,2,4,0,5,0,1,0,5,3,0,0,5,0,2,1,5,0,4,1,0,7,1,3,2,0,2,7,0,0,1,3,1,1,2,3,3,0,2,0,2,5,2,9,0,3,4,1,0,5,1,0,3,1,0,0,1,9,2,0,0,2,1,6,0,0,0,3,0
"ENSG00000284651.1",0,0,0,0,0,0,1,1,0,1,0,1,3,3,2,0,0,0,2,0,2,0,1,2,2,0,0,2,0,0,2,0,4,0,2,0,1,0,0,2,0,0,0,0,0,0,0,0,0,0,2,0,0,1,4,1,0,0,1,0,0,0,0,1,2,2,3,0,3,0,3,0,1,0,0,0,1,0,3,1,3,12,0,0,3,5,0,0,0,0,1,2,0,0,0,0,1,0,3,0,0,0,0,0,0,1,2,0,3,2,1,1,0,1,0,0,3,0,3,10,0,2,0,4,0,0,0,2,1,8,0,0,4,0,1,0,3,0,5,0,0,2,1,0,0,5,0,6,0,0,0,0,2,5,0,2,2,0,0,4,3,2,4,1,1,0,2,5,0,1,0,1,0,3,0,0,0,2,4,0,0,1,1,4,2,1,1,0,0,9,0,1,2,1,2,8,0,0,1,3,0,0,0,1,0,1,1,1,0,0,2,1,1,0,0,0,0,0,0,1,0,2,0,1,0,0,0,2,0,2,6,0,0,0,0,0,0,1,1,0,0,2,1,0,5,1,0,1,8,0,0,0,1,1,0,1,0,1,2,2,4,4,0,5,0,1,0,0,0,0,0,0,4,0,0,0,1,0,2,0,1,0,0,0,1,0,0,0,0,0,0,0,0,0,1,6,1,4,0,1,16,1,3,0,0,0,1,0,4,2,1,1,13,0,2,0,2,1,0,0,3,3,0,6,3,24,0,2,0,0,1,0,0,1,0,1,2,0,0,1,0,0,4,1,2,0,0,0,0,0,0,1,0,5,1,0,0,3,0,7,6,0,0,1,3,0,0,0,0,1,0,2,0,5,2,2,9,0,0,2,0,5,0,0,0,0,5,0,0,1,3,3,0,2,0,0,2,5,0,0,1,0,1,3,3,0,0,2,1,0,0,0,10,0,2,0,3,1,10,0,0,0,1,0
"ENSG00000284654.1",4,0,0,0,1,0,2,0,1,1,0,2,11,5,6,0,1,1,9,2,1,0,0,1,3,0,0,3,0,0,1,2,3,2,0,0,1,2,2,4,0,1,0,0,0,1,0,0,0,0,2,0,0,4,5,3,0,0,5,0,1,0,1,4,2,0,7,1,2,1,10,0,0,0,0,0,3,0,8,2,5,25,0,2,7,7,1,1,1,0,2,2,1,0,2,0,4,0,18,0,0,0,0,2,3,2,7,0,14,1,2,3,0,0,1,0,5,1,8,12,0,5,1,0,4,0,0,2,1,7,1,0,8,0,0,1,6,0,11,0,0,8,0,1,1,10,1,22,2,1,0,0,4,2,1,1,1,0,1,8,5,0,2,0,2,0,3,9,1,1,0,2,1,6,1,0,4,5,9,0,0,1,1,9,2,1,2,1,3,16,2,3,4,11,4,10,0,1,0,0,2,1,2,1,0,5,0,2,3,1,3,2,5,1,3,0,2,1,0,5,0,2,0,0,0,0,3,6,0,1,13,4,3,0,1,2,0,1,1,1,0,2,2,2,11,1,0,0,5,1,1,0,0,5,0,2,0,0,5,5,5,2,1,7,0,1,0,0,3,1,0,0,13,1,0,2,1,0,2,2,2,0,0,0,1,0,0,0,1,0,0,0,0,6,3,20,2,1,2,1,12,0,1,0,6,0,0,1,9,4,3,4,13,0,4,2,1,2,0,3,0,8,0,7,0,38,0,1,0,0,2,1,2,1,2,0,7,0,2,0,0,0,2,13,2,0,0,0,3,0,0,2,0,9,1,0,4,5,1,7,8,0,0,4,6,0,1,1,0,3,0,13,0,4,9,3,17,0,2,10,2,7,6,0,0,0,3,1,0,4,9,2,0,2,0,1,1,4,4,0,9,3,0,4,5,2,3,2,0,0,1,0,13,0,6,1,2,7,10,0,0,1,6,0
"ENSG00000284668.2",0,0,0,0,0,0,1,0,0,0,0,2,0,1,1,0,0,2,0,0,0,0,0,0,2,0,0,0,0,1,0,0,0,21,0,0,1,1,0,0,0,0,4,0,0,0,0,1,0,0,0,12,0,15,0,0,0,0,0,0,0,21,0,0,0,0,0,0,0,0,0,0,0,0,0,0,0,0,24,5,24,5,0,0,0,0,0,0,0,0,0,0,0,0,0,0,0,1,0,0,0,0,0,0,0,0,0,0,119,0,0,0,1,0,0,0,0,1,0,14,0,0,0,0,0,0,0,1,0,1,0,0,2,0,0,0,0,0,0,0,0,0,3,0,0,2,0,0,0,0,1,0,0,2,1,0,0,0,22,1,1,0,0,0,0,2,2,0,0,0,0,0,0,0,0,0,0,3,0,1,0,0,0,0,0,0,0,0,5,1,0,0,0,2,13,0,0,0,0,0,0,0,0,52,0,2,0,0,5,0,0,0,0,0,0,69,0,0,3,34,0,0,0,0,0,0,0,5,0,0,1,1,0,0,0,6,0,0,0,1,0,0,0,0,0,0,0,0,0,0,0,0,0,149,0,0,0,0,0,1,2,1,0,3,0,0,0,0,0,0,0,0,12,0,0,0,0,0,0,2,0,0,1,0,0,0,0,0,0,0,0,0,0,0,0,2,1,0,0,0,0,0,0,0,7,0,0,0,0,0,2,0,0,0,0,95,158,0,0,0,0,0,0,0,0,0,0,0,0,0,22,0,0,0,0,0,0,0,0,0,0,0,0,0,0,17,0,0,0,0,0,0,0,144,0,0,0,0,0,0,0,0,0,0,0,0,0,0,0,0,0,1,0,2,3,0,2,0,0,0,0,0,31,0,0,0,0,0,0,0,0,0,0,0,0,0,2,3,0,0,0,0,0,0,1,2,0,1,0,0,0,0,0,0,4,0,2,0,0,0,0,0,0,0
"ENSG00000284703.1",1,0,0,2,0,0,0,0,2,4,0,1,0,2,1,0,0,1,0,0,0,0,0,0,0,1,0,0,0,0,0,0,0,186,0,0,1,0,0,0,0,18,1,1,0,1,0,0,0,0,0,7,1,1,0,1,0,0,0,1,0,51,0,5,1,2,0,0,2,0,1,0,0,0,0,0,1,0,1,2,6,73,3,1,2,0,0,0,0,2,0,5,1,0,1,0,0,1,0,1,1,0,1,1,0,0,0,0,20,0,0,0,0,1,0,1,0,0,0,3,0,0,0,3,0,1,0,0,0,0,0,0,1,0,1,0,0,0,0,0,0,0,2,0,2,0,1,2,0,1,0,1,1,2,0,0,0,0,5,1,4,0,0,0,0,2,1,1,0,0,1,0,0,0,0,0,0,8,0,0,1,0,1,0,1,0,1,0,120,0,0,0,1,0,411,1,1,0,0,0,0,0,0,2565,0,1,0,0,0,0,0,0,0,0,0,4,5,2,1,10,0,0,0,0,0,0,1,0,0,1,1,0,0,0,0,1,0,0,3,2,0,0,0,0,2,3,0,1,0,0,0,0,0,26,0,0,0,0,0,3,2,1,1,3,0,0,0,1,0,0,0,0,4,0,0,1,2,0,0,0,0,1,2,0,0,0,0,1,0,0,0,0,0,1,1,0,0,0,2,0,0,0,6,0,3,0,0,1,1,0,0,0,1,0,0,16,13,0,0,0,0,0,0,1,0,2,0,1,1,0,3,0,0,1,0,1,0,0,1,0,0,0,0,0,1,1,0,0,0,0,0,0,0,23,0,1,0,0,0,1,0,0,0,0,0,0,0,0,1,0,0,0,0,0,5,0,0,1,0,0,1,0,37,0,1,2,2,0,1,0,2,0,0,0,0,0,18,1,1,0,0,0,0,0,0,0,1,0,0,0,0,0,0,1,4,0,0,1,1,1,0,0,1,1
"ENSG00000284708.1",2,2,1,1,0,4,0,31,3,85,4,0,3,3,26,0,4,18,32,3,6,0,4,1,9,9,6,2,0,4,1,0,1,197,8,2,12,3,1,0,6,7,0,0,2,1,3,0,1,5,5,6,2,2,22,24,2,2,7,3,4,36,2,11,6,0,8,4,5,4,4,6,3,0,2,2,2,0,2,29,7,284,10,1,19,23,1,0,2,3,15,13,2,8,0,0,3,23,1,3,4,3,0,1,4,9,3,2,3,2,6,1,1,27,0,6,12,9,8,0,0,18,3,2,1,1,1,4,6,4,20,0,35,0,9,6,15,1,44,2,0,3,2,1,0,1,0,10,3,37,1,0,2,72,1,13,7,2,6,23,13,9,5,8,13,15,2,0,1,2,45,7,2,11,0,3,2,3,2,5,2,0,5,17,13,14,11,24,23,16,10,4,4,31,17,13,5,13,1,3,6,22,3,89,0,2,0,17,2,18,7,6,1,8,8,1,3,0,6,3,3,10,0,1,2,1,6,6,1,0,1,8,9,2,7,1,1,1,7,2,0,8,5,14,51,0,1,1,8,16,1,4,2,2,1,8,0,0,1,23,8,12,6,5,0,6,4,1,20,1,1,1,0,0,9,1,3,0,4,11,4,0,6,0,24,2,1,0,3,2,1,1,7,9,0,1,7,5,188,15,11,0,3,1,0,4,2,11,5,2,11,0,16,3,3,0,2,0,0,6,13,5,4,8,31,14,2,4,0,0,0,1,6,15,3,3,14,0,6,3,0,1,16,5,2,5,3,16,0,0,0,5,11,1,1,1,0,16,1,5,0,2,2,12,5,20,0,1,4,0,9,7,0,2,14,21,1,1,23,10,9,3,74,1,1,3,9,2,3,6,16,5,1,1,5,3,28,0,6,0,4,27,5,13,0,1,2,1,1,0,1,1,30,0,55,12,15,12,56,0,0,17,1,0
"ENSG00000284727.1",2,0,0,0,18,41,0,1,0,20,2,0,4,3,2,1,3,1,0,5,3,0,0,1,1,0,0,8,1,0,2,3,0,1,1,1,0,0,0,0,6,9,0,2,1,0,0,0,1,0,0,4,0,8,2,1,18,0,0,0,1,2,0,0,0,2,0,0,189,14,0,3,0,0,0,0,3,1,15,2,116,0,0,18,2,1,0,0,0,0,60,0,20,1,2,0,0,2,99,5,1,0,10,6,41,0,2,0,33,1,15,0,1,0,5,2,0,0,1,0,0,1,0,0,0,0,0,1,47,2,0,0,8,1,6,0,0,0,0,0,0,38,7,1,7,47,0,109,19,10,0,0,9,0,0,0,1,0,5,1,2,32,0,1,21,0,4,30,51,10,3,2,8,3,0,1,1,1,26,0,0,4,0,0,1,0,1,0,0,3,0,6,0,0,0,47,2,3,0,11,2,1,9,2,0,0,0,5,0,0,3,22,18,0,0,36,8,0,0,0,0,0,16,0,0,1,3,0,0,1,2,2,15,1,1,0,0,0,22,7,10,0,2,2,13,29,8,6,0,1,3,0,0,4,4,22,0,0,14,2,2,1,3,1,0,1,19,0,0,0,0,0,2,0,1,7,30,0,1,13,1,8,1,0,0,0,0,6,23,2,5,0,3,0,5,4,7,0,0,47,3,4,1,0,0,2,0,0,0,4,0,36,0,25,75,18,4,0,0,0,1,6,1,6,18,49,0,1,0,0,18,2,0,6,2,0,4,2,1,1,1,0,0,7,3,0,1,11,1,3,0,28,0,0,0,1,7,12,0,0,64,0,0,5,14,0,17,29,0,1,1,0,2,19,0,0,1,0,0,2,0,0,0,0,0,1,61,2,8,0,51,1,0,115,0,2,0,77,2,0,0,1,1,0,1,12,0,0,0,1,0,0,0,0,1,3,0,6,13,0,1,1,123,3
"ENSG00000284779.2",0,2,0,0,1,1,0,0,4,0,0,1,0,0,0,10,0,0,0,9,2,14,0,0,2,0,0,0,0,0,5,0,0,3,0,0,0,0,0,0,0,0,2,0,4,0,0,0,13,0,0,0,5,0,0,0,3,0,0,0,0,0,0,0,8,0,3,5,0,0,1,0,0,10,0,13,0,0,0,0,1,0,0,0,0,0,0,0,0,0,0,0,0,0,0,10,3,2,0,0,0,26,0,1,0,0,0,10,0,0,0,8,0,0,0,0,31,0,0,0,0,0,5,0,0,8,0,0,0,1,4,9,0,0,0,12,0,10,0,0,7,2,0,9,0,0,0,24,0,0,6,3,0,0,9,1,0,0,0,0,0,0,0,1,0,0,0,0,0,0,0,0,0,0,0,0,0,0,3,0,9,0,0,0,0,0,0,9,0,0,0,0,0,0,0,0,14,0,2,0,0,0,0,0,25,0,1,0,0,0,1,0,0,0,0,0,0,0,0,0,6,0,0,0,4,11,0,0,0,0,0,1,0,0,0,0,11,2,0,0,0,0,3,0,0,0,0,0,0,19,1,0,9,0,10,0,16,1,0,0,1,0,0,1,6,0,0,11,0,2,0,10,0,13,0,0,0,0,0,0,0,0,0,0,38,0,10,0,0,0,3,0,0,0,0,0,0,0,0,0,3,0,0,5,0,0,0,0,0,0,1,0,0,0,0,0,0,1,0,0,20,1,3,5,0,0,3,0,0,3,0,0,0,0,0,25,1,0,0,0,21,5,0,0,0,0,0,0,0,4,3,0,5,1,0,8,0,0,0,0,0,3,4,1,0,0,0,0,2,0,0,0,0,0,0,2,0,2,29,2,0,0,0,0,1,0,15,0,0,0,0,19,6,0,0,0,0,0,5,5,0,0,0,2,0,0,0,0,0,0,3,0,2,7,0,0,1,0,0,21,7,6,0,0
"ENSG00000284874.1",34,0,0,2,34,5,0,1,5,0,4,5,1,0,1,0,5,1,0,29,9,0,5,0,1,3,0,0,1,3,18,0,1,1,1,1,1,1,0,6,0,2,14,0,1,1,2,0,0,0,4,3,1,1,1,2,0,2,0,2,0,3,1,0,0,5,8,1,6,12,3,4,0,0,0,1,64,0,9,1,15,21,3,0,3,19,0,0,13,2,21,4,0,0,1,0,0,2,14,0,0,1,0,1,4,7,5,1,7,14,6,0,5,0,3,0,24,3,2,0,0,2,0,0,0,0,0,0,14,16,4,0,6,0,4,1,3,0,17,0,0,42,2,0,11,4,4,8,1,1,0,0,3,0,0,0,0,11,2,20,3,0,5,25,3,1,5,8,1,0,0,6,5,12,0,6,0,0,19,0,0,2,6,9,0,1,0,8,1,0,1,2,4,1,0,0,2,0,0,1,0,4,43,4,0,0,2,18,0,3,3,6,0,7,4,1,0,0,8,8,0,0,0,3,3,0,3,1,0,3,1,12,1,0,0,4,0,1,1,1,1,1,1,2,58,2,0,0,8,0,0,0,0,5,0,5,1,0,0,6,2,0,3,1,0,14,7,0,2,0,0,0,0,0,0,1,0,1,1,1,6,0,1,0,6,1,0,2,0,12,4,1,0,1,1,3,11,6,1,11,14,0,0,0,0,1,1,2,2,0,1,53,0,3,3,5,0,16,2,0,7,58,0,22,3,26,0,1,0,0,1,2,3,7,4,0,1,14,1,1,0,0,3,22,3,0,0,0,0,0,0,7,1,2,0,0,6,8,4,1,0,0,3,20,68,4,0,2,1,0,1,4,0,0,7,0,1,0,3,8,0,0,1,0,0,1,11,1,0,1,5,1,0,6,3,1,4,1,4,0,6,3,8,0,2,4,3,1,0,4,2,0,1,5,6,2,1,36,11,2,0,0,3,0
"ENSG00000284928.1",307,0,0,1,112,3,0,0,0,39,0,18,2,683,192,9,5,22,0,153,0,0,1153,18,3,0,25,1,215,49,188,588,22,1,90,0,1,0,0,0,0,450,2,18,7,0,8,24,0,0,0,78,2,5,7,8,2,0,52,2,1,49,0,0,0,0,0,230,4,21,1629,11,4,1,0,3,823,0,18,14,219,21,17,3,16,80,1,33,9,0,0,35,0,0,4,0,0,0,1,28,17,1,3,2,1,1,0,1,777,0,1,8,4,24,2,0,37,0,125,20,412,8,1,2,1,0,0,51,1,475,2,0,509,3,7,3,0,0,0,1,1,169,20,3,25,15,13,17,2,2,3,3,0,2,0,0,0,101,104,71,0,0,29,14,21,1,0,3,0,0,1,1,0,55,0,0,1,53,2,5,1,1112,0,0,1,0,0,1,0,5,0,0,29,41,3,0,4,0,0,38,0,0,38,1,3,44,1,122,0,215,41,6,81,37,0,2,0,0,98,4,0,16,0,34,13,1,0,1136,10,1,0,15,2,2,0,246,4,1,93,0,320,3,2,126,25,1,0,0,1,0,1,0,3,0,3,1,6,34,5,3,41,1,61,16,1,1,55,2,16,4,203,4,64,1,1,0,0,0,1,5,0,1,0,3,0,1,4,10,9,138,17,0,356,3,1,0,229,0,1,119,2,49,2,0,62,0,0,15,3,2,8,93,0,1,4,23,1,9,40,114,45,92,3,59,172,0,16,2,0,6,1424,5,6,0,0,0,0,12,0,4,6,2,2,42,104,3,2,202,2,0,0,57,0,5,0,0,4,397,2,5,63,0,6,26,79,2,75,0,0,10,0,1,1,6,276,0,112,11,0,10,0,47,0,0,0,240,1,2,1,0,0,0,0,1,142,1,224,0,7,4,0,0,23,0,26,1,4,24,1,0,18,0,0,0,1,0,25,4,15,5,2,0,2,0
"ENSG00000284946.1",5,0,0,7,27,19,0,5,6,11,13,41,37,105,36,7,6,15,22,35,9,4,9,12,20,14,6,71,4,30,38,14,13,26,1,14,6,6,12,44,0,8,78,1,2,1,3,2,2,2,4,30,4,43,5,17,1,15,21,30,3,25,7,14,6,25,15,3,146,41,55,13,7,1,0,1,86,11,81,27,38,63,71,1,47,28,3,4,19,0,21,33,8,0,2,0,2,27,38,16,4,3,0,4,14,86,62,7,102,27,24,13,10,12,8,2,212,36,40,26,4,46,7,17,10,0,0,8,88,46,12,2,85,4,20,1,14,1,70,2,1,120,40,4,17,96,12,28,16,25,2,2,22,14,5,27,7,27,16,55,13,0,26,20,6,54,56,7,17,77,2,22,21,165,2,13,10,11,56,23,0,16,20,139,8,4,30,5,11,126,2,63,63,74,3,38,2,18,2,52,6,87,40,143,0,4,18,89,1,52,4,10,7,30,38,14,2,0,20,40,1,1,1,10,4,3,15,108,0,16,47,25,13,15,0,27,2,2,15,1,5,23,3,7,63,31,16,0,10,10,0,4,5,19,0,13,5,1,8,78,54,25,66,33,1,19,12,8,93,2,6,2,28,1,15,17,5,0,1,7,66,11,1,0,23,11,0,6,0,9,4,3,1,0,1,62,209,8,11,6,53,3,40,0,2,1,6,11,18,63,10,45,21,17,22,38,23,52,7,4,68,67,2,100,11,77,1,8,0,2,20,10,3,18,135,3,14,43,3,5,2,7,11,14,42,13,1,1,6,1,5,65,19,21,8,2,43,79,26,7,20,1,17,33,52,14,0,29,1,1,23,28,0,1,70,2,43,5,4,29,5,18,19,0,9,4,30,11,4,15,23,8,1,37,4,21,24,10,27,0,8,20,8,4,61,8,19,39,0,3,21,2,9,1,8,17,6,71,14,8,1,1,47,2
"ENSG00000284948.1",21,0,22,9,3,3,2,7,1,168,4,8,0,60,125,1,1,8,0,9,0,0,36,15,1,22,38,6,73,17,1,12,20,4,21,11,32,1,4,0,0,5,3,24,1,7,1,18,2,6,3,83,1,7,0,122,2,239,4,0,3,9,3,0,7,83,1,2,32,6,13,6,3,1,2,0,67,37,7,15,21,23,11,132,17,7,3,16,14,0,53,8,24,16,13,0,8,15,3,7,7,0,123,1,3,4,7,1,94,47,10,0,9,1,0,31,16,1,47,36,26,5,2,7,9,6,6,1,4,30,7,0,35,2,28,0,6,0,8,1,1,3,12,4,2,20,12,14,6,67,0,2,0,3,4,5,10,1,68,2,3,3,16,2,7,18,3,13,7,43,3,36,9,123,0,0,1,286,44,5,0,16,10,5,7,0,46,19,25,2,3,7,71,10,6,97,0,16,5,6,0,6,6,79,1,44,6,1,13,3,2,10,141,10,6,102,39,15,2,26,0,1,0,6,2,1,2,62,16,23,15,3,20,74,25,69,0,4,1,4,1,2,1,8,35,2,2,4,8,8,3,1,1,14,0,8,1,6,42,4,3,1,20,0,2,19,15,2,11,3,3,0,11,0,0,8,3,1,1,5,5,34,23,0,0,2,1,2,3,65,1,4,11,187,21,7,7,1,7,82,1,4,4,1,4,20,2,12,1,1,3,1,7,51,63,31,21,1,10,12,11,105,1,29,5,4,2,24,9,0,0,0,1,0,11,1,3,90,32,8,1,22,12,29,32,5,16,6,34,2,0,13,6,11,0,0,0,53,53,15,3,3,21,27,38,0,44,18,0,7,4,7,165,3,53,12,14,0,8,0,48,2,0,15,1,8,8,3,16,0,11,5,0,15,5,9,49,59,11,2,4,32,9,1,103,3,50,2,3,6,1,0,6,1,26,2,1,56,0,4,1,17,44,0
"ENSG00000285018.1",0,0,0,1,1,2,0,1,0,1,0,6,1,4,2,1,0,2,8,4,6,1,0,4,9,0,4,9,1,4,1,3,2,7,1,4,4,1,0,2,3,1,3,3,1,0,5,0,0,0,4,4,0,1,3,5,0,2,3,11,1,1,7,1,0,1,1,5,10,9,9,5,4,0,2,1,12,0,0,6,12,8,16,0,7,0,0,6,1,3,4,15,2,0,0,0,0,8,5,6,4,1,6,0,2,0,6,0,0,8,6,5,2,6,1,1,16,0,23,2,0,1,0,3,3,8,0,4,0,9,6,0,4,1,6,1,0,0,10,1,0,15,3,1,3,19,3,5,0,1,0,0,9,4,3,2,1,3,3,10,3,2,3,11,0,14,5,9,9,46,1,1,5,3,1,4,8,3,7,6,0,0,5,23,7,7,3,12,1,7,3,3,3,6,5,4,1,7,0,8,1,21,7,15,0,6,0,6,3,4,1,13,3,5,5,9,2,0,0,12,0,5,0,5,0,1,3,5,1,1,5,17,2,2,3,8,0,1,1,1,0,9,1,1,1,1,1,0,0,4,0,0,0,13,0,7,2,0,0,2,7,8,15,12,0,8,4,1,7,0,7,1,0,0,1,2,0,0,2,5,8,3,6,0,16,0,1,0,0,2,2,21,0,1,2,8,6,0,6,9,17,0,9,0,0,0,1,0,8,6,6,2,5,2,3,0,0,0,2,4,3,15,0,1,6,3,0,3,1,0,4,0,2,10,5,2,3,2,4,2,0,1,5,3,6,2,1,0,1,0,1,11,6,2,3,1,1,8,0,1,7,0,5,0,39,0,0,0,1,2,4,2,0,0,4,1,13,1,3,14,11,2,9,0,1,0,1,7,4,22,10,9,1,2,0,5,4,0,9,0,1,1,2,2,3,2,2,0,0,2,1,3,0,0,7,2,4,4,14,1,0,0,2,0
"ENSG00000285077.2",2,0,8,5,14,1,2,3,5,37,6,11,5,73,38,0,5,23,16,2,12,1,5,6,17,5,4,14,1,21,18,2,13,6,8,13,11,2,20,13,0,18,21,0,4,6,0,8,1,3,4,8,13,8,0,22,7,11,20,8,0,26,3,5,2,17,9,2,26,18,16,13,1,0,1,1,3,7,18,17,8,11,5,2,23,3,9,0,4,3,6,6,4,0,2,1,3,8,16,9,5,1,3,1,9,10,18,5,36,25,12,7,13,20,13,5,32,11,6,11,0,22,5,0,5,0,2,11,5,22,8,1,76,5,14,3,7,1,10,3,0,52,7,1,11,41,20,15,30,20,0,2,26,8,3,19,7,9,15,14,11,2,5,6,8,13,24,17,9,9,2,0,9,106,3,10,4,7,38,5,2,3,7,29,4,2,18,2,7,24,1,46,23,55,3,20,2,20,2,3,1,30,9,12,1,8,3,22,8,47,4,9,8,8,18,13,4,3,16,12,0,3,3,4,3,1,3,44,0,7,28,16,11,8,2,11,0,6,7,1,1,11,0,3,31,42,17,4,17,6,2,6,7,28,1,16,1,3,3,65,28,7,10,13,3,5,16,0,36,1,2,1,35,0,3,24,3,0,0,13,33,13,13,1,9,12,0,9,7,3,9,11,2,1,6,44,25,5,9,6,21,0,34,2,3,2,1,17,12,5,11,18,3,6,7,7,5,22,7,11,4,27,0,18,7,37,3,2,2,0,11,11,8,12,28,1,3,5,4,4,0,9,6,21,31,10,1,5,13,2,6,29,9,8,4,2,18,42,15,27,4,0,8,14,6,6,13,12,3,6,18,16,0,4,22,4,9,4,2,48,1,22,16,2,4,1,11,7,3,6,6,3,2,10,9,9,19,7,13,0,18,15,3,0,27,3,6,14,7,2,7,7,6,3,7,2,2,74,7,3,3,2,15,3
"ENSG00000285108.1",21,0,90,16,11,0,2,1,0,18,0,1,0,74,21,3,0,1,1,4,1,0,7,2,0,0,0,19,0,15,1,6,18,0,2,2,2,1,0,1,0,13,2,0,0,0,21,1,0,0,0,13,0,3,0,3,0,3,1,0,1,9,0,0,0,1,2,1,0,6,30,42,2,0,0,0,2,3,0,1,2,22,7,0,14,0,10,8,22,3,8,8,0,4,1,0,0,19,0,4,1,0,4,6,6,13,1,0,2,0,23,0,24,41,2,2,19,0,2,7,40,10,4,8,3,0,0,3,1,11,4,0,39,3,7,0,4,0,0,0,0,8,14,0,1,2,20,1,4,0,1,0,3,7,1,8,1,5,1,20,7,0,2,7,5,25,49,5,2,0,0,4,8,1,1,1,1,0,12,3,0,2,3,33,0,5,2,0,1,0,0,13,1,4,7,0,8,10,0,10,0,2,1,17,0,2,2,11,0,1,5,13,4,3,2,11,0,0,4,34,0,3,0,0,1,0,3,4,4,2,3,2,29,3,0,1,0,0,5,1,0,10,3,0,2,3,0,1,0,0,0,1,0,1,0,0,0,12,2,0,2,0,12,0,0,22,9,0,0,0,4,0,1,0,49,0,1,0,1,8,6,8,0,2,0,2,0,0,1,6,4,1,3,1,4,3,3,2,1,12,4,1,8,0,4,8,0,2,10,1,2,1,2,3,1,18,1,3,53,2,0,14,1,1,25,0,0,0,2,0,4,0,27,1,2,0,6,1,0,1,0,0,3,14,1,4,0,5,1,0,0,41,0,1,5,0,0,20,1,5,0,0,20,1,2,0,4,3,0,1,0,1,0,0,1,1,0,0,0,1,0,16,1,1,1,4,0,1,2,0,1,0,0,0,0,5,14,2,6,0,1,3,1,0,1277,2,48,0,0,10,18,0,6,0,12,1,1,16,2,0,0,0,2,1
"ENSG00000285188.1",2,0,0,0,2,1,16,0,2,1,0,1,1,1,45,1,1,2,2,0,0,0,1,0,0,0,3,0,0,6,0,0,0,1,0,0,2,0,2,1,5,2,1,1,1,11,2,2,0,1,0,2,0,4,1,6,0,2,2,0,0,10,3,2,0,0,4,1,0,2,4,1,0,0,13,0,7,4,3,3,2,5,4,17,1,1,1,1,4,9,14,7,2,13,1,0,2,2,14,0,0,0,17,0,0,1,0,0,4,22,0,1,3,0,2,2,3,0,1,0,1,1,1,10,3,2,0,11,0,0,0,1,10,1,0,0,2,0,9,3,0,4,2,1,5,9,8,1,25,0,0,1,2,3,0,3,1,12,1,2,4,2,2,4,5,3,8,7,3,2,2,9,1,2,4,0,5,4,0,0,0,2,1,0,0,2,1,1,0,1,2,1,3,1,3,3,2,18,0,33,0,2,2,4,1,3,1,5,2,1,0,2,3,0,2,0,3,1,1,1,0,3,1,3,1,0,3,1,4,0,20,2,5,2,3,1,0,0,0,6,0,2,0,0,9,5,8,0,0,3,0,5,1,5,0,6,1,8,2,4,5,1,4,6,1,3,5,0,0,0,0,2,10,0,1,0,4,0,5,3,1,11,5,1,1,0,0,5,13,0,0,2,1,6,3,6,1,2,0,0,0,5,5,0,0,0,1,5,1,0,1,1,1,26,0,0,0,0,2,0,1,2,1,1,0,6,0,0,3,0,0,1,2,1,2,0,2,1,1,1,0,0,0,1,1,0,0,1,0,1,2,10,2,7,5,0,1,4,0,1,1,3,4,16,1,1,8,3,1,3,0,1,0,4,5,1,1,1,2,1,2,4,0,0,0,13,2,2,2,1,12,1,0,3,8,1,0,0,3,1,0,5,8,0,1,0,2,0,1,1,1,4,0,0,0,0,3,1,2,0,0,1,1,0
"ENSG00000285278.1",33,2,1,4,20,16,88,2,0,48,1,11,1,53,28,2,9,2,0,14,1,2,20,1,23,7,6,35,4,5,40,27,9,3,4,0,7,2,16,8,20,58,12,5,2,13,5,0,0,3,1,13,0,8,2,16,0,8,31,11,1,15,0,9,3,190,0,1,3,27,24,3,31,1,11,5,97,6,8,14,4,64,2,12,9,19,0,2,13,0,8,6,38,94,2,1,4,24,10,1,1,3,44,0,4,7,10,5,216,61,9,3,2,2,6,10,72,9,22,11,0,2,1,6,6,1,0,1,11,60,1,3,0,2,6,2,3,6,13,9,1,64,3,0,24,7,44,7,14,10,9,6,9,13,0,3,0,3,2,20,16,11,14,5,42,17,45,72,8,73,10,12,0,37,16,1,2,167,95,19,5,25,18,11,6,5,3,23,33,14,16,2,27,8,19,2,5,7,4,8,6,2,35,26,6,25,1,13,10,0,2,20,17,17,1,12,1,2,2,0,1,45,4,3,1,2,18,32,4,4,31,30,3,3,3,27,0,0,2,2,1,1,4,1,109,4,0,8,1,0,4,10,1,32,2,12,3,45,18,3,22,17,13,52,0,2,10,5,73,2,5,1,14,1,8,11,18,7,0,20,60,5,1,3,31,1,4,3,107,8,3,6,7,13,20,74,22,10,8,36,3,7,22,3,14,1,5,8,2,3,25,7,3,16,7,29,22,70,1,1,52,69,2,51,3,22,2,0,6,2,10,1,3,9,4,6,25,1,1,4,5,1,13,49,4,21,5,7,21,1,5,63,0,6,2,3,30,99,5,3,17,1,2,132,77,11,17,14,3,10,22,7,47,1,57,17,6,2,3,28,44,7,42,7,1,7,11,5,14,3,23,0,2,16,3,8,16,27,10,3,10,9,9,3,20,12,3,9,13,0,2,15,0,0,2,3,23,24,43,2,1,0,1,3
"ENSG00000285280.2",13,0,20,7,2,9,187,15,4,2,1,2,64,141,216,2,90,31,55,6,5,1,55,13,61,14,43,165,5,8,33,179,56,3,89,6,75,1,3,7,19,34,45,46,8,31,0,65,2,16,2,191,9,46,6,25,2,4,126,1,1,209,1,51,20,3,20,7,65,48,122,18,152,2,5,3,64,2,22,70,415,140,7,12,23,18,161,9,5,9,5,25,78,18,8,2,5,241,166,30,28,2,17,0,6,12,116,6,137,144,8,8,22,81,9,47,19,14,112,233,111,126,5,23,26,1,11,154,4,34,31,1,156,20,24,4,18,2,99,16,2,60,12,4,10,10,247,1,17,2,6,2,5,84,36,93,19,69,85,56,153,7,190,8,5,175,114,125,1,135,55,79,62,298,0,6,11,123,1,133,2,42,60,61,86,3,62,36,31,85,3,27,16,93,72,7,4,12,1,69,30,9,81,423,0,471,4,1,141,6,13,38,693,276,29,0,24,63,32,339,1,6,21,49,4,4,19,190,12,48,66,76,34,8,53,178,3,6,26,128,18,78,3,15,434,62,1,8,17,5,21,7,2,15,3,4,0,68,19,530,98,72,99,337,6,14,66,1,335,1,90,2,157,0,4,45,334,0,0,40,169,68,53,5,1,8,0,9,29,207,4,2,7,10,58,115,54,2,30,2,45,18,74,0,130,4,2,39,56,79,3,3,41,20,32,11,204,84,5,9,3,17,1,5,112,6,2,11,200,1,72,35,32,3,6,2,3,14,76,11,2,42,21,16,82,68,18,48,124,1,2,85,11,221,0,11,1,15,17,54,61,1,33,14,4,7,36,230,12,8,42,18,32,39,325,62,79,2,8,125,98,124,138,5,5,66,3,14,86,1,9,0,1,7,9,22,104,46,4,2,10,27,16,1,31,28,112,71,70,1,78,38,24,2,130,7,89,77,13,3,2,8,5,0
"ENSG00000285407.1",1,0,0,0,0,0,0,5,0,0,0,0,0,397,64,0,2,40,0,1,0,0,0,20,0,0,0,30,16,392,1,0,6,2,1,0,49,0,0,0,0,0,0,0,3,0,0,3,0,0,0,22,0,0,0,80,0,1,170,0,0,97,0,35,0,0,1,0,5,0,43,3,0,0,0,1,0,0,16,38,7,96,0,0,79,2,0,12,0,0,0,43,4,0,0,0,0,21,1,0,0,0,0,0,0,4,0,0,80,31,0,0,0,255,0,46,2,0,0,9,0,64,0,1,2,0,0,1,0,199,3,0,94,0,0,1,0,0,142,7,1,0,151,0,0,0,1,0,1,0,1,0,0,176,0,0,4,1,2,206,7,0,3,0,0,10,1,2,0,7,18,69,0,528,0,0,16,82,0,21,0,2,0,0,1,0,3,1,0,96,1,0,0,10,91,1,1,2,0,0,0,0,1,508,0,156,0,1,2,3,0,2,7,45,16,0,1,0,56,98,0,7,0,0,0,0,0,42,0,0,0,0,0,0,0,0,0,0,0,0,26,0,0,4,0,23,1,0,0,0,0,0,0,1,0,0,0,0,0,165,72,117,0,8,0,0,1,0,56,0,12,0,8,0,0,0,34,0,0,12,120,0,154,0,0,0,0,0,0,0,0,0,0,1,0,2,9,0,0,0,0,35,102,0,15,0,0,11,5,0,0,0,1,0,0,0,89,0,0,32,0,0,0,0,1,0,1,0,0,0,59,0,3,0,28,0,0,0,0,0,0,0,4,0,51,3,0,0,14,1,0,29,0,61,0,0,0,0,0,0,9,0,0,0,1,0,0,0,0,0,0,16,2,0,61,0,22,2,0,60,93,71,18,1,2,1,0,24,11,0,0,0,1,0,0,1,43,4,0,0,1,0,0,0,13,16,2,30,2,0,3,2,0,0,0,0,39,1,28,0,0,0,0,0
"ENSG00000285524.1",3,2,0,0,0,0,0,1,0,0,0,0,1,38,11,0,0,3,0,5,0,0,0,0,0,0,0,12,0,12,1,0,28,34,0,0,31,0,0,0,0,0,0,1,0,0,0,1,0,0,1,15,0,13,0,0,0,1,1,0,0,24,0,6,1,4,1,0,0,0,61,0,3,0,0,0,0,3,0,61,44,92,0,0,36,0,0,13,0,0,0,3,7,0,0,0,0,34,1,0,0,0,0,0,0,0,0,0,73,0,0,1,1,1,0,9,0,0,0,4,0,1,0,0,0,0,2,1,1,7,0,0,21,0,0,0,3,0,0,14,1,0,2,0,0,0,0,0,0,0,0,0,0,3,0,0,0,0,0,16,6,0,0,0,0,10,25,0,0,84,0,2,0,77,0,0,0,16,0,0,0,0,0,0,32,0,32,0,0,34,1,0,0,81,7,0,0,0,0,0,1,0,1,123,0,7,0,0,3,2,0,0,1,16,0,2,1,0,5,7,0,53,0,0,0,0,0,16,0,0,0,10,0,0,3,1,0,0,0,0,0,0,0,1,0,3,9,1,0,1,0,0,0,0,0,0,0,0,6,46,214,103,0,3,0,0,0,0,84,0,65,0,15,0,0,0,0,0,0,43,24,5,0,0,0,0,0,0,1,0,0,0,0,3,1,14,46,0,0,0,1,0,0,1,2,0,0,0,0,15,0,1,0,0,1,0,50,0,1,0,0,0,0,0,2,0,0,0,1,0,228,0,2,1,1,1,0,0,0,0,0,0,1,0,23,11,0,1,0,0,0,0,0,5,0,0,0,0,0,0,0,1,0,0,0,0,0,0,0,3,0,0,0,0,36,0,218,0,0,20,4,0,1,0,0,0,0,19,0,0,0,3,0,1,0,0,8,0,0,0,0,0,1,0,0,0,24,0,0,0,1,0,0,0,11,0,17,0,0,2,0,0,0,0
"ENSG00000285554.1",19,0,0,0,2,0,1,1,1,0,0,28,3,17,6,2,2,1,2,2,3,3,2,2,1,0,3,0,0,1,1,0,5,1,0,1,7,0,0,0,1,1,2,10,1,0,1,1,2,1,0,4,0,0,26,0,0,1,0,0,22,3,1,0,0,1,1,34,0,3,22,5,0,0,2,1,5,0,1,3,3,1,0,6,2,1,0,41,5,0,2,32,0,8,19,0,9,13,2,10,0,4,0,4,2,0,4,2,2,0,1,4,2,1,4,0,5,3,2,7,158,1,3,0,1,1,0,0,1,17,0,0,1,0,0,0,1,0,2,0,0,2,2,1,3,2,1,0,1,9,3,1,2,23,1,4,0,3,5,3,2,0,14,1,0,3,3,2,9,14,8,1,3,1,0,2,1,0,1,22,0,0,1,1,152,1,2,0,1,5,1,5,3,4,12,0,0,0,0,0,0,38,2,9,1,1,3,251,4,9,3,0,0,1,5,2,1,0,7,2,0,9,0,0,2,1,58,1,1,7,0,0,10,104,4,24,1,21,2,0,2,0,37,0,2,1,1,2,7,3,1,0,1,1,1,2,1,0,16,0,5,2,2,2,0,1,1,0,46,0,1,1,3,0,1,2,0,0,4,1,1,0,3,0,8,3,0,0,3,1,4,2,1,2,24,0,2,49,44,2,1,0,0,1,0,0,0,1,2,0,14,1,2,0,1,3,0,13,0,1,0,3,0,1,7,1,1,36,1,0,37,1,1,0,31,0,5,5,0,0,0,50,0,1,18,0,0,0,2,0,0,1,0,0,0,0,0,4,3,0,17,0,22,1,1,4,0,1,4,0,1,2,1,1,1,1,40,0,6,1,6,6,1,0,0,0,1,0,3,1,2,11,0,0,0,0,17,0,4,0,0,4,4,1,2,2,0,2,1,1,0,1,0,1,0,1,11,4,1,1,0,1,25,2
"ENSG00000285599.1",5,0,0,0,1,13,0,1,1,2,8,5,0,4,6,0,1,1,2,5,7,1,1,1,5,0,1,5,0,2,26,0,4,2,3,0,1,0,1,3,0,1,5,0,2,0,4,0,0,0,0,0,0,4,1,1,0,5,0,4,0,1,8,0,0,0,1,1,9,4,6,5,2,2,0,1,2,1,0,3,2,1,3,0,1,2,0,2,6,0,6,4,1,0,0,0,1,5,5,0,0,1,0,0,2,9,19,0,4,4,4,2,3,4,1,0,8,7,9,8,0,2,0,1,6,0,0,0,16,2,1,0,1,1,2,0,3,0,3,0,0,7,1,2,4,7,3,0,0,2,1,1,4,2,1,1,0,3,2,11,3,1,5,2,0,2,2,0,6,0,0,9,0,5,1,2,2,0,1,0,0,1,7,11,1,0,0,0,7,4,1,0,0,3,2,3,1,1,0,5,0,9,8,7,0,0,1,4,0,13,2,5,4,6,15,3,0,0,0,1,0,0,0,4,0,0,1,1,0,6,0,10,5,0,0,1,0,1,2,5,1,7,0,5,6,6,1,0,1,3,0,0,2,2,0,7,0,0,5,3,4,0,1,0,0,11,0,1,17,0,0,1,2,0,11,2,0,0,2,0,4,1,0,0,3,0,0,0,0,3,0,1,0,0,0,4,1,7,4,4,8,0,0,0,0,0,3,1,3,3,3,4,1,4,4,11,1,1,0,2,0,3,1,6,2,13,0,0,0,0,3,0,0,37,7,0,0,3,1,2,0,1,1,0,2,1,0,0,0,0,0,23,6,1,5,1,2,0,0,0,9,0,1,9,2,5,0,4,0,0,0,18,0,1,0,0,5,0,0,4,0,0,0,0,0,1,3,1,1,8,8,1,0,9,0,5,1,1,7,0,0,0,2,1,6,0,4,7,0,1,6,0,7,0,0,0,0,0,1,0,0,0,8,1
"ENSG00000285600.1",0,0,0,0,3,2,0,0,0,0,2,0,2,6,2,1,0,2,3,0,0,0,1,0,2,1,0,5,0,1,3,3,0,0,1,2,0,1,2,0,0,1,3,0,0,0,0,0,0,0,0,0,0,1,0,7,0,2,3,4,0,3,0,1,0,1,1,0,6,4,15,0,0,0,0,2,3,0,10,4,2,1,12,0,9,0,0,3,3,0,0,1,2,0,0,0,1,3,2,0,0,0,7,0,0,2,4,0,28,0,0,0,0,3,0,2,12,0,4,1,0,7,0,4,2,0,0,3,0,1,0,0,8,0,4,0,1,0,7,0,0,7,5,0,1,11,7,2,1,0,0,0,1,0,0,1,0,3,0,2,2,0,1,4,1,1,4,15,1,2,0,1,1,12,0,0,1,1,4,1,0,0,1,3,1,0,1,0,3,1,4,6,5,3,1,6,1,0,0,1,0,6,1,32,0,3,0,3,2,4,1,3,1,0,2,0,0,0,0,2,0,0,0,0,0,0,2,5,0,0,4,1,1,2,0,2,0,0,0,0,0,1,0,0,11,5,2,0,0,2,0,0,0,2,0,1,0,0,1,8,4,0,8,6,0,0,5,0,4,0,1,0,3,0,0,4,1,0,0,4,3,5,1,0,2,2,0,0,0,1,0,0,1,0,1,3,6,0,6,1,4,0,16,0,0,1,0,0,3,0,0,4,0,2,0,1,2,0,0,0,0,9,0,8,0,5,0,0,0,0,4,0,1,0,8,0,2,1,0,0,0,0,2,0,2,0,0,3,1,0,0,1,0,0,0,0,1,11,4,1,0,0,0,13,7,1,0,1,0,0,2,7,0,1,9,0,9,0,3,4,1,54,0,0,2,1,0,1,0,4,4,0,0,2,0,1,5,3,0,0,1,3,2,0,8,0,5,0,0,0,0,2,0,0,0,0,3,7,2,0,0,0,2,0
"ENSG00000285711.1",0,0,0,1,0,0,21,16,0,0,0,129,0,157,84,5,0,90,36,0,0,0,21,23,78,113,37,104,40,132,0,0,65,50,35,0,73,1,130,96,7,1,50,65,1,0,1,52,0,0,0,55,0,45,0,11,1,0,4,0,0,129,31,37,3,0,11,7,0,0,96,0,48,0,0,0,0,2,21,32,89,54,0,0,58,0,0,19,0,23,0,82,21,0,0,0,0,136,65,0,1,0,0,13,0,0,56,0,119,115,1,0,3,44,0,76,0,32,85,91,47,8,0,0,20,0,2,79,0,93,52,0,89,0,0,0,0,0,60,46,0,0,51,0,0,47,32,0,0,0,0,0,0,53,25,31,29,0,80,51,44,0,0,0,0,60,43,0,0,94,94,76,33,287,0,12,44,40,0,48,0,0,41,54,62,34,147,0,32,78,21,50,0,24,49,17,0,0,0,41,26,4,0,206,0,88,0,0,37,146,0,0,29,31,34,1,0,11,30,135,0,89,0,20,0,0,28,27,6,0,0,83,0,0,20,84,0,17,113,52,0,18,4,0,0,0,35,0,1,91,0,1,0,74,0,0,0,0,35,33,122,176,1,62,0,0,0,0,133,0,32,0,36,0,2,0,24,0,14,24,124,44,36,0,47,0,0,0,0,0,0,0,0,93,0,88,213,10,69,0,40,0,10,0,20,0,0,21,51,68,77,0,114,0,0,0,68,5,0,69,0,5,0,0,14,0,0,51,18,0,71,0,80,0,50,0,31,35,0,0,0,33,12,0,66,72,26,0,18,0,0,109,4,130,24,0,0,0,7,0,68,2,52,0,0,30,0,58,1,52,0,55,0,28,196,18,98,0,1,99,42,25,2,0,0,56,0,45,32,0,0,0,0,0,0,41,93,149,23,0,8,0,0,0,29,0,23,59,8,0,2,45,3,0,77,0,24,0,0,0,0,44,0,0
"ENSG00000285715.1",1,0,0,0,5,1,0,3,0,0,0,0,0,1,1,2,0,11,0,2,0,3,0,4,36,7,22,15,1,1,0,6,11,10,5,0,10,5,0,0,0,2,3,0,0,8,1,2,0,1,0,0,2,0,0,4,0,11,3,9,3,17,0,6,1,0,8,13,0,16,14,2,0,2,1,1,1,9,4,14,23,12,10,8,34,2,0,0,0,1,7,19,15,0,0,0,0,1,0,1,1,1,1,0,1,0,10,2,9,1,7,2,0,1,2,6,0,8,20,21,0,11,1,0,1,1,0,0,2,120,9,0,19,0,2,0,0,3,6,9,2,1,1,4,0,9,0,17,2,0,0,1,20,15,3,0,0,1,8,63,0,6,1,12,0,0,19,1,4,18,17,1,0,0,8,9,4,38,3,5,1,1,3,19,0,0,1,25,13,9,7,0,2,20,14,21,0,0,0,1,22,6,7,0,1,3,2,3,8,0,2,7,8,17,4,0,0,9,0,15,0,13,1,0,2,0,0,3,1,9,11,23,1,3,0,6,0,5,15,15,4,10,0,0,8,14,0,0,25,10,1,0,1,0,0,4,1,0,5,4,87,1,2,9,0,11,6,1,38,1,2,0,4,1,17,0,0,1,0,1,44,0,15,0,6,0,0,0,1,1,5,0,0,13,0,10,3,1,3,0,1,0,1,0,0,0,0,5,10,2,0,7,13,28,9,0,5,3,0,1,0,0,0,3,32,12,4,1,2,2,9,0,1,3,7,0,0,11,0,0,0,20,7,2,9,13,21,0,0,0,6,46,3,1,0,3,0,0,1,7,8,0,8,7,0,5,10,0,5,8,35,5,0,0,59,11,14,0,0,38,21,5,94,0,4,1,4,23,40,4,2,11,1,23,1,5,20,2,0,0,4,22,1,0,0,0,1,12,0,2,7,21,1,1,8,0,6,7,1,1,1,0,1,1
"ENSG00000285751.1",0,0,0,0,0,0,0,0,0,2,0,2,2,96,21,1,0,39,0,0,0,1,21,1,48,1,0,4,0,36,1,1,0,0,0,1,40,0,0,0,0,1,0,42,2,0,0,17,5,0,0,3,1,0,0,0,1,0,0,0,0,30,0,2,10,0,0,0,0,1,2,0,24,0,0,0,0,0,0,40,4,1,0,0,57,0,0,0,0,0,0,5,8,0,0,3,0,125,0,0,0,1,0,0,0,0,0,0,91,0,0,0,0,0,0,28,0,4,0,115,0,6,0,0,1,0,0,9,0,97,1,0,64,1,0,0,0,0,4,25,0,2,83,0,0,4,0,0,0,0,0,0,0,58,7,0,0,0,30,1,2,0,0,0,0,20,50,0,0,2,0,5,0,242,0,0,0,105,0,49,0,0,0,0,19,0,0,2,0,5,0,0,0,5,1,0,0,0,0,0,1,0,0,56,0,67,0,0,0,0,0,0,1,58,3,1,1,0,0,1,1,32,0,0,0,0,0,0,0,0,0,3,0,0,0,90,0,0,1,4,0,0,0,0,0,1,0,0,0,0,2,0,0,0,2,1,0,0,9,0,34,1,0,3,0,0,1,1,41,0,2,0,10,0,0,1,53,0,0,22,8,17,48,0,0,0,1,1,0,0,0,0,0,0,0,2,22,0,0,0,1,0,23,0,0,1,0,3,3,7,14,1,1,0,0,0,77,0,0,4,0,27,0,0,3,0,2,0,4,0,28,0,10,0,1,1,1,0,0,0,0,3,0,0,2,31,1,0,15,1,0,1,0,65,0,1,0,0,0,0,0,0,0,0,2,0,0,0,4,3,0,0,1,0,18,0,46,2,0,1,0,15,5,17,0,0,0,34,21,0,0,0,0,0,0,0,14,0,2,4,0,0,0,0,0,0,37,0,25,0,0,0,0,0,3,0,4,0,0,0,0,0,0,0
"ENSG00000285763.1",7,0,33,2,8,7,10,6,6,15,2,12,20,67,9,3,9,10,5,2,4,1,3,1,37,4,8,4,0,5,13,12,5,8,13,2,4,2,5,10,5,7,6,3,0,23,6,4,0,2,3,6,2,31,10,20,3,7,11,5,8,3,10,1,2,39,3,2,4,6,12,8,1,1,2,0,48,3,5,13,5,32,5,13,28,11,1,13,4,11,14,29,5,0,1,0,8,13,10,1,1,5,3,5,3,11,20,1,49,12,8,2,5,3,6,10,19,9,8,32,2,33,4,18,2,4,0,13,21,19,4,2,25,5,7,2,13,2,19,3,0,41,3,1,2,15,19,45,9,1,0,1,25,8,0,7,8,12,27,13,17,10,7,7,17,2,17,34,3,12,0,8,9,30,1,3,7,36,103,8,0,6,18,16,7,3,11,2,20,3,0,5,8,19,1,27,2,12,4,3,5,23,14,0,0,28,2,20,14,11,7,19,11,4,12,10,2,2,2,18,1,9,8,0,3,1,12,13,2,10,10,10,3,9,5,14,2,11,1,8,0,5,8,4,34,2,2,8,54,13,5,6,4,10,0,5,3,9,21,14,19,6,11,28,2,4,12,1,14,2,5,1,7,0,6,15,8,0,6,13,20,4,8,2,42,11,0,8,12,2,4,0,6,35,6,36,6,27,9,36,16,13,18,5,21,4,2,9,11,5,6,46,20,12,4,17,25,13,6,10,27,37,0,21,10,19,1,10,1,1,3,8,4,4,13,0,24,16,4,3,1,7,3,42,3,3,5,11,6,0,2,11,4,18,4,1,61,48,8,21,5,6,3,106,55,13,7,8,6,13,12,6,2,20,29,4,12,3,0,10,2,4,14,0,1,1,14,7,4,4,26,6,0,45,13,4,16,5,6,0,20,3,12,10,17,24,4,5,1,8,6,0,8,2,2,3,7,12,16,0,2,0,56,2
"ENSG00000285777.1",0,0,0,1,0,3,0,0,0,0,0,0,0,11,2,0,0,8,0,0,0,0,5,0,5,80,0,22,7,0,0,4,1,0,0,1,0,0,0,1,0,1,1,1,0,2,0,0,0,1,0,0,4,0,0,2,0,0,20,0,0,133,0,0,0,0,1,0,0,1,20,0,0,0,0,0,6,0,0,0,0,9,1,0,0,5,4,0,0,0,1,2,1,0,0,0,2,184,0,0,0,0,0,0,0,9,2,0,18,0,0,0,0,0,0,0,1,0,0,1,0,1,1,0,0,0,0,12,0,6,1,0,10,0,0,0,0,0,0,2,1,1,0,2,0,5,0,1,0,0,0,0,3,34,1,0,0,1,1,2,0,3,10,1,0,0,0,0,2,0,19,0,0,0,1,0,1,2,1,0,0,1,0,0,0,0,158,1,0,0,0,0,8,2,0,0,0,0,0,0,0,0,5,207,0,1,0,2,0,56,0,0,2,0,0,0,1,0,0,1,0,4,0,0,0,0,0,0,0,0,1,2,0,1,0,2,0,0,0,18,2,2,0,4,20,0,0,0,3,11,0,0,0,0,0,42,0,4,0,1,11,20,0,1,0,1,0,0,18,1,0,0,1,0,0,1,0,0,0,2,109,3,22,0,1,0,0,0,0,2,1,2,0,1,2,0,0,0,184,0,0,0,6,0,7,0,0,0,1,0,0,0,2,5,0,1,2,3,0,1,0,0,1,0,1,2,0,0,0,1,0,0,0,0,1,0,0,0,0,0,0,13,0,0,11,9,0,0,2,1,1,1,1,0,1,0,0,3,1,0,39,0,0,0,0,0,0,0,0,0,0,0,4,0,172,2,3,0,0,184,40,47,15,0,4,2,2,0,0,0,1,0,0,0,0,0,7,0,0,0,0,0,1,0,0,0,3,0,16,1,0,37,1,1,9,0,0,13,0,0,0,0,0,0
"ENSG00000285804.2",2,0,118,4,5,0,0,4,11,0,0,0,2,4,21,0,1,6,0,0,0,0,1,0,4,1,1,0,2,2,31,0,4,4,0,0,0,0,2,2,4,3,31,2,4,1,4,0,0,2,2,0,1,0,0,2,7,25,1,1,1,2,0,1,0,3,4,1,2,0,10,7,2,0,1,0,19,2,4,0,1,1,0,7,1,0,5,0,44,0,7,3,2,0,19,0,24,3,6,0,1,5,2,1,2,7,0,0,20,42,1,1,7,3,6,0,8,12,0,6,0,1,2,2,1,0,1,0,4,59,0,2,1,4,3,0,2,1,0,2,0,11,8,3,2,1,1,4,2,0,0,2,1,1,2,0,8,5,5,10,10,1,8,5,0,1,5,3,0,0,2,4,0,3,1,2,2,1,2,0,0,1,5,5,0,2,2,2,6,1,1,13,1,6,1,0,1,0,0,2,0,1,9,6,1,0,0,2,0,0,5,2,0,0,4,4,2,1,1,4,1,1,12,0,3,0,2,0,2,5,1,2,2,1,0,1,1,3,0,1,2,5,3,2,73,71,0,0,5,1,2,0,1,1,0,0,0,2,0,10,2,2,7,0,0,8,3,0,7,0,0,0,1,0,8,5,0,0,1,0,2,1,0,0,2,0,0,5,0,3,1,1,7,0,4,2,0,1,6,7,5,1,5,2,0,1,2,3,1,0,0,3,2,4,3,15,0,11,6,2,5,7,3,2,1,3,0,1,0,0,2,3,0,5,0,3,0,4,0,0,0,2,11,2,0,0,0,19,2,0,0,1,4,2,2,1,3,83,1,0,0,0,3,55,1,0,0,3,2,3,4,5,0,0,0,1,0,0,0,1,2,0,3,0,2,0,0,2,1,0,1,1,1,4,3,2,2,4,13,0,1,0,11,0,2,21,0,0,0,6,3,2,1,0,2,1,1,37,4,7,1,0,2,1
"ENSG00000285822.1",0,0,0,0,0,0,0,0,0,2,0,0,0,3,2,0,0,0,0,0,0,0,201,0,0,0,0,188,0,0,0,0,25,0,0,0,0,0,0,0,8,0,0,0,1,0,0,0,0,0,0,7,0,168,0,0,1,0,0,0,0,0,0,0,0,0,0,0,0,0,243,0,0,1,0,1,0,0,4,5,0,168,0,0,0,0,0,0,0,0,0,1,75,0,0,0,0,145,0,0,0,0,0,0,0,0,0,0,78,0,0,0,0,8,0,0,0,0,0,0,0,4,0,0,0,0,0,0,0,0,1,0,0,0,0,0,0,0,1,0,0,0,161,0,0,0,0,0,0,3,0,0,0,0,0,0,0,0,1,7,0,0,0,0,0,0,24,1,0,0,0,0,0,0,0,0,0,342,0,0,0,0,0,6,0,0,98,0,6,0,0,0,0,2,7,0,0,0,0,0,0,0,0,1,0,120,0,0,50,0,0,0,0,0,4,33,0,0,1,1,0,340,0,0,0,0,0,0,0,0,0,0,0,0,0,1,0,0,2,0,0,0,0,0,0,0,0,0,0,0,1,0,0,0,0,0,0,0,0,877,16,9,0,278,0,0,0,0,7,0,0,0,230,0,0,0,0,0,0,0,0,0,0,0,0,0,0,0,0,0,0,0,0,0,0,26,51,0,0,0,0,0,164,0,112,0,0,0,0,16,0,0,0,0,0,47,0,0,0,2,0,0,0,0,0,0,0,0,0,0,0,0,0,0,3,0,0,0,0,0,0,0,0,0,0,7,0,0,0,0,0,2,0,273,0,0,0,0,0,0,381,0,0,0,0,0,0,1,0,0,0,0,0,3,5,0,0,0,0,0,0,1,0,0,0,0,0,5,0,0,0,3,0,0,0,0,42,361,0,0,0,0,0,0,0,0,0,0,0,0,0,0,0,0,0,0,0,0,0,0,0,0,2,0
"ENSG00000285831.1",0,0,4,0,0,1,0,0,0,0,4,0,2,0,0,0,1,3,0,1,0,0,4,1,0,0,0,0,0,0,0,0,0,0,0,0,13,0,1,1,0,0,0,115,0,0,0,3,0,0,0,0,0,1,2,1,6,2,0,0,24,0,0,0,0,3,1,58,4,0,1,0,0,0,0,2,0,2,0,6,7,0,16,0,1,3,0,10,1,0,1,45,0,0,3,0,8,1,0,0,0,0,0,3,0,1,2,0,1,0,2,0,0,0,0,0,0,0,0,41,45,0,2,8,0,0,2,0,0,0,1,0,1,0,0,1,0,0,0,0,0,0,2,0,0,0,0,0,1,0,0,0,0,1,1,5,0,0,0,1,0,0,0,0,0,0,1,0,1,0,0,10,9,0,2,0,1,0,1,32,0,0,0,1,2,2,0,1,3,0,0,0,1,0,4,0,1,0,0,0,0,0,0,0,0,11,2,0,0,0,0,0,0,10,0,1,4,0,1,0,0,0,3,0,0,0,18,0,0,11,1,0,1,51,0,7,0,0,0,0,1,0,109,3,3,1,0,2,5,3,0,2,0,0,0,0,0,0,51,1,0,0,1,0,0,1,0,0,0,0,0,0,0,0,2,1,0,0,28,0,0,3,0,0,0,3,0,0,0,0,0,0,1,11,15,0,0,9,0,0,0,0,0,1,0,0,0,0,0,0,0,0,5,0,2,0,0,0,0,0,0,0,0,0,0,0,1,0,2,0,0,0,0,0,2,0,9,0,19,0,0,14,1,0,0,0,0,0,0,0,0,0,0,0,0,1,0,0,0,8,0,0,10,0,0,1,6,0,0,1,0,4,0,3,0,0,1,0,0,0,0,0,0,1,0,0,0,0,0,0,0,10,0,1,1,1,1,0,1,0,0,0,0,14,0,0,0,62,0,0,0,0,0,1,0,1,0,0,0,0,0,0,1,0
"ENSG00000285859.1",0,2,4,0,1,1,2,6,0,0,7,12,0,0,5,3,0,0,1,0,0,0,0,3,7,0,1,4,5,0,3,0,2,5,7,8,12,1,5,0,0,0,1,0,1,0,1,1,0,0,4,2,0,2,1,8,2,0,2,2,1,1,36,3,0,3,0,3,4,4,6,1,0,1,0,0,6,0,3,0,9,4,7,0,1,2,0,0,2,0,0,1,0,0,2,0,6,0,6,4,0,3,8,0,1,1,15,1,20,0,0,1,4,6,0,2,20,2,32,15,0,1,3,0,1,0,2,4,11,5,0,0,1,2,0,0,0,0,48,1,0,10,1,1,1,3,0,0,0,0,0,0,0,7,3,0,0,0,6,8,0,0,8,2,0,14,0,17,7,3,0,0,0,11,0,0,3,24,0,2,0,0,2,5,0,0,1,7,5,53,0,2,0,4,1,6,0,0,2,10,12,19,2,0,0,1,2,8,2,7,0,7,2,1,0,0,0,2,0,8,0,0,4,1,1,2,0,3,0,4,2,0,0,3,0,0,0,1,0,0,0,0,2,0,4,10,0,0,3,18,2,0,0,0,2,0,0,2,0,1,6,6,24,0,1,0,2,0,6,0,1,0,6,0,3,3,1,1,0,1,0,1,0,3,8,1,0,1,0,6,3,1,7,1,3,3,11,0,20,0,2,0,7,2,4,0,0,0,7,11,5,2,9,4,4,0,2,2,3,0,2,1,0,20,2,6,0,1,0,0,12,1,4,0,2,0,0,5,0,3,2,1,0,13,2,0,9,0,7,0,0,3,1,14,1,2,0,4,4,0,3,0,4,5,4,1,0,1,0,0,2,5,2,2,25,0,6,3,0,0,0,2,0,0,2,1,1,1,2,0,1,0,0,2,7,2,7,14,0,0,1,5,0,1,9,18,12,0,1,13,1,0,0,0,1,1,1,5,5,0,1,1,14,0
"ENSG00000285873.1",47,0,0,3,7,0,1,48,2,76,0,0,2,1,40,1,33,1,0,5,4,0,89,2,38,1,0,3,1,26,33,15,1,34,1,17,2,1,1,1,1,7,2,1,2,2,15,2,1,4,1,13,3,0,1,0,1,2,1,6,0,31,1,1,0,0,0,0,0,7,2,14,5,0,0,0,6,28,2,0,0,3,64,87,2,13,2,0,108,20,23,0,0,108,0,1,4,0,1,1,24,0,57,0,13,9,2,2,5,1,1,2,5,2,2,12,1,1,17,4,0,2,8,4,22,3,3,19,3,26,4,2,1,3,26,3,0,7,4,8,2,5,32,5,18,110,77,8,0,13,7,2,0,1,0,0,6,5,1,2,3,60,24,4,12,1,3,109,0,9,0,7,0,1,35,0,3,6,41,0,2,125,0,5,0,2,1,0,1,0,8,10,20,4,3,2,2,48,0,39,1,12,6,1,0,4,0,3,40,26,7,1,33,13,7,6,0,0,3,0,2,1,0,13,0,6,1,0,16,0,45,35,6,0,2,0,1,0,0,1,84,2,0,33,11,10,2,18,0,0,3,86,0,79,0,41,3,44,2,45,2,1,79,0,0,5,33,5,2,1,0,0,5,1,25,0,11,0,0,10,1,4,0,3,0,0,2,21,12,38,3,1,3,3,0,1,11,1,0,27,2,66,15,0,0,5,0,3,0,2,1,13,0,134,15,260,1,2,11,1,6,6,2,4,18,9,3,0,1,0,0,2,0,42,9,1,1,6,0,52,0,1,18,10,3,0,8,71,2,0,4,34,0,0,5,1,2,3,0,6,3,1,2,23,0,10,12,0,0,17,26,2,11,1,4,9,5,1,4,2,33,1,10,54,1,0,2,2,0,11,1,0,7,3,0,6,5,1,10,0,3,1,28,0,159,0,1,2,0,13,5,7,1,1,2,9,1,6,2,7,8,59,3,2
"ENSG00000285875.1",1,0,2,0,0,1,0,0,0,0,0,52,10,109,103,0,0,8,0,1,1,0,2,1,4,0,0,9,0,4,0,0,2,7,0,2,18,2,99,131,0,1,0,60,1,2,1,27,1,1,0,1,1,14,0,0,1,0,7,0,0,2,0,2,0,1,3,2,9,1,69,2,0,0,0,0,0,0,0,0,47,7,1,1,2,0,15,7,3,13,1,132,0,12,0,1,0,13,1,0,44,0,4,0,1,0,19,2,12,0,3,5,1,1,2,27,1,0,5,71,6,3,0,2,0,0,4,0,0,2,5,0,17,1,0,0,0,1,0,5,1,0,13,1,0,0,2,0,0,3,0,1,0,4,8,0,1,1,6,20,15,0,0,1,0,0,24,2,0,17,1,31,5,143,0,0,2,30,1,0,1,2,60,1,0,17,1,0,0,3,0,3,0,20,3,0,0,25,0,0,0,0,5,118,0,51,0,2,24,0,3,2,10,12,8,1,0,0,3,81,0,18,0,1,2,0,12,1,0,3,0,0,4,0,1,35,0,1,16,0,0,0,16,0,1,1,14,2,18,15,0,0,0,66,0,0,1,1,56,18,10,50,1,0,0,1,2,0,27,1,3,1,31,0,0,1,0,1,0,12,50,30,0,1,1,0,2,0,0,59,2,1,0,58,0,11,1,0,3,3,11,0,2,4,1,0,0,2,1,3,111,0,25,0,6,51,43,0,0,31,2,1,0,0,0,0,5,0,24,0,1,4,22,0,0,1,0,0,1,0,1,3,0,0,0,14,1,4,0,1,2,0,0,62,0,1,1,0,0,0,4,2,0,1,1,1,0,0,3,6,0,0,0,5,107,0,0,1,3,16,1,1,76,0,0,3,0,1,5,0,0,0,1,2,0,1,1,1,0,2,2,0,2,0,7,2,20,59,5,0,4,0,1,0,15,1,0,53,1,1,0,1,0,0
"ENSG00000285894.2",23,0,0,3,64,197,608,0,0,34,0,0,7,275,294,15,2219,25,0,0,0,0,22,71,19,42,13,836,9,988,0,231,51,4,0,3,2,499,0,0,0,13,245,0,26,0,2117,22,9,4,826,221,1,190,0,0,0,376,15,2253,0,262,13,28,0,2144,0,0,878,754,1803,22,2803,0,34,5,2184,321,15,63,15,785,184,1,40,190,26,16,1103,6,3,80,4,19,0,0,0,241,1,3,0,0,1259,0,112,322,58,0,338,14,2441,1,1086,2,2,17,18,15,2306,160,0,93,0,0,14,0,21,78,18,14,3,0,208,162,1,0,0,6,17,7,1,56,1923,1,70,1175,1408,5,782,15,0,32,19,16,95,0,15,162,2,80,692,0,0,674,0,32,1,2,0,2883,662,710,7,33,1634,99,45,3,2,3,0,16,0,588,163,89,1,0,1,5,0,1,44,409,933,8,0,0,276,89,525,1567,88,1854,3,4467,3,4,366,0,404,4592,4060,27,8,2,0,0,84,14,0,33,198,1960,3,0,1,20,597,258,236,71,678,0,0,91,6,0,132,1,740,146,0,1,5,0,0,0,0,0,2,1,0,3682,3,0,1,0,23,500,1192,225,13,401,0,1685,473,0,361,8,1622,0,1462,0,0,3,686,0,0,243,11166,27,0,1,0,222,0,922,0,631,17,2187,28,0,0,203,284,0,0,6,52,597,0,0,179,0,1,622,202,16,0,2,1,192,351,62,111,3,190,277,0,28,0,0,416,0,2,0,59,0,237,0,19,6,0,5,1,0,0,0,0,0,401,2,46,305,0,2,3,0,0,9395,0,195,4,1,0,0,4,1601,29,0,0,4,0,0,202,543,0,15,278,13,248,43,112,1,943,1,0,1514,3,113,0,1,18,1365,5,210,105,515,29,0,0,567,29,2005,4,0,117,25,15,1,1158,0,0,0,35,1565,0,496,136,1,1,0,0,0,46,0,1,31,1,0,0,0
"ENSG00000285906.2",247,0,19,51,54,12,8,9,6,32,6,11,24,448,165,7,14,14,4,12,25,10,263,27,6,9,17,35,9,219,313,101,27,20,73,55,41,3,32,22,10,201,42,25,21,16,19,43,10,13,4,207,12,17,11,7,14,17,27,4,17,63,2,12,3,37,11,12,14,20,96,59,12,3,18,1,166,16,9,25,57,15,423,26,13,13,23,2,112,19,51,39,14,56,10,0,10,47,9,22,42,3,139,10,26,20,19,4,54,10,30,29,46,65,16,19,63,8,16,21,9,42,10,24,16,6,12,14,9,361,10,3,86,33,40,3,17,2,34,15,1,76,170,1,14,60,33,50,63,14,7,14,14,11,10,4,19,34,12,33,60,2,33,42,55,38,61,49,8,25,3,12,21,111,26,10,28,25,163,16,4,36,29,37,21,19,74,66,12,4,3,298,69,55,33,6,1,36,0,47,13,7,52,34,2,9,6,17,34,6,19,19,175,8,38,41,6,18,49,63,1,13,23,12,13,1,12,26,38,21,27,37,102,28,30,34,0,16,17,40,51,28,10,1,64,13,6,19,48,7,9,6,1,18,2,13,3,95,21,33,39,33,52,5,10,47,37,5,50,18,28,3,23,6,27,2,79,0,1,79,16,17,22,5,3,38,2,70,39,40,18,8,22,18,22,22,111,5,63,33,15,26,73,8,37,31,23,33,7,4,12,25,5,13,13,35,224,82,57,129,51,23,6,30,56,12,18,12,30,14,10,19,31,3,17,7,16,54,4,15,3,26,24,16,17,27,39,43,21,6,5,239,12,25,4,8,15,267,31,5,14,51,28,17,148,7,13,36,25,10,39,13,14,22,103,1,15,5,15,40,13,43,4,18,9,18,23,14,16,4,34,3,3,35,7,11,22,22,40,5,15,6,17,2,292,4,92,38,38,81,37,9,19,9,40,10,18,120,26,6,1,4,56,1
"ENSG00000285940.2",1,0,0,3,0,0,2,0,0,4,0,31,2,116,118,0,0,36,0,0,0,0,27,2,46,16,8,25,0,0,0,0,7,4,17,0,1,2,18,36,1,1,6,1,2,0,0,1,0,2,1,60,0,16,2,0,0,0,0,0,0,1,0,4,1,0,2,0,0,0,149,1,13,1,1,0,1,1,1,23,50,13,0,0,3,0,1,0,0,1,0,6,4,0,0,0,0,39,1,0,0,2,0,0,0,1,0,0,66,32,0,0,0,1,0,4,1,2,2,62,1,0,0,0,14,2,0,13,0,68,5,0,49,0,0,0,0,0,1,4,0,0,42,1,0,0,4,0,0,1,0,0,0,16,9,0,2,3,35,3,1,0,0,0,0,2,13,1,0,14,1,3,0,1,0,2,14,25,0,30,0,1,17,2,1,0,24,0,0,13,0,0,0,4,22,0,0,0,0,0,1,0,0,68,0,5,1,1,0,0,2,0,4,14,21,64,0,0,2,12,0,16,0,1,1,0,0,1,0,0,0,9,0,0,0,20,0,2,18,4,0,1,1,0,0,0,2,0,1,0,0,0,0,0,0,2,0,0,2,0,9,2,0,36,0,0,1,0,23,1,3,0,4,1,11,0,0,0,0,0,75,5,48,0,2,3,0,1,0,1,2,0,0,15,6,0,3,2,0,0,0,0,32,0,9,0,0,4,20,10,15,0,18,0,0,133,55,0,1,19,0,1,0,0,7,0,0,0,2,0,20,1,4,0,1,0,0,0,0,0,0,5,21,0,10,32,8,0,6,0,0,27,0,9,0,1,0,0,24,0,19,1,0,0,3,2,3,0,0,17,0,29,0,0,12,0,26,0,1,69,5,17,1,1,0,8,1,0,2,0,1,0,0,0,0,0,38,0,2,0,2,1,0,0,2,1,54,1,2,0,2,12,0,0,23,0,2,0,0,0,0,2,0,0
"ENSG00000285958.1",5,4,0,0,0,1,0,0,0,0,0,1,8,0,0,0,0,622,0,2,2,0,0,0,4,0,39,2,12,3,32,39,8,50,0,0,3,0,0,0,0,3,1,0,1,1,0,3,7,0,0,0,0,1,1,0,0,608,918,0,0,48,0,4,0,2,1,0,0,181,9,0,0,4,10,12,0,0,6,1,11,909,0,0,153,0,7,3,16,0,3,0,2,0,0,1,0,1,0,0,0,0,0,0,0,0,2641,0,11,0,0,4,0,0,25,0,5,0,0,1,0,0,1350,0,0,0,0,1,0,0,2,0,36,0,0,2,0,1,249,0,1,4,12,2,23,0,0,0,156,0,0,29,6,1383,2,0,0,13,2,26,4,0,0,4,1,1,0,1,1865,0,18,0,0,2,0,0,0,0,1,0,0,0,0,0,4,0,0,0,0,1086,0,0,0,1,510,0,81,0,0,1,96,135,1,29,0,0,1207,1,7,0,0,0,0,1,0,1,0,0,0,0,1,49,175,0,0,0,0,0,0,1,0,0,0,0,0,0,7,0,17,0,0,1,0,0,0,3,7,0,0,0,1,0,0,0,1,0,37,0,0,0,1242,3,3,3,1,0,0,4,1049,117,1,3,0,0,0,3,0,12,0,0,1508,0,0,1,0,0,0,0,0,0,2,0,0,0,24,0,0,0,0,0,3,0,0,1,27,1,0,0,0,0,0,0,0,0,0,0,3,1,12,0,0,3,2,1,6,16,0,0,0,6,3,0,1,2089,0,0,0,0,0,0,2,0,0,5,39,0,16,0,25,1,2,33,0,3,0,0,1,0,25,0,11,0,2,0,0,1,0,4,0,0,1,2,0,9,28,0,280,13,0,14,5,463,21,0,0,0,0,0,9,0,3,0,5,0,1,0,8,44,5,0,0,435,0,0,0,0,0,0,0,0,0,1,183,0,0,0,0,0,124,2,1,44,0,15
"ENSG00000285972.1",0,0,0,0,1,0,0,0,0,0,2,0,0,193,0,0,1,1,0,0,0,0,1,0,1,0,0,0,0,1,0,78,0,0,0,1,0,0,0,0,0,0,0,0,0,0,0,0,0,0,0,4,1,2,0,0,0,0,0,0,0,0,0,0,1,0,0,0,0,1,0,0,1,0,0,0,0,0,0,1,0,1,0,0,1,0,0,295,4,0,4,36,0,0,174,0,1,0,0,0,1,0,0,0,0,1,1,0,1,1,0,0,0,0,0,1,0,2,0,255,0,0,1,0,0,0,0,0,0,2,0,0,0,0,0,2,0,0,1,0,0,0,1,0,1,0,1,0,0,4,1,0,0,20,0,0,0,0,0,0,0,0,1,0,4,1,1,3,0,0,20,0,0,1,0,0,0,1,0,1,0,0,0,0,0,0,0,0,0,0,0,1,0,1,0,0,0,1,0,0,1,1,0,2,0,0,2,0,3,0,0,1,0,0,0,630,0,0,5,0,0,0,0,0,0,0,284,2,0,0,2,0,0,1,0,1,0,0,0,0,0,0,3,0,23,0,0,0,1,0,0,0,0,0,0,0,0,0,44,22,0,0,0,0,0,1,2,0,0,0,0,0,6,0,0,0,0,0,0,3,0,0,0,1,11,2,0,0,0,2,0,2,0,0,1,4,0,0,0,1,1,1,3,1,0,0,0,0,0,0,1,0,0,2,0,0,2,8,0,0,0,0,0,1,2,0,0,0,0,0,0,2,0,5,0,0,0,0,0,0,0,1,0,3,0,0,0,3,2,1,0,12,0,1,0,2,0,0,1,0,1,0,0,0,0,0,0,0,0,0,0,0,0,0,1,0,0,0,0,0,0,0,6,0,1,0,6,0,0,0,3,0,0,0,0,0,2,0,1,0,2,0,0,0,0,0,0,0,0,0,1,1,0,7,0,0,0,0,1,0,0,0,19,18
"ENSG00000285986.1",0,0,0,1,1,6,0,10,0,0,2,0,4,11,18,0,55,1,0,29,2,0,0,2,2,4,5,10,0,2,0,0,7,2,3,0,1,1,5,5,0,1,5,4,3,3,0,1,0,4,0,0,0,1,0,6,1,9,12,62,6,2,10,1,1,3,3,0,3,9,2,3,4,0,2,0,2,5,0,2,5,27,4,1,2,2,1,2,4,7,1,11,3,0,2,0,2,95,2,29,0,4,64,0,3,5,6,0,0,10,0,4,3,6,0,2,15,4,1,31,1,1,2,1,1,2,0,5,3,27,1,1,13,2,25,0,2,1,1,1,0,23,0,0,0,8,8,3,0,0,0,0,2,2,0,3,0,11,2,2,5,4,142,1,0,1,2,42,4,188,1,0,4,289,2,0,27,0,1,1,0,4,0,20,1,0,0,0,6,3,4,0,199,12,2,12,0,2,0,5,2,0,1,266,0,34,2,16,5,0,1,3,2,3,7,0,2,9,1,5,0,2,17,0,0,3,8,44,1,0,16,0,4,3,5,13,0,0,0,13,0,8,1,6,1,129,0,2,0,1,0,8,2,5,0,0,0,13,30,87,8,1,68,10,0,8,24,0,236,0,13,0,0,0,18,5,4,1,7,10,0,2,2,1,2,0,0,91,4,199,0,6,8,1,3,5,15,0,9,0,22,5,0,1,44,5,3,0,0,19,2,5,0,16,8,0,2,1,15,0,1,0,0,2,10,1,0,0,47,0,0,1,0,1,9,1,0,1,2,0,0,3,13,1,188,10,0,1,47,0,1,4,2,0,2,1,9,0,10,1,12,1,2,1,0,5,7,2,2,6,18,27,2,2,70,4,3,0,6,3,0,5,1,3,1,11,24,5,0,75,0,1,0,7,3,16,32,0,4,1,1,12,0,0,0,0,27,2,5,6,0,0,4,1,2,2,1,0,3,0,2,3,0,0
"ENSG00000286015.1",31,0,0,1,0,0,2,0,0,0,0,74,3,444,152,41,0,68,0,0,0,0,13,37,212,2,0,74,0,135,0,90,93,92,0,0,257,2,217,236,0,1,3,2,2,0,0,169,1,4,16,54,0,203,2,144,1,0,359,0,0,176,7,106,1,0,12,1,4,0,352,6,43,0,0,0,0,0,55,26,120,440,1,0,234,0,7,3,0,1,2,229,330,0,33,1,1,251,127,0,8,1,3,44,0,0,158,0,181,0,4,0,1,220,0,107,0,115,35,22,0,239,0,8,22,0,8,95,0,114,26,0,415,0,2,0,0,0,20,92,0,0,3,1,0,256,25,1,0,1,0,1,105,102,9,0,11,0,0,134,110,0,0,0,3,40,6,0,0,311,0,66,209,674,0,0,3,288,0,0,0,1,4,61,323,20,296,13,0,92,145,5,1,83,227,42,10,0,1,0,121,0,6,1012,0,224,1,0,180,29,0,9,12,65,53,3,1,447,113,489,0,108,0,10,0,0,97,405,2,0,0,13,0,152,31,236,0,69,66,9,0,2,1,0,0,0,0,0,0,17,14,1,0,3,1,0,0,0,189,196,118,190,2,114,0,1,1,0,322,6,67,0,142,0,0,2,0,0,0,382,33,85,0,1,79,9,0,0,0,9,0,7,0,164,2,0,150,2,19,0,1,3,1,2,82,6,0,25,34,25,324,1,9,0,2,110,619,1,0,68,2,6,1,1,12,0,1,454,2,0,377,1,116,1,0,0,120,2,1,0,0,1,10,0,82,80,38,1,0,0,0,157,23,467,4,1,41,3,2,0,12,56,13,0,1,68,24,4,0,82,0,17,1,136,100,210,106,0,5,8,65,101,6,16,2,119,0,21,3,0,0,0,0,0,0,6,107,7,48,0,29,1,0,0,7,0,136,78,103,0,7,0,2,0,380,0,136,2,0,1,0,102,0,4
"ENSG00000286017.1",10,0,8,3,2,3,1,3,6,19,4,7,4,2,14,1,4,3,11,15,11,6,9,1,2,6,2,3,2,0,30,2,0,5,0,1,0,3,3,13,0,9,8,0,2,2,3,2,2,3,0,3,0,2,8,10,2,24,3,9,6,4,1,1,0,19,3,4,6,23,9,2,1,0,3,3,11,2,38,0,3,4,18,0,3,3,0,5,5,0,7,3,4,0,1,0,11,2,3,1,4,3,10,2,3,17,21,0,56,2,8,2,6,5,42,0,17,12,1,4,0,0,4,3,0,2,3,1,15,4,2,1,14,3,9,2,8,0,48,0,0,15,5,3,5,4,7,6,100,56,3,2,11,2,2,1,0,3,4,5,6,0,29,6,9,11,11,11,3,6,2,4,1,2,0,7,3,1,5,2,0,3,13,16,13,1,5,2,6,1,6,6,5,0,1,10,2,5,2,27,1,25,12,2,0,0,3,14,4,9,13,9,0,3,12,21,9,2,3,1,0,0,1,2,2,0,7,1,0,3,30,4,1,0,0,1,3,1,0,4,5,2,13,2,129,7,1,1,6,7,1,3,0,3,1,9,2,1,3,14,3,0,6,43,2,9,2,1,3,1,0,1,4,1,7,29,13,0,3,0,5,6,1,0,9,6,0,4,29,3,0,2,0,9,4,52,7,8,6,14,27,0,21,1,0,1,6,1,4,0,1,15,6,1,4,4,0,14,9,0,4,21,1,33,5,32,2,11,2,0,3,0,2,14,20,3,17,4,7,1,1,1,1,26,2,0,0,14,14,1,2,10,7,27,5,2,25,42,9,0,3,5,1,48,20,11,0,17,1,3,9,1,0,3,3,1,2,0,4,2,3,0,11,0,0,1,11,6,3,16,125,9,2,8,7,1,5,44,10,2,3,4,10,2,0,6,3,18,0,0,7,2,7,4,2,0,10,5,77,4,4,2,3,1
"ENSG00000286033.1",12,0,0,0,0,0,2,1,0,5,0,1,0,26,1,0,0,0,2,0,1,0,17,0,6,2,0,3,0,1,0,0,0,0,0,0,11,0,0,0,0,1,5,2,0,0,0,11,0,0,0,7,0,6,0,0,0,0,2,0,1,0,0,6,2,0,0,9,0,0,29,0,1,0,0,0,3,0,1,7,8,6,0,1,3,0,0,0,0,2,1,0,4,0,0,0,0,6,9,0,0,1,0,0,0,0,0,0,45,0,0,0,1,1,0,0,0,0,0,14,0,2,0,0,1,0,0,9,0,2,0,0,0,0,0,1,1,0,2,0,0,0,2,0,0,3,0,0,0,0,0,0,0,10,0,0,1,0,0,5,0,0,0,2,0,5,4,0,0,9,1,1,0,17,0,1,0,0,0,9,0,3,0,0,3,0,3,0,7,7,4,0,0,4,0,0,0,0,0,0,9,1,1,3,0,3,0,0,0,1,0,0,0,4,6,12,0,0,1,0,0,3,0,0,0,0,9,19,0,0,0,0,0,0,1,1,0,0,0,1,1,0,2,0,0,0,2,0,0,18,0,0,0,0,0,0,1,1,15,0,10,15,0,18,0,0,0,0,4,0,0,1,3,0,0,0,0,0,1,1,8,5,10,0,1,0,0,0,0,1,0,0,0,0,0,1,16,0,0,0,0,0,5,0,0,0,0,0,1,5,5,0,1,0,0,11,2,0,0,0,0,0,0,0,0,0,1,2,0,0,32,0,0,0,4,0,0,1,0,0,0,9,0,0,2,2,3,1,0,0,0,0,2,1,0,2,0,0,0,0,13,0,0,0,0,0,0,0,0,0,0,3,0,9,10,0,7,0,0,10,0,9,0,0,0,0,0,3,0,0,0,0,0,0,0,0,1,3,2,1,0,0,1,0,0,3,0,2,0,0,0,0,0,0,5,0,1,0,0,1,0,5,0,0
"ENSG00000286036.1",2,0,0,2,3,0,0,4,2,11,4,3,2,2,1,2,1,1,2,0,1,0,13,0,8,8,0,0,1,3,4,1,3,4,1,2,1,0,4,5,0,4,5,2,0,0,3,2,0,2,1,6,0,4,7,1,5,4,4,1,6,2,3,0,0,5,4,2,2,1,2,5,6,0,0,1,1,4,0,0,1,0,2,1,0,2,0,1,16,0,3,2,0,0,0,1,1,24,2,0,4,0,6,0,1,4,9,0,0,1,1,0,9,1,4,4,3,8,1,1,2,0,6,4,2,0,0,3,6,5,0,0,1,4,1,0,4,0,2,1,0,4,0,0,6,1,2,0,0,0,1,0,1,1,4,6,3,0,0,1,4,1,1,1,0,1,1,0,6,2,0,1,5,7,3,0,1,0,0,1,0,14,5,0,4,4,9,6,2,0,0,4,2,5,3,5,0,0,4,3,1,9,3,3,0,3,1,0,0,7,4,1,0,8,3,4,1,1,0,6,0,2,0,0,0,0,0,1,0,3,3,2,3,2,1,11,0,4,1,1,15,0,8,1,3,1,0,1,8,1,1,1,0,2,0,6,1,6,5,0,3,5,0,1,0,1,1,0,12,0,3,0,1,0,11,1,1,0,2,4,7,2,0,0,1,2,0,4,0,3,1,5,1,5,2,2,0,13,8,5,3,0,4,1,0,1,2,4,2,3,6,0,1,3,4,5,4,6,9,1,8,5,0,4,0,2,0,4,3,0,2,3,2,1,3,1,0,7,2,2,0,10,8,0,4,4,3,0,1,1,0,6,2,1,1,2,1,1,0,0,6,3,3,1,4,5,0,0,1,0,5,1,0,1,2,1,0,0,4,6,0,5,0,0,0,2,3,0,6,2,2,2,0,3,1,1,3,2,5,0,7,0,7,0,1,0,0,1,1,37,2,1,4,1,4,2,1,3,0,0,0,0,8,1
"ENSG00000286042.1",311,0,0,23,98,212,9,0,0,32,0,0,1,791,338,7,17,28,1,289,352,1,769,21,8,0,22,59,49,17,1,10543,53,5,3,58,9,0,0,1,0,2901,2,6,25,2,176,46,0,18,0,584,2,100,1,2,1,1,3,0,2,172,0,5,4,9,0,1,416,6,467,152,14,0,0,0,2545,7,14,845,5095,105,11,725,13,1,6,4,9,5,67,1025,7,1764,0,0,0,1,1,1,19,1,3,3,4,1,3,0,3404,1,4257,11,8,36,2,0,93,5,3,338,4,95,3,16,32,0,2,2,2,13,25,0,233,28,114,0,2,0,3,1,5,29,1334,5,40,4,231,238,51,14,2,0,0,12,5,6,10,839,77,23,0,4,39,18,171,1,142,2,0,25,0,32,0,144,2,0,230,278,12,14,0,1913,0,0,0,1,3,0,2,7,4,0,0,2914,0,1,0,30,0,0,0,10,12,13,1,97,0,2,20,0,65,124,761,23,9,80,2,3,2681,315,0,9,1,69,3,2,0,5,15,6,0,4,14,1,0,41,0,0,1253,8,82,2111,12,57,47,3,0,8,0,0,2,0,0,660,0,0,0,12,6,4,45,4,4,1,1,155,1,2,119,0,1119,0,11,0,1,0,0,1,2,176,0,1,0,2,1,16,0,103,4,218,101,27,34,0,0,14,158,3,1,98,0,2,4,1,333,0,0,6,4,1,0,12,6,16,1120,350,5,35,4,204,54,76,0,1,153,0,45,0,2,0,139,1,31,3,3,0,0,1,0,13,3,2,18,158,14,2,18,345,22,0,2,230,1,92,0,0,4,2586,20,23,347,0,0,772,360,3,529,56,0,2,1,54,36,0,1583,0,45,13,0,2,0,11,1,10,9,3249,1,57,352,0,1,0,0,27,37,4,421,7,20,0,7,0,170,0,7,0,2,516,5,5,177,0,0,1,2,1,61,1,136,34,0,0,1,0
"ENSG00000286050.1",1,1,0,1,1,0,0,0,0,2,0,0,0,0,0,0,0,0,0,0,0,0,1,0,5,2,1,5,0,0,0,2,0,0,0,0,0,0,0,0,0,0,0,21,0,0,0,1,1,0,2,0,0,0,0,0,1,0,0,0,0,1,0,0,0,0,8,19,0,0,0,0,0,0,1,0,0,0,0,0,0,0,0,0,0,0,0,1,0,31,0,0,0,1,0,0,0,23,4,0,0,1,0,0,0,0,0,0,0,1,1,0,0,0,0,0,0,0,1,0,33,0,1,17,2,0,1,0,0,0,0,0,0,0,0,0,0,0,0,0,0,0,0,3,0,0,0,0,0,0,0,0,0,0,0,1,1,0,0,1,0,0,0,1,0,0,0,0,0,0,0,20,2,0,0,7,1,0,0,11,0,0,0,0,0,0,6,0,0,0,0,0,1,0,0,0,0,22,1,0,0,0,0,0,0,0,0,0,0,0,0,0,1,0,0,0,1,2,0,35,0,1,0,0,0,0,1,0,0,0,0,5,0,3,0,11,0,1,0,0,0,1,1,0,0,0,2,0,0,7,4,1,0,0,1,0,0,0,0,1,0,130,0,0,0,0,0,1,0,0,0,0,0,0,0,0,1,0,0,0,126,0,0,1,0,0,1,0,0,0,1,0,0,0,0,0,0,0,0,0,1,1,1,0,0,6,0,2,0,0,75,0,1,1,1,0,0,0,0,1,0,1,0,0,0,1,1,1,12,0,0,0,2,2,0,0,0,0,0,0,0,22,0,1,0,69,1,0,0,0,0,0,0,0,0,0,0,0,0,0,0,0,6,1,0,0,0,0,0,0,0,2,0,0,0,0,0,0,0,213,1,0,2,0,0,0,0,0,0,0,0,0,0,0,0,0,0,1,0,0,0,0,0,0,0,1,0,0,0,0,0,38,0,0,1,0,9,0,0,0,0,0,0,0
"ENSG00000286051.1",0,3,3,0,0,0,1022,0,322,0,0,1,0,165,4,0,0,54,0,0,0,0,33,0,38,0,0,1,572,10,0,0,18,4,15,0,21,0,0,3,0,634,105,0,0,0,0,21,0,0,0,79,0,2,0,0,0,0,26,0,0,9,0,422,0,8,0,0,0,0,44,0,0,0,0,1,0,0,30,46,27,658,0,0,66,0,0,7,6,14,0,5,0,305,0,0,0,35,91,0,0,0,0,0,0,0,0,0,131,0,0,0,0,27,0,1,7,10,0,160,0,6,0,0,0,0,0,15,0,0,2,0,22,13,0,0,955,0,4,0,0,0,2,0,0,92,850,0,0,1,0,0,0,34,0,0,4,0,7,49,9,0,0,0,0,24,5,0,0,43,0,5,0,26,0,0,0,14,0,0,0,0,48,0,28,0,48,0,0,45,4,123,0,29,18,0,4,0,0,0,0,0,0,0,0,18,0,0,6,0,0,0,6,19,0,3,6,0,26,18,0,5,0,0,0,0,6,3,0,0,0,35,0,1,8,3,0,0,0,0,0,0,0,0,0,6,0,0,5132,3,0,0,0,0,0,0,0,0,0,0,42,17,0,61,0,216,0,0,8,0,6,0,0,0,0,0,1,0,0,10,1,5,23,0,0,0,0,4,0,3,0,0,5,1363,0,47,103,0,3,6,0,0,322,0,10,0,4,0,12,68,0,0,6,3,0,10,47,0,0,19,0,7,0,0,1,0,0,0,1,0,39,0,3,4,0,0,0,0,0,8,0,0,0,4,1,40,5,0,4,0,0,724,0,39,0,0,0,261,0,7,9,0,0,0,8,0,10,0,0,0,0,2,619,7,41,0,52,0,0,0,11,91,680,0,0,0,0,0,8,0,4,1,0,0,0,0,1,0,1,0,0,0,5,0,0,2182,1,1,0,0,0,0,0,0,28,0,13,1,1432,0,0,0,1,0
"ENSG00000286058.1",273,0,0,0,0,0,0,0,0,3,0,0,0,16,86,0,6,2,0,1,0,0,35,0,4,0,0,34,16,18,25,0,7,3,0,0,7,0,0,0,2,31,30,0,1,0,0,0,1,0,0,43,0,93,0,0,0,0,5,0,0,0,0,0,0,6,1,0,0,0,388,0,0,0,0,0,90,0,15,48,20,249,0,0,0,0,0,0,0,2,0,1,30,0,0,0,0,0,112,0,0,0,0,0,0,0,0,0,382,0,0,0,0,6,0,0,0,0,0,0,0,25,0,0,0,0,0,23,1,0,0,0,4,0,0,0,0,0,5,0,0,0,126,0,51,249,7,40,27,1,2,0,0,5,0,0,0,0,1,135,0,0,0,7,44,22,68,0,0,58,0,0,0,82,0,0,0,23,534,0,0,6,82,2,1,0,0,0,27,41,0,0,0,0,0,0,1,0,0,0,0,0,44,14,0,118,0,0,5,0,0,10,4,116,1,0,0,0,48,36,0,2,0,0,0,0,0,0,0,2,6,0,0,1,0,0,0,0,0,4,0,0,0,1,0,16,0,0,0,0,0,0,0,50,0,0,0,6,0,644,3,0,0,163,1,0,0,0,2,0,1,0,235,0,0,0,25,0,0,0,0,20,0,0,0,0,0,1,2,0,0,0,0,0,0,257,126,0,0,0,0,1,8,0,69,0,0,0,73,37,0,0,0,0,1,44,8,39,0,29,0,0,0,68,0,0,0,0,0,0,25,0,0,0,1,1,0,0,0,0,0,0,0,207,5,0,1,0,0,0,1,0,0,312,0,1,1,0,0,3,10,0,0,23,14,0,1,15,0,0,0,0,2,2,210,0,1,0,1,0,0,45,0,0,1,0,0,3,0,0,12,0,0,0,0,0,1,39,0,0,0,0,2,0,0,0,0,0,0,0,1,0,0,0,0,0,1,25,0,0,0,0,0,1
"ENSG00000286060.1",1,0,0,0,0,0,3,0,0,1,0,0,0,7,8,0,17,8,0,0,0,0,5,0,0,14,11,5,4,3,1,0,2,0,0,0,3,0,0,0,0,0,1,0,0,0,0,0,0,0,0,3,0,9,0,0,0,0,0,0,0,1,0,0,0,0,0,0,1,0,12,0,0,0,0,0,0,0,8,10,8,6,0,0,5,0,0,4,0,0,0,2,17,0,0,0,0,5,11,1,0,0,0,0,2,0,0,0,18,18,0,0,0,6,0,1,0,0,41,7,0,6,0,0,4,0,0,1,0,0,0,0,22,0,0,0,0,0,1,1,0,0,2,1,0,17,28,0,0,0,0,0,0,32,0,0,0,0,6,1,5,0,0,0,2,8,3,0,0,2,4,4,0,14,0,0,0,32,0,0,0,12,0,1,4,0,2,0,0,3,0,10,0,2,1,23,0,0,0,0,0,0,12,6,0,14,0,0,0,0,0,1,0,7,3,2,0,0,11,10,0,0,0,1,0,0,0,14,0,0,0,1,0,0,0,1,0,0,0,1,0,0,0,0,1,1,0,0,0,0,0,1,0,16,0,0,0,0,0,5,2,0,0,45,0,0,0,0,17,0,1,0,1,0,1,1,4,0,0,18,4,11,4,0,0,0,2,0,0,0,0,0,0,0,0,10,29,0,0,0,0,11,3,0,12,0,0,0,1,0,0,0,0,0,0,10,3,1,0,10,0,0,0,0,0,0,0,0,0,0,9,3,0,0,14,0,0,15,0,0,0,0,2,1,20,0,6,0,8,0,0,13,0,17,0,0,0,0,1,0,0,0,0,0,0,0,0,4,0,0,0,1,2,8,11,0,4,0,0,0,2,5,0,0,0,1,0,2,0,0,17,0,0,0,0,0,12,30,0,0,0,0,0,0,30,0,10,8,0,0,0,0,0,0,2,0,1,0,7,0,0,0,0,0
"ENSG00000286073.1",0,0,0,0,0,1,0,2,0,1,21,3,1,0,0,1,0,0,31,0,0,0,0,0,0,0,1,0,0,1,0,0,2,0,0,12,3,0,2,5,0,0,39,28,0,0,0,0,0,16,0,0,0,22,37,0,0,0,0,0,0,1,0,0,0,0,0,3,0,0,0,5,0,0,0,0,0,0,78,0,9,0,0,0,0,0,0,0,2,0,1,10,0,0,15,0,1,0,7,0,0,0,0,0,0,1,0,0,24,10,0,0,1,0,0,0,0,0,2,890,1,0,0,6,1,0,0,0,1,0,0,0,0,0,0,0,7,0,0,0,0,0,4,0,0,1,3,0,0,0,0,0,1,0,0,0,0,1,34,0,5,3,0,1,1,8,0,0,0,0,0,0,8,0,0,1,2,0,0,1,0,2,2,0,2,0,0,0,0,0,0,0,0,0,2,0,0,2,0,0,0,1,1,1,0,0,0,0,0,0,2,0,0,0,0,0,2,0,0,0,0,0,3,0,0,0,6,0,0,9,0,0,0,140,0,1396,1,2,0,0,8,0,5,2,6,8,1,0,9,5,0,1,0,0,0,0,1,0,16,0,0,0,0,1,0,0,0,0,0,0,0,0,0,0,0,0,0,0,12,0,0,3,0,0,0,0,0,0,1,0,0,0,0,0,0,1,1,17,0,0,0,0,6,3,0,0,0,0,0,1,4,1,1,0,6,0,8,1,8,7,0,0,0,0,0,0,0,1,83,0,7,0,1,0,9,0,0,0,150,7,0,34,0,0,0,0,2,1,1,0,0,1,0,2,0,1,0,3,1,0,2,0,4,0,0,0,0,0,0,0,0,15,2,19,12,0,3,0,0,0,0,2,0,0,0,0,1,0,0,0,1,3,0,0,0,0,5,20,0,0,0,0,1,0,1,0,0,0,0,0,2,0,0,0,0,0,0,0,0,0,0,0,0,0
"ENSG00000286081.1",1,217,3,11,1,10,1,47,27,10,4,6,0,163,112,141,0,45,3,37,13,174,7,48,136,23,0,31,2,6,3,0,44,385,157,7,70,6,1,1,5,0,0,5,140,2,6,5,127,50,4,32,53,0,48,9,67,6,89,7,16,102,53,42,36,2,147,27,67,2,16,10,16,190,53,308,10,2,1,1,12,19,7,1,111,3,16,90,0,10,32,124,9,8,14,164,109,13,3,4,30,607,4,29,3,1,41,169,6,0,17,195,8,42,0,135,9,4,2,12,30,36,247,12,21,151,67,9,18,35,45,296,9,19,4,416,38,207,19,117,144,7,11,216,3,20,3,2,0,0,150,271,422,150,106,11,5,47,2,31,89,2,74,3,2,27,7,2,18,12,22,29,7,21,9,3,5,3,22,30,279,0,0,13,82,11,21,21,39,34,19,0,1,173,113,11,136,7,0,3,378,146,0,32,255,6,129,14,15,47,32,18,131,42,29,0,10,41,15,160,275,102,0,12,207,173,122,12,3,8,13,29,29,12,60,25,300,29,199,433,0,45,44,9,12,9,31,16,38,39,25,16,369,63,390,70,160,0,2,199,175,386,9,5,49,13,11,289,309,414,40,133,0,145,2,5,3,180,18,74,553,6,6,109,69,7,192,1,4,9,121,4,0,2,6,8,7,32,650,0,52,0,0,418,13,7,14,15,7,1,61,0,13,9,5,5,6,1,1,3,0,22,427,3,40,16,146,46,2,94,45,4,85,33,13,663,18,5,8,0,645,39,4,9,27,8,6,0,5,178,285,4,59,17,26,794,4,0,4,12,88,85,23,1,12,112,1,1,9,2,42,4,1,1,53,136,52,199,155,65,191,17,12,3,60,62,3,21,92,6,6,7,66,2,0,14,202,11,41,241,51,11,1,11,67,0,16,4,48,1,50,12,301,87,3,1,12,15,7,228,201,239,159,161
"ENSG00000286099.1",0,0,0,0,0,0,0,0,0,0,0,0,0,40,57,0,0,8,4,0,0,0,0,0,0,1,0,4,0,79,0,0,19,0,0,0,0,0,1,0,0,0,0,1,0,0,1,0,0,0,0,20,0,37,0,0,0,0,0,0,0,105,0,6,0,0,0,3,0,0,97,0,0,0,0,0,0,1,44,18,46,41,0,0,11,0,0,9,0,0,0,1,12,0,0,0,1,15,117,0,0,0,0,0,0,0,0,0,48,29,0,0,1,0,0,3,1,2,0,28,0,0,0,0,3,2,0,0,0,12,0,0,16,0,0,0,0,0,80,25,0,0,15,1,0,59,3,0,0,0,2,0,0,23,2,0,0,0,0,0,7,0,0,0,0,14,26,0,0,89,0,0,0,165,0,0,0,15,0,1,0,0,0,0,5,0,1,0,0,6,0,3,0,3,21,4,0,0,0,0,0,0,0,115,1,24,0,0,4,0,0,0,0,4,2,0,0,0,9,1,1,0,0,0,0,0,1,0,1,1,0,1,0,0,0,11,4,0,0,2,0,0,0,0,0,0,11,0,0,0,0,0,1,0,0,0,0,8,2,0,47,50,0,44,0,0,0,1,40,0,6,0,10,0,0,0,8,0,1,6,0,20,0,0,0,1,0,0,0,0,0,0,0,0,0,38,145,1,0,0,0,0,30,0,1,0,0,0,11,79,280,0,1,0,1,0,255,0,0,0,0,0,0,0,0,0,0,0,6,1,42,0,0,0,0,0,0,0,1,0,0,1,0,0,100,3,0,0,1,4,0,0,0,68,0,0,0,0,0,0,0,0,1,1,0,0,0,1,0,1,0,25,0,34,111,0,25,4,0,1,2,0,0,0,1,1,0,8,0,0,0,0,0,0,0,0,0,112,24,0,0,0,0,0,2,0,0,0,0,0,20,0,0,0,0,0,10,0,4,0,0,0,0,2
"ENSG00000286101.1",0,0,4,2,1,9,0,0,0,0,0,1,1,9,1,0,3,0,2,3,0,0,0,2,0,0,0,0,2,0,0,0,1,0,0,0,0,0,5,1,0,0,0,0,0,0,0,0,0,0,0,0,0,124,0,1,0,1,0,0,0,0,3,2,0,2,0,0,0,0,0,0,0,0,0,0,0,0,14,2,27,0,0,0,0,4,1,1,0,0,0,2,9,0,0,0,0,0,27,0,0,0,0,0,0,25,0,0,19,7,0,0,0,0,0,0,2,0,1,35,0,0,0,0,0,0,0,0,1,0,0,0,18,0,0,0,0,0,1,0,0,5,0,0,0,0,5,2,18,0,0,0,0,0,0,0,0,0,1,0,0,0,0,2,0,0,0,0,0,0,1,0,0,0,0,0,0,20,1,0,0,1,0,0,0,1,0,0,0,0,0,0,0,0,0,0,0,4,0,0,0,0,2,1,0,0,0,0,0,0,0,1,0,0,0,0,0,0,1,8,0,0,20,0,0,0,0,0,0,0,0,0,0,2,0,0,0,0,0,0,0,0,0,0,2,1,0,0,18,1,0,0,0,0,0,0,0,1,0,0,0,0,1,417,0,1,0,1,3,0,0,0,5,0,0,1,9,0,0,0,0,254,0,0,0,24,0,1,1,1,0,0,4,0,3,14,0,0,0,0,0,4,2,0,9,0,0,0,0,27,0,38,0,0,0,0,36,1,0,0,0,0,0,6,0,1,0,0,1,0,0,8,0,0,0,0,0,0,0,0,0,0,0,0,1,0,0,29,96,0,0,0,0,82,0,0,8,2,3,30,7,0,1,4,0,0,0,8,0,0,0,0,9,10,1,0,2,0,0,0,3,0,0,0,0,1,14,0,0,0,24,0,0,0,2,0,0,504,0,0,0,0,0,0,0,0,0,9,0,0,0,0,0,0,0,0,0,0,0,0,0,0,0,0
"ENSG00000286115.1",17,0,4,0,2,6,8,0,0,16,0,2,6,22,0,0,3,0,1,1,3,0,2,2,2,5,5,4,0,2,6,2,4,0,2,1,0,1,1,1,0,2,8,1,1,4,1,0,0,0,2,2,0,0,0,9,0,10,11,2,0,37,0,1,0,7,0,0,0,12,36,0,1,0,2,1,30,2,3,0,3,5,3,0,1,0,0,3,1,0,8,10,0,0,0,0,3,3,8,0,0,0,15,0,1,0,3,0,11,2,2,1,2,0,3,1,35,2,17,3,0,3,1,7,0,0,0,0,4,10,0,0,3,0,3,1,4,1,25,2,0,6,14,0,1,1,2,6,11,0,5,0,1,0,0,0,0,0,0,4,3,1,0,3,4,2,0,8,1,1,1,8,17,4,0,0,0,15,5,2,1,3,0,3,2,1,0,1,4,6,0,0,9,2,2,0,0,1,0,5,0,3,10,11,1,0,0,2,3,1,1,2,28,5,5,0,0,0,0,9,0,12,0,0,0,0,0,3,0,1,5,0,1,1,2,0,0,0,0,1,0,0,0,0,11,7,4,0,4,1,0,0,0,0,0,1,0,2,0,4,5,0,3,33,1,1,3,3,2,0,1,0,4,0,2,4,5,0,2,2,6,2,0,0,0,0,0,0,5,1,1,0,1,2,2,2,0,0,1,2,2,0,8,0,9,1,0,0,2,9,5,14,8,0,4,1,8,7,2,2,9,2,1,5,1,1,0,11,1,0,8,0,0,0,2,0,8,4,1,1,0,0,2,0,0,0,0,0,3,1,2,1,2,14,2,1,3,2,2,0,2,0,1,25,13,2,12,8,0,1,5,5,6,0,23,1,6,0,3,15,4,1,0,0,0,0,3,2,0,0,13,0,0,9,10,1,0,25,4,0,0,4,0,1,2,2,2,3,0,0,0,0,0,0,4,0,0,11,5,3,1,3,10,0
"ENSG00000286133.2",0,0,0,13,1,12,107,1,0,2,0,31,0,10,71,4,1,29,0,0,33,0,2,7,0,29,0,13,0,165,22,291,0,1,0,0,18,0,129,106,0,11,1,1,0,0,0,0,0,0,0,8,0,0,0,34,3,41,0,11,0,0,52,3,0,1,0,0,0,39,0,32,0,1,28,0,0,0,10,24,3,6,0,90,0,0,18,0,1,135,42,4,21,47,1,1,0,0,0,0,28,0,0,2,78,1,38,0,5,0,54,0,0,0,0,91,20,0,53,1,0,0,2,64,7,1,3,0,1,1,3,1,160,0,64,0,1,1,3,0,1,22,88,1,88,26,45,0,37,1,0,0,11,35,8,0,0,12,93,2,8,61,0,33,1,0,13,1,0,39,1,133,12,1,66,46,163,62,1,0,0,1,0,0,1,30,3,71,0,37,0,0,2,1,2,1,1,54,0,0,8,0,1,26,0,97,1,73,20,0,5,3,92,38,4,0,49,0,22,118,0,0,12,32,2,0,0,1,0,29,0,0,28,0,24,1,1,54,156,1,2,12,2,5,0,0,20,59,49,1,53,27,0,88,0,4,0,0,14,0,27,92,24,0,0,1,0,1,1,0,4,1,12,0,0,1,114,0,0,27,17,31,8,2,0,0,0,36,20,2,1,0,4,74,46,9,2,38,0,0,70,0,0,0,37,40,14,1,21,0,0,0,0,65,1,6,52,0,3,19,0,0,0,0,30,69,0,0,9,0,65,24,0,0,0,2,7,0,0,0,0,0,1,3,33,5,15,0,1,1,0,1,1,69,19,0,0,0,0,22,27,0,20,79,11,1,30,63,0,72,48,2,10,0,3,0,85,2,2,2,1,2,44,0,0,1,0,27,1,0,53,0,0,49,0,0,1,24,22,0,7,26,0,0,1,0,15,69,2,1,1,24,2,0,0,1,3,3,1,0,0,0,0,0
"ENSG00000286180.1",2,0,5,1,0,2,4,3,0,1,1,3,3,8,9,0,2,0,2,0,2,1,0,0,6,0,3,2,2,2,1,1,1,4,0,4,3,1,8,6,0,2,3,0,0,1,0,0,0,1,1,0,1,9,5,5,0,0,1,3,2,1,3,1,1,0,1,2,1,4,0,1,0,0,1,0,0,1,2,3,0,3,2,1,6,1,2,0,0,2,5,2,1,12,0,0,0,3,7,1,3,1,0,2,0,4,3,1,4,1,1,0,0,1,0,2,3,7,4,2,0,5,0,9,8,0,0,2,3,3,2,0,5,2,2,0,5,0,2,1,0,1,2,0,0,9,8,3,1,0,0,0,4,3,0,3,4,1,4,2,7,0,2,0,0,2,8,1,1,3,3,0,2,3,0,0,1,15,1,4,0,3,3,1,3,1,8,1,1,1,3,3,1,3,1,8,0,5,2,2,2,2,1,4,1,7,0,2,0,8,1,0,1,7,1,2,1,2,0,10,1,1,2,0,0,1,2,3,0,4,5,3,0,3,0,5,2,2,1,2,0,1,0,0,3,12,4,5,9,4,0,2,0,6,0,5,0,1,1,6,3,1,3,2,0,2,3,0,2,0,0,0,10,0,1,1,0,0,1,2,1,4,2,0,3,1,0,0,1,2,0,0,0,2,1,12,2,1,6,0,7,0,3,2,3,0,1,1,3,1,2,0,0,3,0,1,7,5,2,5,0,4,1,2,2,1,1,3,4,0,2,1,1,3,1,0,4,0,0,3,0,0,1,3,0,0,1,0,0,0,0,1,2,1,2,2,0,7,3,1,1,0,1,4,4,7,0,4,2,2,2,7,0,1,5,4,0,0,4,1,1,0,1,0,0,7,0,1,4,0,0,4,0,0,0,0,3,8,2,0,3,10,0,0,3,0,5,2,0,1,1,1,1,1,2,1,0,4,1,0,1,1,3,0
"ENSG00000286220.1",0,0,9,0,0,1,4,1,4,7,0,1,6,9,9,0,6,1,2,2,1,1,16,1,0,5,8,1,0,2,52,2,8,4,0,1,0,1,0,1,1,2,3,2,2,2,3,1,0,1,2,1,1,6,1,3,0,1,3,0,5,4,3,1,2,10,4,3,1,1,83,1,3,0,6,0,54,18,2,8,4,8,0,2,6,21,2,0,14,2,6,6,0,0,2,0,1,2,1,0,0,0,0,1,6,7,6,1,5,5,1,4,2,2,2,1,4,2,4,2,1,1,4,3,1,0,0,2,5,13,5,1,20,0,1,1,1,0,13,1,0,15,7,0,34,2,166,44,2,2,0,0,5,3,1,2,0,5,2,5,14,2,4,10,3,2,14,4,4,2,0,4,0,0,1,2,2,1,2,2,0,9,1,3,1,4,4,1,6,0,1,2,4,2,0,4,1,8,0,5,0,2,8,6,0,3,2,1,17,0,6,5,6,2,13,0,2,0,2,6,1,5,4,7,2,0,3,5,2,1,31,2,2,5,1,4,0,4,4,1,15,1,2,9,5,2,1,0,3,4,0,2,0,10,0,1,0,0,2,14,4,1,2,6,0,9,5,1,13,0,3,0,13,0,9,2,1,1,5,14,6,1,2,0,1,2,0,2,0,4,1,0,1,3,0,5,1,0,3,3,0,20,11,1,0,1,0,4,4,2,4,1,0,1,6,10,0,2,5,2,2,5,0,39,1,6,0,4,1,0,3,0,1,1,1,1,2,0,1,0,0,1,2,0,18,2,0,54,2,0,1,8,6,3,0,0,10,2,10,17,6,2,0,4,4,1,0,2,2,5,2,1,4,1,24,3,4,0,5,10,2,7,6,1,1,3,12,0,2,0,4,0,0,2,0,0,4,0,10,0,1,2,7,0,19,6,1,5,3,0,1,1,7,2,2,0,3,9,5,1,1,0,2,0
"ENSG00000286271.2",1,9,0,1,4,1,21,0,6,4,0,83,175,5,35,11,8,175,29,21,9,3,1,5,11,11,73,19,0,0,1,0,27,23,19,2,19,1,73,64,8,0,40,768,17,10,9,1,3,1,24,3,0,8,98,65,2,28,35,0,425,19,2,12,40,9,32,42,185,7,11,11,0,6,49,6,4,55,35,38,65,80,4,0,62,3,1,87,9,43,5,191,20,4,3,6,69,17,192,96,57,9,251,53,4,0,83,1,19,9,7,10,4,6,0,28,6,34,60,161,112,30,11,53,19,3,8,68,17,1174,4,11,376,2,13,10,0,0,35,1,5,0,29,16,5,38,0,0,6,0,0,11,47,117,4,13,37,231,22,7,112,0,50,0,0,48,12,51,32,260,189,45,44,42,0,10,90,0,16,51,8,0,8,54,12,57,40,2,88,44,45,19,1,38,17,0,2,23,12,1,9,288,2,131,5,143,3,29,25,47,5,4,326,2,11,0,81,4,12,25,2,8,3,10,6,2,95,202,0,23,282,14,23,183,15,130,7,88,0,37,0,8,56,0,18,2,13,31,19,25,6,1,13,0,3,33,8,2,175,59,43,11,8,1,3,0,105,15,31,3,36,1,70,3,16,59,79,3,186,56,35,43,114,10,39,6,2,1,103,5,9,1,0,60,441,1,88,47,13,0,32,3,8,10,75,1,9,25,11,7,64,1,12,5,0,1,18,8,16,6,21,4,9,2,4,41,2,34,171,6,49,4,8,60,8,5,28,51,1,94,6,47,1,4,100,12,11,1,41,2,2,1,5,1,27,5,8,2,37,0,61,22,26,13,429,7,53,12,96,25,43,29,18,26,92,3,28,8,18,47,19,34,12,90,3,2,8,11,33,43,32,107,3,6,0,8,1,2,16,3,13,0,5,31,276,0,50,152,2,0,7,30,17,7,38,0,19,0,0,11,7,0,1012,11
"ENSG00000286284.1",1,0,0,0,0,0,2,0,0,0,0,3,0,390,405,0,0,24,0,0,0,0,7,0,2,4,0,8,0,6,0,1,6,0,0,0,6,0,0,1,0,16,0,2,1,0,1,1,0,0,0,5,0,11,0,0,0,0,0,0,0,55,3,0,0,0,0,0,1,0,101,0,0,0,0,0,0,0,0,13,87,9,0,0,2,0,0,2,0,0,0,438,35,0,0,0,0,74,0,0,0,0,0,0,0,0,1,0,620,0,1,0,0,0,0,12,1,0,0,97,0,0,0,1,0,0,0,8,0,958,0,0,81,0,0,0,0,0,0,0,0,0,11,0,0,70,3,0,0,0,0,0,0,30,0,0,0,0,65,1,0,0,1,0,0,22,37,0,0,22,0,0,1,285,0,0,0,321,0,133,0,0,0,1,0,0,0,0,0,3,0,0,0,4,0,0,0,1,0,0,11,0,0,529,0,16,0,0,2,31,0,0,29,0,0,13,0,1,0,437,0,0,0,0,0,0,2,1,0,0,0,4,0,0,1,243,1,0,0,2,0,0,0,0,0,0,41,0,0,2,0,0,0,0,0,0,0,0,0,79,48,11,0,77,0,0,0,0,64,0,5,0,105,0,0,0,35,0,0,171,263,97,26,1,1,0,0,0,0,0,0,0,0,5,0,8,0,0,0,0,1,0,208,0,22,0,0,1,1,12,4,0,0,0,0,0,244,0,0,2,0,0,0,0,5,0,0,0,1,0,129,0,0,0,3,0,0,0,0,0,0,0,0,0,7,70,0,0,33,0,1,0,0,270,0,0,1,0,1,0,1,0,0,0,0,0,0,0,0,2,0,2,0,0,115,0,364,0,0,48,0,4,91,0,0,5,0,4,9,0,0,0,0,0,0,0,1,122,0,0,0,0,0,0,3,1,14,0,28,0,0,0,0,0,0,0,0,0,0,0,0,0,0,0
"ENSG00000286315.1",8,1,23,16,1,4,2,7,3,9,6,14,12,227,22,0,6,2,7,7,3,1,2,3,9,3,3,16,5,4,3,15,3,18,6,1,37,1,11,33,0,9,14,24,3,2,3,6,1,1,7,2,0,19,8,3,8,11,2,1,4,7,8,14,0,5,5,2,21,2,14,17,15,0,2,4,7,6,48,1,18,10,4,8,19,4,7,14,11,0,10,42,25,2,4,0,12,41,53,2,4,4,21,0,12,10,5,1,84,7,3,5,20,5,2,49,30,19,35,68,4,37,0,5,10,3,2,1,9,13,7,0,29,1,20,1,67,2,11,3,1,17,4,3,3,65,38,6,4,3,0,6,14,8,2,5,17,22,80,20,19,1,5,6,32,11,7,7,1,9,2,5,8,15,0,1,3,7,5,10,1,8,3,7,5,2,8,8,68,4,6,2,10,30,3,8,2,7,3,3,1,1,2,21,2,11,1,2,0,10,4,6,6,14,16,1,4,6,46,7,2,2,1,3,2,1,29,22,2,3,9,20,3,7,12,26,1,2,1,1,2,1,4,1,17,24,3,5,16,9,7,8,1,18,2,5,0,11,47,22,36,20,47,55,3,3,6,1,24,0,39,1,9,1,3,1,9,0,3,9,2,0,17,0,25,4,1,3,4,7,4,2,13,6,1,4,24,36,9,10,3,46,73,3,45,0,2,3,28,6,12,3,7,8,1,8,1,11,4,7,8,14,4,9,5,4,1,20,10,1,70,6,9,2,4,0,5,30,5,13,3,3,9,61,1,26,10,6,5,2,2,9,5,20,6,2,7,12,11,20,3,3,11,40,50,3,0,6,1,6,31,21,1,0,30,11,4,4,1,1,4,3,18,4,1,0,8,11,3,3,25,7,3,11,13,8,28,29,18,3,28,39,13,12,14,31,15,3,2,3,24,1,10,3,3,4,5,30,4,2,6,5,9,2
"ENSG00000286324.1",0,0,0,0,15,2,0,0,0,3,2,0,0,150,0,1,1,3,0,3,1,0,11,0,0,25,0,0,4,8,3,113,0,0,2,1,1,0,0,0,0,0,0,6,1,3,1,0,0,0,0,4,3,13,0,2,0,1,0,3,0,4,0,0,10,20,0,9,0,12,1,3,0,0,1,0,23,1,6,2,6,0,36,7,0,0,2,1,1,1,6,0,2,14,2,0,0,0,2,10,0,0,11,0,1,0,0,0,6,2,17,0,4,0,0,4,8,0,0,67,16,0,4,0,2,0,0,0,23,28,0,1,70,0,14,0,0,0,0,0,0,26,14,2,1,2,0,6,3,0,0,3,15,19,0,3,0,2,1,4,0,0,14,2,2,0,6,1,7,34,0,2,2,0,0,0,2,63,4,9,0,0,0,0,0,1,1,0,1,0,0,0,0,4,10,0,4,1,1,8,0,8,0,0,1,0,0,5,2,1,2,0,0,0,1,0,0,0,0,0,0,1,0,0,1,0,0,10,7,5,7,0,2,3,0,12,0,1,20,0,1,1,1,3,6,0,0,1,8,0,0,0,0,0,0,30,1,1,36,1,1,0,10,2,0,0,6,2,1,1,0,2,0,0,3,3,6,0,0,5,0,5,15,2,0,2,0,4,4,10,1,0,26,0,6,1,6,0,0,4,1,3,1,1,5,0,0,0,0,1,56,8,0,19,0,20,4,1,9,0,13,1,0,6,9,6,3,2,5,3,0,2,0,11,0,1,0,11,1,2,0,33,0,6,6,0,0,0,4,2,1,114,0,8,0,0,22,5,5,5,17,0,8,0,0,0,6,4,0,0,49,1,1,0,2,0,0,2,0,0,0,0,1,0,1,0,7,0,0,16,13,5,1,10,3,0,0,7,2,0,0,0,0,0,4,0,6,0,0,2,0,0,0,1,0,0,3,0,1,0,0,0,16,2
"ENSG00000286329.1",0,0,1,1,0,1,31,0,1,0,1,1,23,105,142,2,3,122,2,0,0,3,0,4,81,0,0,25,3,43,1,0,99,88,39,2,41,0,2,1,0,1,0,0,6,0,0,2,2,25,0,173,1,18,0,0,1,0,93,0,0,45,0,11,1,42,12,0,0,0,138,0,1,0,0,0,1,0,63,94,99,26,1,1,148,0,0,4,0,2,2,63,63,0,0,1,3,70,148,1,1,35,1,2,0,0,66,6,277,3,0,0,1,87,0,127,0,29,0,12,0,0,0,0,5,22,11,1,0,60,0,4,98,1,0,0,2,1,68,1,1,0,55,2,0,5,0,1,3,2,0,10,0,45,53,0,0,0,4,75,3,0,7,1,20,44,46,3,0,43,19,6,2,539,0,1,0,120,1,21,0,0,48,9,81,1,0,6,1,67,0,47,52,1,64,0,0,0,0,0,12,0,1,235,3,84,0,27,0,0,0,0,133,26,84,0,2,32,68,115,0,21,0,0,0,0,1,214,0,0,1,1,0,0,0,14,6,0,0,31,7,0,0,1,3,0,33,0,1,1,0,0,2,6,1,0,0,1,0,174,196,77,2,175,1,0,35,0,35,0,42,0,39,0,0,0,110,0,0,20,0,26,42,2,1,0,0,0,0,0,4,0,0,19,0,79,89,0,0,0,0,0,139,0,0,1,0,1,1,105,15,5,0,0,0,2,281,0,0,1,0,1,0,0,57,1,0,0,2,1,262,0,0,1,1,2,0,3,0,0,3,0,3,2,50,60,13,1,53,4,21,1,0,102,2,2,2,1,0,0,0,0,1,2,2,0,0,1,41,1,0,0,1,40,87,0,100,8,0,1,11,44,29,0,4,6,0,135,0,0,2,0,0,0,1,1,102,39,2,0,4,0,0,0,0,2,6,74,12,0,0,0,0,0,0,0,31,0,6,2,0,0,0,0
"ENSG00000286334.1",3,4,1,1,5,0,0,0,1,5,32,2,3,23,3,6,1,0,4,4,3,39,0,12,5,2,0,27,1,8,0,3,2,2,2,1,18,1,2,4,0,4,5,1,3,0,4,4,39,0,4,21,13,1,1,2,9,4,2,2,7,7,1,0,28,1,0,3,6,1,6,4,8,26,1,0,8,1,2,1,1,1,12,1,4,0,1,0,2,0,0,6,0,0,0,6,6,1,14,5,1,10,0,4,1,3,11,18,5,3,1,18,8,7,0,12,1,5,6,11,2,23,0,3,0,71,15,4,10,3,1,12,3,8,2,12,2,3,8,0,1,6,4,10,2,2,1,0,8,18,18,4,4,5,8,5,4,13,3,0,4,1,0,3,0,11,5,4,3,2,0,1,9,7,1,2,0,3,4,1,7,0,3,3,0,3,1,0,4,1,4,3,5,1,1,5,2,1,4,2,3,5,3,5,3,2,4,2,2,6,2,1,1,1,7,0,1,1,2,13,27,0,0,13,3,9,4,0,0,2,6,5,1,3,3,2,5,1,2,1,6,4,4,4,4,2,8,1,8,1,3,1,4,1,2,0,5,1,2,4,2,5,4,1,31,1,5,4,1,7,1,2,3,6,3,1,0,2,2,2,2,0,2,4,12,1,10,1,1,2,29,2,0,0,0,30,34,8,14,12,2,0,1,14,0,0,0,4,2,3,3,1,0,1,4,4,0,2,1,2,6,15,15,7,3,1,12,3,2,11,1,2,3,3,28,149,1,14,1,4,6,3,0,9,5,3,3,0,1,13,33,2,3,20,4,8,1,12,4,0,6,4,14,4,7,1,0,2,12,1,2,1,0,3,0,2,9,99,1,3,1,4,4,0,6,6,0,3,0,1,6,4,1,7,0,3,2,4,24,31,4,1,1,3,0,2,5,11,0,6,7,4,3,11,2,4,0,1,0,46,5,1,6,28
"ENSG00000286355.1",4,0,3,0,10,1,0,4,0,1,0,2,0,8,10,0,0,3,0,1,1,0,1,1,2,0,1,3,1,2,2,0,0,2,5,0,32,0,3,5,0,1,0,0,0,0,0,2,0,2,0,9,0,5,0,0,0,0,13,0,0,0,0,8,0,0,1,0,0,0,18,0,0,0,0,0,1,0,7,3,10,4,0,0,0,1,0,1,0,0,0,1,0,0,0,0,6,2,14,0,0,1,0,0,0,0,1,2,34,2,0,1,1,6,0,2,3,1,2,7,0,12,1,0,0,0,0,7,1,1,0,1,1,2,0,3,1,0,6,0,0,1,4,0,0,2,1,0,0,0,0,0,1,15,1,0,0,0,5,4,1,0,0,1,1,6,0,0,0,0,1,2,0,15,0,0,0,21,1,1,0,0,0,0,8,0,10,0,0,26,0,9,1,1,3,0,0,0,0,10,0,0,0,95,2,5,1,1,0,1,1,0,2,7,2,0,0,0,0,0,0,0,6,0,0,1,0,39,0,1,0,0,0,0,1,0,0,0,0,0,0,0,0,0,0,0,3,0,0,1,0,0,0,0,0,0,0,0,0,4,9,0,0,19,0,0,0,0,5,0,2,1,5,0,2,16,11,1,0,3,11,0,2,2,0,0,0,0,1,0,0,0,1,0,1,15,22,0,1,1,0,2,5,0,4,1,1,1,10,7,3,0,1,0,0,1,13,1,0,4,2,3,0,0,0,1,0,0,0,0,18,0,1,0,0,0,0,21,1,0,1,1,0,8,49,0,0,0,7,0,1,0,3,11,0,0,0,0,8,0,1,0,0,2,0,0,0,2,0,0,0,0,0,2,20,0,10,1,0,4,2,1,0,1,0,0,0,2,0,0,1,0,0,0,1,0,2,17,2,0,1,0,1,0,2,9,5,10,0,1,1,1,0,0,0,0,6,0,1,0,0,0,0,0
"ENSG00000286367.1",0,0,0,0,0,6,0,2,5,0,3,2,0,0,2,0,0,1,1,3,2,0,0,0,4,6,1,35,3,0,0,0,3,5,0,1,1,1,0,5,0,0,2,4,1,3,2,0,0,0,0,1,0,1,2,0,5,2,0,2,0,2,5,1,11,1,5,6,3,1,5,1,6,0,0,0,1,1,4,3,6,6,7,1,9,8,0,1,1,0,2,3,1,0,0,0,0,3,4,2,2,0,0,0,3,6,11,1,3,0,1,0,3,0,6,2,4,24,4,3,1,3,4,1,2,0,0,4,7,7,5,0,4,2,1,0,0,1,0,3,0,10,1,1,2,11,0,2,1,0,0,0,4,6,0,4,1,2,0,19,0,0,2,1,0,0,2,0,0,4,0,6,6,6,0,1,1,0,1,3,1,10,4,4,5,1,3,0,1,3,14,4,5,1,1,0,0,5,2,4,3,5,4,2,1,4,1,2,5,10,3,0,0,4,7,0,2,1,0,2,0,0,0,3,2,1,17,0,2,2,2,35,0,0,0,3,0,2,1,5,4,4,2,8,4,6,1,0,2,1,0,0,1,2,0,3,0,1,0,2,22,1,2,3,0,7,1,0,0,0,0,0,3,0,18,0,0,0,3,1,33,0,1,0,3,1,0,1,0,2,1,17,0,1,1,3,1,7,0,0,2,2,0,1,0,1,0,9,56,2,2,0,1,5,3,0,0,1,0,0,3,3,0,0,2,3,1,1,0,1,5,0,3,5,9,2,2,4,2,1,0,2,2,0,1,4,0,2,1,0,2,6,12,2,1,1,1,3,1,1,5,1,6,1,4,5,0,0,5,0,7,3,0,0,4,1,11,3,1,22,1,0,2,0,0,1,0,5,0,6,1,7,0,4,4,4,0,0,4,1,3,1,8,5,5,0,4,0,0,1,2,1,2,2,0,5,0,6,1,1,1,0,1,2
"ENSG00000286385.1",0,0,0,0,0,0,0,0,0,0,0,0,0,4,8,1,0,0,0,0,0,0,0,0,9,0,0,0,0,0,0,0,0,0,0,0,0,0,0,0,0,0,0,0,0,0,0,0,0,0,0,0,0,0,0,0,0,0,0,0,0,0,0,0,0,0,0,0,0,0,9,0,1,0,0,0,6,0,0,2,1,4,1,0,0,0,0,0,0,0,0,0,18,0,0,0,0,1,23,0,0,0,0,0,0,2,2,0,24,2,0,0,0,0,0,1,0,0,1,138,0,0,0,0,1,0,0,0,0,47,0,0,7,0,0,0,0,0,0,0,0,0,0,0,0,0,1,0,0,0,0,0,0,9,0,0,0,0,1,0,0,0,0,0,0,3,0,0,0,2,0,0,0,28,0,0,0,1,0,1,0,1,0,0,0,0,1,0,1,2,0,0,0,0,0,0,0,1,0,0,1,0,0,58,0,0,0,0,0,0,0,0,0,5,0,0,0,0,0,6,0,0,0,0,0,0,2,0,0,0,0,5,0,0,0,1,0,0,0,20,0,0,0,0,0,20,16,0,0,0,0,0,0,0,0,0,0,0,0,5,1,0,0,88,0,0,0,0,1,0,5,0,0,0,0,0,21,0,0,0,1,0,3,0,0,0,1,0,0,0,0,0,0,0,0,44,1,0,0,0,0,0,28,0,0,0,0,0,0,16,4,0,0,0,0,0,9,0,0,0,0,0,0,0,0,0,0,0,0,0,0,0,0,0,15,0,0,0,0,0,0,0,0,0,0,0,0,0,6,0,0,1,0,39,0,0,0,0,1,0,73,0,0,0,0,5,0,311,0,0,0,0,0,0,3,0,18,0,0,1,0,0,0,0,0,8,0,0,1,0,0,0,0,0,0,0,2,0,0,1,0,0,0,0,0,0,1,51,1,0,0,1,0,0,0,0,0,10,0,0,0,0,0,0
"ENSG00000286398.1",0,98,1,30,1,0,0,0,37,18,0,2,0,0,2,99,0,1,4,8,3,534,6,0,8,54,1,6,3,8,0,2,0,48,0,17,43,0,1,0,13,1,0,157,114,0,69,0,624,77,6,2,84,0,5,26,244,0,30,77,29,146,0,33,968,0,185,446,10,13,7,67,0,208,31,184,0,0,0,22,6,11,7,1,61,5,6,11,1,0,10,11,0,0,1042,190,423,1,0,38,30,206,5,3,2,0,3,180,1,0,0,96,8,26,0,11,9,0,0,0,3,15,74,0,112,111,94,128,1,4,17,191,14,3,26,236,0,229,0,14,103,1,4,66,0,16,0,0,0,0,280,222,0,252,163,5,1,52,0,4,10,2,209,2,1,5,1,2,175,2,236,0,2,83,1,3,5,1,10,21,404,2,0,0,66,21,3,43,0,4,6,0,0,2,73,0,302,1,1,50,2,186,0,294,392,1,11,9,13,114,26,4,2,0,10,0,18,0,1,0,203,34,0,19,132,29,4,9,34,6,34,44,53,3,115,85,308,6,50,75,0,32,103,3,0,3,0,48,9,62,13,0,281,1,146,96,364,0,0,14,8,63,1,1,76,0,2,32,7,366,1,136,0,272,2,0,0,398,75,1123,2,0,53,148,41,11,203,0,0,55,61,0,0,9,5,0,3,4,1,0,10,0,0,231,0,3,1,36,0,0,29,0,1,0,0,0,0,0,1,13,0,27,379,0,74,30,96,85,8,199,5,1,77,102,5,414,59,0,0,3,365,22,9,9,52,112,0,0,0,20,363,11,33,2,0,280,0,2,0,0,112,4,149,0,10,2,1,0,15,1,263,1,1,0,3,222,10,119,0,2,211,9,3,11,35,19,0,0,27,33,1,38,160,0,0,4,174,0,17,129,17,7,1,0,4,0,158,0,68,5,13,17,22,147,5,0,3,1,0,187,404,0,5,271
"ENSG00000286403.1",66,0,0,0,4,59,0,0,0,4,1,1,188,65,61,0,25,1,107,142,55,0,8,5,3,132,171,40,16,251,77,11,10,170,7,3,62,4,0,0,11,0,741,0,5,29,56,42,3,0,0,40,7,69,0,61,3,142,0,0,1,12,0,1,10,427,11,24,2,17,69,6,3,1,0,0,39,6,383,25,44,139,151,63,96,18,1,83,1,0,11,68,1,2,3,1,0,15,1067,0,8,0,1,3,113,86,14,0,372,526,62,3,5,0,23,31,492,180,35,17,3,41,0,3,3,17,5,51,94,2,78,1,18,0,15,0,0,2,1,118,2,57,187,8,52,13,21,639,655,21,0,2,5,1,6,1,4,1,85,18,12,105,37,215,414,10,92,60,21,17,140,35,14,0,1,78,0,1,9,0,0,79,218,4,349,97,108,0,479,0,1,4,12,3,34,7,10,93,0,29,0,1,118,22,1,92,1,6,16,2,4,189,78,233,163,0,0,4,50,997,0,2,52,1,0,1,6,88,0,50,6,3,70,0,2,33,3,0,109,2,3,10,3,8,2118,2,1,4,164,0,0,0,2,9,1,3,1,5,19,329,1,74,43,446,10,11,10,0,0,1,2,0,132,0,2,283,0,0,0,0,6,74,0,0,1,90,0,1,291,2,1,0,0,24,95,346,176,1,5,13,99,13,56,0,33,1,105,2,0,15,0,68,0,1,313,18,14,27,2,4,65,5,0,604,1,7,2,0,3,1,11,10,11,107,9,2,0,12,1,36,0,0,232,18,0,0,57,10,1,0,1,374,0,23,65,1,747,11,219,107,118,2,48,40,6,55,188,366,5,2,0,119,25,15,9,35,16,1,0,0,201,10,932,1,2,4,14,2,121,2,1047,0,4,10,3,32,10,173,3,0,41,5,16,0,46,2,53,230,0,4,6,11,3,4,16,0,0,7,23,1,1,0,8,1
"ENSG00000286448.1",6,0,0,126,12,15,825,1,0,0,0,1,0,7,86,0,30,3,0,0,5,0,166,4,0,10,2,48,3,14,2,74,245,109,117,0,41,43,2,0,0,31,76,1,14,298,13,9,0,2,8,23,0,14,0,237,0,2,0,1,3,84,0,0,0,7,2,2,132,113,9,159,0,0,4,0,27,0,68,3,158,59,2,5,3,9,41,67,0,6,68,52,8,117,3,1,0,5,8,1,2,0,12,0,0,1,2,0,6,2,35,0,4,11,3,13,2,9,1,2705,52,755,0,4,277,0,1,124,5,71,5,0,741,141,132,0,0,0,20,1,0,6,22,0,0,27,93,6,16,0,0,0,3,2,9,1,5,9,16,16,0,1,199,9,4,4,130,6,0,2,0,1,26,67,230,0,21,47,0,3,0,68,6,1,0,3,0,2,13,0,0,1,32,748,69,4,0,288,0,64,7,30,29,51,0,1455,3,85,109,1,14,4,760,38,0,0,0,37,21,726,0,0,27,108,0,0,0,0,702,13,52,0,93,102,2,710,0,2,86,3,0,158,0,1,72,2,38,0,30,0,0,0,0,1,0,0,0,2,29,23,25,21,1,1,0,8,64,0,16,0,296,0,142,0,16,0,17,0,1,34,10,497,1,1,0,11,0,2,16,179,2,0,1,201,171,4,0,0,0,1,0,1,0,0,172,6,0,0,7,4,0,1,0,63,116,4,78,14,0,138,0,0,0,9,186,1,0,1,463,0,165,3,28,2,3,0,1,73,0,0,0,545,46,1,576,23,0,85,12,0,0,1,0,22,0,0,23,0,14,0,4,0,57,4,0,0,547,44,2,142,0,5,82,5,144,3,58,1,0,11,0,33,6,2,0,697,7,3,20,1,30,0,0,2,0,6,63,5,1,0,0,1,2,1,10,0,39,318,1,0,62,6,3,2,28,0,10,1,0,0,0,0,0,0
"ENSG00000286463.1",1,5,7,0,0,0,0,0,8,0,0,0,0,0,1,1,0,2,0,1,0,6,0,0,0,7,0,2,0,0,0,0,0,0,2,0,1,0,0,0,0,0,0,0,3,0,0,1,6,0,0,0,2,0,1,2,4,0,1,0,1,3,5,2,0,0,3,1,0,0,0,4,1,3,1,3,0,1,0,0,1,1,2,0,0,0,0,0,1,0,0,1,0,0,0,3,5,0,0,0,2,1,0,2,1,2,3,0,0,0,0,11,0,1,0,1,0,2,0,0,2,0,5,0,1,10,0,0,3,0,0,6,0,0,0,8,0,7,0,0,1,0,0,4,0,1,0,0,0,0,0,3,5,3,2,1,0,0,0,1,3,0,5,0,0,2,1,0,12,1,0,1,0,6,0,0,0,0,3,3,4,0,0,1,0,0,2,0,1,1,0,0,0,0,0,0,2,0,0,0,1,6,0,0,4,0,11,0,1,0,1,0,0,1,0,0,0,0,0,2,0,0,0,0,2,0,1,3,0,0,2,0,0,0,1,0,2,3,0,0,0,0,10,1,0,0,0,12,2,0,1,0,1,1,7,6,4,0,0,5,0,0,0,1,1,0,0,2,2,1,1,3,0,3,4,0,0,4,3,1,21,1,1,10,5,0,0,1,0,0,2,1,0,0,1,0,0,1,4,2,1,0,0,8,0,0,0,1,1,1,0,0,1,0,0,1,0,0,0,1,0,0,2,0,0,2,3,0,1,2,0,1,1,5,3,2,0,1,0,0,5,4,0,0,1,2,0,0,0,1,12,0,1,0,0,1,1,0,0,0,0,1,1,0,1,0,0,0,1,0,3,2,0,0,0,1,0,0,2,6,2,0,6,2,0,0,0,0,0,1,0,0,0,0,2,0,3,0,0,0,1,0,0,1,2,0,0,0,1,0,1,9,11,2,1,0,0,0,0,2,1,1,0,4
"ENSG00000286472.1",14,0,0,1,10,1,0,0,0,1,0,1,2,1,5,0,1,0,2,2,2,0,1,3,4,2,0,1,0,1,4,13,0,1,1,0,0,0,0,3,1,10,1,1,0,3,0,0,0,0,1,7,1,2,0,3,0,0,0,0,0,1,9,1,0,2,0,2,6,0,5,0,2,0,0,1,4,0,0,3,5,1,1,0,2,1,0,5,0,0,2,5,1,0,0,0,3,1,3,1,0,2,3,2,0,3,0,0,3,2,5,0,0,121,3,1,4,1,6,0,0,1,0,0,3,0,0,1,8,13,0,0,4,0,0,0,0,0,0,0,0,0,1,1,9,3,3,9,4,9,1,2,3,1,1,0,0,5,2,5,0,2,2,3,0,0,1,0,0,7,0,0,2,6,0,0,0,0,5,2,0,6,4,17,0,0,3,0,2,1,0,0,1,0,0,1,0,0,0,25,0,1,1,2,0,0,0,2,0,0,1,1,2,1,7,2,2,0,1,1,0,0,0,1,1,0,1,2,0,6,0,1,0,0,0,2,0,0,0,1,0,2,0,1,4,1,0,0,8,2,1,0,1,4,0,0,0,0,1,2,0,0,3,0,0,1,0,1,4,0,1,0,0,0,2,0,1,0,0,0,4,0,0,0,5,0,0,0,0,0,0,0,0,0,0,0,2,0,0,7,7,0,0,0,0,0,0,0,2,2,0,3,0,1,1,0,1,1,0,0,4,4,0,18,0,4,0,0,0,1,0,0,0,2,3,0,2,9,1,0,0,0,2,1,1,0,1,0,0,0,0,22,4,3,2,0,2,5,1,11,0,0,0,19,9,2,0,5,0,0,0,0,0,1,1,0,1,0,0,2,0,3,0,0,0,0,0,2,1,4,7,1,0,4,0,5,10,0,5,0,3,8,2,1,0,0,1,1,0,0,2,0,0,0,0,1,0,1,4,3,1,0,0,0
"ENSG00000286473.1",0,1,0,0,0,2,0,0,0,1,0,1,0,0,0,0,0,0,0,2,0,0,0,0,0,0,0,0,0,0,2,6,0,0,0,0,1,0,0,0,0,2,3,48,0,0,0,0,0,0,0,1,0,5,0,1,7,0,0,0,0,3,0,1,0,0,0,40,0,0,0,0,0,0,0,0,0,0,0,2,8,2,0,1,0,0,0,39,0,0,0,2,1,0,5,2,1,0,26,0,0,7,0,3,0,12,0,0,2,1,1,0,0,0,0,0,0,2,0,3,0,0,0,0,0,0,0,0,0,1,1,0,0,0,0,0,0,0,0,0,0,0,1,0,1,0,0,0,0,0,0,0,1,1,0,0,0,0,1,1,0,0,2,0,0,1,2,0,0,0,0,0,0,1,0,0,0,0,0,0,0,1,0,1,1,0,0,0,2,0,0,0,0,1,0,0,0,0,0,1,0,1,0,1,0,2,0,0,0,1,0,0,2,8,1,0,2,0,2,15,0,1,0,0,0,0,810,0,0,0,1,1,0,2,0,0,1,0,0,0,0,0,2,1,3,0,0,21,0,235,0,0,0,0,0,0,0,0,0,1,1,0,0,25,0,0,0,0,1,0,0,0,1,0,0,0,1,0,2,1,0,0,2,1,0,0,0,0,0,0,0,0,0,0,0,4,4,1,0,0,1,0,5,0,0,0,0,0,0,3,56,0,1,0,11,27,16,4,0,0,0,1,0,0,0,1,0,5,0,0,42,0,0,1,0,0,1,0,1,0,0,1,1,1,4,0,0,0,0,0,0,0,0,35,0,0,6,0,1,1,0,0,330,2,0,0,0,3,97,0,0,0,1,0,1,2,3,0,0,0,0,0,1,0,0,0,0,0,0,0,0,3,0,0,0,0,0,1,3,0,0,0,1,0,2,0,0,0,0,0,0,0,0,0,0,0,0,4,0,0,1,1,1,0
"ENSG00000286480.1",0,0,3,0,0,3,1,10,0,0,0,0,0,51,0,0,4,0,0,0,0,0,3,0,0,1,0,3,0,1,0,0,0,2,11,6,2,0,0,0,0,12,0,0,1,0,0,0,0,0,0,0,0,2,1,0,0,2,0,1,0,9,2,0,0,3,0,0,12,3,22,0,0,0,0,1,0,1,1,0,0,3,7,0,6,1,0,1,8,0,0,0,0,0,0,1,1,0,1,4,0,0,30,0,3,0,34,1,5,0,1,0,2,3,0,0,2,1,18,14,1,0,0,0,4,1,0,0,2,0,1,0,9,0,0,0,1,0,0,0,0,6,0,0,1,23,0,1,1,0,0,2,5,1,0,0,1,1,0,0,0,0,0,1,1,5,3,2,4,1,1,0,2,5,0,0,0,2,3,0,0,2,0,0,2,0,9,0,6,0,0,1,0,0,0,9,0,0,0,0,0,16,1,0,0,0,2,1,0,2,0,0,3,8,11,0,0,0,3,0,0,2,0,0,0,0,0,3,0,1,1,1,2,0,2,0,0,1,0,0,1,0,2,1,21,1,0,0,1,0,0,0,0,0,0,0,0,0,0,9,1,7,4,0,0,1,1,0,0,0,2,0,1,0,2,0,1,0,0,0,1,0,0,0,0,0,0,0,0,3,1,0,0,1,2,11,0,3,0,2,0,0,1,0,8,0,0,1,2,0,0,0,0,0,1,53,0,0,2,0,1,5,0,2,0,1,1,0,0,0,8,0,0,0,2,0,1,27,0,0,0,0,0,0,2,0,0,0,1,0,0,63,0,1,0,0,0,2,18,0,53,0,0,2,2,0,0,0,0,0,2,0,0,0,0,1,0,0,0,1,3,51,0,0,1,0,0,1,0,3,0,0,0,0,0,2,0,1,2,0,0,3,11,0,1,0,24,1,0,3,1,0,0,0,1,0,0,4,0,0,0,3,3,0
"ENSG00000286517.1",0,1,0,0,0,0,0,0,0,0,0,0,0,5,0,1,0,0,0,2,0,3,0,0,0,0,0,0,0,0,0,0,0,1,1,0,0,1,0,0,0,0,0,0,0,4,0,0,2,5,2,0,4,0,0,0,0,0,0,0,1,0,0,0,8,1,0,0,0,2,1,0,0,0,0,0,0,0,0,0,0,0,0,0,0,0,0,0,1,0,1,0,0,0,0,0,0,0,0,1,0,0,30,0,0,0,0,10,1,0,0,0,3,0,0,0,0,0,0,0,0,0,0,0,0,1,0,0,0,0,0,4,0,0,0,5,0,1,0,0,0,0,0,0,0,0,0,0,0,1,1,6,0,0,0,0,76,1,0,1,0,0,0,0,0,2,2,0,0,0,0,0,0,0,0,0,0,1,1,0,4,85,0,0,0,0,0,0,0,0,0,0,1,0,0,0,14,0,0,0,1,0,0,0,9,0,0,1,0,0,0,0,0,0,0,0,0,0,0,0,0,0,0,0,0,1,0,0,0,0,0,0,1,1,0,0,11,0,0,2,0,0,0,0,0,0,0,0,0,0,0,0,3,1,6,0,0,0,0,0,0,0,0,1,8,0,0,0,0,2,1,10,0,6,0,0,0,23,0,1,0,0,0,8,3,0,13,0,0,0,4,0,1,0,0,0,0,0,0,1,0,3,1,5,2,1,0,2,0,0,0,0,0,0,0,1,0,1,1,0,0,0,17,0,25,0,0,0,0,20,0,1,0,0,0,7,0,33,0,14,3,0,0,1,0,0,0,0,0,0,7,1,0,0,0,8,0,1,0,0,0,0,0,0,0,0,1,0,0,0,0,0,2,1,0,0,0,0,0,0,0,0,0,0,3,0,0,0,3,0,0,0,1,0,0,0,0,0,1,0,0,0,0,0,1,0,6,0,31,0,0,0,2,17,0,0,0,0,1,1,2,0,0,13
"ENSG00000286519.1",107,0,0,0,64,31,0,0,0,34,14,10,55,122,19,2,90,15,15,84,43,0,76,17,0,1,20,1,7,43,161,0,14,0,5,0,0,4,34,8,0,56,41,13,5,10,3,10,3,1,19,21,1,34,3,0,3,37,0,0,2,7,12,1,0,33,0,11,89,15,0,7,2,2,30,1,64,22,24,0,0,0,60,7,25,54,10,1,0,0,107,19,78,163,13,1,1,0,21,2,3,1,38,6,7,30,1,1,32,50,44,0,0,0,23,0,126,0,152,9,0,0,0,23,38,2,1,0,19,64,3,1,0,0,10,1,7,1,23,1,0,79,14,0,93,44,61,65,25,69,0,0,12,4,0,6,3,104,1,0,0,22,0,76,153,0,11,169,2,53,8,0,4,2,10,15,12,13,15,0,0,57,10,41,0,16,0,3,14,0,6,7,48,23,0,72,3,18,0,59,0,0,61,7,0,0,0,9,9,0,18,93,37,11,22,15,5,0,2,21,0,2,115,9,3,1,9,0,7,7,101,1,4,1,0,15,0,4,0,6,20,17,0,33,109,42,0,5,0,0,0,29,0,124,0,0,0,178,5,0,5,0,71,199,0,46,39,1,0,0,1,0,113,1,1,81,29,1,0,21,0,8,0,1,7,32,0,12,152,35,2,4,104,9,11,0,0,4,0,12,39,45,70,2,3,0,1,1,8,1,19,147,0,31,32,94,0,91,3,6,94,71,1,205,0,16,7,0,2,0,1,7,0,2,28,3,1,37,8,4,0,0,10,51,7,0,0,147,0,0,0,84,4,0,7,0,305,130,63,168,0,3,3,296,150,0,8,123,1,0,0,24,0,31,0,24,0,3,1,0,0,0,32,16,4,11,77,18,3,22,76,19,1,66,44,25,7,254,17,2,5,48,20,16,5,0,49,71,0,1,1,1,0,0,24,16,0,42,42,5,1,0,2,0
"ENSG00000286522.2",0,0,4,9,1,1,18,5,17,3,1,5,9,27,60,3,1,15,28,1,0,0,7,1,1,11,3,26,1,2,0,106,2,6,1,7,12,0,13,7,0,12,11,324,1,1,19,14,0,11,7,14,15,17,61,12,2,0,28,45,4,17,1,16,1,12,4,1,6,23,6,11,2,0,1,0,13,4,22,16,15,6,43,1,9,7,1,22,4,0,10,17,1,123,4,0,68,5,1,17,2,3,26,15,2,8,20,2,49,9,1,1,1,21,5,9,5,10,8,39,14,34,3,4,3,0,0,28,3,5,1,0,11,2,10,0,0,0,5,0,0,2,4,7,0,27,25,6,6,1,1,0,9,3,5,0,10,10,431,22,44,11,18,2,3,1,5,19,12,60,0,8,38,38,52,2,6,25,3,5,2,10,4,48,4,7,3,3,13,12,6,93,9,40,11,43,1,10,32,26,8,39,5,16,1,17,0,7,5,11,4,39,51,1,9,0,19,9,10,24,0,8,6,49,0,0,10,18,3,1,19,0,1,13,4,17,1,73,25,5,53,3,37,19,11,20,4,74,4,5,1,3,0,0,5,4,0,0,1,68,292,65,5,5,0,2,3,0,71,3,55,0,10,15,0,13,30,0,23,30,76,11,2,0,15,4,0,11,5,0,0,8,1,42,0,25,14,106,5,0,27,0,23,0,7,1,8,4,11,14,1,7,28,11,3,5,5,8,13,10,3,3,0,4,10,11,1,62,16,4,9,1,0,5,30,0,16,8,1,37,0,21,0,3,51,14,0,1,6,0,2,80,1,18,11,0,0,25,5,1,12,14,3,13,0,3,4,18,34,3,68,1,3,8,7,0,0,0,3,330,8,96,12,2,2,6,2,8,15,6,9,53,2,8,5,5,84,9,2,1,7,3,5,11,32,0,14,13,12,31,11,6,1,4,4,0,0,22,4,2,0,0,80,0
"ENSG00000286523.1",0,0,0,34,0,1,4,0,51,1,0,1,10,21,32,1,23,55,0,0,129,11,0,2,2,0,39,93,0,57,1,71,55,5,46,0,33,0,49,215,0,0,102,208,13,19,21,17,2,0,0,41,0,75,1,0,4,44,57,1,1,60,59,2,37,0,0,27,47,51,116,33,73,2,35,1,0,11,49,20,115,52,0,9,2,0,0,30,1,17,1,10,78,0,0,23,6,0,55,79,48,5,22,2,15,0,124,0,5,0,1,28,0,0,0,0,1,50,1,9,41,0,0,0,5,38,8,1,0,1,1,1,1,4,4,1,0,2,0,0,0,1,94,2,0,52,32,0,0,0,1,5,2,0,60,52,0,157,104,75,0,0,207,53,0,44,55,1,166,3,35,43,0,0,0,3,0,0,5,1,9,10,86,61,1,59,0,1,1,14,0,0,43,116,0,0,3,0,0,0,29,49,54,168,1,19,0,109,13,0,0,56,43,1,29,0,0,28,33,187,0,20,0,38,0,3,169,1,0,165,1,83,36,56,0,66,1,18,61,52,0,2,4,0,50,0,54,35,151,2,1,0,0,0,9,72,2,0,1,96,105,156,0,124,25,51,17,9,66,1,27,0,26,1,62,71,14,0,32,31,182,0,71,3,0,0,1,1,35,48,1,39,0,4,48,75,1,51,0,0,60,0,0,4,11,0,18,65,13,13,1,0,0,0,4,0,21,0,0,24,3,0,0,1,87,0,3,1,22,2,6,0,34,125,0,3,0,73,0,0,0,98,0,2,118,67,0,0,3,0,3,0,0,0,42,1,0,0,0,45,115,33,84,0,0,0,8,155,58,0,0,86,28,1,83,0,0,0,2,141,3,138,71,0,0,1,0,82,29,149,63,335,0,0,0,0,101,0,2,5,0,0,0,0,85,0,2,78,0,0,32,15,59,1,0,0,17,182,1,6,1,0,1,0
"ENSG00000286540.1",100,0,4,15,42,41,77,2,2,1,2,15,10,73,40,6,17,99,4,20,0,2,23,43,16,62,130,64,76,71,9,59,4,105,55,0,98,25,8,13,114,5,0,103,2,0,0,80,2,1,18,51,4,5,0,16,2,0,310,44,15,74,0,47,60,0,21,28,4,19,150,22,42,1,0,0,39,9,19,63,16,85,0,0,23,3,28,1,117,17,0,5,79,19,0,3,0,50,28,1,4,0,0,10,7,153,15,0,31,61,0,2,14,23,2,111,2,17,179,61,1,55,0,86,59,7,10,63,29,147,93,0,64,2,8,1,0,1,121,57,0,2,74,7,45,19,33,71,0,0,0,2,41,125,21,13,59,51,128,59,81,0,48,36,2,131,47,5,62,28,27,88,4,40,2,29,60,44,0,79,2,120,41,6,90,11,79,6,53,16,0,35,0,7,28,90,2,7,0,0,17,7,9,325,1,36,1,7,49,12,3,14,111,192,46,9,1,114,85,46,2,36,82,1,0,0,5,74,17,21,122,58,3,1,7,13,1,31,22,211,24,1,1,2,0,1,38,0,3,31,2,0,3,107,6,1,1,31,53,108,37,62,17,144,5,8,0,2,28,4,11,5,25,5,75,0,45,0,0,6,6,21,134,5,0,22,2,0,0,71,1,5,0,96,33,4,27,1,7,1,2,110,18,0,11,0,61,98,23,74,96,0,18,7,8,28,109,6,0,73,0,4,2,0,67,0,1,17,129,0,4,14,46,17,80,1,1,0,1,0,2,46,90,0,19,102,116,52,23,2,2,78,2,15,1,6,0,0,77,4,84,96,30,1,1,18,2,2,2,36,0,154,81,1,212,64,69,4,3,26,20,41,214,0,1,42,65,18,19,0,4,0,3,3,0,0,24,1,13,0,41,50,11,0,3,1,39,69,50,35,31,22,96,1,36,0,37,110,26,3,1,28,0,3
"ENSG00000286546.1",3,3,0,1,31,1,5,0,2,0,0,1,14,1792,69,6,1,1,0,3,1,0,1,6,4,0,0,66,37,5,19,51,0,0,9,0,23,64,0,0,0,39,1,0,3,1,1,8,3,1,0,5,6,16,2,122,1,0,2,2,0,2,0,13,0,0,0,0,0,22,226,0,0,0,0,1,239,26,2,10,0,112,0,9,11,0,0,0,2,0,4,39,0,1,1,0,0,0,96,6,2,0,11,0,0,1,3,2,633,1,0,15,0,0,13,0,43,0,0,9,0,24,0,0,0,1,8,0,0,766,9,1,644,2,0,2,0,0,57,0,5,13,322,3,152,1,20,0,383,11,3,2,0,0,0,0,1,2,0,5,6,1,19,1,504,4,1,53,2,77,193,6,0,792,0,0,1,1,1,0,0,0,0,0,0,3,0,2,0,36,0,3,971,1,26,0,1,0,0,1,0,11,1,1400,1,2,0,30,1,0,4,35,80,1,18,120,0,0,34,17,1,1,0,1,6,2,0,2,0,0,0,0,5,4,0,0,0,1,1,1,0,0,0,0,432,0,0,0,0,0,2,0,2,29,2,0,0,0,0,64,3,41,116,859,7,0,155,0,85,5,5,5,99,1,0,1,84,2,0,4,39,276,0,1,0,2,0,2,381,0,8,0,470,0,2,1,2,1,0,8,2,0,2,0,3,1,0,2,2,3,0,159,0,7,4,1,1,142,0,2,1,1,1,38,1,0,11,0,1,0,2,0,50,0,0,5,0,10,0,1,1,0,1,46,23,0,0,0,113,0,1,973,1,12,0,3,283,2,474,254,0,0,0,2,89,1,0,0,0,0,0,0,13,3,5,0,1,10,0,25,0,32,0,0,8,0,6,128,1,0,56,0,5,2,26,2,1,60,27,1,0,0,0,0,2,2,4,2,0,2,4,0,0,6,0,0,20,66,4,6,2,0,1,7
"ENSG00000286557.1",0,0,0,0,0,0,0,0,0,0,1,22,5,1,0,2,0,0,13,0,1,0,0,0,1,0,1,0,0,0,0,0,0,0,0,0,3,0,25,21,0,0,0,13,1,0,0,0,0,0,1,1,1,6,94,0,6,0,2,0,9,0,5,0,1,1,0,159,0,0,0,0,0,0,0,1,1,0,1,0,9,0,1,0,1,0,0,1,0,1,1,4,0,0,9,0,12,0,6,1,0,0,0,17,0,1,0,0,0,0,0,0,0,0,0,4,0,2,0,9,1,0,0,4,1,0,0,0,1,0,0,0,1,0,0,0,28,0,0,0,0,1,0,0,0,1,1,0,1,0,0,0,0,0,0,2,0,0,6,0,2,2,0,0,0,0,0,0,0,0,1,0,27,0,0,3,2,4,0,40,0,0,1,0,5,0,0,0,1,0,0,0,0,3,0,0,0,1,0,0,0,0,0,0,0,3,1,0,0,0,0,1,0,0,0,0,0,7,0,5,0,0,0,0,0,2,8,0,0,9,2,0,0,3,5,3,0,5,0,0,0,0,6,0,3,11,1,5,3,2,0,0,0,0,0,1,0,0,4,0,0,0,1,1,0,0,0,0,0,0,0,0,0,0,0,0,0,0,8,0,0,14,0,0,6,0,0,0,0,0,0,0,0,8,23,0,0,4,0,0,0,0,1,0,0,0,1,0,0,16,22,0,1,0,0,0,49,1,0,0,2,0,0,0,0,0,1,25,1,1,38,0,1,0,45,0,23,0,26,0,1,12,0,0,0,0,3,0,0,0,0,0,0,4,4,0,3,0,0,0,0,0,5,0,1,0,0,0,1,0,0,9,0,3,0,0,0,0,0,0,0,0,0,0,0,0,2,1,0,0,0,16,1,0,0,0,6,6,4,0,0,0,0,2,0,0,0,0,0,0,1,0,0,0,0,0,0,1,0,0,0,0,43,0
"ENSG00000286575.1",1,2,2,4,13,31,0,6,4,1,6,12,13,5,9,1,5,10,35,18,3,3,5,8,10,9,4,41,5,2,6,2,8,4,12,5,1,3,19,30,2,4,45,7,6,4,14,2,0,8,11,2,13,9,8,12,1,37,7,23,3,7,72,5,2,25,5,1,29,40,17,8,14,0,7,3,19,43,11,2,23,17,56,7,2,50,2,14,19,0,23,21,13,0,1,0,3,4,2,2,0,7,10,3,2,61,35,4,33,15,28,3,19,3,6,4,54,46,12,7,4,21,8,9,3,3,1,16,86,8,9,2,4,2,5,3,53,5,18,4,0,23,14,2,6,30,5,38,10,2,1,3,12,4,3,5,7,9,12,23,4,6,15,22,5,2,10,8,21,7,4,13,6,54,5,2,5,12,3,12,1,16,26,51,0,1,14,7,12,10,41,1,82,10,7,36,4,3,10,92,6,20,42,26,2,13,8,23,5,16,31,45,2,14,34,0,8,2,4,30,4,0,2,35,7,4,29,17,1,14,68,22,2,5,0,7,0,5,3,4,23,11,5,56,27,3,8,0,10,20,0,4,2,13,6,10,2,12,7,19,22,4,10,15,0,126,10,1,32,2,4,2,7,0,18,17,1,0,2,0,35,5,0,0,9,4,3,7,0,3,6,19,2,14,6,18,9,3,1,9,34,5,10,2,1,2,3,25,34,32,2,27,34,14,8,2,3,1,24,8,18,16,0,59,11,50,2,5,1,3,3,8,2,0,4,5,19,4,3,2,0,1,11,3,4,1,6,8,1,2,1,57,27,18,8,3,11,21,9,17,4,0,3,16,7,28,6,7,1,3,6,21,1,5,43,3,52,7,2,50,5,17,5,2,4,1,13,11,1,13,26,3,1,42,50,37,20,5,2,0,9,15,28,13,6,3,19,6,0,9,10,7,23,1,1,16,6,1,16,8,1,5,3,0
"ENSG00000286581.1",0,0,0,0,0,4,7,0,1,0,0,0,2,12,2,0,3,1,0,0,0,0,0,1,0,1,0,2,0,0,1,0,1,5,0,0,0,0,0,0,1,0,0,8,0,17,0,2,1,0,0,0,0,4,0,1,1,5,3,1,0,0,0,2,0,0,0,8,0,1,1,3,0,0,0,0,3,4,5,2,0,0,0,1,0,0,0,1,0,3,0,0,1,16,0,0,2,0,0,0,0,4,2,0,0,0,6,1,26,13,15,0,0,0,11,0,0,54,9,0,0,3,0,2,1,0,0,0,0,0,0,0,1,0,1,0,0,0,5,2,0,1,0,0,1,0,3,0,0,0,0,1,1,0,0,0,0,0,0,0,0,0,0,2,1,0,0,1,5,10,3,3,0,0,1,0,1,1,0,0,0,6,0,2,0,0,4,0,1,3,0,0,5,0,1,0,0,0,0,11,0,5,0,2,0,0,0,0,1,6,0,0,0,8,4,0,0,8,0,0,0,0,0,0,0,0,2,8,0,1,0,0,0,0,5,0,0,0,11,0,25,1,2,4,1,0,0,0,2,0,0,0,0,0,0,0,0,0,0,0,8,2,0,37,0,18,1,0,0,0,2,0,1,0,0,0,2,0,3,0,0,0,5,0,0,1,0,0,2,0,0,0,0,0,1,16,0,0,0,0,1,2,6,0,3,0,0,3,1,5,0,3,0,0,0,0,0,0,0,15,0,0,0,1,0,3,0,1,1,1,0,2,0,2,0,0,0,40,0,0,0,1,17,0,0,0,1,0,2,0,0,0,0,0,0,0,3,0,0,0,0,0,3,0,0,0,0,15,0,0,5,0,0,0,1,0,0,0,0,0,0,1,0,0,0,0,0,0,26,0,1,7,0,8,0,4,1,11,0,0,0,0,1,0,0,0,0,0,0,0,0,0,0,0,0,0,1,0,0,0,0,0,0,0
"ENSG00000286592.1",33,0,0,4,0,6,18,2,0,0,0,7,1,0,1,0,1,0,24,0,6,0,1,0,0,0,0,2,2,0,1,3,4,13,0,0,7,1,0,0,0,0,2,15,0,0,0,4,0,0,0,0,2,6,0,14,0,0,11,0,30,0,0,3,0,1,0,13,2,0,7,8,1,1,0,0,30,0,1,5,30,63,0,1,3,0,5,4,0,0,9,0,7,0,3,0,3,21,0,0,0,0,0,0,0,0,0,0,34,1,6,0,0,43,5,0,2,0,0,38,7,10,0,0,3,0,0,0,1,0,0,0,1,1,0,0,0,0,0,2,0,0,2,0,0,0,0,0,9,0,1,1,0,0,0,0,0,1,1,10,0,2,9,5,18,4,10,0,0,1,9,0,0,41,0,0,0,0,1,0,0,4,2,0,2,1,1,0,0,3,8,10,0,6,1,0,0,0,0,1,0,0,1,57,0,0,0,0,2,0,0,1,0,0,0,0,12,0,2,29,0,0,9,0,0,0,1,0,0,0,1,0,0,0,2,69,0,3,42,0,0,8,14,0,0,13,11,3,1,0,0,0,0,2,0,0,0,3,1,0,28,113,0,1,0,0,1,0,9,0,1,0,0,0,1,9,0,0,11,2,10,0,3,1,0,2,0,0,0,0,0,1,1,0,22,0,0,1,7,0,0,0,5,3,1,0,0,0,0,0,0,0,0,1,0,5,0,0,0,8,0,5,0,10,0,1,0,0,28,0,0,2,0,4,0,1,1,0,0,0,0,3,0,0,0,0,2,0,0,2,0,0,0,1,0,0,4,2,7,0,17,0,0,2,0,0,0,5,9,1,0,2,0,0,0,4,1,0,0,0,1,9,10,0,0,1,18,1,2,0,0,15,0,4,0,0,20,6,0,0,0,0,7,0,3,0,0,0,0,0,0,0,0,0,13,1,2,11,0,0,0,0,0,0
"ENSG00000286598.1",1,0,3,0,0,0,0,0,0,0,2,1,0,1,0,1,0,1,0,0,23,0,1,0,0,0,0,0,0,0,0,0,0,1,1,0,107,0,0,0,0,0,0,1,2,0,0,1,0,0,0,0,1,0,0,0,6,0,0,0,0,0,0,0,0,0,0,2,0,0,1,9,0,0,4,0,1,0,0,1,86,0,0,1,0,0,2,1063,3,8,1,62,0,6,47,1,16,0,0,0,1,2,0,0,0,1,0,0,1,0,1,2,8,2,0,9,0,0,0,92,203,0,0,1,1,0,4,2,0,0,0,0,0,1,1,0,0,0,0,0,1,1,0,2,4,0,0,0,1,0,1,0,0,2,0,33,0,0,0,0,0,8,1,0,0,0,0,1,0,1,0,0,9,1,13,0,0,0,1,13,0,1,0,0,74,2,1,1,0,0,0,0,0,0,7,0,0,0,0,0,0,0,0,0,0,0,1,1,0,0,2,0,0,0,0,0,400,0,0,5,0,0,0,0,2,0,1,0,0,1,0,0,1,6,0,114,1,0,0,0,2,1,138,1,0,0,0,45,6,0,0,0,1,0,1,0,0,0,114,0,1,1,1,0,1,1,0,0,0,0,0,1,0,0,1,0,0,1,10,2,0,0,0,1,0,0,0,1,0,0,1,1,1,0,236,0,0,388,0,1,1,0,0,3,0,1,0,0,0,53,0,0,1,8,11,0,0,0,6,0,1,0,0,0,0,0,3,0,3,2,6,0,0,1,9,3,0,0,0,0,0,0,2,1,0,0,617,0,0,0,1,3,0,0,0,0,0,0,0,0,0,0,15,0,0,0,0,0,5,0,0,1,0,0,0,1,0,1,0,0,0,0,0,1,0,0,0,10,0,0,0,3,0,0,0,0,9,0,0,0,0,0,9,6,50,0,0,0,1,1,0,0,0,0,0,0,0,0,0,0,0,0,42,0
"ENSG00000286610.1",0,0,0,0,16,0,24,4,0,1,0,2,0,26,56,2,0,1,0,3,0,1,2,0,8,0,0,0,26,12,655,3,13,1,6,0,13,0,2,1,0,0,0,0,1,0,0,9,0,0,0,21,1,8,0,0,0,0,8,0,0,7,0,1,0,1,2,1,0,0,32,0,2,0,0,1,1,0,3,1,7,11,0,3,7,0,0,0,2,1,0,0,7,0,3,2,0,5,15,1,1,0,0,0,1,1,1,0,34,1,3,2,0,4,4,1,23,2,8,79,0,0,0,0,6,0,1,19,0,10,0,1,53,0,0,1,0,0,19,2,0,61,7,1,2,30,0,2,126,0,2,0,0,13,1,0,0,0,3,7,0,0,0,0,187,4,10,0,0,1,0,3,0,9,0,0,0,27,1,0,0,0,0,6,7,0,14,1,0,0,0,1,1,20,2,2,0,0,0,0,0,1,9,0,2,23,1,0,13,0,0,15,73,8,6,0,0,0,2,0,0,17,0,0,0,0,0,0,0,1,0,0,0,0,2,0,0,0,1,2,3,0,0,0,3,1,9,0,0,0,0,0,0,3,0,1,0,0,0,7,9,5,1,9,0,0,1,2,9,1,6,1,52,3,0,2,95,0,0,4,1,0,0,1,0,12,0,0,56,0,2,0,3,18,1,54,2,0,0,0,3,0,20,0,34,0,0,2,1,2,5,49,1,0,0,0,7,2,0,9,0,1,0,1,0,0,2,0,0,0,11,0,3,0,4,0,0,0,0,0,0,0,0,0,9,2,1,0,5,0,1,3,0,38,0,0,71,0,0,0,2,1,0,47,9,0,0,2,0,3,0,0,3,0,15,0,18,1,1,0,3,0,0,0,0,0,1,1,1,0,54,1,1,1,1,0,1,39,4,0,0,0,0,1,0,1,1,24,1,0,1,11,1,0,1,0,8,0,22,3,0,0,0,0
"ENSG00000286614.1",4,0,1,0,1,0,2,0,3,1,0,2,0,18,8,0,0,2,0,0,1,0,1,0,4,0,5,2,0,10,1,1,0,0,1,0,5,0,6,2,1,2,2,0,0,0,1,4,0,1,1,15,0,3,0,0,0,0,1,0,0,4,1,1,0,0,1,0,0,0,11,0,0,0,0,0,2,1,7,3,4,3,14,0,6,0,1,2,0,2,0,2,4,10,0,0,0,3,1,0,0,1,0,0,0,1,0,0,69,5,2,0,0,1,0,5,0,0,4,1,1,4,0,0,1,0,0,2,0,1,0,0,4,0,0,0,0,0,0,1,0,0,3,0,0,1,1,0,6,0,0,0,0,0,0,1,1,0,1,2,2,0,0,0,0,1,0,0,0,5,0,2,0,14,0,0,3,1,0,6,0,0,5,1,0,0,10,0,2,3,0,1,4,4,1,2,0,0,0,0,1,1,0,4,0,1,0,0,3,0,0,1,1,0,4,2,0,0,0,9,0,3,0,0,1,0,2,8,2,0,0,2,0,0,0,0,0,0,3,3,0,1,0,0,2,1,4,0,0,2,0,1,0,0,0,0,0,0,1,4,5,1,1,0,2,2,1,0,1,0,0,0,3,0,0,0,4,0,0,2,3,1,0,0,0,0,0,0,0,0,0,0,0,4,1,6,8,0,0,0,2,1,3,0,1,0,0,1,2,0,3,0,3,0,5,0,5,0,0,4,0,0,0,17,0,1,0,0,1,0,3,0,2,0,4,0,2,5,0,0,0,0,0,0,2,4,3,1,4,0,0,8,0,21,0,0,0,0,1,0,4,1,1,5,1,0,1,10,0,2,0,0,1,0,7,0,9,0,0,2,0,2,3,0,0,1,0,1,4,0,5,0,0,0,0,0,8,6,1,0,0,0,0,0,0,3,1,0,0,0,1,0,0,1,1,0,2,9,0,0,0,0,2,0
"ENSG00000286618.1",13,0,0,5,0,0,0,0,0,0,0,1,0,2,5,0,0,1,1,0,4,0,15,0,0,0,2,1,0,6,0,12,5,0,0,0,13,2,0,2,0,0,0,5,0,0,1,5,0,0,0,2,0,0,0,0,0,0,0,1,1,0,0,0,1,0,0,0,0,0,10,7,1,0,0,0,1,1,3,0,9,0,0,0,0,0,0,2,10,0,0,1,1,0,0,0,0,0,2,2,7,0,0,0,4,0,0,0,0,0,2,0,4,0,0,0,0,0,7,16,5,1,0,12,0,0,0,0,0,11,1,0,15,2,12,0,0,0,0,0,0,0,8,1,0,11,0,0,0,3,0,0,0,1,1,3,0,2,8,4,0,9,0,0,0,1,9,0,0,0,0,1,12,1,0,0,0,0,2,4,0,1,1,0,0,0,0,0,0,0,0,1,0,4,0,1,0,12,0,0,0,1,2,0,0,1,0,1,0,2,0,0,2,2,2,0,3,0,0,14,0,0,0,1,0,0,0,4,1,3,0,1,2,4,0,42,0,1,5,0,5,4,0,0,5,0,1,0,0,5,0,0,0,1,0,0,0,0,6,1,1,1,3,0,0,0,5,0,1,1,1,1,0,0,7,0,1,0,0,0,0,1,2,2,0,0,0,0,0,0,1,2,0,6,0,1,0,0,2,4,1,0,0,0,0,0,3,0,0,0,1,1,3,2,0,1,1,0,0,3,2,7,0,0,0,0,0,0,0,0,2,1,3,0,5,2,2,16,0,0,0,8,22,0,0,0,0,0,1,0,0,6,0,1,2,2,1,15,0,0,0,0,11,1,11,0,0,1,0,1,0,11,0,1,0,0,1,0,0,1,0,0,0,2,0,1,0,0,1,0,0,2,0,0,0,2,2,1,11,0,3,0,0,7,7,1,7,4,0,6,20,1,0,0,0,0,0,0,0,1,0,0,3,0
"ENSG00000286654.1",1,0,3,5,3,0,0,2,0,1,1,1,2,10,2,1,0,3,0,0,0,1,10,0,2,2,0,1,1,0,0,3,1,1,0,2,1,0,0,3,2,0,5,0,0,0,7,3,0,0,0,6,1,0,2,0,1,0,3,0,0,0,0,1,0,4,2,0,2,1,19,6,0,0,0,1,2,0,0,0,2,6,4,1,1,2,0,3,20,0,1,1,0,14,0,0,3,5,0,2,2,0,2,0,0,0,1,0,12,1,9,2,1,1,3,1,3,1,0,4,0,1,0,1,4,0,1,0,1,0,0,0,7,6,1,0,1,0,0,2,0,5,3,0,0,4,0,1,4,1,0,0,0,1,1,0,1,4,0,9,0,0,2,4,2,1,8,2,2,4,0,0,0,11,1,0,4,0,3,0,0,3,0,0,3,0,7,4,0,0,0,6,0,0,1,2,0,0,1,3,0,0,6,2,0,9,0,2,4,0,0,3,1,3,0,2,1,0,0,5,0,4,1,1,0,0,2,0,1,2,0,2,3,0,0,0,0,2,1,0,1,1,0,0,2,3,1,1,1,2,0,1,0,2,0,1,0,1,0,4,1,0,2,1,0,0,4,0,2,1,2,0,2,0,0,0,6,0,0,1,2,0,1,2,0,1,0,3,0,0,0,1,1,1,0,12,6,0,8,5,2,0,4,0,1,0,0,1,1,4,0,2,1,1,2,1,1,4,6,4,3,3,0,4,3,0,0,1,0,0,4,0,11,1,0,0,0,2,2,1,0,2,2,0,1,0,0,2,4,0,0,5,0,3,0,1,0,3,2,0,0,1,2,1,8,0,3,3,1,2,1,0,0,1,2,1,6,0,2,1,3,2,0,1,1,2,1,1,0,1,2,0,0,2,3,1,0,1,1,0,1,0,1,0,2,0,1,0,1,4,1,0,0,0,2,1,1,0,0,0,0,0,1,1
"ENSG00000286700.1",1,1,0,1,1,1,0,2,1,0,3,2,0,0,0,5,1,0,0,1,6,4,0,2,1,2,0,0,0,1,0,0,0,7,11,0,0,0,0,0,0,0,0,1,16,1,2,0,2,1,2,0,3,0,0,0,0,0,3,1,1,0,0,8,5,3,8,4,3,0,1,0,0,1,2,3,0,4,0,0,1,0,0,0,0,0,0,0,0,0,0,1,0,0,1,4,8,1,0,0,2,4,0,0,0,0,0,1,1,0,2,6,2,0,0,0,0,0,0,0,1,1,4,0,1,2,4,0,1,0,1,3,0,0,0,0,0,1,0,2,6,8,1,19,4,0,0,0,0,0,2,0,0,1,0,0,0,1,0,0,0,0,0,1,0,0,0,0,0,0,0,0,0,0,1,0,1,0,0,0,7,0,1,0,2,12,2,2,0,1,2,0,0,0,0,0,5,0,4,0,0,1,1,0,2,0,6,0,1,1,3,0,0,0,2,0,0,3,0,0,5,0,0,0,0,7,2,0,0,0,0,0,0,0,0,0,5,1,0,1,6,0,0,1,1,1,0,1,1,3,8,0,1,0,1,0,7,0,0,0,1,7,3,0,2,0,0,4,3,1,0,3,0,14,0,0,0,5,0,1,4,0,0,4,0,5,4,1,0,0,2,5,0,0,1,1,0,1,7,0,2,0,0,73,0,1,2,0,1,0,0,1,0,0,3,0,0,0,5,2,2,1,5,0,1,1,16,0,0,3,0,0,3,1,0,5,0,0,0,0,15,3,0,0,0,1,1,1,0,6,4,0,0,2,3,30,0,0,0,0,1,2,0,0,1,0,0,0,0,1,0,0,0,1,0,0,0,4,1,0,0,1,0,1,6,0,0,3,0,0,0,0,1,0,0,0,0,0,12,2,1,0,0,0,4,73,2,0,0,0,0,1,0,2,0,0,0,0,0,8,0,1,0,0
"ENSG00000286710.1",3,0,10,0,7,0,0,2,0,1,11,3,3,0,27,1,1,0,1,2,0,0,1,0,1,0,0,0,0,4,2,29,5,1,2,188,2,0,4,13,0,6,0,0,2,0,0,0,1,0,0,3,0,1,0,2,0,0,1,1,0,0,0,0,0,0,0,1,0,0,3,5,0,1,0,3,0,4,14,0,14,0,10,6,0,0,4,0,34,0,4,6,2,4,1,0,0,1,0,4,1,0,4,2,2,1,0,3,13,0,2,4,68,3,0,0,7,0,0,8,0,1,0,0,0,0,6,0,5,29,0,1,2,0,18,0,1,0,4,0,0,5,9,0,3,0,1,4,10,1,1,3,1,1,3,0,0,1,3,7,1,1,26,2,14,50,0,2,0,1,0,0,1,0,6,0,2,9,3,0,0,10,0,0,0,0,0,0,3,0,0,0,7,5,1,1,0,7,2,0,0,0,2,1,0,1,2,2,1,0,0,4,4,0,9,0,3,0,2,0,1,0,2,0,2,2,0,7,1,3,0,0,7,1,2,6,0,0,0,1,2,3,3,11,4,0,1,0,13,0,0,0,0,0,1,3,0,6,21,1,0,1,3,0,0,38,3,0,0,1,3,0,0,0,2,1,8,1,0,20,1,3,0,1,0,0,0,3,0,14,0,0,0,2,1,21,2,0,1,1,6,0,1,0,1,0,0,0,1,0,0,16,0,1,0,9,0,5,170,0,0,57,0,12,1,6,0,34,0,0,1,0,4,0,4,0,6,3,2,143,0,0,1,20,0,2,0,1,0,1,1,47,1,3,12,0,7,0,0,2,1,0,2,10,2,1,0,0,0,0,0,6,1,4,1,0,0,1,0,5,0,0,7,0,2,0,1,0,0,0,17,0,0,23,4,3,5,10,15,1,0,0,3,10,4,5,1,0,0,30,4,0,0,0,0,0,0,1013,4,1,1,0,26,0
"ENSG00000286734.1",1,0,0,0,0,0,0,0,0,0,0,0,0,14,139,0,0,1,0,1,0,0,0,0,0,0,0,1,0,0,0,2,0,0,0,0,0,0,0,0,0,0,0,4,0,0,0,0,0,0,0,9,0,4,0,1,0,0,0,0,0,0,0,0,0,0,0,1,0,0,18,1,0,0,0,0,6,0,0,15,0,1,0,0,0,0,0,0,0,1,1,2,0,0,0,0,0,0,0,2,0,1,44,0,1,0,1,0,0,0,1,1,0,0,0,0,0,1,1,0,0,1,0,0,0,0,0,0,0,2,0,0,1,0,0,0,0,0,0,0,0,0,3,0,0,0,1,0,0,0,0,0,0,2,0,0,0,0,1,6,0,0,0,2,0,0,0,0,0,5,0,0,0,32,0,0,1,0,0,0,0,1,0,0,0,0,0,0,0,9,0,0,0,1,1,0,0,0,0,1,0,0,1,0,0,0,0,0,0,0,0,0,0,0,0,0,1,0,0,0,0,0,1,0,0,0,0,0,1,0,0,0,0,0,0,0,0,1,0,0,0,0,0,0,0,0,0,0,0,0,0,0,0,0,0,0,0,0,0,3,0,1,51,14,0,0,1,0,9,0,0,0,74,0,0,0,1,0,0,1,0,0,0,0,0,0,0,0,0,2,0,0,0,0,0,7,3,0,4,0,0,0,0,0,0,0,1,0,0,2,0,0,0,0,1,0,1,0,0,0,0,0,0,0,0,0,0,2,0,0,0,0,1,0,1,0,0,1,1,1,0,0,0,0,33,2,0,5,0,0,0,1,0,90,0,0,0,0,0,0,0,0,0,0,1,0,1,0,0,0,0,0,0,0,1,0,42,0,0,0,4,0,0,0,0,0,0,0,0,0,0,0,0,0,0,0,16,0,1,0,0,0,2,0,0,0,0,0,0,0,0,1,0,0,0,0,3,0,0,1,0,0,1,0
"ENSG00000286769.1",0,0,0,0,0,0,170,0,0,0,0,89,0,4,350,0,0,2,0,0,0,0,1,1,6,0,1,24,0,317,0,4,35,4,0,0,49,0,2,47,0,0,0,1,1,0,0,7,0,1,0,157,0,117,0,0,0,0,10,0,0,46,0,0,0,0,0,0,0,0,134,0,0,0,0,0,1,0,3,23,212,68,0,0,3,0,0,0,0,0,0,33,0,303,0,0,0,0,39,0,0,0,0,0,0,0,0,0,42,0,0,0,0,0,0,15,0,1,8,27,0,8,0,0,2,0,0,6,0,10,0,0,62,0,0,0,0,0,4,11,0,1,60,0,0,0,170,0,0,0,0,0,0,5,6,0,0,0,348,65,26,0,0,0,0,11,11,0,0,8,0,216,0,0,0,2,0,685,0,1,0,0,13,0,27,0,63,0,0,7,0,0,0,104,34,0,0,0,0,0,0,0,0,2,0,444,0,1,49,0,0,0,48,4,207,0,0,0,3,95,0,4,0,0,0,0,0,1,0,0,0,6,1,0,0,16,0,0,98,212,0,0,0,0,0,0,4,0,0,0,0,0,0,1,0,0,0,0,1,236,55,2,0,46,0,0,0,0,6,0,13,0,276,0,0,0,97,0,0,9,0,33,0,0,0,0,0,1,0,0,0,0,0,0,0,8,14,1,0,0,0,0,0,0,325,0,0,1,0,2,0,0,25,0,0,57,11,0,0,1,0,0,0,0,2,0,0,0,1,0,170,0,8,0,0,0,0,0,0,0,0,0,0,0,20,64,2,0,8,0,0,783,0,421,0,0,0,0,142,0,7,0,0,0,0,0,0,0,0,0,0,3,5,0,17,0,0,0,0,9,7,268,27,0,0,10,0,1,6,0,0,0,0,0,0,0,2,129,0,0,0,1,0,0,4,0,2,7,1,0,3,73,0,0,2,0,14,0,0,0,0,0,0,0
"ENSG00000286774.1",0,0,0,7,0,0,14,1,0,1,0,1,0,0,10,0,3,0,0,0,0,0,1,0,0,0,0,0,0,2,0,3,6,1,0,0,4,0,0,0,0,0,0,0,1,0,0,0,0,0,0,5,0,0,1,4,0,0,0,0,0,5,1,0,0,0,0,37,0,0,0,1,0,0,1,2,0,0,0,1,3,1,0,0,3,0,0,1,0,0,0,14,0,108,0,0,0,0,0,5,0,0,0,0,0,0,0,0,0,0,0,0,0,0,0,1,0,0,0,24,38,3,0,1,1,0,0,0,0,0,0,0,84,0,0,0,0,0,0,0,0,0,14,0,1,12,2,0,0,0,0,0,0,0,0,0,0,2,0,0,2,0,0,1,0,0,0,0,0,2,0,0,2,0,0,0,1,0,0,11,0,0,2,1,1,0,0,0,0,0,4,0,1,0,1,0,0,0,0,6,0,0,0,2,0,4,0,0,1,0,0,0,37,0,0,0,2,0,1,13,0,0,0,0,0,0,3,2,13,0,0,0,1,0,0,23,0,0,0,0,1,0,0,0,1,0,0,0,1,96,0,0,0,0,0,1,0,0,0,3,6,0,89,0,0,0,1,0,0,0,1,0,57,0,0,0,0,0,0,0,0,5,0,1,1,0,0,0,0,14,0,0,0,0,0,4,2,0,0,0,0,0,1,0,0,0,0,0,0,0,2,1,0,15,0,0,0,0,0,0,0,1,0,0,9,0,0,1,4,0,2,0,3,0,1,0,2,0,0,0,0,14,1,0,0,0,0,0,0,0,0,0,0,0,0,2,0,0,1,1,1,1,97,0,1,0,0,6,0,0,0,0,1,0,2,1,2,0,1,1,0,0,4,0,0,0,2,0,0,0,1,1,0,0,1,0,2,0,1,0,0,0,2,1,83,0,58,4,0,0,0,0,0,0,0,0,0,4,1,1,0,2,2,0
"ENSG00000286785.1",19,0,0,4,28,9,0,0,3,6,39,0,21,52,0,8,0,0,0,58,40,1,26,0,1,26,0,3,7,2,22,432,0,1,9,5,10,5,3,0,0,3,0,199,2,16,12,1,2,0,0,8,7,58,2,0,4,6,0,4,3,0,0,0,17,62,2,147,3,50,1,16,0,0,2,1,91,1,29,4,78,0,8,10,0,1,3,7,23,4,18,22,9,0,16,0,2,9,34,40,0,3,1,4,3,3,0,0,23,39,414,17,17,0,6,1,21,2,5,365,62,1,1,0,14,0,0,0,139,67,0,1,126,4,9,0,0,0,13,6,1,38,14,3,5,12,0,0,33,8,0,2,49,120,0,24,0,9,25,23,2,1,107,23,13,0,1,1,38,59,1,0,69,1,2,1,2,275,4,21,2,2,1,0,3,0,2,0,0,0,7,0,0,4,2,1,4,3,19,68,0,42,7,3,6,2,0,6,0,4,3,0,0,3,1,14,2,0,0,0,0,1,0,16,2,4,6,85,8,21,5,0,10,53,8,111,5,4,24,0,11,1,22,19,7,11,0,3,14,1,0,3,0,0,1,340,30,0,371,0,4,1,6,15,8,3,9,7,2,1,0,3,2,0,21,7,2,0,0,24,0,48,66,8,1,13,2,3,2,16,3,0,26,1,31,2,58,1,0,32,1,7,1,4,7,0,0,3,0,27,493,38,0,21,16,83,150,25,38,1,29,9,0,7,8,109,1,21,23,0,11,4,0,219,0,1,0,60,22,15,1,179,1,4,42,0,0,2,8,7,1,114,0,137,0,0,49,30,58,13,181,1,55,5,12,0,6,29,0,0,65,0,3,11,4,0,0,1,0,0,3,0,0,0,1,0,22,0,0,28,34,33,4,17,15,0,2,37,4,0,0,0,0,0,9,1,1,0,1,16,2,0,0,5,0,1,13,27,3,2,0,0,12,8
"ENSG00000286789.1",0,21,0,1,0,11,0,0,128,7,40,28,37,0,0,1,0,2,66,5,0,156,2,0,1,25,0,1,19,0,0,0,0,11,0,277,8,1,117,60,20,0,48,32,82,0,38,4,22,3,4,6,43,6,3,0,54,23,0,0,16,0,2,7,2,1,0,139,10,0,1,1,1,8,10,14,0,4,4,0,42,0,1,0,0,0,7,43,9,1,0,5,63,0,34,19,507,0,2,3,12,109,0,2,26,17,1,8,0,74,0,5,12,1,1,8,10,11,11,0,2,0,6,0,6,57,26,0,0,0,16,101,0,2,0,18,28,32,0,1,7,17,1,133,1,8,1,0,10,0,24,5,0,3,0,16,32,3,37,5,0,13,0,0,0,0,0,2,0,2,0,0,5,0,3,13,1,4,13,78,63,0,5,0,7,0,0,0,0,0,51,0,0,0,0,9,117,6,21,10,0,0,1,0,5,0,0,0,6,0,31,0,0,0,24,0,67,25,9,204,37,0,2,2,133,30,53,0,0,120,1,2,0,8,116,4,9,9,0,0,0,3,0,0,0,8,9,27,103,53,30,3,46,4,41,0,78,0,3,1,0,0,0,12,206,9,1,15,0,23,0,6,0,364,9,19,0,8,4,1,0,28,0,32,4,9,24,5,8,16,21,39,19,21,25,0,0,6,0,0,4,1,0,23,6,6,27,35,0,6,56,0,1,2,13,0,4,2,87,0,0,0,22,2,3,0,6,6,1,29,19,9,26,1,52,30,7,0,283,17,140,134,0,0,0,0,8,8,11,3,72,0,6,3,3,13,19,1,25,4,0,0,53,3,6,49,3,1,20,0,1,32,13,1,0,0,0,2,0,0,0,6,0,1,18,5,1,6,0,0,1,19,11,0,4,6,123,0,19,84,19,11,4,1,2,0,14,0,0,20,6,0,1,63,0,0,0,0,1,40,7,0,0,37
"ENSG00000286797.1",46,1,1,0,1,0,0,0,0,1,0,1,1,118,58,2,5,20,0,15,0,0,0,7,12,16,1,39,6,61,0,0,13,5,5,0,45,0,0,0,0,0,1,1,4,0,0,14,3,0,0,70,5,12,0,1,0,0,8,0,0,40,54,8,0,19,6,0,2,0,98,1,0,0,0,0,59,0,16,31,47,48,0,0,32,0,0,0,0,0,0,13,9,0,0,1,1,78,9,16,2,1,13,0,0,2,1,1,48,21,0,0,23,20,0,20,0,11,36,118,0,27,3,2,0,0,1,11,0,182,8,0,33,0,0,0,0,0,6,10,0,0,68,0,1,0,3,0,3,1,5,1,0,18,6,0,6,2,61,12,2,0,0,24,0,20,22,0,20,21,1,16,0,203,0,3,2,47,0,41,1,1,0,3,16,0,10,0,4,34,0,7,10,29,21,1,1,0,2,0,1,18,0,78,1,42,0,16,7,3,2,1,17,53,59,0,0,0,20,54,1,9,3,0,0,1,3,66,0,0,0,14,0,0,0,27,0,0,0,18,0,0,8,1,2,0,10,1,0,0,3,0,1,6,1,0,1,0,37,38,71,26,0,57,1,13,0,2,82,2,39,3,37,0,0,0,17,0,0,6,72,12,8,0,0,0,0,0,0,0,0,0,0,2,0,29,102,0,0,0,0,3,14,2,7,0,0,0,64,6,1,0,2,0,1,366,43,4,0,19,1,41,1,0,5,0,0,13,2,0,92,0,1,0,87,11,0,1,0,0,1,0,0,0,44,15,4,0,7,0,1,58,0,105,0,0,0,1,1,1,35,0,3,0,0,7,1,0,0,9,0,22,0,0,112,0,28,1,2,40,10,2,5,0,6,12,8,29,8,0,0,0,1,81,0,20,22,49,0,0,7,2,0,0,12,0,45,17,0,0,31,4,0,1,0,0,6,1,2,11,3,0,22,0
"ENSG00000286799.1",1,0,0,2,1,0,1,1,0,0,0,1,0,1,7,0,0,2,0,0,1,0,0,1,11,0,1,0,0,1,3,4,3,0,1,0,1,0,3,4,0,0,0,1,0,3,0,0,0,1,1,6,0,2,1,2,0,2,1,0,0,2,1,0,0,4,1,0,1,0,3,1,1,0,1,0,10,0,3,4,1,6,0,1,2,2,0,0,1,0,3,0,1,0,0,0,1,1,0,0,1,1,0,0,2,1,3,0,5,3,3,1,1,1,0,0,4,2,10,3,0,3,2,1,2,0,1,0,0,1,2,0,2,2,2,0,1,0,1,1,0,0,0,0,0,4,2,9,3,0,0,2,8,0,0,1,1,1,2,3,1,5,1,2,2,1,2,1,1,2,0,1,1,1,1,0,8,15,5,0,0,0,2,1,1,1,1,0,2,3,0,1,0,2,0,2,0,2,0,0,0,3,6,0,0,1,1,2,3,2,1,5,5,0,2,2,2,0,2,3,0,2,0,2,0,0,1,4,0,0,2,0,0,0,1,0,0,1,0,1,1,0,1,1,1,5,0,2,1,1,0,1,0,8,0,1,0,0,3,2,10,1,3,2,0,1,1,0,3,0,1,0,2,1,2,1,3,0,0,2,2,0,2,0,3,0,0,1,5,1,0,0,5,1,1,6,3,0,5,4,3,1,3,0,3,1,0,1,1,2,0,3,2,3,3,2,0,4,4,1,3,3,1,4,1,3,1,0,0,0,1,1,2,1,1,0,1,0,0,0,0,1,1,3,4,1,0,0,2,0,0,1,1,2,1,0,1,6,2,6,0,0,0,2,2,1,1,4,0,0,0,2,0,2,6,0,4,0,1,1,0,1,1,1,1,0,1,4,0,1,8,1,1,1,2,1,2,7,1,0,2,0,3,2,6,1,3,1,0,1,2,1,0,0,0,0,0,1,1,1,1,0,1,0
"ENSG00000286810.1",12,0,12,1,3,5,1,25,0,2,0,2,9,30,16,2,0,8,2,1,3,0,25,2,4,13,4,13,4,23,35,1,11,0,8,13,2,2,1,0,0,4,27,2,2,4,4,2,1,0,1,9,8,6,5,31,2,31,16,5,11,4,0,0,5,5,5,19,30,13,89,6,10,0,0,2,41,5,20,4,4,38,2,1,49,9,1,3,3,6,10,8,7,19,1,2,6,9,9,4,0,0,9,0,3,7,12,0,26,30,7,8,4,14,8,4,9,10,16,9,0,3,1,7,7,0,0,0,4,18,10,3,2,0,3,0,1,3,17,1,0,10,14,5,10,21,27,20,10,2,0,1,5,5,1,4,0,36,29,9,2,2,2,1,1,1,10,18,4,47,28,2,1,19,0,3,2,10,14,13,2,6,16,1,0,0,14,22,4,1,0,9,11,4,1,13,3,5,0,9,0,2,2,23,0,3,0,11,4,2,6,17,0,8,8,0,0,0,4,22,0,4,8,0,1,0,1,22,1,10,9,3,5,2,0,3,0,1,0,1,1,8,19,4,41,8,0,4,1,0,6,7,1,13,0,4,1,8,3,10,2,0,5,13,1,5,4,2,30,2,2,0,1,2,6,11,1,0,0,14,12,0,5,1,1,7,0,2,9,3,4,4,2,0,11,5,5,6,17,3,17,1,2,5,3,2,0,4,22,3,9,27,0,4,10,6,4,54,4,1,2,10,0,35,35,16,2,1,2,0,5,10,0,4,18,0,6,3,10,1,1,0,1,2,20,1,4,4,6,1,1,11,10,7,3,2,4,14,21,14,4,0,0,44,50,0,9,3,0,2,0,14,6,4,39,34,1,1,1,6,0,3,2,1,0,10,14,4,1,7,11,16,1,8,6,4,4,7,8,1,5,9,11,1,20,6,8,10,2,1,0,1,4,4,6,5,1,4,10,0,0,0,17,0
"ENSG00000286876.1",0,0,0,0,0,0,0,0,2,0,1,1,0,0,0,0,1,0,0,0,1,0,1,0,4,2,0,10,1,7,0,0,0,0,0,0,31,0,0,0,0,0,0,0,0,0,0,0,0,0,0,1,0,1,0,0,1,0,1,0,1,10,5,3,0,2,0,0,1,0,1,3,0,0,0,0,1,0,1,1,5,4,0,0,0,0,1,2,0,0,0,3,0,0,1,0,0,1,0,0,1,0,0,1,0,0,2,0,7,2,0,0,0,2,0,1,1,2,0,5,0,0,0,1,1,0,1,3,0,6,0,1,2,0,0,0,0,0,1,1,0,2,10,0,0,0,3,0,0,0,0,0,1,7,1,1,0,0,10,1,1,0,0,0,0,0,0,0,1,0,1,0,1,2,0,0,0,2,1,0,0,0,1,0,0,0,0,2,2,0,0,0,0,0,0,0,0,1,7,0,0,3,0,11,0,1,0,0,3,10,0,8,0,0,3,0,0,0,0,2,0,0,2,0,0,0,0,0,0,0,0,18,0,1,0,5,0,2,0,0,1,0,1,0,0,0,0,1,0,2,0,1,0,0,0,0,0,0,1,0,0,2,1,2,0,1,0,0,2,0,0,0,1,0,0,0,0,0,4,3,1,0,3,0,1,0,0,2,0,0,0,0,0,2,0,0,0,6,1,0,0,0,0,0,0,0,0,10,3,1,23,0,0,1,0,0,2,0,1,2,0,0,0,0,0,6,0,5,0,0,22,0,4,1,1,0,0,0,3,0,0,1,3,0,0,0,0,0,0,0,0,2,3,1,0,0,1,0,2,0,2,0,1,0,2,3,0,0,0,0,0,3,0,2,5,2,17,0,1,6,2,0,7,0,0,2,2,2,0,1,0,0,1,1,0,0,0,0,1,0,0,0,2,2,0,0,14,0,0,1,0,1,0,0,0,0,3,0,0,0,0,0,0,0
"ENSG00000286909.1",11,0,2,3,5,9,2,2,3,14,6,16,12,20,92,2,16,65,14,6,12,3,3,6,12,11,0,9,0,10,15,11,7,11,9,8,2,3,12,23,1,13,6,2,1,8,0,0,0,3,1,10,2,15,6,11,2,11,6,4,7,6,5,4,1,16,5,2,18,14,75,7,3,1,0,2,15,3,13,11,11,22,25,4,14,26,5,3,6,3,13,10,7,11,1,2,13,15,6,4,3,2,18,2,7,28,9,1,123,11,5,4,6,2,10,1,35,5,16,47,3,7,3,8,1,0,1,11,23,32,5,1,33,1,12,0,5,0,25,1,0,21,15,1,6,28,26,29,22,13,0,1,7,6,0,2,9,9,10,11,8,1,13,8,4,5,29,14,5,13,1,9,2,121,4,4,6,13,74,9,2,3,15,24,12,2,22,4,9,20,1,4,19,19,1,34,1,9,0,9,4,8,13,60,1,29,7,13,19,2,4,10,7,9,8,21,0,3,9,14,0,2,1,4,1,1,6,28,2,2,8,10,4,3,5,6,1,4,2,6,7,5,3,3,24,45,32,0,9,7,1,2,5,13,1,10,2,11,7,14,7,3,24,13,2,3,14,4,26,1,7,3,16,0,3,6,6,0,1,12,18,2,6,1,6,0,0,2,5,0,4,2,3,8,2,31,18,2,12,41,12,7,30,1,18,0,0,7,5,21,13,24,5,14,14,36,19,21,3,8,9,45,1,36,5,7,2,2,2,2,17,2,1,1,31,2,4,7,5,7,1,4,6,20,6,7,2,6,12,0,0,30,8,38,3,1,9,28,26,11,10,2,7,14,20,8,1,2,2,4,7,16,2,4,38,1,32,4,1,9,2,2,5,0,3,6,11,8,6,7,25,5,0,16,4,7,19,16,17,3,2,6,5,0,6,4,9,6,1,2,9,1,7,5,3,1,2,10,6,4,1,0,23,0
"ENSG00000286952.1",3,0,34,13,3,3,0,0,2,0,0,3,3,49,8,2,2,6,14,2,0,1,1,0,0,7,0,5,0,2,5,27,1,0,0,4,5,0,0,2,0,1,3,9,2,1,30,1,0,0,0,5,1,9,1,0,4,3,1,1,5,5,1,0,2,1,0,5,1,1,35,33,0,1,0,1,49,2,23,12,26,4,8,1,2,5,4,5,13,2,5,2,2,0,0,1,6,0,18,7,2,2,3,0,3,1,29,0,48,1,3,1,3,0,5,0,5,0,11,114,4,0,1,6,8,0,0,2,6,6,3,1,18,3,6,1,2,0,0,0,0,3,12,2,4,26,18,1,0,0,0,1,1,7,7,3,15,3,1,3,1,11,3,1,0,0,7,3,5,4,4,12,12,2,1,1,3,1,5,7,0,0,2,2,5,0,0,0,8,0,1,3,3,2,0,1,1,12,0,3,0,1,3,19,1,3,1,3,1,1,1,0,2,5,12,0,10,0,6,15,0,0,0,1,0,1,4,29,5,0,1,2,8,2,2,20,1,5,3,1,1,14,1,3,3,1,18,3,10,10,1,0,2,1,0,0,0,0,12,12,0,1,21,2,1,1,1,3,0,0,0,0,8,0,0,3,0,0,4,2,31,11,1,0,1,8,0,0,2,3,1,1,1,2,6,6,2,0,1,3,0,0,3,0,0,1,0,6,0,24,2,0,1,11,7,2,13,6,6,0,8,12,2,5,1,2,1,0,2,0,6,0,20,4,7,0,10,4,0,5,0,8,4,4,5,0,0,3,0,1,1,10,2,0,1,2,2,9,1,1,1,1,11,18,21,1,4,1,2,0,1,21,1,1,4,0,0,1,0,2,1,1,0,1,2,6,4,0,1,1,15,8,0,2,4,3,38,4,4,1,4,0,2,2,4,143,80,5,1,5,4,0,3,2,1,0,1,3,3,4,2,0,9,1
"ENSG00000286954.1",0,0,1,0,0,0,1,0,0,0,2,0,0,3,0,0,1,0,0,1,0,0,0,0,2,0,1,4,1,0,0,1,0,82,0,1,0,0,7,2,0,0,1,0,0,1,0,0,0,0,0,0,0,0,0,0,0,0,0,0,0,0,0,1,0,1,7,0,1,0,2,0,22,0,0,0,0,1,0,23,26,9,1,0,0,1,0,0,2,0,1,28,0,0,0,0,0,0,0,0,0,0,0,0,0,0,0,0,6,0,1,0,0,0,0,128,0,1,0,0,0,21,0,0,0,0,0,0,0,0,4,0,15,1,0,0,0,0,0,0,0,1,1,0,1,0,0,0,3,0,0,0,0,4,0,0,0,0,0,1,1,0,0,0,0,2,1,1,0,1,0,0,1,11,0,0,0,5,0,2,0,0,0,0,0,1,3,0,0,0,1,0,0,2,0,1,0,0,0,0,0,0,1,79,0,4,1,0,6,0,0,0,1,3,0,0,0,1,1,28,0,0,0,0,1,0,0,1,0,0,0,0,0,0,0,16,0,0,0,28,0,0,0,0,2,0,1,0,0,0,0,0,0,1,0,0,1,0,0,2,4,1,0,0,0,0,0,0,6,0,0,0,6,0,0,0,0,0,0,0,0,1,0,0,0,0,0,0,0,0,0,0,0,0,0,0,2,0,1,1,0,0,0,0,0,0,0,0,0,0,9,1,0,0,0,0,26,0,0,3,0,3,0,0,1,0,0,0,1,0,0,0,14,0,1,0,0,0,0,0,0,0,4,0,1,1,0,0,60,0,1,0,0,10,0,0,0,0,1,0,0,0,0,1,1,0,1,1,0,3,0,0,0,0,4,0,30,0,0,0,1,0,0,0,0,2,1,1,1,0,0,0,0,0,0,1,1,5,0,0,4,0,0,0,2,0,1,0,0,0,0,0,0,0,3,0,0,1,0,1,0,0,0,0
"ENSG00000286962.1",0,0,0,1,3,26,0,2,0,1,7,0,0,0,1,1,0,0,2,6,8,0,0,0,0,2,0,17,0,4,18,1,5,1,15,4,2,2,0,1,0,0,1,3,0,4,1,1,0,1,1,2,0,8,0,2,2,6,5,0,0,0,1,0,0,6,0,0,0,10,0,1,2,1,1,1,3,14,4,1,1,1,0,1,1,17,2,0,0,2,13,6,1,0,0,0,1,4,1,1,1,1,0,2,2,39,235,0,4,0,7,0,1,0,32,1,19,0,1,1,0,5,0,0,72,0,0,5,4,1,0,0,0,0,1,0,1,1,0,0,0,1,2,0,6,3,3,10,10,0,2,0,3,8,1,0,0,1,0,66,1,1,1,0,1,0,6,1,14,3,103,0,0,3,0,0,2,3,2,0,0,2,0,0,0,2,7,0,0,50,4,0,0,6,2,9,1,1,1,17,2,2,23,4,1,0,0,1,81,2,5,8,0,0,7,0,0,2,5,5,1,6,0,0,0,0,0,2,0,0,0,4,1,0,2,0,1,0,0,1,15,0,0,8,1,3,3,1,2,0,0,2,0,0,0,1,0,0,0,0,21,2,0,12,1,8,0,2,25,0,6,0,2,0,7,7,0,0,0,0,5,3,5,0,2,6,0,0,0,0,0,1,2,0,2,0,1,0,0,0,0,0,0,0,8,0,0,0,2,31,3,18,1,1,0,4,404,0,5,19,15,2,1,6,2,1,0,0,0,0,2,3,1,0,0,2,0,1,1,1,2,0,0,1,10,0,0,0,1,2,1,1,5,28,0,2,7,0,12,0,32,0,0,6,5,0,0,8,3,4,0,0,0,0,44,0,1043,4,10,4,5,4,7,2,1,1,2,33,1,1,6,0,0,4,17,0,3,2,2,4,0,0,20,18,1,0,0,0,2,2,0,2,0,2,1,7,60,0,10,4,0,1,0,0
"ENSG00000286988.1",1,0,0,0,1,0,0,7,0,0,0,0,0,0,0,0,6,9,10,0,0,0,1,0,0,6,1,4,0,0,0,0,0,0,0,0,0,1,0,0,0,0,0,0,0,0,0,0,0,0,0,1,0,1,0,5,0,0,4,0,2,4,0,0,1,1,0,0,4,2,0,0,0,0,0,0,1,5,0,4,2,14,0,0,18,0,1,1,0,1,1,2,2,0,0,0,0,0,0,2,1,0,1,0,2,0,3,0,2,0,1,1,0,4,0,0,4,0,0,1,1,2,0,0,2,0,0,0,0,6,0,0,5,0,0,0,0,0,1,0,0,0,1,0,0,1,1,0,0,0,0,0,1,1,0,1,0,0,0,1,7,0,2,0,0,1,0,0,1,23,7,0,1,2,0,0,0,0,2,1,0,0,2,2,0,0,6,4,1,5,3,0,0,1,1,1,0,1,0,1,1,6,0,24,2,0,0,16,0,2,0,0,0,0,0,2,2,0,1,0,0,0,0,0,0,0,3,2,1,0,1,0,0,0,0,0,0,4,0,0,0,6,0,1,1,1,0,0,1,3,0,3,0,19,0,0,0,0,0,2,0,0,0,0,0,0,2,0,15,0,0,0,0,0,1,0,0,0,5,4,2,0,1,0,5,0,0,0,0,8,1,1,0,1,0,0,0,0,1,1,1,1,0,0,0,0,0,0,1,0,0,0,0,36,0,0,0,0,0,0,1,0,0,0,1,0,0,0,0,0,0,0,0,5,0,0,3,0,0,0,0,0,0,1,2,0,0,0,0,0,0,0,1,0,0,0,0,1,0,0,2,0,2,0,2,1,0,0,0,0,8,3,1,0,10,2,1,0,0,1,0,1,12,1,0,2,0,0,0,2,0,1,0,0,2,0,8,0,0,0,0,1,0,0,4,0,0,0,0,0,1,0,2,0,11,1,0,0,0,0,0,3,24,0
"ENSG00000287016.1",1,0,4,1,13,5,3,0,2,4,1,2,6,14,1,0,2,0,10,6,1,0,0,0,12,7,2,4,4,2,12,6,2,2,0,4,2,3,8,3,0,0,5,0,0,6,0,0,0,0,1,10,8,4,6,2,0,9,12,1,1,12,1,6,0,11,1,1,4,12,11,0,0,0,1,0,17,1,2,4,4,4,1,1,11,6,1,3,0,4,6,1,8,0,0,0,5,6,6,4,2,0,3,5,2,7,8,0,25,1,3,1,0,2,2,4,9,2,5,8,1,7,0,15,2,0,0,4,4,7,0,1,6,1,0,3,4,0,15,2,0,4,2,2,2,1,5,5,3,2,1,0,5,10,0,4,0,2,13,3,6,3,2,3,4,0,3,8,15,15,0,0,4,7,1,0,1,23,1,4,0,5,1,2,6,2,3,0,6,3,5,12,14,4,1,7,1,9,0,2,3,5,2,8,0,3,1,13,5,0,0,0,2,2,5,2,0,4,0,16,0,17,8,0,0,0,6,8,0,5,6,5,1,1,3,12,1,1,3,0,3,1,1,0,3,14,0,4,5,4,0,17,1,3,1,3,0,0,3,8,19,5,4,20,0,2,3,0,10,0,1,1,3,0,0,10,10,0,1,6,18,3,2,0,6,17,0,0,2,1,1,0,2,3,1,9,24,4,0,3,11,4,34,0,3,0,0,0,0,6,4,7,4,2,2,1,9,12,1,2,16,3,1,16,8,1,1,5,1,0,0,3,0,1,17,0,10,7,3,1,1,6,1,0,3,3,3,4,4,1,1,6,1,8,2,1,8,0,7,1,4,0,5,6,16,0,4,6,1,0,5,2,1,3,15,0,7,0,1,12,0,3,9,0,7,7,0,5,4,3,3,0,0,3,2,3,29,14,1,0,1,4,9,1,6,5,1,4,1,0,2,0,1,0,0,0,2,40,23,0,2,2,5,0
"ENSG00000287056.1",0,2,0,0,0,1,0,0,1,0,0,0,0,0,1,0,0,0,0,0,0,1,0,1,0,0,0,0,0,0,0,0,0,1,0,0,0,1,0,0,0,0,1,0,2,0,0,1,0,0,0,0,0,0,0,1,0,0,1,0,0,1,0,2,0,0,0,0,0,0,0,0,1,0,0,1,0,0,0,3,1,0,1,1,0,0,0,0,3,0,1,0,0,0,1,3,0,0,0,1,2,2,0,2,0,0,0,0,0,0,0,0,0,0,1,1,0,0,0,0,0,1,0,0,0,0,1,0,0,0,0,1,0,0,0,2,0,3,0,0,0,0,0,1,0,0,1,0,0,0,2,0,0,2,0,0,0,0,0,0,2,0,0,0,0,1,1,0,0,0,0,3,0,0,0,0,0,0,1,0,3,1,1,0,0,0,1,0,0,1,0,0,1,0,0,0,1,0,0,1,0,1,1,4,1,0,0,1,0,1,0,0,0,0,1,0,0,0,0,3,0,0,0,0,3,0,1,1,0,0,0,1,0,0,1,0,1,0,0,2,0,0,1,0,0,0,0,0,0,0,0,0,2,0,0,0,1,0,0,0,0,0,0,1,2,0,0,2,0,1,0,1,0,0,0,0,0,0,0,1,0,0,1,1,1,1,0,0,0,0,0,0,0,0,0,0,0,0,4,0,0,0,1,5,0,0,0,0,0,0,0,0,0,0,0,0,0,0,0,0,0,0,3,0,0,0,2,0,0,1,1,0,2,0,1,4,1,0,0,0,1,0,0,1,0,0,0,0,0,4,0,0,1,0,0,0,0,0,0,0,0,0,0,0,0,2,0,0,0,0,0,0,0,0,0,0,1,0,2,0,4,0,6,0,3,0,0,0,0,1,0,0,0,0,0,0,0,0,2,0,0,0,0,0,0,0,0,0,2,0,1,1,5,1,1,0,0,0,0,4,0,3,0,0
"ENSG00000287064.1",0,11,0,1,1,3,169,119,0,2,4,4,0,47,12,2,266,178,7,0,4,19,4,3,2682,0,0,32,1,0,3,2,159,787,50,0,582,0,2,2,0,14,1,0,12,0,0,1305,8,4,3,450,0,28,0,0,24,2,2427,0,0,1817,0,17,10,2,13,1,11,1,85,4,322,59,0,35,0,2,278,18,8165,855,9,4,13,5,4,22,0,0,0,1558,622,5,0,3,0,8,715,0,4,0,0,2,2,3,6104,1,1273,0,4,1,2,0,1,438,8,21,14,43,4,175,3,3,2,74,11,539,2015,2,132,2,990,0,0,5,0,176,0,308,1,3,8,386,1,9,9,3,123,4,29,13,15,249,38,6,172,21,2939,3005,3730,0,2,6,290,30,98,0,18,133,1,855,11,5,0,20,2,12,36,1886,22,3,6,6,2666,290,3406,790,6383,1166,0,3,1,1853,2166,4,8,1,3,8,1,65,3462,29,3,1064,1,0,70,0,654,315,4,842,24,4,2,0,923,7956,74,10,0,2,0,125,31,2,1,10,5,5,79,0,1,198,3,1,60,313,1,1,1,8,12,15,1,1,3189,1,4,0,30,2,10,2,5,1,2,1583,2304,4864,335,423,2,7,0,8,2899,1,83,2,256,1,9,1,175,0,3,1,3117,2,1172,1,212,103,1,1,0,2,29,3,0,2,2,1050,31,0,34,2,15,2,9,5,8,2,0,1426,2009,3070,2,1820,2296,1,439,3,1444,2,0,7,2,11,0,3514,3,1,2,0,6,3,2344,253,386,5,15,82,1,1,0,0,12,1,1389,13,4397,605,2,0,160,0,1,28,0,8701,3,29,0,0,1941,2,5892,139,1,16,3,45,0,3,1,6,0,4,10,26,321,1,60,1,1,4378,552,2986,5761,2,47,3,1,20,10,1,1644,6439,26,34,1,19,952,0,72,32,351,2,13,7,3,0,15,62,36,5,2,113,202,2,15,1,563,117,28,98,1,2,5,2
"ENSG00000287088.1",29,0,0,3,4,0,0,19,0,2,21,9,35,0,23,0,13,0,111,21,3,0,8,0,22,0,10,0,0,0,0,0,0,4,0,0,3,0,12,6,2,1,2,2,0,5,4,20,0,0,0,1,0,16,1,2,2,2,11,1,0,41,0,0,0,4,0,0,0,4,2,1,0,0,4,1,1,0,7,1,15,84,0,0,5,10,0,4,1,0,4,0,2,0,15,0,31,1,2,1,0,0,2,0,0,8,0,0,28,16,8,1,0,0,12,0,52,0,0,10,3,1,0,0,6,1,0,15,1,0,0,1,191,1,0,2,8,2,33,0,0,0,0,1,1,1,1,206,64,9,0,0,0,6,1,94,0,4,28,1,4,5,126,17,13,0,1,1,0,9,1,23,6,0,0,2,0,2,6,40,0,9,7,9,51,0,24,0,11,6,0,7,8,2,30,41,0,8,0,1,0,0,6,26,0,0,1,0,0,2,3,8,0,3,0,0,6,0,1,0,2,0,0,0,0,0,0,0,0,1,4,2,6,8,2,5,0,0,0,0,6,4,16,11,5,3,0,1,70,60,0,1,0,40,0,0,0,5,26,1,1,2,0,0,0,8,0,1,8,1,1,1,1,0,3,5,1,0,1,1,16,57,3,1,0,1,0,0,37,0,0,0,3,0,4,1,0,2,3,27,9,2,0,1,21,0,0,0,0,0,3,12,5,1,23,93,14,2,0,1,8,0,1,60,3,22,0,1,0,1,38,0,0,1,2,0,0,0,14,4,0,10,0,1,12,3,1,34,0,1,1,1,0,3,0,0,39,0,0,11,52,0,16,7,0,0,10,11,3,1,37,11,11,9,7,0,0,0,2,36,3,4,25,7,3,0,30,0,0,0,23,2,0,2,0,2,11,20,1,0,1,0,26,19,0,0,0,0,0,0,1,1,14,0,15,0,1,2,9,1,0,6,5,0
"ENSG00000287093.1",4,0,4,1,153,2,0,0,0,0,0,0,1,1444,43,0,8,1,1,70,1,0,2,0,0,0,1,1,1,3,84,0,2,0,0,2,0,0,0,0,3,58,3,0,0,1,10,4,0,0,0,194,0,1,0,0,0,2,1,0,2,0,0,0,0,2,0,2,3,1,507,2,0,0,0,0,0,0,19,0,2,29,0,0,1,0,0,6,0,1,0,16,1,0,3,0,0,0,2,2,1,0,0,0,2,0,0,0,4905,1,1,3,0,0,95,0,558,0,0,2,0,0,0,0,0,0,0,1,0,1,0,0,1386,0,0,0,0,0,6,0,2,10,1,0,0,0,2,0,195,0,0,0,0,1,2,1,0,0,1,0,18,0,10,31,2429,1,6,19,0,0,0,0,0,45,0,0,0,1,4,0,0,0,0,1,0,1,0,0,0,0,0,2,0,0,22,0,0,1,0,1,0,1,3,130,0,2,0,0,0,1,0,0,40,0,89,1,0,0,1,0,0,0,77,0,0,0,0,0,2,0,0,0,95,3,0,0,0,0,4,0,0,0,1,0,2024,2,0,0,0,0,0,1,0,1,0,0,0,0,0,53,1,0,5,19,0,0,0,1,19,0,3,0,619,0,0,0,231,0,0,2,0,5,2,0,1,6,0,0,2939,27,2,0,0,0,0,4,3,1,2,5,0,0,187,0,2,0,0,0,0,36,1,8,0,0,0,1,20,27,2,0,4,2,0,641,1,0,1,0,0,1,0,1,0,0,0,0,1,0,0,0,0,0,0,4,2,0,0,22,1432,0,0,161,0,13,0,0,1,0,86,15,0,0,1,246,1,0,0,1,0,0,1,0,73,0,2,0,0,0,0,0,0,3,0,0,0,1,23,2,0,0,2059,0,1,2,2,0,11,643,1,0,0,1,0,0,6,1,2,680,0,0,0,0,0,0,1,0,140,3,1206,0,0,0,0,0
"ENSG00000287097.1",7,0,3,0,0,0,102,2,5,0,0,18,1,247,4,7,1,7,2,1,1,2,89,12,22,683,0,395,3,598,1,0,160,6,3,34,187,2,2,1,216,0,0,2,8,2,76,39,0,1,9,200,8,1226,4,114,3,1,816,0,1,87,1,14,2,1,54,0,54,1,892,16,0,0,285,1,110,8,76,300,536,405,1,1,121,0,132,13,2,50,6,360,2,49,1,0,0,4,193,3,3,2,12,2,1,0,9,0,624,1,38,1,14,404,1,33,1,1,13,383,3,494,1,3,21,0,43,10,0,518,114,0,484,80,0,5,1,4,427,145,0,3,254,3,2,2,19,3,1,2,0,10,49,869,67,1,49,1,8,111,79,0,6,21,0,585,77,3,5,183,14,474,1,6,0,1,5,503,0,7,0,3,9,9,233,40,39,2,270,106,4,0,8,418,127,14,3,2,0,0,9,0,3,350,1,1127,2,1,324,26,0,124,357,78,780,1,0,1,168,1689,1,74,242,7,0,0,43,139,3,2,1,11,65,1,101,229,0,2,96,40,0,22,0,0,1,2,17,3,0,8,7,0,0,4,1,1,0,0,3,407,186,354,7,189,1,4,0,2,834,1,473,1,674,4,2,0,473,1,4,319,9,1219,160,1,0,0,0,5,4,8,7,6,0,31,1,64,9,0,4,1,0,23,58,3,506,0,0,7,145,96,16,0,10,1,0,22,1362,19,0,24,0,11,3,1,319,0,0,2,546,1,588,2,116,0,0,0,0,4,3,0,0,34,8,0,232,2,1,1,973,4,2,296,2,1070,0,0,1,1,1065,545,275,21,5,1,0,1,2,0,1,51,0,13,277,79,938,196,206,0,0,8,73,189,12,0,4,142,7,65,0,0,0,1,0,1,0,155,446,24,2,0,47,1,2,0,5,3,55,73,21,0,68,5,0,5,44,1,498,460,7,1,0,7,1,0
"ENSG00000287133.1",0,0,5,0,1,3,0,0,0,9,1,6,2,6,5,0,1,7,4,0,0,0,0,2,5,0,2,0,0,3,5,0,0,4,0,1,1,1,3,3,3,4,1,3,1,1,1,2,0,0,0,2,1,3,5,1,1,1,2,0,3,0,2,0,1,4,0,2,0,4,5,0,2,1,0,1,7,2,2,1,0,1,0,0,13,1,0,0,3,2,0,0,3,0,2,0,8,3,3,0,0,0,0,0,2,1,0,0,8,1,1,0,2,1,4,1,7,0,1,3,1,2,2,4,2,0,0,4,2,11,1,1,8,1,0,0,8,1,0,0,0,2,2,0,2,6,4,1,1,1,0,0,6,6,0,0,0,9,9,1,3,6,1,0,1,3,2,4,1,6,0,1,0,12,0,1,3,3,6,0,0,1,2,3,4,1,0,0,2,2,0,1,1,1,0,2,1,1,2,2,0,2,1,13,0,7,2,3,1,0,2,1,1,1,3,6,0,0,0,4,1,4,0,1,0,0,0,4,1,3,1,2,0,1,0,5,0,3,0,2,0,0,2,1,6,6,0,0,3,2,0,0,1,6,0,1,0,4,3,4,8,2,0,6,1,1,0,1,2,1,1,0,2,0,2,10,2,0,0,0,5,2,3,0,5,1,0,1,3,1,1,0,0,2,3,1,3,3,1,21,4,0,12,0,1,0,0,1,11,1,2,7,2,0,4,6,2,6,0,0,1,15,0,7,0,2,1,1,0,0,3,4,2,0,2,0,5,1,3,1,1,1,1,4,5,1,1,2,1,0,0,7,0,2,2,0,5,9,2,2,1,0,1,7,16,2,1,4,1,2,1,3,0,0,6,3,2,0,0,0,0,2,5,0,0,0,4,3,4,3,4,3,0,4,3,2,1,3,0,0,0,3,3,0,2,1,1,0,0,0,2,1,3,1,0,1,0,2,7,1,0,2,12,2
"ENSG00000287144.1",0,0,0,0,0,0,7,0,0,0,14,147,0,4,20,0,0,3,0,0,0,0,0,0,39,0,0,4,0,0,0,0,0,4,0,0,0,0,214,280,0,0,0,8,0,0,0,0,0,24,0,1,0,42,0,0,0,0,0,0,0,58,0,0,0,0,0,0,0,0,67,0,0,0,0,0,0,0,4,26,40,27,1,0,6,0,0,0,0,0,0,6,0,0,0,0,0,0,0,0,0,0,0,0,0,0,2,0,20,0,0,0,0,2,0,6,0,0,0,4,0,2,18,0,0,0,0,0,0,3,0,0,29,0,0,0,0,0,3,6,0,0,6,0,0,120,0,0,1,0,0,0,0,43,0,0,0,0,93,57,3,0,0,0,0,0,0,0,0,117,0,0,0,10,0,0,0,7,0,0,0,0,0,0,48,0,0,0,0,1,1,0,0,15,49,0,0,0,0,1,0,0,0,5,0,2,14,0,0,0,0,0,0,0,9,0,0,0,0,153,0,0,0,0,0,0,4,1,0,0,0,0,0,3,2,2,0,0,14,10,0,0,0,0,1,0,4,0,0,0,0,0,0,0,0,0,0,0,0,2,21,5,0,12,0,0,0,0,2,0,1,0,3,0,0,0,1,0,0,0,0,1,0,0,0,0,0,0,0,0,0,0,0,0,0,3,17,1,0,0,0,0,3,0,0,0,0,0,0,7,0,0,0,0,0,0,5,0,1,0,0,0,0,0,2,0,0,0,0,0,0,0,1,0,0,0,0,0,0,0,0,0,0,0,3,38,0,1,16,0,0,0,0,202,0,0,0,0,0,0,2,0,0,0,1,0,0,0,0,0,0,1,0,0,1,0,2,0,0,11,2,271,1,0,0,0,0,0,2,0,0,0,0,0,0,0,3,4,0,0,0,0,0,0,2,0,2,0,0,0,0,0,0,0,0,0,5,0,0,0,0,0,1,0
"ENSG00000287156.1",58,0,0,2,1,3,0,0,2,2,50,501,35,14,3,2,6,13,71,23,5,3,3,6,0,2,0,2,0,17,1,3,4,2,5,4,15,4,120,104,0,5,9,74,3,0,0,8,0,2,4,1,2,17,85,2,9,0,1,0,120,1,4,1,2,16,4,48,4,1,32,0,0,1,0,0,6,1,87,4,78,0,0,2,1,1,0,23,5,1,12,20,7,0,3,0,40,0,67,3,2,2,7,17,3,15,4,0,6,5,6,5,7,1,0,7,23,5,1,12,8,0,0,23,10,0,5,0,2,13,5,2,2,1,2,1,22,1,4,0,2,5,5,2,8,0,2,0,7,75,0,1,8,10,2,27,2,6,28,5,11,0,2,8,0,2,2,0,1,9,7,10,95,0,0,9,4,22,160,29,0,1,55,1,32,2,2,12,0,0,0,3,0,6,1,34,3,1,1,3,0,1,2,2,4,1,2,0,0,0,5,1,4,0,0,35,29,12,7,42,0,0,0,4,0,1,73,1,0,14,1,3,3,97,26,18,3,20,0,0,11,0,28,2,1,49,0,1,8,63,1,6,1,0,1,2,2,0,22,2,1,5,6,52,2,3,1,1,3,0,2,0,9,0,1,17,0,0,36,1,0,1,0,0,4,1,2,4,0,2,2,4,1,1,108,3,3,10,0,43,1,0,3,5,1,1,0,7,2,35,184,3,0,13,24,15,44,10,3,4,20,3,2,0,2,3,4,40,2,0,33,1,1,17,27,0,98,4,75,1,0,22,1,0,4,1,1,0,1,4,4,4,7,34,3,5,30,1,5,7,1,1,28,2,19,0,0,2,4,1,1,14,0,18,0,0,0,2,1,0,0,0,3,0,2,1,16,6,2,2,6,62,2,13,3,3,3,38,81,1,2,2,0,9,1,0,3,6,0,6,3,0,0,7,2,2,2,2,4,3,3,2,41,0
"ENSG00000287164.1",0,0,0,0,1,1,0,0,0,1,0,0,0,15,3,0,2,0,0,3,1,0,6,6,0,4,0,2,4,0,2,2,1,0,6,7,0,0,0,0,7,4,0,0,0,3,3,0,0,0,0,2,1,1,0,0,1,0,0,0,0,0,0,0,0,3,0,1,0,7,5,0,0,0,0,0,7,1,0,0,3,0,1,2,0,0,0,0,2,0,29,2,0,0,0,0,0,0,0,2,0,0,21,0,0,0,0,0,1,0,0,0,0,0,0,0,8,0,1,0,0,0,0,0,3,0,0,0,5,11,0,0,0,2,9,0,0,0,0,0,0,7,0,1,0,12,0,17,0,1,0,0,0,2,0,15,0,1,3,0,0,6,7,0,2,0,0,1,0,0,0,0,0,0,0,0,1,25,5,1,0,21,0,0,0,0,0,0,0,0,0,0,0,1,0,4,3,2,4,34,0,0,0,0,0,0,1,1,1,0,0,1,3,0,0,0,1,0,0,0,0,0,0,0,1,0,0,2,22,0,4,2,1,0,0,0,0,0,0,0,0,3,0,0,4,7,0,1,5,0,0,0,0,0,0,0,0,0,0,1,0,0,4,1,0,5,4,0,0,0,0,0,1,0,0,0,2,2,0,1,0,1,0,0,0,0,0,1,2,6,0,2,4,0,3,0,0,0,0,16,1,5,0,0,1,1,0,0,0,0,0,2,0,15,2,4,0,0,2,0,2,17,0,4,0,6,2,0,0,0,0,3,0,0,2,0,0,9,0,3,0,0,0,7,0,0,0,1,1,0,0,15,0,2,0,0,0,2,0,0,0,0,0,3,2,0,0,0,0,0,0,0,0,1,0,0,0,0,0,0,0,1,0,0,1,0,14,0,0,1,0,0,0,1,0,1,0,0,0,0,0,3,6,0,0,1,9,3,0,3,1,1,0,0,0,1,0,0,0,0,0,0,36,0
"ENSG00000287171.1",5,0,0,17,25,0,0,0,5,8,1,1,1,8,0,5,23,1,0,10,14,1,19,6,0,0,0,10,0,3,1,25,10,10,1,4,1,1,1,1,0,20,0,0,5,2,0,26,1,8,4,10,0,1,0,0,2,0,2,0,1,2,0,3,0,0,5,0,1,8,13,31,4,0,1,0,14,0,0,2,0,0,0,10,0,1,10,0,24,0,15,0,0,0,0,0,0,5,0,6,7,1,14,0,37,9,3,0,5,1,37,4,54,15,0,0,24,0,1,0,0,0,1,1,6,1,3,0,3,6,17,1,0,4,17,0,0,0,1,0,0,32,16,1,45,1,1,6,2,3,0,0,1,0,7,0,0,35,2,16,1,0,3,16,11,9,3,3,0,0,0,0,0,0,8,6,5,0,23,0,0,2,1,6,1,0,9,4,0,0,0,1,1,3,1,0,1,1,0,4,0,0,34,0,0,0,2,16,2,0,2,5,2,0,17,18,0,0,10,0,1,2,0,2,3,0,0,0,1,0,0,1,22,4,0,1,0,0,0,4,9,9,0,1,7,4,0,0,0,1,3,0,3,5,0,6,5,18,1,0,5,0,9,0,1,21,2,1,1,2,8,0,0,0,1,0,1,0,1,2,0,1,2,0,0,2,0,21,0,9,26,8,6,0,2,0,2,1,0,12,23,5,3,1,0,9,0,2,2,0,0,3,0,2,5,5,3,11,11,4,10,5,0,1,11,3,4,0,0,0,0,8,13,0,0,1,0,0,0,0,1,2,4,2,0,3,0,3,0,0,2,30,1,0,0,1,2,3,1,0,0,9,6,5,9,1,0,0,3,4,0,3,0,0,0,0,0,0,3,0,0,1,0,5,2,0,6,3,0,0,10,0,1,0,0,2,6,4,26,0,1,0,13,0,4,0,1,0,3,14,32,1,2,2,4,1,2,0,2,17,0,1,0,1
"ENSG00000287176.1",0,0,5,0,0,0,37,0,0,0,0,0,0,1,1,0,0,40,0,0,0,0,0,0,0,0,25,4,0,65,1,0,16,1,3,0,0,0,0,0,0,0,2,0,2,0,0,30,0,0,0,32,0,0,0,1,0,0,1,0,0,22,0,0,0,0,0,0,0,0,97,0,42,0,0,0,0,0,10,27,0,0,1,0,15,0,3,0,0,0,0,20,0,18,0,0,0,0,62,0,0,0,0,0,0,0,0,0,21,24,0,0,0,0,0,0,0,0,1,2,0,0,0,0,0,0,0,0,0,0,3,0,138,0,0,0,0,0,0,0,0,0,37,0,0,33,137,0,0,1,1,0,0,4,0,0,1,0,0,2,0,0,0,0,0,0,54,0,0,29,3,75,0,17,0,0,6,3,0,0,0,0,0,0,0,0,2,0,0,3,0,0,0,0,0,0,0,0,0,0,0,0,0,57,0,91,0,0,3,0,0,0,182,5,33,0,0,0,12,65,0,0,0,0,0,0,0,0,0,0,0,4,0,0,0,0,0,0,6,1,0,0,0,0,0,0,0,0,0,0,4,0,0,0,0,0,0,0,0,38,14,0,0,38,0,0,0,0,0,0,5,0,94,0,0,0,73,0,0,9,0,10,0,0,0,0,0,0,0,0,0,0,1,0,0,40,182,0,0,0,0,0,0,0,0,0,0,0,0,4,0,1,0,0,0,1,0,0,0,2,0,0,0,0,0,0,0,0,0,0,0,0,0,0,0,0,0,0,0,0,0,0,0,0,4,0,0,0,22,0,0,2,0,49,0,0,0,0,0,0,11,0,0,0,0,0,0,0,0,1,0,0,0,4,99,0,1,0,0,0,0,1,0,0,0,22,0,2,1,0,0,1,0,0,0,0,0,0,0,0,9,29,0,0,2,0,9,96,0,0,0,0,0,0,1,0,3,30,0,0,0,0,0,1
"ENSG00000287179.1",0,0,0,0,0,0,0,1,0,0,0,13,0,1,0,2,0,16,0,0,0,0,0,2,1,0,0,1,0,0,0,1,0,57,0,0,0,0,0,5,0,0,3,6,0,0,0,0,0,1,0,1,0,0,0,0,0,0,13,0,0,12,0,1,0,0,9,0,4,0,0,21,0,0,0,0,0,0,2,37,11,32,0,0,1,0,0,19,0,0,0,5,0,0,0,1,0,0,0,1,0,0,0,0,0,0,0,0,0,0,0,0,1,0,0,1,0,2,6,1,0,0,0,0,6,0,0,0,0,1,5,0,1,1,1,0,0,0,0,0,0,0,0,0,0,0,1,0,0,0,0,4,0,2,2,0,4,0,0,3,16,1,18,0,0,8,0,0,1,4,4,5,0,1,0,0,0,0,0,0,0,0,4,0,0,0,0,0,0,0,0,0,0,0,4,0,0,0,0,0,1,4,0,129,1,0,0,0,0,0,0,0,1,8,1,0,0,0,1,48,1,10,0,4,0,0,6,1,0,7,0,0,0,3,0,54,1,0,12,19,0,7,0,0,0,0,0,0,5,0,0,0,0,4,0,0,0,0,1,13,5,18,0,1,0,0,0,0,35,0,2,0,0,0,0,0,0,0,0,0,2,0,29,0,0,1,0,0,0,7,1,0,0,0,0,0,0,0,0,0,0,0,0,0,0,0,0,1,0,0,0,1,0,0,3,0,17,0,0,0,0,4,0,0,17,0,1,0,4,0,1,0,7,0,0,0,0,0,0,0,0,0,7,0,18,0,0,0,0,0,0,4,0,0,0,0,0,0,0,0,0,0,1,1,0,2,0,6,0,0,0,1,0,0,9,2,0,0,0,0,3,1,122,1,0,1,0,1,0,0,0,0,0,0,0,0,46,0,0,0,6,0,0,0,0,0,1,0,0,0,1,0,12,0,0,0,1,0,0,0,0,0,0,0
"ENSG00000287190.1",0,0,0,12,34,41,4,11,4,0,15,17,13,33,8,2,13,8,15,22,23,2,0,3,5,18,9,16,2,0,25,5,14,19,1,7,28,17,6,14,1,0,47,4,1,20,2,1,1,0,6,3,0,29,3,23,4,19,5,3,8,6,18,1,26,57,2,16,12,11,28,35,7,1,0,2,2,17,9,9,18,15,9,11,7,6,5,4,24,2,33,58,20,25,3,0,24,1,12,2,15,0,8,34,11,34,19,0,23,123,11,2,10,7,7,6,51,56,8,80,87,30,2,3,14,0,1,28,13,2,11,1,32,7,20,1,2,3,13,9,1,9,0,1,8,14,28,39,5,0,4,3,23,6,0,11,15,22,46,16,32,20,12,16,2,1,24,5,16,3,5,6,3,61,7,0,9,36,2,39,2,13,12,35,66,2,0,8,47,2,3,2,20,7,15,28,0,18,3,62,7,24,31,48,0,17,2,17,8,7,19,44,7,20,16,1,6,7,7,8,0,1,8,1,1,1,77,23,5,29,16,1,14,139,20,12,3,4,0,7,6,8,1,14,19,50,8,14,34,108,3,10,1,6,1,17,2,2,29,58,21,12,16,28,0,43,18,4,9,0,10,0,9,2,5,20,9,0,6,8,12,3,4,0,25,25,0,3,31,14,0,27,9,17,13,15,2,61,2,2,3,9,5,1,28,6,11,35,7,50,3,60,5,139,11,1,25,11,19,27,33,0,1,25,42,18,0,12,27,0,17,13,3,19,8,1,13,23,28,35,1,67,57,3,9,2,2,20,18,0,1,2,14,28,16,4,33,3,17,17,1,1,28,44,2,15,0,18,13,10,24,15,12,14,3,7,45,2,0,6,3,15,14,5,2,4,38,9,6,39,26,9,1,19,27,18,40,11,2,0,2,11,11,35,11,0,8,16,2,15,14,0,5,3,6,2,15,1,16,1,1,1,2,0
"ENSG00000287217.1",0,0,0,19,24,8,0,3,0,0,0,0,6,0,0,1,7,1,0,3,4,1,8,7,2,155,0,2,28,0,11,4,1,2,0,0,1,7,0,0,1,0,0,0,0,67,0,1,1,2,0,0,1,1,1,93,0,2,546,0,0,0,0,0,100,2,20,1,7,1,4,6,0,0,2,0,2,22,2,30,1,1,0,1,31,2,3,5,0,0,2,0,1,0,1,3,1,15,0,0,0,1,3,3,0,0,82,0,106,0,26,0,0,36,0,0,5,44,0,2,0,6,0,0,10,0,8,4,8,16,0,0,13,0,0,0,0,0,7,0,2,15,0,6,5,1,0,0,6,0,0,1,0,1,0,0,0,5,2,3,5,0,5,10,17,2,3,18,51,76,241,5,0,0,0,0,0,2,0,0,0,6,0,0,0,0,60,71,0,24,3,0,0,2,3,2,1,0,0,0,6,1,0,51,1,3,0,11,1,0,0,1,0,9,49,0,0,0,0,16,0,8,0,2,1,0,2,4,0,0,36,0,0,0,0,0,0,1,0,0,5,7,1,16,32,0,0,0,0,0,0,0,0,0,5,0,0,3,0,30,4,520,32,3,0,8,13,0,7,0,3,0,1,1,0,0,1,2,4,50,1,0,23,0,0,1,1,5,0,9,0,15,22,0,1,3,13,6,4,9,4,1,3,0,0,0,0,16,6,1,0,21,0,20,0,0,1,2,0,16,2,5,1,24,0,0,0,0,0,0,1,4,3,37,2,1,0,0,0,0,1,0,4,0,2,36,14,4,0,0,0,0,11,0,1,0,10,1,1,1,4,0,0,10,0,2,4,0,1,4,12,0,0,0,0,0,11,0,0,0,5,33,7,2,0,0,43,9,13,21,8,4,4,17,15,4,7,7,0,0,1,0,13,0,0,0,0,1,0,0,1,0,2,0,44,24,6,0,2,0,0,0,0,0
"ENSG00000287225.1",0,0,0,0,2,0,0,0,0,0,0,0,3,0,0,19,7,0,0,0,0,0,86,0,0,0,0,0,0,0,0,2,0,5,0,152,3,0,0,0,0,8,0,0,0,0,159,0,0,0,0,5,0,0,0,0,0,0,0,54,0,0,0,0,73,0,0,0,0,89,0,33,0,0,0,0,50,0,0,0,0,0,385,14,0,142,0,0,39,0,0,0,0,0,0,0,0,0,0,0,35,0,13,0,0,29,0,0,10,0,0,0,821,0,0,0,0,0,0,0,0,0,0,0,0,0,1,4,0,0,2,0,0,0,24,1,0,0,0,4,0,0,0,0,0,0,3,19,0,0,0,0,0,0,0,0,0,0,0,0,0,1,0,0,0,0,0,0,0,0,0,0,0,0,0,0,0,0,0,0,0,174,1,0,0,0,0,0,0,10,0,0,703,0,1,0,1,0,1654,248,0,72,1,1,0,0,5,16,0,107,37,1,0,0,0,0,0,0,0,0,1,0,0,366,0,0,0,0,3,0,47,2,2,0,0,0,0,0,0,0,50,0,0,78,22,0,0,0,0,0,0,0,0,0,17,86,0,2,0,0,4,0,0,0,0,0,0,1,0,9,0,1,1,0,1,0,0,1,0,0,0,0,0,0,0,0,0,13,0,7,1,0,0,0,0,0,0,0,0,0,0,15,0,2,0,10,0,1,0,0,1,0,0,48,7,21,0,0,2042,0,0,1,1,0,282,71,0,0,0,6,0,0,0,0,0,0,0,0,0,225,1,0,1,0,17,9,0,26,0,1,1,0,1,0,0,3,0,26,0,0,26,0,0,62,0,1,0,0,0,1,381,0,1,1,1,0,1,0,0,0,1,0,498,28,0,0,0,1,0,0,0,0,1,0,0,0,528,0,0,0,0,0,27,0,0,0,9,1,13,109,0,47,0,0,4,0,5,0,0,3,0,0,0,0
"ENSG00000287248.1",0,0,0,0,1,0,2,0,0,0,0,0,0,48,10,0,0,0,0,0,2,0,0,1,0,0,0,2,0,29,0,1,3,0,0,0,1,0,0,1,0,0,0,1,0,2,0,2,0,0,0,2,1,12,0,1,0,0,4,0,0,6,0,3,0,0,0,0,0,1,94,0,0,0,0,0,0,0,0,7,14,12,0,0,3,0,0,0,0,0,0,2,3,0,0,0,0,7,12,0,0,0,0,0,0,0,0,0,51,0,0,0,0,3,0,0,3,0,0,0,0,35,1,1,0,0,0,0,0,4,0,0,36,0,0,0,0,0,8,0,0,0,17,0,0,0,0,0,1,0,0,0,0,6,0,0,0,0,3,18,0,0,0,0,0,3,23,0,0,0,0,6,0,89,0,0,0,10,0,0,0,0,0,0,0,0,7,0,0,5,0,4,0,23,1,1,0,0,0,0,0,0,0,27,0,6,0,0,0,0,0,0,0,5,44,0,0,0,4,17,0,1,1,0,0,0,0,28,0,0,0,1,0,0,0,0,0,0,0,0,0,0,0,0,0,0,4,0,0,0,0,0,0,0,0,0,0,0,0,23,12,4,0,37,0,0,0,0,17,0,0,0,30,0,0,0,1,0,0,1,4,0,0,0,0,0,0,0,0,0,0,0,0,0,0,33,48,0,0,0,0,0,7,0,2,0,0,0,5,19,0,0,0,0,0,0,5,0,0,3,0,0,0,1,0,0,0,0,0,0,9,0,0,0,0,1,0,0,0,0,0,0,0,0,18,0,0,0,5,0,0,0,0,23,1,0,0,1,3,0,0,0,0,0,0,0,0,44,0,0,0,0,2,1,6,0,12,0,0,2,0,6,2,0,0,0,0,2,0,0,1,0,0,0,0,0,0,6,0,0,0,0,0,0,5,0,7,27,0,0,0,0,0,0,0,0,5,2,0,1,0,0,0,0
"ENSG00000287251.1",0,0,0,0,3,0,8,0,0,0,0,0,1,0,0,0,0,3,0,0,5,0,0,0,0,0,0,0,0,0,221,1,22,0,0,0,3,0,0,0,1,3,0,0,0,0,0,4,0,0,0,0,0,0,0,0,0,0,0,0,0,21,0,0,0,0,0,0,0,0,0,51,0,0,0,0,0,0,0,0,239,2,1,0,2,0,1,0,354,0,181,58,0,0,0,0,0,0,1,0,0,0,0,0,0,0,1,0,1,0,1,1,0,0,0,3,0,0,0,3,0,0,0,4,11,0,0,0,0,22,0,0,554,2,1,0,0,0,0,0,0,2,9,0,0,0,0,3,0,0,0,0,0,0,0,1,1,0,0,0,0,0,85,0,3,0,0,0,0,1,0,0,0,0,4,0,0,0,1,0,0,0,1,0,0,1,0,0,0,0,0,0,0,1,7,0,0,0,0,0,0,4,0,0,0,137,0,0,0,0,0,0,4,0,0,0,0,0,7,0,0,0,0,0,0,0,0,0,0,0,7,1,0,0,0,58,0,0,22,0,0,0,0,0,119,0,0,0,0,0,1,0,0,0,0,0,0,0,1,0,2,1,0,0,0,0,1,0,0,0,0,0,0,0,6,0,0,0,0,0,0,0,0,0,0,0,0,0,8,0,0,1,0,0,3,4,0,0,0,0,0,0,0,0,1,1,0,1,0,0,0,0,0,0,1,0,0,0,5,3,0,0,0,1,1,0,0,0,0,0,0,2,4,0,0,0,0,0,0,479,0,0,0,0,0,0,1,0,0,0,0,26,0,1,0,0,0,5,0,0,0,0,0,0,0,0,33,15,0,2,0,0,0,0,0,0,0,0,0,0,0,0,1,4,0,2,0,0,0,0,0,0,0,0,0,0,6,0,0,0,0,0,0,0,1,0,0,63,0,0,0,0,0,0,3,0,12,0,0,0,0,0,0,0
"ENSG00000287275.1",2,0,3,0,6,5,0,0,0,0,0,0,1,15,3,2,6,3,0,2,0,1,4,2,6,1,2,2,1,1,0,8,1,1,0,2,2,0,2,0,0,0,1,2,3,0,1,1,0,0,0,0,2,3,0,3,0,12,14,0,2,1,0,1,0,2,7,3,4,2,19,0,1,0,2,0,24,12,5,3,1,2,5,2,0,1,1,0,0,0,0,1,0,0,0,0,1,2,0,1,0,0,0,0,2,1,0,0,12,1,0,1,1,3,1,0,29,1,2,2,0,1,0,0,2,0,1,2,3,15,1,1,6,2,1,0,0,1,0,0,0,8,0,0,1,0,0,0,0,2,0,2,5,5,1,2,3,8,1,1,1,0,0,1,7,0,0,4,1,0,2,1,0,13,0,1,1,0,2,0,0,0,0,2,1,1,2,2,1,2,0,0,5,2,1,1,1,0,0,0,0,0,2,30,0,0,0,1,0,1,0,0,2,0,3,2,0,0,2,4,0,1,0,0,0,0,3,1,0,2,2,1,0,0,1,0,0,1,0,2,0,2,0,1,2,2,2,1,1,4,0,0,0,5,0,0,0,3,0,0,4,2,0,0,0,1,4,1,18,0,0,0,1,0,1,2,0,0,0,0,8,0,6,0,1,2,0,4,1,2,3,0,0,1,0,0,2,0,5,0,3,4,26,0,0,0,2,1,2,1,4,3,1,2,6,7,5,0,2,2,1,0,0,9,2,0,1,3,3,0,0,3,1,2,0,0,1,0,0,3,0,2,2,0,7,5,1,7,0,0,0,3,2,1,0,1,1,0,0,1,3,1,3,8,2,0,2,0,5,0,4,1,0,0,19,1,1,0,0,9,0,5,9,0,0,1,4,2,3,0,9,1,0,3,2,0,16,1,1,0,1,0,3,0,17,3,2,0,0,2,2,1,7,1,0,0,8,0,11,0,1,1,0,0
"ENSG00000287279.1",0,0,0,0,0,2,0,0,0,0,0,0,0,0,2,0,0,0,0,0,0,0,0,0,0,0,0,0,2,0,0,11,0,0,0,0,1,0,1,0,0,0,27,0,0,1,1,1,0,0,0,10,0,1,0,0,0,3,0,0,0,8,0,0,0,3,0,0,0,16,7,0,0,0,0,0,0,0,1,12,7,0,4,0,0,1,0,0,4,0,1,0,9,0,0,0,0,0,1,0,0,0,3,0,0,3,0,0,27,14,0,0,0,0,0,0,1,0,6,0,0,0,0,0,0,0,0,0,11,0,0,0,8,0,5,0,0,0,0,0,1,1,5,0,0,0,1,0,0,0,0,0,0,1,0,0,2,4,0,0,0,0,0,0,0,12,5,0,8,13,0,0,0,6,1,0,2,37,0,0,0,1,1,0,0,1,0,0,0,0,0,1,0,0,1,0,0,0,0,24,0,0,0,6,0,0,0,0,1,1,0,0,0,12,0,0,0,0,0,1,0,0,0,0,0,0,0,0,0,0,0,0,0,0,0,0,0,0,0,0,1,0,0,0,4,0,2,2,0,0,0,0,0,0,0,2,0,0,0,0,0,0,0,8,0,0,0,0,0,0,0,0,15,0,0,0,2,0,0,0,0,1,0,0,0,0,0,0,0,0,0,0,0,1,0,3,2,0,0,0,0,7,3,0,6,0,0,0,0,1,0,0,0,2,0,0,2,6,0,0,7,1,0,1,1,0,0,0,0,0,0,1,0,2,0,0,0,0,0,5,0,0,6,0,0,1,0,4,0,0,0,12,0,3,0,1,1,1,0,0,1,0,0,0,0,0,2,2,0,0,0,0,1,0,0,0,0,0,0,0,0,0,0,1,0,0,0,2,2,0,0,0,0,0,1,0,2,4,0,0,0,0,1,0,0,5,0,2,0,1,0,0,0,1,0,0,2,2,0,0,0,0,0,0
"ENSG00000287315.1",784,0,158,2,27,9,0,7,3,44,3,1,0,14,333,7,194,49,0,11,8,2,79,3,0,3,0,3,0,5,28,83,3,1,3,9,1,18,0,0,0,101,3,1,3,13,4,0,1,0,1,14,0,1,0,0,1,0,0,1,0,12,0,0,0,0,8,0,0,22,61,20,3,0,0,1,162,37,1,14,5,15,27,9,3,790,0,0,11,1,83,2,103,0,14,1,8,0,3,16,0,2,5,3,30,10,26,1,88,14,53,12,1,2,24,0,17,1,47,98,0,0,0,4,0,1,3,5,34,92,2,6,93,2,141,1,3,1,41,0,3,24,10,5,55,17,6,87,17,41,3,1,1,3,3,8,0,4,11,104,3,4,13,20,32,4,66,77,0,21,1,1,10,95,4,0,7,3,317,1,0,9,4,37,0,0,0,1,0,0,0,5,28,2,6,64,0,95,2,428,2,1,39,12,0,3,0,46,5,0,48,153,1,3,9,14,2,0,7,4,0,5,0,4,4,1,0,2,5,3,128,0,4,4,0,1,3,0,1,0,148,0,3,568,171,4,1,7,15,2,0,13,0,0,3,17,1,43,1,5,0,1,771,8,0,18,50,3,8,3,1,2,1,1,2,4,3,0,2,0,1,0,15,1,4,3,0,31,2,3,4,5,3,0,4,8,56,3,8,183,4,55,18,0,1,32,0,79,2,1,0,39,0,230,118,136,0,26,10,2,19,240,3,162,3,256,4,1,0,2,1,2,3,7,41,9,1,3,0,4,0,0,4,734,1,2,0,16,2,2,3,24,2,1,3,1,6,897,2,27,1,0,2,255,110,1,16,49,1,0,1,0,0,1,71,0,10,3,1,27,1,4,8,2,6,0,32,2,7,0,175,0,2,12,11,2,17,0,27,0,3,0,40,1,92,298,5,3,0,3,6,0,0,1,12,38,12,11,234,22,2,1,16,6
"ENSG00000287326.1",8,0,19,0,2,0,0,0,0,6,0,0,0,0,123,0,0,0,0,1,6,0,11,0,0,1,0,0,0,2,0,15,0,0,20,14,0,0,0,0,2,8,0,0,4,0,47,0,0,0,0,0,0,0,0,0,2,0,0,0,0,0,0,0,0,0,0,0,0,0,0,8,0,0,0,0,2,0,0,0,5,0,11,35,0,2,0,0,14,0,1,4,0,8,0,0,0,0,0,0,0,0,0,0,0,2,2,0,11,1,1,0,25,0,2,0,1,0,0,43,0,0,2,0,1,2,1,0,0,45,0,0,20,0,70,0,0,0,0,0,2,1,16,0,2,15,1,0,0,3,0,0,0,0,0,12,3,1,0,7,0,0,92,0,2,0,2,70,0,0,0,0,18,2,6,0,0,0,1,0,0,25,13,0,0,1,0,0,0,0,0,7,0,14,9,0,0,0,42,0,0,0,2,0,0,0,0,27,0,0,1,0,35,0,0,0,0,0,0,4,0,0,0,0,0,0,0,0,0,0,0,0,0,0,0,0,0,0,0,1,24,0,0,24,19,0,0,0,0,0,1,1,0,0,0,10,0,6,7,1,0,0,1,0,0,0,8,1,0,0,2,0,0,0,0,0,1,0,0,1,1,2,0,0,0,0,0,0,5,0,1,0,0,0,1,17,2,0,0,0,0,17,0,0,0,0,0,0,1,0,0,0,0,3,0,18,0,2,91,3,0,3,0,1,7,33,0,0,0,0,0,0,0,1,0,0,0,0,0,75,0,2,0,5,0,0,0,13,2,0,1,22,0,0,0,0,0,2,0,0,0,0,0,16,0,0,39,0,0,1,0,1,0,0,1,0,2,0,0,2,3,3,0,0,0,0,0,13,0,1,0,0,0,0,0,0,1,0,0,0,0,0,8,0,22,0,8,0,0,63,1,0,0,0,0,0,1,30,27,0,0,0,0,0
"ENSG00000287338.1",1,0,4,3,8,0,0,0,1,3,2,0,2,20,5,1,4,0,0,2,3,1,15,1,0,1,2,4,2,4,4,16,3,1,4,0,3,1,0,1,0,5,2,0,1,0,2,2,2,1,0,4,1,1,1,1,1,1,0,1,0,5,1,0,0,1,2,0,3,0,17,13,3,0,0,1,34,5,0,5,2,8,1,4,4,8,6,0,7,1,39,14,5,5,1,0,0,5,5,0,0,0,60,0,3,4,3,0,83,2,213,3,4,2,0,1,8,0,5,1,0,2,0,1,3,1,2,0,10,21,2,0,2,6,3,0,1,0,172,1,1,12,11,0,3,26,4,14,0,2,2,0,1,2,0,0,0,2,1,2,9,2,0,4,6,10,6,13,1,26,1,6,3,4,1,0,4,4,3,1,0,5,0,3,1,1,0,2,2,0,3,1,139,0,5,0,0,0,0,4,1,4,6,3,1,14,0,2,6,1,0,2,1,4,14,12,0,0,2,3,0,0,0,2,1,0,2,6,2,1,2,0,3,0,4,1,0,0,2,1,1,2,0,1,61,2,0,0,2,1,4,1,0,7,0,2,0,5,1,8,2,1,11,2,0,7,4,0,2,1,1,0,0,0,1,1,2,0,1,5,1,1,0,0,1,1,0,0,2,6,0,2,3,2,1,7,50,1,0,8,2,7,4,0,0,4,0,1,1,1,1,4,1,13,3,10,1,10,6,3,2,14,0,8,0,2,0,0,1,0,0,0,0,1,1,0,3,13,0,0,0,1,4,4,1,0,0,4,4,0,1,3,1,2,0,1,4,68,4,14,1,0,4,6,422,0,0,2,0,5,4,6,2,0,5,0,0,3,2,1,1,2,0,1,0,4,7,2,3,3,14,2,2,11,1,4,3,0,8,0,2,0,2,1,3,7,1,0,0,1,4,0,1,1,9,4,1,7,15,3,0,0,3,0
"ENSG00000287342.1",29,2,3,19,21,22,0,27,17,3,97,17,29,3,2,5,5,0,153,35,82,5,2,32,0,6,28,1,8,0,39,16,0,8,2,211,5,4,220,71,0,62,1,0,15,18,20,0,1,9,10,3,11,40,37,2,42,6,1,0,0,0,68,0,0,28,0,3,3,11,1,13,10,9,7,0,97,51,62,2,57,2,26,45,0,13,10,1,51,2,74,182,0,30,1,0,6,0,46,2,6,16,56,20,6,35,77,2,32,6,56,0,57,3,19,2,42,0,35,38,0,0,31,12,20,15,17,0,174,44,28,3,0,33,21,8,6,4,80,3,2,76,7,12,16,0,1,78,15,51,1,0,119,2,4,41,9,18,158,5,0,47,16,70,45,0,10,22,12,0,38,2,41,1,44,15,21,37,11,2,4,42,26,51,1,7,10,1,32,0,40,0,1,35,0,63,1,42,8,30,1,0,28,0,0,0,33,20,0,24,25,194,4,2,1,6,10,2,0,4,8,8,2,6,2,0,2,1,13,55,0,2,10,24,1,100,1,1,0,12,49,25,1,78,13,51,0,32,67,0,0,2,2,5,0,31,3,39,39,3,4,1,12,1,19,306,12,0,1,0,8,1,0,8,27,7,31,5,8,10,1,41,2,0,123,3,1,16,13,6,10,31,26,7,24,0,3,23,14,9,3,8,0,2,0,5,1,1,0,0,0,152,1,88,40,14,2,23,65,24,128,6,3,12,39,88,3,45,9,12,3,7,0,1,87,9,126,16,56,133,2,38,4,85,1,2,105,8,1,0,14,152,67,54,33,8,40,27,4,52,30,13,3,41,22,39,3,5,4,1,20,42,1,2,19,0,0,2,1,24,0,0,26,5,6,6,53,265,11,21,86,2,2,123,86,0,85,116,12,9,2,19,17,36,0,9,43,0,0,54,67,2,2,10,0,24,5,5,67,11,0,18,23,6
"ENSG00000287352.1",0,0,0,0,0,0,5,0,0,0,0,4,15,263,53,0,0,28,0,0,4,0,6,11,42,5,0,69,13,79,0,0,19,0,6,0,39,0,7,8,0,0,2,1,2,0,0,3,0,0,0,23,0,50,0,2,0,0,6,0,34,22,25,15,9,0,0,2,0,0,98,0,6,0,0,0,6,0,37,13,49,13,21,0,39,0,2,1,24,15,0,57,24,6,0,1,0,64,56,1,12,1,0,16,0,0,0,0,105,29,0,0,0,16,0,11,2,4,90,24,30,16,0,0,2,0,1,2,0,57,7,2,30,0,0,5,0,1,12,6,2,0,72,0,3,90,11,0,1,0,0,1,0,35,2,0,36,1,125,12,4,0,0,1,0,7,11,0,0,57,0,61,0,41,0,5,36,45,0,23,3,0,0,0,32,0,20,7,14,43,0,15,0,18,4,10,0,0,0,0,0,0,1,51,0,28,0,11,4,16,0,0,58,14,22,46,0,0,15,63,0,12,0,0,0,0,0,38,0,0,0,0,0,11,0,8,0,0,9,65,0,1,0,0,0,15,25,0,1,41,2,0,1,19,3,0,1,3,12,28,35,26,5,58,0,6,0,1,28,0,60,0,34,0,0,0,157,0,0,9,75,27,13,0,0,0,0,0,21,1,1,0,0,16,0,94,91,0,0,0,0,0,66,0,11,0,0,2,205,18,3,0,39,0,0,33,47,8,5,13,0,1,2,0,3,0,1,13,9,0,95,0,0,0,51,0,0,0,0,0,1,2,2,0,15,20,39,0,8,0,0,30,0,34,9,0,0,0,0,0,24,1,0,0,0,1,0,17,0,8,0,24,0,9,43,0,7,9,0,74,28,12,15,0,0,28,0,60,23,0,0,0,0,0,0,0,24,100,18,0,6,0,0,0,11,0,2,62,14,0,1,7,0,0,0,0,8,27,12,2,0,0,0,0
"ENSG00000287379.1",0,0,0,0,3,6,11,1,4,2,8,2,9,2,1,4,0,2,11,2,0,0,2,2,0,1,0,3,14,1,16,1,4,3,3,0,2,0,0,0,1,0,15,17,1,1,0,0,0,12,0,0,0,5,1,0,5,18,2,0,7,12,8,3,2,10,2,7,11,1,21,2,1,1,5,0,7,1,49,3,9,2,3,0,3,0,1,10,1,1,1,42,4,0,1,1,7,1,120,0,0,2,2,17,1,1,10,0,8,24,0,0,1,2,9,2,8,1,21,35,2,3,0,0,5,3,2,1,0,0,3,0,2,1,0,0,2,1,6,0,0,5,4,2,3,0,13,4,20,0,0,1,2,3,1,2,0,28,4,2,2,1,5,3,0,0,34,5,4,1,0,8,1,1,1,2,5,8,3,1,0,0,9,1,4,0,3,0,0,4,2,1,0,3,1,0,5,1,0,0,0,0,5,5,2,0,2,0,8,0,2,4,12,5,1,0,0,0,0,10,0,0,25,2,2,1,17,0,1,5,4,1,0,2,2,11,0,0,0,1,2,2,1,0,37,6,21,2,7,2,1,1,1,6,0,0,0,0,7,0,8,5,10,14,2,2,0,0,11,0,2,0,5,0,0,10,6,0,3,3,10,27,1,1,0,17,0,1,52,2,0,2,6,0,1,23,2,0,7,0,1,0,8,0,29,0,1,1,3,8,12,3,2,1,2,0,3,2,2,3,2,1,0,5,2,0,3,0,9,1,8,0,1,5,1,0,12,0,7,1,0,2,0,0,16,3,9,9,9,0,1,11,1,60,0,0,33,0,26,7,1,0,3,52,0,1,0,47,3,0,1,4,0,33,5,4,3,1,0,1,3,10,2,0,0,0,10,11,4,0,56,2,1,6,7,1,6,54,2,0,3,0,1,0,0,0,1,55,0,1,2,0,2,0,1,0,5,3,7,1,0,1,1,2
"ENSG00000287381.1",0,0,0,0,6,0,0,1,0,0,0,3,3,0,0,2,0,4,4,0,4,1,0,1,1,0,2,0,2,0,0,0,0,2,0,40,7,0,0,0,0,0,0,30,0,0,0,0,0,76,0,0,0,0,18,0,7,0,17,6,44,14,0,0,1,0,0,94,0,0,0,0,0,0,3,0,0,3,0,23,14,9,0,0,66,4,0,2,0,0,20,1,0,7,29,0,2,0,8,0,0,0,0,0,0,0,13,1,5,0,1,0,0,1,0,0,2,1,0,4,14,0,0,1,0,2,0,5,1,16,3,0,3,0,0,0,0,0,1,0,0,2,0,1,0,0,1,0,0,0,0,0,0,146,1,2,0,1,22,15,9,2,0,0,0,1,1,4,4,0,80,0,3,0,0,0,2,28,0,20,0,8,5,0,34,0,27,5,4,3,0,0,0,22,1,0,1,1,0,66,0,9,1,3,0,0,0,0,2,24,1,5,1,1,0,0,20,4,0,3,0,6,0,2,0,0,17,0,0,1,0,2,0,44,70,29,0,42,0,19,1,0,29,5,0,4,0,2,0,135,0,0,0,2,0,3,0,4,3,1,7,2,0,1,0,0,2,0,12,0,2,0,0,1,0,0,0,3,78,5,0,0,18,0,0,0,0,0,0,0,0,0,2,2,53,0,2,10,25,0,1,0,0,0,0,0,0,0,0,3,272,17,0,9,4,0,1,1,0,0,9,0,0,3,3,0,0,56,1,0,25,0,0,1,0,3,41,1,2,0,0,168,0,1,4,3,4,1,1,0,0,0,0,3,0,0,0,0,0,4,1,1,2,0,0,10,0,0,18,0,22,4,0,0,2,0,0,0,0,0,54,4,33,0,0,0,6,3,1,4,0,37,0,6,6,0,62,0,4,0,0,3,10,0,0,0,1,0,1,0,0,1,0,0,5,1,1,0,1,1,0,0,46,0
"ENSG00000287390.1",0,0,0,6,1,0,0,0,0,0,5,18,9,50,27,0,0,20,0,1,0,0,12,13,4,5,8,10,9,63,10,0,6,0,24,0,11,0,35,21,1,0,0,35,0,0,0,3,0,0,0,8,0,28,1,10,0,0,23,0,1,9,57,4,0,0,0,0,4,0,2,13,0,0,0,0,17,3,6,20,196,8,0,0,4,1,2,28,2,16,0,38,17,4,0,0,0,10,13,9,0,0,0,4,0,50,0,0,22,15,8,0,0,12,0,25,0,3,27,137,0,26,0,0,2,0,1,6,0,12,2,0,35,0,0,0,0,0,20,2,0,0,43,0,0,19,1,1,0,1,0,1,0,20,0,0,29,0,201,21,0,0,0,0,0,0,4,1,3,6,11,34,0,40,0,21,8,87,1,5,0,73,7,2,67,0,5,0,0,28,0,12,0,26,11,29,0,0,0,0,0,0,0,46,0,113,0,0,1,4,0,7,71,39,15,0,21,0,10,55,0,28,3,3,0,0,29,20,3,0,0,3,1,29,30,14,0,0,0,33,3,4,0,0,11,0,11,0,0,0,4,0,0,43,0,0,0,8,57,49,31,16,5,10,0,0,0,0,18,0,31,0,18,0,3,0,51,0,0,7,34,15,39,1,0,0,0,0,9,2,0,0,1,33,3,10,7,1,0,0,0,55,21,0,28,0,0,11,32,6,0,4,12,3,4,6,10,0,0,24,0,0,0,0,1,1,0,3,31,0,479,0,0,0,51,0,9,3,6,0,0,2,2,0,11,31,2,12,6,0,2,92,0,25,0,0,0,0,1,0,18,0,0,2,0,0,9,5,0,17,0,31,2,10,4,0,5,1,0,31,45,2,0,0,0,29,0,17,17,0,0,0,0,0,0,0,13,32,1,0,3,0,0,0,21,0,24,13,28,0,12,21,0,0,1,0,7,7,2,3,0,0,15,0
"ENSG00000287394.1",0,0,0,0,0,0,0,0,0,1,0,4,1,589,134,0,0,85,0,0,0,0,129,0,57,0,0,1,0,30,0,0,21,9,75,0,118,0,0,0,0,0,36,0,4,0,0,100,0,0,0,72,0,2,0,0,0,0,157,0,0,17,0,0,0,0,0,0,0,0,60,0,0,0,0,1,0,0,131,76,57,151,0,0,46,0,0,36,0,0,0,21,0,0,0,0,0,74,206,1,0,0,0,0,0,0,1,0,259,0,13,0,0,46,0,3,0,39,3,109,0,53,0,0,1,0,2,69,0,0,0,0,229,0,0,0,0,0,2,3,0,0,12,0,0,225,126,0,0,1,0,0,0,72,0,0,2,0,1,56,54,0,0,0,0,65,27,0,0,63,0,0,0,274,0,0,0,253,0,0,0,0,0,0,54,0,67,0,0,98,0,416,0,36,70,0,1,0,0,0,0,0,0,1,0,653,0,0,15,0,0,1,137,96,0,0,0,0,40,18,0,13,0,0,0,0,0,0,0,0,0,35,0,0,0,41,0,0,0,6,0,0,0,0,0,87,0,0,0,0,0,0,0,0,0,0,0,0,3,1,70,10,0,104,0,0,0,0,14,0,56,0,5,0,0,0,125,0,0,161,5,7,105,0,0,0,0,0,0,0,2,1,0,2,0,328,162,0,0,0,0,0,127,0,14,0,0,0,55,99,0,0,6,0,0,0,99,0,0,84,0,0,0,0,13,0,0,0,81,0,70,0,19,0,0,0,0,0,0,0,0,0,0,0,1,75,0,0,34,0,1,0,0,68,0,0,0,0,0,0,1,0,0,0,0,0,7,0,0,0,0,1,0,135,244,0,134,0,0,0,56,61,1,0,0,10,0,2,3,0,0,0,0,0,0,0,78,18,0,0,0,0,0,0,0,0,0,25,20,0,0,0,0,0,85,0,90,1,0,0,0,2,0,0
"ENSG00000287407.1",22,0,0,0,0,0,0,2,2,1,0,0,0,0,2,0,8,0,0,0,1,0,5,0,0,0,2,0,1,0,148,25,0,0,0,16,0,17,0,0,0,5,0,0,0,3,0,0,0,0,0,40,0,47,3,9,0,0,788,0,0,6,0,0,0,0,0,0,0,0,0,0,2,0,0,0,0,3,5,1,3,3,6,65,0,17,1,1,16,11,6,0,0,0,3,0,0,1,0,0,0,0,0,0,43,0,1,0,275,0,12,0,0,1,0,0,0,0,18,1,0,0,1,0,0,8,2,0,1,0,4,0,4,1,0,0,0,0,0,0,0,0,27,0,52,209,7,0,123,12,0,0,0,0,2,2,1,0,0,1,1,47,0,1,165,0,31,3,0,0,0,29,0,0,7,0,13,0,1,0,0,0,0,0,0,2,0,1,54,1,3,0,3,1,0,1,0,0,0,10,0,0,0,0,0,5,0,0,0,0,7,7,537,0,1,0,1,0,17,0,1,1,0,28,0,0,0,1,30,0,15,2,4,0,0,2,1,0,3,19,0,7,0,3,1,1,0,13,0,0,0,12,0,44,0,0,0,10,0,8,11,1,1,0,0,1,3,0,1,0,0,0,1,0,0,0,0,0,1,1,0,0,0,0,0,0,0,22,0,134,0,0,2,26,0,21,0,0,0,0,40,25,0,2,16,0,0,1,0,0,0,0,0,81,152,234,3,3,1,0,0,0,0,244,11,0,0,5,0,0,1,0,0,0,2,1,0,0,0,1,0,1,0,8,0,0,0,0,0,0,0,0,0,3,0,1,3,0,0,0,2,0,0,2,0,0,301,0,0,1,1,0,1,0,3,0,0,2,0,0,0,0,95,1,0,2,0,0,0,0,0,0,0,0,0,0,1,0,0,0,2,0,1,0,0,0,19,0,0,0,1,4,9,0,6,1,0,0,1,0,0,0,0,0
"ENSG00000287410.1",0,0,0,0,0,0,0,0,0,0,0,0,0,2,0,0,0,12,0,0,0,0,0,1,0,0,0,0,0,0,0,0,0,65,0,0,1,0,0,0,0,0,0,0,1,0,0,0,1,0,0,3,0,0,4,9,0,0,50,1,0,9,0,0,0,0,0,0,0,1,144,0,0,0,0,0,0,0,0,0,24,426,0,0,21,0,0,3,0,0,0,0,0,0,0,0,0,0,0,0,0,0,0,0,0,0,10,0,34,0,1,0,0,140,0,0,0,0,0,1,0,18,0,0,0,0,0,2,0,0,0,0,21,0,0,0,0,0,0,0,0,0,0,0,0,0,0,0,0,0,1,0,0,117,16,0,0,0,0,2,2,0,0,2,0,4,0,1,0,2,0,19,0,32,0,0,0,1,0,0,0,45,39,0,3,0,0,2,0,5,0,0,38,9,62,0,0,0,0,0,48,36,0,1673,0,4,0,0,0,4,0,0,0,0,49,0,0,0,107,6,0,0,0,0,0,0,0,7,0,0,0,0,1,0,12,1,0,0,0,1,0,0,0,0,0,0,0,0,0,0,0,0,0,0,0,0,0,0,0,0,1,9,0,8,0,0,0,0,25,0,0,0,10,0,0,0,0,0,0,5,1,1,0,0,0,0,0,0,0,0,0,0,0,0,0,0,0,0,0,0,0,0,0,0,0,0,0,0,0,10,0,0,0,0,0,0,1,0,0,0,0,0,0,0,15,0,0,0,0,1,41,0,0,0,0,0,0,0,0,0,0,0,0,0,0,1,0,0,1,0,0,0,0,4,0,1,0,0,0,0,0,0,0,0,0,0,0,0,0,0,0,0,0,1,109,82,7,0,0,0,1,0,50,0,0,0,0,0,0,0,0,0,0,0,0,0,0,0,0,0,0,0,0,0,0,0,0,0,0,0,0,0,0,0,98,0,1,0,0,0,0,0,0,0
"ENSG00000287415.1",1,0,2,1,1,1,0,1,1,0,6,0,0,4,1,1,1,0,0,0,3,1,0,2,0,0,1,5,4,1,1,1,0,2,0,1,1,1,0,1,1,1,1,6,1,4,2,0,0,2,4,0,0,1,3,2,0,0,2,2,3,7,2,0,1,0,2,14,0,4,6,0,0,0,0,0,0,0,3,1,4,1,0,0,3,1,6,2,3,2,3,50,2,0,5,0,2,0,0,0,2,0,2,2,2,1,5,0,10,1,1,1,0,1,1,0,1,3,0,109,8,1,0,5,0,0,0,0,2,17,2,0,4,0,2,0,0,0,5,0,0,1,0,0,2,2,6,0,2,0,0,1,0,2,0,2,0,2,1,4,3,0,0,0,0,0,3,2,0,0,3,0,2,1,3,0,0,1,1,1,0,1,1,0,1,1,2,1,0,0,1,2,0,2,1,0,0,0,0,2,0,1,3,135,0,3,1,1,0,0,3,2,1,0,2,0,2,2,1,1,0,3,1,0,0,1,6,1,0,2,1,1,8,2,4,19,0,4,1,6,0,2,3,4,5,2,0,0,3,3,0,0,0,0,0,1,0,2,66,0,2,1,107,7,0,0,1,0,0,0,1,1,3,0,1,1,0,0,0,1,1,2,0,0,1,0,0,0,1,2,2,0,0,2,0,1,15,3,4,1,1,0,2,2,2,2,0,1,0,0,3,0,1,0,1,1,0,2,1,0,0,1,0,1,4,0,0,11,2,0,97,0,1,0,4,0,1,0,0,0,0,4,4,1,2,1,1,0,10,0,0,0,1,4,0,1,1,0,0,3,4,0,30,2,0,0,0,3,0,0,1,0,4,2,9,0,3,0,3,4,0,1,0,3,0,1,6,0,1,0,1,3,0,5,0,0,11,37,0,0,4,1,4,2,72,2,1,4,0,0,0,0,2,0,1,0,3,10,1,0,0,2,15,0
"ENSG00000287424.1",0,0,0,0,1,0,0,0,0,0,0,0,0,476,53,2,0,0,0,0,0,0,5,0,4,0,0,121,1,1,0,0,26,11,0,0,4,0,0,0,0,0,0,1,0,0,1,0,0,0,0,33,0,11,0,1,0,0,0,0,0,0,0,2,0,0,0,0,0,0,154,0,1,0,0,0,2,0,1,88,95,353,0,0,0,0,0,11,0,1,0,71,1,0,0,0,0,0,1,0,0,1,0,0,0,0,0,0,2,79,0,0,0,0,0,4,0,0,0,102,0,0,0,1,0,0,0,0,0,1,4,0,161,0,0,0,0,0,6,0,0,0,51,0,0,0,1,0,0,1,0,0,0,0,2,0,0,0,2,192,1,0,0,0,0,0,2,0,1,3,0,0,8,7,0,0,0,59,0,28,0,0,0,25,0,0,0,0,0,76,0,3,1,14,93,0,1,0,0,0,65,0,0,5,0,29,0,0,26,1,0,0,55,54,180,3,0,0,0,474,0,69,0,0,0,0,1,0,0,0,0,7,0,0,1,14,0,0,41,0,0,0,0,0,0,1,0,0,1,0,0,0,0,0,0,0,0,0,17,2,23,0,2,191,1,0,0,0,17,0,6,0,2,0,0,0,0,0,0,0,8,13,0,0,0,0,0,0,0,0,2,1,0,0,1,36,1,1,0,0,0,0,0,0,0,0,0,0,7,73,1,0,6,1,0,18,28,0,0,0,0,0,0,1,13,0,0,0,2,0,22,0,5,0,0,0,1,0,0,0,0,1,3,1,0,52,0,0,0,0,0,14,0,274,0,0,1,0,0,0,1,0,5,0,1,0,0,0,0,0,0,3,0,0,0,0,3,0,0,0,0,179,0,0,0,4,0,2,1,0,0,0,1,0,0,0,0,2,0,0,16,0,0,0,12,3,56,0,7,0,0,5,1,0,0,0,144,24,0,0,0,0,0,0
"ENSG00000287426.1",0,0,0,1,8,0,1,1,0,2,3,1,0,0,0,0,1,1,0,0,0,0,0,2,1,3,0,2,1,2,2,2,1,4,0,0,9,3,9,8,0,0,0,8,0,6,4,1,0,1,1,0,0,3,1,5,0,2,39,1,0,3,0,0,0,0,2,29,0,0,3,6,0,0,0,0,0,0,3,1,2,10,0,2,5,0,0,1,0,0,1,1,1,0,0,0,0,0,9,6,0,1,2,0,0,0,3,2,8,1,2,0,0,0,0,0,1,1,0,60,14,0,0,3,1,0,0,2,1,5,3,0,4,0,0,0,1,0,0,1,0,3,3,0,2,6,1,2,1,0,1,0,0,2,1,0,1,0,2,1,0,0,2,2,2,3,11,1,0,26,0,0,1,0,0,0,6,6,1,1,0,0,1,4,0,1,2,2,2,1,0,0,6,3,2,3,1,0,0,0,0,3,1,12,0,7,0,9,4,0,1,2,2,0,4,0,1,0,3,2,0,0,0,0,0,0,12,3,0,8,0,0,1,25,0,16,0,3,1,0,0,0,0,1,5,2,0,0,5,0,0,1,0,0,0,0,0,2,38,1,1,3,2,5,0,1,2,0,5,1,2,0,0,0,6,0,4,0,0,3,3,6,4,0,0,0,0,0,1,0,0,1,0,4,1,20,1,0,3,0,2,0,2,0,0,0,0,2,1,0,1,3,0,1,59,128,11,4,0,0,6,0,0,1,3,0,1,7,13,0,7,1,0,0,2,0,1,9,9,0,0,53,2,1,11,2,0,1,0,0,0,1,0,1,0,0,1,0,0,0,2,0,6,1,0,1,3,0,0,1,0,6,1,3,1,1,2,0,0,5,0,2,2,0,3,4,1,3,43,2,7,1,0,0,0,0,0,1,0,0,0,1,1,0,0,0,1,0,2,0,0,3,0,0,1,0,2,0,0,0,0,1,2,0
"ENSG00000287453.1",55,0,0,1,0,0,167,0,0,0,0,13,11,657,73,0,0,0,0,1,0,0,194,0,0,0,0,0,0,1,0,0,0,147,0,0,1,0,17,78,0,8,0,0,3,0,0,3,0,0,0,4,0,1,0,0,0,2,0,0,0,8,0,0,0,0,0,0,4,0,520,2,0,0,0,0,0,0,1,27,7,14,3,0,16,0,0,12,2,25,0,21,4,196,0,0,0,1,0,0,0,0,1,2,0,0,3,0,63,0,0,0,0,0,0,20,0,0,0,430,0,0,1,0,12,0,0,2,0,1,0,0,351,0,0,0,0,0,0,0,0,0,49,0,0,0,1,0,0,0,0,0,0,2,28,0,0,0,0,0,0,0,9,0,0,0,200,1,0,132,2,18,6,1128,0,0,0,162,0,22,0,0,0,0,0,0,0,0,0,0,0,0,0,3,65,0,0,0,0,0,1,9,0,962,0,375,0,0,0,0,0,1,6,0,0,0,0,1,2,18,0,0,0,0,0,0,6,1,2,1,0,0,0,0,0,168,0,2,18,0,0,3,0,0,0,0,63,0,0,0,0,1,0,0,0,0,0,0,0,0,5,33,0,7,0,0,0,0,1,0,44,0,116,0,0,0,0,0,0,12,0,66,0,0,0,0,0,0,0,0,0,0,0,0,0,0,0,0,0,0,0,0,1,0,4,0,0,0,39,3,1,0,0,0,0,0,232,0,0,0,0,0,0,1,13,0,0,0,158,0,0,0,0,0,0,0,0,0,0,0,0,2,11,0,0,0,0,0,0,0,0,0,0,37,0,0,0,1,1,0,15,0,0,0,0,0,0,0,0,85,0,0,0,0,0,0,1,0,0,0,5,337,46,0,0,213,0,0,183,0,0,0,0,0,0,0,20,0,0,0,0,0,0,0,39,0,155,22,1,0,0,0,0,0,0,0,23,0,0,5,0,0,0,0
"ENSG00000287460.1",0,0,0,0,0,0,8,0,0,0,0,1,0,33,37,0,0,4,0,0,0,0,1,1,2,9,0,9,7,13,0,0,15,0,1,0,6,0,0,0,0,0,0,5,3,0,0,0,0,1,0,27,0,2,0,0,10,0,17,0,0,26,0,0,2,32,0,0,0,0,28,8,0,0,0,1,0,1,2,17,0,5,0,1,28,0,0,0,0,7,0,15,5,0,0,2,0,0,12,0,0,10,0,0,0,0,4,2,85,15,0,0,0,10,0,6,0,0,0,16,0,42,0,0,8,1,0,23,0,8,1,0,34,0,0,1,25,0,1,3,2,0,37,0,0,35,8,0,3,0,0,1,0,38,0,0,0,7,0,29,0,2,0,1,0,5,7,0,0,42,11,5,0,75,0,0,3,12,1,0,1,0,1,0,1,0,11,1,0,8,11,0,12,20,9,23,0,7,0,0,0,0,0,50,0,9,2,0,2,8,2,1,0,5,18,0,0,0,0,71,2,3,0,0,1,0,0,10,0,1,0,0,0,3,0,0,3,0,0,0,21,0,0,0,0,0,0,0,0,0,3,0,1,3,0,0,0,0,3,41,34,12,1,1,0,12,0,1,29,1,1,0,7,0,0,0,19,0,0,20,40,24,0,0,0,0,0,0,3,0,2,0,0,0,0,53,29,0,0,0,0,3,15,0,2,0,0,15,3,3,4,2,0,0,0,0,17,0,0,20,0,0,0,0,1,0,3,1,0,1,5,0,4,0,0,0,0,0,6,0,3,12,0,1,13,6,5,0,15,0,0,9,0,54,0,0,0,1,29,0,2,0,0,0,0,0,0,18,0,2,0,7,3,1,31,0,102,2,1,75,0,12,0,2,0,3,0,27,0,0,2,0,0,0,0,0,0,42,5,2,4,0,0,0,0,0,11,13,0,1,1,0,0,0,0,0,5,0,16,3,0,0,0,0
"ENSG00000287463.1",16,0,3,1,0,0,0,2,0,42,0,0,1,0,11,1,0,0,0,0,2,0,15,1,0,0,0,2,0,3,2,1,0,0,1,62,1,0,0,1,0,5,1,4,1,3,51,0,2,0,0,1,0,1,0,0,3,0,0,0,1,1,0,1,0,2,0,0,0,0,1,3,0,0,0,0,13,2,0,0,2,0,79,1,0,0,0,1,56,0,3,0,0,0,0,0,0,1,0,0,0,0,26,0,0,0,0,0,2,2,1,0,45,2,0,0,1,0,0,1,0,0,7,3,0,0,0,0,0,0,0,0,0,0,1,0,0,0,0,0,1,2,3,1,4,1,0,1,0,26,0,1,0,2,2,0,2,2,0,0,1,9,0,2,1,3,0,23,0,0,0,0,2,1,0,1,1,0,4,1,0,5,0,0,0,0,0,4,0,0,0,4,15,3,0,0,1,1,82,32,0,2,0,1,0,1,17,0,0,0,0,1,0,1,1,10,0,0,3,0,0,1,0,4,1,0,1,0,5,0,7,2,1,0,2,0,1,0,1,0,8,0,3,0,1,0,0,0,3,1,0,0,0,0,0,1,1,4,3,0,0,1,1,0,1,1,0,1,2,1,0,0,1,0,2,0,3,0,2,0,0,3,0,1,0,2,0,2,1,2,0,0,0,0,0,0,2,1,0,20,1,5,15,3,1,4,0,0,0,0,0,0,0,0,0,11,0,2,49,1,1,18,0,0,7,2,1,1,0,0,0,1,0,0,0,0,0,6,2,30,0,0,0,3,0,3,1,5,0,0,0,23,2,1,0,0,0,8,0,0,3,15,0,0,0,0,0,0,2,0,4,0,0,0,0,0,0,0,1,1,0,1,0,0,1,4,0,1,1,0,3,0,0,1,0,1,3,2,2,1,0,0,0,0,25,0,0,0,0,52,1,0,0,0,1,0,0,5,0,4,0,1,1,1
"ENSG00000287486.1",0,0,0,0,0,0,0,0,0,0,0,2,1,9,24,1,0,0,75,0,0,0,0,5,2,0,7,7,0,1,0,0,0,0,0,0,0,21,8,8,0,0,0,0,0,0,1,0,0,0,0,0,0,0,0,0,0,2,0,0,0,2,0,0,0,0,0,0,75,1,4,0,0,0,0,0,2,1,0,0,1,0,2,0,107,0,0,0,0,0,1,0,0,0,0,0,0,1,3,0,0,0,0,0,0,1,0,0,5,0,2,0,0,1,0,0,1,2,3,2,0,0,0,0,3,0,0,31,0,0,0,0,1,0,0,0,50,0,1,0,0,0,2,0,1,2,0,11,1,0,0,0,0,0,0,0,0,0,0,1,0,0,0,0,2,3,2,10,0,0,0,1,0,14,0,0,0,0,0,3,0,0,0,1,5,0,0,0,0,17,0,2,2,1,0,44,0,1,0,1,4,0,0,85,0,4,0,0,1,46,0,8,1,0,0,0,1,45,0,0,0,2,1,0,0,0,1,0,0,69,0,0,0,0,27,1,0,0,0,0,0,1,0,0,0,4,7,0,0,1,0,0,0,0,0,0,0,0,0,65,45,0,4,2,0,0,1,0,8,0,2,0,2,0,0,0,0,0,4,22,10,2,1,0,0,0,0,0,0,0,0,1,1,11,0,0,4,0,0,0,2,0,14,0,0,4,0,0,1,1,0,0,0,0,0,3,1,0,0,0,0,0,0,1,3,0,0,0,0,0,0,0,0,0,23,0,0,0,0,0,0,4,0,1,2,16,2,0,0,0,0,2,0,2,0,0,0,0,0,3,0,0,0,3,0,0,0,1,0,4,1,2,0,0,2,0,2,0,28,23,0,1,2,0,0,0,2,6,4,1,0,0,0,0,0,0,0,0,0,0,9,0,0,0,1,0,0,2,0,0,1,1,0,0,0,0,0,0,3,0,0,6,2,0
"ENSG00000287498.1",0,0,6,1,0,0,0,0,0,0,0,0,0,12,5,0,0,0,1,0,0,1,31,0,1,0,0,23,0,3,0,15,0,1,3,4,0,0,0,0,0,1,0,32,0,0,0,1,0,0,0,59,0,2,0,0,2,0,161,0,0,238,0,1,1,1,16,10,4,0,69,28,48,0,0,0,302,0,3,20,14,12,8,0,2,0,0,4,13,0,0,1,0,27,21,0,0,2,0,0,0,0,0,0,2,0,2,0,105,0,0,0,16,12,0,5,0,1,0,52,0,2,0,0,6,0,0,13,0,0,3,0,16,0,0,0,0,0,0,8,0,0,55,0,0,9,61,0,2,0,0,0,0,0,0,0,10,6,0,22,69,0,744,1,0,2,1,0,0,5,2,27,0,18,0,0,0,0,0,1,0,33,21,0,0,1,2,1,0,101,0,1,0,2,51,0,0,0,0,0,2,0,3,19,0,1,1,0,18,1,0,0,88,13,3,0,0,0,20,28,0,1,0,11,0,0,0,1,5,0,0,0,1,0,0,36,0,0,12,18,0,0,17,0,17,1,1,1,0,0,0,0,0,42,0,0,0,0,0,682,73,10,65,11,0,0,0,0,128,0,0,0,11,0,4,0,15,0,0,68,1,0,1,0,0,1,0,0,0,72,0,0,0,0,0,6,8,1,0,0,13,2,0,0,10,0,0,0,0,1,1,0,0,70,3,72,0,0,41,0,0,1,0,0,13,2,0,0,5,0,21,0,3,0,0,0,0,2,0,1,0,0,0,0,26,84,0,0,23,0,1,5,0,301,0,0,0,0,2,0,8,0,3,3,2,0,2,20,0,1,0,0,5,1,237,0,9,0,0,28,0,37,16,6,2,9,0,0,0,2,6,19,0,1,0,0,145,19,0,0,0,0,0,0,105,0,3,6,0,3,0,0,1,9,21,0,85,0,1,0,0,0,24,9
"ENSG00000287530.1",2,0,24,0,0,0,1,1,0,4,0,15,2,2,2,0,0,0,0,1,0,0,1,0,0,1,0,2,0,2,0,3,1,0,0,2,1,1,307,467,0,0,0,0,1,0,0,1,0,1,0,1,1,4,0,0,2,0,22,0,0,2,0,1,1,0,1,0,0,1,38,0,0,1,0,1,1,0,5,5,6,19,0,0,0,0,0,0,0,0,0,0,0,21,0,0,0,2,0,0,1,1,3,0,0,0,0,0,62,0,0,3,1,0,0,1,0,0,0,2,1,333,0,0,1,0,0,0,0,0,2,0,1,0,0,0,0,1,0,0,0,1,0,0,0,2,17,0,1,4,0,0,0,3,1,0,0,1,0,0,0,0,0,0,0,2,3,0,0,2,0,0,1,0,0,0,0,429,3,0,0,0,0,0,0,0,0,0,0,0,0,3,0,5,4,0,0,2,0,1,0,0,0,2,0,88,0,0,0,0,0,0,0,0,0,0,0,0,1,74,0,6,0,0,0,0,0,1,0,0,2,0,1,0,0,2,0,0,0,0,0,0,0,0,2,0,0,0,1,0,0,0,0,0,0,0,0,0,0,20,79,0,1,5,0,0,0,0,7,0,0,0,155,0,0,0,2,0,0,0,0,0,0,1,0,0,1,0,0,0,0,0,1,0,0,1,24,0,4,1,1,0,0,2,3,0,2,0,1,9,1,0,0,0,0,0,4,5,0,0,0,0,0,1,1,0,0,0,0,0,10,1,0,0,0,0,0,2,0,1,0,0,0,0,0,23,0,0,1,0,0,1,0,1316,0,0,0,0,0,0,6,0,1,0,0,0,0,0,0,0,0,0,0,3,4,1,1,2,0,0,0,50,0,0,0,0,0,1,0,0,0,1,0,0,0,1,23,0,0,0,0,0,0,0,0,0,0,1,0,0,0,0,1,3,1,0,0,1,0,0,0,0,2,2
"ENSG00000287538.1",0,0,19,0,0,0,0,1,0,0,0,0,0,2,1,0,1,0,0,0,1,0,0,0,0,0,0,0,0,0,0,0,0,39,0,2,0,0,5,0,0,1,0,1,0,0,0,1,0,0,1,0,0,2,0,0,0,1,1,0,0,0,0,0,0,1,0,1,2,0,1,1,0,0,0,0,0,0,0,0,3,1,3,0,1,0,0,0,0,0,0,0,1,1,0,0,0,0,15,7,0,0,0,0,0,0,183,0,19,0,0,0,0,0,0,0,1,1,12,25,0,3,0,0,4,0,0,0,1,4,0,0,3,0,0,1,1,0,0,0,0,0,2,1,0,1,0,0,0,0,0,0,0,1,0,1,1,2,2,2,1,0,0,0,0,1,2,0,3,5,9,0,0,30,0,0,23,0,0,0,0,0,0,2,0,0,4,1,1,0,0,9,0,4,3,0,0,0,0,0,0,1,0,1,0,0,0,0,0,1,0,8,0,1,1,0,0,0,0,1,0,0,5,5,1,0,1,1,0,1,0,1,8,0,0,6,0,0,94,0,0,0,0,0,1,0,0,0,0,0,0,0,1,0,0,1,0,0,4,2,0,6,1,1,0,0,0,0,280,0,2,0,0,0,0,0,2,0,0,0,1,0,0,0,0,3,0,0,1,0,0,0,0,0,0,2,1,0,3,0,0,0,44,0,7,0,0,0,0,1,0,1,0,2,0,0,0,0,0,0,0,0,0,4,0,2,0,0,1,0,0,0,0,0,0,1,0,1,0,0,0,0,0,0,139,9,0,1,8,0,0,0,0,2,0,0,0,0,0,2,19,0,0,0,0,0,1,1,0,0,0,0,0,0,0,0,0,0,0,1,0,17,0,0,0,0,0,1,0,0,0,0,0,1,0,0,101,0,0,0,1,0,0,0,0,1167,6,0,0,0,0,0,0,1,0,0,15,1,1,0,0,0,2,0
"ENSG00000287545.1",0,0,0,1,1,0,0,0,0,0,0,0,1,1,0,0,1,0,0,0,0,0,13,0,0,0,1,0,1,0,1,2,1,0,0,0,0,0,0,0,2,0,1,0,0,0,0,0,0,0,0,1,1,1,0,0,1,0,0,0,0,2,0,0,0,0,0,0,0,0,0,2,0,0,0,0,0,0,0,1,0,1,0,0,0,42,0,0,0,0,6,0,0,0,0,0,0,6,0,0,0,0,1,0,1,1,0,0,7,1,1,2,3,1,4,0,0,0,2,0,0,0,0,0,1,0,0,2,0,2,0,0,0,0,2,0,0,0,23,0,0,0,1,0,0,9,0,0,0,0,0,0,0,1,0,0,1,0,1,0,1,0,5,0,1,0,5,0,0,0,0,0,0,6,0,0,1,1,0,0,0,0,0,0,0,0,1,0,0,0,0,0,8,2,1,0,0,28,0,5,0,3,0,25,0,0,0,0,2,0,2,0,0,1,1,0,0,0,0,0,0,0,0,0,0,0,0,0,0,0,0,0,0,0,0,0,0,0,0,0,50,0,0,4,0,0,0,0,1,0,0,0,0,13,0,2,0,5,0,1,2,2,0,2,0,0,0,0,2,0,0,1,3,0,2,0,0,0,0,2,1,0,2,0,0,0,0,0,0,0,0,0,0,0,0,0,1,0,3,1,0,23,0,0,5,0,0,0,0,0,0,0,0,5,0,0,1,1,1,3,0,0,0,0,0,1,0,0,0,0,0,0,1,0,0,0,0,8,0,2,0,0,0,0,0,1,0,36,0,0,0,0,0,2,0,0,0,0,0,0,0,0,0,0,0,0,0,0,0,0,0,0,0,0,2,0,1,0,1,6,0,0,0,0,0,0,1,0,0,0,0,0,1,0,0,0,0,0,0,0,0,0,33,0,0,0,0,0,0,0,0,0,0,0,0,1,0,0,1,0,0,0,0,0
"ENSG00000287550.1",0,0,0,2,254,45,0,0,0,0,0,0,0,0,3,0,0,0,0,66,0,0,10,0,0,0,0,1,0,1,117,199,1,0,0,0,0,0,1,0,0,13,1,1,0,2,0,0,1,0,0,205,0,0,0,0,1,0,0,0,0,0,1,1,1,4,1,0,1,0,2,1,1,0,0,0,0,0,0,0,1,2,0,0,0,0,0,0,0,0,0,11,0,6,0,0,0,0,0,0,0,0,4,0,0,1,1,3,22,0,0,0,1,0,0,0,519,0,0,31,0,0,0,3,0,0,0,0,0,18,0,0,5,0,0,0,0,0,0,7,0,343,6,0,59,1,0,5,1,4,1,0,1,0,0,0,0,40,0,0,1,0,0,0,24,0,0,10,0,0,0,4,0,1,0,0,0,1,0,0,0,11,0,0,0,0,0,0,1,0,0,0,0,1,0,0,0,0,0,0,1,0,1,1,0,0,0,0,0,1,4,13,0,0,1,2,2,1,0,1,0,0,0,0,0,0,1,11,0,3,0,0,0,0,0,0,0,0,0,0,0,0,0,0,17,0,0,0,0,0,0,0,0,0,0,0,0,1,0,0,3,0,0,1,0,0,34,0,0,0,1,0,1,0,0,0,2,0,0,0,1,1,0,0,1,0,1,0,0,0,2,0,36,0,0,2,9,0,0,0,1,0,2,0,2,0,0,0,0,0,0,250,0,0,0,0,1,21,0,0,139,0,0,139,2,3,0,0,0,1,1,1,0,0,1,1,0,0,1,1,0,0,0,20,0,0,0,1,0,0,0,0,0,0,0,1,5,5,3,0,0,0,0,408,1,0,2,0,0,0,0,0,0,0,0,0,1,2,0,0,0,2,0,0,3,0,104,0,4,0,3,0,0,0,0,0,0,2,0,0,0,0,1,1,0,1,0,0,0,0,0,0,0,0,0,33,0,74,0,0,0,1,1,1
"ENSG00000287566.1",0,0,0,0,4,2,0,8,0,0,0,13,1,0,7,0,1,0,0,1,9,0,2,36,39,1,18,9,0,1,16,1,14,0,6,1,1,1,7,4,6,0,0,1,0,4,0,0,1,1,23,0,2,6,2,49,0,0,5,0,3,3,2,0,0,88,2,0,1,4,0,0,0,1,2,0,0,0,3,8,29,3,7,17,26,0,1,44,0,1,100,12,0,12,0,0,2,1,0,2,2,0,40,12,0,0,3,0,4,0,24,2,0,2,0,2,1,0,5,9,0,1,1,0,0,0,1,0,1,17,0,1,23,0,5,0,0,0,9,0,0,0,0,1,4,20,0,3,0,1,0,0,0,8,9,2,0,0,2,11,12,0,21,1,1,10,0,75,2,0,1,6,0,16,4,3,0,11,1,0,1,0,0,8,7,1,0,89,79,78,2,0,1,53,2,39,1,0,0,3,3,1,0,13,0,17,1,8,2,6,7,179,0,1,2,0,0,0,3,1,0,21,0,0,0,0,6,9,0,8,12,0,1,3,1,0,0,0,2,0,0,0,1,0,1,0,0,5,0,0,0,3,0,2,0,12,0,0,0,2,24,52,8,4,0,11,6,1,24,0,7,0,2,0,15,0,6,0,0,5,1,3,0,0,0,4,0,6,2,2,0,0,0,1,5,2,28,0,0,0,14,0,14,0,14,3,1,1,56,2,0,31,38,1,0,0,2,3,0,0,3,1,0,0,60,66,1,0,1,0,0,1,0,3,0,0,0,3,0,1,0,3,0,0,2,1,3,0,11,0,0,3,3,0,1,1,0,0,1,3,0,0,0,1,0,3,0,3,0,6,6,2,0,0,61,3,165,0,1,0,3,3,39,2,1,0,0,6,1,3,9,0,0,13,2,5,5,5,6,0,0,20,1,0,0,2,9,3,0,0,0,4,0,0,1,2,5,1,4,0,0,3,4,6
"ENSG00000287579.1",0,0,0,4,0,1,0,2,1,0,1,0,0,2,0,0,0,0,0,0,4,0,0,1,0,0,0,0,0,4,1,3,0,1,0,1,1,4,0,0,0,0,0,0,0,0,2,0,0,0,0,4,1,1,0,4,0,0,1,1,0,8,0,0,1,0,4,0,6,0,2,0,0,0,0,0,2,0,0,0,0,8,2,0,4,0,0,0,0,0,3,0,0,0,0,0,0,0,5,1,0,0,0,0,1,0,0,0,0,0,4,0,0,1,0,0,0,0,7,0,0,3,0,0,0,0,1,0,2,2,0,0,11,0,6,1,0,0,3,3,0,0,5,0,1,7,7,1,0,0,0,0,0,0,0,0,3,4,4,2,1,0,5,4,0,1,13,0,0,0,0,6,0,0,0,1,0,0,0,0,0,0,0,3,0,1,0,1,5,1,0,0,8,5,3,0,0,9,0,9,0,29,0,13,0,0,0,50,0,14,1,0,2,16,17,1,0,0,0,2,0,0,0,0,0,0,0,26,0,2,11,9,0,0,0,0,0,0,0,0,0,1,0,0,4,2,0,0,3,2,0,0,0,3,1,4,0,0,0,7,2,1,1,0,0,1,0,0,0,0,0,0,0,0,0,0,0,0,0,0,1,0,0,0,0,1,0,0,0,2,0,1,0,1,0,0,5,0,2,0,3,0,0,0,0,0,1,1,2,1,0,0,0,2,1,0,1,0,1,0,1,1,0,2,2,7,0,0,0,0,0,0,3,0,1,0,0,1,2,0,0,0,8,0,0,3,0,0,0,0,0,12,0,1,0,0,0,1,0,0,0,1,1,3,0,2,0,0,0,0,5,4,0,0,1,1,0,2,0,1,0,0,6,0,3,0,0,1,3,0,3,0,0,1,0,0,6,0,1,0,2,0,0,1,0,0,3,6,0,0,0,0,4,0,2,2,1,3,1,1,0,0,1,0
"ENSG00000287580.1",3,0,0,1,0,6,0,2,2,7,5,0,2,12,1,0,1,2,3,4,1,2,3,0,0,2,2,4,1,2,4,2,1,8,1,4,0,1,1,2,1,6,3,1,0,0,0,0,0,1,0,4,0,4,2,7,2,4,4,0,0,0,2,2,0,1,5,2,6,3,9,3,2,0,1,2,0,1,6,8,1,10,8,0,8,4,0,0,4,1,3,2,2,0,0,0,0,1,0,3,2,2,0,0,0,5,3,1,18,3,3,1,0,5,1,2,7,3,1,5,1,3,0,3,2,0,1,0,7,11,3,0,8,0,1,0,1,0,1,0,0,9,5,1,2,4,4,22,1,8,0,2,6,2,1,0,3,6,5,2,4,1,0,2,0,2,7,5,1,4,3,1,1,14,1,2,0,4,17,3,1,1,3,6,1,1,2,2,6,1,4,2,2,3,0,7,1,2,0,2,1,5,4,12,0,0,3,2,1,6,2,4,2,4,10,4,0,0,4,7,0,0,0,1,1,1,5,7,0,3,3,7,3,2,2,1,0,1,1,1,0,1,1,2,11,5,2,1,5,2,0,0,1,2,0,0,0,1,0,2,3,1,0,6,2,3,6,1,10,0,1,1,1,0,3,2,4,0,0,3,7,2,0,0,2,4,0,1,0,0,1,3,1,1,4,6,3,2,4,10,7,3,4,0,0,0,3,0,4,2,1,5,2,3,5,24,1,5,4,0,3,24,0,6,0,1,0,0,0,0,2,1,3,2,3,0,0,1,1,4,0,0,1,12,1,2,1,2,2,0,0,3,1,3,1,0,3,11,3,6,3,0,1,6,1,3,2,1,1,1,2,3,2,0,2,1,5,1,0,6,1,1,5,0,1,2,2,1,0,4,6,3,1,8,1,0,4,3,3,0,2,6,4,0,5,10,6,1,0,2,3,1,2,2,1,5,1,11,4,1,2,1,4,0
"ENSG00000287584.1",1,0,8,0,0,7,0,1,3,2,2,3,2,6,2,0,0,1,14,3,2,0,1,0,9,0,0,0,0,1,9,2,0,5,4,7,0,1,1,5,0,0,6,1,1,0,0,0,0,3,0,7,2,5,4,3,0,1,1,0,1,1,1,1,1,7,4,2,6,2,16,1,1,0,0,4,4,0,4,4,5,7,6,0,8,4,1,1,4,0,2,3,7,3,1,0,0,6,10,1,0,1,0,5,2,3,6,1,7,2,3,2,3,1,3,0,10,2,3,1,1,4,2,3,1,0,0,2,6,8,3,1,10,0,0,1,1,0,2,3,0,8,0,0,1,10,3,1,3,0,0,1,6,3,1,2,0,4,10,2,0,0,6,3,0,0,5,0,3,6,0,1,1,22,0,0,2,11,38,3,0,3,10,6,2,0,6,1,2,5,0,0,1,6,0,2,3,4,2,3,0,9,2,14,0,4,1,4,0,2,4,4,1,0,8,6,1,0,4,3,0,0,0,0,3,0,1,13,0,8,1,1,0,2,0,1,0,0,0,0,1,3,0,2,11,4,0,0,4,12,1,0,0,0,2,0,0,0,4,2,7,5,1,5,0,4,1,1,8,1,3,0,0,1,1,2,0,0,1,1,5,0,1,0,9,1,0,1,0,1,1,0,0,0,0,1,3,5,2,16,2,0,8,0,8,0,0,3,4,1,1,3,1,4,5,21,1,12,3,0,2,9,0,10,0,0,0,1,0,0,5,1,0,2,6,0,4,0,4,3,0,1,3,1,2,0,1,0,2,0,1,8,4,1,2,1,5,10,3,2,0,0,3,18,11,13,4,2,0,0,3,4,0,1,2,1,1,0,1,0,0,2,4,0,0,0,1,4,1,0,4,3,0,5,1,0,7,2,10,0,0,2,0,2,10,7,3,6,0,2,2,2,3,0,0,1,3,6,5,0,0,0,0,0
"ENSG00000287590.1",0,0,15,0,1,0,0,0,0,0,0,0,1,10,0,0,0,0,0,0,0,0,0,0,0,0,0,0,0,1,0,0,0,0,0,0,2,0,0,0,0,2,0,0,1,0,10,0,0,0,0,1,0,0,0,0,0,0,0,0,0,0,0,1,0,0,0,0,2,2,2,4,0,0,0,0,2,0,2,9,0,3,5,26,1,0,0,2,40,0,0,2,1,6,0,0,2,0,5,0,0,0,0,1,0,0,1,0,4,0,0,0,4,0,0,0,0,1,1,3,0,0,0,0,0,0,2,0,1,3,0,0,10,2,4,0,0,0,15,0,1,0,0,0,0,0,0,0,2,0,0,0,2,0,0,0,0,2,1,0,0,2,14,0,0,0,6,5,0,1,0,0,0,0,0,0,4,7,0,0,0,0,0,0,0,0,0,0,0,0,0,0,2,0,2,2,0,1,10,0,0,1,5,1,0,0,0,1,0,0,0,0,5,0,0,0,0,0,2,0,0,0,1,0,1,0,0,0,7,1,1,0,2,0,0,4,0,0,0,0,0,1,2,0,3,0,1,1,2,0,1,1,1,0,0,0,0,0,0,0,0,0,0,1,0,0,1,0,0,0,3,0,14,0,1,0,0,1,0,10,0,5,1,0,0,0,0,0,0,2,0,0,0,0,0,1,2,0,0,1,0,1,0,0,0,0,0,0,0,1,0,0,0,2,1,0,0,0,38,1,0,0,0,1,1,0,0,0,0,0,0,1,1,0,0,0,0,6,0,11,0,0,0,1,12,0,0,0,3,0,0,9,0,1,0,0,1,2,1,1,1,0,0,3,0,0,0,5,0,0,0,2,0,1,0,0,1,0,0,0,0,0,0,1,0,0,0,1,7,0,2,0,0,1,0,0,1,5,0,0,1,0,0,0,11,14,23,8,0,54,0,2,0,0,0,0,2,1,0,0,0,0,0,0
"ENSG00000287591.1",0,0,8,0,0,0,0,0,1,0,3281,0,299,2,0,1,2,0,57,0,4,0,0,0,0,0,1,3,0,0,1,16,0,0,7,0,2,0,0,0,0,1,0,45,0,62,0,0,0,0,3,1,1,501,2734,1,2,113,54,0,0,1,2279,0,0,1,0,138,0,36,1,5,0,0,0,0,6,0,88,4,1555,13,0,6,0,16,1,24,0,0,0,0,0,0,86,0,366,0,12,0,0,0,0,569,0,28,2385,0,35,0,103,0,0,1,736,0,0,20,1,133,6,0,5,0,10,2,0,0,0,0,0,1,30,1,0,0,1785,0,7,0,0,2,0,5,0,1,0,0,1,1,2,1,1643,0,1,81,0,0,230,7,1,0,3,0,5,18,0,0,179,3,1,1,162,1,8,0,1,23,0,26,0,9,0,7,1,0,1,0,0,49,6,0,0,46,1,14,1,1,0,0,22,3,1,64,0,0,127,71,0,1,7,0,0,1,1,0,1999,4,28,0,0,1,0,0,0,0,37,40,0,14236,0,0,6,112,4,23,0,467,7,0,213,0,93,350,6,0,27,4,364,0,0,0,0,0,1,77,0,1,56,1,0,65,1,0,0,12,5,0,177,0,0,1,1,0,4,0,0,1,9,0,2,213,0,1,0,34,1,2,0,0,0,1,0,0,264,3,1,4,0,0,0,57,0,3,0,0,35,0,1,0,0,0,17,3,119,0,595,1,0,8,0,0,1,5,8,69,0,265,33,0,3,0,1,0,1,0,569,0,549,0,0,389,12,1,1,0,84,10,3,0,0,0,0,5,5,0,0,9,3,0,2,0,5,0,0,29,0,0,0,0,1,18,0,57,1,0,102,1,0,2,1,0,2,1,2,0,2,163,1,0,178,1,2,6,4,0,211,62,5,0,0,75,9,20,0,4,0,6,0,0,1,0,4,0,0,0,16,0,7,0,1,0,343,1
"ENSG00000287592.1",0,0,0,0,1,0,0,0,1,0,0,4,0,15,43,0,0,2,0,0,0,1,0,0,2,16,0,5,6,5,0,0,4,3,1,0,10,0,0,1,0,0,4,3,2,0,0,2,0,0,0,81,0,24,0,0,0,1,3,0,0,27,0,3,0,1,0,2,0,0,38,1,2,0,0,0,0,0,18,14,12,7,0,0,12,0,0,9,1,0,0,1,0,3,0,1,1,11,50,0,0,1,1,1,0,1,0,3,137,1,0,0,3,0,1,2,1,7,7,19,0,0,0,0,6,0,0,0,0,139,1,0,38,0,0,0,0,0,35,0,1,0,6,0,0,137,0,0,1,0,3,1,0,44,0,0,11,2,19,6,3,0,0,0,0,1,18,0,0,144,0,1,1,87,0,0,0,4,0,1,0,2,1,0,3,0,1,0,0,35,0,0,0,6,0,0,0,0,0,1,1,6,0,27,0,45,0,0,0,12,0,0,0,0,4,0,0,0,0,28,0,0,0,0,1,0,2,1,4,0,0,2,0,0,0,1,1,0,0,0,0,1,0,0,1,0,2,0,0,0,0,1,0,2,0,0,0,0,0,10,56,0,0,110,0,0,0,0,10,0,9,1,55,0,2,1,25,0,1,61,1,13,0,1,1,0,0,0,0,0,0,0,0,0,0,113,82,0,1,0,1,8,0,0,10,0,0,0,14,17,1,0,0,13,0,2,44,0,0,4,0,0,1,0,3,0,2,0,0,0,55,0,0,0,0,1,1,0,0,0,0,0,11,0,54,17,1,0,1,0,0,68,0,259,0,3,0,0,0,0,1,1,1,0,0,0,0,2,0,0,0,0,0,0,37,0,40,0,2,3,0,0,0,0,0,7,0,8,0,0,0,0,0,0,0,0,3,42,3,0,0,0,2,0,1,0,0,0,0,0,0,0,0,0,0,0,12,0,1,2,1,0,0,0
"ENSG00000287595.1",10,0,4,1,4,1,0,0,0,6,1,0,0,14,17,1,2,0,0,2,1,1,1,1,1,0,0,0,0,5,1,1,1,1,0,1,0,0,2,1,0,8,1,0,2,4,0,0,0,1,1,5,1,3,0,4,0,0,1,0,0,4,0,0,1,0,4,0,2,1,14,2,0,0,0,1,88,2,1,2,9,7,2,5,3,7,2,1,1,0,5,0,0,0,2,0,0,1,2,3,2,2,2,1,1,1,3,0,26,0,4,2,0,1,3,2,6,0,4,8,0,0,2,2,0,0,1,0,8,3,0,0,25,0,10,1,5,0,25,0,0,7,1,0,5,31,9,2,18,0,2,2,4,0,1,0,0,1,1,0,9,0,2,2,5,3,5,0,2,0,2,0,1,10,0,0,2,4,16,2,0,2,1,1,0,0,3,0,0,0,4,4,7,0,1,1,0,2,0,7,0,10,0,22,0,7,1,0,0,0,0,1,1,0,5,0,0,0,7,0,2,1,2,0,0,0,2,9,0,1,5,0,7,3,0,0,0,0,0,0,0,4,0,1,12,5,0,0,0,2,0,0,0,1,1,0,0,1,0,0,4,1,5,6,0,3,0,0,1,0,2,1,14,0,0,3,11,0,0,3,0,1,0,0,3,1,0,0,4,0,1,0,2,0,0,16,1,1,6,0,0,1,1,0,2,0,2,2,3,5,0,4,0,33,1,4,1,19,2,1,0,8,0,5,1,4,0,0,0,0,1,5,0,2,2,0,0,1,0,1,0,3,2,4,0,0,0,3,8,0,0,11,1,6,0,0,12,72,4,8,0,0,1,30,29,0,7,5,0,0,1,0,0,0,19,0,2,0,1,0,3,3,2,0,3,0,4,2,1,1,42,0,0,5,4,1,1,16,5,0,2,3,0,0,2,0,0,2,1,0,1,0,2,0,0,0,2,4,2,2,0,2,7,1
"ENSG00000287609.1",118,0,30,0,1,140,0,0,0,0,0,0,142,1,30,1,0,0,0,0,0,0,1,0,1,0,0,0,0,0,0,1,0,1,0,15,0,915,0,0,0,0,0,0,0,6,2,0,0,0,0,1,1,0,0,0,0,0,0,0,165,0,0,1,0,0,0,1,0,0,1,0,0,0,0,0,0,0,0,0,0,0,6,0,0,0,0,0,31,0,0,13,0,0,0,0,0,1,0,1,16,5,0,0,0,0,0,0,2,595,0,0,96,47,0,0,1,0,80,4,0,1,2,0,0,0,0,0,0,2,0,0,8,0,2,0,0,0,0,0,0,7,3,0,3,0,0,0,0,1,0,0,0,0,0,0,0,2,0,484,0,0,9,0,0,2,66,1,0,0,0,0,11,1,0,0,0,0,0,0,0,0,0,0,0,1,0,0,0,0,458,10,1,1,1,1,20,75,247,0,0,0,0,0,1,0,2,0,9,0,0,0,1,0,45,0,0,0,0,0,0,0,0,0,1,249,0,0,0,0,0,4,0,0,0,2,246,0,0,0,0,0,1,0,3,0,950,0,0,0,0,198,1,0,0,0,0,0,2,0,0,207,1,3,0,0,13,1,152,1,0,0,2,0,0,0,0,3,0,0,0,1,0,343,0,0,1,0,0,1,0,0,0,0,0,1,2,0,0,0,0,0,1,1,0,1,0,0,0,0,0,0,0,0,0,3,0,1,37,0,0,0,0,1,0,0,0,0,0,1,0,0,0,0,0,0,0,0,0,124,3,0,0,0,0,0,0,296,0,0,0,0,0,0,0,0,0,0,0,1,0,0,0,3,1,0,7,1,0,0,0,0,0,0,0,0,0,10,0,0,370,23,0,0,0,2,121,1,0,0,0,0,0,0,0,0,0,1,1,0,0,0,1,0,3,1,1,0,1,11,0,0,0,0,0,0,2,21,13,0,0,0,0,1
"ENSG00000287616.1",2,0,2,1,1,0,0,0,0,0,0,1,0,41,23,0,0,0,0,1,0,0,0,1,0,1,0,9,3,6,1,6,0,0,0,0,0,3,0,1,0,0,0,0,0,0,0,0,0,0,0,3,1,1,0,1,1,0,6,0,0,13,0,1,0,0,0,0,1,2,31,1,0,0,1,0,4,0,1,5,1,9,1,0,1,0,0,2,1,3,0,3,5,0,0,0,0,4,2,0,0,0,13,0,3,2,1,0,26,5,2,1,0,0,0,0,4,0,2,1,0,1,1,0,3,0,0,1,0,20,1,0,9,0,0,0,0,0,6,0,0,3,9,0,2,13,849,4,0,1,1,1,0,5,0,1,0,1,2,2,0,0,1,0,0,2,3,1,0,1,0,2,1,6,1,0,0,1,0,0,0,0,0,0,0,3,1,0,1,0,1,1,13,1,1,0,0,2,0,0,0,2,1,19,0,2,1,0,0,0,0,3,0,1,1,0,0,0,3,8,0,1,4,5,0,0,0,4,0,0,2,0,2,1,0,1,0,0,0,1,0,0,0,0,2,3,0,0,0,0,0,1,0,390,0,0,0,0,7,4,1,0,33,31,0,0,0,0,1,0,4,0,1,0,0,1,5,0,0,3,0,2,2,0,0,0,0,0,5,2,0,0,1,0,0,4,8,0,1,0,0,0,7,0,6,0,0,0,1,0,0,16,0,1,0,3,0,0,1,0,1,3,0,5,2,0,0,0,1,0,3,3,2,0,0,0,0,0,0,0,0,2,7,1,7,0,0,1,3,0,1,1,0,13,0,0,0,0,1,1,0,0,3,28,5,0,0,0,0,0,1,2,3,0,6,0,1,0,0,1,1,1,1,0,0,0,1,0,0,0,0,0,0,0,0,0,1,15,2,0,0,2,0,0,10,0,7,1,0,0,0,0,2,0,0,0,4,3,0,0,1,0,1,1
"ENSG00000287627.1",5,3,6,8,33,35,0,23,1,1,27,0,5,10,21,3,86,57,40,12,439,69,7,14,4,49,0,2,32,0,7,1,24,4,130,3,42,50,0,0,3,6,2,292,3,2,3,38,3,65,1,2,10,30,425,24,2,36,4,22,44,83,42,1,3,301,3,11,2,14,4,23,16,10,0,10,40,3,22,31,61,41,0,24,82,163,3,140,33,9,84,14,51,0,123,3,28,22,25,1,15,3,2,18,4,67,397,8,126,185,183,1,3,3,69,1,38,70,41,301,379,23,781,17,40,3,1,7,148,83,0,3,198,20,5,15,43,21,34,0,8,26,4,19,6,9,0,5,21,0,16,2,65,221,46,207,18,6,159,30,110,14,3,0,1,6,42,11,162,0,6,5,30,85,30,17,23,48,2,139,3,421,3,74,555,47,213,44,67,12,0,0,12,105,177,105,22,45,0,8,81,148,26,184,5,0,1229,26,29,269,25,63,28,84,0,2,111,4,25,0,4,11,0,21,21,3,19,1,17,283,3,15,6,440,29,66,11,10,62,48,103,2,88,11,77,4,4,46,141,128,0,2,3,29,2,12,5,9,96,3,10,43,8,117,0,14,12,4,26,1,15,3,0,1,5,22,2,13,66,12,70,24,5,1,6,12,1,37,0,4,8,3,16,77,72,4,0,147,50,35,35,39,0,3,6,4,25,34,25,0,14,27,41,155,56,4,17,40,17,51,1,12,4,9,43,96,3,6,2,4,43,8,5,2,257,51,35,39,907,2,70,39,17,7,14,0,41,28,36,0,1,4,0,50,0,13,19,5,0,0,23,0,22,31,13,13,2,53,4,3,23,18,0,108,106,0,159,3,10,4,88,10,194,0,11,1,0,21,68,9,35,20,14,76,19,1,68,18,15,0,1,6,65,27,5,108,2,50,1,1,2,0,45,2,44,9,9,3,37,72,12,40,0,2
"ENSG00000287633.1",10,0,0,0,2,1,0,1,1,0,0,1,0,0,0,0,0,3,2,1,3,0,0,2,2,0,0,6,0,0,1,0,1,5,0,0,1,0,1,0,0,2,0,0,2,0,3,0,1,3,0,1,0,0,0,1,0,1,1,0,1,10,0,1,3,3,1,3,6,1,0,1,1,0,1,0,9,0,1,0,5,5,2,0,7,0,0,1,4,1,0,6,9,1,0,0,0,0,6,0,3,1,0,2,0,1,4,0,4,0,4,0,7,0,2,0,1,1,3,5,0,29,0,0,0,1,0,2,6,1,0,0,6,0,2,0,0,1,3,0,1,0,0,1,0,13,1,0,0,0,1,0,2,6,2,14,0,4,0,3,2,3,3,0,0,0,0,0,1,6,0,0,2,4,1,0,2,17,0,2,0,3,0,3,2,1,0,5,4,2,0,1,0,0,5,6,0,2,0,0,15,16,5,1,0,2,0,0,0,8,0,4,3,0,0,1,0,2,0,0,0,0,0,1,1,0,1,1,1,6,0,2,3,0,3,2,0,1,12,2,0,6,0,0,3,7,0,0,5,1,0,0,0,0,0,3,2,4,1,6,4,1,8,2,0,1,0,1,9,0,2,0,0,1,1,0,0,0,0,7,5,1,1,0,3,3,0,1,4,0,0,2,0,3,0,0,3,1,7,2,0,0,0,0,1,1,1,0,2,9,0,0,1,7,4,0,0,2,11,1,1,2,0,3,2,1,0,2,2,0,1,0,1,1,11,0,4,1,0,5,0,0,0,3,0,1,1,6,4,1,0,18,1,3,0,0,1,1,0,7,8,0,8,5,1,0,15,1,0,0,1,1,0,0,6,0,15,0,0,3,12,1,3,1,0,0,0,9,3,3,14,1,0,2,1,1,11,0,0,1,0,6,0,0,1,1,5,3,0,2,0,0,2,0,3,0,4,0,4,0,0,0,0,2
"ENSG00000287642.1",9,0,0,1,7,0,2,0,1,39,8,1,0,1,4,0,1,2,0,0,0,0,3,0,0,0,1,2,0,14,5,9,1,0,1,12,1,0,0,0,0,13,1,0,0,0,3,2,0,2,0,0,1,1,0,0,0,0,0,0,0,1,1,1,0,0,0,0,0,2,13,3,0,0,0,0,3,1,1,0,0,0,10,2,0,0,2,0,1,0,7,11,0,33,0,0,0,1,0,1,1,0,37,0,6,0,2,0,3,0,0,1,6,0,1,2,3,0,0,12,1,0,0,0,0,0,1,0,0,8,1,0,2,0,9,0,0,0,1,1,0,1,11,1,3,16,8,3,0,54,0,1,0,0,1,0,2,4,1,2,1,0,7,0,1,2,0,21,0,1,0,1,3,2,2,0,0,0,16,0,0,6,0,1,0,1,0,0,0,1,0,2,2,2,0,0,1,1,0,2,0,0,4,1,0,1,2,1,0,0,0,3,6,3,2,35,0,0,0,0,0,0,0,0,1,0,1,0,3,1,26,0,1,0,1,2,1,0,0,0,0,1,1,1,2,0,0,0,0,0,0,0,0,2,0,1,0,7,1,3,0,1,4,2,0,1,0,0,0,0,1,0,9,0,3,1,6,0,2,0,1,1,0,0,0,0,0,2,0,0,4,0,0,0,2,16,13,0,0,7,0,0,22,0,1,4,0,1,0,2,0,0,0,9,2,52,0,5,7,4,0,3,0,0,1,1,1,1,0,0,1,0,0,1,1,0,1,7,1,2,0,0,0,7,5,0,0,0,8,0,0,38,0,0,0,0,0,2,4,14,0,0,2,5,0,0,4,6,2,1,1,5,0,0,0,0,0,0,1,2,0,0,0,4,1,0,2,2,5,0,2,0,0,1,0,1,4,8,5,0,0,0,1,0,18,0,11,1,0,1,3,0,1,1,0,0,0,11,0,1,0,0,2,1
"ENSG00000287656.1",11,0,0,1,0,6,0,0,0,51,5,2,0,2,10,1,5,1,1,19,9,2,0,1,3,4,0,3,0,3,0,5,1,7,2,53,5,0,1,3,0,1,6,2,2,0,1,0,0,0,0,0,2,0,0,3,0,2,0,1,4,3,2,3,1,2,1,10,4,2,10,0,3,0,0,1,2,2,0,2,2,6,12,0,0,23,2,0,13,1,2,7,1,0,3,1,2,0,0,0,1,3,0,1,0,14,0,0,3,0,8,0,19,0,9,0,25,3,2,5,0,4,0,0,0,0,0,0,33,0,2,0,7,0,2,2,0,0,0,0,0,0,2,0,7,7,1,3,6,0,0,3,0,1,1,12,7,0,0,5,0,0,1,1,0,2,2,5,0,1,0,2,3,31,1,1,1,2,18,1,0,7,0,2,0,0,0,0,1,0,7,2,2,3,2,0,2,0,1,39,1,6,2,8,1,3,0,4,3,10,3,2,0,2,18,11,0,0,2,6,2,0,0,4,4,0,10,27,0,3,0,4,0,0,0,0,1,0,1,0,16,3,2,20,2,2,0,0,3,6,0,1,0,0,3,3,2,0,0,9,2,1,0,0,0,6,6,0,0,0,0,0,0,0,5,1,0,0,0,7,3,0,2,0,12,0,0,1,1,3,3,8,0,1,1,1,20,1,0,0,8,2,1,1,0,0,0,3,1,4,1,1,0,2,8,73,0,2,2,3,9,0,0,22,1,1,1,3,0,0,6,0,0,1,30,0,0,5,0,2,0,5,1,6,0,3,0,15,0,0,0,2,4,1,1,0,1,2,8,2,2,1,4,3,0,3,0,3,0,8,0,3,0,0,4,0,3,0,2,1,0,0,6,0,0,0,1,0,1,6,1,5,0,3,1,1,24,0,4,0,1,0,22,1,10,0,8,11,0,32,13,0,3,3,1,2,0,0,1,10,1,0,14,0
"ENSG00000287668.1",0,0,0,0,1,1,3,1,1,0,1,9,24,3,0,0,4,3,38,0,1,3,2,0,8,1,0,6,0,0,3,0,2,1,0,0,0,0,5,3,0,0,1,1,1,0,0,1,0,0,2,3,2,1,0,2,1,0,1,0,0,8,1,8,0,1,0,0,6,1,12,2,0,0,0,0,1,1,2,2,6,4,3,0,11,1,2,0,0,2,5,14,3,3,0,0,0,0,42,0,0,1,0,1,0,0,17,0,12,0,4,1,1,0,5,0,1,2,1,1,0,0,3,4,2,0,0,2,2,26,0,0,0,0,0,1,1,0,30,0,0,0,9,0,0,13,0,0,11,0,0,1,0,2,0,3,2,0,0,1,3,8,7,1,0,3,2,11,16,1,0,15,2,2,0,0,1,0,0,0,1,0,13,4,0,0,1,0,0,4,0,0,14,1,8,3,0,6,0,2,0,5,1,6,0,2,0,0,0,2,0,1,2,2,20,0,0,0,1,3,0,2,2,1,0,2,3,10,0,3,14,1,0,0,0,0,0,1,0,1,9,5,4,0,6,2,2,0,1,4,0,1,1,2,0,0,0,2,0,8,10,3,4,30,0,0,0,1,3,0,0,0,6,0,1,5,26,1,9,8,15,1,0,0,7,0,0,0,31,1,1,0,2,1,1,2,1,1,0,1,2,2,1,0,0,0,0,0,3,0,1,3,3,0,0,0,1,0,0,1,2,1,0,2,0,1,0,0,0,0,0,1,0,1,0,5,1,11,0,0,1,0,1,1,13,0,0,0,0,1,0,0,2,11,0,1,1,1,4,14,0,1,1,5,0,5,0,2,0,0,0,0,4,1,0,1,9,0,0,5,2,2,5,0,1,0,0,0,0,2,10,0,0,0,3,7,1,7,3,0,1,1,0,1,2,0,1,1,0,0,1,0,3,0,0,0,1,0,33,0,0,0,0,0
"ENSG00000287677.2",0,0,74,0,0,0,0,0,0,0,1269,14,1146,0,0,0,0,1,0,0,0,0,0,0,0,0,0,0,0,1,0,0,0,0,0,0,18,0,40,16,0,0,0,0,0,0,0,0,0,0,0,3,0,71,0,0,0,0,0,0,0,0,0,0,0,0,0,0,0,0,0,0,0,0,0,0,0,0,34,0,80,0,1,0,0,0,0,0,0,0,0,80,0,0,0,0,5,0,5,0,0,0,0,2,0,3,0,0,1,0,0,0,0,0,0,0,0,0,0,4793,0,0,0,0,0,0,0,0,0,0,0,0,1,0,0,0,0,0,0,0,0,0,2,0,0,0,10,0,1,0,0,0,0,0,0,0,1,0,35,0,0,0,0,0,0,0,1,1,0,0,0,0,111,0,2,0,0,1,0,0,0,0,0,0,4,0,0,0,0,0,0,1,0,4,0,0,0,15,0,0,0,0,0,0,0,2,0,0,0,0,0,0,0,0,0,0,0,0,0,0,0,0,0,0,0,0,10,0,0,39,0,0,0,34,283,42,0,0,0,0,0,0,0,0,0,3,0,30,2,0,0,0,0,0,0,0,0,0,6,1,1,0,0,0,0,0,0,0,0,0,0,0,1,0,0,0,0,0,2,0,0,3,0,1,0,0,0,0,0,0,0,0,0,1,3,0,0,15,0,1,0,0,5,0,0,1,0,0,0,5,0,0,0,0,62,0,4,0,0,0,0,0,0,0,0,1,0,93,9,1,182,0,0,0,12,0,1,0,1831,14,3,44,0,0,0,0,0,0,0,0,0,2,0,59,0,0,0,0,0,0,0,2,0,0,0,0,3,0,1,0,2,0,1,1536,0,0,0,1,0,0,0,0,0,0,0,2,0,0,0,0,1,0,0,0,0,0,15,12,0,0,0,0,0,2,1,4,0,0,0,0,0,0,0,0,0,0,0,0,0,0,0,0,374,0
"ENSG00000287688.1",1,23,2,2,0,23,2,2,50,12,5,70,11,2,3,9,3,21,244,2,15,45,8,5,2,24,41,19,2,0,1,0,2,18,1,3,867,3,216,93,60,2,2,1046,68,11,89,13,5,3,7,3,33,41,123,4,1017,4,6,38,530,1,906,11,32,0,10,1963,1,11,3,29,6,53,35,4,5,11,18,6,378,5,1,34,3,3,47,146,42,32,17,158,1,17,468,3,2242,3,38,1,54,42,7,70,3,23,15,10,3,2,3,8,24,43,5,62,3,63,2,198,685,14,13,93,27,16,7,13,122,19,25,27,8,51,0,19,67,15,1,4,11,12,1,35,2,2,4,4,11,4,14,2,23,18,19,128,24,5,898,20,4,126,7,3,0,24,6,4,24,5,12,1,716,2,126,28,55,181,4,556,25,11,26,11,317,42,3,0,3,11,128,5,7,30,2,6,37,21,22,13,1,3,20,4,8,89,3,3,17,52,2,10,3,0,2,2,1822,1314,13,72,15,62,9,1,6,3,1013,2,0,96,1,20,4,451,549,889,7,358,5,30,15,17,374,11,1,38,154,161,357,1669,6,5,5,4,8,3,23,5,38,5,12,2,4,7,20,3,2,19,10,15,4,9,0,65,49,4,3,6,977,3,1,18,39,38,450,9,3,31,15,7,34,53,5,113,644,11,5,335,95,3,7,2,2,6,29,27,25,63,22,49,926,8,196,19,196,3,207,2,14,50,1,3,26,1,88,7,6,1085,65,8,920,11,26,21,1254,28,2032,9,23,56,26,2088,1,13,9,3,167,34,8,9,32,1,58,24,32,39,0,10,3,2,38,11,553,2,0,13,6,1,773,6,12,111,5,53,21,4,43,12,8,5,21,1,11,26,27,5,13,35,11,22,18,70,2,16,22,5,465,2,115,42,9,29,7,65,13,0,2,1,41,72,13,38,3,61,0,1,3,9,1,24,6,6,385,41
"ENSG00000287723.1",0,0,0,0,0,0,0,3,0,0,3,2,0,0,0,0,0,0,0,1,1,0,0,0,16,6,0,11,5,1,0,1,0,2,0,0,1,1,0,0,0,0,0,1,1,0,0,0,0,0,0,1,1,0,0,0,0,4,16,10,1,38,0,0,2,2,0,2,1,0,12,1,0,2,0,0,0,1,2,7,2,2,2,0,0,0,1,4,1,0,0,3,0,0,0,0,1,1,0,0,0,2,1,1,0,0,0,0,1,0,0,0,1,1,0,0,2,24,2,3,1,0,0,0,1,0,0,1,0,16,2,0,0,0,0,2,0,0,1,0,0,1,1,0,0,0,1,0,0,1,2,0,0,8,0,0,0,1,0,1,1,0,0,1,0,1,2,1,0,2,2,1,1,126,0,0,1,1,0,3,0,0,0,0,2,1,1,1,2,25,0,1,0,0,4,0,0,0,0,0,0,0,0,233,0,0,0,1,0,0,0,0,1,105,0,0,0,0,0,3,1,0,0,2,0,0,4,7,0,0,0,2,0,0,0,0,0,0,0,0,0,0,1,0,0,7,0,0,0,1,5,0,0,0,0,0,0,0,1,115,13,4,2,1,0,1,1,1,2,0,2,0,0,0,0,0,1,0,0,1,1,3,2,0,1,0,0,0,0,4,0,0,1,0,0,1,8,0,3,0,0,0,0,0,0,0,0,0,2,3,1,0,0,0,4,0,0,2,0,1,1,1,0,1,2,0,0,0,4,0,1,1,1,0,13,0,0,0,1,1,4,1,3,0,59,39,24,0,3,0,0,0,2,118,0,0,2,2,0,2,4,0,1,3,2,0,0,0,0,0,15,0,1,0,5,1,4,0,0,0,1,64,0,0,0,0,2,0,1,1,1,2,0,1,1,1,50,0,0,0,0,1,1,0,2,0,1,1,2,0,0,0,0,0,1,0,4,0,1,1,0,0,2,1
"ENSG00000287737.1",47,0,10,5,16,9,9,21,5,53,22,34,23,30,62,4,5,52,12,11,11,2,10,2,22,11,7,13,2,25,17,27,22,8,8,8,10,6,50,57,0,6,21,6,4,7,10,6,2,13,4,35,6,51,8,41,4,41,37,7,6,24,21,10,6,17,11,8,37,30,151,20,6,2,3,1,248,2,13,43,44,18,54,8,12,12,4,4,41,0,27,26,8,37,1,1,14,19,60,11,8,10,7,1,5,29,24,5,90,9,18,5,20,14,11,15,72,6,42,68,5,11,6,20,8,4,5,31,21,76,9,3,81,12,15,1,30,1,41,0,1,39,24,1,16,21,18,11,26,38,8,1,10,8,8,38,15,15,39,72,6,3,39,29,8,46,67,26,19,18,7,19,10,16,0,7,10,32,60,11,1,14,29,59,20,13,17,10,44,26,2,11,32,33,11,3,3,7,12,17,1,25,31,107,1,68,25,59,3,24,7,11,23,15,30,25,8,1,9,12,2,6,3,9,5,2,4,72,2,29,13,18,13,25,2,9,2,6,4,10,11,17,9,18,71,46,20,2,37,36,4,0,1,9,1,7,3,1,23,37,12,8,29,39,2,17,2,3,49,3,6,1,82,1,12,6,10,4,4,10,50,15,4,3,5,25,0,10,28,4,11,5,5,43,6,197,31,50,22,39,28,10,68,9,4,2,5,11,16,16,2,30,32,6,20,72,18,23,17,10,14,84,0,38,22,36,6,5,7,3,32,4,3,6,53,2,12,19,4,20,2,4,15,23,28,17,3,9,5,0,2,79,16,23,3,1,10,26,22,12,15,3,5,24,65,3,4,18,6,0,10,66,6,20,38,75,85,17,1,45,4,45,17,2,4,20,16,31,16,5,45,8,1,26,6,9,10,24,42,1,8,4,5,7,20,19,41,20,0,14,25,0,9,5,4,2,11,19,16,5,2,9,23,2
"ENSG00000287753.1",0,0,0,1,0,0,0,0,0,0,0,28,0,16,4,0,0,2,0,0,0,0,0,1,11,0,0,0,0,4,0,0,2,0,0,0,13,1,31,16,0,0,0,6,1,0,0,0,0,0,0,7,0,0,0,0,0,0,0,0,0,3,0,0,0,0,0,1,1,0,12,0,0,0,0,0,0,0,0,9,62,5,1,0,4,0,0,14,0,0,0,8,1,0,0,0,0,15,1,0,0,0,0,0,0,0,0,0,3,0,0,0,4,0,0,2,0,1,0,68,4,2,0,0,0,0,0,3,0,1,0,0,20,0,0,0,0,0,5,0,0,0,5,1,0,13,0,0,3,0,0,0,0,0,0,0,0,0,4,1,0,0,0,0,0,2,4,1,0,2,0,2,1,9,1,0,0,32,2,0,0,0,1,0,0,0,1,0,0,5,0,0,1,7,2,0,0,0,0,2,0,0,0,37,0,18,0,0,4,0,0,0,0,1,3,0,0,0,7,21,0,0,0,0,0,0,4,0,0,0,1,1,0,0,0,42,0,1,0,1,0,0,2,0,2,0,0,0,0,98,0,0,0,0,0,0,0,0,11,2,20,1,0,5,0,0,0,0,2,0,1,0,61,0,0,0,27,0,0,0,0,6,22,0,0,1,0,0,0,0,0,0,0,0,0,8,4,0,0,0,0,0,6,1,0,0,0,1,0,1,6,1,0,1,1,0,15,0,0,0,0,0,0,0,0,0,0,0,5,0,36,0,4,0,0,0,0,0,0,0,0,1,0,1,7,2,0,0,10,0,0,0,0,4,0,0,0,0,0,0,0,0,3,16,0,0,0,0,0,0,0,1,0,5,0,0,12,0,0,0,14,2,0,0,0,1,0,5,4,0,0,0,0,2,0,0,20,0,2,0,0,0,0,0,0,0,6,3,0,0,0,0,0,0,0,0,8,1,0,0,0,1,0,0
"ENSG00000287809.1",4,0,0,9,2,0,5,1,2,11,6,17,15,20,11,1,1,11,214,4,3,1,1,1,6,2,0,2,0,7,2,8,9,7,9,4,38,0,8,8,0,5,1,6,5,16,4,1,0,4,6,3,2,56,5,8,4,1,8,5,1,3,37,1,3,0,2,116,5,2,8,7,0,3,1,4,2,5,1,1,27,19,6,5,5,4,1,22,10,4,8,6,1,6,7,3,4,8,3,2,2,5,0,7,1,2,7,1,6,4,2,2,5,4,3,1,2,1,1,55,39,12,7,54,24,1,2,0,3,8,3,2,17,3,2,2,19,3,8,1,1,4,4,5,2,12,1,0,4,10,2,1,6,9,9,18,1,1,19,5,1,4,0,1,2,4,8,18,4,1,0,0,118,5,8,4,29,19,7,9,0,3,3,8,15,1,4,1,6,4,3,2,6,3,4,15,5,8,2,5,5,24,9,19,2,5,7,3,2,7,5,5,0,1,2,8,13,22,6,57,1,3,0,1,4,2,10,34,0,24,9,1,8,65,12,85,2,49,0,5,6,6,25,5,2,4,9,0,49,57,1,3,1,3,0,13,2,5,8,8,0,3,5,1,1,3,26,3,8,0,36,1,28,0,8,0,0,1,12,6,9,50,1,0,9,0,0,3,6,4,0,1,1,32,19,26,10,20,2,5,3,0,2,1,4,0,2,5,0,19,3,0,9,6,8,14,65,6,9,1,1,10,3,2,21,8,2,25,17,2,34,1,6,4,46,3,401,4,13,0,1,37,0,7,8,1,2,8,1,0,0,2,1,8,13,3,2,13,5,0,19,1,13,4,0,3,4,1,10,3,4,27,0,16,6,2,6,5,0,6,0,5,20,0,1,17,2,0,1,3,9,20,1,0,2,0,25,4,13,0,2,3,5,29,25,2,24,22,1,1,6,7,2,1,5,1,2,3,1,0,7,4,27,3
"ENSG00000287828.1",1,0,18,17,2,0,0,0,0,3,168,28,61,5,1,2,1,1,38,14,3,4,0,2,0,1,1,7,0,51,24,13,5,0,2,0,134,1,2,3,0,1,0,43,4,0,50,18,1,1,0,3,2,20,81,0,31,0,1,0,1,2,1,1,0,7,0,87,0,0,7,4,2,3,0,0,1,2,13,0,35,1,20,1,1,0,0,3,21,0,3,208,0,0,21,0,75,5,0,7,10,0,2,8,5,1,0,2,42,0,2,5,2,4,2,6,10,0,0,247,8,0,0,143,1,0,6,1,0,2,1,0,32,5,1,0,71,1,0,1,1,5,17,3,5,4,2,3,15,0,1,1,0,4,3,30,0,4,9,8,0,4,13,1,9,1,2,0,0,0,0,0,255,0,0,0,4,122,4,39,0,1,4,1,71,6,0,1,2,0,0,7,0,17,2,0,0,1,0,1,1,0,4,0,0,1,0,1,4,0,1,2,31,0,5,2,4,10,6,148,0,1,0,0,1,0,0,4,0,26,0,0,15,21,10,6,1,35,1,2,2,14,11,1,4,0,4,0,6,10,2,0,0,3,0,0,2,13,75,6,0,0,0,1,1,5,0,1,3,1,23,1,2,3,1,0,4,1,6,18,0,62,0,1,0,7,0,2,4,9,5,1,1,1,5,8,2,13,0,0,0,0,7,1,1,2,0,1,0,1,96,1,0,3,1,1,5,8,73,15,2,8,1,4,8,0,7,3,6,0,593,3,26,1,12,2,86,0,112,99,0,113,0,1,0,0,0,13,0,2,8,17,1,4,5,4,24,5,5,6,1,0,193,1,29,0,0,37,2,3,0,26,0,9,0,1,0,10,0,2,0,0,0,2,19,1,7,0,1,0,49,0,1,8,4,0,14,35,19,1,1,0,0,8,118,9,4,0,0,2,6,0,0,2,1,0,1,6,2,1,0,0,99,0
"ENSG00000287839.1",41,5,3,43,61,66,17,64,41,12,173,48,262,1209,79,28,51,159,418,38,100,20,6,51,58,45,45,91,19,34,31,50,77,174,103,61,153,89,28,38,4,26,43,115,34,3,22,138,6,5,41,88,21,220,295,225,12,94,20,46,53,196,112,48,47,70,80,104,98,210,74,320,97,12,2,12,52,78,103,50,618,226,52,291,177,19,49,38,14,27,196,379,145,76,43,8,59,112,577,118,57,37,159,120,121,5,422,34,80,76,58,39,7,32,14,25,19,54,83,250,80,33,5,101,180,14,7,109,109,152,30,19,243,69,404,30,418,17,217,35,6,222,33,35,56,361,508,129,12,4,7,23,192,32,23,153,57,287,164,45,181,49,160,93,23,99,143,34,226,215,68,49,800,284,73,28,130,88,117,154,20,81,221,284,48,156,145,132,74,40,196,165,857,130,158,162,13,282,1,95,79,376,73,633,6,155,5,265,61,32,39,47,184,70,45,11,83,26,47,56,9,50,0,29,6,17,143,364,78,97,64,160,216,182,21,201,10,82,38,47,9,71,84,12,820,20,6,45,175,79,13,60,8,847,13,40,22,21,282,273,60,110,582,170,15,62,73,21,175,7,294,12,98,20,60,59,54,2,48,99,126,139,85,2,150,11,5,49,39,154,34,318,319,160,82,53,64,136,54,8,136,19,24,38,50,32,60,164,15,104,93,29,74,387,355,77,408,111,12,75,70,202,13,39,162,40,9,68,150,12,42,67,16,52,125,44,165,340,92,44,32,125,233,30,220,67,22,11,42,17,11,89,90,25,118,25,111,68,77,36,34,65,75,76,49,62,31,135,50,94,335,122,5,231,260,32,117,19,22,133,80,162,142,153,31,127,122,123,19,77,51,128,8,79,34,44,218,10,56,14,59,34,11,113,86,34,171,87,34,8,103,30,71,7,424,13,52,161,200,20,23,5,74,14
"ENSG00000287844.1",0,0,0,0,0,0,0,0,0,0,0,0,0,15,1,0,0,3,0,0,0,0,0,1,0,0,0,0,0,0,0,0,0,0,0,0,0,0,0,0,0,0,0,0,0,0,0,0,0,0,0,0,0,39,0,0,0,0,0,0,0,13,0,0,0,0,0,0,0,0,0,0,0,0,0,0,0,0,2,5,39,1,0,0,3,1,0,7,0,2,0,24,15,0,0,0,0,1,10,0,0,0,0,0,0,0,0,0,27,0,0,0,0,0,0,1,0,0,1,13,0,0,0,0,4,0,0,0,0,0,0,0,60,0,0,0,0,0,0,0,0,0,55,0,0,0,2,0,10,0,0,0,0,10,1,0,3,0,18,0,0,0,0,0,0,1,4,0,0,0,4,8,0,3,0,2,1,26,0,0,0,0,0,0,2,0,0,0,0,1,0,0,0,1,0,9,0,0,0,0,0,0,0,25,0,7,0,0,0,0,0,0,3,1,20,0,0,0,0,0,0,0,0,0,0,0,0,0,0,0,0,0,0,0,0,0,0,0,0,0,0,0,0,0,0,0,6,0,0,0,0,0,0,0,0,0,0,0,0,0,1,0,0,68,0,0,0,0,0,0,1,0,7,0,0,0,26,0,0,0,1,13,17,0,0,1,0,0,0,0,0,0,0,1,0,1,0,0,0,0,0,2,22,0,0,0,0,0,1,17,0,0,0,0,0,0,12,0,0,0,0,0,0,0,0,0,0,0,0,0,4,0,0,0,5,0,0,0,0,0,0,1,0,0,8,0,0,0,1,0,0,0,0,4,0,0,0,0,0,0,0,0,0,0,0,0,0,9,0,0,0,0,1,1,0,0,6,0,0,0,0,0,1,0,1,0,1,1,0,0,2,0,0,0,0,0,3,5,0,0,0,1,0,0,2,0,0,9,0,0,0,0,0,0,0,0,0,0,0,1,0,0,0,0
"ENSG00000287851.1",3,0,0,0,4,1,2,2,0,24,1,5,7,7,6,0,3,3,1,0,0,0,2,1,5,5,6,2,1,4,8,1,1,3,2,0,3,1,3,3,2,1,2,1,0,6,1,0,0,1,0,5,2,1,1,3,0,2,3,2,3,0,2,3,0,4,1,0,10,2,4,1,1,0,0,2,5,0,1,1,2,11,3,0,4,1,1,1,2,4,7,3,3,12,0,0,1,2,4,1,1,0,4,0,0,2,2,0,8,5,1,0,0,2,1,2,4,0,6,5,0,2,0,4,0,0,1,13,3,2,1,0,4,0,3,0,5,0,1,2,0,14,1,0,1,5,26,5,2,1,0,0,10,6,0,3,3,6,10,0,1,4,1,3,5,0,5,9,2,5,2,0,1,6,0,0,1,4,8,1,0,1,2,2,3,0,2,0,1,1,3,2,3,1,1,7,1,4,1,2,0,5,2,8,0,4,2,7,5,4,1,4,3,4,19,5,5,0,1,8,0,5,1,0,1,0,2,4,0,3,6,1,0,0,1,1,1,1,1,1,3,0,1,0,16,9,0,1,7,1,0,3,0,4,0,3,0,9,1,2,4,0,4,5,0,1,3,1,2,0,2,0,5,0,2,1,7,0,2,1,6,1,2,0,0,2,0,0,14,0,0,0,5,11,3,9,3,0,5,7,2,5,9,1,4,2,0,3,6,0,3,14,9,4,3,10,2,1,4,0,2,9,1,2,4,6,2,1,2,0,1,2,1,3,4,0,4,2,3,1,0,0,0,14,1,1,4,2,1,2,0,6,1,3,1,0,4,8,1,3,0,1,0,15,4,2,4,4,2,4,2,1,1,1,7,4,2,2,0,6,2,2,3,0,1,4,7,3,3,2,4,1,0,3,2,3,0,1,5,0,3,3,2,2,3,3,1,1,0,2,2,3,1,1,2,1,3,3,1,0,0,2,5,1
"ENSG00000287861.1",1,0,0,0,0,0,0,0,0,3,0,0,0,0,0,0,0,0,0,0,0,0,1,0,0,0,0,0,0,0,0,0,6,0,1,0,0,0,0,0,0,0,0,0,0,0,0,0,0,0,0,4,1,74,0,0,0,0,2,0,0,0,0,5,0,0,0,0,0,0,13,0,0,0,0,0,0,0,1,46,0,6,0,0,0,0,0,0,0,0,0,1,41,7,0,0,0,0,3,0,0,0,0,0,0,0,0,0,278,1,0,0,0,1,0,0,1,0,0,0,0,1,0,0,0,0,1,2,0,0,0,0,1,0,0,0,0,0,0,0,0,0,72,0,0,0,0,0,0,0,0,0,0,4,0,0,0,0,3,2,2,0,0,0,0,5,58,0,0,1,0,0,0,131,0,0,0,250,0,0,0,0,0,0,0,0,0,0,0,4,0,1,0,2,0,0,0,0,0,0,0,0,0,2,0,209,0,0,1,0,0,1,0,0,0,17,0,0,185,7,0,14,0,0,0,0,0,0,1,0,0,0,0,2,0,0,0,0,0,0,0,0,0,0,1,2,0,0,0,0,0,0,0,0,0,0,0,0,0,0,5,0,0,0,0,0,0,0,8,0,0,0,204,0,0,0,2,0,0,0,1,47,0,3,0,0,0,0,0,0,0,0,0,0,0,357,39,0,0,0,0,0,0,0,388,0,0,0,0,0,1,0,0,0,0,0,0,0,0,9,0,0,0,0,0,0,0,0,0,0,13,0,0,0,1,0,0,0,0,0,0,0,0,0,0,25,0,0,31,0,0,0,0,220,0,0,0,0,0,0,5,0,0,0,0,0,0,0,0,0,0,0,0,0,50,0,0,0,0,30,0,201,0,0,0,0,0,0,0,0,0,0,0,0,0,0,0,673,0,0,0,0,0,0,0,0,0,1,0,0,0,0,0,0,0,0,0,0,0,0,0,0,0,0
"ENSG00000287895.1",12,0,0,1,16,5,0,1,2,2,1,3,2,17,2,0,19,5,5,44,4,1,4,3,4,6,0,14,0,5,1,6,8,43,0,34,0,12,0,1,0,14,29,2,0,1,0,3,0,0,0,2,0,11,0,4,0,0,15,0,1,10,3,0,5,3,1,0,5,7,32,3,2,0,0,0,29,2,1,5,17,112,3,0,14,0,3,1,0,0,1,18,32,0,0,0,3,4,8,2,1,0,2,1,2,4,0,0,8,7,10,1,2,6,10,2,46,10,9,33,2,6,0,1,1,0,5,19,5,24,9,1,263,0,4,0,2,0,3,1,0,3,3,1,1,10,24,6,1,3,2,0,4,0,0,1,2,6,5,5,2,0,22,12,2,6,14,0,0,28,0,0,2,28,1,5,3,2,6,38,0,1,19,21,1,0,2,7,5,5,2,1,4,16,4,2,1,3,0,39,17,5,49,355,1,1,0,1,5,3,3,1,1,107,2,3,0,0,5,23,0,7,0,1,0,0,5,11,0,6,0,2,2,1,0,126,0,1,4,0,2,8,0,1,14,2,1,0,1,8,0,0,0,12,0,0,0,3,5,11,28,21,10,7,1,8,1,1,39,1,7,1,0,0,3,1,0,0,2,0,10,29,0,0,3,1,0,0,0,137,0,4,0,3,0,4,8,0,1,20,48,0,0,1,0,0,0,1,4,6,5,3,4,30,9,7,38,16,3,4,11,31,0,12,22,5,0,0,0,0,5,4,0,0,10,0,1,4,1,0,0,3,270,4,2,4,0,0,0,0,0,14,2,7,2,0,8,4,14,0,0,0,6,7,49,2,0,1,0,2,0,4,0,0,18,5,6,0,1,7,2,18,3,1,0,1,2,4,3,3,9,5,0,5,1,4,11,0,1,0,0,1,0,5,5,0,188,2,0,1,19,1,1,0,3,4,4,7,2,2,0,0,3,0
"ENSG00000287899.1",0,0,0,3,1,1,67,0,3,1,0,0,0,47,14,1,1,1,0,0,0,1,16,0,0,1,0,3,0,40,5,5,16,0,2,1,2,1,1,3,0,1,0,1,1,7,2,0,0,0,0,26,0,0,0,0,0,1,0,0,0,0,0,0,0,1,0,0,5,0,3,8,1,0,0,0,4,2,2,5,0,1,2,1,0,0,1,0,1,31,12,26,4,109,0,0,0,0,0,1,51,0,4,0,18,2,0,0,0,0,1,0,1,1,3,38,0,0,1,13,0,0,0,3,9,0,0,0,3,0,0,1,6,2,5,0,0,0,1,0,0,0,5,0,27,2,38,0,38,0,0,2,3,0,0,0,9,39,0,0,2,91,96,1,1,0,16,22,0,23,0,86,2,0,11,0,3,1,0,0,0,0,1,1,1,1,0,0,1,0,0,7,0,0,0,0,0,21,0,1,0,0,1,0,0,1,0,1,19,0,1,2,511,6,0,0,0,0,4,8,1,1,10,10,0,0,1,0,6,4,30,8,8,0,0,14,0,0,6,25,0,24,1,1,8,8,0,11,0,1,1,3,39,295,1,1,0,2,0,2,17,1,60,3,1,1,0,0,0,1,28,1,66,0,11,0,45,1,0,5,2,7,0,1,1,2,0,61,5,36,0,0,2,1,0,15,3,0,0,0,1,0,3,0,20,109,0,0,0,0,1,0,2,27,1,1,3,0,0,3,0,0,0,0,7,1,1,0,0,0,0,13,2,1,1,0,0,123,0,0,0,2,0,2,0,0,0,2,20,1,0,3,1,10,0,0,2,2,13,180,3,1,1,36,0,0,0,11,0,13,80,1,8,0,0,0,2,0,0,5,1,1,0,14,0,18,0,10,10,2,17,2,0,1,0,1,2,0,0,0,0,0,1,0,0,0,70,3,0,0,2,2,0,1,0,0,1,0,0,0,0,0,1,2
"ENSG00000287927.1",0,3,0,3,1,0,0,0,6,2,2,0,0,0,0,32,1,0,0,5,2,4,3,3,1,0,0,1,1,0,0,0,0,2,1,0,1,0,0,0,0,1,0,1,0,1,1,0,2,4,0,0,8,0,0,0,5,0,1,1,0,0,0,0,54,0,0,0,0,0,1,0,0,7,0,0,1,1,0,0,0,0,0,0,1,0,2,0,5,0,4,0,0,1,0,5,0,0,0,0,0,0,0,0,0,4,2,0,2,0,2,0,14,2,0,1,5,1,0,0,0,0,9,0,0,0,1,0,8,3,1,1,0,0,0,47,0,1,0,0,0,4,0,11,1,3,0,0,0,1,10,10,1,0,5,0,0,2,0,2,0,0,1,0,0,3,1,0,0,0,0,0,2,0,0,1,0,0,0,0,0,1,0,1,0,1,0,2,0,0,1,1,0,0,0,0,9,0,0,0,0,1,0,0,0,0,3,3,0,1,0,1,0,1,4,0,0,0,0,1,18,0,1,0,0,0,1,0,0,2,1,0,1,0,0,0,22,0,0,0,5,0,18,2,2,2,0,0,1,0,0,0,1,1,60,14,0,1,0,1,0,0,0,0,2,2,2,0,0,1,0,88,0,3,0,0,0,0,0,0,1,0,0,0,0,0,1,3,0,0,2,1,0,0,1,0,0,1,3,1,0,0,0,3,0,0,0,0,1,0,0,3,0,1,0,0,1,0,18,0,2,0,51,5,0,2,1,0,2,4,0,2,0,0,0,6,0,0,0,0,1,0,1,0,0,0,1,0,0,0,23,1,6,0,0,6,0,2,0,0,0,3,0,0,0,0,0,0,0,0,0,0,0,0,0,0,0,1,1,0,0,0,0,0,0,0,0,1,1,1,0,0,80,0,0,1,0,1,2,1,1,0,1,0,1,1,1,0,0,4,1,0,1,0,0,0,0,0,0,1,5,4,0,2
"ENSG00000287928.1",1,79,0,9,14,36,0,0,8,2,0,1,0,0,0,56,4,2,0,77,22,112,0,127,109,131,3,2,12,3,6,0,17,75,11,0,7,5,0,1,9,0,0,38,92,16,12,1,118,132,15,0,10,35,0,12,15,62,125,0,1,0,0,9,82,20,106,1,10,4,6,34,1,90,250,134,1,22,0,22,58,17,0,2,165,10,34,0,0,105,33,48,58,0,2,51,0,15,9,0,32,100,0,6,4,0,9,97,0,42,36,93,0,0,4,7,39,7,10,1,0,72,130,2,27,25,14,0,12,3,30,27,2,30,1,177,0,60,1,7,108,4,0,174,14,0,0,0,24,0,90,62,6,8,50,0,4,18,1,46,231,0,12,1,1,3,3,0,7,0,40,148,2,0,4,25,22,9,5,0,94,6,0,1,0,68,85,89,8,118,41,0,0,58,96,0,108,85,0,0,54,16,4,2,111,4,72,9,172,0,15,26,0,55,21,0,2,0,1,11,85,80,2,0,104,54,27,0,0,6,2,10,0,0,3,0,139,0,19,43,3,9,7,14,0,5,0,0,57,13,5,2,101,2,8,0,59,0,0,1,94,89,0,42,10,7,5,120,10,194,6,46,0,28,35,22,3,108,1,0,2,13,100,66,0,8,89,0,33,1,9,3,81,1,5,0,0,6,0,0,10,0,0,16,30,3,0,7,36,5,0,5,6,0,4,0,12,1,3,33,2,13,164,1,78,0,53,0,1,35,0,26,25,111,1,121,1,0,0,0,143,0,4,1,0,2,6,3,0,44,51,3,51,2,0,63,27,0,0,42,6,18,18,0,4,25,0,90,1,18,18,6,0,6,1,77,21,60,0,2,239,17,224,26,24,0,1,25,27,7,48,3,28,0,89,1,2,1,19,59,67,34,1,16,0,0,0,4,79,4,13,22,27,12,111,1,28,0,0,44,162,0,0,58
"ENSG00000287935.1",3,0,0,0,4,0,0,1,1,3,0,0,1,7,42,0,6,2,0,0,4,0,1,0,7,0,0,1,0,0,0,2,6,3,0,6,5,1,0,0,0,0,0,1,0,0,1,1,0,0,0,2,1,1,1,6,0,1,9,0,0,14,0,3,0,2,1,2,4,4,0,5,6,0,0,0,1,0,0,6,0,16,17,11,1,2,3,0,6,0,9,3,0,13,0,0,0,8,2,2,0,0,0,1,2,1,11,1,32,0,2,0,3,1,1,0,4,1,11,6,0,0,0,0,2,2,1,7,3,8,1,0,8,1,17,1,0,1,10,1,0,5,6,1,5,35,3,10,6,1,1,0,1,2,2,2,0,5,0,0,11,0,14,2,4,32,4,36,2,8,0,12,0,27,1,0,6,0,1,0,0,1,1,5,0,1,1,4,2,2,3,1,3,5,8,1,0,0,1,7,2,2,3,3,2,12,1,2,4,0,1,10,2,8,1,14,0,0,0,4,0,4,0,4,1,0,2,4,3,0,1,2,5,0,2,0,0,0,0,0,0,0,0,1,11,8,0,4,1,0,0,3,1,7,2,2,2,1,9,7,4,5,1,2,0,7,4,1,0,3,8,0,14,0,13,0,14,0,0,3,11,2,0,1,3,0,1,4,0,3,0,3,0,1,2,13,3,1,1,4,7,0,1,3,0,0,1,2,2,0,1,6,1,9,3,5,1,6,3,1,4,5,0,12,1,2,0,0,0,0,1,2,0,2,4,0,0,12,0,3,1,0,2,8,2,0,1,6,11,0,0,7,2,0,0,0,3,4,1,1,0,0,0,35,5,1,18,11,0,2,0,1,0,0,6,4,2,0,0,6,0,3,14,4,0,0,4,1,1,6,4,0,1,2,1,1,2,15,3,0,1,0,2,1,27,5,3,1,1,0,2,2,3,0,22,0,12,0,45,1,1,0,8,0
"ENSG00000287956.1",0,189,1,36,11,20,4,49,106,8,3,5,5,1,0,140,18,12,47,16,28,180,85,35,148,196,38,43,10,1,1,2,10,211,12,1,42,92,3,2,259,0,43,15,431,119,68,9,22,147,138,28,194,4,162,2,275,18,178,66,4,18,34,52,110,31,72,4,136,12,27,21,25,85,347,137,50,25,5,70,8,52,11,66,27,37,43,12,50,6,170,16,3,0,20,70,157,17,14,2,39,583,7,14,9,10,409,194,14,11,9,208,103,154,38,91,27,28,13,13,10,133,131,3,14,67,77,33,101,22,101,328,33,32,4,237,95,247,89,36,126,26,7,632,9,0,2,11,13,1,62,146,15,108,193,22,14,42,12,25,129,10,41,17,2,134,25,2,90,16,109,20,30,4,7,57,16,118,37,16,186,161,119,40,80,92,174,164,72,83,121,0,34,60,26,13,194,25,34,3,74,60,15,11,148,15,76,94,24,313,131,22,3,14,86,0,12,29,41,215,223,593,10,42,246,70,19,12,9,18,33,30,16,34,24,34,243,23,47,176,29,8,56,70,11,25,23,120,61,167,27,5,175,1,149,107,140,87,0,15,138,574,4,31,106,0,2,125,240,128,5,135,6,99,23,9,0,68,37,154,74,25,53,112,97,22,45,4,37,21,136,34,8,4,44,8,2,123,273,13,45,6,1,267,11,12,3,81,13,3,269,30,25,8,4,0,11,28,81,16,56,18,149,16,153,29,280,4,2,127,3,71,169,261,2,417,243,2,0,22,219,174,37,10,17,17,59,80,15,78,160,824,111,90,10,919,11,4,15,2,84,76,43,35,12,56,3,14,10,21,34,3,12,1,13,239,158,186,34,192,188,89,452,9,326,144,13,11,94,41,64,8,116,11,82,14,163,6,69,258,21,84,18,13,6,0,4,5,96,24,36,179,162,146,21,41,87,0,16,425,366,168,4,233
"ENSG00000287982.1",0,0,2,1,0,5,0,0,4,2,3,1,3,0,0,0,1,3,34,0,0,1,0,0,1,0,0,0,0,0,0,0,1,0,1,1,13,1,68,20,0,0,1,18,3,3,0,0,1,0,12,0,3,11,3,0,6,3,0,1,92,0,36,0,0,0,0,47,1,1,0,3,0,0,4,5,0,1,4,0,94,0,0,0,2,0,7,15,2,10,0,64,1,0,9,0,14,0,5,0,7,2,1,16,0,5,0,0,2,1,0,0,0,0,0,4,0,22,0,136,10,0,0,61,6,0,0,1,4,0,4,1,1,0,0,1,43,3,1,1,4,0,1,0,0,1,2,4,1,0,1,10,1,1,1,7,3,0,13,2,0,9,0,4,0,0,1,1,0,0,0,0,22,0,2,2,3,36,0,23,0,0,2,0,26,1,0,0,1,0,0,0,0,2,0,2,1,104,0,0,0,0,1,0,0,15,0,0,2,0,0,1,0,0,0,0,69,18,0,10,2,0,0,2,2,0,204,0,1,11,4,6,2,7,35,30,2,11,1,0,0,0,35,0,0,5,17,18,17,14,3,0,0,0,0,0,1,0,25,4,0,0,0,11,1,13,0,5,0,1,0,2,0,0,1,4,0,0,34,0,0,10,0,3,10,0,0,0,2,2,0,1,3,80,47,0,0,14,2,0,1,2,0,2,1,1,7,9,0,9,13,4,11,2,12,0,1,0,3,0,1,0,1,0,5,0,1,9,27,2,55,3,1,2,12,1,27,0,6,2,0,9,0,2,2,0,4,9,0,0,0,1,0,3,8,1,1,0,0,15,0,4,5,0,0,1,0,0,43,0,2,22,3,23,0,3,0,0,0,2,0,1,3,0,0,3,21,0,0,0,5,27,0,7,6,1,11,3,8,0,1,0,2,19,0,0,0,0,0,0,0,0,2,3,1,0,0,0,1,3,1,3,55,2
"ENSG00000288004.1",0,0,0,0,0,0,0,0,0,0,0,0,0,46,68,0,0,5,0,0,0,0,0,4,7,0,0,4,0,80,0,3,9,0,0,0,51,0,0,0,0,0,0,0,0,0,0,0,0,0,0,74,0,9,0,0,0,0,18,0,0,16,0,1,0,0,0,0,0,0,41,0,0,0,0,0,0,0,11,28,25,29,0,0,33,0,0,39,0,18,0,4,14,0,0,0,0,23,17,0,0,0,0,0,0,0,0,0,36,0,0,0,0,0,0,0,0,0,1,36,0,2,0,0,0,0,0,0,0,43,0,0,9,0,0,3,0,0,138,15,0,0,22,0,0,9,0,0,0,0,0,0,0,38,0,0,0,0,16,33,0,0,0,0,0,25,14,0,0,76,0,0,0,42,0,0,0,59,1,0,0,0,0,1,22,0,5,0,0,30,0,13,0,19,5,0,0,0,0,0,1,0,0,109,0,31,0,0,27,0,0,0,1,12,7,0,0,0,19,0,0,0,0,0,0,0,0,0,0,0,0,12,0,0,0,2,0,0,0,0,0,2,24,0,0,0,2,0,0,0,0,0,0,0,0,0,0,0,0,14,26,2,0,51,0,0,0,0,15,0,32,0,8,0,0,0,29,0,0,3,0,6,0,0,0,0,0,0,0,0,0,0,0,0,0,18,25,0,0,0,0,0,23,0,0,0,0,0,25,28,0,0,0,0,0,0,88,0,0,18,0,0,0,0,0,0,0,0,3,0,25,0,10,0,0,0,0,0,0,0,0,0,0,0,17,16,0,0,9,0,0,1,0,24,0,0,0,0,0,0,0,0,0,0,0,0,0,0,0,0,0,24,0,33,110,0,22,0,0,0,9,13,1,0,0,0,0,12,0,0,0,0,0,0,0,0,27,19,0,0,0,0,0,0,1,0,0,0,7,0,0,10,0,0,2,0,26,214,0,0,0,10,0,0
"ENSG00000288048.1",0,0,12,4,2,7,0,1,7,0,0,1,1,0,0,0,13,0,0,2,2,0,1,0,9,11,0,0,0,1,1,0,0,5,0,2,2,2,0,0,2,0,4,2,3,0,1,0,0,12,6,0,0,0,0,0,11,1,11,0,7,1,0,0,1,1,12,1,1,1,1,1,1,0,6,0,0,2,1,1,0,0,0,3,2,1,0,1,3,1,0,0,1,0,0,1,0,7,0,0,0,0,0,3,1,3,13,0,5,2,2,0,1,0,0,0,2,1,0,1,0,1,4,1,0,0,1,1,3,0,6,0,0,0,1,0,1,0,0,0,0,1,0,0,4,1,0,0,1,0,1,0,0,3,3,1,3,0,2,3,0,0,0,1,0,1,2,0,0,0,0,0,0,1,0,1,2,0,0,0,0,1,1,0,1,1,4,41,0,0,0,0,0,0,0,1,0,0,0,0,0,0,0,0,0,0,7,0,0,5,0,1,0,0,2,2,2,0,1,0,0,4,0,0,1,0,3,0,0,1,2,0,0,0,0,1,0,0,4,2,6,1,0,10,0,2,0,1,2,0,0,0,0,1,0,7,0,3,0,12,4,4,0,0,0,2,1,0,0,0,3,0,0,0,0,3,0,0,0,0,4,0,2,0,4,1,0,15,0,1,1,3,1,0,1,1,0,3,14,1,2,1,0,0,0,1,2,1,2,1,5,0,0,9,0,0,1,0,3,0,0,3,0,5,1,5,0,2,0,0,2,4,2,5,0,0,0,2,1,0,0,0,0,0,0,1,8,0,0,0,1,1,3,1,7,0,0,0,1,0,4,1,0,0,1,6,0,1,2,0,0,3,0,1,0,3,1,0,16,0,2,0,0,0,0,0,0,1,2,2,1,1,0,1,4,0,2,6,4,0,5,1,18,2,0,8,0,1,4,3,0,1,8,11,1,1,0,1,1,0,0,2,3,1
"ENSG00000288060.1",20,0,0,0,9,0,15,9,0,11,6,10,5,0,7,1,5,0,8,0,0,0,11,1,23,0,8,10,4,1,7,1,4,1,0,0,2,0,104,45,4,4,6,2,0,4,3,2,0,0,0,3,0,0,11,5,0,1,0,0,0,4,1,0,0,16,7,0,1,0,59,0,1,0,7,0,35,11,1,0,0,25,3,2,12,1,1,0,2,10,6,2,15,22,0,0,0,6,7,3,1,0,4,0,0,1,29,0,4,11,0,0,0,11,2,6,17,8,4,1,1,3,0,9,3,0,0,44,0,17,4,0,19,1,1,0,0,0,2,5,0,9,6,0,5,5,14,6,2,21,0,0,0,2,3,7,3,0,8,13,1,0,0,5,6,0,1,78,0,17,7,8,1,22,0,1,3,2,7,8,0,0,4,3,7,0,9,2,0,0,10,1,9,1,4,40,0,7,0,0,1,4,1,17,0,5,0,14,7,1,3,2,8,4,4,2,0,1,4,14,0,12,0,2,0,0,1,1,0,1,1,8,4,4,7,1,0,2,3,0,0,4,0,0,5,10,0,1,2,3,4,3,0,21,0,1,0,8,0,2,5,1,7,21,0,0,0,0,25,0,0,0,10,0,0,4,8,0,0,14,20,4,39,0,0,0,0,0,0,1,0,3,1,16,11,15,8,0,4,12,33,4,14,0,8,0,0,9,9,9,2,0,0,4,0,4,0,6,0,2,12,10,0,16,9,1,0,1,0,0,0,0,0,0,4,0,0,3,10,1,0,4,4,17,16,5,22,3,0,0,0,1,0,13,0,0,4,18,2,0,14,1,0,18,18,8,13,0,1,5,0,3,0,1,18,18,13,0,0,30,4,4,12,0,0,5,10,4,1,1,2,2,0,0,0,0,8,19,5,0,10,3,7,0,5,0,1,3,0,0,0,11,0,0,3,1,1,6,18,1,0,2,0,1
"ENSG00000288082.1",2,0,0,0,2,1,0,0,0,5,1,0,0,1,16,0,0,0,0,14,0,0,5,0,0,0,0,0,1,9,63,57,0,0,0,3,0,0,0,0,0,1,0,0,0,0,3,0,0,0,0,8,0,8,1,0,0,0,0,0,0,1,0,0,0,0,0,1,0,0,2,0,0,0,0,0,0,10,2,0,5,0,0,0,2,0,0,1,5,0,0,1,0,0,42,0,0,0,0,0,0,1,0,0,0,0,0,0,4,0,1,0,0,0,0,0,47,1,0,21,0,0,0,0,0,1,0,0,10,0,0,0,54,0,0,0,0,0,0,0,0,16,72,0,2,0,1,1,1,2,0,0,0,0,0,0,0,1,1,1,0,0,7,0,24,3,2,0,0,0,0,0,0,1,0,0,0,7,0,28,0,0,0,0,0,0,0,0,0,0,0,0,0,0,0,0,0,0,0,0,0,0,8,2,0,1,0,0,0,0,0,3,0,0,0,4,0,0,0,0,0,0,0,0,0,0,0,1,0,1,13,0,1,0,1,0,0,0,0,0,7,0,3,0,2,1,0,0,1,0,0,0,0,26,0,0,0,0,7,0,0,0,0,0,0,13,0,0,0,0,0,0,0,0,0,0,0,0,0,0,0,11,0,0,0,0,0,1,0,3,0,0,2,0,0,2,0,1,0,0,0,0,0,0,0,0,0,1,0,0,0,4,0,0,4,2,0,1,0,0,9,0,0,103,0,0,0,1,1,0,56,1,0,0,2,0,0,0,0,0,0,0,0,0,0,0,0,13,2,0,0,27,0,1,0,0,5,14,0,0,0,0,2,0,0,0,0,0,1,0,0,0,0,1,0,0,0,0,0,0,0,0,0,0,2,0,3,0,0,0,3,0,0,4,14,0,1,1,1,0,0,0,9,0,3,0,1,0,0,1,0,0,0,0,0,2,0,2,1,0,0,0,0,2
"ENSG00000288097.1",2,0,1,1,3,1,0,0,0,6,6,1,1,20,46,0,0,0,2,0,1,0,0,0,1,3,0,0,1,0,1,9,1,4,0,0,16,0,57,38,0,1,2,1,0,0,0,0,0,1,2,0,0,3,0,0,2,0,0,0,1,2,1,0,0,4,0,10,0,0,3,1,0,0,2,1,0,0,2,1,9,2,0,2,0,0,0,0,0,1,2,2,1,2,6,0,4,0,1,2,0,0,0,1,1,0,1,0,5,4,0,0,0,1,0,5,1,1,1,31,2,0,0,5,0,0,0,1,0,3,1,0,1,1,0,0,5,0,1,0,0,1,1,0,0,7,0,0,0,0,0,0,3,4,0,2,0,2,5,0,0,1,0,1,0,1,0,2,1,4,0,0,2,3,0,0,1,31,0,13,1,3,0,0,1,2,0,0,1,0,0,0,2,2,2,0,0,0,0,2,0,8,1,12,1,3,0,7,1,0,0,0,0,1,0,3,0,0,0,12,0,0,0,0,0,0,2,10,1,1,7,0,0,0,0,14,0,0,0,0,0,0,1,1,12,6,0,1,6,3,0,0,1,0,1,0,0,0,2,4,11,4,28,2,0,0,2,0,1,0,0,1,1,0,0,2,1,3,0,60,4,2,3,0,0,0,0,0,0,0,0,0,2,1,4,0,1,1,0,12,0,0,1,1,1,0,0,0,0,0,1,0,1,4,0,0,18,1,0,0,1,2,0,1,1,1,1,3,3,0,4,0,5,3,3,1,0,1,2,0,0,10,0,2,6,2,0,0,1,0,0,1,1,5,2,1,1,1,4,1,0,0,8,0,0,0,0,2,5,3,0,1,0,0,2,0,2,0,0,2,1,3,2,0,1,1,0,0,5,0,4,1,0,1,1,0,4,6,1,0,0,0,0,0,7,0,4,1,0,0,0,0,0,0,0,0,3,0,3,1,0,0,70,0
"ENSG00000288098.1",0,0,0,0,0,1,0,0,0,0,0,0,0,7,0,0,0,0,0,41,0,0,0,0,1,0,0,0,0,1,1,0,0,0,0,1,0,0,1,0,0,0,0,44,0,0,3,0,0,0,0,1,0,0,0,0,0,0,1,0,0,0,0,0,0,0,2,2,0,0,25,0,1,0,0,1,0,0,2,7,3,1,0,0,0,0,0,1,0,0,0,10,10,0,1,0,0,6,0,0,2,0,0,0,0,0,0,0,210,0,0,0,0,0,0,0,58,0,0,79,0,0,0,0,1,0,0,0,0,12,0,0,13,0,0,0,1,0,1,0,0,1,0,0,0,0,0,0,0,0,0,0,0,0,0,0,0,0,1,0,0,0,1,0,7,11,0,1,0,0,1,0,0,97,0,0,0,14,0,4,0,0,0,1,3,0,8,0,0,21,0,0,0,0,1,0,0,0,0,0,0,0,0,130,1,11,0,0,0,0,0,13,0,0,5,0,0,0,0,0,0,1,0,0,0,0,8,0,0,1,0,0,0,2,0,1,0,0,0,0,0,1,1,0,1,0,5,2,0,0,0,0,0,82,0,0,0,0,16,0,5,2,0,7,0,0,0,0,20,0,0,0,0,0,0,0,0,0,1,0,38,35,8,0,0,0,0,0,46,0,0,0,0,5,0,0,0,1,0,0,0,0,26,0,0,0,0,0,1,0,7,0,0,0,1,0,53,0,0,6,0,0,0,9,1,0,0,0,0,0,0,0,1,0,0,0,0,0,0,0,0,0,0,0,0,2,7,0,42,0,0,0,0,20,0,0,0,0,0,0,5,0,0,8,0,0,0,0,0,0,2,0,2,0,39,0,17,0,0,3,21,0,5,0,0,0,0,0,0,0,1,0,0,0,0,0,6,19,0,0,0,0,1,0,0,0,0,0,0,0,0,0,0,0,2,0,2,0,61,0,0,0,0,0
"ENSG00000288234.1",7,0,4,2,11,0,11,0,1,23,0,22,0,3,73,0,0,0,0,0,1,0,0,3,0,2,1,7,0,20,2,11,0,6,4,0,2,9,0,1,0,13,1,5,1,1,1,0,0,0,1,10,0,1,8,0,0,1,1,0,13,1,0,0,0,1,2,5,3,1,44,3,1,0,1,1,7,3,0,1,1,1,96,3,2,6,0,21,2,0,39,3,0,39,1,0,2,3,0,2,0,0,5,12,3,1,0,0,29,6,11,0,0,0,0,2,3,5,0,17,2,1,1,0,1,0,0,0,0,17,1,1,21,0,7,0,0,0,1,0,0,15,43,0,1,10,20,5,8,3,0,0,0,2,0,1,6,5,0,3,0,2,14,2,6,0,3,54,1,13,0,0,1,1,0,0,1,4,47,0,0,0,5,10,0,2,0,2,5,0,0,0,4,1,1,1,0,3,0,0,15,0,6,4,0,2,0,0,0,0,7,6,3,0,6,5,5,0,2,1,0,0,0,11,1,0,26,0,0,0,34,1,6,6,4,1,2,2,0,11,5,16,0,2,20,17,5,5,13,0,0,0,0,12,0,5,0,0,10,10,0,1,22,6,0,1,5,0,6,2,1,0,1,0,0,0,0,0,11,3,2,1,1,0,0,1,0,2,0,3,0,0,0,3,4,76,15,4,2,0,2,1,4,0,0,4,0,4,0,0,7,10,0,5,1,10,0,4,2,8,2,8,0,13,26,41,1,6,4,0,4,0,2,2,7,1,1,1,0,0,0,0,0,16,11,0,4,1,1,0,0,43,2,2,2,1,1,21,1,0,0,0,7,5,2,0,1,3,3,0,9,9,2,1,30,1,0,4,1,2,2,1,0,1,1,3,3,1,1,2,13,8,0,0,3,3,7,3,29,0,2,0,1,0,1,1,6,1,0,2,2,0,0,2,0,0,0,0,0,1,0,0,13,0
"ENSG00000288533.1",2,0,0,1,0,7,0,0,0,9,2,1,0,0,0,0,4,0,4,3,5,0,1,0,14,1,0,1,0,1,21,11,0,6,0,0,1,2,0,1,4,6,0,5,1,5,1,0,0,2,0,5,2,0,0,0,0,3,2,3,3,0,1,4,0,0,0,14,3,0,0,1,1,1,0,1,6,0,0,2,1,0,1,0,1,16,3,2,1,0,15,3,4,10,1,0,5,0,0,0,3,5,0,0,1,2,0,0,3,0,3,1,0,2,3,0,82,0,1,0,4,15,2,6,5,0,0,1,3,2,5,0,0,0,2,1,1,0,5,1,0,23,0,1,3,2,14,0,0,18,3,0,1,1,0,0,1,1,1,46,1,0,0,2,0,2,0,0,5,5,0,0,14,8,2,0,0,1,29,7,0,2,0,11,0,0,0,0,0,0,3,0,0,0,0,0,1,6,0,49,0,5,7,7,0,0,4,15,2,3,10,4,0,1,10,13,0,1,5,1,0,0,2,0,2,0,3,19,0,0,2,7,0,6,0,4,0,1,0,0,0,4,0,2,5,7,0,0,1,13,3,2,0,11,0,1,2,0,0,1,0,2,0,1,0,10,1,1,3,1,1,0,0,0,0,0,0,0,0,0,2,3,0,2,7,0,0,0,5,0,0,1,0,0,3,0,4,11,0,6,2,0,6,0,0,1,2,2,0,0,2,0,0,0,0,3,4,1,0,7,7,27,0,3,0,5,0,2,0,0,1,0,3,9,3,0,0,3,4,0,0,0,3,3,0,1,2,5,0,0,0,2,0,5,2,0,1,11,0,1,0,3,3,1,4,0,0,1,0,0,0,8,1,0,4,0,3,1,1,7,0,0,1,0,1,0,1,0,0,0,0,6,0,4,4,0,0,0,3,0,5,1,8,5,1,0,1,1,0,0,8,2,0,2,2,0,0,5,9,2,0,0,4,0
"ENSG00000288552.1",0,0,0,0,0,0,12,0,1,0,0,14,0,123,49,0,1,26,0,0,0,0,0,17,70,20,1,74,28,16,0,0,32,1,4,0,42,1,39,29,0,0,0,0,0,0,0,14,0,0,0,11,0,32,0,12,0,0,3,0,0,69,0,19,0,0,0,0,2,0,76,0,12,0,0,0,11,0,3,18,51,41,0,0,32,0,0,23,0,0,0,33,18,0,0,0,0,49,39,0,0,0,0,0,0,0,20,0,138,0,0,0,0,10,0,3,0,8,1,84,0,23,0,0,18,0,2,55,0,24,7,0,59,0,0,0,0,0,45,17,0,0,9,0,0,107,0,0,0,0,0,0,2,54,2,0,0,0,20,20,24,0,24,0,0,12,46,48,0,15,0,36,0,209,0,15,12,46,0,3,0,1,29,2,91,0,23,0,12,43,0,0,0,24,39,16,0,2,0,0,12,0,0,340,0,40,0,0,38,61,0,0,44,64,0,0,0,0,9,95,0,17,0,0,0,0,0,20,1,0,0,15,0,0,29,27,0,0,25,32,0,0,0,0,0,2,24,0,0,0,5,0,0,0,0,0,0,0,24,16,89,80,0,145,0,0,0,0,30,0,4,0,24,0,0,0,62,0,0,28,133,39,15,0,4,0,0,0,2,0,0,0,0,6,0,100,84,0,1,0,0,0,25,0,2,0,0,1,19,11,0,0,45,0,0,0,24,0,0,2,0,0,0,0,1,0,1,4,4,0,70,0,5,0,145,0,0,0,0,0,0,0,1,0,63,22,14,0,7,0,0,0,0,38,3,0,0,0,0,0,79,0,0,0,0,0,0,80,0,11,0,7,2,17,69,0,67,0,0,91,9,31,26,0,0,12,0,17,4,0,0,0,0,0,0,0,57,7,34,0,4,11,0,0,8,0,21,43,21,0,4,13,0,0,44,0,17,0,0,0,0,2,0,0
"ENSG00000288669.1",0,0,0,0,0,0,0,1,0,1,2,0,0,0,2,8,0,0,0,3,0,19,3,0,0,0,0,0,0,0,0,0,0,1,0,0,1,4,0,0,0,0,0,0,16,0,0,0,7,0,0,0,19,0,0,0,4,1,0,0,0,0,0,13,8,0,1,0,0,0,1,0,0,7,0,19,0,0,0,1,0,0,0,0,0,0,0,0,0,0,0,0,0,0,0,13,1,0,0,0,3,17,0,0,0,0,0,13,0,0,0,39,0,0,0,0,1,0,1,0,0,0,0,0,1,34,10,0,0,0,4,14,0,0,2,6,0,14,0,0,4,0,0,15,0,0,0,0,0,0,12,21,0,0,6,0,0,3,0,0,0,0,0,0,0,4,0,0,1,0,0,0,0,0,0,0,0,0,5,0,5,0,0,0,0,1,0,0,0,0,0,0,0,0,0,0,22,0,0,0,0,0,0,0,6,0,0,0,1,0,2,0,0,0,1,0,0,0,0,1,4,0,0,0,5,4,2,0,0,0,0,0,0,0,0,0,7,0,0,0,0,0,0,0,0,0,0,0,1,0,2,0,6,0,15,0,7,0,0,0,0,0,0,0,22,0,1,13,0,16,0,10,0,3,0,0,0,3,0,0,0,0,0,3,0,0,6,0,0,0,14,0,0,0,0,0,0,0,0,0,3,0,0,37,0,0,0,0,0,0,0,0,0,0,0,0,0,0,0,0,0,0,10,0,0,0,5,0,0,19,0,1,1,1,0,6,0,0,0,0,10,0,0,2,0,0,0,0,0,6,5,0,2,0,0,13,0,0,0,0,0,0,0,0,1,0,0,0,0,0,0,0,0,0,0,2,0,13,0,0,0,1,1,0,7,0,0,0,0,0,0,0,8,0,0,0,0,0,4,3,0,0,0,0,2,0,0,0,0,0,3,0,0,1,0,0,0,2,0,16,16,10,0,37
